   1.1996000e+07   0.0000000e+00
   1.1280000e+03   3.6376953e+01
   6.2504000e+04   4.0893555e+01
   2.0844600e+05   3.3752441e+01
   3.4153700e+05   3.6865234e+01
   3.8426400e+05   3.4179688e+01
   7.0595400e+05   3.4729004e+01
   7.6790900e+05   3.4423828e+01
   7.9626000e+05   3.3569336e+01
   9.4126900e+05   3.4240723e+01
   1.4795700e+06   3.5400391e+01
   1.8299770e+06   3.5339355e+01
   2.1398400e+06   3.5156250e+01
   2.2672490e+06   3.5278320e+01
   2.6915820e+06   3.3874512e+01
   3.8473570e+06   3.5461426e+01
   3.8899330e+06   4.5288086e+01
   3.9932300e+06   3.4423828e+01
   4.1614290e+06   3.5095215e+01
   4.6301070e+06   3.3813477e+01
   4.7391910e+06   3.5522461e+01
   4.9178400e+06   3.5156250e+01
   5.0171070e+06   3.4057617e+01
   6.6431110e+06   3.9184570e+01
   7.7141550e+06   3.3691406e+01
   7.7885880e+06   3.3996582e+01
   7.9662640e+06   3.3752441e+01
   8.6993080e+06   3.4362793e+01
   8.7651080e+06   3.3386230e+01
   8.9420050e+06   3.5705566e+01
   1.0183040e+07   3.3508301e+01
   1.0776213e+07   3.7719727e+01
   1.0926299e+07   4.1381836e+01
   1.1100496e+07   3.5217285e+01
   1.1146294e+07   3.4362793e+01
