   1.1996000e+07   0.0000000e+00
   2.4042400e+05   3.1982422e+01
   2.4066700e+05   3.2409668e+01
   2.4074500e+05   4.0954590e+01
   2.4081400e+05   3.2348633e+01
   2.4092400e+05   3.1921387e+01
   2.4103900e+05   3.2775879e+01
   2.4111000e+05   3.7414551e+01
   2.4121700e+05   4.5104980e+01
   2.4130900e+05   3.5705566e+01
   2.4149500e+05   3.2348633e+01
   2.4154800e+05   4.9865723e+01
   2.4174400e+05   4.5227051e+01
   2.4191500e+05   3.6254883e+01
   2.4215300e+05   3.3691406e+01
   2.4244500e+05   3.7963867e+01
   2.4280500e+05   3.9733887e+01
   2.4349300e+05   4.3090820e+01
   2.4378400e+05   3.8085938e+01
   2.4400800e+05   3.3691406e+01
   2.4429700e+05   3.5034180e+01
   2.4500700e+05   4.2602539e+01
   2.4558700e+05   3.1677246e+01
   2.4612600e+05   3.1433105e+01
   2.4743800e+05   3.2348633e+01
   2.4912200e+05   3.8085938e+01
   2.4974800e+05   3.4606934e+01
   2.5022600e+05   3.2287598e+01
   2.5105600e+05   3.7292480e+01
   2.5149100e+05   3.4362793e+01
   2.5195500e+05   3.5766602e+01
   2.5319000e+05   3.1005859e+01
   2.5403500e+05   3.2165527e+01
   5.4514500e+05   3.1921387e+01
   5.4547500e+05   3.7109375e+01
   5.4584300e+05   3.2226562e+01
   5.4588400e+05   3.4851074e+01
   5.4611200e+05   3.1372070e+01
   5.4617000e+05   3.6499023e+01
   5.4620800e+05   3.4790039e+01
   5.4626900e+05   3.1494141e+01
   5.4629600e+05   4.6569824e+01
   5.4635200e+05   3.1982422e+01
   5.4646400e+05   3.7292480e+01
   5.4656900e+05   4.3212891e+01
   5.4680200e+05   3.4912109e+01
   5.4704300e+05   3.6621094e+01
   5.4739700e+05   3.2836914e+01
   5.4769800e+05   3.2287598e+01
   5.4788000e+05   3.1372070e+01
   5.4892500e+05   3.5522461e+01
   5.4965500e+05   4.4189453e+01
   5.5008400e+05   4.1442871e+01
   5.5049100e+05   3.4240723e+01
   5.5095800e+05   3.2043457e+01
   5.5149900e+05   3.6743164e+01
   5.5220300e+05   3.6560059e+01
   5.5282800e+05   3.3203125e+01
   5.5394300e+05   3.8269043e+01
   5.5524600e+05   3.7902832e+01
   5.5584600e+05   3.3020020e+01
   5.9753400e+05   3.0883789e+01
   8.9053100e+05   3.2897949e+01
   8.9119700e+05   3.2714844e+01
   8.9144500e+05   3.2226562e+01
   8.9162000e+05   3.1616211e+01
   8.9171300e+05   3.2592773e+01
   8.9176700e+05   3.2287598e+01
   8.9193600e+05   3.1921387e+01
   8.9195400e+05   3.1188965e+01
   8.9203600e+05   3.2409668e+01
   8.9206200e+05   3.8452148e+01
   8.9212900e+05   3.3386230e+01
   8.9217700e+05   3.3508301e+01
   8.9224700e+05   3.5034180e+01
   8.9234300e+05   3.6132813e+01
   8.9238600e+05   3.6254883e+01
   8.9263400e+05   4.1625977e+01
   8.9293400e+05   3.1982422e+01
   8.9298700e+05   3.7780762e+01
   8.9319200e+05   3.1311035e+01
   8.9349000e+05   4.1259766e+01
   8.9392000e+05   3.8635254e+01
   8.9422900e+05   3.4484863e+01
   8.9457200e+05   3.1982422e+01
   8.9466700e+05   3.2592773e+01
   8.9498000e+05   3.4729004e+01
   8.9534900e+05   3.1982422e+01
   8.9587600e+05   3.5949707e+01
   8.9622800e+05   3.1433105e+01
   8.9673500e+05   3.1433105e+01
   8.9803700e+05   3.1127930e+01
   1.1421120e+06   3.1799316e+01
   1.1461400e+06   3.1433105e+01
   1.1465400e+06   3.4606934e+01
   1.1467660e+06   3.7841797e+01
   1.1469450e+06   3.4118652e+01
   1.1470760e+06   3.2165527e+01
   1.1471270e+06   5.2734375e+01
   1.1471690e+06   3.8024902e+01
   1.1473420e+06   3.1860352e+01
   1.1474800e+06   3.7963867e+01
   1.1475860e+06   4.2175293e+01
   1.1477480e+06   3.1127930e+01
   1.1479690e+06   3.4790039e+01
   1.1483050e+06   3.4301758e+01
   1.1483560e+06   3.2043457e+01
   1.1487180e+06   3.6560059e+01
   1.1491290e+06   3.6621094e+01
   1.1502580e+06   3.1738281e+01
   1.1513330e+06   3.3386230e+01
   1.1516950e+06   3.8940430e+01
   1.1518650e+06   3.3447266e+01
   1.1520570e+06   3.8757324e+01
   1.1526500e+06   3.4667969e+01
   1.1529400e+06   3.2104492e+01
   1.1532030e+06   3.3386230e+01
   1.1543590e+06   3.2531738e+01
   1.1557550e+06   3.2592773e+01
   1.4486500e+06   3.3020020e+01
   1.6488250e+06   3.2653809e+01
   1.6495670e+06   3.6499023e+01
   1.6497330e+06   3.7475586e+01
   1.6500260e+06   3.3630371e+01
   1.6500520e+06   3.1494141e+01
   1.6500790e+06   5.5114746e+01
   1.6500960e+06   3.1616211e+01
   1.6502180e+06   3.1250000e+01
   1.6503040e+06   3.9550781e+01
   1.6503630e+06   4.1748047e+01
   1.6503760e+06   3.1188965e+01
   1.6505210e+06   3.9062500e+01
   1.6506160e+06   3.1860352e+01
   1.6507000e+06   3.2470703e+01
   1.6507410e+06   4.7119141e+01
   1.6507860e+06   3.1677246e+01
   1.6509330e+06   3.6804199e+01
   1.6513760e+06   3.5888672e+01
   1.6520120e+06   3.5034180e+01
   1.6527350e+06   3.5339355e+01
   1.6531660e+06   3.7597656e+01
   1.6535450e+06   3.3691406e+01
   1.6537000e+06   3.1188965e+01
   1.6551110e+06   3.5217285e+01
   1.6555140e+06   3.2897949e+01
   1.6563700e+06   3.9489746e+01
   1.6567760e+06   3.4973145e+01
   1.6571640e+06   3.1372070e+01
   1.6595830e+06   4.2907715e+01
   1.6616670e+06   3.5949707e+01
   2.0298060e+06   3.1494141e+01
   2.2191830e+06   3.7475586e+01
   2.2199780e+06   4.6569824e+01
   2.2201250e+06   3.1127930e+01
   2.2202420e+06   3.3752441e+01
   2.2202880e+06   3.6315918e+01
   2.2203440e+06   3.5827637e+01
   2.2203700e+06   3.8391113e+01
   2.2204080e+06   3.3203125e+01
   2.2204670e+06   3.1372070e+01
   2.2205810e+06   3.9245605e+01
   2.2206190e+06   4.3029785e+01
   2.2208560e+06   3.8146973e+01
   2.2210730e+06   3.1005859e+01
   2.2212530e+06   3.3813477e+01
   2.2214640e+06   3.8635254e+01
   2.2222280e+06   3.1982422e+01
   2.2223570e+06   3.1982422e+01
   2.2226170e+06   3.2104492e+01
   2.2226920e+06   4.0344238e+01
   2.2236260e+06   3.5522461e+01
   2.2243960e+06   3.3020020e+01
   2.2249890e+06   4.7363281e+01
   2.2252020e+06   3.1921387e+01
   2.2254090e+06   3.9550781e+01
   2.2260650e+06   3.8574219e+01
   2.2265820e+06   3.6071777e+01
   2.2269360e+06   3.5766602e+01
   2.2283040e+06   3.8940430e+01
   2.2287650e+06   3.2348633e+01
   2.2291040e+06   3.3142090e+01
   2.2297680e+06   3.5278320e+01
   2.2304100e+06   3.1738281e+01
   2.2314310e+06   3.3447266e+01
   2.2318020e+06   3.2897949e+01
   2.2325530e+06   3.4240723e+01
   2.5557800e+06   3.1738281e+01
   2.5562410e+06   3.1066895e+01
   2.5563310e+06   3.1188965e+01
   2.5564330e+06   3.3508301e+01
   2.5564710e+06   3.6254883e+01
   2.5564950e+06   3.6682129e+01
   2.5567050e+06   3.4851074e+01
   2.5567530e+06   3.4301758e+01
   2.5570220e+06   3.6193848e+01
   2.5573500e+06   3.5156250e+01
   2.5575270e+06   3.3386230e+01
   2.5577010e+06   4.5837402e+01
   2.5588960e+06   3.6010742e+01
   2.5602190e+06   3.6376953e+01
   2.5608270e+06   3.4179688e+01
   2.5611740e+06   3.3203125e+01
   2.5616400e+06   3.1860352e+01
   2.5646980e+06   3.5278320e+01
   2.5653230e+06   3.1250000e+01
   2.5658170e+06   3.6743164e+01
   2.5663890e+06   3.1921387e+01
   2.5669430e+06   3.2287598e+01
   2.8702190e+06   3.3569336e+01
   2.8704400e+06   3.9733887e+01
   2.8705570e+06   4.1198730e+01
   2.8706420e+06   3.9428711e+01
   2.8706940e+06   3.6254883e+01
   2.8707280e+06   5.9143066e+01
   2.8707490e+06   4.4494629e+01
   2.8707710e+06   3.1188965e+01
   2.8708970e+06   3.2165527e+01
   2.8709270e+06   4.5166016e+01
   2.8709790e+06   4.5043945e+01
   2.8710970e+06   3.3630371e+01
   2.8713000e+06   3.4362793e+01
   2.8713230e+06   3.7231445e+01
   2.8715510e+06   3.1738281e+01
   2.8717750e+06   3.9916992e+01
   2.8724100e+06   3.5522461e+01
   2.8734020e+06   3.2226562e+01
   2.8740330e+06   3.8574219e+01
   2.8741540e+06   3.1555176e+01
   2.8745400e+06   3.1005859e+01
   2.8769330e+06   3.2287598e+01
   3.1952650e+06   3.2958984e+01
   3.1953570e+06   4.3701172e+01
   3.1956610e+06   3.5705566e+01
   3.1956890e+06   3.8085938e+01
   3.1958230e+06   3.8635254e+01
   3.1959230e+06   3.2653809e+01
   3.1959700e+06   4.4616699e+01
   3.1961050e+06   4.2846680e+01
   3.1962190e+06   3.2043457e+01
   3.1963620e+06   4.9621582e+01
   3.1965760e+06   3.1799316e+01
   3.1967840e+06   3.9367676e+01
   3.1970200e+06   3.7353516e+01
   3.1972120e+06   3.1677246e+01
   3.1973390e+06   3.2104492e+01
   3.1975690e+06   3.2470703e+01
   3.1979130e+06   3.2165527e+01
   3.1982870e+06   3.7414551e+01
   3.3950200e+06   3.6621094e+01
   3.3957710e+06   3.6682129e+01
   3.3959570e+06   3.2043457e+01
   3.3961870e+06   3.4912109e+01
   3.3963220e+06   3.1433105e+01
   3.3964460e+06   6.0363770e+01
   3.3965740e+06   3.3569336e+01
   3.3967120e+06   4.3457031e+01
   3.3968000e+06   4.2175293e+01
   3.3969200e+06   4.9804688e+01
   3.3970420e+06   3.7841797e+01
   3.3971020e+06   3.3752441e+01
   3.3972850e+06   3.8818359e+01
   3.3976770e+06   3.5278320e+01
   3.3983600e+06   3.4606934e+01
   3.3986760e+06   3.2714844e+01
   3.3989490e+06   3.9855957e+01
   3.3996910e+06   3.2226562e+01
   3.4003460e+06   3.3081055e+01
   3.4008630e+06   3.1982422e+01
   3.4008850e+06   3.2714844e+01
   3.4024430e+06   3.3874512e+01
   3.6839320e+06   3.2287598e+01
   3.6843910e+06   4.0588379e+01
   3.6844060e+06   3.1433105e+01
   3.6847170e+06   3.1677246e+01
   3.6848610e+06   3.5034180e+01
   3.6849550e+06   3.6376953e+01
   3.6849860e+06   3.6132812e+01
   3.6851320e+06   3.2531738e+01
   3.6851740e+06   3.1616211e+01
   3.6852000e+06   3.4118652e+01
   3.6852320e+06   3.6315918e+01
   3.6854030e+06   3.1738281e+01
   3.6854780e+06   3.7475586e+01
   3.6856830e+06   3.5156250e+01
   3.6859790e+06   3.2043457e+01
   3.6883980e+06   3.6376953e+01
   3.6885610e+06   3.3203125e+01
   3.6891460e+06   4.0344238e+01
   3.6896520e+06   3.2348633e+01
   3.6902560e+06   3.1921387e+01
   3.6902970e+06   3.8818359e+01
   3.6926140e+06   3.4118652e+01
   3.8651630e+06   3.3203125e+01
   3.8653310e+06   3.4118652e+01
   3.8654470e+06   4.9194336e+01
   3.8656700e+06   3.1799316e+01
   3.8658450e+06   4.6936035e+01
   3.8660770e+06   3.2897949e+01
   3.8661420e+06   5.0354004e+01
   3.8664430e+06   4.3823242e+01
   3.8671730e+06   3.2409668e+01
   3.8673850e+06   3.4118652e+01
   3.8677810e+06   3.4362793e+01
   3.8687130e+06   3.7475586e+01
   3.8695600e+06   3.1433105e+01
   3.8699720e+06   4.2846680e+01
   3.8703100e+06   3.2165527e+01
   3.8709840e+06   3.2775879e+01
   3.8736400e+06   3.4912109e+01
   4.1131960e+06   3.3813477e+01
   4.1136250e+06   4.0283203e+01
   4.1138010e+06   3.6010742e+01
   4.1140170e+06   3.3325195e+01
   4.1140670e+06   3.8452148e+01
   4.1141460e+06   3.5400391e+01
   4.1141590e+06   4.0832520e+01
   4.1142820e+06   4.0527344e+01
   4.1143850e+06   3.1799316e+01
   4.1144550e+06   3.7475586e+01
   4.1145930e+06   4.4372559e+01
   4.1149220e+06   3.4790039e+01
   4.1149470e+06   3.3325195e+01
   4.1151750e+06   4.4189453e+01
   4.1154460e+06   3.4729004e+01
   4.1167920e+06   3.4973145e+01
   4.1172050e+06   3.8085938e+01
   4.1199120e+06   3.4118652e+01
   4.1204940e+06   4.0283203e+01
   4.1209540e+06   3.1677246e+01
   4.1213830e+06   3.3752441e+01
   4.1220490e+06   3.3081055e+01
   4.1224060e+06   3.1677246e+01
   4.1227850e+06   3.1738281e+01
   4.2135380e+06   3.5888672e+01
   4.2137250e+06   3.1494141e+01
   4.2138300e+06   3.5949707e+01
   4.2138790e+06   3.7475586e+01
   4.2140110e+06   3.2226562e+01
   4.2140470e+06   3.1738281e+01
   4.2142130e+06   3.4606934e+01
   4.2143600e+06   3.8269043e+01
   4.2145320e+06   3.1860352e+01
   4.2147650e+06   5.1147461e+01
   4.2147980e+06   3.3691406e+01
   4.2149200e+06   4.6875000e+01
   4.2149990e+06   3.2348633e+01
   4.2152260e+06   3.5339355e+01
   4.2156340e+06   3.2226562e+01
   4.2159290e+06   3.9428711e+01
   4.2163340e+06   3.2470703e+01
   4.2183180e+06   3.4057617e+01
   4.4445800e+06   4.3823242e+01
   4.4447170e+06   3.5095215e+01
   4.4448380e+06   3.6315918e+01
   4.4448550e+06   4.4372559e+01
   4.4449970e+06   3.4240723e+01
   4.4451340e+06   5.0781250e+01
   4.4451520e+06   3.1799316e+01
   4.4454390e+06   3.4912109e+01
   4.4456480e+06   3.1921387e+01
   4.4459080e+06   3.1494141e+01
   4.4461690e+06   3.2592773e+01
   4.4461990e+06   3.1494141e+01
   4.4464880e+06   3.4423828e+01
   4.4468050e+06   3.1494141e+01
   4.4480210e+06   3.3935547e+01
   4.4483620e+06   3.3630371e+01
   4.4492980e+06   4.0710449e+01
   4.4501370e+06   3.4179688e+01
   4.4505850e+06   3.4667969e+01
   4.4515510e+06   3.6376953e+01
   4.4522840e+06   3.4790039e+01
   4.6968100e+06   4.7180176e+01
   4.6970950e+06   3.2043457e+01
   4.6972630e+06   3.4301758e+01
   4.6974170e+06   3.9001465e+01
   4.6974320e+06   3.6437988e+01
   4.6975520e+06   4.6142578e+01
   4.6976120e+06   3.2592773e+01
   4.6977980e+06   5.0292969e+01
   4.6978380e+06   4.0283203e+01
   4.6980130e+06   4.5715332e+01
   4.6982510e+06   3.9550781e+01
   4.6984200e+06   3.1433105e+01
   4.6985200e+06   3.6315918e+01
   4.6989420e+06   3.5949707e+01
   4.6991260e+06   3.2348633e+01
   4.6994640e+06   3.2043457e+01
   4.6997520e+06   3.6132812e+01
   4.7006350e+06   3.4484863e+01
   4.7009840e+06   3.1799316e+01
   4.7021320e+06   3.4240723e+01
   4.7025290e+06   3.4057617e+01
   4.7046630e+06   3.6193848e+01
   4.8963840e+06   3.3203125e+01
   4.8965690e+06   3.1494141e+01
   4.8968740e+06   3.1433105e+01
   4.8969310e+06   3.5034180e+01
   4.8971340e+06   3.6132812e+01
   4.8971470e+06   3.8635254e+01
   4.8972070e+06   3.4851074e+01
   4.8973050e+06   3.4606934e+01
   4.8973420e+06   4.0954590e+01
   4.8975630e+06   3.1982422e+01
   4.8977100e+06   4.3518066e+01
   4.8981050e+06   3.9184570e+01
   4.8982670e+06   3.1799316e+01
   4.9010600e+06   4.0039062e+01
   4.9019410e+06   3.2531738e+01
   4.9034450e+06   3.7780762e+01
   4.9040380e+06   3.6926270e+01
   4.9050220e+06   3.2592773e+01
   4.9057790e+06   3.4423828e+01
   5.1057050e+06   3.2165527e+01
   5.1057350e+06   3.3508301e+01
   5.1059060e+06   3.2531738e+01
   5.1061750e+06   3.6132812e+01
   5.1062740e+06   3.5034180e+01
   5.1064960e+06   4.0466309e+01
   5.1065950e+06   4.0405273e+01
   5.1066300e+06   3.4851074e+01
   5.1069190e+06   3.4057617e+01
   5.1070940e+06   3.2104492e+01
   5.1074560e+06   3.8330078e+01
   5.1077110e+06   4.3151855e+01
   5.1081500e+06   3.7231445e+01
   5.1086410e+06   4.4311523e+01
   5.1089500e+06   3.4912109e+01
   5.1092800e+06   3.6560059e+01
   5.1095710e+06   3.9489746e+01
   5.1099610e+06   3.8574219e+01
   5.1109080e+06   3.8085938e+01
   5.1112600e+06   3.2897949e+01
   5.1120820e+06   3.1860352e+01
   5.1127080e+06   3.4057617e+01
   5.1134010e+06   3.3142090e+01
   5.1139080e+06   3.5583496e+01
   5.1894190e+06   3.9306641e+01
   5.1894810e+06   4.3518066e+01
   5.1896960e+06   3.2714844e+01
   5.1899070e+06   3.2348633e+01
   5.1900480e+06   3.4790039e+01
   5.1900880e+06   3.2104492e+01
   5.1901770e+06   5.3588867e+01
   5.1905030e+06   3.3508301e+01
   5.1906140e+06   3.7963867e+01
   5.1906360e+06   3.1799316e+01
   5.1909120e+06   3.1616211e+01
   5.1914610e+06   3.5949707e+01
   5.1919020e+06   3.3386230e+01
   5.1920990e+06   4.3884277e+01
   5.1923250e+06   3.4240723e+01
   5.1924410e+06   3.2348633e+01
   5.1933710e+06   3.2104492e+01
   5.1942920e+06   3.2104492e+01
   5.1945380e+06   3.1494141e+01
   5.1949220e+06   3.3081055e+01
   5.1953060e+06   4.2236328e+01
   5.1956560e+06   3.1982422e+01
   5.1960420e+06   3.5095215e+01
   5.1963750e+06   3.4118652e+01
   5.1978980e+06   3.5156250e+01
   5.4391740e+06   3.2958984e+01
   5.4392060e+06   3.4545898e+01
   5.4392500e+06   3.3569336e+01
   5.4393060e+06   3.4301758e+01
   5.4393620e+06   3.3020020e+01
   5.4394460e+06   3.7231445e+01
   5.4394750e+06   3.3813477e+01
   5.4396970e+06   3.3630371e+01
   5.4398600e+06   3.6132812e+01
   5.4399230e+06   3.7536621e+01
   5.4401130e+06   3.3508301e+01
   5.4407460e+06   3.2226562e+01
   5.4410320e+06   3.4240723e+01
   5.4414590e+06   3.4301758e+01
   5.4423810e+06   3.1738281e+01
   5.4427460e+06   4.1381836e+01
   5.4433130e+06   3.3569336e+01
   5.4437650e+06   3.2165527e+01
   5.4447560e+06   3.2592773e+01
   5.4461410e+06   3.5278320e+01
   5.4466380e+06   3.8330078e+01
   5.5101610e+06   4.2053223e+01
   5.5109120e+06   3.9123535e+01
   5.5116640e+06   3.8146973e+01
   5.5117250e+06   3.8330078e+01
   5.5118070e+06   3.3630371e+01
   5.5118400e+06   3.4851074e+01
   5.5122410e+06   3.8452148e+01
   5.5126590e+06   3.6315918e+01
   5.5127000e+06   4.0222168e+01
   5.5162920e+06   3.2775879e+01
   5.7205460e+06   4.1320801e+01
   5.7207200e+06   3.5278320e+01
   5.7208860e+06   3.3386230e+01
   5.7209020e+06   4.0344238e+01
   5.7210970e+06   3.3142090e+01
   5.7211410e+06   3.2409668e+01
   5.7211870e+06   3.6193848e+01
   5.7212160e+06   3.6376953e+01
   5.7213910e+06   3.5034180e+01
   5.7216360e+06   3.4790039e+01
   5.7221060e+06   4.4799805e+01
   5.7228920e+06   3.3630371e+01
   5.7236280e+06   3.2958984e+01
   5.7258340e+06   3.1677246e+01
   5.7266950e+06   3.1799316e+01
   5.7274800e+06   3.3447266e+01
   5.7283070e+06   3.3447266e+01
   5.7286350e+06   3.2531738e+01
   5.7294860e+06   3.2226562e+01
   5.7299590e+06   3.2226562e+01
   5.7791410e+06   3.6315918e+01
   5.7793970e+06   3.8879395e+01
   5.7794560e+06   3.1616211e+01
   5.7797640e+06   3.2714844e+01
   5.7799020e+06   3.1616211e+01
   5.7799140e+06   3.2897949e+01
   5.7800040e+06   3.9794922e+01
   5.7800750e+06   3.6499023e+01
   5.7804080e+06   3.5827637e+01
   5.7813090e+06   3.2104492e+01
   5.7813480e+06   3.3996582e+01
   5.7816430e+06   3.4973145e+01
   5.7818020e+06   3.5034180e+01
   5.9953470e+06   3.3813477e+01
   5.9964820e+06   3.5644531e+01
   5.9965380e+06   3.7353516e+01
   5.9967060e+06   4.5104980e+01
   5.9968360e+06   3.1616211e+01
   5.9968620e+06   3.5156250e+01
   5.9969270e+06   3.1494141e+01
   5.9969630e+06   3.1799316e+01
   5.9970230e+06   3.8208008e+01
   5.9971660e+06   3.1616211e+01
   5.9972370e+06   3.8208008e+01
   5.9972670e+06   3.1433105e+01
   5.9973750e+06   3.4179688e+01
   5.9975440e+06   3.2958984e+01
   5.9976100e+06   3.1738281e+01
   5.9977980e+06   3.9306641e+01
   5.9982320e+06   3.3142090e+01
   5.9982730e+06   3.6865234e+01
   5.9985120e+06   3.2714844e+01
   6.0003660e+06   3.1982422e+01
   6.0021400e+06   3.5156250e+01
   6.2050490e+06   3.5644531e+01
   6.2052610e+06   3.2714844e+01
   6.2054830e+06   3.3935547e+01
   6.2055360e+06   4.4189453e+01
   6.2056870e+06   3.1494141e+01
   6.2057180e+06   3.3996582e+01
   6.2059020e+06   3.7414551e+01
   6.2059330e+06   3.3386230e+01
   6.2059760e+06   3.2226562e+01
   6.2060810e+06   3.9367676e+01
   6.2061400e+06   3.4729004e+01
   6.2063750e+06   4.2724609e+01
   6.2066520e+06   3.2958984e+01
   6.2077170e+06   3.3264160e+01
   6.2081810e+06   3.2897949e+01
   6.2088610e+06   3.2287598e+01
   6.2101680e+06   3.6926270e+01
   6.2126820e+06   3.3386230e+01
   6.5523130e+06   4.0588379e+01
   6.5527390e+06   3.2104492e+01
   6.5527570e+06   4.0954590e+01
   6.5528570e+06   3.1555176e+01
   6.5529590e+06   3.2592773e+01
   6.5529750e+06   4.1748047e+01
   6.5531620e+06   3.8391113e+01
   6.5531990e+06   3.8146973e+01
   6.5532470e+06   3.7841797e+01
   6.5533570e+06   3.1799316e+01
   6.5534840e+06   3.6315918e+01
   6.5536830e+06   3.5034180e+01
   6.5539450e+06   4.0405273e+01
   6.5541780e+06   4.2114258e+01
   6.5550580e+06   3.4973145e+01
   6.5555330e+06   3.7109375e+01
   6.5559080e+06   3.7109375e+01
   6.5571620e+06   3.8208008e+01
   6.5574940e+06   3.4667969e+01
   6.5579080e+06   4.0771484e+01
   6.5582830e+06   3.5522461e+01
   6.5588250e+06   3.3142090e+01
   6.5591460e+06   3.2897949e+01
   6.5595260e+06   3.2958984e+01
   6.5600090e+06   3.5156250e+01
   6.5603750e+06   3.2348633e+01
   6.5607020e+06   3.3020020e+01
   6.5614850e+06   3.2653809e+01
   6.5623280e+06   3.4790039e+01
   6.5787410e+06   3.4423828e+01
   6.5789140e+06   3.1677246e+01
   6.5789790e+06   3.2775879e+01
   6.5791010e+06   4.0161133e+01
   6.5793760e+06   3.2348633e+01
   6.5795330e+06   3.8574219e+01
   6.5796050e+06   3.4545898e+01
   6.5798470e+06   3.6071777e+01
   6.5801420e+06   3.9672852e+01
   6.5808980e+06   3.1555176e+01
   6.5811820e+06   3.1738281e+01
   6.5821080e+06   3.5522461e+01
   6.6975920e+06   3.5156250e+01
   6.6977680e+06   3.5522461e+01
   6.6979030e+06   3.2897949e+01
   6.6979860e+06   4.3395996e+01
   6.6980070e+06   4.4128418e+01
   6.6981160e+06   3.1677246e+01
   6.6983730e+06   5.4626465e+01
   6.6991410e+06   4.3273926e+01
   6.6998980e+06   3.3935547e+01
   6.7045320e+06   3.8391113e+01
   6.8339440e+06   3.3752441e+01
   6.8341040e+06   3.9489746e+01
   6.8341300e+06   3.2104492e+01
   6.8341960e+06   3.6987305e+01
   6.8343110e+06   3.1555176e+01
   6.8343730e+06   3.1860352e+01
   6.8344050e+06   4.6386719e+01
   6.8346510e+06   3.6682129e+01
   6.8347100e+06   4.3518066e+01
   6.8349320e+06   3.7902832e+01
   6.8350030e+06   3.5522461e+01
   6.8353960e+06   3.9184570e+01
   6.8357420e+06   3.2104492e+01
   6.8360300e+06   3.3325195e+01
   6.8360770e+06   3.2226562e+01
   6.8375610e+06   4.9926758e+01
   7.1538440e+06   3.1433105e+01
   7.1541200e+06   3.1433105e+01
   7.1541690e+06   3.4301758e+01
   7.1544960e+06   3.1433105e+01
   7.1545460e+06   3.6010742e+01
   7.1545770e+06   3.7170410e+01
   7.1547610e+06   3.5583496e+01
   7.1548050e+06   3.4729004e+01
   7.1548840e+06   3.7597656e+01
   7.1549160e+06   4.3029785e+01
   7.1551510e+06   3.7170410e+01
   7.1552720e+06   3.2775879e+01
   7.1553540e+06   4.1076660e+01
   7.1557960e+06   3.6743164e+01
   7.1560190e+06   3.3874512e+01
   7.1562850e+06   3.9916992e+01
   7.1566100e+06   3.1799316e+01
   7.1568610e+06   3.9428711e+01
   7.1575910e+06   3.6132812e+01
   7.1583160e+06   3.1616211e+01
   7.1586570e+06   3.4423828e+01
   7.1594120e+06   3.3691406e+01
   7.1603980e+06   4.3212891e+01
   7.1610580e+06   3.4179688e+01
   7.1622530e+06   3.3264160e+01
   7.3975290e+06   3.4362793e+01
   7.3978970e+06   3.3203125e+01
   7.3979490e+06   3.6010742e+01
   7.3980210e+06   3.2653809e+01
   7.3981230e+06   4.7119141e+01
   7.3981480e+06   3.5888672e+01
   7.3981600e+06   3.4729004e+01
   7.3981880e+06   3.2470703e+01
   7.3983450e+06   3.6071777e+01
   7.3984170e+06   3.3325195e+01
   7.3984670e+06   3.8391113e+01
   7.3985330e+06   3.4851074e+01
   7.3985760e+06   4.5227051e+01
   7.3986850e+06   3.3020020e+01
   7.3988730e+06   3.7475586e+01
   7.3991520e+06   4.0100098e+01
   7.3994020e+06   3.8330078e+01
   7.4003230e+06   3.8391113e+01
   7.4010090e+06   3.2226562e+01
   7.5603010e+06   3.2104492e+01
   7.5605750e+06   3.3325195e+01
   7.5608400e+06   4.8950195e+01
   7.5608730e+06   4.5410156e+01
   7.5611590e+06   3.5949707e+01
   7.5612060e+06   5.6457520e+01
   7.5613060e+06   3.3020020e+01
   7.5614450e+06   3.4118652e+01
   7.5615620e+06   5.3466797e+01
   7.5621140e+06   3.4179688e+01
   7.5627160e+06   3.3569336e+01
   7.5627780e+06   3.7536621e+01
   7.5633800e+06   3.2775879e+01
   7.5638860e+06   3.3996582e+01
   7.5644350e+06   3.8146973e+01
   7.5650360e+06   3.8024902e+01
   7.5663740e+06   3.3203125e+01
   7.5671250e+06   3.7536621e+01
   7.5680710e+06   3.5400391e+01
   7.5684120e+06   3.1921387e+01
   7.5690800e+06   3.5156250e+01
   7.6520090e+06   3.6254883e+01
   7.6524830e+06   3.2775879e+01
   7.6526760e+06   3.3630371e+01
   7.6528600e+06   3.7475586e+01
   7.6531360e+06   3.2897949e+01
   7.6532090e+06   3.1738281e+01
   7.6533950e+06   3.6865234e+01
   7.6535500e+06   3.4118652e+01
   7.6540190e+06   3.3630371e+01
   7.6540440e+06   3.2958984e+01
   7.6541800e+06   3.8208008e+01
   7.6550950e+06   3.2043457e+01
   7.6563140e+06   3.1677246e+01
   7.6563670e+06   3.3386230e+01
   7.8791160e+06   3.9978027e+01
   7.8793520e+06   3.1555176e+01
   7.8793930e+06   3.9611816e+01
   7.8796210e+06   3.2104492e+01
   7.8796720e+06   3.2897949e+01
   7.8797650e+06   3.3508301e+01
   7.8797940e+06   3.2897949e+01
   7.8799060e+06   3.3081055e+01
   7.8801030e+06   3.5156250e+01
   7.8801520e+06   4.2968750e+01
   7.8802080e+06   4.3273926e+01
   7.8805990e+06   3.7597656e+01
   7.8809600e+06   4.6569824e+01
   7.8811480e+06   3.5278320e+01
   7.8812870e+06   3.6132812e+01
   7.8822160e+06   3.7963867e+01
   7.8837700e+06   3.9855957e+01
   7.8850010e+06   3.1799316e+01
   7.8853730e+06   3.4790039e+01
   7.8859790e+06   3.1494141e+01
   7.9476060e+06   3.7292480e+01
   7.9478530e+06   3.6987305e+01
   7.9481710e+06   3.2104492e+01
   7.9483950e+06   3.3691406e+01
   7.9484220e+06   3.2714844e+01
   7.9485770e+06   4.5104980e+01
   7.9486910e+06   3.2409668e+01
   7.9488850e+06   3.8757324e+01
   7.9489260e+06   3.2165527e+01
   7.9492800e+06   3.1738281e+01
   7.9493310e+06   3.1494141e+01
   7.9493800e+06   3.6804199e+01
   7.9495110e+06   3.2287598e+01
   7.9495710e+06   3.2409668e+01
   7.9496120e+06   3.3447266e+01
   7.9496880e+06   3.2592773e+01
   7.9502590e+06   3.3203125e+01
   7.9506750e+06   3.3935547e+01
   7.9535940e+06   3.6621094e+01
   8.2517630e+06   3.2104492e+01
   8.2518790e+06   3.3935547e+01
   8.2520960e+06   3.2165527e+01
   8.2523300e+06   3.3996582e+01
   8.2523830e+06   3.1494141e+01
   8.2524740e+06   3.2043457e+01
   8.2525100e+06   3.6560059e+01
   8.2526380e+06   3.2226562e+01
   8.2526910e+06   3.5156250e+01
   8.2528360e+06   3.4179688e+01
   8.2531490e+06   3.4790039e+01
   8.2534630e+06   4.9804688e+01
   8.2545750e+06   3.3447266e+01
   8.2553160e+06   4.1809082e+01
   8.2557280e+06   3.4362793e+01
   8.2590240e+06   3.7780762e+01
   8.2596110e+06   3.2287598e+01
   8.4720800e+06   3.4484863e+01
   8.4729190e+06   3.4912109e+01
   8.4730590e+06   3.4118652e+01
   8.4731320e+06   3.2470703e+01
   8.4731610e+06   3.2104492e+01
   8.4732270e+06   3.7841797e+01
   8.4732530e+06   3.2775879e+01
   8.4732970e+06   3.7597656e+01
   8.4736570e+06   5.4504395e+01
   8.4739130e+06   3.6926270e+01
   8.4742070e+06   3.3203125e+01
   8.4745840e+06   3.6254883e+01
   8.4762350e+06   3.9428711e+01
   8.4769640e+06   3.7536621e+01
   8.4777360e+06   3.4729004e+01
   8.4798120e+06   3.1860352e+01
   8.4802940e+06   3.1494141e+01
   8.4809760e+06   3.2470703e+01
   8.6764420e+06   3.3935547e+01
   8.6765580e+06   3.6376953e+01
   8.6766140e+06   4.1320801e+01
   8.6766610e+06   3.2226562e+01
   8.6766810e+06   5.5236816e+01
   8.6767870e+06   3.2531738e+01
   8.6768500e+06   3.3874512e+01
   8.6769260e+06   3.9245605e+01
   8.6771110e+06   3.7902832e+01
   8.6772050e+06   3.8146973e+01
   8.6774450e+06   3.6132813e+01
   8.6775330e+06   3.4973145e+01
   8.6777550e+06   4.0222168e+01
   8.6780060e+06   4.2602539e+01
   8.6783040e+06   3.3447266e+01
   8.6791760e+06   3.1921387e+01
   8.6792660e+06   3.2653809e+01
   8.6796520e+06   3.2104492e+01
   8.6805120e+06   3.1433105e+01
   8.6807730e+06   3.2775879e+01
   8.6986820e+06   3.3081055e+01
   8.6995590e+06   3.6499023e+01
   8.6998000e+06   3.3264160e+01
   8.6999490e+06   3.1433105e+01
   8.7002600e+06   3.1433105e+01
   8.7005950e+06   3.4851074e+01
   8.7011270e+06   3.3447266e+01
   8.7015640e+06   3.1555176e+01
   8.7025050e+06   3.9611816e+01
   8.7047320e+06   3.8330078e+01
   8.7054200e+06   3.1494141e+01
   8.7060520e+06   3.5278320e+01
   8.7066330e+06   3.9001465e+01
   8.7071960e+06   3.3874512e+01
   8.9055770e+06   3.2592773e+01
   8.9056660e+06   4.0649414e+01
   8.9058570e+06   3.8391113e+01
   8.9060090e+06   3.6010742e+01
   8.9060620e+06   3.6987305e+01
   8.9063150e+06   3.1555176e+01
   8.9064630e+06   3.1738281e+01
   8.9065810e+06   3.2470703e+01
   8.9068290e+06   3.6804199e+01
   8.9070080e+06   3.3752441e+01
   8.9071330e+06   3.2287598e+01
   8.9074250e+06   3.4851074e+01
   8.9082150e+06   4.0161133e+01
   8.9087960e+06   3.5583496e+01
   8.9091600e+06   3.6926270e+01
   9.0941340e+06   3.8391113e+01
   9.0942510e+06   3.1555176e+01
   9.0942680e+06   3.2287598e+01
   9.0943690e+06   3.6621094e+01
   9.0944010e+06   3.9428711e+01
   9.0944120e+06   4.6508789e+01
   9.0944850e+06   3.3630371e+01
   9.0945650e+06   3.2287598e+01
   9.0946860e+06   3.5522461e+01
   9.0947040e+06   3.1677246e+01
   9.0949740e+06   3.1250000e+01
   9.0958990e+06   3.7353516e+01
   9.0962350e+06   3.3569336e+01
   9.0965900e+06   3.4423828e+01
   9.0967500e+06   3.3874512e+01
   9.0970020e+06   3.1066895e+01
   9.0972030e+06   3.2714844e+01
   9.0975660e+06   3.5217285e+01
   9.0976140e+06   3.7231445e+01
   9.2475660e+06   3.1066895e+01
   9.2479470e+06   3.1005859e+01
   9.2481670e+06   3.5339355e+01
   9.2485660e+06   3.7414551e+01
   9.2485820e+06   3.1555176e+01
   9.2487320e+06   3.5461426e+01
   9.2487700e+06   3.2409668e+01
   9.2488750e+06   3.1372070e+01
   9.2488950e+06   4.2602539e+01
   9.2490180e+06   3.8269043e+01
   9.2490500e+06   3.3996582e+01
   9.2492020e+06   3.2836914e+01
   9.2493890e+06   4.1748047e+01
   9.2498420e+06   3.7780762e+01
   9.2499470e+06   3.8940430e+01
   9.2502770e+06   3.6437988e+01
   9.2511710e+06   3.7841797e+01
   9.2517040e+06   3.1738281e+01
   9.2531770e+06   3.4729004e+01
   9.2542010e+06   3.1555176e+01
   9.2549840e+06   4.1564941e+01
   9.2556500e+06   3.7353516e+01
   9.2570940e+06   3.5156250e+01
   9.4420430e+06   3.5217285e+01
   9.4420730e+06   3.1494141e+01
   9.4423790e+06   3.2897949e+01
   9.4426210e+06   4.0771484e+01
   9.4427910e+06   3.1616211e+01
   9.4428230e+06   3.2104492e+01
   9.4428680e+06   4.6752930e+01
   9.4428980e+06   3.5888672e+01
   9.4430150e+06   3.3996582e+01
   9.4431240e+06   3.3386230e+01
   9.4434020e+06   3.1127930e+01
   9.4434660e+06   4.6142578e+01
   9.4437530e+06   3.1188965e+01
   9.4438130e+06   3.3386230e+01
   9.4440580e+06   3.4118652e+01
   9.4443750e+06   3.9611816e+01
   9.4444140e+06   3.1433105e+01
   9.4446840e+06   3.5339355e+01
   9.4447370e+06   3.6560059e+01
   9.4447760e+06   3.2531738e+01
   9.4453870e+06   3.1127930e+01
   9.4478520e+06   3.5522461e+01
   9.7051800e+06   3.2043457e+01
   9.7052040e+06   3.3264160e+01
   9.7052900e+06   3.5339355e+01
   9.7053420e+06   3.2592773e+01
   9.7053520e+06   4.6386719e+01
   9.7053730e+06   3.7780762e+01
   9.7054420e+06   4.5349121e+01
   9.7054820e+06   4.1259766e+01
   9.7055180e+06   3.7109375e+01
   9.7055650e+06   3.9245605e+01
   9.7056670e+06   4.4433594e+01
   9.7056770e+06   4.8034668e+01
   9.7057400e+06   3.3813477e+01
   9.7059390e+06   3.5461426e+01
   9.7061540e+06   3.8391113e+01
   9.7064390e+06   3.5400391e+01
   9.7067070e+06   3.2287598e+01
   9.7081380e+06   3.4362793e+01
   9.7087380e+06   3.4057617e+01
   9.7106750e+06   3.2714844e+01
   9.9773950e+06   3.2531738e+01
   9.9778570e+06   3.3264160e+01
   9.9780370e+06   3.8146973e+01
   9.9781890e+06   3.5034180e+01
   9.9782710e+06   3.6560059e+01
   9.9783690e+06   3.7292480e+01
   9.9785170e+06   3.1311035e+01
   9.9785350e+06   3.3020020e+01
   9.9786370e+06   4.0527344e+01
   9.9789140e+06   3.9855957e+01
   9.9789500e+06   4.1564941e+01
   9.9791940e+06   3.2775879e+01
   9.9794280e+06   3.2226562e+01
   9.9797880e+06   3.1250000e+01
   9.9802680e+06   3.4362793e+01
   9.9818030e+06   3.1311035e+01
   1.0073551e+07   3.1250000e+01
   1.0074123e+07   3.1433105e+01
   1.0074381e+07   5.0903320e+01
   1.0074558e+07   3.4912109e+01
   1.0074569e+07   3.9245605e+01
   1.0074738e+07   3.2531738e+01
   1.0075046e+07   3.7170410e+01
   1.0075272e+07   4.3090820e+01
   1.0075416e+07   3.3508301e+01
   1.0075721e+07   4.9438477e+01
   1.0076552e+07   3.1738281e+01
   1.0077430e+07   3.7963867e+01
   1.0077927e+07   3.5339355e+01
   1.0079669e+07   3.9245605e+01
   1.0080053e+07   3.3630371e+01
   1.0080650e+07   3.6804199e+01
   1.0082198e+07   3.3630371e+01
   1.0299665e+07   3.1616211e+01
   1.0299738e+07   3.6560059e+01
   1.0299767e+07   3.7597656e+01
   1.0299801e+07   3.1555176e+01
   1.0299828e+07   5.6640625e+01
   1.0299896e+07   3.1921387e+01
   1.0299941e+07   3.3020020e+01
   1.0299954e+07   3.4240723e+01
   1.0300048e+07   3.2714844e+01
   1.0300073e+07   4.0039062e+01
   1.0300214e+07   3.6743164e+01
   1.0300337e+07   3.3691406e+01
   1.0300653e+07   3.8757324e+01
   1.0300793e+07   3.2226562e+01
   1.0301024e+07   3.2531738e+01
   1.0301550e+07   3.2836914e+01
   1.0302000e+07   3.7231445e+01
   1.0302874e+07   3.1066895e+01
   1.0303800e+07   3.7536621e+01
   1.0304582e+07   3.8879395e+01
   1.0305422e+07   3.6376953e+01
   1.0306021e+07   3.3264160e+01
   1.0540813e+07   3.3508301e+01
   1.0540926e+07   3.1311035e+01
   1.0541046e+07   4.2053223e+01
   1.0541101e+07   3.2958984e+01
   1.0541176e+07   3.4057617e+01
   1.0541217e+07   3.3813477e+01
   1.0541374e+07   3.1738281e+01
   1.0541415e+07   4.0771484e+01
   1.0541664e+07   3.9550781e+01
   1.0541717e+07   3.3020020e+01
   1.0542107e+07   3.8085938e+01
   1.0542328e+07   3.1677246e+01
   1.0542413e+07   3.2653809e+01
   1.0543072e+07   3.1616211e+01
   1.0543581e+07   4.6508789e+01
   1.0544120e+07   3.5400391e+01
   1.0544458e+07   3.1250000e+01
   1.0544787e+07   3.1616211e+01
   1.0545702e+07   3.4362793e+01
   1.0546155e+07   3.6254883e+01
   1.0546752e+07   3.3630371e+01
   1.0547501e+07   3.3630371e+01
   1.0548174e+07   3.1005859e+01
   1.0549196e+07   3.1188965e+01
   1.0550541e+07   3.1555176e+01
   1.0583564e+07   3.1188965e+01
   1.0584612e+07   3.5034180e+01
   1.0584996e+07   3.5827637e+01
   1.0585058e+07   3.1799316e+01
   1.0585371e+07   3.5583496e+01
   1.0585432e+07   3.7658691e+01
   1.0585827e+07   3.3508301e+01
   1.0586129e+07   3.3752441e+01
   1.0586340e+07   3.9062500e+01
   1.0586898e+07   3.1738281e+01
   1.0586944e+07   3.5278320e+01
   1.0588241e+07   3.2653809e+01
   1.0588567e+07   3.3996582e+01
   1.0872558e+07   3.2592773e+01
   1.0872711e+07   3.5644531e+01
   1.0872754e+07   3.8574219e+01
   1.0872798e+07   3.6865234e+01
   1.0872809e+07   3.3203125e+01
   1.0872832e+07   3.7536621e+01
   1.0872916e+07   3.1127930e+01
   1.0873081e+07   4.7424316e+01
   1.0873093e+07   3.3874512e+01
   1.0873230e+07   5.5603027e+01
   1.0873450e+07   3.4484863e+01
   1.0873796e+07   3.1921387e+01
   1.0874065e+07   3.3264160e+01
   1.0874687e+07   3.9428711e+01
   1.0875914e+07   3.8330078e+01
   1.0876017e+07   3.5461426e+01
   1.0877386e+07   3.9123535e+01
   1.0878027e+07   3.3081055e+01
   1.0878533e+07   3.5644531e+01
   1.0879695e+07   3.9245605e+01
   1.0880172e+07   3.1555176e+01
   1.0881129e+07   3.1005859e+01
   1.0881677e+07   3.2043457e+01
   1.0882310e+07   3.2226562e+01
   1.0930601e+07   3.1860352e+01
   1.1088813e+07   3.5156250e+01
   1.1088977e+07   4.3212891e+01
   1.1089152e+07   3.9855957e+01
   1.1089200e+07   3.5400391e+01
   1.1089224e+07   3.1127930e+01
   1.1089435e+07   4.3762207e+01
   1.1089578e+07   3.6010742e+01
   1.1089730e+07   3.3325195e+01
   1.1089992e+07   3.2836914e+01
   1.1090235e+07   3.2653809e+01
   1.1091240e+07   3.2287598e+01
   1.1092697e+07   4.4189453e+01
   1.1095372e+07   3.7902832e+01
   1.1200402e+07   3.2287598e+01
   1.1200414e+07   3.1250000e+01
   1.1200452e+07   3.3752441e+01
   1.1200549e+07   3.5949707e+01
   1.1200586e+07   3.5827637e+01
   1.1200605e+07   4.1381836e+01
   1.1200652e+07   3.5278320e+01
   1.1200662e+07   3.9672852e+01
   1.1200780e+07   3.4179688e+01
   1.1200811e+07   3.6315918e+01
   1.1200883e+07   3.3508301e+01
   1.1200919e+07   3.9611816e+01
   1.1201100e+07   3.2531738e+01
   1.1201255e+07   3.3264160e+01
   1.1201917e+07   5.0415039e+01
   1.1202252e+07   3.9123535e+01
   1.1202533e+07   3.1127930e+01
   1.1202832e+07   3.5583496e+01
   1.1203097e+07   3.2592773e+01
   1.1203545e+07   3.3142090e+01
   1.1204980e+07   3.9489746e+01
   1.1431680e+07   3.4423828e+01
   1.1431746e+07   3.2287598e+01
   1.1431849e+07   3.3752441e+01
   1.1431868e+07   4.2053223e+01
   1.1431920e+07   3.5827637e+01
   1.1431987e+07   4.4677734e+01
   1.1432202e+07   4.8583984e+01
   1.1432226e+07   3.9184570e+01
   1.1432469e+07   4.0893555e+01
   1.1432493e+07   3.5217285e+01
   1.1433001e+07   3.2104492e+01
   1.1433021e+07   3.6437988e+01
   1.1433580e+07   3.4057617e+01
   1.1433931e+07   3.5339355e+01
   1.1434557e+07   3.4484863e+01
   1.1434849e+07   3.5522461e+01
   1.1435300e+07   3.4057617e+01
   1.1436084e+07   3.5644531e+01
   1.1436802e+07   3.3569336e+01
   1.1437821e+07   3.2165527e+01
   1.1438516e+07   3.2348633e+01
   1.1438931e+07   3.2470703e+01
   1.1439711e+07   3.3935547e+01
   1.1440348e+07   3.2531738e+01
   1.1600283e+07   3.7963867e+01
   1.1600546e+07   3.2226562e+01
   1.1600673e+07   3.3447266e+01
   1.1600712e+07   4.1198730e+01
   1.1600786e+07   3.1005859e+01
   1.1600839e+07   4.2419434e+01
   1.1600942e+07   3.5827637e+01
   1.1601024e+07   3.3203125e+01
   1.1601170e+07   3.2226562e+01
   1.1601237e+07   4.1992188e+01
   1.1601403e+07   3.9489746e+01
   1.1601906e+07   3.5705566e+01
   1.1602090e+07   3.7292480e+01
   1.1602671e+07   3.3142090e+01
   1.1603493e+07   3.8574219e+01
   1.1603889e+07   3.9428711e+01
   1.1604243e+07   3.1799316e+01
   1.1604872e+07   3.3142090e+01
   1.1605772e+07   3.4790039e+01
   1.1671909e+07   3.1677246e+01
   1.1672149e+07   4.6081543e+01
   1.1672220e+07   3.1616211e+01
   1.1672454e+07   3.1494141e+01
   1.1672568e+07   3.9367676e+01
   1.1672644e+07   3.2226562e+01
   1.1672717e+07   3.6315918e+01
   1.1672855e+07   4.4799805e+01
   1.1672929e+07   4.4189453e+01
   1.1673005e+07   4.3762207e+01
   1.1673294e+07   4.4006348e+01
   1.1673704e+07   3.4423828e+01
   1.1673956e+07   3.6071777e+01
   1.1675198e+07   3.7841797e+01
   1.1675733e+07   3.1799316e+01
   1.1676146e+07   3.4362793e+01
   1.1676589e+07   3.3203125e+01
   1.1676694e+07   3.1738281e+01
   1.1679355e+07   3.2409668e+01
   1.1754308e+07   3.3325195e+01
   1.1754432e+07   3.3081055e+01
   1.1754690e+07   3.4423828e+01
   1.1755002e+07   3.1860352e+01
   1.1755761e+07   3.1616211e+01
   1.1756560e+07   3.6987305e+01
   1.1757763e+07   3.1738281e+01
   1.1758169e+07   3.1433105e+01
   1.1759252e+07   3.7170410e+01
   1.1960766e+07   3.6010742e+01
   1.1961219e+07   3.1066895e+01
   1.1961385e+07   3.1005859e+01
   1.1961769e+07   3.1860352e+01
   1.1961780e+07   3.1982422e+01
   1.1961823e+07   3.1066895e+01
   1.1962039e+07   3.3508301e+01
   1.1962093e+07   3.2287598e+01
   1.1962182e+07   3.6682129e+01
   1.1962319e+07   3.2897949e+01
   1.1962510e+07   3.4118652e+01
   1.1962606e+07   3.4179688e+01
   1.1962633e+07   3.1433105e+01
   1.1962770e+07   3.9428711e+01
   1.1963466e+07   3.7780762e+01
   1.1964126e+07   3.1066895e+01
   1.1965715e+07   3.3325195e+01
   1.1966332e+07   4.4616699e+01
   1.1966859e+07   3.7170410e+01
   1.1968913e+07   3.2775879e+01
