   1.1996000e+07   0.0000000e+00
   2.4052700e+05   4.8828125e+01
   2.4066900e+05   3.3325195e+01
   2.4070000e+05   6.3903809e+01
   2.4085800e+05   3.7048340e+01
   2.4087200e+05   5.7983398e+01
   2.4089200e+05   3.1188965e+01
   2.4093200e+05   3.5461426e+01
   2.4095300e+05   7.3303223e+01
   2.4102100e+05   3.1066895e+01
   2.4107100e+05   3.6865234e+01
   2.4108500e+05   4.3579102e+01
   2.4113100e+05   3.3081055e+01
   2.4114400e+05   4.1076660e+01
   2.4118400e+05   3.1616211e+01
   2.4120100e+05   5.4382324e+01
   2.4123300e+05   5.0170898e+01
   2.4132600e+05   3.9001465e+01
   2.4189700e+05   3.3264160e+01
   2.4238700e+05   3.1250000e+01
   2.4275900e+05   3.3020020e+01
   2.4303200e+05   3.0883789e+01
   2.4313700e+05   3.0395508e+01
   2.4373600e+05   3.7841797e+01
   2.4389100e+05   3.2165527e+01
   2.4437000e+05   3.2836914e+01
   2.4532100e+05   3.1127930e+01
   2.4564900e+05   3.2287598e+01
   2.5024100e+05   3.2592773e+01
   2.8142300e+05   3.1250000e+01
   5.4550400e+05   5.5175781e+01
   5.4554300e+05   5.7617188e+01
   5.4578700e+05   7.3730469e+01
   5.4580700e+05   4.0893555e+01
   5.4585000e+05   5.8288574e+01
   5.4601900e+05   3.3691406e+01
   5.4603400e+05   3.6437988e+01
   5.4609200e+05   4.5227051e+01
   5.4618300e+05   3.1982422e+01
   5.4632900e+05   3.3935547e+01
   5.4639200e+05   3.2287598e+01
   5.4670100e+05   3.0822754e+01
   5.4679400e+05   3.3081055e+01
   5.4735900e+05   3.2714844e+01
   5.4764800e+05   3.3813477e+01
   5.4798000e+05   3.2897949e+01
   5.4993800e+05   3.8085938e+01
   5.5037500e+05   3.2836914e+01
   5.5040100e+05   3.3752441e+01
   5.5152000e+05   3.0944824e+01
   5.5200900e+05   3.1127930e+01
   5.5251700e+05   3.2348633e+01
   5.6938900e+05   3.1372070e+01
   6.9937900e+05   3.0639648e+01
   8.9152400e+05   6.7932129e+01
   8.9166000e+05   4.5898438e+01
   8.9168700e+05   3.3264160e+01
   8.9181100e+05   3.6987305e+01
   8.9185800e+05   7.7697754e+01
   8.9190800e+05   6.5246582e+01
   8.9193600e+05   3.0700684e+01
   8.9196600e+05   3.7414551e+01
   8.9199000e+05   3.0883789e+01
   8.9208900e+05   7.4096680e+01
   8.9216100e+05   3.0456543e+01
   8.9221100e+05   3.8879395e+01
   8.9225500e+05   3.1494141e+01
   8.9226700e+05   4.1320801e+01
   8.9242600e+05   3.3508301e+01
   8.9245100e+05   3.0944824e+01
   8.9296600e+05   3.3752441e+01
   8.9390200e+05   3.0395508e+01
   8.9400100e+05   3.8635254e+01
   8.9451000e+05   3.2104492e+01
   8.9461900e+05   4.3884277e+01
   8.9770600e+05   3.4973145e+01
   8.9881900e+05   3.1799316e+01
   9.2538600e+05   3.3569336e+01
   1.1420490e+06   3.7292480e+01
   1.1428810e+06   3.6315918e+01
   1.1466100e+06   3.1738281e+01
   1.1466920e+06   4.7119141e+01
   1.1467040e+06   3.3508301e+01
   1.1467450e+06   6.8237305e+01
   1.1469950e+06   3.6071777e+01
   1.1470350e+06   3.4362793e+01
   1.1470480e+06   3.6132812e+01
   1.1470860e+06   7.5500488e+01
   1.1471750e+06   3.4362793e+01
   1.1472290e+06   4.0710449e+01
   1.1472810e+06   3.4179688e+01
   1.1473660e+06   5.4870605e+01
   1.1473760e+06   3.6804199e+01
   1.1474670e+06   3.7780762e+01
   1.1476090e+06   3.6376953e+01
   1.1476270e+06   3.1372070e+01
   1.1479050e+06   3.9428711e+01
   1.1479870e+06   3.1311035e+01
   1.1490720e+06   3.0395508e+01
   1.1494130e+06   3.3386230e+01
   1.1499360e+06   3.1738281e+01
   1.1500090e+06   3.3447266e+01
   1.1513840e+06   3.3691406e+01
   1.1515100e+06   3.5766602e+01
   1.1515770e+06   3.0578613e+01
   1.1534700e+06   3.1372070e+01
   1.1542080e+06   3.2104492e+01
   1.1796110e+06   3.3264160e+01
   1.1957650e+06   3.2897949e+01
   1.6496740e+06   6.4270020e+01
   1.6497400e+06   6.2072754e+01
   1.6497560e+06   3.1738281e+01
   1.6498530e+06   3.4973145e+01
   1.6499890e+06   3.7475586e+01
   1.6500040e+06   4.1442871e+01
   1.6501240e+06   3.3630371e+01
   1.6501340e+06   4.1748047e+01
   1.6501630e+06   3.7109375e+01
   1.6502170e+06   4.2480469e+01
   1.6502700e+06   3.0517578e+01
   1.6503130e+06   3.6926270e+01
   1.6503410e+06   3.2592773e+01
   1.6503770e+06   3.1188965e+01
   1.6504570e+06   3.1799316e+01
   1.6505240e+06   3.1982422e+01
   1.6505550e+06   3.3325195e+01
   1.6506180e+06   3.8940430e+01
   1.6509060e+06   3.6254883e+01
   1.6510080e+06   3.1677246e+01
   1.6520900e+06   3.0883789e+01
   1.6526130e+06   3.1616211e+01
   1.6538070e+06   3.2470703e+01
   1.6544540e+06   3.3020020e+01
   1.6551630e+06   3.1616211e+01
   1.6995390e+06   3.2409668e+01
   1.8782710e+06   3.3508301e+01
   2.2180700e+06   3.3508301e+01
   2.2185690e+06   3.1188965e+01
   2.2200820e+06   5.5969238e+01
   2.2200980e+06   3.5766602e+01
   2.2201270e+06   7.7697754e+01
   2.2201920e+06   3.3386230e+01
   2.2202520e+06   3.5034180e+01
   2.2202760e+06   3.5400391e+01
   2.2203010e+06   4.7912598e+01
   2.2203250e+06   3.2958984e+01
   2.2203430e+06   3.5949707e+01
   2.2203580e+06   5.2612305e+01
   2.2203870e+06   3.3874512e+01
   2.2204100e+06   5.0842285e+01
   2.2204800e+06   3.2165527e+01
   2.2205280e+06   5.9692383e+01
   2.2205610e+06   3.8330078e+01
   2.2207120e+06   3.2287598e+01
   2.2207690e+06   3.3935547e+01
   2.2209640e+06   3.7353516e+01
   2.2217330e+06   3.2043457e+01
   2.2220120e+06   3.0456543e+01
   2.2225610e+06   3.2592773e+01
   2.2228420e+06   3.1250000e+01
   2.2236350e+06   3.0395508e+01
   2.2237440e+06   3.8024902e+01
   2.2238350e+06   3.0456543e+01
   2.2242000e+06   3.5766602e+01
   2.2250490e+06   3.2226562e+01
   2.2254530e+06   3.2470703e+01
   2.2273170e+06   3.2348633e+01
   2.2279300e+06   3.0700684e+01
   2.2370980e+06   3.1860352e+01
   2.2596150e+06   3.0517578e+01
   2.2712170e+06   3.3142090e+01
   2.5196620e+06   3.8818359e+01
   2.5558720e+06   3.1799316e+01
   2.5560010e+06   3.1127930e+01
   2.5560810e+06   5.1391602e+01
   2.5561350e+06   5.9082031e+01
   2.5561700e+06   3.4484863e+01
   2.5561900e+06   3.8513184e+01
   2.5562300e+06   3.9184570e+01
   2.5562710e+06   3.4484863e+01
   2.5563210e+06   3.7780762e+01
   2.5563470e+06   6.2683105e+01
   2.5564030e+06   8.7646484e+01
   2.5564310e+06   3.7963867e+01
   2.5564810e+06   3.6193848e+01
   2.5564960e+06   3.7780762e+01
   2.5566100e+06   4.8400879e+01
   2.5566410e+06   4.5593262e+01
   2.5567770e+06   3.7780762e+01
   2.5568760e+06   3.2165527e+01
   2.5570580e+06   3.1372070e+01
   2.5579980e+06   3.3386230e+01
   2.5585200e+06   3.0395508e+01
   2.5590260e+06   3.3386230e+01
   2.5593350e+06   3.4851074e+01
   2.5596590e+06   3.1799316e+01
   2.5598730e+06   3.1555176e+01
   2.5608400e+06   3.2287598e+01
   2.5629400e+06   3.3447266e+01
   2.5634390e+06   3.1433105e+01
   2.5712710e+06   3.0700684e+01
   2.5751040e+06   3.2836914e+01
   2.8700930e+06   3.5217285e+01
   2.8705170e+06   3.1799316e+01
   2.8705380e+06   6.0791016e+01
   2.8705790e+06   3.1555176e+01
   2.8705920e+06   3.2836914e+01
   2.8706220e+06   6.8725586e+01
   2.8706450e+06   4.6447754e+01
   2.8706560e+06   4.4067383e+01
   2.8706960e+06   3.2043457e+01
   2.8707500e+06   3.0456543e+01
   2.8707890e+06   3.9184570e+01
   2.8708110e+06   6.2622070e+01
   2.8708400e+06   3.2104492e+01
   2.8709550e+06   3.3020020e+01
   2.8711580e+06   3.3020020e+01
   2.8713340e+06   3.2104492e+01
   2.8715480e+06   4.2358398e+01
   2.8718690e+06   4.1625977e+01
   2.8719430e+06   3.5766602e+01
   2.8726300e+06   3.3935547e+01
   2.8727330e+06   3.0761719e+01
   2.8728990e+06   3.2409668e+01
   2.8731990e+06   3.7353516e+01
   2.8734060e+06   3.1860352e+01
   2.8742530e+06   3.0395508e+01
   2.8742810e+06   3.1311035e+01
   2.8779020e+06   3.0822754e+01
   2.8839440e+06   3.2165527e+01
   2.8846140e+06   3.1616211e+01
   2.8850490e+06   3.3386230e+01
   2.8965860e+06   3.1677246e+01
   2.9158340e+06   3.2531738e+01
   3.1954380e+06   5.4992676e+01
   3.1954750e+06   7.4523926e+01
   3.1955050e+06   3.1555176e+01
   3.1955510e+06   4.2602539e+01
   3.1956430e+06   3.0273438e+01
   3.1956570e+06   3.1738281e+01
   3.1956800e+06   4.4433594e+01
   3.1957100e+06   8.0322266e+01
   3.1957340e+06   3.5217285e+01
   3.1957630e+06   3.3813477e+01
   3.1957860e+06   3.1738281e+01
   3.1957980e+06   3.1433105e+01
   3.1958370e+06   4.4982910e+01
   3.1959120e+06   5.0537109e+01
   3.1959360e+06   3.0456543e+01
   3.1960370e+06   3.2226562e+01
   3.1961050e+06   3.2653809e+01
   3.1962110e+06   3.8574219e+01
   3.1963580e+06   3.5400391e+01
   3.1967290e+06   3.1311035e+01
   3.1970850e+06   3.9489746e+01
   3.1980810e+06   3.0883789e+01
   3.1981990e+06   3.6010742e+01
   3.1986030e+06   3.4667969e+01
   3.2000590e+06   3.1250000e+01
   3.2080510e+06   3.2470703e+01
   3.2161480e+06   3.4973145e+01
   3.2190540e+06   3.2470703e+01
   3.2412920e+06   3.0883789e+01
   3.3934230e+06   3.4118652e+01
   3.3961590e+06   5.4199219e+01
   3.3961790e+06   7.1838379e+01
   3.3962980e+06   3.5522461e+01
   3.3963950e+06   4.5410156e+01
   3.3964450e+06   5.3283691e+01
   3.3964910e+06   4.3029785e+01
   3.3965110e+06   3.0334473e+01
   3.3965560e+06   4.2236328e+01
   3.3966050e+06   3.3508301e+01
   3.3966540e+06   3.9855957e+01
   3.3968210e+06   3.7841797e+01
   3.3968680e+06   4.8400879e+01
   3.3969130e+06   3.1188965e+01
   3.3970050e+06   4.0283203e+01
   3.3971790e+06   3.0639648e+01
   3.3972510e+06   3.1982422e+01
   3.3973490e+06   4.5410156e+01
   3.3975920e+06   3.5339355e+01
   3.3978120e+06   3.6132812e+01
   3.3982590e+06   3.0700684e+01
   3.4026130e+06   3.1005859e+01
   3.4100090e+06   3.0151367e+01
   3.4214230e+06   3.0822754e+01
   3.4280880e+06   3.1677246e+01
   3.4304840e+06   3.1555176e+01
   3.4396050e+06   3.0761719e+01
   3.6844730e+06   5.3466797e+01
   3.6846710e+06   3.6560059e+01
   3.6847310e+06   5.6579590e+01
   3.6847430e+06   7.7636719e+01
   3.6847630e+06   3.1799316e+01
   3.6848010e+06   4.6081543e+01
   3.6848340e+06   3.1005859e+01
   3.6848650e+06   4.0710449e+01
   3.6848820e+06   4.0649414e+01
   3.6849090e+06   3.9245605e+01
   3.6849460e+06   3.9733887e+01
   3.6849840e+06   8.0993652e+01
   3.6850670e+06   3.1433105e+01
   3.6851290e+06   4.2297363e+01
   3.6851660e+06   4.8461914e+01
   3.6853090e+06   3.2287598e+01
   3.6853970e+06   3.6865234e+01
   3.6856320e+06   3.9978027e+01
   3.6860740e+06   3.1250000e+01
   3.6863670e+06   3.2104492e+01
   3.6876010e+06   3.5583496e+01
   3.6877080e+06   3.0883789e+01
   3.6877820e+06   3.0883789e+01
   3.6879280e+06   3.2409668e+01
   3.6880890e+06   3.1921387e+01
   3.6884830e+06   3.7170410e+01
   3.6890270e+06   3.8085937e+01
   3.6893260e+06   3.0700684e+01
   3.6897680e+06   3.9001465e+01
   3.6901930e+06   3.3203125e+01
   3.6906420e+06   3.3203125e+01
   3.6911300e+06   3.2470703e+01
   3.7162790e+06   3.0700684e+01
   3.8652910e+06   5.4016113e+01
   3.8653750e+06   5.4870605e+01
   3.8655580e+06   3.2775879e+01
   3.8655690e+06   7.2326660e+01
   3.8655830e+06   3.6376953e+01
   3.8656280e+06   6.2316895e+01
   3.8656720e+06   4.0405273e+01
   3.8656900e+06   3.1127930e+01
   3.8657400e+06   3.5278320e+01
   3.8657650e+06   4.5288086e+01
   3.8658170e+06   6.2500000e+01
   3.8658790e+06   3.0883789e+01
   3.8659070e+06   3.3508301e+01
   3.8659560e+06   3.1616211e+01
   3.8659720e+06   3.7963867e+01
   3.8660310e+06   3.7658691e+01
   3.8663820e+06   3.1188965e+01
   3.8667530e+06   3.3508301e+01
   3.8670100e+06   3.7109375e+01
   3.8671600e+06   3.4301758e+01
   3.8678660e+06   3.0090332e+01
   3.8685520e+06   3.5400391e+01
   3.8686400e+06   3.2104492e+01
   3.8686930e+06   3.3386230e+01
   3.8697030e+06   3.0700684e+01
   3.8699040e+06   3.1005859e+01
   3.8705670e+06   3.0944824e+01
   3.8709950e+06   3.1921387e+01
   3.8714280e+06   3.7658691e+01
   4.1133620e+06   3.0212402e+01
   4.1133950e+06   5.8776855e+01
   4.1136030e+06   3.3935547e+01
   4.1136550e+06   3.5827637e+01
   4.1136810e+06   3.6437988e+01
   4.1137360e+06   4.7424316e+01
   4.1138130e+06   4.7424316e+01
   4.1138730e+06   8.3679199e+01
   4.1138830e+06   3.0944824e+01
   4.1139290e+06   5.3222656e+01
   4.1139530e+06   3.8696289e+01
   4.1140130e+06   3.6743164e+01
   4.1140930e+06   4.1198730e+01
   4.1141100e+06   3.0700684e+01
   4.1141760e+06   3.2104492e+01
   4.1142400e+06   4.1625977e+01
   4.1142670e+06   3.0334473e+01
   4.1143080e+06   3.0273438e+01
   4.1143500e+06   3.4729004e+01
   4.1144190e+06   3.1677246e+01
   4.1145950e+06   3.4729004e+01
   4.1149460e+06   3.1311035e+01
   4.1156750e+06   4.1198730e+01
   4.1157090e+06   3.0822754e+01
   4.1160420e+06   3.2470703e+01
   4.1166680e+06   3.5034180e+01
   4.1170180e+06   3.0090332e+01
   4.1185370e+06   3.0090332e+01
   4.1190000e+06   3.0700684e+01
   4.1194650e+06   3.8452148e+01
   4.1202530e+06   3.0822754e+01
   4.1306760e+06   3.0334473e+01
   4.1439020e+06   3.2165527e+01
   4.1526630e+06   3.2348633e+01
   4.2127860e+06   3.2226563e+01
   4.2137120e+06   3.1433105e+01
   4.2137440e+06   4.8889160e+01
   4.2138000e+06   7.3181152e+01
   4.2138730e+06   3.1066895e+01
   4.2141480e+06   4.8767090e+01
   4.2141810e+06   3.2897949e+01
   4.2142180e+06   7.3181152e+01
   4.2143430e+06   3.3020020e+01
   4.2143970e+06   3.0151367e+01
   4.2144240e+06   3.3691406e+01
   4.2144510e+06   3.0212402e+01
   4.2145290e+06   7.7819824e+01
   4.2145780e+06   3.5522461e+01
   4.2146100e+06   4.0771484e+01
   4.2146460e+06   3.4301758e+01
   4.2147190e+06   3.6621094e+01
   4.2147670e+06   3.7780762e+01
   4.2148020e+06   6.2744141e+01
   4.2148200e+06   3.3142090e+01
   4.2149740e+06   3.5339355e+01
   4.2150440e+06   4.4006348e+01
   4.2151930e+06   3.3325195e+01
   4.2153330e+06   4.1320801e+01
   4.2153800e+06   3.9794922e+01
   4.2156290e+06   4.0283203e+01
   4.2165780e+06   4.1687012e+01
   4.2166360e+06   3.0212402e+01
   4.2169820e+06   3.5827637e+01
   4.2173980e+06   3.7658691e+01
   4.2174740e+06   3.1311035e+01
   4.2178200e+06   3.5583496e+01
   4.2185240e+06   3.0517578e+01
   4.2186590e+06   3.4057617e+01
   4.2191250e+06   3.7414551e+01
   4.2368880e+06   3.0090332e+01
   4.2379590e+06   3.2287598e+01
   4.2431550e+06   3.3142090e+01
   4.2531340e+06   3.2531738e+01
   4.4439690e+06   4.9255371e+01
   4.4444270e+06   5.1696777e+01
   4.4444620e+06   3.0090332e+01
   4.4447240e+06   4.8950195e+01
   4.4447990e+06   3.4545898e+01
   4.4448470e+06   6.8969727e+01
   4.4449010e+06   3.9428711e+01
   4.4449340e+06   4.1198730e+01
   4.4449580e+06   4.7607422e+01
   4.4450340e+06   6.0913086e+01
   4.4451720e+06   3.2836914e+01
   4.4452030e+06   4.4799805e+01
   4.4454020e+06   3.0395508e+01
   4.4458990e+06   3.9672852e+01
   4.4459520e+06   3.2409668e+01
   4.4463710e+06   3.0151367e+01
   4.4463980e+06   3.1127930e+01
   4.4465580e+06   3.1250000e+01
   4.4468130e+06   3.1677246e+01
   4.4471440e+06   3.9489746e+01
   4.4480950e+06   3.0761719e+01
   4.4482810e+06   3.6376953e+01
   4.4486960e+06   3.3142090e+01
   4.4489000e+06   3.1494141e+01
   4.4491230e+06   3.7109375e+01
   4.4492840e+06   3.2104492e+01
   4.4500980e+06   3.8513184e+01
   4.4613090e+06   3.2409668e+01
   4.4680630e+06   3.6071777e+01
   4.4830270e+06   3.2348633e+01
   4.6970890e+06   5.9082031e+01
   4.6972660e+06   7.3974609e+01
   4.6973420e+06   5.2917480e+01
   4.6973930e+06   4.0771484e+01
   4.6974900e+06   3.5034180e+01
   4.6975290e+06   8.1787109e+01
   4.6975580e+06   3.6132812e+01
   4.6976580e+06   3.3447266e+01
   4.6976900e+06   3.2043457e+01
   4.6977480e+06   4.5043945e+01
   4.6977690e+06   3.6071777e+01
   4.6978220e+06   4.6813965e+01
   4.6979330e+06   3.6071777e+01
   4.6979870e+06   3.1066895e+01
   4.6980770e+06   3.0212402e+01
   4.6981780e+06   3.1616211e+01
   4.6982660e+06   3.0761719e+01
   4.6982770e+06   3.1921387e+01
   4.6985140e+06   3.2531738e+01
   4.7000090e+06   3.0334473e+01
   4.7000650e+06   3.9611816e+01
   4.7007140e+06   3.6254883e+01
   4.7009470e+06   3.2531738e+01
   4.7034160e+06   3.0456543e+01
   4.7049300e+06   3.1860352e+01
   4.7299630e+06   3.0578613e+01
   4.8964060e+06   5.1147461e+01
   4.8966430e+06   9.8693848e+01
   4.8966740e+06   3.2226562e+01
   4.8967140e+06   3.3508301e+01
   4.8968270e+06   4.1076660e+01
   4.8968620e+06   3.1005859e+01
   4.8968750e+06   3.8391113e+01
   4.8969260e+06   8.1909180e+01
   4.8969470e+06   3.3081055e+01
   4.8969800e+06   3.0639648e+01
   4.8970120e+06   5.2429199e+01
   4.8970670e+06   3.2714844e+01
   4.8971490e+06   6.1828613e+01
   4.8971900e+06   3.4240723e+01
   4.8972160e+06   3.6560059e+01
   4.8975310e+06   3.0334473e+01
   4.8976310e+06   3.0273437e+01
   4.8978800e+06   3.2653809e+01
   4.8979300e+06   3.2104492e+01
   4.8981420e+06   3.0273437e+01
   4.8983190e+06   3.0395508e+01
   4.8983660e+06   3.1250000e+01
   4.8986140e+06   3.0212402e+01
   4.8993470e+06   3.0151367e+01
   4.8997200e+06   3.3386230e+01
   4.9000200e+06   3.3203125e+01
   4.9001860e+06   3.3874512e+01
   4.9005080e+06   3.4912109e+01
   4.9028370e+06   3.0578613e+01
   4.9028820e+06   3.2592773e+01
   4.9037760e+06   3.7231445e+01
   4.9117430e+06   3.3081055e+01
   5.1056060e+06   5.0842285e+01
   5.1057560e+06   6.2561035e+01
   5.1058050e+06   3.1921387e+01
   5.1059350e+06   5.1330566e+01
   5.1060800e+06   9.5275879e+01
   5.1061390e+06   3.0456543e+01
   5.1061570e+06   3.7597656e+01
   5.1062200e+06   3.3020020e+01
   5.1062760e+06   3.8269043e+01
   5.1063060e+06   5.0903320e+01
   5.1064010e+06   3.0151367e+01
   5.1064380e+06   4.6936035e+01
   5.1070530e+06   3.0883789e+01
   5.1071480e+06   3.1188965e+01
   5.1071880e+06   3.4423828e+01
   5.1077580e+06   3.4179688e+01
   5.1081190e+06   3.2714844e+01
   5.1081480e+06   3.6621094e+01
   5.1101440e+06   3.2226562e+01
   5.1107240e+06   3.0639648e+01
   5.1111390e+06   3.0944824e+01
   5.1116710e+06   3.5217285e+01
   5.1117100e+06   3.0517578e+01
   5.1122250e+06   3.1127930e+01
   5.1128400e+06   3.3508301e+01
   5.1195020e+06   3.2470703e+01
   5.1577500e+06   3.2409668e+01
   5.1893750e+06   4.8095703e+01
   5.1895010e+06   7.9528809e+01
   5.1895440e+06   3.5400391e+01
   5.1895810e+06   3.2470703e+01
   5.1896050e+06   3.1250000e+01
   5.1896720e+06   4.9926758e+01
   5.1896950e+06   3.1616211e+01
   5.1897570e+06   3.4545898e+01
   5.1898410e+06   5.9936523e+01
   5.1898950e+06   4.2785645e+01
   5.1899400e+06   3.0517578e+01
   5.1899510e+06   3.7780762e+01
   5.1899780e+06   3.1860352e+01
   5.1900450e+06   3.0517578e+01
   5.1901060e+06   4.8767090e+01
   5.1901760e+06   3.3813477e+01
   5.1902070e+06   3.4912109e+01
   5.1902860e+06   3.0334473e+01
   5.1903400e+06   5.2856445e+01
   5.1904710e+06   3.9123535e+01
   5.1904950e+06   3.5217285e+01
   5.1905680e+06   3.1311035e+01
   5.1906080e+06   3.5339355e+01
   5.1908780e+06   3.1738281e+01
   5.1912550e+06   3.8696289e+01
   5.1915860e+06   3.4484863e+01
   5.1919220e+06   3.0151367e+01
   5.1919580e+06   3.9428711e+01
   5.1921670e+06   3.5766602e+01
   5.1923650e+06   4.2175293e+01
   5.1926850e+06   3.3813477e+01
   5.1927340e+06   3.1616211e+01
   5.1935350e+06   3.6132812e+01
   5.1941480e+06   4.2297363e+01
   5.1947580e+06   3.8757324e+01
   5.1960990e+06   3.0212402e+01
   5.4389670e+06   6.0424805e+01
   5.4390450e+06   3.0456543e+01
   5.4390770e+06   3.0212402e+01
   5.4390950e+06   3.6315918e+01
   5.4391120e+06   3.2287598e+01
   5.4391380e+06   3.6010742e+01
   5.4391850e+06   6.7687988e+01
   5.4392190e+06   4.5288086e+01
   5.4392310e+06   4.5532227e+01
   5.4392750e+06   3.3752441e+01
   5.4392890e+06   4.2236328e+01
   5.4393360e+06   3.0090332e+01
   5.4393570e+06   5.5603027e+01
   5.4394170e+06   3.1738281e+01
   5.4394510e+06   3.3081055e+01
   5.4394860e+06   3.5583496e+01
   5.4395110e+06   3.2836914e+01
   5.4395390e+06   3.0883789e+01
   5.4397100e+06   3.0883789e+01
   5.4398550e+06   3.2470703e+01
   5.4399470e+06   3.0090332e+01
   5.4400900e+06   3.3020020e+01
   5.4401390e+06   3.1066895e+01
   5.4407470e+06   3.3813477e+01
   5.4409440e+06   4.2602539e+01
   5.4413650e+06   3.7780762e+01
   5.4414180e+06   3.2775879e+01
   5.4416760e+06   3.3630371e+01
   5.4417310e+06   3.0639648e+01
   5.4417960e+06   3.0883789e+01
   5.4422030e+06   3.0578613e+01
   5.4432660e+06   3.3996582e+01
   5.4438230e+06   3.0944824e+01
   5.4440660e+06   3.1250000e+01
   5.4445420e+06   3.3508301e+01
   5.4450970e+06   3.7963867e+01
   5.4703070e+06   3.3996582e+01
   5.4910010e+06   3.0883789e+01
   5.5106450e+06   6.7260742e+01
   5.5107230e+06   4.1503906e+01
   5.5111250e+06   7.2937012e+01
   5.5111800e+06   4.0710449e+01
   5.5112970e+06   3.7658691e+01
   5.5113910e+06   4.2846680e+01
   5.5114760e+06   7.3303223e+01
   5.5114950e+06   3.0883789e+01
   5.5115350e+06   3.5095215e+01
   5.5115980e+06   3.0822754e+01
   5.5116360e+06   3.7231445e+01
   5.5117080e+06   3.0883789e+01
   5.5117440e+06   5.8593750e+01
   5.5118350e+06   3.2836914e+01
   5.5118850e+06   3.3386230e+01
   5.5120100e+06   4.2785645e+01
   5.5121480e+06   3.2592773e+01
   5.5122590e+06   4.5227051e+01
   5.5125520e+06   3.2165527e+01
   5.5126740e+06   3.5461426e+01
   5.5130200e+06   3.3508301e+01
   5.5132710e+06   4.1748047e+01
   5.5137810e+06   3.0883789e+01
   5.5139990e+06   3.3996582e+01
   5.5143700e+06   3.8391113e+01
   5.5148130e+06   3.1250000e+01
   5.5152830e+06   3.6376953e+01
   5.5153300e+06   3.0090332e+01
   5.5157160e+06   4.0161133e+01
   5.5160090e+06   3.3142090e+01
   5.5162190e+06   3.4423828e+01
   5.5168210e+06   4.0954590e+01
   5.5326160e+06   3.3325195e+01
   5.5358930e+06   3.1066895e+01
   5.7204830e+06   3.9123535e+01
   5.7206850e+06   6.4208984e+01
   5.7208500e+06   5.0415039e+01
   5.7209070e+06   3.4790039e+01
   5.7209330e+06   3.1005859e+01
   5.7209690e+06   7.2753906e+01
   5.7210110e+06   3.1066895e+01
   5.7210760e+06   3.2775879e+01
   5.7210870e+06   3.3447266e+01
   5.7211390e+06   3.4973145e+01
   5.7212070e+06   6.0668945e+01
   5.7212550e+06   4.2114258e+01
   5.7212860e+06   3.4240723e+01
   5.7213520e+06   3.1982422e+01
   5.7214920e+06   4.0588379e+01
   5.7215770e+06   3.5400391e+01
   5.7216130e+06   3.3691406e+01
   5.7217490e+06   3.6499023e+01
   5.7217920e+06   3.6010742e+01
   5.7223410e+06   3.5400391e+01
   5.7225400e+06   3.0395508e+01
   5.7226250e+06   3.6010742e+01
   5.7229530e+06   3.3020020e+01
   5.7234050e+06   3.3996582e+01
   5.7252480e+06   3.2226562e+01
   5.7254420e+06   3.0212402e+01
   5.7257050e+06   3.1188965e+01
   5.7274190e+06   3.0334473e+01
   5.7342560e+06   3.1311035e+01
   5.7451110e+06   3.0944824e+01
   5.7785110e+06   4.3029785e+01
   5.7786480e+06   3.3081055e+01
   5.7791100e+06   3.4118652e+01
   5.7792740e+06   3.0944824e+01
   5.7793220e+06   4.8828125e+01
   5.7794540e+06   7.4157715e+01
   5.7796390e+06   3.2348633e+01
   5.7796740e+06   5.0598145e+01
   5.7797470e+06   3.9489746e+01
   5.7797870e+06   8.6242676e+01
   5.7798470e+06   3.6743164e+01
   5.7798900e+06   3.2104492e+01
   5.7800930e+06   5.3283691e+01
   5.7801380e+06   3.9611816e+01
   5.7801840e+06   3.0212402e+01
   5.7802370e+06   3.1066895e+01
   5.7803010e+06   3.4973145e+01
   5.7803540e+06   3.8269043e+01
   5.7805260e+06   3.1005859e+01
   5.7807970e+06   3.2409668e+01
   5.7808320e+06   3.4667969e+01
   5.7809080e+06   3.3020020e+01
   5.7809920e+06   3.2775879e+01
   5.7810210e+06   3.1127930e+01
   5.7811940e+06   3.2897949e+01
   5.7812980e+06   3.5583496e+01
   5.7814900e+06   3.0090332e+01
   5.7817830e+06   3.3264160e+01
   5.7818340e+06   3.0700684e+01
   5.7822740e+06   3.0456543e+01
   5.7823300e+06   3.3935547e+01
   5.7829290e+06   3.3447266e+01
   5.7833120e+06   3.2165527e+01
   5.7837070e+06   3.2104492e+01
   5.7841500e+06   3.9978027e+01
   5.7842840e+06   3.2653809e+01
   5.7845820e+06   3.3630371e+01
   5.7850090e+06   3.6010742e+01
   5.7857420e+06   3.8940430e+01
   5.9965880e+06   4.6386719e+01
   5.9966210e+06   3.1921387e+01
   5.9967690e+06   7.6110840e+01
   5.9967990e+06   3.1005859e+01
   5.9968400e+06   3.6071777e+01
   5.9968730e+06   5.2978516e+01
   5.9969600e+06   3.6499023e+01
   5.9969830e+06   3.4423828e+01
   5.9970310e+06   4.0832520e+01
   5.9970510e+06   7.6843262e+01
   5.9971280e+06   4.2907715e+01
   5.9972200e+06   3.2897949e+01
   5.9972460e+06   3.0700684e+01
   5.9972560e+06   5.7617188e+01
   5.9972920e+06   4.6569824e+01
   5.9973190e+06   4.0466309e+01
   5.9973700e+06   3.2104492e+01
   5.9973830e+06   4.3518066e+01
   5.9974510e+06   3.0761719e+01
   5.9975550e+06   3.6682129e+01
   5.9977580e+06   3.3203125e+01
   5.9983600e+06   3.0090332e+01
   5.9985280e+06   3.2775879e+01
   5.9996270e+06   3.0761719e+01
   5.9997600e+06   4.0649414e+01
   6.0001470e+06   4.2724609e+01
   6.0009290e+06   3.8208008e+01
   6.0018540e+06   3.2775879e+01
   6.0024400e+06   4.1992188e+01
   6.0091600e+06   3.5522461e+01
   6.2043670e+06   3.3142090e+01
   6.2053160e+06   4.1564941e+01
   6.2053950e+06   6.9519043e+01
   6.2055310e+06   6.0180664e+01
   6.2055840e+06   3.2714844e+01
   6.2056030e+06   3.8208008e+01
   6.2056670e+06   3.5095215e+01
   6.2056930e+06   6.8176270e+01
   6.2057230e+06   4.2785645e+01
   6.2057740e+06   3.8879395e+01
   6.2058070e+06   3.6071777e+01
   6.2058560e+06   3.0090332e+01
   6.2059170e+06   7.3303223e+01
   6.2059350e+06   4.3579102e+01
   6.2059800e+06   3.1127930e+01
   6.2060250e+06   3.1616211e+01
   6.2060540e+06   3.1921387e+01
   6.2061200e+06   3.2043457e+01
   6.2062450e+06   3.2226562e+01
   6.2062830e+06   3.2897949e+01
   6.2063760e+06   3.4667969e+01
   6.2064580e+06   3.1066895e+01
   6.2067480e+06   3.0334473e+01
   6.2069090e+06   3.4729004e+01
   6.2073440e+06   3.3630371e+01
   6.2079170e+06   3.0212402e+01
   6.2082790e+06   3.0883789e+01
   6.2083340e+06   3.1677246e+01
   6.2085760e+06   3.2592773e+01
   6.2088800e+06   3.0517578e+01
   6.2095770e+06   3.0395508e+01
   6.2102320e+06   3.1433105e+01
   6.2114030e+06   3.2348633e+01
   6.2118290e+06   3.0700684e+01
   6.2316300e+06   3.2958984e+01
   6.5524440e+06   4.8461914e+01
   6.5527080e+06   7.4768066e+01
   6.5527420e+06   3.0944824e+01
   6.5527970e+06   5.3283691e+01
   6.5528210e+06   3.3569336e+01
   6.5528350e+06   3.3203125e+01
   6.5528450e+06   3.2836914e+01
   6.5529160e+06   3.4729004e+01
   6.5529690e+06   8.1237793e+01
   6.5529890e+06   3.2531738e+01
   6.5530230e+06   3.7658691e+01
   6.5530570e+06   3.1433105e+01
   6.5531040e+06   3.7414551e+01
   6.5531320e+06   3.0212402e+01
   6.5531650e+06   4.3640137e+01
   6.5532350e+06   3.2043457e+01
   6.5534370e+06   3.3081055e+01
   6.5535590e+06   3.1982422e+01
   6.5541280e+06   3.8146973e+01
   6.5545690e+06   3.7170410e+01
   6.5548930e+06   3.0395508e+01
   6.5550170e+06   3.5888672e+01
   6.5551940e+06   3.3447266e+01
   6.5554890e+06   3.1005859e+01
   6.5555050e+06   3.0212402e+01
   6.5556330e+06   3.1616211e+01
   6.5557650e+06   3.8146973e+01
   6.5561560e+06   3.3142090e+01
   6.5573400e+06   3.1616211e+01
   6.5764600e+06   3.7475586e+01
   6.5774570e+06   3.0151367e+01
   6.5787050e+06   4.7790527e+01
   6.5788520e+06   3.2470703e+01
   6.5788740e+06   6.1828613e+01
   6.5789190e+06   3.8146973e+01
   6.5789960e+06   3.2409668e+01
   6.5791110e+06   3.3020020e+01
   6.5793100e+06   3.2226562e+01
   6.5796290e+06   3.1860352e+01
   6.5799270e+06   3.2409668e+01
   6.5810250e+06   4.0466309e+01
   6.5810560e+06   3.4729004e+01
   6.5992070e+06   3.0456543e+01
   6.6960540e+06   5.3588867e+01
   6.6967440e+06   3.0883789e+01
   6.6971990e+06   4.0283203e+01
   6.6973340e+06   5.3894043e+01
   6.6974500e+06   3.1127930e+01
   6.6975590e+06   5.4992676e+01
   6.6976340e+06   3.2043457e+01
   6.6976880e+06   3.3569336e+01
   6.6976990e+06   6.7749023e+01
   6.6977670e+06   3.7780762e+01
   6.6977970e+06   4.5532227e+01
   6.6978740e+06   3.0700684e+01
   6.6980050e+06   6.8542480e+01
   6.6980320e+06   4.0161133e+01
   6.6980820e+06   3.4973145e+01
   6.6982380e+06   4.1442871e+01
   6.6982740e+06   5.0476074e+01
   6.6984460e+06   4.0649414e+01
   6.6984700e+06   3.1555176e+01
   6.6985360e+06   4.0161133e+01
   6.6985520e+06   3.6376953e+01
   6.6986390e+06   3.1921387e+01
   6.6986520e+06   3.1616211e+01
   6.6987170e+06   3.1188965e+01
   6.6987790e+06   3.2531738e+01
   6.6987940e+06   3.9367676e+01
   6.6989660e+06   3.0151367e+01
   6.6990170e+06   3.1066895e+01
   6.6990780e+06   3.4851074e+01
   6.6992490e+06   3.5095215e+01
   6.6992880e+06   3.1799316e+01
   6.6994150e+06   3.0273438e+01
   6.6994400e+06   5.7800293e+01
   6.6995140e+06   3.2104492e+01
   6.6997380e+06   3.1005859e+01
   6.6997860e+06   4.3579102e+01
   6.6998390e+06   3.2775879e+01
   6.7002460e+06   4.7363281e+01
   6.7006640e+06   3.9367676e+01
   6.7008200e+06   3.2714844e+01
   6.7012350e+06   3.2531738e+01
   6.7019680e+06   3.7536621e+01
   6.7024760e+06   3.5400391e+01
   6.7031330e+06   4.4006348e+01
   6.8333170e+06   4.2358398e+01
   6.8336540e+06   4.7851563e+01
   6.8341300e+06   5.7067871e+01
   6.8342440e+06   3.3264160e+01
   6.8343960e+06   7.8613281e+01
   6.8344190e+06   3.8879395e+01
   6.8344340e+06   3.1616211e+01
   6.8344490e+06   3.2714844e+01
   6.8345030e+06   3.4912109e+01
   6.8345650e+06   3.8635254e+01
   6.8345860e+06   3.3874512e+01
   6.8346220e+06   4.2297363e+01
   6.8346340e+06   6.1157227e+01
   6.8346810e+06   3.6682129e+01
   6.8347110e+06   3.0334473e+01
   6.8348040e+06   5.0781250e+01
   6.8348360e+06   4.6508789e+01
   6.8349460e+06   3.1921387e+01
   6.8350830e+06   3.2897949e+01
   6.8356530e+06   3.1433105e+01
   6.8357500e+06   3.1250000e+01
   6.8359450e+06   3.4667969e+01
   6.8364210e+06   3.0517578e+01
   6.8364540e+06   3.3874512e+01
   6.8366840e+06   3.1250000e+01
   6.8367240e+06   3.0273438e+01
   6.8372360e+06   3.2775879e+01
   6.8377080e+06   3.0822754e+01
   6.8383720e+06   4.5593262e+01
   6.8390490e+06   3.7109375e+01
   6.8396560e+06   3.5339355e+01
   7.1520080e+06   3.0090332e+01
   7.1531760e+06   3.1921387e+01
   7.1539690e+06   3.1005859e+01
   7.1542560e+06   4.4555664e+01
   7.1544070e+06   7.6843262e+01
   7.1544240e+06   3.3081055e+01
   7.1544490e+06   3.0944824e+01
   7.1545000e+06   5.2124023e+01
   7.1545790e+06   3.1921387e+01
   7.1546390e+06   5.5053711e+01
   7.1547340e+06   3.1921387e+01
   7.1547790e+06   4.2724609e+01
   7.1548300e+06   3.7170410e+01
   7.1548440e+06   4.8828125e+01
   7.1549200e+06   3.0273438e+01
   7.1550090e+06   3.0578613e+01
   7.1550740e+06   3.3752441e+01
   7.1551430e+06   3.1860352e+01
   7.1552940e+06   3.1555176e+01
   7.1553150e+06   3.0639648e+01
   7.1556000e+06   3.3813477e+01
   7.1563290e+06   4.4982910e+01
   7.1566810e+06   3.2104492e+01
   7.1570080e+06   3.3508301e+01
   7.1570500e+06   3.0639648e+01
   7.1592650e+06   3.3386230e+01
   7.1613950e+06   3.3386230e+01
   7.3977870e+06   5.8776855e+01
   7.3979640e+06   6.5612793e+01
   7.3980380e+06   4.2785645e+01
   7.3980490e+06   3.5461426e+01
   7.3981200e+06   3.7963867e+01
   7.3981780e+06   4.0100098e+01
   7.3982100e+06   4.3457031e+01
   7.3982270e+06   8.3557129e+01
   7.3982680e+06   3.8269043e+01
   7.3983300e+06   3.6560059e+01
   7.3983750e+06   3.0761719e+01
   7.3983920e+06   3.1921387e+01
   7.3984310e+06   3.4179688e+01
   7.3985360e+06   3.4484863e+01
   7.3986230e+06   3.8635254e+01
   7.3986660e+06   3.8940430e+01
   7.3987120e+06   3.0822754e+01
   7.3989240e+06   3.1372070e+01
   7.3989710e+06   3.8452148e+01
   7.3990210e+06   3.0700684e+01
   7.3991110e+06   3.4484863e+01
   7.4003850e+06   3.1372070e+01
   7.4031610e+06   3.0456543e+01
   7.4031790e+06   3.0395508e+01
   7.4045460e+06   3.0883789e+01
   7.4057410e+06   3.5827637e+01
   7.5601350e+06   3.1921387e+01
   7.5602220e+06   5.4443359e+01
   7.5604500e+06   7.4829102e+01
   7.5605120e+06   4.0710449e+01
   7.5607340e+06   3.2165527e+01
   7.5607640e+06   7.8491211e+01
   7.5608210e+06   3.1188965e+01
   7.5609050e+06   3.2104492e+01
   7.5609260e+06   3.2653809e+01
   7.5610030e+06   3.1860352e+01
   7.5611120e+06   3.1738281e+01
   7.5611760e+06   3.0578613e+01
   7.5612180e+06   3.6743164e+01
   7.5615140e+06   3.1677246e+01
   7.5616670e+06   3.0212402e+01
   7.5617110e+06   3.0151367e+01
   7.5619310e+06   3.5827637e+01
   7.5626760e+06   3.1921387e+01
   7.5628060e+06   3.1738281e+01
   7.5631360e+06   3.5095215e+01
   7.5635040e+06   3.1616211e+01
   7.5638630e+06   3.4423828e+01
   7.5651190e+06   3.0090332e+01
   7.5653100e+06   3.0639648e+01
   7.5667630e+06   3.7597656e+01
   7.5904630e+06   3.2287598e+01
   7.6516090e+06   3.1066895e+01
   7.6518510e+06   4.9865723e+01
   7.6518740e+06   3.0273438e+01
   7.6522440e+06   3.1311035e+01
   7.6523360e+06   4.4555664e+01
   7.6524810e+06   6.2133789e+01
   7.6526820e+06   3.6682129e+01
   7.6528170e+06   6.9091797e+01
   7.6528500e+06   4.1625977e+01
   7.6529220e+06   3.5949707e+01
   7.6529650e+06   3.6376953e+01
   7.6530520e+06   3.6376953e+01
   7.6530820e+06   6.9763184e+01
   7.6531000e+06   3.2226562e+01
   7.6531220e+06   3.1372070e+01
   7.6532070e+06   3.2165527e+01
   7.6533130e+06   3.7841797e+01
   7.6533730e+06   3.1677246e+01
   7.6535630e+06   3.9062500e+01
   7.6536120e+06   3.3569336e+01
   7.6536350e+06   3.0761719e+01
   7.6538340e+06   3.3874512e+01
   7.6538730e+06   5.2185059e+01
   7.6540020e+06   3.0578613e+01
   7.6541170e+06   3.0212402e+01
   7.6541320e+06   3.7353516e+01
   7.6547070e+06   5.0964355e+01
   7.6552810e+06   3.3508301e+01
   7.6553960e+06   3.3874512e+01
   7.6557660e+06   3.9184570e+01
   7.6558260e+06   3.3081055e+01
   7.6558670e+06   3.0090332e+01
   7.6563210e+06   3.0700684e+01
   7.6567750e+06   3.3813477e+01
   7.6573320e+06   3.0151367e+01
   7.6587670e+06   3.0517578e+01
   7.6829150e+06   3.2287598e+01
   7.6865380e+06   3.0090332e+01
   7.8794250e+06   5.4931641e+01
   7.8795130e+06   8.0871582e+01
   7.8796520e+06   3.5522461e+01
   7.8796840e+06   3.8757324e+01
   7.8797110e+06   3.0822754e+01
   7.8797830e+06   3.3569336e+01
   7.8798200e+06   9.9853516e+01
   7.8798820e+06   4.0039062e+01
   7.8800010e+06   3.1188965e+01
   7.8800210e+06   3.1127930e+01
   7.8800310e+06   7.2387695e+01
   7.8800670e+06   3.3752441e+01
   7.8801540e+06   3.8513184e+01
   7.8801730e+06   3.7414551e+01
   7.8802150e+06   3.5705566e+01
   7.8802530e+06   3.0456543e+01
   7.8803600e+06   3.5827637e+01
   7.8805730e+06   3.3752441e+01
   7.8809200e+06   3.1555176e+01
   7.8811860e+06   3.2165527e+01
   7.8819900e+06   3.1372070e+01
   7.8823360e+06   3.1494141e+01
   7.8827720e+06   3.0517578e+01
   7.8831150e+06   3.1982422e+01
   7.8834210e+06   3.0456543e+01
   7.8837960e+06   3.0334473e+01
   7.8842050e+06   3.2409668e+01
   7.8846940e+06   3.8757324e+01
   7.8851510e+06   3.4912109e+01
   7.8857500e+06   3.8940430e+01
   7.9144370e+06   3.0090332e+01
   7.9468140e+06   3.2043457e+01
   7.9478530e+06   5.9265137e+01
   7.9481710e+06   6.3293457e+01
   7.9483410e+06   4.6264648e+01
   7.9485890e+06   7.9345703e+01
   7.9486560e+06   4.6020508e+01
   7.9486690e+06   3.0334473e+01
   7.9487230e+06   3.5705566e+01
   7.9488960e+06   5.8410645e+01
   7.9489450e+06   4.0527344e+01
   7.9490830e+06   3.2409668e+01
   7.9491780e+06   5.3039551e+01
   7.9492710e+06   3.8146973e+01
   7.9493080e+06   3.1188965e+01
   7.9494290e+06   3.5705566e+01
   7.9494430e+06   3.4423828e+01
   7.9495210e+06   3.2958984e+01
   7.9496470e+06   3.2897949e+01
   7.9496620e+06   3.0700684e+01
   7.9497520e+06   3.0212402e+01
   7.9499810e+06   3.3996582e+01
   7.9502900e+06   4.0588379e+01
   7.9506190e+06   3.9306641e+01
   7.9506550e+06   3.0334473e+01
   7.9509410e+06   3.0212402e+01
   7.9512480e+06   3.1860352e+01
   7.9513270e+06   3.2470703e+01
   7.9514210e+06   3.2836914e+01
   7.9520610e+06   3.3935547e+01
   7.9523290e+06   3.3264160e+01
   7.9524590e+06   3.0883789e+01
   7.9528870e+06   3.0639648e+01
   7.9533720e+06   3.7536621e+01
   7.9539830e+06   3.8940430e+01
   8.2514860e+06   4.2968750e+01
   8.2518040e+06   3.1433105e+01
   8.2518670e+06   4.4860840e+01
   8.2518900e+06   6.8176270e+01
   8.2519960e+06   3.9123535e+01
   8.2520410e+06   3.0700684e+01
   8.2520700e+06   3.2592773e+01
   8.2521150e+06   3.1188965e+01
   8.2521440e+06   4.0344238e+01
   8.2521590e+06   3.5034180e+01
   8.2521850e+06   3.3508301e+01
   8.2522640e+06   3.0334473e+01
   8.2522920e+06   3.4240723e+01
   8.2523040e+06   3.2836914e+01
   8.2523340e+06   4.6325684e+01
   8.2523560e+06   5.0231934e+01
   8.2524270e+06   3.8818359e+01
   8.2524510e+06   3.1250000e+01
   8.2524870e+06   3.4057617e+01
   8.2525750e+06   3.0212402e+01
   8.2526770e+06   3.1738281e+01
   8.2527640e+06   3.0212402e+01
   8.2528880e+06   3.0761719e+01
   8.2531310e+06   3.6193848e+01
   8.2535180e+06   3.0090332e+01
   8.2554750e+06   3.4362793e+01
   8.2572820e+06   3.5095215e+01
   8.2577510e+06   3.1372070e+01
   8.2583850e+06   3.2165527e+01
   8.2730360e+06   3.4057617e+01
   8.2766090e+06   3.0700684e+01
   8.2818620e+06   3.1250000e+01
   8.3004810e+06   3.1188965e+01
   8.4724090e+06   5.4138184e+01
   8.4726510e+06   6.8786621e+01
   8.4727570e+06   3.1616211e+01
   8.4727860e+06   4.0344238e+01
   8.4728520e+06   3.0090332e+01
   8.4728740e+06   3.2165527e+01
   8.4729010e+06   3.3020020e+01
   8.4729380e+06   3.6254883e+01
   8.4729560e+06   5.4321289e+01
   8.4729860e+06   3.6132812e+01
   8.4730320e+06   3.2226563e+01
   8.4730760e+06   3.0334473e+01
   8.4731180e+06   4.1259766e+01
   8.4731820e+06   7.3730469e+01
   8.4731950e+06   3.0273438e+01
   8.4732370e+06   3.6437988e+01
   8.4732910e+06   3.1066895e+01
   8.4733340e+06   3.0883789e+01
   8.4733680e+06   3.4423828e+01
   8.4734110e+06   3.5705566e+01
   8.4752840e+06   3.0761719e+01
   8.4758870e+06   3.1982422e+01
   8.5093470e+06   3.1921387e+01
   8.6764100e+06   5.1818848e+01
   8.6764630e+06   3.3264160e+01
   8.6764760e+06   3.3203125e+01
   8.6765090e+06   5.3466797e+01
   8.6765290e+06   3.9855957e+01
   8.6765760e+06   3.3386230e+01
   8.6765980e+06   4.0832520e+01
   8.6766300e+06   9.3017578e+01
   8.6766550e+06   3.0273438e+01
   8.6766800e+06   3.1188965e+01
   8.6767280e+06   3.1982422e+01
   8.6767750e+06   4.1198730e+01
   8.6767880e+06   8.5815430e+01
   8.6768420e+06   3.4667969e+01
   8.6768650e+06   3.1188965e+01
   8.6769270e+06   5.4443359e+01
   8.6770480e+06   3.2104492e+01
   8.6772110e+06   3.1921387e+01
   8.6772460e+06   4.4250488e+01
   8.6776950e+06   3.3325195e+01
   8.6789970e+06   3.0578613e+01
   8.6795830e+06   3.4057617e+01
   8.6802110e+06   3.6193848e+01
   8.6815350e+06   3.2897949e+01
   8.6828350e+06   3.4851074e+01
   8.6889110e+06   3.1066895e+01
   8.6982020e+06   3.9062500e+01
   8.6988980e+06   3.0212402e+01
   8.6992340e+06   5.9631348e+01
   8.6993030e+06   4.0283203e+01
   8.6994710e+06   3.2653809e+01
   8.6995470e+06   5.5419922e+01
   8.6997360e+06   3.4545898e+01
   8.6997730e+06   4.0893555e+01
   8.6998090e+06   3.1616211e+01
   8.7001620e+06   3.0883789e+01
   8.7004220e+06   3.0883789e+01
   8.7005080e+06   3.4667969e+01
   8.7005310e+06   3.1799316e+01
   8.7006520e+06   3.0273438e+01
   8.7097300e+06   3.2653809e+01
   8.7162140e+06   3.3325195e+01
   8.7259340e+06   3.0334473e+01
   8.7352900e+06   3.0395508e+01
   8.9055880e+06   5.0781250e+01
   8.9056640e+06   3.4179688e+01
   8.9058240e+06   6.8298340e+01
   8.9058970e+06   5.1452637e+01
   8.9059660e+06   3.0151367e+01
   8.9060340e+06   3.3935547e+01
   8.9060510e+06   3.1311035e+01
   8.9061000e+06   4.0771484e+01
   8.9062020e+06   4.3395996e+01
   8.9062170e+06   3.3691406e+01
   8.9062970e+06   3.5034180e+01
   8.9063280e+06   6.5185547e+01
   8.9063780e+06   4.0039062e+01
   8.9065000e+06   3.4790039e+01
   8.9065610e+06   3.9062500e+01
   8.9067470e+06   3.1311035e+01
   8.9068730e+06   3.2836914e+01
   8.9072770e+06   3.8208008e+01
   8.9080180e+06   3.2775879e+01
   8.9083300e+06   3.1677246e+01
   8.9089650e+06   3.2897949e+01
   8.9093720e+06   3.4240723e+01
   8.9096230e+06   3.9672852e+01
   8.9096490e+06   3.0822754e+01
   8.9103250e+06   3.7536621e+01
   8.9119720e+06   3.2653809e+01
   8.9133650e+06   3.0578613e+01
   8.9331290e+06   3.0090332e+01
   9.0931700e+06   4.8889160e+01
   9.0934200e+06   4.7485352e+01
   9.0938100e+06   3.1250000e+01
   9.0938910e+06   4.4616699e+01
   9.0939200e+06   3.4240723e+01
   9.0941190e+06   3.7231445e+01
   9.0943410e+06   5.6823730e+01
   9.0943760e+06   6.6589355e+01
   9.0944490e+06   3.8452148e+01
   9.0944670e+06   3.2470703e+01
   9.0944820e+06   4.3334961e+01
   9.0945240e+06   3.4667969e+01
   9.0945540e+06   3.2653809e+01
   9.0945700e+06   6.6162109e+01
   9.0946360e+06   3.2043457e+01
   9.0947480e+06   5.6396484e+01
   9.0949300e+06   3.1921387e+01
   9.0949420e+06   3.6499023e+01
   9.0949670e+06   3.4851074e+01
   9.0951490e+06   3.3142090e+01
   9.0952010e+06   3.6132812e+01
   9.0954880e+06   3.5705566e+01
   9.0957400e+06   3.2836914e+01
   9.0962870e+06   3.0761719e+01
   9.0971730e+06   3.2226563e+01
   9.0995870e+06   3.1372070e+01
   9.1000730e+06   3.3813477e+01
   9.1006150e+06   3.3508301e+01
   9.1054200e+06   3.1372070e+01
   9.1078440e+06   3.0883789e+01
   9.2465150e+06   3.0639648e+01
   9.2475650e+06   4.7241211e+01
   9.2480060e+06   4.6447754e+01
   9.2480800e+06   6.8542480e+01
   9.2482100e+06   3.2165527e+01
   9.2483000e+06   4.2724609e+01
   9.2483490e+06   3.1066895e+01
   9.2484240e+06   3.3081055e+01
   9.2484570e+06   6.3293457e+01
   9.2485290e+06   3.6132812e+01
   9.2485680e+06   3.2897949e+01
   9.2486650e+06   3.0212402e+01
   9.2487040e+06   6.0424805e+01
   9.2487870e+06   3.8513184e+01
   9.2488770e+06   3.4729004e+01
   9.2489360e+06   3.2043457e+01
   9.2489920e+06   3.5705566e+01
   9.2490730e+06   3.2104492e+01
   9.2491150e+06   3.0517578e+01
   9.2496390e+06   3.0334473e+01
   9.2502130e+06   3.4118652e+01
   9.2508240e+06   3.1921387e+01
   9.2509970e+06   3.0578613e+01
   9.2513370e+06   3.3630371e+01
   9.2527280e+06   3.2165527e+01
   9.2529040e+06   3.1188965e+01
   9.2544300e+06   3.1799316e+01
   9.2627380e+06   3.1250000e+01
   9.2655630e+06   3.5217285e+01
   9.3217190e+06   3.0761719e+01
   9.4406080e+06   5.0415039e+01
   9.4422900e+06   4.2236328e+01
   9.4424000e+06   3.3081055e+01
   9.4425390e+06   3.1188965e+01
   9.4425800e+06   3.2653809e+01
   9.4426220e+06   4.7363281e+01
   9.4426760e+06   3.5705566e+01
   9.4426960e+06   3.5888672e+01
   9.4427230e+06   3.1677246e+01
   9.4427450e+06   3.2226562e+01
   9.4427790e+06   3.0334473e+01
   9.4428500e+06   3.1433105e+01
   9.4428670e+06   7.7575684e+01
   9.4429000e+06   3.2165527e+01
   9.4429690e+06   3.3142090e+01
   9.4430040e+06   3.0517578e+01
   9.4430760e+06   5.0048828e+01
   9.4430990e+06   3.2104492e+01
   9.4431720e+06   3.9123535e+01
   9.4431960e+06   3.8452148e+01
   9.4432360e+06   3.2165527e+01
   9.4433590e+06   3.2653809e+01
   9.4433800e+06   3.5705566e+01
   9.4434970e+06   3.1372070e+01
   9.4437210e+06   4.4311523e+01
   9.4438950e+06   3.2104492e+01
   9.4442420e+06   3.4362793e+01
   9.4451840e+06   3.2897949e+01
   9.4452450e+06   3.1921387e+01
   9.4452620e+06   3.1005859e+01
   9.4478600e+06   3.2714844e+01
   9.4483310e+06   3.1555176e+01
   9.4561300e+06   3.0212402e+01
   9.7051650e+06   4.6203613e+01
   9.7052230e+06   3.1555176e+01
   9.7052390e+06   3.0639648e+01
   9.7052720e+06   3.6132812e+01
   9.7053030e+06   3.2165527e+01
   9.7053570e+06   7.8491211e+01
   9.7053910e+06   3.3813477e+01
   9.7054070e+06   3.5888672e+01
   9.7054420e+06   3.3203125e+01
   9.7055270e+06   7.0495605e+01
   9.7055390e+06   4.8339844e+01
   9.7055860e+06   3.1982422e+01
   9.7056060e+06   3.6743164e+01
   9.7056870e+06   3.5644531e+01
   9.7058280e+06   3.4790039e+01
   9.7059010e+06   3.5827637e+01
   9.7060410e+06   3.1982422e+01
   9.7061910e+06   3.4729004e+01
   9.7068800e+06   3.2592773e+01
   9.7074260e+06   3.0334473e+01
   9.7079570e+06   3.0334473e+01
   9.7079960e+06   3.0822754e+01
   9.7086860e+06   3.3386230e+01
   9.7090050e+06   3.5522461e+01
   9.7108970e+06   3.0700684e+01
   9.7114730e+06   3.6560059e+01
   9.7193960e+06   3.2653809e+01
   9.7290460e+06   3.1250000e+01
   9.7457300e+06   3.0700684e+01
   9.9746420e+06   5.0720215e+01
   9.9777870e+06   3.3203125e+01
   9.9779790e+06   4.7241211e+01
   9.9779990e+06   7.9956055e+01
   9.9780140e+06   4.0283203e+01
   9.9781980e+06   3.4973145e+01
   9.9782980e+06   6.9030762e+01
   9.9783130e+06   5.5908203e+01
   9.9783830e+06   3.3935547e+01
   9.9784800e+06   3.7353516e+01
   9.9785280e+06   3.2043457e+01
   9.9785390e+06   6.4392090e+01
   9.9785770e+06   3.1738281e+01
   9.9785940e+06   3.7048340e+01
   9.9787100e+06   3.4118652e+01
   9.9788010e+06   3.3630371e+01
   9.9792080e+06   3.0639648e+01
   9.9792510e+06   3.4790039e+01
   9.9801540e+06   3.0334473e+01
   9.9804080e+06   3.2531738e+01
   9.9809800e+06   3.2714844e+01
   9.9815500e+06   3.8208008e+01
   9.9839330e+06   3.3691406e+01
   9.9845730e+06   3.5034180e+01
   1.0073027e+07   3.1188965e+01
   1.0073784e+07   4.2175293e+01
   1.0074262e+07   4.2907715e+01
   1.0074287e+07   6.1645508e+01
   1.0074404e+07   3.5949707e+01
   1.0074504e+07   3.1555176e+01
   1.0074581e+07   4.7973633e+01
   1.0074675e+07   3.7963867e+01
   1.0074688e+07   7.1350098e+01
   1.0074720e+07   3.1005859e+01
   1.0074794e+07   3.4729004e+01
   1.0074829e+07   3.3447266e+01
   1.0074889e+07   3.1921387e+01
   1.0074976e+07   5.4931641e+01
   1.0075059e+07   3.4179688e+01
   1.0075081e+07   4.2053223e+01
   1.0075143e+07   3.8818359e+01
   1.0075209e+07   5.2795410e+01
   1.0075241e+07   3.1555176e+01
   1.0075270e+07   3.1127930e+01
   1.0075511e+07   3.1372070e+01
   1.0075731e+07   4.0893555e+01
   1.0075838e+07   3.0944824e+01
   1.0076003e+07   3.5156250e+01
   1.0076056e+07   3.2958984e+01
   1.0077002e+07   3.3508301e+01
   1.0077144e+07   3.0212402e+01
   1.0077682e+07   3.0517578e+01
   1.0078972e+07   4.0466309e+01
   1.0079863e+07   3.4667969e+01
   1.0080352e+07   3.0273437e+01
   1.0080921e+07   3.2470703e+01
   1.0103923e+07   3.1311035e+01
   1.0299532e+07   4.7363281e+01
   1.0299640e+07   6.2133789e+01
   1.0299656e+07   3.8513184e+01
   1.0299688e+07   3.8208008e+01
   1.0299699e+07   3.8818359e+01
   1.0299720e+07   3.3935547e+01
   1.0299761e+07   5.5847168e+01
   1.0299775e+07   7.7026367e+01
   1.0299811e+07   3.8330078e+01
   1.0299857e+07   4.2358398e+01
   1.0299915e+07   3.6315918e+01
   1.0299941e+07   6.7199707e+01
   1.0299980e+07   3.1433105e+01
   1.0300023e+07   3.0456543e+01
   1.0300061e+07   3.2287598e+01
   1.0300108e+07   3.7963867e+01
   1.0300187e+07   3.0456543e+01
   1.0300608e+07   3.4240723e+01
   1.0300730e+07   4.2785645e+01
   1.0300955e+07   3.0273438e+01
   1.0300984e+07   3.4057617e+01
   1.0301040e+07   3.0578613e+01
   1.0301251e+07   3.4240723e+01
   1.0301877e+07   3.2104492e+01
   1.0302402e+07   3.1127930e+01
   1.0302511e+07   3.0456543e+01
   1.0304013e+07   3.3752441e+01
   1.0304722e+07   3.2653809e+01
   1.0305746e+07   3.0273438e+01
   1.0310191e+07   3.2287598e+01
   1.0311518e+07   3.0822754e+01
   1.0328957e+07   3.0517578e+01
   1.0539731e+07   3.3203125e+01
   1.0540122e+07   3.0761719e+01
   1.0540702e+07   5.6945801e+01
   1.0540715e+07   3.0639648e+01
   1.0540814e+07   3.9672852e+01
   1.0540850e+07   3.5827637e+01
   1.0540888e+07   7.4401855e+01
   1.0540963e+07   4.5776367e+01
   1.0541008e+07   3.7109375e+01
   1.0541036e+07   3.4851074e+01
   1.0541071e+07   3.1738281e+01
   1.0541119e+07   3.3386230e+01
   1.0541138e+07   7.3547363e+01
   1.0541181e+07   3.0212402e+01
   1.0541219e+07   3.1799316e+01
   1.0541325e+07   3.1799316e+01
   1.0541337e+07   5.1452637e+01
   1.0541406e+07   3.3569336e+01
   1.0541451e+07   3.0456543e+01
   1.0541478e+07   3.1372070e+01
   1.0541646e+07   3.7292480e+01
   1.0541757e+07   3.0639648e+01
   1.0541989e+07   3.0822754e+01
   1.0542473e+07   3.0822754e+01
   1.0542706e+07   3.1616211e+01
   1.0543009e+07   3.7719727e+01
   1.0543138e+07   3.0578613e+01
   1.0544609e+07   3.1188965e+01
   1.0544741e+07   3.0212402e+01
   1.0546135e+07   3.0395508e+01
   1.0546571e+07   3.0639648e+01
   1.0547252e+07   4.3212891e+01
   1.0554501e+07   3.3874512e+01
   1.0556767e+07   3.2104492e+01
   1.0583703e+07   6.3232422e+01
   1.0584278e+07   3.2653809e+01
   1.0584525e+07   6.9702148e+01
   1.0584659e+07   3.2287598e+01
   1.0584693e+07   3.3264160e+01
   1.0584850e+07   3.6987305e+01
   1.0584892e+07   3.3630371e+01
   1.0584909e+07   6.1523438e+01
   1.0585096e+07   3.2714844e+01
   1.0585198e+07   5.5786133e+01
   1.0585225e+07   3.5766602e+01
   1.0585490e+07   5.4382324e+01
   1.0585633e+07   3.4484863e+01
   1.0585665e+07   3.4240723e+01
   1.0585695e+07   3.0761719e+01
   1.0585759e+07   3.7841797e+01
   1.0586275e+07   3.2531738e+01
   1.0586549e+07   4.6264648e+01
   1.0586858e+07   3.3142090e+01
   1.0587146e+07   3.1677246e+01
   1.0589163e+07   3.4851074e+01
   1.0871703e+07   4.3273926e+01
   1.0872264e+07   5.1574707e+01
   1.0872564e+07   4.6936035e+01
   1.0872574e+07   6.6040039e+01
   1.0872587e+07   3.1677246e+01
   1.0872613e+07   3.5400391e+01
   1.0872760e+07   3.4179688e+01
   1.0872778e+07   4.0344238e+01
   1.0872814e+07   4.3762207e+01
   1.0872841e+07   3.4301758e+01
   1.0872857e+07   7.2448730e+01
   1.0872883e+07   3.2165527e+01
   1.0872907e+07   3.7048340e+01
   1.0872925e+07   3.2531738e+01
   1.0872985e+07   3.1433105e+01
   1.0873025e+07   3.3569336e+01
   1.0873044e+07   3.4118652e+01
   1.0873064e+07   5.6884766e+01
   1.0873095e+07   4.2480469e+01
   1.0873249e+07   3.3264160e+01
   1.0873302e+07   3.1555176e+01
   1.0873329e+07   3.1921387e+01
   1.0873459e+07   3.8513184e+01
   1.0874714e+07   3.0334473e+01
   1.0876825e+07   3.2287598e+01
   1.0877145e+07   3.1372070e+01
   1.0886964e+07   3.1616211e+01
   1.0914057e+07   3.6621094e+01
   1.0915645e+07   3.2226562e+01
   1.0929492e+07   3.4729004e+01
   1.1088469e+07   4.6447754e+01
   1.1088746e+07   5.0964355e+01
   1.1088837e+07   4.9499512e+01
   1.1088899e+07   3.3996582e+01
   1.1088911e+07   3.4851074e+01
   1.1088939e+07   5.5236816e+01
   1.1088984e+07   3.1677246e+01
   1.1089013e+07   3.1372070e+01
   1.1089048e+07   3.5949707e+01
   1.1089071e+07   3.8757324e+01
   1.1089086e+07   5.3527832e+01
   1.1089120e+07   3.0273437e+01
   1.1089176e+07   3.0883789e+01
   1.1089193e+07   6.8908691e+01
   1.1089270e+07   3.0395508e+01
   1.1089349e+07   4.2419434e+01
   1.1089381e+07   5.8532715e+01
   1.1089422e+07   3.1250000e+01
   1.1089642e+07   3.0700684e+01
   1.1089769e+07   3.2104492e+01
   1.1090037e+07   3.1982422e+01
   1.1091033e+07   3.6437988e+01
   1.1091081e+07   3.0578613e+01
   1.1091325e+07   3.4606934e+01
   1.1091798e+07   3.4118652e+01
   1.1094107e+07   3.0395508e+01
   1.1111923e+07   3.3447266e+01
   1.1117520e+07   3.2653809e+01
   1.1200267e+07   4.8889160e+01
   1.1200486e+07   4.3518066e+01
   1.1200512e+07   4.2175293e+01
   1.1200541e+07   8.5266113e+01
   1.1200560e+07   3.4729004e+01
   1.1200587e+07   4.4677734e+01
   1.1200621e+07   3.2348633e+01
   1.1200688e+07   3.0639648e+01
   1.1200738e+07   3.5461426e+01
   1.1200837e+07   3.1250000e+01
   1.1200866e+07   3.7353516e+01
   1.1200947e+07   3.8085938e+01
   1.1201068e+07   3.1066895e+01
   1.1201113e+07   3.1616211e+01
   1.1201127e+07   3.3935547e+01
   1.1201275e+07   3.7658691e+01
   1.1201335e+07   3.4362793e+01
   1.1201435e+07   3.1372070e+01
   1.1201514e+07   3.3203125e+01
   1.1201783e+07   3.2714844e+01
   1.1201982e+07   3.3386230e+01
   1.1202154e+07   3.1982422e+01
   1.1202478e+07   3.7963867e+01
   1.1203108e+07   3.2165527e+01
   1.1203190e+07   3.4790039e+01
   1.1203229e+07   3.2775879e+01
   1.1203538e+07   4.0039062e+01
   1.1203560e+07   3.5705566e+01
   1.1203917e+07   3.8146973e+01
   1.1204192e+07   3.1250000e+01
   1.1204342e+07   3.6987305e+01
   1.1206028e+07   3.3203125e+01
   1.1206961e+07   3.2409668e+01
   1.1214828e+07   3.3142090e+01
   1.1215018e+07   3.1127930e+01
   1.1291138e+07   3.0761719e+01
   1.1431682e+07   3.6682129e+01
   1.1431697e+07   6.8176270e+01
   1.1431743e+07   3.5400391e+01
   1.1431770e+07   4.1076660e+01
   1.1431789e+07   3.3386230e+01
   1.1431839e+07   3.1494141e+01
   1.1431865e+07   3.9428711e+01
   1.1431879e+07   7.5744629e+01
   1.1431905e+07   3.3691406e+01
   1.1431971e+07   4.9194336e+01
   1.1432060e+07   5.9020996e+01
   1.1432158e+07   3.1677246e+01
   1.1432174e+07   3.3752441e+01
   1.1432199e+07   3.0761719e+01
   1.1432218e+07   3.9855957e+01
   1.1432366e+07   3.5644531e+01
   1.1432409e+07   3.1616211e+01
   1.1432916e+07   3.6804199e+01
   1.1433195e+07   3.5522461e+01
   1.1433448e+07   3.4179688e+01
   1.1433791e+07   3.1066895e+01
   1.1434160e+07   3.3264160e+01
   1.1434311e+07   3.1066895e+01
   1.1434585e+07   3.3630371e+01
   1.1435313e+07   3.2226562e+01
   1.1436056e+07   3.4240723e+01
   1.1436397e+07   3.1738281e+01
   1.1437680e+07   3.1188965e+01
   1.1600170e+07   4.8034668e+01
   1.1600530e+07   4.7729492e+01
   1.1600610e+07   3.2348633e+01
   1.1600688e+07   8.4228516e+01
   1.1600723e+07   3.3264160e+01
   1.1600769e+07   3.4179688e+01
   1.1600806e+07   3.4057617e+01
   1.1600893e+07   3.5400391e+01
   1.1600922e+07   3.0273438e+01
   1.1600945e+07   5.6457520e+01
   1.1600991e+07   3.1311035e+01
   1.1601008e+07   3.6071777e+01
   1.1601035e+07   5.3894043e+01
   1.1601105e+07   3.6865234e+01
   1.1601120e+07   3.8696289e+01
   1.1601165e+07   3.6682129e+01
   1.1601189e+07   3.9306641e+01
   1.1601265e+07   3.2043457e+01
   1.1601499e+07   3.4729004e+01
   1.1601532e+07   4.0100098e+01
   1.1601603e+07   3.4729004e+01
   1.1601663e+07   3.1616211e+01
   1.1601990e+07   3.0212402e+01
   1.1602022e+07   3.7719727e+01
   1.1603282e+07   3.1372070e+01
   1.1603385e+07   3.0212402e+01
   1.1604826e+07   3.3325195e+01
   1.1605647e+07   3.3142090e+01
   1.1605743e+07   3.1250000e+01
   1.1606218e+07   3.7231445e+01
   1.1606693e+07   3.5095215e+01
   1.1608486e+07   3.1738281e+01
   1.1627011e+07   3.3325195e+01
   1.1671594e+07   4.7973633e+01
   1.1671884e+07   3.2775879e+01
   1.1671919e+07   4.2663574e+01
   1.1672021e+07   3.0578613e+01
   1.1672071e+07   3.3569336e+01
   1.1672151e+07   3.2836914e+01
   1.1672180e+07   7.5988770e+01
   1.1672301e+07   5.6518555e+01
   1.1672344e+07   3.2531738e+01
   1.1672363e+07   3.4423828e+01
   1.1672397e+07   3.0273438e+01
   1.1672409e+07   4.4250488e+01
   1.1672498e+07   7.2265625e+01
   1.1672512e+07   4.3334961e+01
   1.1672568e+07   3.0761719e+01
   1.1672610e+07   3.1311035e+01
   1.1672704e+07   3.6010742e+01
   1.1672722e+07   3.3508301e+01
   1.1672755e+07   5.3649902e+01
   1.1672791e+07   3.3996582e+01
   1.1672825e+07   3.6865234e+01
   1.1672927e+07   3.0578613e+01
   1.1673013e+07   5.3161621e+01
   1.1673050e+07   3.4545898e+01
   1.1673105e+07   3.0578613e+01
   1.1673140e+07   3.3325195e+01
   1.1673158e+07   3.2287598e+01
   1.1673306e+07   3.1494141e+01
   1.1673419e+07   3.3142090e+01
   1.1673429e+07   3.4179688e+01
   1.1673504e+07   3.3508301e+01
   1.1674008e+07   3.1799316e+01
   1.1674737e+07   3.1677246e+01
   1.1675136e+07   3.2592773e+01
   1.1675469e+07   3.0822754e+01
   1.1676322e+07   3.3447266e+01
   1.1676777e+07   3.1860352e+01
   1.1677244e+07   4.0405273e+01
   1.1677756e+07   3.0883789e+01
   1.1678469e+07   3.0334473e+01
   1.1684158e+07   3.0700684e+01
   1.1689449e+07   3.6743164e+01
   1.1690813e+07   3.0578613e+01
   1.1693650e+07   3.0761719e+01
   1.1753239e+07   3.1188965e+01
   1.1753949e+07   5.6091309e+01
   1.1754098e+07   3.6437988e+01
   1.1754416e+07   3.8940430e+01
   1.1754430e+07   7.4340820e+01
   1.1754484e+07   3.3996582e+01
   1.1754613e+07   3.2226562e+01
   1.1754647e+07   3.1616211e+01
   1.1754699e+07   3.8879395e+01
   1.1754788e+07   3.2348633e+01
   1.1754822e+07   6.1157227e+01
   1.1754894e+07   3.7902832e+01
   1.1755100e+07   6.5612793e+01
   1.1755128e+07   3.4179688e+01
   1.1755181e+07   3.4667969e+01
   1.1755350e+07   3.9306641e+01
   1.1755470e+07   4.9804688e+01
   1.1755592e+07   3.3203125e+01
   1.1755612e+07   3.2287598e+01
   1.1755675e+07   3.1005859e+01
   1.1755896e+07   3.0700684e+01
   1.1756059e+07   3.1738281e+01
   1.1756087e+07   3.1860352e+01
   1.1756393e+07   3.3996582e+01
   1.1756478e+07   3.5522461e+01
   1.1756853e+07   3.1188965e+01
   1.1757169e+07   3.1188965e+01
   1.1757699e+07   3.5949707e+01
   1.1757932e+07   3.1188965e+01
   1.1758379e+07   4.1076660e+01
   1.1758796e+07   3.3569336e+01
   1.1759508e+07   3.5278320e+01
   1.1760424e+07   4.2053223e+01
   1.1960904e+07   5.0292969e+01
   1.1961323e+07   4.3884277e+01
   1.1961377e+07   6.7626953e+01
   1.1961422e+07   3.3447266e+01
   1.1961583e+07   5.7373047e+01
   1.1961685e+07   3.0883789e+01
   1.1961733e+07   3.2104492e+01
   1.1961765e+07   4.4616699e+01
   1.1961913e+07   6.8542480e+01
   1.1962025e+07   3.1555176e+01
   1.1962057e+07   3.0700684e+01
   1.1962103e+07   4.4433594e+01
   1.1962162e+07   3.0639648e+01
   1.1962285e+07   4.7058105e+01
   1.1962378e+07   3.5766602e+01
   1.1962631e+07   3.3325195e+01
   1.1962691e+07   3.7658691e+01
   1.1964993e+07   3.7963867e+01
   1.1967616e+07   3.8635254e+01
   1.1987210e+07   3.1250000e+01
