   1.1996000e+07   0.0000000e+00
   2.3253100e+05   1.1047363e+01
   8.3300700e+05   1.0986328e+01
   1.0097690e+06   1.1596680e+01
   1.0288420e+06   1.1596680e+01
   1.4924250e+06   1.1108398e+01
   2.2896620e+06   1.1047363e+01
   4.2380590e+06   1.1108398e+01
   4.4121640e+06   1.1535645e+01
   4.7929860e+06   1.0986328e+01
   5.7372260e+06   1.1230469e+01
   8.6409190e+06   1.1291504e+01
   8.6856940e+06   1.1840820e+01
   8.9240170e+06   1.0986328e+01
   9.0822150e+06   1.1352539e+01
   1.0089841e+07   1.1474609e+01
   1.0611271e+07   1.1535645e+01
   1.1401672e+07   1.1596680e+01
