   1.1322000e+07   0.0000000e+00
   6.5731400e+05   3.9123535e+01
   6.5734800e+05   4.0161133e+01
   6.5743900e+05   3.8818359e+01
   6.5753200e+05   4.0588379e+01
   7.0123200e+05   3.6987305e+01
   1.9091690e+06   4.4006348e+01
   1.9165210e+06   3.7292480e+01
   2.0198160e+06   5.1574707e+01
   2.0918480e+06   3.8452148e+01
   2.0920710e+06   4.2175293e+01
   2.0926810e+06   3.7902832e+01
   2.0935810e+06   3.8635254e+01
   2.1569480e+06   4.7302246e+01
   2.1575110e+06   4.8034668e+01
   2.1746390e+06   4.2846680e+01
   2.2028410e+06   3.8085938e+01
   2.2031040e+06   3.7292480e+01
   2.3077340e+06   3.6987305e+01
   2.3088140e+06   3.6926270e+01
   3.0798000e+06   3.8452148e+01
   3.1131390e+06   4.2236328e+01
   3.1132490e+06   4.1198730e+01
   3.1145880e+06   3.9550781e+01
   3.1512840e+06   4.1137695e+01
   3.1669130e+06   3.8635254e+01
   3.2314240e+06   4.1748047e+01
   3.2469690e+06   4.1015625e+01
   3.2864820e+06   3.9428711e+01
   3.2869100e+06   3.8574219e+01
   3.3290000e+06   3.7841797e+01
   3.3546020e+06   4.0222168e+01
   3.3952610e+06   3.8146973e+01
   3.4424320e+06   4.1748047e+01
   3.4426940e+06   4.7912598e+01
   3.4881410e+06   3.9611816e+01
   3.5348090e+06   3.7536621e+01
   3.7461230e+06   3.8208008e+01
   3.7687800e+06   3.8330078e+01
   4.0485250e+06   3.9489746e+01
   4.1489550e+06   4.7546387e+01
   4.1495270e+06   4.2541504e+01
   4.1676590e+06   4.3701172e+01
   4.2034510e+06   4.3884277e+01
   4.2062830e+06   3.7719727e+01
   4.2881650e+06   4.4494629e+01
   4.3116670e+06   3.7963867e+01
   4.3361480e+06   3.7597656e+01
   4.4401130e+06   4.0893555e+01
   4.4831000e+06   3.9306641e+01
   4.4833520e+06   4.1564941e+01
   4.5644180e+06   4.0466309e+01
   4.5916400e+06   3.7780762e+01
   4.6108390e+06   3.8757324e+01
   4.6639620e+06   3.7963867e+01
   4.6876690e+06   3.9550781e+01
   4.7337260e+06   3.7902832e+01
   4.7465070e+06   3.8452148e+01
   4.7924970e+06   4.4372559e+01
   4.8608720e+06   4.6386719e+01
   5.4253520e+06   4.3029785e+01
   5.6560690e+06   4.3945312e+01
   5.6577900e+06   3.9184570e+01
   5.6746530e+06   3.8635254e+01
   5.7203160e+06   3.8208008e+01
   5.8856430e+06   3.8574219e+01
   5.8858050e+06   4.4799805e+01
   5.8861300e+06   3.9672852e+01
   5.9186640e+06   3.9123535e+01
   5.9343700e+06   3.7231445e+01
   5.9473780e+06   4.1259766e+01
   6.5140710e+06   4.4860840e+01
   6.5339970e+06   4.6447754e+01
   6.5545800e+06   3.8574219e+01
   6.5730900e+06   3.8818359e+01
   6.5733240e+06   3.9550781e+01
   6.5742000e+06   3.8146973e+01
   6.7027380e+06   4.5837402e+01
   6.7127090e+06   3.9489746e+01
   6.7130910e+06   3.8024902e+01
   6.7414730e+06   3.8513184e+01
   6.7616390e+06   3.8513184e+01
   6.7617810e+06   3.9367676e+01
   7.2856160e+06   4.1015625e+01
   7.2857650e+06   3.9062500e+01
   7.2859410e+06   4.4372559e+01
   7.3013980e+06   3.9062500e+01
   7.3383860e+06   4.4128418e+01
   7.3394430e+06   3.8696289e+01
   7.3962570e+06   3.8940430e+01
   7.4421240e+06   3.7658691e+01
   7.4491200e+06   3.7841797e+01
   7.4500330e+06   4.0100098e+01
   7.5120050e+06   3.8635254e+01
   7.5121990e+06   4.2114258e+01
   7.5498650e+06   3.9428711e+01
   7.5870100e+06   3.8757324e+01
   7.6664820e+06   3.7475586e+01
   7.6667370e+06   4.0161133e+01
   8.6245290e+06   4.2846680e+01
   8.6246480e+06   5.6640625e+01
   8.6251800e+06   3.8635254e+01
   8.6253880e+06   4.1687012e+01
   8.6258850e+06   3.7597656e+01
   8.6395170e+06   3.9062500e+01
   8.6430240e+06   4.5410156e+01
   8.6767960e+06   3.9184570e+01
   8.6770610e+06   3.7292480e+01
   8.6770850e+06   3.9245605e+01
   8.7123100e+06   4.3701172e+01
   8.7123800e+06   3.9794922e+01
   8.7957550e+06   4.2480469e+01
   8.7959300e+06   3.8574219e+01
   8.7964190e+06   4.0405273e+01
   8.7970750e+06   3.9428711e+01
   8.8711900e+06   4.4555664e+01
   8.8713890e+06   4.0039062e+01
   8.8719350e+06   4.3090820e+01
   8.9111910e+06   3.8269043e+01
   8.9465980e+06   4.1076660e+01
   9.0101430e+06   4.0222168e+01
   9.8437780e+06   3.9550781e+01
   9.8439260e+06   3.8085938e+01
   9.8849450e+06   3.8269043e+01
   1.0019518e+07   3.8574219e+01
   1.0037799e+07   3.9489746e+01
   1.0053459e+07   4.1076660e+01
   1.0069283e+07   4.1320801e+01
   1.0092283e+07   3.7841797e+01
   1.0135754e+07   4.1992188e+01
   1.0136414e+07   4.2541504e+01
   1.0197066e+07   4.2602539e+01
   1.0197590e+07   4.7363281e+01
   1.0233434e+07   3.9672852e+01
   1.0233478e+07   3.7536621e+01
   1.0302644e+07   3.7597656e+01
   1.0375062e+07   3.8696289e+01
   1.0387744e+07   3.8757324e+01
   1.0387947e+07   4.3029785e+01
   1.0464741e+07   4.1748047e+01
   1.0464978e+07   3.9062500e+01
   1.0486265e+07   3.9855957e+01
   1.0497037e+07   3.9855957e+01
   1.0537228e+07   3.9916992e+01
   1.0972467e+07   4.0649414e+01
   1.0972989e+07   5.0170898e+01
   1.0973917e+07   4.4189453e+01
   1.1037998e+07   3.9672852e+01
   1.1118288e+07   4.0405273e+01
   1.1194400e+07   4.4372559e+01
   1.1195035e+07   3.8269043e+01
   1.1234226e+07   4.0039062e+01
