   1.1322000e+07   0.0000000e+00
   9.4620000e+03   1.1535645e+01
   2.7787880e+06   1.1169434e+01
   4.0218390e+06   1.1230469e+01
   5.9765360e+06   1.1230469e+01
   6.9438420e+06   1.1352539e+01
   7.2939640e+06   1.1291504e+01
   7.7254560e+06   5.5664062e+01
   7.7274690e+06   5.8349609e+01
   7.7331900e+06   5.7067871e+01
   7.7333660e+06   6.0180664e+01
   7.7421760e+06   5.7800293e+01
   7.7451000e+06   6.1096191e+01
   7.7490700e+06   5.5725098e+01
   7.7603890e+06   6.2011719e+01
   7.7671570e+06   5.6823730e+01
   7.7679440e+06   5.7189941e+01
   7.7682760e+06   5.5847168e+01
   7.7691680e+06   5.9814453e+01
   7.7695070e+06   5.5603027e+01
   7.7787480e+06   5.7128906e+01
   7.7797590e+06   5.9265137e+01
   7.7800930e+06   6.1096191e+01
   7.7808160e+06   5.8959961e+01
   7.7819070e+06   5.5847168e+01
   7.7822530e+06   5.5725098e+01
   7.7827240e+06   5.9570312e+01
   7.7831470e+06   5.6762695e+01
   7.7838590e+06   5.5847168e+01
   7.7844230e+06   5.6213379e+01
   7.7861870e+06   5.8349609e+01
   7.7864270e+06   6.8298340e+01
   7.7867930e+06   6.1096191e+01
   7.7873990e+06   6.2500000e+01
   7.7875820e+06   5.8349609e+01
   7.7880080e+06   5.7800293e+01
   7.7881010e+06   6.0607910e+01
   7.7881580e+06   5.8410645e+01
   7.7889670e+06   5.6030273e+01
   7.7901540e+06   5.9020996e+01
   7.7906900e+06   5.6457520e+01
   7.7915520e+06   5.8349609e+01
   7.7925580e+06   6.0485840e+01
   7.7949660e+06   5.5664062e+01
   7.7974780e+06   5.7006836e+01
   7.7989150e+06   6.2744141e+01
   7.8008760e+06   5.6274414e+01
   7.8017380e+06   5.8471680e+01
   7.8019930e+06   5.6030273e+01
   7.8045190e+06   5.8288574e+01
   7.8101360e+06   5.9875488e+01
   7.8111900e+06   5.6701660e+01
   7.8198440e+06   5.6579590e+01
   7.8417080e+06   5.5725098e+01
   7.8496020e+06   5.9265137e+01
   7.8557590e+06   5.7678223e+01
   7.8682730e+06   5.6274414e+01
   7.8756950e+06   6.4941406e+01
   7.8876420e+06   5.6701660e+01
   7.8995760e+06   5.8532715e+01
   7.9023160e+06   6.2438965e+01
   7.9085290e+06   5.5786133e+01
   7.9138220e+06   5.8105469e+01
   7.9146660e+06   5.8959961e+01
   7.9159400e+06   5.6030273e+01
   7.9492720e+06   5.5786133e+01
   7.9952380e+06   5.5786133e+01
   7.9958580e+06   5.5603027e+01
   7.9984340e+06   5.5908203e+01
   8.0017430e+06   5.5908203e+01
   8.0046260e+06   5.9448242e+01
   8.0056950e+06   5.8227539e+01
   8.0061230e+06   6.1767578e+01
   8.0067050e+06   6.1523438e+01
   8.0095640e+06   5.7434082e+01
   8.0104580e+06   5.9265137e+01
   8.0141730e+06   5.5725098e+01
   8.0182550e+06   5.6213379e+01
   8.0202400e+06   5.9143066e+01
   8.0204400e+06   6.0668945e+01
   8.0204900e+06   5.8654785e+01
   8.0206040e+06   5.8105469e+01
   8.0206690e+06   5.7067871e+01
   8.0225090e+06   5.6701660e+01
   8.0225990e+06   5.8105469e+01
   8.0229940e+06   6.4880371e+01
   8.0230370e+06   5.7617188e+01
   8.0232390e+06   6.2133789e+01
   8.0232620e+06   8.0871582e+01
   8.0238850e+06   6.1584473e+01
   8.0249200e+06   5.5480957e+01
   8.0254200e+06   5.5541992e+01
   8.0261720e+06   6.5795898e+01
   8.0281360e+06   5.8044434e+01
   8.0281830e+06   5.7189941e+01
   8.0300140e+06   5.8410645e+01
   8.0309420e+06   5.9265137e+01
   8.0391870e+06   5.7373047e+01
   8.0632670e+06   5.5969238e+01
   8.0998390e+06   5.5480957e+01
   8.1135870e+06   5.5541992e+01
   8.1269830e+06   6.1340332e+01
   8.1285790e+06   5.8837891e+01
   8.1289120e+06   5.5847168e+01
   8.1333510e+06   5.9570312e+01
   8.1344310e+06   6.7321777e+01
   8.1362600e+06   5.7739258e+01
   8.1393750e+06   5.6518555e+01
   8.1398980e+06   5.7189941e+01
   8.1935520e+06   6.2011719e+01
   8.1980490e+06   5.6335449e+01
   8.2187640e+06   5.7373047e+01
   8.2301790e+06   5.5480957e+01
   8.2497410e+06   5.6823730e+01
   8.4525090e+06   5.5847168e+01
   8.6244700e+06   5.9814453e+01
   8.6245190e+06   6.1096191e+01
   8.6246750e+06   7.2204590e+01
   8.6249800e+06   5.9143066e+01
   8.6253100e+06   5.5664062e+01
   8.6426960e+06   6.0852051e+01
   8.6768290e+06   6.9274902e+01
   8.6776940e+06   5.9814453e+01
   8.6980150e+06   5.5786133e+01
   8.7122230e+06   8.8684082e+01
   8.7124090e+06   5.7434082e+01
   8.7124290e+06   5.6762695e+01
   8.7127210e+06   7.0983887e+01
   8.7130210e+06   5.7128906e+01
   8.7957400e+06   5.5664063e+01
   8.7957760e+06   6.7565918e+01
   8.7957890e+06   6.7504883e+01
   8.7959000e+06   5.5541992e+01
   8.7959380e+06   6.1096191e+01
   8.7961010e+06   6.1645508e+01
   8.7963100e+06   5.6396484e+01
   8.8094870e+06   5.6152344e+01
   8.8710450e+06   6.2194824e+01
   8.8713840e+06   6.5368652e+01
   8.8723420e+06   5.6579590e+01
   8.9105050e+06   5.7861328e+01
   8.9105560e+06   5.7434082e+01
   8.9105990e+06   6.4697266e+01
   8.9106980e+06   7.3608398e+01
   8.9108940e+06   6.0852051e+01
   9.0101040e+06   5.3894043e+01
   9.0101960e+06   5.1574707e+01
   9.0102370e+06   7.1533203e+01
   9.0104990e+06   5.6274414e+01
   9.0106000e+06   5.3588867e+01
   9.0107270e+06   5.1696777e+01
   9.0111930e+06   5.3405762e+01
   9.0115240e+06   5.4626465e+01
   9.0119030e+06   5.2734375e+01
   9.0257600e+06   5.5480957e+01
   9.0342140e+06   5.1696777e+01
   9.0348030e+06   5.1757812e+01
   9.0370630e+06   5.2673340e+01
   9.0897280e+06   5.1513672e+01
   9.0904520e+06   5.6884766e+01
   9.0904780e+06   7.1960449e+01
   9.0907990e+06   5.2612305e+01
   9.0908270e+06   5.6823730e+01
   9.1235430e+06   5.2551270e+01
   9.8436620e+06   5.4748535e+01
   9.8437290e+06   5.2734375e+01
   9.8437550e+06   5.1513672e+01
   9.8449470e+06   6.0668945e+01
   9.8608490e+06   5.8349609e+01
   9.8610890e+06   5.1513672e+01
   1.0019312e+07   6.0302734e+01
   1.0019323e+07   6.2011719e+01
   1.0019519e+07   5.5541992e+01
   1.0019883e+07   5.6945801e+01
   1.0092283e+07   5.3283691e+01
   1.0092390e+07   7.2204590e+01
   1.0092565e+07   5.4931641e+01
   1.0092607e+07   5.4931641e+01
   1.0092628e+07   5.7006836e+01
   1.0135752e+07   5.3894043e+01
   1.0135817e+07   6.7321777e+01
   1.0135923e+07   6.9030762e+01
   1.0136764e+07   5.4931641e+01
   1.0197616e+07   9.1064453e+01
   1.0197707e+07   5.2795410e+01
   1.0198244e+07   5.5969238e+01
   1.0233336e+07   5.9570312e+01
   1.0233462e+07   6.2683105e+01
   1.0234147e+07   5.6823730e+01
   1.0301433e+07   5.1879883e+01
   1.0301843e+07   5.2185059e+01
   1.0302110e+07   6.9335938e+01
   1.0302527e+07   5.3833008e+01
   1.0387677e+07   7.0251465e+01
   1.0389781e+07   5.3466797e+01
   1.0464874e+07   5.4626465e+01
   1.0464957e+07   5.8898926e+01
   1.0465491e+07   6.0729980e+01
   1.0466523e+07   5.2551270e+01
   1.0594776e+07   5.2307129e+01
   1.0595031e+07   7.5256348e+01
   1.0595315e+07   6.2438965e+01
   1.0972618e+07   7.6416016e+01
   1.0972696e+07   5.2429199e+01
   1.0972811e+07   5.7312012e+01
   1.0972960e+07   5.2673340e+01
   1.1037841e+07   5.6152344e+01
   1.1037909e+07   6.4941406e+01
   1.1038333e+07   5.5664062e+01
   1.1038778e+07   5.5847168e+01
   1.1038887e+07   5.4199219e+01
   1.1089122e+07   5.2124023e+01
   1.1097518e+07   6.1096191e+01
   1.1097565e+07   5.6152344e+01
   1.1098417e+07   6.0302734e+01
   1.1194504e+07   5.6274414e+01
   1.1194616e+07   5.5114746e+01
   1.1233974e+07   5.6640625e+01
   1.1234105e+07   5.2795410e+01
   1.1234128e+07   5.5358887e+01
   1.1234911e+07   5.4687500e+01
