   1.1996000e+07   0.0000000e+00
   2.3552000e+04   2.5024414e+01
   3.2326000e+04   2.2949219e+01
   3.2404000e+04   2.3132324e+01
   3.2945000e+04   2.3559570e+01
   3.3495000e+04   2.6855469e+01
   3.3874000e+04   2.2766113e+01
   3.4055000e+04   2.3132324e+01
   6.4062000e+04   2.2644043e+01
   6.9212000e+04   2.3437500e+01
   8.3185000e+04   2.3681641e+01
   9.9427000e+04   2.6245117e+01
   9.9569000e+04   2.7709961e+01
   1.0037700e+05   2.7099609e+01
   1.0115400e+05   2.4353027e+01
   1.4056500e+05   2.3010254e+01
   1.9314500e+05   2.3193359e+01
   1.9782400e+05   3.2043457e+01
   1.9831100e+05   2.4780273e+01
   1.9891200e+05   2.5024414e+01
   1.9941600e+05   2.3559570e+01
   1.9953500e+05   2.2888184e+01
   1.9995900e+05   2.4108887e+01
   2.3700500e+05   2.2888184e+01
   2.7836200e+05   4.2175293e+01
   2.7848900e+05   2.3559570e+01
   2.7883300e+05   2.5329590e+01
   2.8005100e+05   2.3498535e+01
   2.8086300e+05   2.3803711e+01
   3.3230400e+05   2.2644043e+01
   3.4860200e+05   2.2888184e+01
   3.5107600e+05   2.2827148e+01
   3.8145600e+05   2.2705078e+01
   3.9971100e+05   2.3803711e+01
   3.9987600e+05   2.2644043e+01
   3.9997200e+05   2.4719238e+01
   4.0048000e+05   2.5512695e+01
   4.0129300e+05   2.4963379e+01
   4.0245000e+05   2.4719238e+01
   4.8922500e+05   2.3498535e+01
   4.9008900e+05   2.4902344e+01
   4.9020700e+05   2.3620605e+01
   4.9027200e+05   2.3864746e+01
   4.9035900e+05   2.6000977e+01
   4.9054800e+05   2.2705078e+01
   4.9064300e+05   2.3498535e+01
   4.9201300e+05   2.2827148e+01
   5.8261400e+05   2.3559570e+01
   5.8286700e+05   2.9846191e+01
   5.8294200e+05   2.4108887e+01
   5.8314400e+05   3.0212402e+01
   5.8329600e+05   2.4536133e+01
   5.8402200e+05   2.6245117e+01
   6.4937000e+05   2.3193359e+01
   6.4951800e+05   2.5878906e+01
   6.4955900e+05   2.3315430e+01
   6.4965500e+05   2.2827148e+01
   6.4976200e+05   2.3925781e+01
   6.4988800e+05   3.0761719e+01
   6.4989800e+05   2.8503418e+01
   6.5051300e+05   2.5329590e+01
   6.5052300e+05   2.3071289e+01
   7.0525800e+05   2.3437500e+01
   7.0607700e+05   2.3437500e+01
   7.0663600e+05   2.3559570e+01
   7.0725300e+05   2.4780273e+01
   7.6463400e+05   2.3376465e+01
   7.6543600e+05   2.2705078e+01
   7.6566800e+05   2.3742676e+01
   7.6616000e+05   2.4841309e+01
   7.6632600e+05   2.2705078e+01
   7.6685800e+05   2.2766113e+01
   8.0881900e+05   2.2766113e+01
   8.0926200e+05   2.4963379e+01
   8.0953600e+05   2.5878906e+01
   8.0961200e+05   2.5207520e+01
   8.1001700e+05   2.3620605e+01
   8.1074400e+05   2.2888184e+01
   9.3211700e+05   2.5451660e+01
   9.3225600e+05   2.9846191e+01
   9.3239000e+05   2.4597168e+01
   9.3301000e+05   2.3193359e+01
   9.3322800e+05   2.5024414e+01
   9.3359400e+05   2.5512695e+01
   9.3368500e+05   2.2766113e+01
   9.7582800e+05   2.3864746e+01
   9.7618800e+05   2.2644043e+01
   9.7624500e+05   2.4475098e+01
   9.7719800e+05   2.3498535e+01
   9.7768700e+05   2.5512695e+01
   1.0224510e+06   2.5024414e+01
   1.0388000e+06   2.4475098e+01
   1.0389010e+06   2.4719238e+01
   1.0391070e+06   2.3071289e+01
   1.0391550e+06   2.4658203e+01
   1.0396160e+06   2.4902344e+01
   1.0403320e+06   2.6123047e+01
   1.0406710e+06   2.5085449e+01
   1.0804930e+06   2.4536133e+01
   1.0806990e+06   2.3559570e+01
   1.0810700e+06   2.4414063e+01
   1.0819650e+06   2.2949219e+01
   1.1135000e+06   2.6367188e+01
   1.1136840e+06   2.4047852e+01
   1.1140190e+06   2.2705078e+01
   1.1142950e+06   2.5878906e+01
   1.1143840e+06   2.3315430e+01
   1.1144360e+06   2.4414062e+01
   1.1149630e+06   2.4108887e+01
   1.1150050e+06   2.6489258e+01
   1.1601090e+06   3.0151367e+01
   1.1604610e+06   2.2888184e+01
   1.1611430e+06   2.7160645e+01
   1.1611750e+06   2.3742676e+01
   1.1615220e+06   2.3132324e+01
   1.1616750e+06   2.5634766e+01
   1.1946670e+06   2.3925781e+01
   1.1947400e+06   2.5085449e+01
   1.1954100e+06   2.3498535e+01
   1.1961140e+06   2.5329590e+01
   1.1964200e+06   2.2827148e+01
   1.1965900e+06   2.9418945e+01
   1.1966330e+06   2.4963379e+01
   1.1971980e+06   2.4475098e+01
   1.1977450e+06   2.5207520e+01
   1.2510870e+06   2.3986816e+01
   1.2511610e+06   2.8259277e+01
   1.2512460e+06   3.0273438e+01
   1.2514460e+06   2.4536133e+01
   1.2516900e+06   2.6794434e+01
   1.2517180e+06   2.8137207e+01
   1.2526690e+06   2.3193359e+01
   1.2529030e+06   2.4108887e+01
   1.2531510e+06   2.3193359e+01
   1.2531830e+06   2.5329590e+01
   1.2873730e+06   2.5268555e+01
   1.2882670e+06   2.4291992e+01
   1.2887920e+06   2.3132324e+01
   1.2888160e+06   2.2705078e+01
   1.2892490e+06   2.4841309e+01
   1.2898420e+06   2.4108887e+01
   1.2961760e+06   2.3071289e+01
   1.3032430e+06   2.4169922e+01
   1.3201120e+06   2.3315430e+01
   1.3205560e+06   2.4902344e+01
   1.3208800e+06   2.4291992e+01
   1.3209020e+06   2.4475098e+01
   1.3209740e+06   2.4902344e+01
   1.3215510e+06   2.4780273e+01
   1.3223720e+06   2.3742676e+01
   1.3471800e+06   2.4475098e+01
   1.3779940e+06   2.3132324e+01
   1.3780910e+06   2.5817871e+01
   1.3785060e+06   2.5268555e+01
   1.3786640e+06   2.3864746e+01
   1.3788210e+06   2.4841309e+01
   1.3793240e+06   2.3254395e+01
   1.3794470e+06   2.7038574e+01
   1.3798300e+06   2.4536133e+01
   1.3798620e+06   2.5207520e+01
   1.3801840e+06   2.2827148e+01
   1.4174130e+06   2.4291992e+01
   1.4175050e+06   2.7404785e+01
   1.4177620e+06   2.8869629e+01
   1.4178930e+06   2.4291992e+01
   1.4179640e+06   2.7404785e+01
   1.4182380e+06   2.2888184e+01
   1.4185090e+06   2.2766113e+01
   1.4185540e+06   2.5817871e+01
   1.4188600e+06   2.3620605e+01
   1.4201180e+06   2.7282715e+01
   1.4547370e+06   2.3437500e+01
   1.4550530e+06   2.4536133e+01
   1.4551410e+06   2.4230957e+01
   1.4556700e+06   2.2888184e+01
   1.4562160e+06   2.3254395e+01
   1.4567050e+06   2.4047852e+01
   1.4575210e+06   2.4841309e+01
   1.4576210e+06   2.3071289e+01
   1.4915340e+06   2.4536133e+01
   1.4916380e+06   2.3071289e+01
   1.4918310e+06   2.3986816e+01
   1.4919660e+06   2.6000977e+01
   1.4921690e+06   3.8330078e+01
   1.4925000e+06   2.6367188e+01
   1.4925890e+06   2.6245117e+01
   1.5280590e+06   2.2705078e+01
   1.5284110e+06   2.3315430e+01
   1.5284580e+06   2.4169922e+01
   1.5287660e+06   2.4475098e+01
   1.5290860e+06   2.3254395e+01
   1.5296110e+06   2.7832031e+01
   1.5297250e+06   2.2705078e+01
   1.5303300e+06   2.3864746e+01
   1.5326130e+06   2.3742676e+01
   1.5610590e+06   2.3010254e+01
   1.5611930e+06   2.5085449e+01
   1.5613860e+06   2.9785156e+01
   1.5614990e+06   2.4841309e+01
   1.5621890e+06   2.5146484e+01
   1.5626720e+06   2.3681641e+01
   1.5635410e+06   2.3864746e+01
   1.5988740e+06   2.3071289e+01
   1.6172820e+06   2.3132324e+01
   1.6194430e+06   2.3864746e+01
   1.6194830e+06   2.3193359e+01
   1.6197710e+06   2.3010254e+01
   1.6200580e+06   2.5207520e+01
   1.6203120e+06   2.4719238e+01
   1.6206710e+06   2.3193359e+01
   1.6213210e+06   2.3498535e+01
   1.6222010e+06   2.3498535e+01
   1.6552980e+06   2.4353027e+01
   1.6557130e+06   2.6306152e+01
   1.6561030e+06   2.3681641e+01
   1.6572460e+06   2.4047852e+01
   1.6576920e+06   2.2766113e+01
   1.6915880e+06   2.5634766e+01
   1.6920780e+06   2.3132324e+01
   1.6921370e+06   2.3193359e+01
   1.6925550e+06   2.4963379e+01
   1.6927060e+06   2.3254395e+01
   1.6932230e+06   2.2949219e+01
   1.6938900e+06   2.4597168e+01
   1.6940740e+06   2.4536133e+01
   1.7305380e+06   2.4536133e+01
   1.7306210e+06   3.7109375e+01
   1.7307320e+06   2.7282715e+01
   1.7309690e+06   2.4169922e+01
   1.7310070e+06   2.4169922e+01
   1.7310900e+06   2.4719238e+01
   1.7316330e+06   2.4230957e+01
   1.7326870e+06   2.6611328e+01
   1.7326980e+06   2.9174805e+01
   1.7671230e+06   2.6611328e+01
   1.7671600e+06   2.2949219e+01
   1.7672270e+06   2.5634766e+01
   1.7674330e+06   2.8930664e+01
   1.7678520e+06   2.2827148e+01
   1.7680370e+06   2.7526855e+01
   1.7685480e+06   2.4291992e+01
   1.7686480e+06   2.6000977e+01
   1.7687130e+06   2.3376465e+01
   1.7695170e+06   2.5573730e+01
   1.7695700e+06   2.5085449e+01
   1.8019350e+06   2.3437500e+01
   1.8022670e+06   2.2827148e+01
   1.8023860e+06   2.2888184e+01
   1.8027640e+06   2.5451660e+01
   1.8029540e+06   2.4963379e+01
   1.8037510e+06   2.3376465e+01
   1.8042150e+06   2.6184082e+01
   1.8376230e+06   2.7404785e+01
   1.8382210e+06   2.4047852e+01
   1.8382670e+06   2.3498535e+01
   1.8384640e+06   2.6977539e+01
   1.8390260e+06   2.4414062e+01
   1.8392360e+06   2.3437500e+01
   1.8700980e+06   2.6245117e+01
   1.8701570e+06   2.5207520e+01
   1.8706050e+06   2.5085449e+01
   1.8709820e+06   2.8076172e+01
   1.8713440e+06   2.9174805e+01
   1.8723880e+06   2.3620605e+01
   1.8724780e+06   2.3498535e+01
   1.9014610e+06   2.2888184e+01
   1.9019820e+06   2.4597168e+01
   1.9021490e+06   2.5085449e+01
   1.9027050e+06   2.6855469e+01
   1.9027260e+06   3.0578613e+01
   1.9296310e+06   2.2705078e+01
   1.9301120e+06   2.3193359e+01
   1.9301710e+06   2.4291992e+01
   1.9305110e+06   2.5329590e+01
   1.9309010e+06   2.3193359e+01
   1.9310720e+06   2.2705078e+01
   1.9311230e+06   2.3437500e+01
   1.9315370e+06   2.2888184e+01
   1.9595760e+06   2.9663086e+01
   1.9596140e+06   2.3864746e+01
   1.9601810e+06   2.5451660e+01
   1.9602590e+06   2.4536133e+01
   1.9605340e+06   2.7526855e+01
   1.9608170e+06   2.6184082e+01
   1.9624390e+06   2.8564453e+01
   2.0018130e+06   2.2705078e+01
   2.0018850e+06   2.4047852e+01
   2.0026570e+06   2.4658203e+01
   2.0044560e+06   2.3254395e+01
   2.0290430e+06   2.2705078e+01
   2.0293080e+06   2.3071289e+01
   2.0295640e+06   2.5573730e+01
   2.0295750e+06   2.7832031e+01
   2.0301790e+06   2.5024414e+01
   2.0305370e+06   2.3193359e+01
   2.0306380e+06   2.4475098e+01
   2.0508180e+06   2.2644043e+01
   2.0548480e+06   2.6184082e+01
   2.0557480e+06   2.3986816e+01
   2.0559750e+06   2.4047852e+01
   2.0564720e+06   2.2888184e+01
   2.0574660e+06   2.5451660e+01
   2.0852660e+06   3.1921387e+01
   2.0853330e+06   2.4658203e+01
   2.0853870e+06   2.3254395e+01
   2.0854570e+06   2.3803711e+01
   2.0855150e+06   2.6611328e+01
   2.0857060e+06   2.5695801e+01
   2.0866860e+06   2.3559570e+01
   2.0868790e+06   2.5512695e+01
   2.0870900e+06   2.2705078e+01
   2.0872690e+06   2.4353027e+01
   2.1196130e+06   2.3315430e+01
   2.1201970e+06   2.4902344e+01
   2.1202250e+06   2.4353027e+01
   2.1209230e+06   3.3386230e+01
   2.1213010e+06   2.3681641e+01
   2.1523960e+06   2.4658203e+01
   2.1526620e+06   2.5146484e+01
   2.1528920e+06   2.3925781e+01
   2.1531050e+06   2.3864746e+01
   2.1533020e+06   2.2644043e+01
   2.1538940e+06   2.2827148e+01
   2.1540660e+06   2.6123047e+01
   2.1543840e+06   2.4536133e+01
   2.1837340e+06   3.0395508e+01
   2.1841330e+06   2.4169922e+01
   2.1842150e+06   3.1738281e+01
   2.1844930e+06   2.5268555e+01
   2.1845820e+06   2.4291992e+01
   2.1846090e+06   3.0944824e+01
   2.1846700e+06   2.4291992e+01
   2.1850800e+06   2.7465820e+01
   2.1854720e+06   2.3132324e+01
   2.1857730e+06   2.4230957e+01
   2.1860900e+06   2.6672363e+01
   2.1863010e+06   2.3986816e+01
   2.2143300e+06   2.4780273e+01
   2.2144230e+06   2.2644043e+01
   2.2149090e+06   2.4475098e+01
   2.2150170e+06   2.2827148e+01
   2.2150540e+06   2.2766113e+01
   2.2157340e+06   2.6062012e+01
   2.2162900e+06   2.2766113e+01
   2.2432450e+06   2.6428223e+01
   2.2436410e+06   2.2827148e+01
   2.2438700e+06   2.4353027e+01
   2.2439990e+06   2.4414062e+01
   2.2445910e+06   2.2888184e+01
   2.2446210e+06   2.4047852e+01
   2.2447860e+06   2.2644043e+01
   2.2455240e+06   2.2949219e+01
   2.2817020e+06   2.3376465e+01
   2.2849700e+06   2.3925781e+01
   2.3156390e+06   2.6794434e+01
   2.3158710e+06   2.2766113e+01
   2.3163330e+06   2.3559570e+01
   2.3165520e+06   2.8503418e+01
   2.3165950e+06   2.3742676e+01
   2.3168440e+06   2.3864746e+01
   2.3169270e+06   2.3376465e+01
   2.3169980e+06   2.5695801e+01
   2.3179240e+06   2.3254395e+01
   2.3661790e+06   2.2949219e+01
   2.3664410e+06   2.4291992e+01
   2.3671040e+06   2.3254395e+01
   2.3671820e+06   2.3132324e+01
   2.3672760e+06   2.3132324e+01
   2.3673940e+06   2.4475098e+01
   2.3675310e+06   2.8381348e+01
   2.3683880e+06   2.4841309e+01
   2.3685440e+06   2.5146484e+01
   2.3972790e+06   2.4353027e+01
   2.3974050e+06   2.3742676e+01
   2.3974670e+06   2.5634766e+01
   2.3978220e+06   2.3681641e+01
   2.3983940e+06   2.4169922e+01
   2.3984450e+06   2.9418945e+01
   2.4275210e+06   2.6123047e+01
   2.4279850e+06   2.5024414e+01
   2.4280720e+06   2.6245117e+01
   2.4288170e+06   2.2888184e+01
   2.4289470e+06   2.4902344e+01
   2.4298270e+06   2.3132324e+01
   2.4575480e+06   2.2644043e+01
   2.4576630e+06   2.3864746e+01
   2.4576910e+06   2.7832031e+01
   2.4577170e+06   2.2827148e+01
   2.4588710e+06   2.3498535e+01
   2.4597580e+06   2.3376465e+01
   2.4900470e+06   2.3376465e+01
   2.4903900e+06   2.3132324e+01
   2.4924180e+06   2.4353027e+01
   2.5436920e+06   2.8686523e+01
   2.5444910e+06   2.3620605e+01
   2.5450420e+06   2.3986816e+01
   2.5457840e+06   2.4291992e+01
   2.5458570e+06   2.3010254e+01
   2.5721380e+06   2.4597168e+01
   2.5728590e+06   2.3193359e+01
   2.5732600e+06   2.2949219e+01
   2.5736130e+06   2.3437500e+01
   2.5737760e+06   2.2644043e+01
   2.5751170e+06   2.8686523e+01
   2.6025460e+06   2.8381348e+01
   2.6030200e+06   2.5268555e+01
   2.6030630e+06   2.4108887e+01
   2.6034920e+06   2.6916504e+01
   2.6036190e+06   2.3559570e+01
   2.6037870e+06   2.5878906e+01
   2.6039660e+06   2.6367188e+01
   2.6040100e+06   2.4108887e+01
   2.6044870e+06   2.3376465e+01
   2.6050020e+06   2.4414062e+01
   2.6348760e+06   2.3437500e+01
   2.6353540e+06   2.2644043e+01
   2.6354380e+06   2.2888184e+01
   2.6358090e+06   2.2644043e+01
   2.6361650e+06   2.3437500e+01
   2.6367010e+06   2.5817871e+01
   2.6688320e+06   2.4902344e+01
   2.6691260e+06   2.3437500e+01
   2.6695260e+06   2.3864746e+01
   2.6697440e+06   3.1188965e+01
   2.6699130e+06   2.7709961e+01
   2.6704080e+06   2.5146484e+01
   2.7003860e+06   2.3437500e+01
   2.7013110e+06   2.4169922e+01
   2.7022670e+06   2.2949219e+01
   2.7022850e+06   2.4475098e+01
   2.7421950e+06   2.3193359e+01
   2.7425900e+06   2.5573730e+01
   2.7426830e+06   2.3315430e+01
   2.7428580e+06   2.3742676e+01
   2.7433120e+06   3.1311035e+01
   2.7433450e+06   2.8991699e+01
   2.7434410e+06   2.3559570e+01
   2.7435740e+06   2.6184082e+01
   2.7437980e+06   2.6184082e+01
   2.7448430e+06   2.7954102e+01
   2.8035270e+06   2.4841309e+01
   2.8041090e+06   2.5695801e+01
   2.8046510e+06   2.4108887e+01
   2.8046980e+06   2.3132324e+01
   2.8048460e+06   2.3071289e+01
   2.8051170e+06   2.4169922e+01
   2.8059350e+06   2.2644043e+01
   2.8368740e+06   2.5512695e+01
   2.8377350e+06   2.4536133e+01
   2.8381030e+06   2.4597168e+01
   2.8381880e+06   2.8686523e+01
   2.8388320e+06   2.4658203e+01
   2.8391460e+06   2.3071289e+01
   2.8401010e+06   2.3986816e+01
   2.8862160e+06   2.5146484e+01
   2.8866490e+06   2.3315430e+01
   2.8869370e+06   2.3376465e+01
   2.8869540e+06   3.3447266e+01
   2.8875100e+06   2.4169922e+01
   2.8875700e+06   2.6000977e+01
   2.8880290e+06   2.4597168e+01
   2.8882280e+06   2.5024414e+01
   2.8884660e+06   2.3864746e+01
   2.8889750e+06   2.3437500e+01
   2.8895470e+06   2.3498535e+01
   2.9160500e+06   2.4230957e+01
   2.9488460e+06   3.6254883e+01
   2.9490780e+06   2.3681641e+01
   2.9491240e+06   2.4536133e+01
   2.9491860e+06   2.3986816e+01
   2.9492100e+06   2.3437500e+01
   2.9494240e+06   2.9846191e+01
   2.9494600e+06   2.4475098e+01
   2.9494970e+06   2.3559570e+01
   2.9497320e+06   2.6428223e+01
   2.9499560e+06   2.3193359e+01
   2.9501450e+06   2.6916504e+01
   2.9501980e+06   2.3315430e+01
   2.9505510e+06   2.3681641e+01
   2.9506630e+06   2.3071289e+01
   2.9532140e+06   2.3010254e+01
   2.9839850e+06   2.3010254e+01
   2.9843000e+06   3.0883789e+01
   2.9844860e+06   2.6611328e+01
   2.9848500e+06   2.2766113e+01
   2.9851510e+06   2.4475098e+01
   2.9852950e+06   3.0578613e+01
   2.9854080e+06   2.3132324e+01
   2.9857560e+06   2.3315430e+01
   2.9862440e+06   2.4353027e+01
   2.9865480e+06   2.2644043e+01
   3.0197500e+06   2.4414062e+01
   3.0201830e+06   2.5512695e+01
   3.0564870e+06   2.6550293e+01
   3.0572790e+06   2.6306152e+01
   3.0576790e+06   3.1555176e+01
   3.0577050e+06   2.5146484e+01
   3.0579810e+06   2.6123047e+01
   3.0582410e+06   2.6062012e+01
   3.0924900e+06   2.4414062e+01
   3.0932670e+06   3.1188965e+01
   3.1286560e+06   2.5756836e+01
   3.1301160e+06   2.5024414e+01
   3.1651450e+06   2.5939941e+01
   3.1661750e+06   2.9296875e+01
   3.1667630e+06   2.6550293e+01
   3.1667890e+06   2.4536133e+01
   3.1988980e+06   2.9846191e+01
   3.2325820e+06   2.6916504e+01
   3.2327580e+06   2.7343750e+01
   3.2328200e+06   2.5817871e+01
   3.2331250e+06   2.5756836e+01
   3.2336320e+06   2.4414062e+01
   3.2337000e+06   2.4780273e+01
   3.2674690e+06   2.6733398e+01
   3.2675730e+06   2.5268555e+01
   3.2682540e+06   2.4414062e+01
   3.2687550e+06   2.4536133e+01
   3.2695930e+06   2.5329590e+01
   3.3022100e+06   2.7099609e+01
   3.3024220e+06   2.5024414e+01
   3.3031420e+06   2.6489258e+01
   3.3037760e+06   2.6794434e+01
   3.3700220e+06   2.6672363e+01
   3.3709710e+06   2.5939941e+01
   3.3713310e+06   2.4841309e+01
   3.3715610e+06   2.5268555e+01
   3.4040370e+06   2.5817871e+01
   3.4053220e+06   2.5329590e+01
   3.4058070e+06   2.5939941e+01
   3.4379720e+06   2.7099609e+01
   3.4385490e+06   2.6489258e+01
   3.4387490e+06   2.7954102e+01
   3.4701730e+06   2.4353027e+01
   3.4712860e+06   2.4414062e+01
   3.4718390e+06   2.4353027e+01
   3.4721390e+06   2.6428223e+01
   3.5038560e+06   2.4536133e+01
   3.5046970e+06   2.5695801e+01
   3.5054520e+06   2.4780273e+01
   3.5059030e+06   2.5939941e+01
   3.5063930e+06   2.5451660e+01
   3.5375210e+06   2.5207520e+01
   3.5380620e+06   2.4353027e+01
   3.5963400e+06   2.5512695e+01
   3.6015480e+06   2.4902344e+01
   3.6017760e+06   2.6855469e+01
   3.6022350e+06   2.5939941e+01
   3.6022650e+06   2.5634766e+01
   3.6636270e+06   2.6855469e+01
   3.7098540e+06   2.6794434e+01
   3.7111180e+06   2.5512695e+01
   3.7111640e+06   2.6733398e+01
   3.7117090e+06   2.5390625e+01
   3.7510660e+06   2.5512695e+01
   3.7510760e+06   2.4780273e+01
   3.7526180e+06   2.4414062e+01
   3.7923040e+06   2.6123047e+01
   3.7932330e+06   2.6611328e+01
   3.7934170e+06   2.4780273e+01
   3.8337860e+06   2.7404785e+01
   3.8359160e+06   2.4963379e+01
   3.8752870e+06   2.5207520e+01
   3.9149300e+06   2.5146484e+01
   3.9469810e+06   2.6855469e+01
   3.9719720e+06   2.6611328e+01
   3.9734260e+06   2.7404785e+01
   3.9734760e+06   2.7038574e+01
   4.0004700e+06   2.5451660e+01
   4.1160370e+06   2.6733398e+01
   4.1210840e+06   2.5268555e+01
   4.1217940e+06   2.5939941e+01
   4.1219170e+06   2.8991699e+01
   4.1495670e+06   2.5146484e+01
   4.1499910e+06   2.5512695e+01
   4.1505190e+06   2.8686523e+01
   4.1878010e+06   3.1555176e+01
   4.2099320e+06   2.6000977e+01
   4.2246580e+06   2.5512695e+01
   4.3315070e+06   2.4658203e+01
   4.3332850e+06   2.6062012e+01
   4.3889120e+06   2.4963379e+01
   4.3893900e+06   3.1127930e+01
   4.4197880e+06   2.5451660e+01
   4.6427900e+06   2.5451660e+01
   4.6537180e+06   2.5390625e+01
   4.6836620e+06   2.6733398e+01
   4.8635100e+06   2.5817871e+01
   4.8653120e+06   2.6367188e+01
   5.1552670e+06   2.5268555e+01
   5.2645120e+06   2.4841309e+01
   5.2883690e+06   2.6000977e+01
   5.4235300e+06   2.4414062e+01
   5.4237030e+06   2.4536133e+01
   5.5318280e+06   2.5085449e+01
   5.9519460e+06   2.4780273e+01
   6.0665780e+06   2.5085449e+01
   6.4292990e+06   2.3864746e+01
   6.4297000e+06   2.3681641e+01
   6.4305220e+06   2.7160645e+01
   6.7211340e+06   2.5024414e+01
   7.0536450e+06   2.3864746e+01
   7.2069370e+06   2.3620605e+01
   7.7713320e+06   2.5085449e+01
   7.8211290e+06   2.3986816e+01
   7.9254300e+06   2.4475098e+01
   8.4649980e+06   2.3681641e+01
   8.5997460e+06   2.5207520e+01
   8.6733470e+06   2.3742676e+01
   8.6740320e+06   2.5146484e+01
   8.8519670e+06   2.5512695e+01
   9.1608730e+06   2.4230957e+01
   1.0420503e+07   2.6062012e+01
   1.0586060e+07   2.4597168e+01
   1.1815628e+07   2.5634766e+01
