   1.1996000e+07   0.0000000e+00
   3.2935000e+04   1.8615723e+01
   1.0072400e+05   1.8127441e+01
   1.9853400e+05   1.7700195e+01
   2.7915900e+05   1.8249512e+01
   4.9050600e+05   2.1179199e+01
   5.8331300e+05   1.7578125e+01
   5.8350600e+05   1.7883301e+01
   7.0603900e+05   1.7883301e+01
   7.0634600e+05   1.7883301e+01
   7.6422800e+05   1.9531250e+01
   8.0955300e+05   1.8249512e+01
   9.3242600e+05   1.8920898e+01
   9.7517100e+05   1.7578125e+01
   9.7578200e+05   2.4780273e+01
   1.0790240e+06   2.1850586e+01
   1.1579470e+06   1.7700195e+01
   1.1586720e+06   1.9653320e+01
   1.1600450e+06   1.9348145e+01
   1.1601440e+06   1.7639160e+01
   1.1935300e+06   1.8371582e+01
   1.2853010e+06   1.8981934e+01
   1.3180310e+06   1.8432617e+01
   1.3185030e+06   1.8005371e+01
   1.3776090e+06   1.8066406e+01
   1.4899690e+06   1.7700195e+01
   1.5602220e+06   1.7517090e+01
   1.7650770e+06   1.8676758e+01
   1.9574500e+06   1.8066406e+01
   2.0265060e+06   2.1972656e+01
   2.0506100e+06   1.7517090e+01
   2.0526980e+06   2.0507812e+01
   2.0837500e+06   1.8249512e+01
   2.1182870e+06   1.7822266e+01
   2.2630840e+06   1.9470215e+01
   2.3011660e+06   1.8737793e+01
   2.3950950e+06   1.8005371e+01
   2.6669890e+06   1.8432617e+01
   2.7008130e+06   1.8615723e+01
   2.7319370e+06   1.8859863e+01
   2.7410960e+06   1.7639160e+01
   2.9484950e+06   1.8493652e+01
   3.0166160e+06   1.8859863e+01
   3.0472950e+06   1.7761230e+01
   3.1659500e+06   1.9104004e+01
   3.1666590e+06   1.7761230e+01
   3.1988420e+06   1.7883301e+01
   3.3015360e+06   2.0874023e+01
   3.3703440e+06   1.7578125e+01
   3.5371730e+06   2.0874023e+01
   3.5704730e+06   1.8371582e+01
   3.9461610e+06   1.8005371e+01
   3.9463280e+06   1.8920898e+01
   3.9476150e+06   1.7578125e+01
   3.9735300e+06   1.8981934e+01
   4.0000490e+06   2.0629883e+01
   4.0004980e+06   1.8554688e+01
   4.0009050e+06   1.8493652e+01
   4.1880030e+06   1.8615723e+01
   4.1883870e+06   1.7944336e+01
   4.2907180e+06   1.8554688e+01
   4.2914800e+06   1.8432617e+01
   4.4199930e+06   1.7822266e+01
   4.4481110e+06   1.7822266e+01
   4.6810290e+06   1.9531250e+01
   4.8184140e+06   1.9531250e+01
   4.8660770e+06   2.1423340e+01
   1.0045277e+07   1.7517090e+01
   1.0725822e+07   1.7517090e+01
