   8.9970000e+06   0.0000000e+00
   2.7470000e+03   4.3579102e+01
   2.1457000e+04   3.9916992e+01
   2.8358000e+04   4.4860840e+01
   3.5995000e+04   4.8645020e+01
   4.6818000e+04   3.8940430e+01
   5.7674000e+04   4.0466309e+01
   7.0191000e+04   3.9428711e+01
   1.0672500e+05   4.2602539e+01
   1.2333300e+05   3.9916992e+01
   1.2896100e+05   4.6020508e+01
   1.3619800e+05   4.9682617e+01
   1.5363800e+05   4.6691895e+01
   1.7045800e+05   4.4067383e+01
   1.7554700e+05   4.9316406e+01
   2.0029700e+05   4.2114258e+01
   2.0863600e+05   4.4799805e+01
   2.1695600e+05   4.5043945e+01
   2.3031300e+05   4.0222168e+01
   2.4209500e+05   4.1687012e+01
   2.5179600e+05   3.8757324e+01
   2.5883900e+05   4.6752930e+01
   2.7677200e+05   4.0039062e+01
   2.8909000e+05   3.8940430e+01
   3.1534600e+05   3.8391113e+01
   3.2172800e+05   4.8461914e+01
   3.3853100e+05   4.3457031e+01
   3.4772600e+05   4.0039062e+01
   3.5849800e+05   4.0771484e+01
   3.6511700e+05   4.5898438e+01
   3.8713400e+05   4.1564941e+01
   3.9346700e+05   4.8278809e+01
   4.0520900e+05   4.4250488e+01
   4.0658800e+05   9.1674805e+01
   4.2860000e+05   4.4616699e+01
   4.6157400e+05   4.9682617e+01
   4.7771900e+05   4.2114258e+01
   4.8859800e+05   4.4982910e+01
   5.0260800e+05   3.8024902e+01
   5.0739300e+05   4.9438477e+01
   5.1302200e+05   4.4189453e+01
   5.3579900e+05   4.5288086e+01
   5.5013600e+05   3.8208008e+01
   5.6237400e+05   4.3823242e+01
   5.7648800e+05   4.4860840e+01
   5.9241800e+05   4.2968750e+01
   6.0266600e+05   5.0476074e+01
   6.0778300e+05   3.9489746e+01
   6.1926200e+05   4.0283203e+01
   6.3065200e+05   3.9611816e+01
   6.5031200e+05   4.4677734e+01
   6.6418200e+05   4.2175293e+01
   6.7869500e+05   4.5288086e+01
   6.8597500e+05   4.4006348e+01
   6.9121500e+05   5.3527832e+01
   7.2249700e+05   3.9855957e+01
   7.3490500e+05   4.8339844e+01
   7.4917900e+05   4.1931152e+01
   7.5591800e+05   4.4128418e+01
   7.6726800e+05   3.8024902e+01
   8.2297200e+05   3.8574219e+01
   8.3070100e+05   4.6203613e+01
   8.5432600e+05   4.4433594e+01
   8.6412600e+05   4.5166016e+01
   8.8708200e+05   4.3212891e+01
   8.9279900e+05   3.9978027e+01
   9.0007300e+05   4.8950195e+01
   9.1517600e+05   4.1503906e+01
   9.2936900e+05   4.5898437e+01
   9.4119700e+05   5.4931641e+01
   9.6098500e+05   4.1015625e+01
   9.7409800e+05   4.1320801e+01
   9.9486300e+05   3.9306641e+01
   1.0113260e+06   4.6447754e+01
   1.0327590e+06   3.9184570e+01
   1.0342130e+06   5.0842285e+01
   1.0629070e+06   4.4250488e+01
   1.0765570e+06   4.3579102e+01
   1.1062480e+06   4.6020508e+01
   1.1255240e+06   4.0710449e+01
   1.1460800e+06   3.9733887e+01
   1.1635090e+06   4.0710449e+01
   1.1717490e+06   4.1687012e+01
   1.1890090e+06   4.1992188e+01
   1.1964340e+06   3.9367676e+01
   1.2142130e+06   4.4738770e+01
   1.2213340e+06   3.9916992e+01
   1.2318430e+06   4.0832520e+01
   1.2415110e+06   4.5166016e+01
   1.2497060e+06   3.9001465e+01
   1.2497740e+06   3.8269043e+01
   1.2729430e+06   4.3945312e+01
   1.2767790e+06   3.8940430e+01
   1.2855180e+06   3.8635254e+01
   1.2951850e+06   3.9855957e+01
   1.3029720e+06   4.4860840e+01
   1.3213470e+06   4.3212891e+01
   1.3405550e+06   3.9428711e+01
   1.3570210e+06   4.4799805e+01
   1.3857680e+06   3.8391113e+01
   1.4006280e+06   3.9245605e+01
   1.4204560e+06   4.8522949e+01
   1.4478420e+06   4.3090820e+01
   1.4550490e+06   4.6569824e+01
   1.4642740e+06   4.9011230e+01
   1.4766620e+06   3.9306641e+01
   1.4945690e+06   5.0231934e+01
   1.5048630e+06   4.2297363e+01
   1.5186990e+06   4.4494629e+01
   1.5312880e+06   3.8574219e+01
   1.5407690e+06   4.2907715e+01
   1.5468640e+06   4.0405273e+01
   1.5966840e+06   4.1442871e+01
   1.6026290e+06   4.9133301e+01
   1.6538180e+06   4.1442871e+01
   1.6624850e+06   4.0649414e+01
   1.6724810e+06   3.9916992e+01
   1.6861840e+06   3.9550781e+01
   1.7031710e+06   3.9794922e+01
   1.7228410e+06   4.0405273e+01
   1.7289990e+06   4.2480469e+01
   1.7351170e+06   4.1320801e+01
   1.7812750e+06   3.9794922e+01
   1.8109910e+06   3.8513184e+01
   1.8477470e+06   4.4921875e+01
   1.8661190e+06   3.8940430e+01
   1.8755120e+06   4.2114258e+01
   1.8819390e+06   4.2114258e+01
   1.9320560e+06   4.3212891e+01
   1.9437050e+06   4.2053223e+01
   1.9499250e+06   4.6875000e+01
   1.9591420e+06   4.1198730e+01
   1.9931730e+06   4.7729492e+01
   2.0150710e+06   4.6936035e+01
   2.0315550e+06   4.0527344e+01
   2.0517520e+06   4.0710449e+01
   2.0559960e+06   5.0354004e+01
   2.0585580e+06   3.8574219e+01
   2.0683110e+06   5.2429199e+01
   2.0684260e+06   6.0791016e+01
   2.0684380e+06   4.5898438e+01
   2.0685050e+06   7.1411133e+01
   2.0685360e+06   8.9111328e+01
   2.0685480e+06   4.5410156e+01
   2.0685680e+06   4.9621582e+01
   2.0685920e+06   6.1950684e+01
   2.0686100e+06   7.9345703e+01
   2.0686290e+06   4.1809082e+01
   2.0686440e+06   4.5166016e+01
   2.0687110e+06   5.6457520e+01
   2.0687460e+06   4.2114258e+01
   2.0687920e+06   4.9011230e+01
   2.0688310e+06   3.9062500e+01
   2.0689360e+06   3.8452148e+01
   2.0689820e+06   4.2297363e+01
   2.0690600e+06   4.7119141e+01
   2.0691520e+06   5.2062988e+01
   2.0692600e+06   3.8879395e+01
   2.0693950e+06   5.0720215e+01
   2.0695100e+06   4.7607422e+01
   2.0696520e+06   4.1198730e+01
   2.0698370e+06   5.3527832e+01
   2.0699190e+06   5.1269531e+01
   2.0701080e+06   4.1687012e+01
   2.0704340e+06   3.9184570e+01
   2.0705160e+06   3.9611816e+01
   2.0705630e+06   4.2358398e+01
   2.0706800e+06   3.8146973e+01
   2.0707970e+06   4.5959473e+01
   2.0709430e+06   3.8696289e+01
   2.0711210e+06   4.1564941e+01
   2.0712650e+06   3.9672852e+01
   2.0713020e+06   4.0710449e+01
   2.0715290e+06   3.9611816e+01
   2.0715470e+06   3.9367676e+01
   2.0720620e+06   4.5959473e+01
   2.0722420e+06   4.0588379e+01
   2.0725160e+06   4.2785645e+01
   2.0731010e+06   4.2480469e+01
   2.0735160e+06   4.6936035e+01
   2.0739970e+06   3.9611816e+01
   2.0743870e+06   5.2917480e+01
   2.0744480e+06   3.8818359e+01
   2.0750370e+06   3.9916992e+01
   2.0750730e+06   5.1269531e+01
   2.0752960e+06   4.2724609e+01
   2.0753300e+06   4.3212891e+01
   2.0754630e+06   4.3029785e+01
   2.0757780e+06   4.0954590e+01
   2.0759190e+06   4.0649414e+01
   2.0760430e+06   4.6142578e+01
   2.0766670e+06   5.3833008e+01
   2.0768030e+06   4.1687012e+01
   2.0768950e+06   4.4616699e+01
   2.0769920e+06   4.6081543e+01
   2.0771370e+06   4.7363281e+01
   2.0772370e+06   4.5043945e+01
   2.0774160e+06   4.0283203e+01
   2.0774830e+06   3.8940430e+01
   2.0777860e+06   3.9672852e+01
   2.0778950e+06   3.9550781e+01
   2.0780140e+06   4.1076660e+01
   2.0781820e+06   3.9062500e+01
   2.0783230e+06   4.2114258e+01
   2.0784220e+06   4.1320801e+01
   2.0784490e+06   4.9560547e+01
   2.0786570e+06   4.3090820e+01
   2.0786820e+06   4.1687012e+01
   2.0789320e+06   4.1198730e+01
   2.0790470e+06   3.8024902e+01
   2.0790850e+06   4.0954590e+01
   2.0792700e+06   3.8452148e+01
   2.0792990e+06   3.8085938e+01
   2.0796340e+06   4.3945312e+01
   2.0803180e+06   4.1381836e+01
   2.0807630e+06   4.0832520e+01
   2.0809900e+06   3.9184570e+01
   2.0812500e+06   3.8208008e+01
   2.0818530e+06   4.2358398e+01
   2.0819530e+06   4.0527344e+01
   2.0824760e+06   3.9794922e+01
   2.0825120e+06   4.0527344e+01
   2.0827130e+06   4.0832520e+01
   2.0829910e+06   3.8513184e+01
   2.0831650e+06   4.0649414e+01
   2.0835170e+06   4.0039062e+01
   2.0836670e+06   4.4494629e+01
   2.0836820e+06   3.8879395e+01
   2.0838280e+06   4.4860840e+01
   2.0840160e+06   5.4382324e+01
   2.0840920e+06   3.9001465e+01
   2.0842230e+06   4.1809082e+01
   2.0842830e+06   4.1931152e+01
   2.0845880e+06   4.8706055e+01
   2.0846990e+06   4.0588379e+01
   2.0848370e+06   3.8513184e+01
   2.0850340e+06   3.8513184e+01
   2.0851470e+06   4.1931152e+01
   2.0853380e+06   4.1870117e+01
   2.0855060e+06   4.4860840e+01
   2.0856410e+06   4.0710449e+01
   2.0856810e+06   3.9184570e+01
   2.0858150e+06   4.1015625e+01
   2.0859180e+06   3.9611816e+01
   2.0861390e+06   3.8146973e+01
   2.0861880e+06   4.1992188e+01
   2.0862650e+06   4.0405273e+01
   2.0864690e+06   4.9133301e+01
   2.0870020e+06   3.8391113e+01
   2.0871840e+06   3.8879395e+01
   2.0874370e+06   4.0161133e+01
   2.0876150e+06   4.9438477e+01
   2.0877400e+06   5.1208496e+01
   2.0878660e+06   3.8024902e+01
   2.0883670e+06   4.4921875e+01
   2.0884600e+06   4.5227051e+01
   2.0886640e+06   4.2602539e+01
   2.0895560e+06   4.0039062e+01
   2.0897120e+06   5.2551270e+01
   2.0899290e+06   3.9306641e+01
   2.0905960e+06   3.8330078e+01
   2.0907820e+06   5.3283691e+01
   2.0909310e+06   4.0466309e+01
   2.0911940e+06   4.5776367e+01
   2.0914590e+06   3.8330078e+01
   2.0915390e+06   4.2419434e+01
   2.0919310e+06   3.9062500e+01
   2.0921780e+06   3.9245605e+01
   2.0925920e+06   4.9987793e+01
   2.0936940e+06   4.7607422e+01
   2.1815060e+06   4.2480469e+01
   2.1969760e+06   4.7302246e+01
   2.2164720e+06   3.8757324e+01
   2.3013230e+06   4.0039062e+01
   2.3980760e+06   3.8452148e+01
   2.5394750e+06   3.8696289e+01
   2.5396830e+06   3.8208008e+01
   2.5397630e+06   8.3312988e+01
   2.5398060e+06   4.0222168e+01
   2.5398550e+06   4.7729492e+01
   2.5399240e+06   1.0229492e+02
   2.5399460e+06   5.0170898e+01
   2.5400040e+06   4.4433594e+01
   2.5400330e+06   5.0415039e+01
   2.5400630e+06   7.3608398e+01
   2.5401000e+06   7.0068359e+01
   2.5401150e+06   4.1564941e+01
   2.5401380e+06   5.4199219e+01
   2.5402610e+06   4.7973633e+01
   2.5403060e+06   4.4860840e+01
   2.5403420e+06   5.0048828e+01
   2.5404150e+06   7.3730469e+01
   2.5405510e+06   3.9916992e+01
   2.5405720e+06   4.1931152e+01
   2.5406680e+06   4.2541504e+01
   2.5407860e+06   4.0771484e+01
   2.5409350e+06   4.0161133e+01
   2.5409680e+06   3.9916992e+01
   2.5412470e+06   4.3945312e+01
   2.5414400e+06   4.2175293e+01
   2.5415720e+06   4.4006348e+01
   2.5418750e+06   3.9611816e+01
   2.5423780e+06   4.5471191e+01
   2.5425350e+06   4.1442871e+01
   2.5426400e+06   4.3029785e+01
   2.5428080e+06   4.2114258e+01
   2.5431110e+06   3.8330078e+01
   2.5435010e+06   4.2236328e+01
   2.5449250e+06   4.3640137e+01
   2.5470050e+06   4.8889160e+01
   2.5488220e+06   4.1381836e+01
   2.5490190e+06   3.8208008e+01
   2.5493320e+06   4.0893555e+01
   2.5500100e+06   4.0893555e+01
   2.5505460e+06   4.0954590e+01
   2.5505850e+06   5.7678223e+01
   2.5506390e+06   5.6945801e+01
   2.5507420e+06   3.8330078e+01
   2.5508040e+06   4.2236328e+01
   2.5508590e+06   5.3405762e+01
   2.5508890e+06   4.1870117e+01
   2.5509670e+06   5.5053711e+01
   2.5510560e+06   7.9406738e+01
   2.5511160e+06   4.3151855e+01
   2.5512060e+06   4.2419434e+01
   2.5512800e+06   4.3823242e+01
   2.5513720e+06   4.7485352e+01
   2.5513900e+06   4.5776367e+01
   2.5515130e+06   4.4006348e+01
   2.5516660e+06   5.1269531e+01
   2.5517410e+06   4.7119141e+01
   2.5518400e+06   4.3823242e+01
   2.5519070e+06   4.6875000e+01
   2.5519250e+06   4.8828125e+01
   2.5522020e+06   4.6875000e+01
   2.5524400e+06   4.7851562e+01
   2.5525230e+06   4.3273926e+01
   2.5526720e+06   3.8269043e+01
   2.5527010e+06   4.6691895e+01
   2.5527920e+06   4.3334961e+01
   2.5529620e+06   4.3945312e+01
   2.5532660e+06   4.5776367e+01
   2.5533080e+06   3.9672852e+01
   2.5533620e+06   3.8513184e+01
   2.5534110e+06   3.8391113e+01
   2.5535160e+06   3.9733887e+01
   2.5536690e+06   3.8940430e+01
   2.5538060e+06   3.8208008e+01
   2.5539260e+06   3.9978027e+01
   2.5541220e+06   3.8330078e+01
   2.5556650e+06   4.0466309e+01
   2.5559690e+06   3.8208008e+01
   2.5561240e+06   4.8034668e+01
   2.5567070e+06   4.3395996e+01
   2.5569570e+06   4.0283203e+01
   2.5571250e+06   6.1584473e+01
   2.5573790e+06   4.0588379e+01
   2.5575770e+06   6.0485840e+01
   2.5577590e+06   3.9550781e+01
   2.5578840e+06   4.8706055e+01
   2.5580940e+06   4.3334961e+01
   2.5581340e+06   3.8146973e+01
   2.5584370e+06   4.3334961e+01
   2.5586410e+06   4.0100098e+01
   2.5587210e+06   4.5410156e+01
   2.5589820e+06   4.1320801e+01
   2.5590760e+06   3.8085938e+01
   2.5591970e+06   3.8818359e+01
   2.5592580e+06   4.2114258e+01
   2.5592880e+06   4.5349121e+01
   2.5595660e+06   3.8269043e+01
   2.5597320e+06   4.1198730e+01
   2.5600280e+06   3.9306641e+01
   2.5601210e+06   4.1625977e+01
   2.5601950e+06   4.4433594e+01
   2.5602330e+06   4.5532227e+01
   2.5603540e+06   4.1320801e+01
   2.5605830e+06   3.8818359e+01
   2.5606680e+06   4.1259766e+01
   2.5608570e+06   4.0893555e+01
   2.5608990e+06   4.2602539e+01
   2.5610770e+06   3.8391113e+01
   2.5612250e+06   4.0161133e+01
   2.5612920e+06   4.0344238e+01
   2.5613100e+06   4.3151855e+01
   2.5615100e+06   4.4494629e+01
   2.5618520e+06   3.8208008e+01
   2.5619770e+06   3.8757324e+01
   2.5625300e+06   4.0222168e+01
   2.5625960e+06   4.0527344e+01
   2.5629150e+06   3.8391113e+01
   2.5637970e+06   3.9062500e+01
   2.6266860e+06   4.7119141e+01
   2.6338680e+06   4.6142578e+01
   2.6439030e+06   4.1198730e+01
   2.6698540e+06   4.7607422e+01
   2.7089500e+06   4.4067383e+01
   2.8042950e+06   3.9306641e+01
   2.8212720e+06   3.9428711e+01
   2.8757010e+06   4.2358398e+01
   2.8772510e+06   3.9062500e+01
   2.8896730e+06   4.5837402e+01
   2.9244970e+06   3.8818359e+01
   2.9578270e+06   4.2358398e+01
   2.9806180e+06   4.7790527e+01
   3.0872050e+06   4.0893555e+01
   3.1620100e+06   4.2785645e+01
   3.1776910e+06   4.4799805e+01
   3.2118750e+06   4.4433594e+01
   3.2592530e+06   4.3273926e+01
   3.2704040e+06   4.0649414e+01
   3.3164220e+06   4.5043945e+01
   3.3264060e+06   3.8635254e+01
   3.4548110e+06   3.8757324e+01
   3.5238640e+06   3.9489746e+01
   3.5411480e+06   4.0588379e+01
   3.5425880e+06   4.0283203e+01
   3.5539240e+06   4.2846680e+01
   3.5728120e+06   3.8330078e+01
   3.5777750e+06   4.1198730e+01
   3.5796200e+06   4.1503906e+01
   3.6022940e+06   4.3762207e+01
   3.6130430e+06   4.3762207e+01
   3.6199760e+06   4.1259766e+01
   3.6308840e+06   4.2419434e+01
   3.6503130e+06   4.3334961e+01
   3.6681830e+06   4.2114258e+01
   3.6833670e+06   4.6630859e+01
   3.7614660e+06   8.4106445e+01
   3.7615050e+06   3.7719727e+01
   3.7616510e+06   3.8879395e+01
   3.7616860e+06   5.0598145e+01
   3.7617060e+06   1.4263916e+02
   3.7617630e+06   4.5288086e+01
   3.7617930e+06   6.1889648e+01
   3.7618290e+06   5.1391602e+01
   3.7618560e+06   5.3894043e+01
   3.7619370e+06   3.8085938e+01
   3.7619840e+06   5.6640625e+01
   3.7620410e+06   4.8889160e+01
   3.7620650e+06   3.9001465e+01
   3.7620970e+06   4.2907715e+01
   3.7621540e+06   4.6569824e+01
   3.7622230e+06   4.0893555e+01
   3.7623110e+06   4.6020508e+01
   3.7624250e+06   4.0344238e+01
   3.7626110e+06   4.3090820e+01
   3.7629020e+06   4.4311523e+01
   3.7631280e+06   4.1748047e+01
   3.7633370e+06   4.3212891e+01
   3.7633700e+06   4.0161133e+01
   3.7634740e+06   4.0039062e+01
   3.7636250e+06   5.0903320e+01
   3.7637470e+06   4.0466309e+01
   3.7638700e+06   5.6518555e+01
   3.7640170e+06   4.1442871e+01
   3.7642430e+06   5.3222656e+01
   3.7646000e+06   4.3151855e+01
   3.7648820e+06   4.0100098e+01
   3.7651680e+06   4.1870117e+01
   3.7652160e+06   3.8452148e+01
   3.7654210e+06   4.1870117e+01
   3.7656130e+06   3.9550781e+01
   3.7660390e+06   4.3212891e+01
   3.7666610e+06   4.1442871e+01
   3.7668340e+06   3.8940430e+01
   3.7674550e+06   4.3212891e+01
   3.7676310e+06   3.7902832e+01
   3.7679990e+06   4.3457031e+01
   3.7682790e+06   4.0222168e+01
   3.7683990e+06   3.9184570e+01
   3.7685850e+06   4.0344238e+01
   3.7692190e+06   4.7851562e+01
   3.7693830e+06   4.5288086e+01
   3.7696090e+06   5.1391602e+01
   3.7699210e+06   4.3823242e+01
   3.7701620e+06   4.1320801e+01
   3.7702840e+06   4.4860840e+01
   3.7705500e+06   4.9865723e+01
   3.7706110e+06   4.6813965e+01
   3.7707030e+06   4.1503906e+01
   3.7709450e+06   5.0659180e+01
   3.7709760e+06   4.9865723e+01
   3.7710420e+06   4.0222168e+01
   3.7711120e+06   5.2856445e+01
   3.7712310e+06   4.5654297e+01
   3.7712500e+06   4.4189453e+01
   3.7713290e+06   3.8391113e+01
   3.7713800e+06   3.8452148e+01
   3.7718680e+06   4.2724609e+01
   3.7720180e+06   4.1076660e+01
   3.7722240e+06   3.7841797e+01
   3.7724280e+06   4.2114258e+01
   3.7727320e+06   3.9367676e+01
   3.7727430e+06   4.7058105e+01
   3.7729510e+06   4.0649414e+01
   3.7731210e+06   3.9306641e+01
   3.7734860e+06   4.5654297e+01
   3.7739480e+06   4.4982910e+01
   3.7740990e+06   3.8696289e+01
   3.7742050e+06   4.1687012e+01
   3.7744050e+06   3.8024902e+01
   3.7745730e+06   3.8696289e+01
   3.7748430e+06   4.6264648e+01
   3.7748940e+06   3.9794922e+01
   3.7752230e+06   4.1809082e+01
   3.7753330e+06   3.8208008e+01
   3.7754470e+06   4.6813965e+01
   3.7757240e+06   3.8269043e+01
   3.7761550e+06   4.3518066e+01
   3.7763110e+06   4.2907715e+01
   3.7765150e+06   3.9062500e+01
   3.7768000e+06   3.9489746e+01
   3.7769770e+06   4.0954590e+01
   3.7770340e+06   4.1381836e+01
   3.7771960e+06   4.6020508e+01
   3.7774080e+06   3.8757324e+01
   3.7775880e+06   3.7902832e+01
   3.7777520e+06   4.1137695e+01
   3.7777630e+06   3.8940430e+01
   3.7779010e+06   4.0344238e+01
   3.7779900e+06   4.6203613e+01
   3.7782230e+06   4.0832520e+01
   3.7784170e+06   3.9306641e+01
   3.7784550e+06   3.9916992e+01
   3.7786440e+06   4.1809082e+01
   3.7787780e+06   6.1645508e+01
   3.7788050e+06   4.4250488e+01
   3.7788590e+06   4.2419434e+01
   3.7790960e+06   4.4311523e+01
   3.7792210e+06   3.8635254e+01
   3.7795510e+06   4.1320801e+01
   3.7797000e+06   5.6762695e+01
   3.7798570e+06   4.0710449e+01
   3.7799890e+06   3.8757324e+01
   3.7801160e+06   4.3090820e+01
   3.7801840e+06   4.1381836e+01
   3.7809990e+06   4.0222168e+01
   3.7810860e+06   3.9550781e+01
   3.7811360e+06   4.4616699e+01
   3.7813600e+06   4.1687012e+01
   3.7816340e+06   4.1564941e+01
   3.7819390e+06   4.1625977e+01
   3.7830480e+06   3.9367676e+01
   3.7831610e+06   4.1503906e+01
   3.7832670e+06   4.1076660e+01
   3.7835060e+06   3.9001465e+01
   3.7845120e+06   4.1748047e+01
   3.8034420e+06   5.2795410e+01
   3.8293300e+06   6.5917969e+01
   3.8541600e+06   4.2358398e+01
   3.8676050e+06   4.3701172e+01
   3.8765520e+06   4.2785645e+01
   3.8937500e+06   4.2175293e+01
   3.9022000e+06   3.9733887e+01
   3.9735870e+06   4.1198730e+01
   4.0059660e+06   4.2968750e+01
   4.0848380e+06   3.9123535e+01
   4.1560710e+06   4.7729492e+01
   4.1755500e+06   4.0405273e+01
   4.2079540e+06   8.7402344e+01
   4.2081880e+06   4.7241211e+01
   4.2082020e+06   9.9426270e+01
   4.2082610e+06   1.0815430e+02
   4.2082750e+06   4.8706055e+01
   4.2083050e+06   4.7119141e+01
   4.2083170e+06   6.2316895e+01
   4.2083490e+06   4.6630859e+01
   4.2083720e+06   3.9428711e+01
   4.2084390e+06   8.6364746e+01
   4.2084840e+06   4.7302246e+01
   4.2085330e+06   3.9123535e+01
   4.2085850e+06   4.7241211e+01
   4.2086080e+06   4.4128418e+01
   4.2086530e+06   4.2358398e+01
   4.2086640e+06   5.3283691e+01
   4.2086870e+06   4.4372559e+01
   4.2087460e+06   5.7800293e+01
   4.2088320e+06   4.2785645e+01
   4.2088780e+06   3.7963867e+01
   4.2089460e+06   4.6813965e+01
   4.2089620e+06   4.3701172e+01
   4.2090690e+06   4.7790527e+01
   4.2090920e+06   3.8635254e+01
   4.2093250e+06   4.7180176e+01
   4.2095030e+06   4.8156738e+01
   4.2095470e+06   4.0771484e+01
   4.2097070e+06   3.8330078e+01
   4.2098020e+06   4.7485352e+01
   4.2100330e+06   4.1748047e+01
   4.2102390e+06   4.5043945e+01
   4.2102870e+06   3.9611816e+01
   4.2104210e+06   4.9316406e+01
   4.2107410e+06   3.9489746e+01
   4.2107730e+06   3.8696289e+01
   4.2110680e+06   4.4189453e+01
   4.2113510e+06   4.0771484e+01
   4.2117520e+06   3.8391113e+01
   4.2117650e+06   3.8330078e+01
   4.2123470e+06   3.8269043e+01
   4.2143700e+06   4.4738770e+01
   4.2148040e+06   4.3823242e+01
   4.2166230e+06   3.9001465e+01
   4.2184100e+06   4.7912598e+01
   4.2196420e+06   3.7963867e+01
   4.2198360e+06   4.4921875e+01
   4.2199470e+06   4.1076660e+01
   4.2200030e+06   3.8024902e+01
   4.2200320e+06   4.0344238e+01
   4.2200700e+06   3.8940430e+01
   4.2200910e+06   6.8664551e+01
   4.2201210e+06   5.1147461e+01
   4.2201920e+06   4.2541504e+01
   4.2202770e+06   6.7138672e+01
   4.2203410e+06   4.1259766e+01
   4.2204330e+06   4.7363281e+01
   4.2205680e+06   4.2358398e+01
   4.2206410e+06   4.3457031e+01
   4.2207060e+06   4.2785645e+01
   4.2208090e+06   5.4199219e+01
   4.2208220e+06   4.4311523e+01
   4.2208930e+06   3.8818359e+01
   4.2209280e+06   4.7363281e+01
   4.2209870e+06   4.2907715e+01
   4.2212170e+06   4.7973633e+01
   4.2214900e+06   4.5654297e+01
   4.2216040e+06   4.0832520e+01
   4.2217070e+06   4.4311523e+01
   4.2218270e+06   4.9438477e+01
   4.2219080e+06   4.0283203e+01
   4.2219420e+06   4.0100098e+01
   4.2220490e+06   4.7668457e+01
   4.2223320e+06   5.3344727e+01
   4.2224390e+06   4.1503906e+01
   4.2225910e+06   4.7668457e+01
   4.2227150e+06   4.1992188e+01
   4.2228610e+06   4.1259766e+01
   4.2229740e+06   4.0527344e+01
   4.2231460e+06   4.7363281e+01
   4.2234800e+06   4.5776367e+01
   4.2240720e+06   4.3090820e+01
   4.2247940e+06   3.8696289e+01
   4.2256640e+06   4.5227051e+01
   4.2259900e+06   4.3701172e+01
   4.2330060e+06   7.1105957e+01
   4.2341320e+06   5.9570312e+01
   4.2349550e+06   6.1157227e+01
   4.2354670e+06   5.8166504e+01
   4.2359370e+06   4.8583984e+01
   4.2363120e+06   5.1452637e+01
   4.2377250e+06   3.8574219e+01
   4.2386350e+06   3.9916992e+01
   4.2394760e+06   4.5593262e+01
   4.2403440e+06   4.3273926e+01
   4.2428840e+06   3.8757324e+01
   4.2485050e+06   5.1391602e+01
   4.2623320e+06   4.8950195e+01
   4.2799320e+06   4.3029785e+01
   4.2866510e+06   3.8940430e+01
   4.2932800e+06   4.6936035e+01
   4.3015980e+06   4.4128418e+01
   4.3110290e+06   3.8940430e+01
   4.3170090e+06   4.0405273e+01
   4.3227540e+06   4.6813965e+01
   4.3877600e+06   4.0832520e+01
   4.4055790e+06   3.9245605e+01
   4.4274150e+06   4.4372559e+01
   4.5451280e+06   4.5654297e+01
   4.5891620e+06   5.0659180e+01
   4.6804110e+06   4.6630859e+01
   4.7084470e+06   3.8085938e+01
   4.7226000e+06   4.0222168e+01
   4.7620400e+06   4.3762207e+01
   4.8343250e+06   4.6752930e+01
   4.8543410e+06   3.8879395e+01
   4.8776150e+06   5.2062988e+01
   4.8985080e+06   4.3090820e+01
   4.9408900e+06   4.0161133e+01
   4.9836220e+06   4.4250488e+01
   4.9870650e+06   4.1564941e+01
   4.9873290e+06   6.6772461e+01
   4.9874250e+06   4.7607422e+01
   4.9874980e+06   4.4189453e+01
   4.9875280e+06   9.1369629e+01
   4.9875610e+06   7.3791504e+01
   4.9875830e+06   6.1218262e+01
   4.9876460e+06   7.2265625e+01
   4.9877070e+06   4.4982910e+01
   4.9877370e+06   4.2480469e+01
   4.9877960e+06   6.7016602e+01
   4.9878190e+06   4.5654297e+01
   4.9878650e+06   6.1401367e+01
   4.9878830e+06   3.8818359e+01
   4.9879590e+06   5.3649902e+01
   4.9880290e+06   3.9733887e+01
   4.9880660e+06   4.1137695e+01
   4.9881190e+06   3.9245605e+01
   4.9882210e+06   3.9428711e+01
   4.9884450e+06   3.8269043e+01
   4.9886010e+06   4.0954590e+01
   4.9888940e+06   4.3945312e+01
   4.9891700e+06   3.8574219e+01
   4.9892610e+06   3.9916992e+01
   4.9892860e+06   3.8391113e+01
   4.9894070e+06   5.6640625e+01
   4.9898830e+06   3.9978027e+01
   4.9900900e+06   4.7973633e+01
   4.9902180e+06   4.2846680e+01
   4.9903700e+06   3.8452148e+01
   4.9907050e+06   4.1381836e+01
   4.9911010e+06   3.9001465e+01
   4.9914870e+06   4.4433594e+01
   4.9961780e+06   3.8208008e+01
   4.9966290e+06   3.8330078e+01
   4.9967370e+06   3.8085938e+01
   4.9968330e+06   4.3762207e+01
   4.9969270e+06   4.4616699e+01
   4.9970550e+06   3.7658691e+01
   4.9971760e+06   5.3527832e+01
   4.9972510e+06   4.4555664e+01
   4.9973670e+06   3.7719727e+01
   4.9975520e+06   6.0241699e+01
   4.9975740e+06   3.9489746e+01
   4.9976070e+06   3.9123535e+01
   4.9976730e+06   4.5837402e+01
   4.9977380e+06   4.7546387e+01
   4.9977520e+06   8.8928223e+01
   4.9978850e+06   4.0710449e+01
   4.9979320e+06   5.7189941e+01
   4.9979830e+06   3.9001465e+01
   4.9980870e+06   5.0781250e+01
   4.9981100e+06   5.3527832e+01
   4.9981740e+06   3.7719727e+01
   4.9982460e+06   4.1076660e+01
   4.9983540e+06   3.9367676e+01
   4.9983700e+06   4.1931152e+01
   4.9984220e+06   3.9916992e+01
   4.9984650e+06   4.0283203e+01
   4.9985020e+06   4.7180176e+01
   4.9985420e+06   3.9978027e+01
   4.9986710e+06   4.1931152e+01
   4.9986910e+06   3.9794922e+01
   4.9988390e+06   5.0720215e+01
   4.9989530e+06   4.4616699e+01
   4.9990880e+06   3.7719727e+01
   4.9991570e+06   3.8574219e+01
   4.9992880e+06   4.3762207e+01
   4.9993800e+06   3.9916992e+01
   4.9994640e+06   5.0903320e+01
   4.9995120e+06   4.0832520e+01
   4.9996140e+06   3.8818359e+01
   5.0000160e+06   3.7963867e+01
   5.0000550e+06   4.3945312e+01
   5.0004020e+06   4.3151855e+01
   5.0005950e+06   4.2297363e+01
   5.0007290e+06   3.7658691e+01
   5.0012010e+06   3.9672852e+01
   5.0019270e+06   3.9184570e+01
   5.0022760e+06   3.9916992e+01
   5.0029040e+06   4.0344238e+01
   5.0036310e+06   4.6203613e+01
   5.0052170e+06   3.8574219e+01
   5.0057510e+06   3.8085938e+01
   5.0059160e+06   4.1687012e+01
   5.0060880e+06   4.5166016e+01
   5.0061340e+06   4.3029785e+01
   5.0061880e+06   4.8278809e+01
   5.0063490e+06   3.9489746e+01
   5.0065450e+06   4.9255371e+01
   5.0065650e+06   4.3640137e+01
   5.0067050e+06   4.6997070e+01
   5.0067340e+06   4.1442871e+01
   5.0069990e+06   3.8513184e+01
   5.0070590e+06   4.0161133e+01
   5.0070950e+06   3.9550781e+01
   5.0072270e+06   4.2602539e+01
   5.0073020e+06   3.8879395e+01
   5.0074180e+06   4.7729492e+01
   5.0075630e+06   3.8452148e+01
   5.0076410e+06   3.9672852e+01
   5.0076920e+06   4.1748047e+01
   5.0077020e+06   4.4921875e+01
   5.0077450e+06   4.3395996e+01
   5.0078400e+06   3.7841797e+01
   5.0079950e+06   3.9001465e+01
   5.0082190e+06   4.1381836e+01
   5.0086500e+06   4.5898438e+01
   5.0089040e+06   4.4982910e+01
   5.0090760e+06   4.0710449e+01
   5.0094470e+06   5.3344727e+01
   5.0097030e+06   3.7963867e+01
   5.0099030e+06   4.3823242e+01
   5.0099290e+06   3.8574219e+01
   5.0102070e+06   4.0222168e+01
   5.0372630e+06   6.0058594e+01
   5.0491560e+06   3.9489746e+01
   5.0568260e+06   4.0466309e+01
   5.0702620e+06   3.9916992e+01
   5.0876210e+06   3.9855957e+01
   5.1261930e+06   4.8522949e+01
   5.1271070e+06   4.5959473e+01
   5.1274470e+06   7.2753906e+01
   5.1554430e+06   3.9855957e+01
   5.1955650e+06   3.9001465e+01
   5.2050990e+06   3.9611816e+01
   5.2163630e+06   7.8430176e+01
   5.2169490e+06   6.1279297e+01
   5.3694940e+06   3.7841797e+01
   5.3887110e+06   4.9438477e+01
   5.3936330e+06   7.1594238e+01
   5.4163940e+06   3.8818359e+01
   5.4425290e+06   4.2480469e+01
   5.5003070e+06   4.5288086e+01
   5.5378750e+06   5.1025391e+01
   5.5809200e+06   4.2480469e+01
   5.5898980e+06   4.2236328e+01
   5.6767340e+06   3.9367676e+01
   5.6872080e+06   3.8085938e+01
   5.7078140e+06   5.3161621e+01
   5.7240710e+06   4.0527344e+01
   5.7490970e+06   4.2236328e+01
   5.8027590e+06   5.5053711e+01
   5.8144030e+06   4.4860840e+01
   5.8760690e+06   4.7302246e+01
   5.9807800e+06   4.0283203e+01
   5.9851180e+06   4.0039062e+01
   5.9974000e+06   4.4677734e+01
   6.0053080e+06   3.9123535e+01
   6.0429980e+06   4.0832520e+01
   6.0856520e+06   4.4982910e+01
   6.1357430e+06   3.9123535e+01
   6.1466770e+06   3.7597656e+01
   6.2003010e+06   4.2785645e+01
   6.2616050e+06   4.5349121e+01
   6.2924250e+06   6.9335938e+01
   6.2925280e+06   4.1198730e+01
   6.2926190e+06   4.8950195e+01
   6.2926340e+06   3.7292480e+01
   6.2926560e+06   7.5134277e+01
   6.2926760e+06   7.9956055e+01
   6.2926990e+06   4.6203613e+01
   6.2927270e+06   3.8391113e+01
   6.2927760e+06   4.4189453e+01
   6.2928190e+06   5.2795410e+01
   6.2928330e+06   5.4748535e+01
   6.2928760e+06   4.1320801e+01
   6.2929360e+06   3.9428711e+01
   6.2929520e+06   4.6020508e+01
   6.2930100e+06   4.1870117e+01
   6.2930420e+06   4.6630859e+01
   6.2931310e+06   6.3049316e+01
   6.2932530e+06   5.6884766e+01
   6.2933980e+06   3.7719727e+01
   6.2934620e+06   3.7292480e+01
   6.2937000e+06   3.8269043e+01
   6.2937880e+06   3.8208008e+01
   6.2940500e+06   3.7597656e+01
   6.2941470e+06   4.0100098e+01
   6.2944510e+06   4.1625977e+01
   6.2946970e+06   3.8818359e+01
   6.2949730e+06   4.4555664e+01
   6.2950030e+06   4.3090820e+01
   6.2950450e+06   3.7475586e+01
   6.2953840e+06   3.7475586e+01
   6.2954800e+06   4.5471191e+01
   6.2960930e+06   3.9306641e+01
   6.2970020e+06   4.7607422e+01
   6.2986100e+06   4.3273926e+01
   6.2991420e+06   4.1564941e+01
   6.2995760e+06   3.9794922e+01
   6.2997710e+06   4.3273926e+01
   6.3000250e+06   4.4311523e+01
   6.3001030e+06   3.7475586e+01
   6.3002190e+06   3.7902832e+01
   6.3004330e+06   4.0588379e+01
   6.3005730e+06   4.1198730e+01
   6.3006860e+06   4.1381836e+01
   6.3010370e+06   3.9245605e+01
   6.3012190e+06   4.2236328e+01
   6.3015970e+06   4.0771484e+01
   6.3018030e+06   4.7180176e+01
   6.3018760e+06   5.0170898e+01
   6.3019340e+06   4.9560547e+01
   6.3019620e+06   4.0954590e+01
   6.3021070e+06   3.8391113e+01
   6.3021630e+06   3.7963867e+01
   6.3022300e+06   4.0466309e+01
   6.3023700e+06   3.9733887e+01
   6.3025140e+06   6.3842773e+01
   6.3026550e+06   5.0964355e+01
   6.3028290e+06   4.2297363e+01
   6.3029160e+06   3.8024902e+01
   6.3031450e+06   3.8085938e+01
   6.3034980e+06   3.7719727e+01
   6.3035380e+06   3.7414551e+01
   6.3038240e+06   3.9367676e+01
   6.3039790e+06   3.7597656e+01
   6.3041240e+06   4.0161133e+01
   6.3042980e+06   3.9794922e+01
   6.3045940e+06   4.2480469e+01
   6.3048050e+06   4.4555664e+01
   6.3052980e+06   3.7597656e+01
   6.3055680e+06   4.3090820e+01
   6.3055970e+06   5.2490234e+01
   6.3072710e+06   3.8879395e+01
   6.3078930e+06   4.1992188e+01
   6.3080610e+06   4.2053223e+01
   6.3082220e+06   3.7292480e+01
   6.3083540e+06   3.9489746e+01
   6.3087070e+06   3.9916992e+01
   6.3087680e+06   5.0964355e+01
   6.3089960e+06   5.1025391e+01
   6.3091290e+06   5.5297852e+01
   6.3094590e+06   4.0161133e+01
   6.3094750e+06   3.8085938e+01
   6.3095560e+06   4.5776367e+01
   6.3096470e+06   4.0344238e+01
   6.3098480e+06   6.3476562e+01
   6.3101120e+06   4.6691895e+01
   6.3101950e+06   3.7719727e+01
   6.3102130e+06   3.8269043e+01
   6.3102970e+06   3.7719727e+01
   6.3103250e+06   4.2419434e+01
   6.3103720e+06   4.5898438e+01
   6.3104540e+06   4.4433594e+01
   6.3105630e+06   4.0832520e+01
   6.3105910e+06   3.7719727e+01
   6.3107790e+06   4.2663574e+01
   6.3108880e+06   3.8146973e+01
   6.3110240e+06   3.8269043e+01
   6.3111660e+06   4.0039062e+01
   6.3114360e+06   4.2846680e+01
   6.3116200e+06   3.8269043e+01
   6.3117910e+06   3.9855957e+01
   6.3119860e+06   4.8339844e+01
   6.3121920e+06   3.7963867e+01
   6.3122890e+06   4.1687012e+01
   6.3131130e+06   4.3273926e+01
   6.3133100e+06   4.3151855e+01
   6.3143130e+06   3.9672852e+01
   6.3173490e+06   4.5104980e+01
   6.3465660e+06   5.8532715e+01
   6.3503570e+06   3.7780762e+01
   6.3876440e+06   4.2419434e+01
   6.3993560e+06   4.2602539e+01
   6.4068080e+06   4.4067383e+01
   6.4230070e+06   4.4921875e+01
   6.4478930e+06   4.1259766e+01
   6.4537870e+06   4.5715332e+01
   6.4608910e+06   4.1870117e+01
   6.5259580e+06   4.1564941e+01
   6.5260590e+06   3.7597656e+01
   6.5260690e+06   5.5603027e+01
   6.5260950e+06   4.0161133e+01
   6.5261140e+06   8.8806152e+01
   6.5261430e+06   7.9833984e+01
   6.5262000e+06   4.1931152e+01
   6.5262620e+06   5.8105469e+01
   6.5262930e+06   4.1564941e+01
   6.5263210e+06   4.6325684e+01
   6.5263580e+06   4.4616699e+01
   6.5263770e+06   3.8513184e+01
   6.5264030e+06   5.6518555e+01
   6.5264570e+06   6.0180664e+01
   6.5264740e+06   4.1870117e+01
   6.5265210e+06   5.1025391e+01
   6.5266000e+06   4.1015625e+01
   6.5266110e+06   5.4809570e+01
   6.5267260e+06   4.1870117e+01
   6.5268150e+06   3.8940430e+01
   6.5268280e+06   4.5959473e+01
   6.5269560e+06   4.6752930e+01
   6.5271270e+06   3.8940430e+01
   6.5271930e+06   4.6264648e+01
   6.5273250e+06   3.8024902e+01
   6.5274290e+06   4.3579102e+01
   6.5275740e+06   4.2236328e+01
   6.5276100e+06   4.3579102e+01
   6.5276290e+06   3.8085938e+01
   6.5277050e+06   3.8208008e+01
   6.5278520e+06   4.0161133e+01
   6.5283700e+06   4.8095703e+01
   6.5289980e+06   4.0954590e+01
   6.5297450e+06   4.2358398e+01
   6.5339240e+06   4.0222168e+01
   6.5346610e+06   4.6203613e+01
   6.5350010e+06   3.8269043e+01
   6.5365990e+06   4.1442871e+01
   6.5370470e+06   3.7841797e+01
   6.5376450e+06   3.8635254e+01
   6.5382500e+06   4.9438477e+01
   6.5396450e+06   3.9733887e+01
   6.5410820e+06   4.1503906e+01
   6.5424770e+06   5.8837891e+01
   6.5433460e+06   6.6711426e+01
   6.5434850e+06   3.9123535e+01
   6.5439660e+06   6.1584473e+01
   6.5441810e+06   3.9428711e+01
   6.5445620e+06   5.9020996e+01
   6.5450230e+06   5.6152344e+01
   6.5454030e+06   5.9326172e+01
   6.5458460e+06   4.9316406e+01
   6.5462830e+06   4.1870117e+01
   6.5463440e+06   4.3151855e+01
   6.5467620e+06   4.3029785e+01
   6.5472760e+06   4.2175293e+01
   6.5473400e+06   4.3029785e+01
   6.5479660e+06   4.1992188e+01
   6.5487710e+06   4.1381836e+01
   6.5554700e+06   3.9550781e+01
   6.5643320e+06   4.3579102e+01
   6.5669290e+06   3.7353516e+01
   6.5705180e+06   3.7841797e+01
   6.5734120e+06   4.2236328e+01
   6.6146960e+06   4.8156738e+01
   6.6353020e+06   4.1076660e+01
   6.6534000e+06   4.4189453e+01
   6.7276990e+06   3.9001465e+01
   6.7452040e+06   5.2490234e+01
   6.8709600e+06   4.7973633e+01
   6.9261550e+06   4.7119141e+01
   6.9716050e+06   4.3884277e+01
   6.9920770e+06   4.2663574e+01
   7.0589700e+06   4.0893555e+01
   7.1178370e+06   4.1015625e+01
   7.1366570e+06   5.0720215e+01
   7.1476460e+06   4.4128418e+01
   7.2227720e+06   4.3029785e+01
   7.2394260e+06   3.7902832e+01
   7.2492770e+06   3.8757324e+01
   7.2508410e+06   3.8818359e+01
   7.2726690e+06   4.5959473e+01
   7.2834030e+06   5.3833008e+01
   7.2968390e+06   4.3029785e+01
   7.3290030e+06   3.9916992e+01
   7.3398160e+06   4.1320801e+01
   7.3512180e+06   4.6142578e+01
   7.4101480e+06   4.2358398e+01
   7.4271120e+06   4.1137695e+01
   7.4333570e+06   7.0739746e+01
   7.4334840e+06   7.8125000e+01
   7.4335130e+06   4.5288086e+01
   7.4335350e+06   8.0383301e+01
   7.4335580e+06   4.7973633e+01
   7.4336040e+06   4.1503906e+01
   7.4336260e+06   4.8217773e+01
   7.4336390e+06   5.2490234e+01
   7.4337040e+06   4.7790527e+01
   7.4337280e+06   4.0466309e+01
   7.4337430e+06   5.5053711e+01
   7.4338190e+06   5.1330566e+01
   7.4338590e+06   5.0781250e+01
   7.4338800e+06   5.7922363e+01
   7.4339580e+06   5.3466797e+01
   7.4340070e+06   3.8269043e+01
   7.4340710e+06   4.8095703e+01
   7.4341590e+06   4.1687012e+01
   7.4341920e+06   4.1259766e+01
   7.4343490e+06   4.2297363e+01
   7.4344720e+06   3.8696289e+01
   7.4345350e+06   5.1635742e+01
   7.4346430e+06   4.1137695e+01
   7.4347700e+06   4.2175293e+01
   7.4349290e+06   4.6691895e+01
   7.4351460e+06   4.2358398e+01
   7.4351690e+06   3.8513184e+01
   7.4354290e+06   4.8034668e+01
   7.4354660e+06   4.6936035e+01
   7.4356130e+06   4.1259766e+01
   7.4357250e+06   3.9489746e+01
   7.4357820e+06   3.7963867e+01
   7.4360710e+06   4.1137695e+01
   7.4362320e+06   4.3945312e+01
   7.4393610e+06   4.0405273e+01
   7.4400130e+06   3.8146973e+01
   7.4420850e+06   3.7841797e+01
   7.4423110e+06   3.8513184e+01
   7.4424780e+06   3.7719727e+01
   7.4428990e+06   3.8574219e+01
   7.4431120e+06   3.9794922e+01
   7.4432640e+06   6.6101074e+01
   7.4432780e+06   3.9062500e+01
   7.4433170e+06   4.6142578e+01
   7.4433840e+06   3.8146973e+01
   7.4434100e+06   4.1931152e+01
   7.4435190e+06   6.9824219e+01
   7.4435470e+06   4.0222168e+01
   7.4436380e+06   3.8146973e+01
   7.4437090e+06   5.2978516e+01
   7.4437380e+06   4.0100098e+01
   7.4438640e+06   5.4260254e+01
   7.4439040e+06   3.9794922e+01
   7.4439530e+06   4.1748047e+01
   7.4440710e+06   5.2551270e+01
   7.4441280e+06   4.2114258e+01
   7.4441730e+06   5.3527832e+01
   7.4441930e+06   4.0588379e+01
   7.4442790e+06   4.2053223e+01
   7.4446890e+06   5.6396484e+01
   7.4447850e+06   3.8024902e+01
   7.4448110e+06   4.1687012e+01
   7.4449300e+06   3.8696289e+01
   7.4453740e+06   4.9682617e+01
   7.4456640e+06   3.9245605e+01
   7.4458180e+06   4.5654297e+01
   7.4463670e+06   4.0832520e+01
   7.4465890e+06   3.9733887e+01
   7.4476980e+06   3.9306641e+01
   7.4477440e+06   3.7658691e+01
   7.4492420e+06   3.9062500e+01
   7.4497080e+06   4.2602539e+01
   7.4514230e+06   4.1381836e+01
   7.4518740e+06   5.1757812e+01
   7.4521570e+06   3.8635254e+01
   7.4523990e+06   3.8024902e+01
   7.4540040e+06   4.0893555e+01
   7.4542840e+06   4.2541504e+01
   7.4543720e+06   4.5532227e+01
   7.4547460e+06   3.9367676e+01
   7.4549080e+06   3.7414551e+01
   7.4551130e+06   3.8757324e+01
   7.4552940e+06   4.4677734e+01
   7.4553210e+06   4.0893555e+01
   7.4558490e+06   3.8391113e+01
   7.4560360e+06   3.8085938e+01
   7.4722960e+06   3.8269043e+01
   7.4770660e+06   3.7353516e+01
   7.4929500e+06   3.8513184e+01
   7.5020410e+06   5.1452637e+01
   7.5114650e+06   3.8696289e+01
   7.5168450e+06   4.4372559e+01
   7.5540590e+06   9.1735840e+01
   7.5540920e+06   8.2214355e+01
   7.5541300e+06   5.8166504e+01
   7.5541970e+06   6.2500000e+01
   7.5542150e+06   4.1687012e+01
   7.5542310e+06   7.2265625e+01
   7.5542530e+06   4.4311523e+01
   7.5542850e+06   7.8430176e+01
   7.5543260e+06   4.5959473e+01
   7.5543440e+06   5.5480957e+01
   7.5543540e+06   5.1330566e+01
   7.5543780e+06   4.1809082e+01
   7.5544500e+06   5.3771973e+01
   7.5544600e+06   4.0527344e+01
   7.5545050e+06   3.8085938e+01
   7.5545520e+06   4.8461914e+01
   7.5546260e+06   3.8879395e+01
   7.5546400e+06   3.7841797e+01
   7.5546970e+06   4.5104980e+01
   7.5547230e+06   4.3823242e+01
   7.5547590e+06   4.3151855e+01
   7.5548270e+06   3.9489746e+01
   7.5548440e+06   4.2114258e+01
   7.5549040e+06   3.7414551e+01
   7.5549820e+06   5.5297852e+01
   7.5550720e+06   4.0466309e+01
   7.5550860e+06   4.4494629e+01
   7.5552270e+06   4.0649414e+01
   7.5553870e+06   4.0954590e+01
   7.5555130e+06   4.1320801e+01
   7.5555520e+06   4.4006348e+01
   7.5556100e+06   3.9428711e+01
   7.5557010e+06   4.2663574e+01
   7.5557170e+06   3.8452148e+01
   7.5558030e+06   4.2846680e+01
   7.5559440e+06   5.2368164e+01
   7.5560800e+06   3.8208008e+01
   7.5565770e+06   3.7841797e+01
   7.5567060e+06   3.7658691e+01
   7.5568760e+06   3.9489746e+01
   7.5571210e+06   3.7719727e+01
   7.5571520e+06   3.9489746e+01
   7.5574020e+06   3.9855957e+01
   7.5625850e+06   3.7963867e+01
   7.5636870e+06   4.3762207e+01
   7.5656800e+06   3.9245605e+01
   7.5675730e+06   4.1076660e+01
   7.5692750e+06   4.0588379e+01
   7.5711140e+06   6.3964844e+01
   7.5716730e+06   4.2175293e+01
   7.5803750e+06   4.0710449e+01
   7.5819810e+06   4.8767090e+01
   7.5928530e+06   6.1645508e+01
   7.6017480e+06   4.5532227e+01
   7.6615390e+06   4.6142578e+01
   7.6976820e+06   3.8085938e+01
   7.7208900e+06   3.8024902e+01
   7.8753300e+06   3.8635254e+01
   7.9921940e+06   3.9550781e+01
   8.0499730e+06   4.1320801e+01
   8.0758880e+06   4.7180176e+01
   8.0928980e+06   5.2307129e+01
   8.1085400e+06   4.0893555e+01
   8.1125500e+06   3.8452148e+01
   8.1199240e+06   4.0100098e+01
   8.1305490e+06   3.9184570e+01
   8.1890690e+06   3.7353516e+01
   8.2127810e+06   3.7902832e+01
   8.2361310e+06   4.7973633e+01
   8.2799080e+06   4.0649414e+01
   8.2874350e+06   4.0649414e+01
   8.2982780e+06   3.8940430e+01
   8.3115470e+06   4.4982910e+01
   8.3295840e+06   3.7597656e+01
   8.3447070e+06   7.0068359e+01
   8.3447530e+06   4.8706055e+01
   8.3447870e+06   8.5815430e+01
   8.3448180e+06   4.4189453e+01
   8.3448410e+06   9.0454102e+01
   8.3449080e+06   4.0283203e+01
   8.3449390e+06   6.2072754e+01
   8.3449500e+06   4.5227051e+01
   8.3449840e+06   3.8574219e+01
   8.3450510e+06   4.8767090e+01
   8.3450790e+06   4.4250488e+01
   8.3451220e+06   6.6162109e+01
   8.3451580e+06   4.2480469e+01
   8.3451900e+06   4.5715332e+01
   8.3452110e+06   4.1870117e+01
   8.3452500e+06   4.3823242e+01
   8.3452930e+06   7.0251465e+01
   8.3453980e+06   3.9001465e+01
   8.3454740e+06   4.8706055e+01
   8.3455040e+06   4.3823242e+01
   8.3455760e+06   3.7597656e+01
   8.3455940e+06   3.8513184e+01
   8.3457030e+06   5.2062988e+01
   8.3458830e+06   4.1137695e+01
   8.3459260e+06   3.7353516e+01
   8.3462090e+06   3.9245605e+01
   8.3463070e+06   4.6630859e+01
   8.3463320e+06   3.7475586e+01
   8.3463940e+06   3.8330078e+01
   8.3465670e+06   3.7353516e+01
   8.3467240e+06   3.7963867e+01
   8.3470440e+06   3.7780762e+01
   8.3472040e+06   4.4250488e+01
   8.3473470e+06   5.5541992e+01
   8.3474720e+06   4.2419434e+01
   8.3478320e+06   4.9255371e+01
   8.3478730e+06   4.1015625e+01
   8.3533410e+06   4.7912598e+01
   8.3543740e+06   4.4982910e+01
   8.3556050e+06   4.1259766e+01
   8.3558710e+06   4.1564941e+01
   8.3561650e+06   3.9184570e+01
   8.3561950e+06   4.7058105e+01
   8.3562390e+06   4.3823242e+01
   8.3563070e+06   5.2490234e+01
   8.3563330e+06   4.4250488e+01
   8.3563470e+06   4.3457031e+01
   8.3564280e+06   4.0283203e+01
   8.3564630e+06   7.0007324e+01
   8.3565070e+06   4.1625977e+01
   8.3565530e+06   4.8400879e+01
   8.3565820e+06   4.3334961e+01
   8.3566610e+06   4.8645020e+01
   8.3566970e+06   4.6447754e+01
   8.3567770e+06   3.8818359e+01
   8.3568290e+06   4.4982910e+01
   8.3568620e+06   4.1625977e+01
   8.3569860e+06   3.9611816e+01
   8.3570360e+06   4.5593262e+01
   8.3570550e+06   3.9978027e+01
   8.3571090e+06   5.3405762e+01
   8.3572370e+06   4.4250488e+01
   8.3573420e+06   4.2175293e+01
   8.3574200e+06   4.0832520e+01
   8.3575530e+06   3.9550781e+01
   8.3577750e+06   3.8330078e+01
   8.3578010e+06   3.8940430e+01
   8.3578800e+06   4.6020508e+01
   8.3581420e+06   3.8574219e+01
   8.3582510e+06   5.3405762e+01
   8.3585190e+06   5.4382324e+01
   8.3586540e+06   3.7719727e+01
   8.3592040e+06   4.0222168e+01
   8.3598300e+06   4.2419434e+01
   8.3601270e+06   4.0405273e+01
   8.3691080e+06   4.6813965e+01
   8.3698710e+06   4.2419434e+01
   8.3766270e+06   6.4514160e+01
   8.3776010e+06   5.2429199e+01
   8.3785640e+06   4.8400879e+01
   8.3819890e+06   3.8757324e+01
   8.3876930e+06   4.6203613e+01
   8.3899370e+06   5.6945801e+01
   8.3930770e+06   3.8574219e+01
   8.3953010e+06   5.3405762e+01
   8.3995440e+06   3.7719727e+01
   8.4041830e+06   5.3344727e+01
   8.4045480e+06   4.3395996e+01
   8.4108360e+06   4.0588379e+01
   8.4152760e+06   4.4067383e+01
   8.4203040e+06   4.0954590e+01
   8.4253700e+06   4.3884277e+01
   8.4302010e+06   4.4128418e+01
   8.4379340e+06   3.8330078e+01
   8.4438570e+06   4.6142578e+01
   8.4575430e+06   3.8208008e+01
   8.4637880e+06   3.7536621e+01
   8.4744820e+06   3.7536621e+01
   8.4808000e+06   6.2805176e+01
   8.5461880e+06   3.8146973e+01
   8.6782780e+06   4.7607422e+01
   8.7256420e+06   3.8696289e+01
   8.8455450e+06   4.1320801e+01
   8.8895390e+06   4.0283203e+01
   8.9961610e+06   4.9926758e+01
