   8.9970000e+06   0.0000000e+00
   4.4050000e+03   3.5522461e+01
   9.9600000e+03   3.6926270e+01
   4.1630000e+04   3.6865234e+01
   4.6764000e+04   3.7231445e+01
   7.0239000e+04   3.8574219e+01
   9.9551000e+04   3.5766602e+01
   1.0449600e+05   3.7719727e+01
   1.4643900e+05   4.2419434e+01
   1.7655900e+05   3.6315918e+01
   1.8046900e+05   3.8269043e+01
   2.1501600e+05   3.5461426e+01
   2.3360300e+05   4.0100098e+01
   2.6813300e+05   3.6193848e+01
   2.8254100e+05   4.3823242e+01
   2.8281800e+05   4.1748047e+01
   2.8309400e+05   3.9978027e+01
   2.8312900e+05   3.5461426e+01
   2.8318300e+05   3.7231445e+01
   2.8320100e+05   3.5766602e+01
   2.8322200e+05   4.6142578e+01
   2.8326600e+05   5.3833008e+01
   2.8327900e+05   4.1076660e+01
   2.8330700e+05   6.3354492e+01
   2.8335000e+05   5.6823730e+01
   2.8337800e+05   6.8847656e+01
   2.8346600e+05   7.7636719e+01
   2.8351200e+05   3.7414551e+01
   2.8355700e+05   3.9550781e+01
   2.8357200e+05   3.9245605e+01
   2.8388100e+05   4.9011230e+01
   2.8401000e+05   4.2724609e+01
   2.8539900e+05   3.6682129e+01
   2.8572900e+05   4.1259766e+01
   2.9408800e+05   3.8208008e+01
   3.2418600e+05   3.5461426e+01
   3.7503500e+05   3.7353516e+01
   3.8971800e+05   3.6621094e+01
   4.6332700e+05   3.8696289e+01
   4.6339200e+05   4.8889160e+01
   4.6343400e+05   4.9804688e+01
   4.6345700e+05   5.8898926e+01
   4.6348000e+05   4.1137695e+01
   4.6352400e+05   3.9062500e+01
   4.6356000e+05   4.1992188e+01
   4.6359100e+05   5.6091309e+01
   4.6367100e+05   3.5827637e+01
   4.6371100e+05   4.4677734e+01
   4.6373400e+05   4.3579102e+01
   4.6383700e+05   3.6010742e+01
   4.6393600e+05   3.6193848e+01
   4.6407900e+05   3.6804199e+01
   4.6428300e+05   3.9367676e+01
   4.6441500e+05   3.5888672e+01
   4.6445900e+05   3.9001465e+01
   4.6564100e+05   3.6132812e+01
   4.6612900e+05   3.8391113e+01
   5.6479700e+05   3.6682129e+01
   5.7325200e+05   3.5888672e+01
   5.7634600e+05   3.7536621e+01
   5.8296500e+05   3.6071777e+01
   6.1055200e+05   3.7414551e+01
   6.2240100e+05   3.6010742e+01
   6.2303100e+05   5.3100586e+01
   6.2319200e+05   3.8269043e+01
   6.2321100e+05   4.1076660e+01
   6.2326600e+05   4.2480469e+01
   6.2328500e+05   9.5886230e+01
   6.2331500e+05   6.0058594e+01
   6.2333400e+05   3.7719727e+01
   6.2341400e+05   3.7109375e+01
   6.2345300e+05   4.4128418e+01
   6.2347600e+05   7.4890137e+01
   6.2354900e+05   3.9428711e+01
   6.2361800e+05   4.6508789e+01
   6.2375600e+05   3.9245605e+01
   6.2382600e+05   4.0649414e+01
   6.2417100e+05   4.9865723e+01
   6.2432000e+05   3.7170410e+01
   6.2661300e+05   4.0100098e+01
   6.2692200e+05   3.6315918e+01
   6.2729200e+05   3.8513184e+01
   6.2819600e+05   4.2480469e+01
   6.9682600e+05   3.7048340e+01
   6.9927500e+05   3.5644531e+01
   7.1838700e+05   3.9489746e+01
   7.3320600e+05   3.5888672e+01
   7.3789500e+05   3.8208008e+01
   7.7815000e+05   3.7780762e+01
   7.8808100e+05   3.7475586e+01
   7.8971000e+05   3.8513184e+01
   8.3455900e+05   4.6264648e+01
   8.3457800e+05   3.9978027e+01
   8.3460800e+05   5.7373047e+01
   8.3464000e+05   4.1809082e+01
   8.3468700e+05   5.2673340e+01
   8.3472600e+05   6.6711426e+01
   8.3475100e+05   3.5949707e+01
   8.3481000e+05   4.6447754e+01
   8.3482700e+05   4.3945312e+01
   8.3484200e+05   4.4738770e+01
   8.3487700e+05   6.8420410e+01
   8.3499300e+05   4.0527344e+01
   8.3502200e+05   4.8706055e+01
   8.3516400e+05   3.7231445e+01
   8.3529600e+05   3.9489746e+01
   8.3533100e+05   3.6621094e+01
   8.3562800e+05   4.0771484e+01
   8.3588200e+05   4.1870117e+01
   8.3668400e+05   3.5766602e+01
   8.3674300e+05   3.7353516e+01
   8.3690400e+05   3.6621094e+01
   8.3762700e+05   4.1259766e+01
   8.5466500e+05   3.5644531e+01
   8.5485400e+05   4.0527344e+01
   8.5505900e+05   6.6467285e+01
   8.5508900e+05   3.6621094e+01
   8.5510800e+05   4.1503906e+01
   8.5516100e+05   3.9245605e+01
   8.5529300e+05   3.8208008e+01
   8.5532100e+05   5.6762695e+01
   8.5538800e+05   4.4555664e+01
   8.5551600e+05   4.1137695e+01
   8.5555500e+05   4.4677734e+01
   8.5558200e+05   4.5410156e+01
   8.5561200e+05   4.0527344e+01
   8.5565200e+05   3.7170410e+01
   8.5584700e+05   4.0100098e+01
   8.5623500e+05   3.9794922e+01
   8.5654900e+05   4.7607422e+01
   8.5694700e+05   4.8461914e+01
   8.6063600e+05   4.4128418e+01
   8.6069400e+05   3.6010742e+01
   8.6128100e+05   4.9682617e+01
   8.6146000e+05   3.6376953e+01
   8.6182000e+05   4.5043945e+01
   8.6228500e+05   3.8146973e+01
   8.6263000e+05   4.4372559e+01
   8.6343500e+05   3.9672852e+01
   8.6349500e+05   3.6682129e+01
   8.6371800e+05   4.0222168e+01
   9.4109400e+05   3.8208008e+01
   9.9542200e+05   3.6437988e+01
   1.0242390e+06   3.7597656e+01
   1.0951610e+06   3.7414551e+01
   1.1045090e+06   3.5522461e+01
   1.1116600e+06   3.6682129e+01
   1.1836350e+06   3.8330078e+01
   1.1867750e+06   3.7353516e+01
   1.2014300e+06   3.6193848e+01
   1.2044390e+06   4.0283203e+01
   1.2580940e+06   3.6621094e+01
   1.2864210e+06   3.7414551e+01
   1.3122260e+06   4.1625977e+01
   1.3130130e+06   4.0954590e+01
   1.3384160e+06   3.7536621e+01
   1.3390410e+06   5.0781250e+01
   1.3390640e+06   3.5888672e+01
   1.3390780e+06   3.7719727e+01
   1.3391350e+06   5.1025391e+01
   1.3391640e+06   3.7597656e+01
   1.3391890e+06   3.9550781e+01
   1.3392530e+06   5.0964355e+01
   1.3392680e+06   4.2541504e+01
   1.3393090e+06   5.3283691e+01
   1.3393830e+06   3.6621094e+01
   1.3393960e+06   5.1025391e+01
   1.3394460e+06   3.8940430e+01
   1.3395010e+06   5.0109863e+01
   1.3395910e+06   3.8879395e+01
   1.3396350e+06   4.1137695e+01
   1.3397890e+06   3.9978027e+01
   1.3401070e+06   5.5236816e+01
   1.3414600e+06   3.5827637e+01
   1.3417220e+06   4.0100098e+01
   1.3649710e+06   3.5888672e+01
   1.3651280e+06   3.7536621e+01
   1.3651780e+06   5.0292969e+01
   1.3652250e+06   3.9550781e+01
   1.3652480e+06   3.7536621e+01
   1.3652710e+06   4.9621582e+01
   1.3653130e+06   4.2419434e+01
   1.3653940e+06   4.1992188e+01
   1.3654370e+06   4.0710449e+01
   1.3654870e+06   4.1198730e+01
   1.3655190e+06   4.9011230e+01
   1.3656460e+06   5.1025391e+01
   1.3656630e+06   4.0039062e+01
   1.3656940e+06   4.2968750e+01
   1.3657380e+06   4.5715332e+01
   1.3657770e+06   4.5410156e+01
   1.3660290e+06   4.7668457e+01
   1.3661090e+06   4.2907715e+01
   1.3672810e+06   4.5776367e+01
   1.3707700e+06   3.9611816e+01
   1.3720360e+06   3.7231445e+01
   1.3721440e+06   4.9255371e+01
   1.3725590e+06   5.7250977e+01
   1.3728710e+06   3.6010742e+01
   1.3731440e+06   3.7414551e+01
   1.3735760e+06   3.9123535e+01
   1.3740760e+06   3.5827637e+01
   1.3742690e+06   3.8330078e+01
   1.3756660e+06   3.5461426e+01
   1.3764160e+06   3.9123535e+01
   1.4386370e+06   3.6010742e+01
   1.4924010e+06   3.7719727e+01
   1.5031520e+06   3.6071777e+01
   1.5172440e+06   4.1015625e+01
   1.5309310e+06   3.8146973e+01
   1.5457420e+06   3.7231445e+01
   1.5565660e+06   3.6132812e+01
   1.5824800e+06   3.6560059e+01
   1.5826110e+06   3.7841797e+01
   1.5922040e+06   3.9611816e+01
   1.6119780e+06   3.5827637e+01
   1.6542110e+06   3.6682129e+01
   1.6585550e+06   3.7658691e+01
   1.6641120e+06   3.7963867e+01
   1.7009690e+06   3.8330078e+01
   1.7165850e+06   3.6804199e+01
   1.7200510e+06   3.6804199e+01
   1.7471840e+06   4.2602539e+01
   1.7471970e+06   3.8269043e+01
   1.7472320e+06   5.1391602e+01
   1.7473130e+06   4.2724609e+01
   1.7473270e+06   6.3781738e+01
   1.7473410e+06   3.6987305e+01
   1.7473620e+06   5.9387207e+01
   1.7473930e+06   5.1025391e+01
   1.7474170e+06   3.5827637e+01
   1.7474930e+06   4.8583984e+01
   1.7475460e+06   3.6315918e+01
   1.7475680e+06   4.5837402e+01
   1.7476520e+06   4.7912598e+01
   1.7477650e+06   5.3344727e+01
   1.7478740e+06   4.1503906e+01
   1.7480270e+06   3.6560059e+01
   1.7487970e+06   3.7536621e+01
   1.7495560e+06   3.9672852e+01
   1.7498140e+06   3.8696289e+01
   1.7500290e+06   3.5461426e+01
   1.7574460e+06   3.7231445e+01
   1.7629520e+06   3.6804199e+01
   1.7630110e+06   3.8818359e+01
   1.7631210e+06   3.7780762e+01
   1.7632370e+06   4.0161133e+01
   1.7632710e+06   3.7963867e+01
   1.7633910e+06   4.3640137e+01
   1.7634520e+06   6.0729980e+01
   1.7634850e+06   4.9133301e+01
   1.7634980e+06   3.7963867e+01
   1.7635340e+06   5.6457520e+01
   1.7636050e+06   4.2053223e+01
   1.7637520e+06   4.4250488e+01
   1.7640500e+06   3.5949707e+01
   1.7640940e+06   4.8095703e+01
   1.7644560e+06   4.4616699e+01
   1.7644850e+06   3.6071777e+01
   1.7649880e+06   3.8208008e+01
   1.7653620e+06   3.6254883e+01
   1.7684950e+06   4.0283203e+01
   1.7692540e+06   3.6132812e+01
   1.7702000e+06   3.5461426e+01
   1.7703210e+06   4.3273926e+01
   1.7704880e+06   3.7902832e+01
   1.7707580e+06   3.7170410e+01
   1.7710350e+06   4.5898438e+01
   1.7714420e+06   5.1330566e+01
   1.7718430e+06   4.7668457e+01
   1.8125330e+06   3.5644531e+01
   1.8779350e+06   3.7902832e+01
   1.8865000e+06   3.5461426e+01
   1.9106960e+06   3.7414551e+01
   1.9215200e+06   3.6254883e+01
   1.9298270e+06   3.5461426e+01
   1.9640770e+06   3.6621094e+01
   1.9780310e+06   3.6315918e+01
   1.9842350e+06   3.8024902e+01
   2.0327900e+06   3.6071777e+01
   2.0510580e+06   3.6254883e+01
   2.0663430e+06   3.7658691e+01
   2.0791210e+06   3.8574219e+01
   2.0962140e+06   3.5522461e+01
   2.1161660e+06   3.9611816e+01
   2.1244510e+06   3.6499023e+01
   2.1665880e+06   3.7536621e+01
   2.1915570e+06   3.9978027e+01
   2.1985850e+06   3.8635254e+01
   2.2019970e+06   3.6071777e+01
   2.2178840e+06   3.7597656e+01
   2.2402870e+06   3.5522461e+01
   2.2423430e+06   3.8940430e+01
   2.2465380e+06   4.0588379e+01
   2.2998030e+06   4.3029785e+01
   2.3132450e+06   3.5644531e+01
   2.3399640e+06   3.7841797e+01
   2.3428850e+06   4.2419434e+01
   2.3577490e+06   4.1625977e+01
   2.3956310e+06   4.1198730e+01
   2.4003240e+06   3.8574219e+01
   2.4148200e+06   5.1086426e+01
   2.4148330e+06   5.0170898e+01
   2.4149290e+06   4.4311523e+01
   2.4149590e+06   4.7302246e+01
   2.4149820e+06   4.9316406e+01
   2.4150080e+06   4.7912598e+01
   2.4150540e+06   3.9489746e+01
   2.4150660e+06   4.6997070e+01
   2.4151610e+06   7.0922852e+01
   2.4151800e+06   5.1208496e+01
   2.4152880e+06   4.8400879e+01
   2.4153180e+06   3.5705566e+01
   2.4153930e+06   4.4860840e+01
   2.4155090e+06   3.5522461e+01
   2.4158640e+06   3.7353516e+01
   2.4161070e+06   3.7109375e+01
   2.4161250e+06   3.9978027e+01
   2.4162750e+06   3.8085938e+01
   2.4165160e+06   4.4067383e+01
   2.4171260e+06   3.5644531e+01
   2.4173720e+06   6.4819336e+01
   2.4178710e+06   4.3212891e+01
   2.4230670e+06   3.6254883e+01
   2.4235680e+06   6.3476562e+01
   2.4239530e+06   5.0842285e+01
   2.4243120e+06   5.2429199e+01
   2.4244630e+06   3.8085938e+01
   2.4245790e+06   3.7048340e+01
   2.4248450e+06   4.2358398e+01
   2.4251000e+06   4.1748047e+01
   2.4253650e+06   4.0039062e+01
   2.4266650e+06   4.0466309e+01
   2.4267580e+06   4.0039062e+01
   2.4289960e+06   3.7536621e+01
   2.4303450e+06   3.5522461e+01
   2.4356520e+06   3.8330078e+01
   2.5084510e+06   5.7861328e+01
   2.5089340e+06   5.9570312e+01
   2.5571840e+06   3.8269043e+01
   2.5598590e+06   3.8146973e+01
   2.5635020e+06   3.5522461e+01
   2.5804290e+06   3.6865234e+01
   2.6182420e+06   3.8330078e+01
   2.6311310e+06   3.6560059e+01
   2.6456140e+06   3.6254883e+01
   2.6459960e+06   3.5705566e+01
   2.6771890e+06   4.6203613e+01
   2.7863070e+06   4.8278809e+01
   2.7863360e+06   7.3913574e+01
   2.7863720e+06   4.0222168e+01
   2.7864150e+06   3.8085938e+01
   2.7864320e+06   4.1625977e+01
   2.7864620e+06   6.5795898e+01
   2.7864800e+06   3.7231445e+01
   2.7865390e+06   4.5776367e+01
   2.7865920e+06   4.7851562e+01
   2.7866190e+06   4.7607422e+01
   2.7866560e+06   3.6132812e+01
   2.7867140e+06   4.8156738e+01
   2.7868590e+06   3.7353516e+01
   2.7869160e+06   4.0710449e+01
   2.7870630e+06   3.9489746e+01
   2.7872720e+06   4.0466309e+01
   2.7874800e+06   3.6010742e+01
   2.7881800e+06   3.5644531e+01
   2.7883470e+06   3.5644531e+01
   2.7906490e+06   4.0649414e+01
   2.7983620e+06   4.1442871e+01
   2.7990210e+06   3.7109375e+01
   2.7990500e+06   7.6904297e+01
   2.7990680e+06   3.7658691e+01
   2.7991070e+06   4.7485352e+01
   2.7991540e+06   4.8950195e+01
   2.7993370e+06   4.9499512e+01
   2.7994260e+06   3.5705566e+01
   2.7995770e+06   3.6193848e+01
   2.7996110e+06   3.7719727e+01
   2.7996330e+06   4.9560547e+01
   2.7998700e+06   5.1818848e+01
   2.7999450e+06   3.6499023e+01
   2.8004220e+06   4.3518066e+01
   2.8041510e+06   3.8269043e+01
   2.8044360e+06   3.6071777e+01
   2.8049050e+06   4.4494629e+01
   2.8064850e+06   3.9978027e+01
   2.8082120e+06   3.6743164e+01
   2.8097640e+06   4.9743652e+01
   2.8104780e+06   4.1259766e+01
   2.9124690e+06   3.8330078e+01
   2.9248240e+06   3.7353516e+01
   2.9428400e+06   3.5583496e+01
   2.9906840e+06   3.6987305e+01
   3.0105320e+06   4.0771484e+01
   3.0442410e+06   3.5705566e+01
   3.0708120e+06   3.6254883e+01
   3.0782900e+06   3.4667969e+01
   3.0993270e+06   3.6804199e+01
   3.1088750e+06   3.8940430e+01
   3.1481080e+06   3.9184570e+01
   3.1538620e+06   3.5156250e+01
   3.2026050e+06   6.7016602e+01
   3.2156930e+06   3.5522461e+01
   3.2158720e+06   3.5034180e+01
   3.2197090e+06   3.5766602e+01
   3.2342950e+06   3.4545898e+01
   3.2463390e+06   4.2663574e+01
   3.2499550e+06   3.8208008e+01
   3.2944400e+06   3.5339355e+01
   3.3071690e+06   3.4912109e+01
   3.3237570e+06   3.8269043e+01
   3.3241300e+06   3.6193848e+01
   3.3241650e+06   3.8696289e+01
   3.3241760e+06   4.4738770e+01
   3.3242250e+06   4.3884277e+01
   3.3242540e+06   3.5400391e+01
   3.3242680e+06   5.6579590e+01
   3.3243530e+06   6.5002441e+01
   3.3243900e+06   4.1137695e+01
   3.3245080e+06   6.0546875e+01
   3.3245710e+06   4.6630859e+01
   3.3245830e+06   4.3090820e+01
   3.3253250e+06   4.3151855e+01
   3.3253630e+06   3.4423828e+01
   3.3257500e+06   3.6865234e+01
   3.3259790e+06   3.7536621e+01
   3.3260770e+06   4.4616699e+01
   3.3272010e+06   3.9550781e+01
   3.3309970e+06   3.9245605e+01
   3.3318460e+06   3.5217285e+01
   3.3322920e+06   3.5400391e+01
   3.3329200e+06   5.8776855e+01
   3.3332490e+06   5.8471680e+01
   3.3332920e+06   4.0100098e+01
   3.3337250e+06   3.5217285e+01
   3.3343240e+06   4.9194336e+01
   3.3344070e+06   3.6376953e+01
   3.3358600e+06   3.6437988e+01
   3.4259660e+06   3.9428711e+01
   3.4730250e+06   3.9123535e+01
   3.4965490e+06   3.4423828e+01
   3.5050070e+06   3.4545898e+01
   3.5262560e+06   4.3090820e+01
   3.5302680e+06   3.9611816e+01
   3.5361830e+06   3.4362793e+01
   3.5364570e+06   4.5715332e+01
   3.5365720e+06   3.7109375e+01
   3.5366020e+06   4.0710449e+01
   3.5367150e+06   3.4423828e+01
   3.5368010e+06   5.1025391e+01
   3.5368210e+06   4.0222168e+01
   3.5368380e+06   8.4594727e+01
   3.5369240e+06   4.7180176e+01
   3.5369420e+06   3.4912109e+01
   3.5370190e+06   5.4321289e+01
   3.5370620e+06   3.8879395e+01
   3.5371350e+06   3.6621094e+01
   3.5371630e+06   3.5583496e+01
   3.5371750e+06   3.4362793e+01
   3.5372930e+06   4.4738770e+01
   3.5374400e+06   3.4973145e+01
   3.5374920e+06   3.7048340e+01
   3.5375630e+06   3.7902832e+01
   3.5379660e+06   4.7302246e+01
   3.5380270e+06   3.5461426e+01
   3.5383980e+06   4.3701172e+01
   3.5389740e+06   3.4545898e+01
   3.5398330e+06   4.0466309e+01
   3.5506150e+06   3.4606934e+01
   3.5536670e+06   4.2480469e+01
   3.5536990e+06   3.5949707e+01
   3.5537930e+06   4.0405273e+01
   3.5538260e+06   7.7087402e+01
   3.5538770e+06   5.3588867e+01
   3.5539400e+06   4.3701172e+01
   3.5539560e+06   3.4301758e+01
   3.5540950e+06   3.7780762e+01
   3.5541210e+06   4.9316406e+01
   3.5541770e+06   3.6926270e+01
   3.5542860e+06   3.9489746e+01
   3.5543340e+06   4.0527344e+01
   3.5544350e+06   3.6926270e+01
   3.5546530e+06   3.4851074e+01
   3.5548220e+06   4.3029785e+01
   3.5550870e+06   3.5400391e+01
   3.5559590e+06   3.8452148e+01
   3.5563360e+06   3.4790039e+01
   3.5778360e+06   3.7170410e+01
   3.6116070e+06   3.6437988e+01
   3.6394150e+06   3.6315918e+01
   3.6696000e+06   3.4851074e+01
   3.6947960e+06   4.2053223e+01
   3.7099400e+06   3.4301758e+01
   3.7238010e+06   4.0771484e+01
   3.7388210e+06   3.4362793e+01
   3.7628660e+06   3.4484863e+01
   3.7648300e+06   3.7719727e+01
   3.7686290e+06   3.4484863e+01
   3.7798750e+06   4.3640137e+01
   3.7866770e+06   3.4667969e+01
   3.8066380e+06   3.5034180e+01
   3.8093050e+06   4.1137695e+01
   3.8243460e+06   4.1564941e+01
   3.8347880e+06   3.5583496e+01
   3.8505380e+06   3.4606934e+01
   3.8819530e+06   3.7353516e+01
   3.9105710e+06   3.4484863e+01
   3.9840690e+06   3.4545898e+01
   3.9905790e+06   4.2846680e+01
   3.9925440e+06   3.7902832e+01
   3.9925710e+06   4.1320801e+01
   3.9925870e+06   4.8339844e+01
   3.9926340e+06   4.7912598e+01
   3.9926450e+06   3.8085938e+01
   3.9926640e+06   3.8513184e+01
   3.9927050e+06   4.2114258e+01
   3.9927190e+06   3.5217285e+01
   3.9927460e+06   4.1625977e+01
   3.9927810e+06   3.9855957e+01
   3.9928140e+06   3.6743164e+01
   3.9928850e+06   3.4973145e+01
   3.9928950e+06   4.6081543e+01
   3.9929350e+06   4.0100098e+01
   3.9930190e+06   3.4790039e+01
   3.9932610e+06   3.8818359e+01
   3.9936150e+06   3.5339355e+01
   3.9942410e+06   3.4362793e+01
   4.0042480e+06   3.7658691e+01
   4.0044610e+06   3.8757324e+01
   4.0044970e+06   3.4362793e+01
   4.0045550e+06   3.5583496e+01
   4.0045790e+06   3.4729004e+01
   4.0046300e+06   3.6987305e+01
   4.0047010e+06   3.7414551e+01
   4.0047590e+06   4.3090820e+01
   4.0048520e+06   6.3903809e+01
   4.0050060e+06   3.8330078e+01
   4.0050770e+06   5.1513672e+01
   4.0051190e+06   3.5522461e+01
   4.0051670e+06   6.9763184e+01
   4.0053880e+06   3.6376953e+01
   4.0054410e+06   4.5410156e+01
   4.0293280e+06   3.6621094e+01
   4.0641610e+06   3.4606934e+01
   4.1219410e+06   3.5461426e+01
   4.1239990e+06   3.5034180e+01
   4.1749640e+06   3.4912109e+01
   4.1760800e+06   3.5949707e+01
   4.1803940e+06   3.4851074e+01
   4.1804470e+06   4.1687012e+01
   4.1808310e+06   3.9245605e+01
   4.1809190e+06   4.7485352e+01
   4.1809540e+06   4.3090820e+01
   4.1810000e+06   6.3903809e+01
   4.1810830e+06   3.9489746e+01
   4.1811220e+06   3.9367676e+01
   4.1811440e+06   3.7597656e+01
   4.1811800e+06   5.5786133e+01
   4.1812050e+06   3.6132812e+01
   4.1812350e+06   3.5400391e+01
   4.1812630e+06   3.9123535e+01
   4.1813050e+06   3.6926270e+01
   4.1813510e+06   5.4748535e+01
   4.1813770e+06   4.2663574e+01
   4.1814510e+06   3.8024902e+01
   4.1816230e+06   4.7607422e+01
   4.1816440e+06   4.6142578e+01
   4.1817690e+06   3.9062500e+01
   4.1818890e+06   3.7475586e+01
   4.1819110e+06   3.8024902e+01
   4.1820880e+06   3.7597656e+01
   4.1821170e+06   3.5583496e+01
   4.1822760e+06   3.5522461e+01
   4.1826890e+06   3.5644531e+01
   4.1830960e+06   3.6499023e+01
   4.1833300e+06   3.7231445e+01
   4.1929980e+06   3.5339355e+01
   4.1933480e+06   3.5583496e+01
   4.1944330e+06   3.4423828e+01
   4.1950720e+06   4.8889160e+01
   4.1951450e+06   3.8208008e+01
   4.1951700e+06   3.9855957e+01
   4.1952200e+06   6.3598633e+01
   4.1952730e+06   3.5278320e+01
   4.1953480e+06   4.5471191e+01
   4.1953830e+06   3.4606934e+01
   4.1954990e+06   5.1574707e+01
   4.1955110e+06   3.6376953e+01
   4.1956030e+06   3.9245605e+01
   4.1957860e+06   4.1259766e+01
   4.1959690e+06   4.5227051e+01
   4.1960020e+06   3.5827637e+01
   4.1960900e+06   5.1025391e+01
   4.1964830e+06   5.0781250e+01
   4.1965820e+06   3.5156250e+01
   4.2001540e+06   3.5583496e+01
   4.2009490e+06   4.7363281e+01
   4.2029170e+06   4.9621582e+01
   4.2038710e+06   3.6376953e+01
   4.2039090e+06   5.3283691e+01
   4.3076880e+06   3.7231445e+01
   4.3259560e+06   3.6010742e+01
   4.3493310e+06   3.4912109e+01
   4.3633470e+06   3.4729004e+01
   4.3717530e+06   4.0283203e+01
   4.3726130e+06   3.6743164e+01
   4.3730480e+06   3.6071777e+01
   4.3732790e+06   4.0161133e+01
   4.3733590e+06   3.6132812e+01
   4.3734120e+06   3.6193848e+01
   4.3734260e+06   4.5715332e+01
   4.3734410e+06   5.2490234e+01
   4.3734990e+06   3.4912109e+01
   4.3735250e+06   4.3579102e+01
   4.3735350e+06   4.1015625e+01
   4.3735710e+06   3.4301758e+01
   4.3736510e+06   6.1767578e+01
   4.3736680e+06   3.6987305e+01
   4.3738280e+06   3.7536621e+01
   4.3740420e+06   5.2062988e+01
   4.3740800e+06   4.4494629e+01
   4.3743820e+06   3.5217285e+01
   4.3743980e+06   5.8166504e+01
   4.3760980e+06   3.4606934e+01
   4.3909450e+06   3.5156250e+01
   4.3912750e+06   4.1687012e+01
   4.3913970e+06   3.9672852e+01
   4.3914240e+06   5.8349609e+01
   4.3914630e+06   3.4912109e+01
   4.3915090e+06   3.8818359e+01
   4.3916200e+06   3.4606934e+01
   4.3916370e+06   4.5349121e+01
   4.3916780e+06   4.3273926e+01
   4.3917480e+06   6.4270020e+01
   4.3918370e+06   3.5461426e+01
   4.3918860e+06   4.4433594e+01
   4.3919910e+06   5.2551270e+01
   4.3923790e+06   3.6804199e+01
   4.3924190e+06   4.3701172e+01
   4.3924840e+06   4.1076660e+01
   4.3927100e+06   3.6437988e+01
   4.3930980e+06   4.2785645e+01
   4.3936320e+06   3.7475586e+01
   4.4643620e+06   3.5156250e+01
   4.4750560e+06   3.8208008e+01
   4.5128900e+06   3.5766602e+01
   4.5320240e+06   4.0527344e+01
   4.5352280e+06   3.5034180e+01
   4.5369050e+06   3.4973145e+01
   4.5896600e+06   3.4667969e+01
   4.5974700e+06   4.4494629e+01
   4.6603300e+06   3.5522461e+01
   4.6603630e+06   3.6010742e+01
   4.6606370e+06   4.4250488e+01
   4.6607770e+06   3.5522461e+01
   4.6608030e+06   4.1870117e+01
   4.6608890e+06   4.0954590e+01
   4.6609170e+06   5.4870605e+01
   4.6609460e+06   8.4228516e+01
   4.6609570e+06   3.4484863e+01
   4.6609720e+06   4.7973633e+01
   4.6610290e+06   4.1687012e+01
   4.6610520e+06   4.1381836e+01
   4.6610840e+06   3.9672852e+01
   4.6611110e+06   7.6660156e+01
   4.6611370e+06   3.5827637e+01
   4.6611520e+06   3.4484863e+01
   4.6612290e+06   3.5217285e+01
   4.6612650e+06   5.9570312e+01
   4.6612950e+06   3.5400391e+01
   4.6613120e+06   4.4433594e+01
   4.6614210e+06   4.6691895e+01
   4.6614680e+06   4.3029785e+01
   4.6615950e+06   3.9550781e+01
   4.6617220e+06   3.7353516e+01
   4.6618440e+06   4.0710449e+01
   4.6619410e+06   3.9367676e+01
   4.6626540e+06   3.5095215e+01
   4.6634390e+06   3.8879395e+01
   4.6757530e+06   4.1687012e+01
   4.6764300e+06   3.8574219e+01
   4.6769460e+06   3.7170410e+01
   4.6770150e+06   4.0893555e+01
   4.6770360e+06   4.0649414e+01
   4.6770610e+06   4.6813965e+01
   4.6772640e+06   3.8024902e+01
   4.6773860e+06   6.5673828e+01
   4.6774130e+06   3.6376953e+01
   4.6774480e+06   3.5644531e+01
   4.6776570e+06   4.1748047e+01
   4.6780190e+06   4.4189453e+01
   4.6781770e+06   3.6987305e+01
   4.6786760e+06   4.4860840e+01
   4.6904140e+06   3.6926270e+01
   4.7298580e+06   4.6203613e+01
   4.7725240e+06   3.4545898e+01
   4.7763720e+06   4.1198730e+01
   4.8001250e+06   3.6865234e+01
   4.8527380e+06   3.5095215e+01
   4.8692730e+06   3.5827637e+01
   4.8858970e+06   3.5766602e+01
   4.9368110e+06   3.9672852e+01
   4.9923340e+06   3.7963867e+01
   4.9927730e+06   4.0954590e+01
   4.9928370e+06   4.0527344e+01
   4.9929190e+06   4.9621582e+01
   4.9929440e+06   7.0556641e+01
   4.9930030e+06   3.8635254e+01
   4.9930940e+06   3.4301758e+01
   4.9931110e+06   8.0932617e+01
   4.9932360e+06   4.1931152e+01
   4.9932760e+06   5.1513672e+01
   4.9933640e+06   3.8757324e+01
   4.9937030e+06   3.4484863e+01
   4.9938050e+06   3.7048340e+01
   4.9939800e+06   3.7475586e+01
   4.9942050e+06   3.6804199e+01
   4.9955570e+06   3.7170410e+01
   5.0057400e+06   3.5339355e+01
   5.0094130e+06   3.5766602e+01
   5.0094700e+06   4.1870117e+01
   5.0095200e+06   6.5185547e+01
   5.0096990e+06   3.8696289e+01
   5.0098260e+06   5.4931641e+01
   5.0098470e+06   3.9306641e+01
   5.0100110e+06   4.2297363e+01
   5.0100820e+06   4.7302246e+01
   5.0102110e+06   3.6010742e+01
   5.0103360e+06   4.1137695e+01
   5.0104180e+06   3.5095215e+01
   5.0107130e+06   3.4545898e+01
   5.0109660e+06   4.0222168e+01
   5.0113700e+06   4.4494629e+01
   5.0118240e+06   4.0344238e+01
   5.0410040e+06   3.7353516e+01
   5.0479990e+06   3.4851074e+01
   5.1003290e+06   3.5034180e+01
   5.1099730e+06   4.1259766e+01
   5.1202020e+06   3.7780762e+01
   5.1210130e+06   3.5217285e+01
   5.1210630e+06   4.0588379e+01
   5.1210740e+06   4.1442871e+01
   5.1211130e+06   3.5644531e+01
   5.1211260e+06   3.5034180e+01
   5.1211540e+06   7.5561523e+01
   5.1211970e+06   6.7626953e+01
   5.1212330e+06   3.7963867e+01
   5.1212930e+06   3.7902832e+01
   5.1213060e+06   3.9184570e+01
   5.1213450e+06   5.3405762e+01
   5.1214950e+06   6.0302734e+01
   5.1216230e+06   3.6926270e+01
   5.1216810e+06   4.5776367e+01
   5.1217020e+06   3.5827637e+01
   5.1217280e+06   3.9306641e+01
   5.1219040e+06   4.6813965e+01
   5.1219350e+06   3.7109375e+01
   5.1222270e+06   4.3151855e+01
   5.1224130e+06   3.6315918e+01
   5.1224360e+06   3.4667969e+01
   5.1226220e+06   5.2856445e+01
   5.1839240e+06   3.5461426e+01
   5.2073570e+06   3.7109375e+01
   5.2111500e+06   3.5705566e+01
   5.2146730e+06   3.5156250e+01
   5.2247380e+06   3.4667969e+01
   5.2265080e+06   3.7780762e+01
   5.2474500e+06   3.4301758e+01
   5.2477090e+06   3.6193848e+01
   5.2558920e+06   3.8391113e+01
   5.2610650e+06   3.8574219e+01
   5.2637420e+06   3.5461426e+01
   5.2927400e+06   3.5217285e+01
   5.2972670e+06   3.5278320e+01
   5.3152530e+06   3.5827637e+01
   5.3266610e+06   3.5583496e+01
   5.4009380e+06   3.8208008e+01
   5.4014210e+06   3.4851074e+01
   5.4017050e+06   4.2419434e+01
   5.4017360e+06   5.4443359e+01
   5.4017670e+06   3.5217285e+01
   5.4017820e+06   4.3457031e+01
   5.4017940e+06   7.5134277e+01
   5.4018770e+06   3.7292480e+01
   5.4019130e+06   5.0537109e+01
   5.4019260e+06   5.4016113e+01
   5.4019500e+06   6.3720703e+01
   5.4019640e+06   3.8818359e+01
   5.4020090e+06   3.6926270e+01
   5.4021140e+06   4.7668457e+01
   5.4021620e+06   3.7963867e+01
   5.4022940e+06   3.5827637e+01
   5.4024240e+06   3.8452148e+01
   5.4024610e+06   3.6132812e+01
   5.4029260e+06   3.5156250e+01
   5.4032280e+06   5.4077148e+01
   5.4034230e+06   3.4606934e+01
   5.4038180e+06   4.6997070e+01
   5.4042140e+06   3.9428711e+01
   5.4143720e+06   3.8024902e+01
   5.4154100e+06   3.5583496e+01
   5.4175390e+06   3.4423828e+01
   5.4176100e+06   3.6193848e+01
   5.4178310e+06   3.6560059e+01
   5.4179230e+06   4.7851562e+01
   5.4180920e+06   4.4128418e+01
   5.4181910e+06   4.3212891e+01
   5.4182170e+06   4.4250488e+01
   5.4183490e+06   3.6315918e+01
   5.4184760e+06   4.5898438e+01
   5.4185310e+06   4.1625977e+01
   5.4186000e+06   3.6682129e+01
   5.4187440e+06   3.4912109e+01
   5.4187830e+06   4.0405273e+01
   5.4187940e+06   4.0344238e+01
   5.4190640e+06   4.4433594e+01
   5.4193930e+06   4.8461914e+01
   5.4195230e+06   3.5034180e+01
   5.4199370e+06   4.5288086e+01
   5.4209340e+06   4.5104980e+01
   5.4227640e+06   3.5400391e+01
   5.4934220e+06   3.4301758e+01
   5.5107730e+06   3.4484863e+01
   5.5188450e+06   3.5644531e+01
   5.5227580e+06   3.7475586e+01
   5.5355630e+06   3.8269043e+01
   5.5386180e+06   3.6437988e+01
   5.5416620e+06   3.6132812e+01
   5.5418770e+06   3.8513184e+01
   5.5420430e+06   3.9978027e+01
   5.5420590e+06   4.0588379e+01
   5.5421030e+06   3.8452148e+01
   5.5421200e+06   5.9020996e+01
   5.5421490e+06   4.2236328e+01
   5.5421890e+06   3.8757324e+01
   5.5423230e+06   6.3415527e+01
   5.5423420e+06   3.5461426e+01
   5.5423900e+06   3.7048340e+01
   5.5424780e+06   5.9936523e+01
   5.5425700e+06   4.0405273e+01
   5.5426790e+06   4.1137695e+01
   5.5428740e+06   6.4331055e+01
   5.5429440e+06   4.0039063e+01
   5.5430170e+06   3.5522461e+01
   5.5432850e+06   4.8400879e+01
   5.5436120e+06   4.2114258e+01
   5.5441400e+06   3.8757324e+01
   5.5455680e+06   3.5278320e+01
   5.5715840e+06   4.0832520e+01
   5.5722070e+06   6.6467285e+01
   5.5722510e+06   3.6865234e+01
   5.5723500e+06   3.6254883e+01
   5.5724100e+06   3.4423828e+01
   5.5724580e+06   4.8400879e+01
   5.5725060e+06   3.9306641e+01
   5.5725470e+06   4.0161133e+01
   5.5725930e+06   5.8410645e+01
   5.5726110e+06   3.5400391e+01
   5.5726710e+06   3.8574219e+01
   5.5728230e+06   7.1838379e+01
   5.5729210e+06   3.5400391e+01
   5.5730140e+06   3.9489746e+01
   5.5732480e+06   3.4912109e+01
   5.5733240e+06   3.6621094e+01
   5.5735440e+06   3.9672852e+01
   5.5737240e+06   3.5766602e+01
   5.5740990e+06   3.5156250e+01
   5.6240030e+06   3.6315918e+01
   5.6476070e+06   3.5156250e+01
   5.6509030e+06   3.7292480e+01
   5.6621130e+06   3.6315918e+01
   5.6804030e+06   4.0161133e+01
   5.7019270e+06   3.6926270e+01
   5.7597370e+06   4.7119141e+01
   5.7650290e+06   3.5339355e+01
   5.7774570e+06   3.5339355e+01
   5.8081720e+06   3.7841797e+01
   5.8293020e+06   3.5461426e+01
   5.8556050e+06   3.5339355e+01
   5.8767460e+06   4.3762207e+01
   5.9010480e+06   3.7231445e+01
   5.9149470e+06   3.4423828e+01
   5.9248120e+06   3.8452148e+01
   5.9253410e+06   6.0180664e+01
   5.9253590e+06   3.5827637e+01
   5.9253750e+06   3.5278320e+01
   5.9254030e+06   3.5400391e+01
   5.9254300e+06   3.7963867e+01
   5.9254680e+06   4.1320801e+01
   5.9254910e+06   6.1828613e+01
   5.9255030e+06   4.2053223e+01
   5.9255510e+06   3.8391113e+01
   5.9255810e+06   3.4301758e+01
   5.9256450e+06   3.7170410e+01
   5.9256930e+06   6.9763184e+01
   5.9258450e+06   3.5339355e+01
   5.9258870e+06   4.0222168e+01
   5.9259020e+06   3.4729004e+01
   5.9259750e+06   4.3823242e+01
   5.9260460e+06   5.0476074e+01
   5.9261680e+06   3.7353516e+01
   5.9262480e+06   3.5217285e+01
   5.9263680e+06   3.4851074e+01
   5.9264750e+06   3.8696289e+01
   5.9265230e+06   4.2968750e+01
   5.9267820e+06   3.6010742e+01
   5.9268250e+06   4.2480469e+01
   5.9272000e+06   4.9133301e+01
   5.9288000e+06   3.5949707e+01
   5.9424370e+06   3.9611816e+01
   5.9424900e+06   4.1809082e+01
   5.9425750e+06   5.7128906e+01
   5.9425860e+06   4.5349121e+01
   5.9426630e+06   3.9733887e+01
   5.9426890e+06   3.5400391e+01
   5.9428260e+06   6.6040039e+01
   5.9429630e+06   3.9672852e+01
   5.9431040e+06   3.8085938e+01
   5.9431220e+06   5.2307129e+01
   5.9433980e+06   4.5776367e+01
   5.9436450e+06   4.3090820e+01
   5.9437430e+06   4.4738770e+01
   5.9441210e+06   3.6132812e+01
   5.9441600e+06   3.8940430e+01
   6.0323820e+06   3.9794922e+01
   6.0803970e+06   4.0222168e+01
   6.0844260e+06   3.5522461e+01
   6.1121850e+06   3.7292480e+01
   6.1335140e+06   3.5888672e+01
   6.1397440e+06   3.6071777e+01
   6.1437860e+06   3.5766602e+01
   6.1937030e+06   3.6437988e+01
   6.1957980e+06   3.8574219e+01
   6.1980950e+06   3.6315918e+01
   6.2021090e+06   3.5217285e+01
   6.2025390e+06   3.9916992e+01
   6.2027930e+06   3.5644531e+01
   6.2029520e+06   3.4973145e+01
   6.2029760e+06   6.6101074e+01
   6.2030150e+06   4.3151855e+01
   6.2030790e+06   3.8879395e+01
   6.2031490e+06   5.6274414e+01
   6.2031690e+06   4.2053223e+01
   6.2031790e+06   4.0954590e+01
   6.2032360e+06   3.6010742e+01
   6.2032870e+06   7.0739746e+01
   6.2033240e+06   4.5043945e+01
   6.2034110e+06   3.7170410e+01
   6.2034480e+06   4.2480469e+01
   6.2035760e+06   3.7414551e+01
   6.2037610e+06   3.5400391e+01
   6.2040060e+06   4.2602539e+01
   6.2042440e+06   3.6987305e+01
   6.2046790e+06   4.7851562e+01
   6.2047010e+06   3.4667969e+01
   6.2048880e+06   3.5461426e+01
   6.2054380e+06   3.9428711e+01
   6.2071840e+06   3.5034180e+01
   6.2253010e+06   5.7922363e+01
   6.2253250e+06   3.8940430e+01
   6.2253420e+06   3.9306641e+01
   6.2254870e+06   5.1086426e+01
   6.2255870e+06   4.1564941e+01
   6.2256180e+06   3.5217285e+01
   6.2257560e+06   6.8847656e+01
   6.2260060e+06   5.2307129e+01
   6.2260910e+06   3.5888672e+01
   6.2262720e+06   4.9072266e+01
   6.2266480e+06   4.6142578e+01
   6.2267660e+06   3.8940430e+01
   6.2285000e+06   3.8635254e+01
   6.2939660e+06   3.7780762e+01
   6.2962210e+06   3.7658691e+01
   6.3463440e+06   4.1809082e+01
   6.3470740e+06   3.6132812e+01
   6.3635110e+06   4.0710449e+01
   6.3639660e+06   3.5461426e+01
   6.3645750e+06   4.8339844e+01
   6.3646080e+06   3.5888672e+01
   6.3646760e+06   4.6508789e+01
   6.3647210e+06   7.4645996e+01
   6.3647570e+06   5.5236816e+01
   6.3648070e+06   3.6376953e+01
   6.3648340e+06   4.5715332e+01
   6.3649030e+06   3.7597656e+01
   6.3649150e+06   4.9804688e+01
   6.3649640e+06   3.6132812e+01
   6.3649950e+06   3.8452148e+01
   6.3651000e+06   3.9916992e+01
   6.3652240e+06   3.7780762e+01
   6.3652440e+06   4.2785645e+01
   6.3652640e+06   3.5949707e+01
   6.3654040e+06   4.7851563e+01
   6.3655430e+06   4.0771484e+01
   6.3656890e+06   4.2053223e+01
   6.3659680e+06   3.9733887e+01
   6.3666580e+06   3.9550781e+01
   6.3669440e+06   3.6560059e+01
   6.3672830e+06   3.7902832e+01
   6.3906250e+06   3.5766602e+01
   6.3906380e+06   4.6142578e+01
   6.3906840e+06   6.2255859e+01
   6.3908640e+06   4.3457031e+01
   6.3909220e+06   5.1086426e+01
   6.3910540e+06   3.7231445e+01
   6.3911440e+06   4.1748047e+01
   6.3914520e+06   4.4250488e+01
   6.3915800e+06   3.6682129e+01
   6.4313180e+06   3.6010742e+01
   6.4885290e+06   3.5217285e+01
   6.4969850e+06   3.5217285e+01
   6.5258580e+06   3.7597656e+01
   6.5267820e+06   3.5095215e+01
   6.5481610e+06   3.7963867e+01
   6.5496920e+06   4.1503906e+01
   6.5499160e+06   3.5034180e+01
   6.5554790e+06   3.4973145e+01
   6.5692810e+06   3.5156250e+01
   6.5706900e+06   3.7292480e+01
   6.5707370e+06   4.0832520e+01
   6.5707680e+06   4.3029785e+01
   6.5708260e+06   3.5156250e+01
   6.5708600e+06   3.5156250e+01
   6.5708880e+06   3.9123535e+01
   6.5709180e+06   3.7231445e+01
   6.5709520e+06   3.5278320e+01
   6.5709970e+06   3.9672852e+01
   6.5710120e+06   3.5522461e+01
   6.5710370e+06   6.6162109e+01
   6.5710660e+06   3.5217285e+01
   6.5711590e+06   4.2846680e+01
   6.5711950e+06   3.6254883e+01
   6.5712240e+06   5.6823730e+01
   6.5712500e+06   3.4851074e+01
   6.5713640e+06   3.7109375e+01
   6.5714050e+06   4.0710449e+01
   6.5715630e+06   5.4992676e+01
   6.5716580e+06   3.7475586e+01
   6.5718370e+06   3.9489746e+01
   6.5718680e+06   4.2907715e+01
   6.5720730e+06   6.3415527e+01
   6.5723880e+06   3.8757324e+01
   6.5725870e+06   3.4667969e+01
   6.5730250e+06   3.6682129e+01
   6.5733440e+06   3.5095215e+01
   6.5741810e+06   3.5644531e+01
   6.5882640e+06   3.6193848e+01
   6.6125950e+06   3.5095215e+01
   6.6207820e+06   3.5400391e+01
   6.6230620e+06   3.5583496e+01
   6.6335520e+06   3.4667969e+01
   6.6565820e+06   3.7658691e+01
   6.6610920e+06   3.7109375e+01
   6.6811420e+06   4.1198730e+01
   6.6859590e+06   3.6315918e+01
   6.6893320e+06   4.8217773e+01
   6.7037410e+06   6.1950684e+01
   6.7164390e+06   3.9428711e+01
   6.7197710e+06   3.4973145e+01
   6.7224200e+06   4.1259766e+01
   6.7386340e+06   3.5949707e+01
   6.7446380e+06   4.2541504e+01
   6.7539910e+06   3.6682129e+01
   6.7541620e+06   3.7780762e+01
   6.7761470e+06   3.4912109e+01
   6.7788350e+06   3.7048340e+01
   6.7853360e+06   3.5278320e+01
   6.7913830e+06   3.5278320e+01
   6.8464420e+06   3.5827637e+01
   6.8709380e+06   3.5949707e+01
   6.8788540e+06   3.8818359e+01
   6.8838480e+06   4.1015625e+01
   6.9093880e+06   3.6315918e+01
   6.9097650e+06   3.5583496e+01
   6.9154800e+06   3.4729004e+01
   7.0028880e+06   3.5888672e+01
   7.0088460e+06   3.8269043e+01
   7.0093450e+06   3.4973145e+01
   7.0101570e+06   3.7658691e+01
   7.0101880e+06   6.3903809e+01
   7.0102030e+06   4.7851562e+01
   7.0102540e+06   4.3151855e+01
   7.0103240e+06   4.2419434e+01
   7.0103380e+06   3.5034180e+01
   7.0103730e+06   6.5612793e+01
   7.0103940e+06   5.3710938e+01
   7.0104630e+06   3.6132812e+01
   7.0104800e+06   3.4973145e+01
   7.0105200e+06   3.6560059e+01
   7.0105620e+06   4.7729492e+01
   7.0106390e+06   4.1748047e+01
   7.0106550e+06   4.3945313e+01
   7.0107100e+06   3.9001465e+01
   7.0108170e+06   3.9611816e+01
   7.0109690e+06   4.6325684e+01
   7.0110600e+06   4.0283203e+01
   7.0112820e+06   3.9916992e+01
   7.0116350e+06   4.7546387e+01
   7.0123720e+06   3.6621094e+01
   7.0248170e+06   3.9550781e+01
   7.0249070e+06   4.1687012e+01
   7.0249810e+06   4.0283203e+01
   7.0250120e+06   3.6254883e+01
   7.0250250e+06   3.6193848e+01
   7.0251150e+06   5.7983398e+01
   7.0251320e+06   3.9367676e+01
   7.0254270e+06   4.3212891e+01
   7.0254870e+06   3.5400391e+01
   7.0255270e+06   3.5278320e+01
   7.0256950e+06   4.5349121e+01
   7.0259990e+06   5.2185059e+01
   7.0263720e+06   4.3762207e+01
   7.0266880e+06   4.7180176e+01
   7.0272220e+06   4.5166016e+01
   7.0275610e+06   3.6315918e+01
   7.0288050e+06   3.5095215e+01
   7.0529460e+06   5.8654785e+01
   7.1394750e+06   3.8513184e+01
   7.1480590e+06   3.7353516e+01
   7.1578920e+06   3.5034180e+01
   7.1647900e+06   3.6499023e+01
   7.1671790e+06   3.4667969e+01
   7.1818690e+06   3.6315918e+01
   7.2157790e+06   3.8696289e+01
   7.2475190e+06   3.5156250e+01
   7.2624170e+06   3.5095215e+01
   7.2669450e+06   3.6437988e+01
   7.2903620e+06   3.6437988e+01
   7.3162810e+06   3.7231445e+01
   7.3332930e+06   3.6254883e+01
   7.3342950e+06   3.8269043e+01
   7.3399810e+06   3.5339355e+01
   7.3919710e+06   3.6071777e+01
   7.4173210e+06   3.6499023e+01
   7.4702240e+06   3.5461426e+01
   7.4790310e+06   3.5949707e+01
   7.5008190e+06   3.5522461e+01
   7.5111040e+06   3.7109375e+01
   7.5111530e+06   3.6437988e+01
   7.5111860e+06   6.4331055e+01
   7.5112130e+06   3.8879395e+01
   7.5112680e+06   4.1992188e+01
   7.5113300e+06   4.1442871e+01
   7.5113770e+06   5.7617188e+01
   7.5114620e+06   3.9367676e+01
   7.5115510e+06   4.7302246e+01
   7.5116860e+06   4.3029785e+01
   7.5119220e+06   3.7963867e+01
   7.5120220e+06   3.4851074e+01
   7.5123290e+06   3.5339355e+01
   7.5126720e+06   3.5522461e+01
   7.5128270e+06   3.5644531e+01
   7.5130570e+06   4.0710449e+01
   7.5132790e+06   4.9682617e+01
   7.5135380e+06   3.9001465e+01
   7.5242870e+06   4.6142578e+01
   7.5268990e+06   4.2236328e+01
   7.5269200e+06   4.1931152e+01
   7.5269670e+06   3.6621094e+01
   7.5271210e+06   4.4860840e+01
   7.5272030e+06   3.8024902e+01
   7.5273410e+06   3.9794922e+01
   7.5274160e+06   3.9428711e+01
   7.5275420e+06   3.5034180e+01
   7.5276730e+06   3.6865234e+01
   7.5277540e+06   4.2480469e+01
   7.5279510e+06   4.0344238e+01
   7.5281640e+06   4.0832520e+01
   7.5282110e+06   3.7902832e+01
   7.5284770e+06   3.6499023e+01
   7.6404970e+06   3.6132812e+01
   7.6823890e+06   3.4729004e+01
   7.7029990e+06   3.4790039e+01
   7.7271250e+06   4.3701172e+01
   7.7297130e+06   3.5156250e+01
   7.7328940e+06   3.6560059e+01
   7.7531960e+06   3.5034180e+01
   7.7682740e+06   3.6560059e+01
   7.7771200e+06   3.5827637e+01
   7.8068030e+06   3.5034180e+01
   7.8175730e+06   4.1320801e+01
   7.8591560e+06   3.4851074e+01
   7.8769390e+06   3.8269043e+01
   7.8815130e+06   3.7597656e+01
   7.8815550e+06   4.1809082e+01
   7.8815740e+06   6.1523438e+01
   7.8816730e+06   3.5705566e+01
   7.8817050e+06   3.7841797e+01
   7.8817640e+06   5.1696777e+01
   7.8817760e+06   3.7292480e+01
   7.8817990e+06   3.8085938e+01
   7.8818160e+06   3.6743164e+01
   7.8819230e+06   4.7485352e+01
   7.8820530e+06   4.3457031e+01
   7.8821670e+06   4.7729492e+01
   7.8824000e+06   5.8349609e+01
   7.8825170e+06   3.5644531e+01
   7.8825660e+06   3.9001465e+01
   7.8826440e+06   4.0588379e+01
   7.8828440e+06   3.8696289e+01
   7.8829230e+06   3.5827637e+01
   7.8832410e+06   3.7841797e+01
   7.8839310e+06   4.3823242e+01
   7.8841550e+06   3.9245605e+01
   7.8842540e+06   3.8024902e+01
   7.9027880e+06   3.5827637e+01
   7.9034700e+06   4.9804688e+01
   7.9037580e+06   3.5705566e+01
   7.9038670e+06   3.7719727e+01
   7.9038970e+06   3.7231445e+01
   7.9040260e+06   3.6071777e+01
   7.9041620e+06   3.5339355e+01
   7.9044630e+06   4.0588379e+01
   7.9045420e+06   3.6376953e+01
   7.9046640e+06   4.0222168e+01
   7.9048130e+06   3.5034180e+01
   7.9049600e+06   3.5217285e+01
   7.9051420e+06   3.9367676e+01
   7.9057570e+06   3.7292480e+01
   7.9062250e+06   4.5715332e+01
   7.9812800e+06   3.4667969e+01
   8.0029290e+06   3.8269043e+01
   8.0395930e+06   3.7597656e+01
   8.0549010e+06   3.6560059e+01
   8.0608470e+06   3.8024902e+01
   8.1086850e+06   3.5949707e+01
   8.1421480e+06   3.6071777e+01
   8.1649090e+06   3.6804199e+01
   8.2380180e+06   4.2175293e+01
   8.2441660e+06   3.6499023e+01
   8.2569950e+06   3.5522461e+01
   8.2981810e+06   3.5949707e+01
   8.3325460e+06   3.5522461e+01
   8.3349020e+06   4.1625977e+01
   8.3360970e+06   3.9611816e+01
   8.3434030e+06   3.5217285e+01
   8.3673310e+06   3.6193848e+01
   8.3822800e+06   3.7231445e+01
   8.3897190e+06   3.4790039e+01
   8.4061470e+06   3.6193848e+01
   8.4108330e+06   4.0832520e+01
   8.4120860e+06   3.6193848e+01
   8.4171930e+06   3.8024902e+01
   8.4238020e+06   3.6621094e+01
   8.5014960e+06   3.5583496e+01
   8.5230690e+06   3.6865234e+01
   8.5256240e+06   4.2358398e+01
   8.5258600e+06   3.7292480e+01
   8.5384820e+06   4.1503906e+01
   8.5743380e+06   3.5583496e+01
   8.6154060e+06   3.9306641e+01
   8.6255630e+06   3.5888672e+01
   8.6323370e+06   3.9916992e+01
   8.6327730e+06   3.6560059e+01
   8.6336410e+06   4.8278809e+01
   8.6460900e+06   5.6518555e+01
   8.6573040e+06   3.5400391e+01
   8.6887040e+06   3.5278320e+01
   8.7074500e+06   3.5827637e+01
   8.7171240e+06   3.5705566e+01
   8.7521930e+06   3.4851074e+01
   8.7810980e+06   3.5461426e+01
   8.7896190e+06   3.4851074e+01
   8.8043560e+06   3.8208008e+01
   8.8092950e+06   3.5461426e+01
   8.8093160e+06   6.6223145e+01
   8.8093490e+06   4.4128418e+01
   8.8093910e+06   4.1259766e+01
   8.8094100e+06   4.2297363e+01
   8.8094580e+06   3.7780762e+01
   8.8095380e+06   4.3640137e+01
   8.8095620e+06   4.0649414e+01
   8.8095840e+06   3.6560059e+01
   8.8096000e+06   3.8696289e+01
   8.8096660e+06   4.0405273e+01
   8.8096990e+06   4.1198730e+01
   8.8097100e+06   4.3884277e+01
   8.8098060e+06   3.7231445e+01
   8.8098430e+06   3.7963867e+01
   8.8099510e+06   4.8706055e+01
   8.8099700e+06   3.7048340e+01
   8.8101360e+06   3.8391113e+01
   8.8102560e+06   3.8513184e+01
   8.8104430e+06   3.4667969e+01
   8.8106770e+06   4.5104980e+01
   8.8113110e+06   3.7597656e+01
   8.8113960e+06   4.2663574e+01
   8.8121490e+06   4.1259766e+01
   8.8173120e+06   3.5217285e+01
   8.8173730e+06   4.1381836e+01
   8.8176670e+06   3.7048340e+01
   8.8176900e+06   3.5644531e+01
   8.8177670e+06   5.8593750e+01
   8.8181840e+06   4.3762207e+01
   8.8184870e+06   3.4729004e+01
   8.8192840e+06   3.7048340e+01
   8.8193700e+06   3.5705566e+01
   8.8200450e+06   3.5400391e+01
   8.8209790e+06   4.1625977e+01
   8.8323500e+06   4.2358398e+01
   8.9172360e+06   5.7800293e+01
   8.9172520e+06   4.5227051e+01
   8.9172710e+06   3.5644531e+01
   8.9172910e+06   3.8146973e+01
   8.9173280e+06   5.0598145e+01
   8.9173380e+06   3.8146973e+01
   8.9173670e+06   3.8879395e+01
   8.9173830e+06   3.4667969e+01
   8.9174170e+06   3.7109375e+01
   8.9174380e+06   4.4921875e+01
   8.9175120e+06   4.1320801e+01
   8.9176180e+06   5.5969238e+01
   8.9176380e+06   3.8146973e+01
   8.9177720e+06   3.9367676e+01
   8.9177910e+06   4.3884277e+01
   8.9178910e+06   3.5583496e+01
   8.9179910e+06   3.9550781e+01
   8.9180020e+06   4.5288086e+01
   8.9181480e+06   3.5034180e+01
   8.9185850e+06   3.8940430e+01
   8.9190540e+06   3.6254883e+01
   8.9199760e+06   3.7780762e+01
   8.9217670e+06   4.0466309e+01
   8.9471440e+06   7.0068359e+01
   8.9770540e+06   4.1259766e+01
   8.9882510e+06   5.4687500e+01
   8.9884980e+06   6.0974121e+01
   8.9887310e+06   4.0893555e+01
   8.9887880e+06   3.9123535e+01
   8.9888170e+06   3.5156250e+01
   8.9888640e+06   3.7170410e+01
   8.9889470e+06   4.4433594e+01
   8.9889590e+06   4.2114258e+01
   8.9890210e+06   4.4738770e+01
   8.9892310e+06   4.7729492e+01
   8.9894750e+06   4.0161133e+01
   8.9897800e+06   4.1625977e+01
   8.9901220e+06   3.4729004e+01
   8.9902160e+06   3.7414551e+01
   8.9909530e+06   3.5339355e+01
