   1.1996000e+07   0.0000000e+00
   1.0271830e+06   3.4362793e+01
   1.5986780e+06   3.5339355e+01
   1.6811770e+06   3.3813477e+01
   3.4095320e+06   3.4912109e+01
   4.4791650e+06   3.4301758e+01
   5.0729340e+06   3.4484863e+01
   5.1160270e+06   3.4484863e+01
   5.4929980e+06   3.6315918e+01
   5.5840300e+06   3.5339355e+01
   5.8115470e+06   3.8024902e+01
   5.9132840e+06   3.6071777e+01
   6.0239050e+06   3.4912109e+01
   6.0469140e+06   3.5339355e+01
   6.3089010e+06   3.6254883e+01
   6.4271000e+06   4.1015625e+01
   7.1485350e+06   3.7597656e+01
   8.3216820e+06   3.5827637e+01
   1.1977631e+07   3.5827637e+01
