   1.1996000e+07   0.0000000e+00
   5.5191000e+04   4.1503906e+01
   1.1673900e+05   4.1809082e+01
   1.4530200e+05   4.2358398e+01
   1.6163700e+05   4.2785645e+01
   3.2295500e+05   4.1564941e+01
   3.3934800e+05   4.3518066e+01
   3.6349900e+05   4.8217773e+01
   3.6420400e+05   4.7058105e+01
   3.6474200e+05   4.1625977e+01
   6.0358900e+05   5.1269531e+01
   6.4926800e+05   4.1381836e+01
   7.2219300e+05   4.0893555e+01
   7.2529200e+05   4.7729492e+01
   8.8487100e+05   4.2358398e+01
   1.0140070e+06   4.1198730e+01
   1.0513190e+06   4.3457031e+01
   1.1611910e+06   4.0588379e+01
   1.1612470e+06   4.5654297e+01
   1.1612830e+06   4.5166016e+01
   1.1613810e+06   5.8715820e+01
   1.1614030e+06   6.4941406e+01
   1.1614240e+06   1.0418701e+02
   1.1614360e+06   5.0842285e+01
   1.1614530e+06   7.2021484e+01
   1.1614790e+06   5.0598145e+01
   1.1615090e+06   8.5571289e+01
   1.1615200e+06   5.7189941e+01
   1.1615540e+06   7.5500488e+01
   1.1615740e+06   7.8125000e+01
   1.1616180e+06   5.5419922e+01
   1.1616610e+06   8.4777832e+01
   1.1617520e+06   6.4636230e+01
   1.1618030e+06   5.5236816e+01
   1.1618240e+06   6.1523438e+01
   1.1618550e+06   4.2358398e+01
   1.1620140e+06   4.2053223e+01
   1.1642280e+06   4.2236328e+01
   1.1780400e+06   4.1503906e+01
   1.2101310e+06   6.8420410e+01
   1.2103190e+06   9.2346191e+01
   1.2103480e+06   4.8217773e+01
   1.2104350e+06   7.7636719e+01
   1.2104680e+06   4.6264648e+01
   1.2104820e+06   4.7851562e+01
   1.2105010e+06   5.8044434e+01
   1.2105300e+06   4.7363281e+01
   1.2105560e+06   4.8217773e+01
   1.2105690e+06   6.8115234e+01
   1.2106110e+06   8.3190918e+01
   1.2106690e+06   4.7729492e+01
   1.2107050e+06   7.2082520e+01
   1.2107300e+06   9.0332031e+01
   1.2107410e+06   5.3161621e+01
   1.2107700e+06   6.9152832e+01
   1.2107940e+06   8.6669922e+01
   1.2108290e+06   4.5410156e+01
   1.2108400e+06   5.0292969e+01
   1.2108600e+06   4.2602539e+01
   1.2108900e+06   4.3579102e+01
   1.2109010e+06   4.3701172e+01
   1.2109240e+06   5.1696777e+01
   1.2109580e+06   4.2297363e+01
   1.2109780e+06   6.0119629e+01
   1.2109950e+06   4.7302246e+01
   1.2110220e+06   6.5856934e+01
   1.2110480e+06   4.2297363e+01
   1.2110580e+06   4.4799805e+01
   1.2110840e+06   4.0771484e+01
   1.2111060e+06   4.4494629e+01
   1.2111230e+06   5.6213379e+01
   1.2111560e+06   5.0109863e+01
   1.2111750e+06   4.6203613e+01
   1.2111960e+06   4.3945312e+01
   1.2112410e+06   4.1503906e+01
   1.2112700e+06   4.2297363e+01
   1.2113750e+06   4.0954590e+01
   1.2115520e+06   4.4677734e+01
   1.2115790e+06   4.1442871e+01
   1.2118260e+06   4.2175293e+01
   1.2118540e+06   4.1259766e+01
   1.2119880e+06   4.2663574e+01
   1.2122640e+06   4.0771484e+01
   1.2123510e+06   4.4189453e+01
   1.2125090e+06   5.6274414e+01
   1.2126220e+06   4.3701172e+01
   1.2127720e+06   4.7790527e+01
   1.2128200e+06   5.1147461e+01
   1.2130890e+06   4.0710449e+01
   1.2131900e+06   4.1564941e+01
   1.2132290e+06   4.1137695e+01
   1.2134150e+06   4.2480469e+01
   1.2136650e+06   4.1076660e+01
   1.2139430e+06   4.8645020e+01
   1.2141400e+06   5.3710938e+01
   1.2357040e+06   4.4067383e+01
   1.2543300e+06   4.3457031e+01
   1.2543570e+06   4.6752930e+01
   1.2545570e+06   4.0893555e+01
   1.2545780e+06   7.1044922e+01
   1.2546770e+06   7.0556641e+01
   1.2547150e+06   4.1564941e+01
   1.2547470e+06   5.4077148e+01
   1.2547590e+06   5.0048828e+01
   1.2547820e+06   5.4504395e+01
   1.2547990e+06   4.0832520e+01
   1.2548740e+06   7.8369141e+01
   1.2549150e+06   5.1452637e+01
   1.2549720e+06   8.3740234e+01
   1.2549990e+06   4.5043945e+01
   1.2550310e+06   5.7250977e+01
   1.2550540e+06   7.5134277e+01
   1.2550900e+06   7.3486328e+01
   1.2551080e+06   4.5043945e+01
   1.2551350e+06   4.9133301e+01
   1.2551560e+06   4.4006348e+01
   1.2551680e+06   5.8959961e+01
   1.2551910e+06   7.3059082e+01
   1.2552180e+06   5.1818848e+01
   1.2552520e+06   4.7302246e+01
   1.2552670e+06   4.5532227e+01
   1.2553020e+06   5.5725098e+01
   1.2553480e+06   5.2673340e+01
   1.2554630e+06   4.2907715e+01
   1.2555270e+06   4.7058105e+01
   1.2555950e+06   4.8889160e+01
   1.2556300e+06   4.3029785e+01
   1.2556790e+06   4.1931152e+01
   1.2557400e+06   4.8217773e+01
   1.2558110e+06   4.1259766e+01
   1.2559000e+06   4.5349121e+01
   1.2559430e+06   4.5837402e+01
   1.2561020e+06   4.4189453e+01
   1.2562310e+06   4.1931152e+01
   1.2564780e+06   4.2419434e+01
   1.2565910e+06   4.7485352e+01
   1.2566970e+06   4.7302246e+01
   1.2567800e+06   4.2175293e+01
   1.2568640e+06   4.1137695e+01
   1.2569350e+06   4.4006348e+01
   1.2571200e+06   4.6875000e+01
   1.2572570e+06   5.8044434e+01
   1.2581940e+06   4.2053223e+01
   1.2585430e+06   4.0710449e+01
   1.2594180e+06   4.5593262e+01
   1.2856280e+06   6.3598633e+01
   1.2857360e+06   4.6752930e+01
   1.2857720e+06   4.3640137e+01
   1.2858240e+06   5.0048828e+01
   1.2858550e+06   6.3842773e+01
   1.2858720e+06   5.2856445e+01
   1.2858960e+06   4.7424316e+01
   1.2859130e+06   4.5898438e+01
   1.2859430e+06   6.2744141e+01
   1.2859660e+06   5.6457520e+01
   1.2859770e+06   6.3842773e+01
   1.2860120e+06   7.8857422e+01
   1.2860530e+06   4.0771484e+01
   1.2860650e+06   4.8034668e+01
   1.2861130e+06   7.6904297e+01
   1.2861280e+06   4.1320801e+01
   1.2861530e+06   7.2570801e+01
   1.2861900e+06   4.7973633e+01
   1.2862160e+06   6.1340332e+01
   1.2862810e+06   6.4636230e+01
   1.2863090e+06   6.9396973e+01
   1.2863290e+06   5.2856445e+01
   1.2863510e+06   6.3110352e+01
   1.2863880e+06   4.6508789e+01
   1.2864320e+06   4.8095703e+01
   1.2864520e+06   4.0954590e+01
   1.2864720e+06   5.4748535e+01
   1.2865360e+06   4.1259766e+01
   1.2865710e+06   4.0771484e+01
   1.2866080e+06   4.5471191e+01
   1.2868440e+06   4.3151855e+01
   1.2870570e+06   5.0476074e+01
   1.2870920e+06   4.2053223e+01
   1.2873690e+06   4.8461914e+01
   1.2875190e+06   4.1320801e+01
   1.2875730e+06   5.9082031e+01
   1.2879380e+06   4.1748047e+01
   1.3111420e+06   4.7668457e+01
   1.3113990e+06   6.6650391e+01
   1.3114330e+06   4.5227051e+01
   1.3114850e+06   4.7790527e+01
   1.3115220e+06   5.6091309e+01
   1.3115320e+06   4.6508789e+01
   1.3115690e+06   4.7546387e+01
   1.3116090e+06   4.1931152e+01
   1.3116240e+06   4.1503906e+01
   1.3116700e+06   4.2175293e+01
   1.3116940e+06   6.3049316e+01
   1.3117310e+06   4.8889160e+01
   1.3117630e+06   4.6325684e+01
   1.3117730e+06   4.3884277e+01
   1.3117950e+06   5.9020996e+01
   1.3118090e+06   4.6936035e+01
   1.3118450e+06   5.3833008e+01
   1.3118550e+06   4.1931152e+01
   1.3118880e+06   5.4626465e+01
   1.3119100e+06   5.0109863e+01
   1.3119290e+06   4.2236328e+01
   1.3119660e+06   4.0710449e+01
   1.3120250e+06   4.9316406e+01
   1.3120390e+06   4.8950195e+01
   1.3120700e+06   5.9570313e+01
   1.3121930e+06   7.0373535e+01
   1.3122030e+06   4.0649414e+01
   1.3122380e+06   4.3334961e+01
   1.3122670e+06   4.5715332e+01
   1.3123180e+06   5.0537109e+01
   1.3123380e+06   4.5288086e+01
   1.3123590e+06   5.4016113e+01
   1.3123790e+06   5.3405762e+01
   1.3124350e+06   6.6650391e+01
   1.3124970e+06   4.1076660e+01
   1.3125210e+06   5.4992676e+01
   1.3125390e+06   5.0476074e+01
   1.3125950e+06   5.0659180e+01
   1.3126500e+06   4.8156738e+01
   1.3126730e+06   4.6264648e+01
   1.3127280e+06   4.1015625e+01
   1.3127980e+06   4.2358398e+01
   1.3129260e+06   4.8034668e+01
   1.3130450e+06   4.5227051e+01
   1.3137610e+06   5.6762695e+01
   1.3342760e+06   5.9326172e+01
   1.3342930e+06   4.3395996e+01
   1.3343780e+06   5.7067871e+01
   1.3344000e+06   4.1503906e+01
   1.3344470e+06   4.1137695e+01
   1.3344720e+06   5.0231934e+01
   1.3345320e+06   7.5927734e+01
   1.3345540e+06   5.2246094e+01
   1.3345870e+06   4.5715332e+01
   1.3346410e+06   4.4677734e+01
   1.3346620e+06   5.7067871e+01
   1.3346910e+06   5.1940918e+01
   1.3347090e+06   4.3029785e+01
   1.3347480e+06   4.6691895e+01
   1.3348040e+06   5.1574707e+01
   1.3348230e+06   5.3405762e+01
   1.3348390e+06   4.6752930e+01
   1.3348950e+06   4.1931152e+01
   1.3349140e+06   4.2602539e+01
   1.3349570e+06   5.0415039e+01
   1.3349820e+06   5.0231934e+01
   1.3350020e+06   4.3273926e+01
   1.3351000e+06   4.8950195e+01
   1.3351930e+06   4.4128418e+01
   1.3352440e+06   4.9011230e+01
   1.3352570e+06   4.2114258e+01
   1.3353590e+06   4.0710449e+01
   1.3353980e+06   7.0068359e+01
   1.3354300e+06   4.4982910e+01
   1.3354790e+06   4.0832520e+01
   1.3354890e+06   4.9621582e+01
   1.3355590e+06   4.3762207e+01
   1.3356060e+06   4.2846680e+01
   1.3357400e+06   4.4433594e+01
   1.3359380e+06   4.1198730e+01
   1.3360960e+06   4.2602539e+01
   1.3364430e+06   4.0649414e+01
   1.3369150e+06   4.1625977e+01
   1.3369390e+06   4.1687012e+01
   1.3522410e+06   4.1687012e+01
   1.3523810e+06   6.6955566e+01
   1.3525120e+06   4.5104980e+01
   1.3525220e+06   5.8227539e+01
   1.3525620e+06   1.0247803e+02
   1.3526050e+06   4.3884277e+01
   1.3526360e+06   5.0964355e+01
   1.3527010e+06   5.4382324e+01
   1.3527530e+06   4.2297363e+01
   1.3528170e+06   4.2480469e+01
   1.3528310e+06   5.7434082e+01
   1.3528740e+06   4.2236328e+01
   1.3529040e+06   4.9804688e+01
   1.3529200e+06   4.8461914e+01
   1.3529510e+06   4.7119141e+01
   1.3529830e+06   4.6936035e+01
   1.3529940e+06   4.6325684e+01
   1.3530500e+06   4.4128418e+01
   1.3530830e+06   6.8298340e+01
   1.3531670e+06   4.8461914e+01
   1.3531840e+06   6.3598633e+01
   1.3532380e+06   4.3579102e+01
   1.3533220e+06   5.3894043e+01
   1.3534100e+06   4.5104980e+01
   1.3534380e+06   4.9438477e+01
   1.3534630e+06   5.0781250e+01
   1.3535330e+06   5.7983398e+01
   1.3535680e+06   4.3945312e+01
   1.3535920e+06   5.5480957e+01
   1.3537210e+06   4.9499512e+01
   1.3537460e+06   4.3090820e+01
   1.3539040e+06   5.1208496e+01
   1.3539660e+06   4.9804688e+01
   1.3543850e+06   4.2907715e+01
   1.3629030e+06   7.6843262e+01
   1.3629650e+06   4.4006348e+01
   1.3630640e+06   4.4311523e+01
   1.3631340e+06   4.4494629e+01
   1.3631740e+06   4.2907715e+01
   1.3631920e+06   4.4616699e+01
   1.3632630e+06   4.4799805e+01
   1.3633370e+06   4.1625977e+01
   1.3633920e+06   4.8706055e+01
   1.3634430e+06   6.3354492e+01
   1.3635380e+06   4.3518066e+01
   1.3635720e+06   4.6203613e+01
   1.3636030e+06   5.3161621e+01
   1.3637190e+06   4.4250488e+01
   1.3637400e+06   4.2419434e+01
   1.3638220e+06   4.6936035e+01
   1.3638350e+06   4.5837402e+01
   1.3639390e+06   4.7363281e+01
   1.3642310e+06   4.5227051e+01
   1.3727430e+06   6.3598633e+01
   1.3727780e+06   4.1503906e+01
   1.3728500e+06   6.5246582e+01
   1.3729630e+06   4.4189453e+01
   1.3730030e+06   4.6142578e+01
   1.3731070e+06   4.9072266e+01
   1.3731290e+06   4.1503906e+01
   1.3731440e+06   7.8674316e+01
   1.3732200e+06   5.4931641e+01
   1.3732900e+06   4.6447754e+01
   1.3733200e+06   5.2978516e+01
   1.3733590e+06   5.8471680e+01
   1.3734410e+06   5.2001953e+01
   1.3734890e+06   4.7851562e+01
   1.3734990e+06   5.1330566e+01
   1.3737620e+06   4.1076660e+01
   1.3738080e+06   4.0771484e+01
   1.3739320e+06   6.9335938e+01
   1.3741650e+06   5.0842285e+01
   1.3815070e+06   4.3762207e+01
   1.3820380e+06   6.3049316e+01
   1.3821610e+06   8.0261230e+01
   1.3821760e+06   4.7973633e+01
   1.3822420e+06   6.1523438e+01
   1.3823060e+06   4.3823242e+01
   1.3823310e+06   4.7607422e+01
   1.3823780e+06   6.3598633e+01
   1.3823980e+06   4.3090820e+01
   1.3824340e+06   4.8706055e+01
   1.3824860e+06   4.7119141e+01
   1.3825430e+06   4.1687012e+01
   1.3825640e+06   4.3762207e+01
   1.3827090e+06   5.6823730e+01
   1.3828320e+06   4.3945312e+01
   1.3828610e+06   6.0241699e+01
   1.3829240e+06   4.4494629e+01
   1.3831090e+06   4.0893555e+01
   1.3832850e+06   4.5104980e+01
   1.3833190e+06   4.4616699e+01
   1.3836010e+06   4.2602539e+01
   1.3899000e+06   4.0771484e+01
   1.3899570e+06   6.3110352e+01
   1.3901390e+06   4.3273926e+01
   1.3901540e+06   5.6640625e+01
   1.3901920e+06   4.1992188e+01
   1.3902020e+06   8.2824707e+01
   1.3904050e+06   5.1208496e+01
   1.3904580e+06   6.0119629e+01
   1.3905120e+06   4.6630859e+01
   1.3905450e+06   5.0903320e+01
   1.3906330e+06   4.7302246e+01
   1.3906460e+06   5.9875488e+01
   1.3907090e+06   4.2663574e+01
   1.3907430e+06   4.3518066e+01
   1.3907720e+06   4.3579102e+01
   1.3907820e+06   4.2663574e+01
   1.3908140e+06   4.5776367e+01
   1.3908440e+06   4.3090820e+01
   1.3909120e+06   4.5043945e+01
   1.3910740e+06   5.5603027e+01
   1.3914440e+06   5.4809570e+01
   1.3983940e+06   4.1503906e+01
   1.3984120e+06   6.7993164e+01
   1.3984880e+06   4.5104980e+01
   1.3985440e+06   4.2785645e+01
   1.3986040e+06   4.4372559e+01
   1.3986480e+06   4.1748047e+01
   1.3986950e+06   4.3701172e+01
   1.3987180e+06   4.1198730e+01
   1.3987350e+06   5.1452637e+01
   1.3987910e+06   4.9133301e+01
   1.3988700e+06   4.3823242e+01
   1.3990020e+06   4.3151855e+01
   1.3990380e+06   4.1137695e+01
   1.3990650e+06   4.0588379e+01
   1.3991700e+06   4.2053223e+01
   1.3994240e+06   4.8217773e+01
   1.3995360e+06   4.6203613e+01
   1.3995820e+06   4.3884277e+01
   1.4067420e+06   7.1228027e+01
   1.4068520e+06   4.4433594e+01
   1.4068680e+06   5.7189941e+01
   1.4069640e+06   4.2846680e+01
   1.4069870e+06   5.3466797e+01
   1.4070470e+06   4.9072266e+01
   1.4070950e+06   4.4494629e+01
   1.4071390e+06   4.2114258e+01
   1.4071710e+06   4.5776367e+01
   1.4072100e+06   4.6142578e+01
   1.4072230e+06   4.4799805e+01
   1.4072840e+06   5.8898926e+01
   1.4073760e+06   4.7790527e+01
   1.4077980e+06   4.1870117e+01
   1.4081210e+06   4.0893555e+01
   1.4083320e+06   4.5654297e+01
   1.4149810e+06   4.2663574e+01
   1.4150370e+06   6.3659668e+01
   1.4150660e+06   4.1870117e+01
   1.4151870e+06   5.6091309e+01
   1.4152220e+06   4.7058105e+01
   1.4152390e+06   4.1442871e+01
   1.4153190e+06   6.0607910e+01
   1.4153870e+06   5.2062988e+01
   1.4154380e+06   4.3457031e+01
   1.4154790e+06   4.1687012e+01
   1.4155290e+06   4.8339844e+01
   1.4156240e+06   5.4138184e+01
   1.4156560e+06   4.3640137e+01
   1.4157080e+06   4.6447754e+01
   1.4158120e+06   5.7922363e+01
   1.4160380e+06   4.2785645e+01
   1.4163580e+06   4.3823242e+01
   1.4236970e+06   4.0710449e+01
   1.4237140e+06   4.1015625e+01
   1.4237560e+06   7.0312500e+01
   1.4237760e+06   5.2917480e+01
   1.4238690e+06   5.9326172e+01
   1.4239530e+06   7.0861816e+01
   1.4239630e+06   5.5786133e+01
   1.4240010e+06   4.1809082e+01
   1.4240800e+06   5.1879883e+01
   1.4241030e+06   5.4626465e+01
   1.4242040e+06   4.1137695e+01
   1.4244270e+06   5.1696777e+01
   1.4244470e+06   5.3222656e+01
   1.4246070e+06   4.3640137e+01
   1.4246650e+06   4.8156738e+01
   1.4247490e+06   4.4738770e+01
   1.4249620e+06   4.2968750e+01
   1.4320980e+06   7.9711914e+01
   1.4321300e+06   4.6447754e+01
   1.4321670e+06   4.4677734e+01
   1.4322040e+06   4.2236328e+01
   1.4323140e+06   5.6945801e+01
   1.4323260e+06   7.7209473e+01
   1.4324500e+06   5.0903320e+01
   1.4324740e+06   4.4921875e+01
   1.4325410e+06   4.4677734e+01
   1.4326100e+06   5.1757812e+01
   1.4326480e+06   4.2419434e+01
   1.4328250e+06   5.5908203e+01
   1.4331280e+06   4.8339844e+01
   1.4404080e+06   6.9091797e+01
   1.4404370e+06   4.3945312e+01
   1.4405220e+06   4.3090820e+01
   1.4405550e+06   5.6213379e+01
   1.4405920e+06   4.3823242e+01
   1.4406080e+06   5.3649902e+01
   1.4406790e+06   4.6630859e+01
   1.4407380e+06   5.0048828e+01
   1.4408070e+06   4.4067383e+01
   1.4408420e+06   4.6081543e+01
   1.4408540e+06   5.8288574e+01
   1.4409300e+06   4.8339844e+01
   1.4411040e+06   5.8532715e+01
   1.4411140e+06   4.3518066e+01
   1.4413530e+06   5.5603027e+01
   1.4413670e+06   5.5908203e+01
   1.4488960e+06   5.6640625e+01
   1.4489300e+06   4.2907715e+01
   1.4489690e+06   4.3395996e+01
   1.4490470e+06   6.3354492e+01
   1.4491080e+06   7.4218750e+01
   1.4491550e+06   4.1259766e+01
   1.4492190e+06   5.2734375e+01
   1.4492550e+06   6.4208984e+01
   1.4492760e+06   4.8339844e+01
   1.4493690e+06   4.4006348e+01
   1.4494120e+06   4.8583984e+01
   1.4494580e+06   4.8339844e+01
   1.4496690e+06   4.4128418e+01
   1.4498620e+06   5.6457520e+01
   1.4569610e+06   4.4921875e+01
   1.4571780e+06   5.9570312e+01
   1.4572160e+06   5.3283691e+01
   1.4573830e+06   6.0607910e+01
   1.4574740e+06   4.1992188e+01
   1.4575280e+06   6.2316895e+01
   1.4575380e+06   5.4992676e+01
   1.4577210e+06   4.8217773e+01
   1.4577410e+06   5.2246094e+01
   1.4578910e+06   4.2419434e+01
   1.4579570e+06   4.1748047e+01
   1.4582190e+06   5.4443359e+01
   1.4656040e+06   4.1809082e+01
   1.4657820e+06   6.9824219e+01
   1.4658600e+06   4.7485352e+01
   1.4658880e+06   4.9621582e+01
   1.4659120e+06   4.2297363e+01
   1.4660300e+06   5.5419922e+01
   1.4660690e+06   5.1574707e+01
   1.4661070e+06   5.0659180e+01
   1.4661520e+06   5.2673340e+01
   1.4662200e+06   4.0832520e+01
   1.4662540e+06   5.7067871e+01
   1.4663180e+06   4.0771484e+01
   1.4663960e+06   5.2673340e+01
   1.4665260e+06   4.5532227e+01
   1.4667430e+06   4.3029785e+01
   1.4746800e+06   4.4677734e+01
   1.4747220e+06   4.0954590e+01
   1.4748290e+06   6.7382812e+01
   1.4748590e+06   4.3151855e+01
   1.4749960e+06   6.1340332e+01
   1.4750590e+06   4.6508789e+01
   1.4750880e+06   7.2937012e+01
   1.4751290e+06   4.4616699e+01
   1.4751900e+06   4.4677734e+01
   1.4752380e+06   5.1879883e+01
   1.4752820e+06   4.0588379e+01
   1.4753310e+06   4.4860840e+01
   1.4753520e+06   5.0415039e+01
   1.4755020e+06   5.5603027e+01
   1.4760050e+06   4.3640137e+01
   1.4845750e+06   4.2846680e+01
   1.4846060e+06   7.6232910e+01
   1.4847320e+06   4.8034668e+01
   1.4848260e+06   4.4555664e+01
   1.4848550e+06   5.2917480e+01
   1.4848670e+06   5.5908203e+01
   1.4849920e+06   4.3701172e+01
   1.4850510e+06   4.1809082e+01
   1.4850760e+06   7.4340820e+01
   1.4851160e+06   4.1259766e+01
   1.4852570e+06   4.2663574e+01
   1.4853520e+06   4.2846680e+01
   1.4942060e+06   4.3090820e+01
   1.4942640e+06   8.3435059e+01
   1.4944020e+06   4.2663574e+01
   1.4945250e+06   6.1401367e+01
   1.4945640e+06   5.4748535e+01
   1.4946180e+06   5.0598145e+01
   1.4947380e+06   4.2480469e+01
   1.4947670e+06   4.4799805e+01
   1.4947820e+06   4.0954590e+01
   1.4948190e+06   4.6386719e+01
   1.4948610e+06   4.1198730e+01
   1.4950530e+06   5.2429199e+01
   1.4956090e+06   4.6508789e+01
   1.5036020e+06   5.0048828e+01
   1.5036200e+06   4.8706055e+01
   1.5037270e+06   5.3527832e+01
   1.5037740e+06   4.4189453e+01
   1.5038740e+06   4.6386719e+01
   1.5039340e+06   5.0048828e+01
   1.5039560e+06   4.5043945e+01
   1.5039990e+06   6.2438965e+01
   1.5040090e+06   5.0109863e+01
   1.5040900e+06   4.9926758e+01
   1.5041640e+06   5.6091309e+01
   1.5041920e+06   4.0649414e+01
   1.5042240e+06   4.0588379e+01
   1.5042410e+06   5.2246094e+01
   1.5042740e+06   4.7790527e+01
   1.5137550e+06   4.2053223e+01
   1.5138600e+06   4.0832520e+01
   1.5140000e+06   6.7993164e+01
   1.5140140e+06   5.0231934e+01
   1.5140260e+06   4.6142578e+01
   1.5141150e+06   4.4921875e+01
   1.5141250e+06   8.0627441e+01
   1.5142140e+06   5.2246094e+01
   1.5142470e+06   4.5898438e+01
   1.5143170e+06   4.6386719e+01
   1.5143800e+06   5.3039551e+01
   1.5144210e+06   4.5715332e+01
   1.5144490e+06   4.3395996e+01
   1.5145510e+06   4.1076660e+01
   1.5145900e+06   4.1687012e+01
   1.5148860e+06   5.1513672e+01
   1.5233770e+06   4.1870117e+01
   1.5235240e+06   4.1198730e+01
   1.5235890e+06   7.3364258e+01
   1.5237050e+06   4.6508789e+01
   1.5237500e+06   4.3640137e+01
   1.5239040e+06   5.3161621e+01
   1.5239240e+06   4.4250488e+01
   1.5240840e+06   4.7424316e+01
   1.5241700e+06   4.1809082e+01
   1.5242400e+06   4.1320801e+01
   1.5243510e+06   4.6142578e+01
   1.5354100e+06   6.5002441e+01
   1.5355330e+06   5.2734375e+01
   1.5355650e+06   4.2175293e+01
   1.5356300e+06   4.5471191e+01
   1.5356640e+06   6.3720703e+01
   1.5356890e+06   4.2297363e+01
   1.5357940e+06   4.8950195e+01
   1.5358040e+06   4.7119141e+01
   1.5358620e+06   4.1748047e+01
   1.5359210e+06   4.4921875e+01
   1.5359340e+06   7.0739746e+01
   1.5468810e+06   6.4941406e+01
   1.5470670e+06   4.9133301e+01
   1.5471500e+06   4.3273926e+01
   1.5472510e+06   4.2968750e+01
   1.5472610e+06   4.9011230e+01
   1.5474380e+06   4.9865723e+01
   1.5474800e+06   4.8645020e+01
   1.5476820e+06   4.7180176e+01
   1.5477620e+06   4.4982910e+01
   1.5555330e+06   4.3640137e+01
   1.5595530e+06   6.5002441e+01
   1.5596050e+06   4.4921875e+01
   1.5597160e+06   4.6630859e+01
   1.5597320e+06   4.3395996e+01
   1.5598410e+06   4.4311523e+01
   1.5599210e+06   4.3884277e+01
   1.5599790e+06   5.9143066e+01
   1.5726080e+06   4.4921875e+01
   1.5726520e+06   4.2602539e+01
   1.5726940e+06   4.1320801e+01
   1.5727470e+06   4.1748047e+01
   1.5727900e+06   7.0373535e+01
   1.5729690e+06   6.9030762e+01
   1.5729840e+06   4.6264648e+01
   1.5730360e+06   5.1452637e+01
   1.5732580e+06   4.9743652e+01
   1.5732780e+06   5.1879883e+01
   1.5732960e+06   4.5776367e+01
   1.5733560e+06   5.6274414e+01
   1.5734920e+06   4.1076660e+01
   1.5879640e+06   5.8837891e+01
   1.5881290e+06   5.5419922e+01
   1.5881500e+06   4.5715332e+01
   1.5882520e+06   5.6335449e+01
   1.5883500e+06   4.9621582e+01
   1.5883750e+06   4.2419434e+01
   1.5884020e+06   5.5419922e+01
   1.5885230e+06   4.8583984e+01
   1.5885580e+06   5.4504395e+01
   1.5886170e+06   4.6020508e+01
   1.5886560e+06   4.8156738e+01
   1.5886880e+06   4.4860840e+01
   1.5887830e+06   4.1381836e+01
   1.6027670e+06   4.2419434e+01
   1.6031860e+06   4.3884277e+01
   1.6032950e+06   5.8044434e+01
   1.6034460e+06   4.9743652e+01
   1.6035670e+06   4.6752930e+01
   1.6035850e+06   4.4250488e+01
   1.6037340e+06   4.2053223e+01
   1.6037510e+06   6.4208984e+01
   1.6038000e+06   4.1259766e+01
   1.6039930e+06   4.9011230e+01
   1.6153640e+06   4.0893555e+01
   1.6211360e+06   4.2907715e+01
   1.6211930e+06   6.2744141e+01
   1.6212820e+06   4.5288086e+01
   1.6213200e+06   6.3171387e+01
   1.6213380e+06   4.4921875e+01
   1.6214400e+06   4.5715332e+01
   1.6214590e+06   5.3955078e+01
   1.6214850e+06   4.9072266e+01
   1.6215490e+06   5.5664062e+01
   1.6216120e+06   5.5725098e+01
   1.6217140e+06   4.3579102e+01
   1.6220490e+06   4.7973633e+01
   1.6361780e+06   4.1687012e+01
   1.6363310e+06   4.4616699e+01
   1.6364210e+06   4.6081543e+01
   1.6368660e+06   6.8664551e+01
   1.6369610e+06   4.3457031e+01
   1.6371030e+06   5.1757812e+01
   1.6372100e+06   4.2297363e+01
   1.6372580e+06   4.0710449e+01
   1.6373710e+06   4.5349121e+01
   1.6373810e+06   5.6579590e+01
   1.6479840e+06   4.1870117e+01
   1.6554220e+06   4.4982910e+01
   1.6555360e+06   5.9265137e+01
   1.6555780e+06   4.7607422e+01
   1.6556740e+06   4.1931152e+01
   1.6557280e+06   4.1198730e+01
   1.6559720e+06   4.0588379e+01
   1.6560390e+06   4.7729492e+01
   1.6561900e+06   4.1748047e+01
   1.6719370e+06   4.2175293e+01
   1.7001370e+06   4.0649414e+01
   1.7159090e+06   4.4799805e+01
   1.7160280e+06   5.5358887e+01
   1.7160660e+06   7.0678711e+01
   1.7161380e+06   4.1442871e+01
   1.7161970e+06   4.3884277e+01
   1.7163100e+06   6.1401367e+01
   1.7165230e+06   4.3457031e+01
   1.7165550e+06   4.3029785e+01
   1.7682630e+06   4.3151855e+01
   1.7987060e+06   4.3701172e+01
   1.8028790e+06   4.7302246e+01
   1.8029870e+06   5.7800293e+01
   1.8046020e+06   4.3334961e+01
   1.8604770e+06   4.1625977e+01
   1.8644890e+06   4.4250488e+01
   1.9963860e+06   5.4260254e+01
   1.9967370e+06   5.4809570e+01
   1.9968970e+06   5.4626465e+01
   1.9980530e+06   4.5349121e+01
   2.0001580e+06   4.5593262e+01
   2.0034370e+06   4.3090820e+01
   2.0078750e+06   5.9509277e+01
   2.0097980e+06   4.8706055e+01
   2.0152150e+06   5.2368164e+01
   2.0395050e+06   4.6508789e+01
   2.0446630e+06   4.8522949e+01
   2.0847510e+06   4.1931152e+01
   2.0996630e+06   4.4311523e+01
   2.1447050e+06   4.2175293e+01
   2.1578160e+06   4.2907715e+01
   2.2794750e+06   4.3823242e+01
   2.3436640e+06   4.1076660e+01
   2.3608670e+06   4.0710449e+01
   2.3639510e+06   4.3640137e+01
   2.3685470e+06   5.6762695e+01
   2.5621520e+06   4.2663574e+01
   2.5637070e+06   4.7485352e+01
   2.5972090e+06   4.0893555e+01
   2.6815010e+06   4.2053223e+01
   2.7585650e+06   5.6701660e+01
   2.7779690e+06   4.0832520e+01
   2.8506280e+06   4.3579102e+01
   2.9112490e+06   5.3344727e+01
   2.9384590e+06   4.0771484e+01
   3.0207900e+06   5.1208496e+01
   3.0525100e+06   4.2114258e+01
   3.0755720e+06   4.1320801e+01
   3.2146740e+06   4.1931152e+01
   3.3083780e+06   4.1320801e+01
   3.4380350e+06   4.1748047e+01
   3.4381040e+06   6.1523438e+01
   3.5002030e+06   4.4738770e+01
   3.5526310e+06   4.8400879e+01
   3.5530110e+06   4.7485352e+01
   3.5530950e+06   4.5104980e+01
   3.5531970e+06   4.3212891e+01
   3.5533950e+06   4.6325684e+01
   3.5536380e+06   4.3945312e+01
   3.5556450e+06   5.7800293e+01
   3.5645010e+06   5.3100586e+01
   3.5650610e+06   5.2917480e+01
   3.5765960e+06   5.3100586e+01
   3.5814320e+06   5.0598145e+01
   3.5841810e+06   4.2846680e+01
   3.5852000e+06   4.8461914e+01
   3.5854300e+06   4.5715332e+01
   3.5855760e+06   4.3212891e+01
   3.5859240e+06   4.7790527e+01
   3.5859650e+06   5.6884766e+01
   3.5859830e+06   7.2265625e+01
   3.5860210e+06   1.0162354e+02
   3.5860320e+06   9.0637207e+01
   3.5860780e+06   9.8388672e+01
   3.5860990e+06   5.9326172e+01
   3.5861110e+06   7.3852539e+01
   3.5861300e+06   4.6081543e+01
   3.5861800e+06   5.0048828e+01
   3.5862070e+06   5.2856445e+01
   3.5862190e+06   4.6813965e+01
   3.5862570e+06   5.6945801e+01
   3.5862840e+06   9.0515137e+01
   3.5863490e+06   5.0170898e+01
   3.5864860e+06   4.3273926e+01
   3.5865360e+06   5.3222656e+01
   3.5866610e+06   4.5043945e+01
   3.5869190e+06   4.2175293e+01
   3.5885250e+06   4.7546387e+01
   3.6031130e+06   4.3090820e+01
   3.6343400e+06   4.2053223e+01
   3.6355000e+06   4.1687012e+01
   3.6453730e+06   4.3579102e+01
   3.6640300e+06   4.4372559e+01
   3.6641080e+06   6.5734863e+01
   3.6642120e+06   4.1625977e+01
   3.6642620e+06   4.2541504e+01
   3.6646120e+06   7.5012207e+01
   3.6646670e+06   5.5541992e+01
   3.6646870e+06   4.7546387e+01
   3.6647460e+06   4.4128418e+01
   3.6648480e+06   6.7749023e+01
   3.6648580e+06   5.0598145e+01
   3.6649060e+06   4.2236328e+01
   3.6649180e+06   9.2834473e+01
   3.6649810e+06   4.1564941e+01
   3.6650060e+06   4.1503906e+01
   3.6650380e+06   4.9499512e+01
   3.6650670e+06   5.9326172e+01
   3.6650790e+06   4.7424316e+01
   3.6651350e+06   4.5532227e+01
   3.6651470e+06   7.4157715e+01
   3.6652100e+06   5.9814453e+01
   3.6652440e+06   6.4147949e+01
   3.6652700e+06   6.0302734e+01
   3.6653300e+06   4.4433594e+01
   3.6653780e+06   4.5471191e+01
   3.6654020e+06   4.4189453e+01
   3.6654650e+06   4.4677734e+01
   3.6654890e+06   4.3151855e+01
   3.6655000e+06   5.2124023e+01
   3.6655850e+06   5.1208496e+01
   3.6656030e+06   4.1259766e+01
   3.6671470e+06   5.2490234e+01
   3.6675770e+06   4.4799805e+01
   3.7585840e+06   4.9499512e+01
   3.7587480e+06   4.3029785e+01
   3.7587630e+06   7.0983887e+01
   3.7595350e+06   4.4738770e+01
   3.7610330e+06   8.1970215e+01
   3.7611220e+06   4.1320801e+01
   3.7611860e+06   6.7749023e+01
   3.7611960e+06   7.6721191e+01
   3.7612280e+06   7.2082520e+01
   3.7612420e+06   5.9020996e+01
   3.7612800e+06   4.6875000e+01
   3.7613030e+06   4.9926758e+01
   3.7613210e+06   7.2387695e+01
   3.7613510e+06   4.5776367e+01
   3.7613640e+06   5.4504395e+01
   3.7613850e+06   5.6396484e+01
   3.7614220e+06   4.7119141e+01
   3.7614620e+06   4.6875000e+01
   3.7614730e+06   5.0659180e+01
   3.7615070e+06   5.4260254e+01
   3.7615580e+06   4.2846680e+01
   3.7616250e+06   4.4860840e+01
   3.7616840e+06   4.6691895e+01
   3.7616990e+06   4.7607422e+01
   3.7618200e+06   4.9926758e+01
   3.7624670e+06   4.7058105e+01
   3.7627860e+06   4.5776367e+01
   3.7629530e+06   4.1259766e+01
   3.7632160e+06   4.3334961e+01
   3.7636700e+06   4.3029785e+01
   3.7642920e+06   4.2541504e+01
   3.7916100e+06   4.2053223e+01
   3.8437400e+06   4.1748047e+01
   3.9208640e+06   4.3029785e+01
   3.9388620e+06   4.3884277e+01
   3.9486530e+06   4.3273926e+01
   3.9836320e+06   4.2846680e+01
   4.1765800e+06   4.4921875e+01
   4.2148580e+06   4.5471191e+01
   4.2462670e+06   5.0354004e+01
   4.2464300e+06   4.9499512e+01
   4.2639490e+06   4.3518066e+01
   4.2728420e+06   4.2846680e+01
   4.2733930e+06   4.7424316e+01
   4.2734150e+06   4.7973633e+01
   4.2739290e+06   4.2846680e+01
   4.2803300e+06   4.2114258e+01
   4.2973910e+06   4.1320801e+01
   4.2974860e+06   4.2663574e+01
   4.3115680e+06   4.1381836e+01
   4.3259460e+06   4.4738770e+01
   4.3260040e+06   5.5725098e+01
   4.3261060e+06   5.2612305e+01
   4.3261310e+06   4.3212891e+01
   4.3262310e+06   4.1442871e+01
   4.3406770e+06   4.3395996e+01
   4.3407890e+06   5.8898926e+01
   4.3412370e+06   4.2785645e+01
   4.3412880e+06   4.7729492e+01
   4.3544280e+06   4.1259766e+01
   4.3545780e+06   4.4433594e+01
   4.3545880e+06   6.1767578e+01
   4.3707070e+06   4.8828125e+01
   4.3707520e+06   7.0068359e+01
   4.3805390e+06   4.3334961e+01
   4.3825620e+06   4.5410156e+01
   4.3859360e+06   5.3649902e+01
   4.3859690e+06   4.9865723e+01
   4.3866820e+06   5.5236816e+01
   4.4107530e+06   4.4311523e+01
   4.4108280e+06   6.5979004e+01
   4.4108390e+06   4.7790527e+01
   4.4111510e+06   4.1809082e+01
   4.4263170e+06   4.1687012e+01
   4.4264710e+06   4.2663574e+01
   4.4265670e+06   4.4860840e+01
   4.4272020e+06   5.2246094e+01
   4.4451170e+06   4.1931152e+01
   4.4451270e+06   4.7729492e+01
   4.4453600e+06   4.3090820e+01
   4.4454430e+06   5.6518555e+01
   4.4557510e+06   4.1320801e+01
   4.5192640e+06   4.7363281e+01
   4.5195710e+06   4.3395996e+01
   4.5198960e+06   4.1931152e+01
   4.5902850e+06   4.1442871e+01
   4.5905240e+06   4.2663574e+01
   4.6546880e+06   4.2419434e+01
   4.7325880e+06   4.4250488e+01
   4.8220430e+06   7.4890137e+01
   4.8290670e+06   4.4189453e+01
   4.8497410e+06   4.1198730e+01
   4.8603400e+06   4.2785645e+01
   4.9355980e+06   4.4311523e+01
   4.9377050e+06   5.2062988e+01
   4.9381720e+06   4.9560547e+01
   4.9384260e+06   4.3029785e+01
   5.0205460e+06   4.2846680e+01
   5.0918780e+06   4.3701172e+01
   5.1304750e+06   4.1931152e+01
   5.1396170e+06   4.3090820e+01
   5.3968820e+06   5.2673340e+01
   5.3969220e+06   4.2785645e+01
   5.3971820e+06   4.1687012e+01
   5.4040770e+06   4.2114258e+01
   5.4885250e+06   4.1870117e+01
   5.4890620e+06   4.2175293e+01
   5.4891160e+06   4.6386719e+01
   5.4897670e+06   5.4809570e+01
   5.4898800e+06   5.7556152e+01
   5.4899720e+06   4.7729492e+01
   5.4900000e+06   4.5898438e+01
   5.4901510e+06   4.5776367e+01
   5.4901760e+06   4.4494629e+01
   5.4902130e+06   4.8095703e+01
   5.4902440e+06   4.5410156e+01
   5.4902670e+06   5.9509277e+01
   5.4902920e+06   6.7626953e+01
   5.4903080e+06   8.9477539e+01
   5.4903230e+06   4.7546387e+01
   5.4903360e+06   4.4860840e+01
   5.4903570e+06   4.4433594e+01
   5.4904160e+06   7.4890137e+01
   5.4904500e+06   4.8950195e+01
   5.4904830e+06   7.3974609e+01
   5.4905050e+06   6.4208984e+01
   5.4905360e+06   4.8767090e+01
   5.4905770e+06   4.6508789e+01
   5.4906430e+06   4.2663574e+01
   5.4907090e+06   4.8950195e+01
   5.4907480e+06   5.3588867e+01
   5.4907930e+06   4.1503906e+01
   5.4908230e+06   5.3283691e+01
   5.4911110e+06   4.4067383e+01
   5.4915410e+06   4.5104980e+01
   5.4925260e+06   4.4433594e+01
   5.5280590e+06   4.4006348e+01
   5.5661290e+06   4.3029785e+01
   5.5661480e+06   7.1044922e+01
   5.5664590e+06   7.8125000e+01
   5.5665130e+06   4.2419434e+01
   5.5666740e+06   4.5776367e+01
   5.5667990e+06   4.3334961e+01
   5.5668250e+06   9.0209961e+01
   5.5668480e+06   5.9265137e+01
   5.5669150e+06   5.0903320e+01
   5.5669630e+06   4.9804688e+01
   5.5669850e+06   7.3974609e+01
   5.5670210e+06   4.1564941e+01
   5.5670540e+06   6.2744141e+01
   5.5670780e+06   7.4035645e+01
   5.5671050e+06   4.9255371e+01
   5.5671190e+06   7.8796387e+01
   5.5671460e+06   4.2114258e+01
   5.5671620e+06   5.7250977e+01
   5.5671810e+06   5.0415039e+01
   5.5672000e+06   4.2236328e+01
   5.5672190e+06   6.1645508e+01
   5.5672650e+06   9.9121094e+01
   5.5672880e+06   5.1269531e+01
   5.5673120e+06   4.3151855e+01
   5.5673320e+06   5.4504395e+01
   5.5673550e+06   6.8542480e+01
   5.5673920e+06   5.2307129e+01
   5.5674790e+06   5.1940918e+01
   5.5675430e+06   4.4433594e+01
   5.5677390e+06   4.9194336e+01
   5.5686300e+06   4.4921875e+01
   5.5689570e+06   4.7180176e+01
   5.5692170e+06   5.5725098e+01
   5.5693210e+06   4.9621582e+01
   5.5695920e+06   4.1198730e+01
   5.5696840e+06   4.3579102e+01
   5.5714120e+06   5.1635742e+01
   5.6449670e+06   6.4819336e+01
   5.6451730e+06   6.9946289e+01
   5.6452110e+06   4.1381836e+01
   5.6453830e+06   5.3588867e+01
   5.6454350e+06   4.7485352e+01
   5.6454660e+06   5.6091309e+01
   5.6454890e+06   4.7119141e+01
   5.6455270e+06   4.6630859e+01
   5.6455410e+06   5.7067871e+01
   5.6455670e+06   5.4748535e+01
   5.6455840e+06   4.7973633e+01
   5.6456440e+06   5.2551270e+01
   5.6456630e+06   6.4147949e+01
   5.6456970e+06   6.6894531e+01
   5.6457280e+06   5.7983398e+01
   5.6457500e+06   7.3242188e+01
   5.6457840e+06   7.0495605e+01
   5.6458180e+06   5.6274414e+01
   5.6458370e+06   7.5805664e+01
   5.6458530e+06   6.1767578e+01
   5.6458630e+06   4.3579102e+01
   5.6458780e+06   4.4250488e+01
   5.6459100e+06   6.5002441e+01
   5.6459250e+06   4.6020508e+01
   5.6459500e+06   4.7363281e+01
   5.6459750e+06   6.2988281e+01
   5.6460440e+06   4.1320801e+01
   5.6460720e+06   4.5715332e+01
   5.6461360e+06   4.4189453e+01
   5.6461770e+06   5.3039551e+01
   5.6462280e+06   5.1391602e+01
   5.6463410e+06   4.7058105e+01
   5.6466780e+06   4.3701172e+01
   5.6467170e+06   4.6020508e+01
   5.6467910e+06   4.3212891e+01
   5.6469220e+06   4.3518066e+01
   5.6471430e+06   4.4128418e+01
   5.6475800e+06   4.8095703e+01
   5.6478940e+06   5.2001953e+01
   5.6920420e+06   8.0139160e+01
   5.6921360e+06   4.2663574e+01
   5.6921590e+06   7.9284668e+01
   5.6921960e+06   4.4555664e+01
   5.6922250e+06   4.6325684e+01
   5.6922830e+06   4.9499512e+01
   5.6923170e+06   5.5725098e+01
   5.6923480e+06   6.1706543e+01
   5.6923640e+06   4.8278809e+01
   5.6923930e+06   5.6701660e+01
   5.6924170e+06   4.7302246e+01
   5.6924320e+06   5.7617188e+01
   5.6924420e+06   4.2419434e+01
   5.6924700e+06   4.5471191e+01
   5.6924860e+06   5.4321289e+01
   5.6925010e+06   4.6691895e+01
   5.6925260e+06   4.8828125e+01
   5.6925940e+06   7.6538086e+01
   5.6926240e+06   6.3659668e+01
   5.6926380e+06   4.9743652e+01
   5.6926790e+06   4.6081543e+01
   5.6927030e+06   4.3090820e+01
   5.6927210e+06   5.2734375e+01
   5.6927370e+06   5.6945801e+01
   5.6927580e+06   4.3273926e+01
   5.6927830e+06   4.3212891e+01
   5.6928190e+06   4.6447754e+01
   5.6928580e+06   4.1442871e+01
   5.6929940e+06   4.1259766e+01
   5.6930370e+06   4.9621582e+01
   5.6931030e+06   5.3894043e+01
   5.6931130e+06   4.5043945e+01
   5.6931640e+06   4.1809082e+01
   5.6931920e+06   4.7302246e+01
   5.6936430e+06   4.3395996e+01
   5.6937100e+06   5.1086426e+01
   5.6938270e+06   4.6508789e+01
   5.6938750e+06   4.3029785e+01
   5.6942200e+06   4.8706055e+01
   5.6943990e+06   4.1381836e+01
   5.6944530e+06   4.1442871e+01
   5.6948810e+06   5.7983398e+01
   5.7140250e+06   6.0729980e+01
   5.7147350e+06   5.8410645e+01
   5.7147860e+06   6.1340332e+01
   5.7149430e+06   4.6386719e+01
   5.7149740e+06   4.3212891e+01
   5.7150810e+06   6.3354492e+01
   5.7151340e+06   4.1198730e+01
   5.7152130e+06   4.2236328e+01
   5.7152230e+06   4.4067383e+01
   5.7152670e+06   4.7546387e+01
   5.7152780e+06   4.1748047e+01
   5.7153130e+06   5.2001953e+01
   5.7153300e+06   4.6264648e+01
   5.7154130e+06   4.1687012e+01
   5.7154380e+06   4.6691895e+01
   5.7155130e+06   4.1687012e+01
   5.7155310e+06   5.7678223e+01
   5.7156030e+06   4.2541504e+01
   5.7156530e+06   5.2429199e+01
   5.7156700e+06   6.7504883e+01
   5.7156980e+06   4.7424316e+01
   5.7157270e+06   4.1870117e+01
   5.7157450e+06   4.6508789e+01
   5.7157780e+06   5.6274414e+01
   5.7158130e+06   4.9926758e+01
   5.7158350e+06   5.9082031e+01
   5.7159410e+06   4.4372559e+01
   5.7159730e+06   4.2053223e+01
   5.7160310e+06   4.4860840e+01
   5.7161040e+06   4.5288086e+01
   5.7161280e+06   6.3781738e+01
   5.7162940e+06   7.6354980e+01
   5.7163500e+06   4.7668457e+01
   5.7163600e+06   4.5532227e+01
   5.7164170e+06   5.5114746e+01
   5.7164800e+06   4.1992188e+01
   5.7166700e+06   4.9255371e+01
   5.7296110e+06   4.3029785e+01
   5.7296660e+06   6.4453125e+01
   5.7297970e+06   6.2255859e+01
   5.7298540e+06   4.6691895e+01
   5.7299200e+06   4.2236328e+01
   5.7299440e+06   5.0415039e+01
   5.7299710e+06   4.9377441e+01
   5.7300220e+06   4.7790527e+01
   5.7300490e+06   5.7983398e+01
   5.7300760e+06   4.2480469e+01
   5.7301020e+06   4.4921875e+01
   5.7301520e+06   4.1748047e+01
   5.7301890e+06   4.1992188e+01
   5.7302140e+06   4.1320801e+01
   5.7302350e+06   4.5776367e+01
   5.7302470e+06   5.5969238e+01
   5.7302740e+06   4.4616699e+01
   5.7302930e+06   4.5532227e+01
   5.7303360e+06   5.8532715e+01
   5.7303650e+06   5.1818848e+01
   5.7304420e+06   5.4565430e+01
   5.7304800e+06   4.5898438e+01
   5.7305020e+06   5.7922363e+01
   5.7305330e+06   4.5837402e+01
   5.7306150e+06   4.6142578e+01
   5.7307050e+06   4.2175293e+01
   5.7307920e+06   4.5654297e+01
   5.7308210e+06   5.3039551e+01
   5.7310170e+06   4.4738770e+01
   5.7312150e+06   5.4809570e+01
   5.7434380e+06   4.6569824e+01
   5.7434760e+06   5.9387207e+01
   5.7434940e+06   4.5166016e+01
   5.7435440e+06   4.9926758e+01
   5.7437170e+06   4.2724609e+01
   5.7437290e+06   5.8654785e+01
   5.7438110e+06   4.7241211e+01
   5.7438480e+06   4.8278809e+01
   5.7438930e+06   5.5053711e+01
   5.7439400e+06   5.2612305e+01
   5.7440070e+06   4.2358398e+01
   5.7440380e+06   6.1889648e+01
   5.7440700e+06   4.8156738e+01
   5.7441350e+06   4.5898437e+01
   5.7441540e+06   5.1940918e+01
   5.7441710e+06   4.5471191e+01
   5.7442470e+06   5.3833008e+01
   5.7442750e+06   6.5979004e+01
   5.7443680e+06   6.0058594e+01
   5.7443960e+06   4.3395996e+01
   5.7444230e+06   4.3579102e+01
   5.7445030e+06   5.3466797e+01
   5.7445520e+06   4.4738770e+01
   5.7446520e+06   4.2968750e+01
   5.7447320e+06   4.3579102e+01
   5.7451260e+06   4.3579102e+01
   5.7456360e+06   5.1513672e+01
   5.7456480e+06   4.2541504e+01
   5.7539440e+06   5.8776855e+01
   5.7541690e+06   5.0720215e+01
   5.7541930e+06   4.6752930e+01
   5.7542090e+06   4.7668457e+01
   5.7542950e+06   5.9875488e+01
   5.7543210e+06   5.0659180e+01
   5.7543310e+06   5.2429199e+01
   5.7544180e+06   4.4311523e+01
   5.7544390e+06   5.2978516e+01
   5.7544670e+06   4.6691895e+01
   5.7545160e+06   4.2053223e+01
   5.7545310e+06   4.7119141e+01
   5.7545680e+06   5.5480957e+01
   5.7546300e+06   6.1279297e+01
   5.7547170e+06   4.4372559e+01
   5.7547560e+06   4.9560547e+01
   5.7548050e+06   5.2551270e+01
   5.7548590e+06   4.5593262e+01
   5.7552910e+06   4.1931152e+01
   5.7553310e+06   4.5776367e+01
   5.7634280e+06   6.6589355e+01
   5.7635000e+06   5.1208496e+01
   5.7635140e+06   4.3029785e+01
   5.7635530e+06   5.7678223e+01
   5.7636790e+06   4.6142578e+01
   5.7637260e+06   5.5969238e+01
   5.7637900e+06   4.2968750e+01
   5.7638170e+06   4.8950195e+01
   5.7639000e+06   5.9875488e+01
   5.7639340e+06   5.5969238e+01
   5.7639620e+06   5.0476074e+01
   5.7641480e+06   4.5837402e+01
   5.7642700e+06   4.4433594e+01
   5.7643470e+06   4.6203613e+01
   5.7645280e+06   5.3710938e+01
   5.7645830e+06   4.5654297e+01
   5.7647270e+06   4.2053223e+01
   5.7647460e+06   4.1870117e+01
   5.7650740e+06   4.2114258e+01
   5.7744040e+06   4.5837402e+01
   5.7744220e+06   6.9580078e+01
   5.7745040e+06   5.2978516e+01
   5.7745140e+06   4.2663574e+01
   5.7745490e+06   4.6264648e+01
   5.7746160e+06   4.6264648e+01
   5.7746600e+06   6.9213867e+01
   5.7746830e+06   4.9804688e+01
   5.7747100e+06   4.8095703e+01
   5.7747480e+06   4.6630859e+01
   5.7748160e+06   6.2500000e+01
   5.7748350e+06   4.7424316e+01
   5.7749250e+06   4.4860840e+01
   5.7749660e+06   4.7241211e+01
   5.7749880e+06   4.9438477e+01
   5.7750320e+06   4.2419434e+01
   5.7750420e+06   5.0781250e+01
   5.7751100e+06   5.0842285e+01
   5.7751290e+06   4.2358398e+01
   5.7751720e+06   6.8298340e+01
   5.7752540e+06   4.7302246e+01
   5.7753250e+06   4.3762207e+01
   5.7753600e+06   5.4748535e+01
   5.7753880e+06   4.5043945e+01
   5.7758810e+06   5.7312012e+01
   5.7852500e+06   5.7739258e+01
   5.7853210e+06   4.3518066e+01
   5.7853390e+06   4.3701172e+01
   5.7853660e+06   4.8400879e+01
   5.7853790e+06   5.6518555e+01
   5.7854050e+06   5.1818848e+01
   5.7854620e+06   5.1452637e+01
   5.7855380e+06   4.7485352e+01
   5.7855580e+06   4.5532227e+01
   5.7856090e+06   4.2175293e+01
   5.7856740e+06   4.4067383e+01
   5.7857020e+06   4.6203613e+01
   5.7857380e+06   4.9621582e+01
   5.7857780e+06   4.6142578e+01
   5.7857950e+06   4.6752930e+01
   5.7859960e+06   4.3151855e+01
   5.7860390e+06   4.5471191e+01
   5.7860570e+06   4.7424316e+01
   5.7860730e+06   4.2114258e+01
   5.7861890e+06   4.7973633e+01
   5.7862810e+06   4.4128418e+01
   5.7863190e+06   4.2114258e+01
   5.7865680e+06   4.4494629e+01
   5.7942250e+06   4.1320801e+01
   5.7942480e+06   6.2377930e+01
   5.7942910e+06   4.1992188e+01
   5.7943180e+06   4.2968750e+01
   5.7943510e+06   4.3395996e+01
   5.7944020e+06   4.8706055e+01
   5.7944320e+06   4.6325684e+01
   5.7944880e+06   5.2490234e+01
   5.7945680e+06   5.3100586e+01
   5.7945880e+06   5.2124023e+01
   5.7946140e+06   4.2846680e+01
   5.7946320e+06   4.9865723e+01
   5.7946710e+06   4.1564941e+01
   5.7947390e+06   4.2785645e+01
   5.7947670e+06   6.7810059e+01
   5.7947920e+06   4.4555664e+01
   5.7948740e+06   4.3457031e+01
   5.7949850e+06   5.3039551e+01
   5.7950540e+06   4.4372559e+01
   5.7954490e+06   4.8522949e+01
   5.8032210e+06   6.5734863e+01
   5.8032720e+06   6.2011719e+01
   5.8033160e+06   5.3405762e+01
   5.8033460e+06   4.9804688e+01
   5.8033720e+06   4.6203613e+01
   5.8034140e+06   4.5837402e+01
   5.8035250e+06   5.5725098e+01
   5.8036690e+06   5.7739258e+01
   5.8036960e+06   5.1086426e+01
   5.8037190e+06   5.9570312e+01
   5.8037730e+06   4.5898438e+01
   5.8037950e+06   4.2602539e+01
   5.8039080e+06   4.2602539e+01
   5.8040620e+06   4.1442871e+01
   5.8043250e+06   5.1574707e+01
   5.8046010e+06   5.5053711e+01
   5.8156820e+06   6.4697266e+01
   5.8157280e+06   4.1442871e+01
   5.8157790e+06   5.5053711e+01
   5.8157960e+06   5.7617188e+01
   5.8158230e+06   4.9133301e+01
   5.8159210e+06   5.0842285e+01
   5.8159500e+06   5.9448242e+01
   5.8159620e+06   5.0903320e+01
   5.8160210e+06   5.6640625e+01
   5.8160410e+06   4.9560547e+01
   5.8160820e+06   4.4494629e+01
   5.8161750e+06   4.9255371e+01
   5.8162080e+06   4.5288086e+01
   5.8162280e+06   4.8889160e+01
   5.8163600e+06   5.2978516e+01
   5.8165580e+06   4.4189453e+01
   5.8166230e+06   4.4921875e+01
   5.8168030e+06   4.4189453e+01
   5.8257060e+06   7.3791504e+01
   5.8257480e+06   6.2072754e+01
   5.8257790e+06   6.1279297e+01
   5.8258040e+06   4.6691895e+01
   5.8258950e+06   4.5959473e+01
   5.8259290e+06   4.4250488e+01
   5.8259630e+06   4.2541504e+01
   5.8259960e+06   4.1503906e+01
   5.8261360e+06   4.9621582e+01
   5.8263110e+06   4.7241211e+01
   5.8264380e+06   4.7424316e+01
   5.8266320e+06   4.8583984e+01
   5.8268910e+06   4.3334961e+01
   5.8269120e+06   4.2602539e+01
   5.8349370e+06   5.0292969e+01
   5.8349940e+06   4.1503906e+01
   5.8350520e+06   4.8461914e+01
   5.8352070e+06   4.4372559e+01
   5.8352320e+06   5.4077148e+01
   5.8352650e+06   5.2917480e+01
   5.8353820e+06   5.6091309e+01
   5.8354140e+06   5.4138184e+01
   5.8354580e+06   4.3579102e+01
   5.8354680e+06   6.0852051e+01
   5.8354910e+06   4.7790527e+01
   5.8355210e+06   4.2724609e+01
   5.8355510e+06   4.4555664e+01
   5.8356300e+06   4.5471191e+01
   5.8447470e+06   5.2124023e+01
   5.8447630e+06   7.4279785e+01
   5.8448320e+06   6.0485840e+01
   5.8449020e+06   4.1503906e+01
   5.8449350e+06   4.2541504e+01
   5.8449930e+06   4.1320801e+01
   5.8450520e+06   5.8410645e+01
   5.8450760e+06   4.7607422e+01
   5.8450910e+06   4.6325684e+01
   5.8451130e+06   4.4250488e+01
   5.8451870e+06   4.1564941e+01
   5.8452260e+06   4.5288086e+01
   5.8453140e+06   4.5104980e+01
   5.8453350e+06   4.1687012e+01
   5.8454310e+06   4.3579102e+01
   5.8455580e+06   4.1442871e+01
   5.8457250e+06   4.7058105e+01
   5.8457910e+06   5.4382324e+01
   5.8458220e+06   4.5776367e+01
   5.8554020e+06   7.4829102e+01
   5.8554340e+06   5.1574707e+01
   5.8554850e+06   6.1523438e+01
   5.8555810e+06   4.5959473e+01
   5.8556100e+06   4.3762207e+01
   5.8556330e+06   4.4738770e+01
   5.8557730e+06   6.0668945e+01
   5.8559760e+06   4.3640137e+01
   5.8561920e+06   4.2663574e+01
   5.8562560e+06   4.2175293e+01
   5.8690510e+06   5.1269531e+01
   5.8690860e+06   6.3415527e+01
   5.8691910e+06   4.4494629e+01
   5.8692010e+06   4.1442871e+01
   5.8692490e+06   4.2602539e+01
   5.8692870e+06   5.6274414e+01
   5.8693120e+06   4.4982910e+01
   5.8694420e+06   4.4311523e+01
   5.8694730e+06   7.8613281e+01
   5.8695080e+06   5.4626465e+01
   5.8695920e+06   4.1809082e+01
   5.8696400e+06   5.0903320e+01
   5.8698050e+06   4.1687012e+01
   5.8698210e+06   4.9072266e+01
   5.8699430e+06   4.1931152e+01
   5.8702370e+06   4.1809082e+01
   5.8817040e+06   6.2133789e+01
   5.8817390e+06   7.2326660e+01
   5.8818440e+06   4.3518066e+01
   5.8818600e+06   4.3579102e+01
   5.8818820e+06   6.4941406e+01
   5.8818930e+06   4.2419434e+01
   5.8819260e+06   4.5104980e+01
   5.8819790e+06   4.3518066e+01
   5.8820560e+06   5.1330566e+01
   5.8820860e+06   4.3640137e+01
   5.8822410e+06   4.6875000e+01
   5.8822560e+06   4.9804688e+01
   5.8824780e+06   4.2358398e+01
   5.8825570e+06   4.9560547e+01
   5.8829570e+06   4.2785645e+01
   5.8937640e+06   5.9387207e+01
   5.8937820e+06   7.9772949e+01
   5.8938760e+06   4.7973633e+01
   5.8939180e+06   5.5664063e+01
   5.8939650e+06   4.7485352e+01
   5.8940110e+06   6.8603516e+01
   5.8940680e+06   4.2480469e+01
   5.8941820e+06   4.2236328e+01
   5.8942290e+06   4.9560547e+01
   5.8942940e+06   4.2785645e+01
   5.8943140e+06   4.2785645e+01
   5.8943370e+06   4.1442871e+01
   5.8943770e+06   4.2907715e+01
   5.8945270e+06   4.5288086e+01
   5.8949580e+06   4.3762207e+01
   5.9089240e+06   4.8156738e+01
   5.9089340e+06   7.4279785e+01
   5.9089690e+06   4.2724609e+01
   5.9090090e+06   4.3884277e+01
   5.9090200e+06   5.5358887e+01
   5.9090540e+06   5.3283691e+01
   5.9090670e+06   4.1503906e+01
   5.9091210e+06   4.1870117e+01
   5.9091400e+06   4.1931152e+01
   5.9093410e+06   7.2021484e+01
   5.9094780e+06   4.1748047e+01
   5.9241420e+06   4.3212891e+01
   5.9241620e+06   4.8828125e+01
   5.9242860e+06   5.3955078e+01
   5.9243540e+06   4.1198730e+01
   5.9244060e+06   4.7851562e+01
   5.9244200e+06   4.7668457e+01
   5.9245490e+06   4.4250488e+01
   5.9245710e+06   6.9458008e+01
   5.9246120e+06   5.0537109e+01
   5.9247540e+06   4.7729492e+01
   5.9249190e+06   6.4086914e+01
   5.9257680e+06   6.2683105e+01
   5.9427450e+06   4.2663574e+01
   5.9427570e+06   5.5541992e+01
   5.9428340e+06   5.6884766e+01
   5.9428570e+06   4.6752930e+01
   5.9429010e+06   5.4809570e+01
   5.9429240e+06   5.4199219e+01
   5.9429840e+06   5.0842285e+01
   5.9430270e+06   4.2968750e+01
   5.9430570e+06   5.1818848e+01
   5.9430880e+06   4.1320801e+01
   5.9430980e+06   4.2968750e+01
   5.9431570e+06   5.2917480e+01
   5.9431680e+06   6.5917969e+01
   5.9432300e+06   4.3090820e+01
   5.9433210e+06   4.5898438e+01
   5.9433840e+06   4.4555664e+01
   5.9437260e+06   4.9438477e+01
   5.9614600e+06   5.3161621e+01
   5.9614920e+06   4.6081543e+01
   5.9615630e+06   4.3334961e+01
   5.9616050e+06   5.0537109e+01
   5.9616480e+06   4.3029785e+01
   5.9617390e+06   6.2927246e+01
   5.9618020e+06   4.7912598e+01
   5.9618530e+06   4.9255371e+01
   5.9619390e+06   5.3833008e+01
   5.9622450e+06   5.4870605e+01
   5.9643800e+06   4.6875000e+01
   5.9782940e+06   6.0424805e+01
   5.9783470e+06   4.2175293e+01
   5.9783690e+06   4.2114258e+01
   5.9783970e+06   4.6447754e+01
   5.9784840e+06   4.1259766e+01
   5.9785000e+06   4.1259766e+01
   5.9785880e+06   4.1748047e+01
   5.9786420e+06   5.1818848e+01
   5.9786620e+06   4.6691895e+01
   5.9787230e+06   4.9804688e+01
   5.9787560e+06   4.1503906e+01
   5.9788540e+06   4.4067383e+01
   5.9789240e+06   4.1442871e+01
   5.9793810e+06   5.0231934e+01
   6.1333920e+06   4.5532227e+01
   6.1428370e+06   4.5288086e+01
   6.2425760e+06   4.1137695e+01
   6.2606140e+06   4.1015625e+01
   6.3990000e+06   4.2663574e+01
   6.4263930e+06   4.1198730e+01
   6.4319210e+06   4.2724609e+01
   6.5475420e+06   4.4982910e+01
   6.6548290e+06   4.9255371e+01
   6.8622070e+06   4.3151855e+01
   6.8778790e+06   4.2602539e+01
   7.0973920e+06   4.2236328e+01
   7.1037230e+06   7.0129395e+01
   7.1037490e+06   4.2358398e+01
   7.1168050e+06   4.1137695e+01
   7.2064710e+06   4.2968750e+01
   7.2116200e+06   4.1442871e+01
   7.2486710e+06   4.1198730e+01
   7.2490630e+06   4.6264648e+01
   7.2491410e+06   4.3823242e+01
   7.2492110e+06   4.6875000e+01
   7.3781810e+06   4.1870117e+01
   7.4031180e+06   4.5593262e+01
   7.4116790e+06   4.2236328e+01
   7.4118360e+06   4.1870117e+01
   7.5269230e+06   4.3762207e+01
   7.5668010e+06   4.2236328e+01
   7.6970920e+06   4.6936035e+01
   7.8317680e+06   5.1574707e+01
   7.8826410e+06   5.9753418e+01
   7.9170940e+06   4.1381836e+01
   7.9449660e+06   4.2907715e+01
   7.9640590e+06   4.3151855e+01
   8.0075100e+06   4.0954590e+01
   8.0822580e+06   4.2541504e+01
   8.1225290e+06   4.2480469e+01
   8.1284540e+06   4.3701172e+01
   8.2542160e+06   4.2480469e+01
   8.2707290e+06   4.5166016e+01
   8.3626960e+06   4.4738770e+01
   8.3646870e+06   4.1625977e+01
   8.3677210e+06   4.3273926e+01
   8.3886750e+06   4.0954590e+01
   8.4725190e+06   5.0415039e+01
   8.5101540e+06   4.4128418e+01
   8.8031390e+06   4.3457031e+01
   8.8056670e+06   4.3762207e+01
   8.9015190e+06   4.4921875e+01
   8.9721540e+06   4.1442871e+01
   9.0060240e+06   4.2968750e+01
   9.1095960e+06   4.3579102e+01
   9.2204830e+06   4.7363281e+01
   9.3122530e+06   4.2846680e+01
   9.3535040e+06   4.3823242e+01
   9.3649520e+06   4.2358398e+01
   9.4161650e+06   4.7607422e+01
   9.4377010e+06   4.5776367e+01
   9.4700730e+06   4.4311523e+01
   9.5715300e+06   4.6264648e+01
   9.5934700e+06   4.4555664e+01
   9.6590230e+06   4.2602539e+01
   9.7374180e+06   4.3334961e+01
   9.7491970e+06   4.2419434e+01
   9.8883010e+06   4.2907715e+01
   9.8966500e+06   4.3151855e+01
   9.9334860e+06   4.2602539e+01
   9.9582730e+06   4.3334961e+01
   1.0094999e+07   4.1625977e+01
   1.0108203e+07   4.3762207e+01
   1.0186113e+07   4.2053223e+01
   1.0231712e+07   4.3090820e+01
   1.0234592e+07   4.3701172e+01
   1.0364393e+07   4.1748047e+01
   1.0392886e+07   5.4687500e+01
   1.0555111e+07   4.2053223e+01
   1.0737810e+07   4.1748047e+01
   1.0787779e+07   4.7180176e+01
   1.0815185e+07   4.4433594e+01
   1.0819715e+07   4.1748047e+01
   1.0975226e+07   4.3090820e+01
   1.1048792e+07   4.8400879e+01
   1.1061921e+07   4.1748047e+01
   1.1084729e+07   4.1992188e+01
   1.1093254e+07   4.2602539e+01
   1.1109922e+07   4.1809082e+01
   1.1119265e+07   4.4555664e+01
   1.1146104e+07   4.5898438e+01
   1.1146484e+07   4.1625977e+01
   1.1191569e+07   4.6020508e+01
   1.1193935e+07   4.4250488e+01
   1.1293459e+07   4.4616699e+01
   1.1318431e+07   4.1625977e+01
   1.1353124e+07   4.8095703e+01
   1.1417342e+07   4.1748047e+01
   1.1489146e+07   4.3029785e+01
   1.1573337e+07   5.7678223e+01
   1.1600928e+07   4.2480469e+01
   1.1756245e+07   4.1931152e+01
   1.1856480e+07   4.3579102e+01
   1.1955469e+07   4.2785645e+01
