   1.1996000e+07   0.0000000e+00
   1.6123900e+05   3.7719727e+01
   1.0817120e+06   3.6621094e+01
   1.1614090e+06   3.9062500e+01
   1.1614460e+06   4.7790527e+01
   1.1614820e+06   3.6193848e+01
   1.1615300e+06   4.1381836e+01
   1.1616450e+06   4.2358398e+01
   1.2111480e+06   3.9367676e+01
   1.2115780e+06   3.8269043e+01
   1.2551530e+06   3.7231445e+01
   1.2551910e+06   3.8146973e+01
   1.2552330e+06   3.7292480e+01
   1.2569700e+06   3.7719727e+01
   1.2646990e+06   3.8330078e+01
   1.2858820e+06   3.6560059e+01
   1.2862320e+06   3.6193848e+01
   1.3128090e+06   3.6193848e+01
   1.3348030e+06   3.6560059e+01
   1.3350880e+06   3.7780762e+01
   3.5861920e+06   3.7231445e+01
   3.6653340e+06   3.7109375e+01
   3.7611960e+06   3.8879395e+01
   3.7612510e+06   3.8146973e+01
   4.7737350e+06   3.7292480e+01
   5.4903360e+06   3.8024902e+01
   5.4903970e+06   3.8635254e+01
   5.5671740e+06   3.7109375e+01
   5.5674760e+06   4.0039062e+01
   5.6458840e+06   3.6376953e+01
   5.7441190e+06   3.9001465e+01
   6.7547630e+06   3.6376953e+01
   7.9436450e+06   3.8574219e+01
   1.1356741e+07   3.8513184e+01
