   1.1996000e+07   0.0000000e+00
   7.5012000e+04   3.8696289e+01
   1.5668500e+05   3.9733887e+01
   3.1923500e+05   3.8513184e+01
   4.7412000e+05   3.8696289e+01
   5.0829400e+05   4.4616699e+01
   5.1475300e+05   4.0771484e+01
   9.4984700e+05   3.8574219e+01
   9.5664900e+05   3.7475586e+01
   1.1602560e+06   3.7780762e+01
   1.1608460e+06   3.7231445e+01
   1.1613490e+06   3.8208008e+01
   1.1613860e+06   5.4382324e+01
   1.1614030e+06   4.2846680e+01
   1.1614140e+06   4.2541504e+01
   1.1614410e+06   5.2917480e+01
   1.1614540e+06   4.3701172e+01
   1.1614840e+06   4.7302246e+01
   1.1615240e+06   4.1564941e+01
   1.1615670e+06   4.6203613e+01
   1.1616370e+06   4.3212891e+01
   1.1616990e+06   3.8940430e+01
   1.1617930e+06   3.8024902e+01
   1.1618250e+06   3.9672852e+01
   1.1620700e+06   3.9123535e+01
   1.1620830e+06   3.8574219e+01
   1.1640140e+06   3.8024902e+01
   1.1696080e+06   4.1625977e+01
   1.1961600e+06   4.1748047e+01
   1.1979320e+06   3.8574219e+01
   1.2107590e+06   5.0170898e+01
   1.2107710e+06   5.1696777e+01
   1.2108020e+06   4.9621582e+01
   1.2108320e+06   5.5297852e+01
   1.2108670e+06   5.6640625e+01
   1.2109150e+06   8.0261230e+01
   1.2109440e+06   4.7607422e+01
   1.2109940e+06   4.1625977e+01
   1.2110290e+06   3.7475586e+01
   1.2110470e+06   4.6813965e+01
   1.2111040e+06   4.6447754e+01
   1.2111330e+06   5.5297852e+01
   1.2112020e+06   4.4128418e+01
   1.2112920e+06   4.6081543e+01
   1.2117240e+06   4.7607422e+01
   1.2118570e+06   4.7668457e+01
   1.2122120e+06   3.8513184e+01
   1.2122380e+06   3.7536621e+01
   1.2122990e+06   4.6813965e+01
   1.2126870e+06   3.8879395e+01
   1.2132940e+06   3.8940430e+01
   1.2133840e+06   3.9978027e+01
   1.2135860e+06   4.1870117e+01
   1.2137120e+06   3.7597656e+01
   1.2140330e+06   4.0893555e+01
   1.2142950e+06   4.6752930e+01
   1.2144710e+06   3.8208008e+01
   1.2145580e+06   3.8024902e+01
   1.2147390e+06   3.9794922e+01
   1.2148280e+06   3.8513184e+01
   1.2150300e+06   4.0100098e+01
   1.2155390e+06   3.8879395e+01
   1.2549270e+06   3.8146973e+01
   1.2550630e+06   3.7536621e+01
   1.2550850e+06   3.8696289e+01
   1.2551040e+06   4.4494629e+01
   1.2551260e+06   4.2602539e+01
   1.2551410e+06   4.8400879e+01
   1.2551650e+06   5.3283691e+01
   1.2551910e+06   3.8879395e+01
   1.2552180e+06   5.3222656e+01
   1.2552290e+06   5.4443359e+01
   1.2552510e+06   3.7658691e+01
   1.2552670e+06   4.6142578e+01
   1.2552770e+06   7.6599121e+01
   1.2552930e+06   3.7658691e+01
   1.2553190e+06   6.7016602e+01
   1.2553390e+06   4.1748047e+01
   1.2553880e+06   4.0771484e+01
   1.2554030e+06   4.1992188e+01
   1.2554400e+06   4.6569824e+01
   1.2555230e+06   4.2236328e+01
   1.2555600e+06   4.2785645e+01
   1.2555930e+06   4.2175293e+01
   1.2556120e+06   4.1137695e+01
   1.2557510e+06   3.8085938e+01
   1.2557660e+06   4.0649414e+01
   1.2558350e+06   4.3640137e+01
   1.2562160e+06   4.7851563e+01
   1.2565600e+06   3.9184570e+01
   1.2567040e+06   3.7963867e+01
   1.2569060e+06   3.8330078e+01
   1.2575890e+06   4.8156738e+01
   1.2577770e+06   4.5471191e+01
   1.2578280e+06   4.2846680e+01
   1.2581060e+06   3.9978027e+01
   1.2625140e+06   3.7597656e+01
   1.2709390e+06   3.7536621e+01
   1.2760820e+06   4.0771484e+01
   1.2860720e+06   4.9011230e+01
   1.2861190e+06   5.1269531e+01
   1.2861430e+06   4.0161133e+01
   1.2861740e+06   5.7922363e+01
   1.2861870e+06   4.1076660e+01
   1.2862080e+06   6.6650391e+01
   1.2862400e+06   5.3344727e+01
   1.2863060e+06   6.2438965e+01
   1.2863310e+06   3.9245605e+01
   1.2863660e+06   4.4006348e+01
   1.2863960e+06   3.7536621e+01
   1.2864210e+06   5.2551270e+01
   1.2864880e+06   3.9733887e+01
   1.2865580e+06   4.3212891e+01
   1.2865990e+06   4.1015625e+01
   1.2866260e+06   4.7302246e+01
   1.2866740e+06   4.0649414e+01
   1.2867730e+06   4.0161133e+01
   1.2868260e+06   3.9001465e+01
   1.2868490e+06   4.0039062e+01
   1.2869100e+06   3.7841797e+01
   1.2870720e+06   3.9611816e+01
   1.2871250e+06   3.8452148e+01
   1.2882970e+06   4.1809082e+01
   1.2886140e+06   3.9001465e+01
   1.3118910e+06   4.1137695e+01
   1.3120180e+06   4.2053223e+01
   1.3120570e+06   4.3090820e+01
   1.3120700e+06   4.5227051e+01
   1.3121560e+06   4.5166016e+01
   1.3122250e+06   5.4260254e+01
   1.3122790e+06   5.2978516e+01
   1.3123080e+06   5.3649902e+01
   1.3123540e+06   4.8156738e+01
   1.3124050e+06   4.0588379e+01
   1.3124460e+06   3.9184570e+01
   1.3124640e+06   4.4921875e+01
   1.3124800e+06   5.4138184e+01
   1.3125260e+06   5.0903320e+01
   1.3125620e+06   4.2175293e+01
   1.3126120e+06   4.5104980e+01
   1.3126430e+06   4.4494629e+01
   1.3127290e+06   4.0832520e+01
   1.3127680e+06   4.0405273e+01
   1.3128510e+06   4.9499512e+01
   1.3128710e+06   4.0344238e+01
   1.3129230e+06   4.3701172e+01
   1.3129780e+06   3.7841797e+01
   1.3130080e+06   4.1381836e+01
   1.3135040e+06   4.6203613e+01
   1.3135720e+06   3.8635254e+01
   1.3342980e+06   3.7597656e+01
   1.3345410e+06   4.4189453e+01
   1.3345860e+06   4.7729492e+01
   1.3346600e+06   4.2358398e+01
   1.3346710e+06   3.7231445e+01
   1.3347100e+06   3.9306641e+01
   1.3347630e+06   3.7902832e+01
   1.3348140e+06   5.3100586e+01
   1.3348510e+06   3.8452148e+01
   1.3348790e+06   4.3151855e+01
   1.3349130e+06   4.4067383e+01
   1.3349510e+06   3.7231445e+01
   1.3349850e+06   5.5297852e+01
   1.3349970e+06   4.0466309e+01
   1.3350200e+06   5.1147461e+01
   1.3350730e+06   5.4199219e+01
   1.3351010e+06   5.3527832e+01
   1.3351150e+06   4.0710449e+01
   1.3351460e+06   5.7800293e+01
   1.3351740e+06   4.1809082e+01
   1.3352110e+06   4.0222168e+01
   1.3352520e+06   4.3029785e+01
   1.3352730e+06   3.9184570e+01
   1.3352990e+06   4.5654297e+01
   1.3353150e+06   4.6997070e+01
   1.3353620e+06   4.0344238e+01
   1.3354220e+06   4.9438477e+01
   1.3354660e+06   4.2419434e+01
   1.3354760e+06   5.0415039e+01
   1.3355190e+06   5.3527832e+01
   1.3355480e+06   4.0222168e+01
   1.3362790e+06   4.1931152e+01
   1.3527200e+06   4.0954590e+01
   1.3528250e+06   4.0405273e+01
   1.3531110e+06   3.7780762e+01
   1.3531590e+06   4.8156738e+01
   1.3532210e+06   4.8889160e+01
   1.3533770e+06   4.3090820e+01
   1.3534000e+06   4.7546387e+01
   1.3534180e+06   4.1198730e+01
   1.3534280e+06   4.4433594e+01
   1.3535360e+06   4.3457031e+01
   1.3536420e+06   4.4982910e+01
   1.3538120e+06   3.7536621e+01
   1.3636580e+06   3.8757324e+01
   1.3639160e+06   3.9367676e+01
   1.3641340e+06   3.7719727e+01
   1.3644400e+06   3.7902832e+01
   1.3731510e+06   4.0710449e+01
   1.3732160e+06   4.5288086e+01
   1.3732970e+06   4.0649414e+01
   1.3733420e+06   4.8583984e+01
   1.3733670e+06   3.8269043e+01
   1.3734850e+06   3.8940430e+01
   1.3735370e+06   3.7292480e+01
   1.3735860e+06   3.8879395e+01
   1.3736270e+06   3.7658691e+01
   1.3736900e+06   4.7790527e+01
   1.3823690e+06   3.8452148e+01
   1.3824140e+06   3.9428711e+01
   1.3824880e+06   5.8776855e+01
   1.3826030e+06   4.1503906e+01
   1.3828570e+06   5.3344727e+01
   1.3828870e+06   4.1625977e+01
   1.3829660e+06   4.8217773e+01
   1.3829960e+06   3.9245605e+01
   1.3833600e+06   4.0283203e+01
   1.3904380e+06   3.7475586e+01
   1.3908210e+06   4.5349121e+01
   1.3908670e+06   4.2053223e+01
   1.3909850e+06   4.5166016e+01
   1.3913770e+06   3.9978027e+01
   1.3985410e+06   3.8085938e+01
   1.3986010e+06   4.2236328e+01
   1.3989040e+06   4.2480469e+01
   1.3989870e+06   3.9123535e+01
   1.3990240e+06   4.6203613e+01
   1.3991630e+06   5.8532715e+01
   1.3991970e+06   5.0476074e+01
   1.3992610e+06   3.7658691e+01
   1.4069880e+06   3.9001465e+01
   1.4071650e+06   4.1137695e+01
   1.4074630e+06   4.9316406e+01
   1.4074930e+06   4.3029785e+01
   1.4153620e+06   4.6630859e+01
   1.4155210e+06   3.7353516e+01
   1.4155410e+06   4.2724609e+01
   1.4156340e+06   3.8391113e+01
   1.4157260e+06   3.7231445e+01
   1.4158550e+06   4.1076660e+01
   1.4160380e+06   4.5837402e+01
   1.4238830e+06   3.8024902e+01
   1.4243040e+06   4.6325684e+01
   1.4322720e+06   3.9184570e+01
   1.4323300e+06   4.4494629e+01
   1.4323840e+06   4.1076660e+01
   1.4325340e+06   3.8513184e+01
   1.4403390e+06   3.8696289e+01
   1.4404930e+06   3.9062500e+01
   1.4408310e+06   3.9123535e+01
   1.4410200e+06   3.8635254e+01
   1.4490500e+06   3.9489746e+01
   1.4492260e+06   4.4311523e+01
   1.4492410e+06   4.1870117e+01
   1.4496470e+06   4.1503906e+01
   1.4575990e+06   4.0832520e+01
   1.4576750e+06   3.7292480e+01
   1.4577680e+06   3.8696289e+01
   1.4581010e+06   5.2917480e+01
   1.4661390e+06   4.1564941e+01
   1.4663040e+06   4.8950195e+01
   1.4663370e+06   4.9804688e+01
   1.4666350e+06   4.8461914e+01
   1.4666520e+06   4.4494629e+01
   1.4751540e+06   3.9428711e+01
   1.4753040e+06   3.8452148e+01
   1.4754050e+06   3.8879395e+01
   1.4754820e+06   4.1137695e+01
   1.4756350e+06   3.8879395e+01
   1.4757390e+06   3.8269043e+01
   1.4849660e+06   3.9184570e+01
   1.4849990e+06   5.1391602e+01
   1.4850940e+06   4.1076660e+01
   1.4851660e+06   4.5593262e+01
   1.4851910e+06   4.0100098e+01
   1.4852910e+06   4.4128418e+01
   1.4854210e+06   3.7841797e+01
   1.4855690e+06   4.1503906e+01
   1.4945430e+06   4.2114258e+01
   1.4945880e+06   3.7536621e+01
   1.4946330e+06   3.8024902e+01
   1.4949000e+06   4.2053223e+01
   1.4949250e+06   3.7353516e+01
   1.4950560e+06   3.7658691e+01
   1.5040580e+06   4.3579102e+01
   1.5041250e+06   3.9306641e+01
   1.5042070e+06   3.8513184e+01
   1.5145060e+06   4.7485352e+01
   1.5145320e+06   4.0771484e+01
   1.5245060e+06   4.1320801e+01
   1.5358650e+06   3.8513184e+01
   1.5358800e+06   3.9428711e+01
   1.5359190e+06   3.8635254e+01
   1.5359680e+06   3.9550781e+01
   1.5359960e+06   4.7241211e+01
   1.5362330e+06   3.8452148e+01
   1.5475390e+06   4.6508789e+01
   1.5477230e+06   4.7607422e+01
   1.5477420e+06   3.9184570e+01
   1.5478680e+06   4.3029785e+01
   1.5481680e+06   4.1870117e+01
   1.5486360e+06   3.9123535e+01
   1.5600750e+06   4.3701172e+01
   1.5600860e+06   4.0832520e+01
   1.5601170e+06   4.3823242e+01
   1.5602160e+06   3.9123535e+01
   1.5602540e+06   4.9621582e+01
   1.5603230e+06   4.0039062e+01
   1.5731500e+06   4.1748047e+01
   1.5731800e+06   4.1809082e+01
   1.5733660e+06   3.8757324e+01
   1.5736080e+06   5.2612305e+01
   1.5737520e+06   3.8574219e+01
   1.5884900e+06   4.3884277e+01
   1.5885440e+06   4.1137695e+01
   1.5885690e+06   3.9672852e+01
   1.5887300e+06   3.7292480e+01
   1.5887490e+06   3.9611816e+01
   1.6033360e+06   3.8757324e+01
   1.6036610e+06   4.8217773e+01
   1.6037330e+06   4.0832520e+01
   1.6037510e+06   4.7180176e+01
   1.6041260e+06   4.2541504e+01
   1.6206280e+06   3.7841797e+01
   1.6207220e+06   4.1381836e+01
   1.6208310e+06   4.1625977e+01
   1.6208630e+06   3.8696289e+01
   1.6208960e+06   4.9316406e+01
   1.6209290e+06   4.1137695e+01
   1.6213260e+06   3.9184570e+01
   1.6373600e+06   3.9794922e+01
   1.6374120e+06   4.0649414e+01
   1.6375040e+06   3.7231445e+01
   1.6375690e+06   3.8757324e+01
   1.6437860e+06   3.9855957e+01
   1.6549600e+06   4.0283203e+01
   1.6549990e+06   4.0283203e+01
   1.6555270e+06   3.7902832e+01
   1.6556450e+06   4.0649414e+01
   1.7157390e+06   4.1687012e+01
   1.7159340e+06   3.7963867e+01
   1.7160030e+06   3.9855957e+01
   2.0993600e+06   3.8513184e+01
   2.0996960e+06   5.1574707e+01
   2.0997980e+06   3.9184570e+01
   2.1003170e+06   3.9489746e+01
   2.4655680e+06   4.3090820e+01
   2.5179860e+06   4.2602539e+01
   2.6474740e+06   3.7231445e+01
   2.7366570e+06   3.8391113e+01
   2.8186040e+06   4.3640137e+01
   3.3126240e+06   4.3762207e+01
   3.5857270e+06   3.9062500e+01
   3.5857830e+06   4.4494629e+01
   3.5857940e+06   3.8818359e+01
   3.5858250e+06   3.7353516e+01
   3.5858560e+06   4.4189453e+01
   3.5858840e+06   5.0781250e+01
   3.5859100e+06   6.4270020e+01
   3.5859230e+06   4.9499512e+01
   3.5859340e+06   4.3579102e+01
   3.5859700e+06   5.7250977e+01
   3.5859820e+06   4.1015625e+01
   3.5860000e+06   5.5358887e+01
   3.5860320e+06   4.9011230e+01
   3.5861000e+06   5.1879883e+01
   3.5863020e+06   4.6752930e+01
   3.5863310e+06   4.2236328e+01
   3.5864450e+06   3.8085937e+01
   3.5865070e+06   3.8757324e+01
   3.5866130e+06   4.1442871e+01
   3.6095850e+06   4.0161133e+01
   3.6115490e+06   4.1320801e+01
   3.6161470e+06   4.5410156e+01
   3.6204490e+06   4.0710449e+01
   3.6479420e+06   3.7597656e+01
   3.6484660e+06   3.8330078e+01
   3.6486590e+06   4.3151855e+01
   3.6487140e+06   4.0039062e+01
   3.6488390e+06   3.7780762e+01
   3.6651400e+06   4.3090820e+01
   3.6651720e+06   6.1401367e+01
   3.6652010e+06   5.8471680e+01
   3.6652140e+06   5.1696777e+01
   3.6652360e+06   3.9306641e+01
   3.6652540e+06   6.9885254e+01
   3.6652660e+06   4.6691895e+01
   3.6653020e+06   5.8349609e+01
   3.6653330e+06   7.0190430e+01
   3.6653770e+06   7.0007324e+01
   3.6654190e+06   4.8339844e+01
   3.6654330e+06   4.6875000e+01
   3.6654510e+06   4.8767090e+01
   3.6655060e+06   4.2114258e+01
   3.6658180e+06   3.8818359e+01
   3.6658970e+06   4.0222168e+01
   3.6659160e+06   4.0832520e+01
   3.6665450e+06   3.9123535e+01
   3.6667380e+06   3.9978027e+01
   3.6668710e+06   5.1940918e+01
   3.6670270e+06   3.8452148e+01
   3.6671270e+06   5.0170898e+01
   3.6673040e+06   4.0161133e+01
   3.6673680e+06   4.1259766e+01
   3.6674300e+06   4.0893555e+01
   3.6675440e+06   4.3518066e+01
   3.6679540e+06   4.0649414e+01
   3.6690030e+06   3.7963867e+01
   3.6821710e+06   3.8330078e+01
   3.6882750e+06   3.9001465e+01
   3.7604400e+06   3.9916992e+01
   3.7605560e+06   3.9001465e+01
   3.7605680e+06   4.1381836e+01
   3.7606380e+06   3.8757324e+01
   3.7607810e+06   3.8818359e+01
   3.7608120e+06   4.2358398e+01
   3.7608620e+06   4.4433594e+01
   3.7608760e+06   5.9448242e+01
   3.7609240e+06   3.9001465e+01
   3.7609480e+06   4.5349121e+01
   3.7609960e+06   5.4321289e+01
   3.7610340e+06   4.5959473e+01
   3.7610650e+06   5.4931641e+01
   3.7610770e+06   5.7556152e+01
   3.7611150e+06   5.8776855e+01
   3.7611450e+06   4.6813965e+01
   3.7612020e+06   5.6396484e+01
   3.7612310e+06   3.8452148e+01
   3.7612440e+06   4.4433594e+01
   3.7613050e+06   4.7058105e+01
   3.7613870e+06   4.0893555e+01
   3.7614940e+06   4.3334961e+01
   3.7615770e+06   3.9611816e+01
   3.7616120e+06   3.7475586e+01
   3.7616740e+06   3.9916992e+01
   3.7618390e+06   3.8696289e+01
   3.7634440e+06   3.8940430e+01
   3.7640670e+06   4.3701172e+01
   3.7799670e+06   4.1198730e+01
   3.7818930e+06   4.0893555e+01
   4.5266420e+06   4.0039062e+01
   4.5403900e+06   3.9306641e+01
   4.7962930e+06   3.8269043e+01
   5.4881380e+06   4.0405273e+01
   5.4883880e+06   3.8635254e+01
   5.4884140e+06   3.8818359e+01
   5.4885350e+06   3.8879395e+01
   5.4886770e+06   4.5471191e+01
   5.4887090e+06   3.8024902e+01
   5.4888080e+06   3.7475586e+01
   5.4890640e+06   3.8940430e+01
   5.4892750e+06   3.8879395e+01
   5.4899900e+06   4.1442871e+01
   5.4902040e+06   4.3518066e+01
   5.4902580e+06   4.0344238e+01
   5.4903770e+06   3.9550781e+01
   5.4903990e+06   5.2062988e+01
   5.4904200e+06   4.6691895e+01
   5.4904460e+06   5.5236816e+01
   5.4904710e+06   8.7402344e+01
   5.4904880e+06   3.9855957e+01
   5.4905470e+06   4.7851563e+01
   5.4905710e+06   4.3640137e+01
   5.4906430e+06   4.9987793e+01
   5.4906540e+06   5.9326172e+01
   5.4906900e+06   4.8583984e+01
   5.4907960e+06   4.7668457e+01
   5.5087700e+06   3.8085937e+01
   5.5229120e+06   3.7475586e+01
   5.5668080e+06   3.8085938e+01
   5.5670580e+06   4.0222168e+01
   5.5671100e+06   5.7250977e+01
   5.5671250e+06   6.3476563e+01
   5.5671460e+06   6.5734863e+01
   5.5671720e+06   5.2978516e+01
   5.5672010e+06   5.9082031e+01
   5.5672290e+06   5.1147461e+01
   5.5672630e+06   3.8635254e+01
   5.5672890e+06   4.9194336e+01
   5.5673280e+06   6.2927246e+01
   5.5673510e+06   4.7729492e+01
   5.5673910e+06   5.0659180e+01
   5.5674170e+06   4.9255371e+01
   5.5674480e+06   3.8818359e+01
   5.5675250e+06   3.8208008e+01
   5.5680500e+06   3.8024902e+01
   5.5688130e+06   3.7902832e+01
   5.5692780e+06   4.0527344e+01
   5.5694400e+06   3.7353516e+01
   5.5695900e+06   4.3334961e+01
   5.5702590e+06   3.7780762e+01
   5.5705250e+06   4.2297363e+01
   5.5708370e+06   3.9978027e+01
   5.5712200e+06   4.3212891e+01
   5.5823620e+06   3.7353516e+01
   5.5861660e+06   3.8757324e+01
   5.5977980e+06   3.7536621e+01
   5.6454780e+06   4.0954590e+01
   5.6456430e+06   3.9855957e+01
   5.6456820e+06   4.9377441e+01
   5.6457120e+06   5.3710938e+01
   5.6457270e+06   6.4270020e+01
   5.6457550e+06   4.7363281e+01
   5.6457650e+06   6.2988281e+01
   5.6458110e+06   4.9011230e+01
   5.6458350e+06   9.3078613e+01
   5.6458910e+06   3.8085937e+01
   5.6459020e+06   4.5837402e+01
   5.6459250e+06   5.6152344e+01
   5.6459660e+06   3.7414551e+01
   5.6459910e+06   4.7241211e+01
   5.6460020e+06   5.5480957e+01
   5.6460380e+06   4.4433594e+01
   5.6460580e+06   4.6325684e+01
   5.6460690e+06   3.9123535e+01
   5.6460960e+06   3.8940430e+01
   5.6461180e+06   5.0048828e+01
   5.6461390e+06   4.2663574e+01
   5.6463150e+06   3.7963867e+01
   5.6466880e+06   3.7597656e+01
   5.6467220e+06   3.8330078e+01
   5.6473450e+06   4.1748047e+01
   5.6477780e+06   3.8146973e+01
   5.6478640e+06   3.8879395e+01
   5.6478930e+06   3.8696289e+01
   5.6487270e+06   3.9794922e+01
   5.6487610e+06   4.2236328e+01
   5.6493810e+06   4.8950195e+01
   5.6718040e+06   3.9184570e+01
   5.6909630e+06   3.8940430e+01
   5.6912080e+06   3.8757324e+01
   5.6918000e+06   4.9316406e+01
   5.6918220e+06   3.8208008e+01
   5.6919080e+06   4.2053223e+01
   5.6919890e+06   3.9367676e+01
   5.6920200e+06   4.4128418e+01
   5.6920860e+06   3.9245605e+01
   5.6921080e+06   3.9550781e+01
   5.6921320e+06   5.1330566e+01
   5.6921610e+06   3.8085938e+01
   5.6922280e+06   5.4077148e+01
   5.6922470e+06   3.7414551e+01
   5.6922740e+06   5.0170898e+01
   5.6922930e+06   4.8828125e+01
   5.6923360e+06   4.7851562e+01
   5.6923860e+06   3.9184570e+01
   5.6924040e+06   3.8024902e+01
   5.6924500e+06   3.9978027e+01
   5.6924650e+06   4.2053223e+01
   5.6924860e+06   4.1931152e+01
   5.6925100e+06   4.9865723e+01
   5.6925240e+06   4.0466309e+01
   5.6925420e+06   4.4067383e+01
   5.6925800e+06   3.9123535e+01
   5.6926080e+06   3.8269043e+01
   5.6926710e+06   4.0039062e+01
   5.6926810e+06   4.4555664e+01
   5.6927580e+06   4.5898438e+01
   5.6928340e+06   3.9611816e+01
   5.6929560e+06   3.7780762e+01
   5.6929810e+06   3.9001465e+01
   5.6931460e+06   3.7963867e+01
   5.6936790e+06   4.2480469e+01
   5.6937860e+06   3.8696289e+01
   5.6941850e+06   4.0283203e+01
   5.6944550e+06   3.9245605e+01
   5.6947990e+06   3.7841797e+01
   5.7150920e+06   4.5959473e+01
   5.7151350e+06   3.8208008e+01
   5.7153360e+06   4.1015625e+01
   5.7154940e+06   4.1870117e+01
   5.7155160e+06   4.2785645e+01
   5.7155270e+06   3.7414551e+01
   5.7155530e+06   3.7658691e+01
   5.7156800e+06   3.8269043e+01
   5.7156950e+06   3.8269043e+01
   5.7158110e+06   3.8146973e+01
   5.7158340e+06   4.0954590e+01
   5.7159470e+06   5.7922363e+01
   5.7160560e+06   4.6508789e+01
   5.7162450e+06   3.8452148e+01
   5.7162820e+06   5.3955078e+01
   5.7163060e+06   3.7902832e+01
   5.7298420e+06   3.7353516e+01
   5.7299290e+06   3.9489746e+01
   5.7300320e+06   4.0344238e+01
   5.7301080e+06   4.1503906e+01
   5.7301230e+06   3.9245605e+01
   5.7302290e+06   5.1086426e+01
   5.7302780e+06   3.8818359e+01
   5.7303930e+06   3.8269043e+01
   5.7304850e+06   5.1086426e+01
   5.7305610e+06   4.2175293e+01
   5.7305880e+06   3.8391113e+01
   5.7308060e+06   4.4799805e+01
   5.7309390e+06   4.1198730e+01
   5.7311480e+06   3.9123535e+01
   5.7430070e+06   3.8330078e+01
   5.7432530e+06   4.5837402e+01
   5.7432720e+06   4.5349121e+01
   5.7434800e+06   4.3823242e+01
   5.7436050e+06   3.7963867e+01
   5.7437220e+06   3.8940430e+01
   5.7437510e+06   4.1809082e+01
   5.7438100e+06   5.5358887e+01
   5.7439760e+06   4.2114258e+01
   5.7440490e+06   4.0039063e+01
   5.7442400e+06   4.0344238e+01
   5.7445280e+06   4.0344238e+01
   5.7447020e+06   4.0893555e+01
   5.7542380e+06   4.3884277e+01
   5.7542560e+06   4.1198730e+01
   5.7544060e+06   3.8757324e+01
   5.7544350e+06   4.2419434e+01
   5.7547290e+06   4.8339844e+01
   5.7551050e+06   3.7658691e+01
   5.7631510e+06   3.9306641e+01
   5.7632620e+06   3.8146973e+01
   5.7633220e+06   3.9245605e+01
   5.7637870e+06   3.9550781e+01
   5.7638200e+06   4.3579102e+01
   5.7641420e+06   4.0161133e+01
   5.7745640e+06   4.8095703e+01
   5.7747730e+06   5.4870605e+01
   5.7748490e+06   4.2114258e+01
   5.7851130e+06   4.4250488e+01
   5.7852110e+06   3.7414551e+01
   5.7853380e+06   4.5227051e+01
   5.7853870e+06   3.8940430e+01
   5.7855340e+06   4.2968750e+01
   5.7856220e+06   4.1320801e+01
   5.7856570e+06   4.0405273e+01
   5.7858930e+06   3.8635254e+01
   5.7860100e+06   3.9306641e+01
   5.7944860e+06   3.8879395e+01
   5.7947630e+06   3.8513184e+01
   5.8029650e+06   3.7719727e+01
   5.8030950e+06   3.8085938e+01
   5.8032110e+06   4.0771484e+01
   5.8033230e+06   3.7536621e+01
   5.8035290e+06   3.8879395e+01
   5.8035530e+06   4.0100098e+01
   5.8037450e+06   3.7475586e+01
   5.8108170e+06   4.1564941e+01
   5.8156450e+06   5.3283691e+01
   5.8159530e+06   5.0109863e+01
   5.8159950e+06   3.8146973e+01
   5.8255590e+06   3.9550781e+01
   5.8270070e+06   3.7963867e+01
   5.8342390e+06   3.7353516e+01
   5.8347800e+06   3.8818359e+01
   5.8350760e+06   3.7536621e+01
   5.8352030e+06   3.9550781e+01
   5.8446300e+06   4.4128418e+01
   5.8450130e+06   4.0100098e+01
   5.8450280e+06   3.7475586e+01
   5.8450620e+06   4.1381836e+01
   5.8453780e+06   3.7475586e+01
   5.8550650e+06   3.8085938e+01
   5.8552140e+06   3.9123535e+01
   5.8553450e+06   4.8645020e+01
   5.8556350e+06   3.8330078e+01
   5.8690030e+06   4.0832520e+01
   5.8693690e+06   3.7353516e+01
   5.8694870e+06   4.0039062e+01
   5.8696430e+06   3.9123535e+01
   5.8814640e+06   5.3710938e+01
   5.8815430e+06   4.0588379e+01
   5.8817720e+06   4.0527344e+01
   5.8818130e+06   4.0710449e+01
   5.8819350e+06   3.8146973e+01
   5.8937600e+06   3.7536621e+01
   5.8968510e+06   3.8452148e+01
   5.9089120e+06   4.3945312e+01
   5.9091610e+06   3.7353516e+01
   5.9097830e+06   3.8269043e+01
   5.9230440e+06   3.9123535e+01
   5.9239700e+06   3.8146973e+01
   5.9240510e+06   3.7719727e+01
   5.9242880e+06   3.9733887e+01
   5.9426100e+06   4.1076660e+01
   5.9427060e+06   3.9489746e+01
   5.9427330e+06   3.8452148e+01
   5.9428600e+06   3.8635254e+01
   5.9430500e+06   3.9245605e+01
   5.9434360e+06   3.7475586e+01
   5.9613870e+06   4.2297363e+01
   5.9614150e+06   4.0893555e+01
   5.9615060e+06   3.7658691e+01
   5.9615410e+06   4.6386719e+01
   5.9616090e+06   3.8940430e+01
   5.9617500e+06   4.7912598e+01
   5.9618910e+06   3.8391113e+01
   5.9780130e+06   3.7719727e+01
   5.9783230e+06   4.0527344e+01
   5.9784140e+06   3.7658691e+01
   5.9785660e+06   3.9428711e+01
   5.9788770e+06   4.6569824e+01
   6.1596040e+06   3.6499023e+01
   6.3319210e+06   3.8330078e+01
   6.4420370e+06   4.1564941e+01
   6.4436440e+06   3.8818359e+01
   6.4635330e+06   3.7658691e+01
   6.5055580e+06   3.9978027e+01
   6.5459250e+06   5.0292969e+01
   6.6189840e+06   3.8330078e+01
   6.7234860e+06   5.1757812e+01
   6.8378470e+06   3.9733887e+01
   6.9300190e+06   4.3090820e+01
   7.2206220e+06   3.7170410e+01
   7.2472550e+06   3.9428711e+01
   7.2486270e+06   3.6499023e+01
   7.9661510e+06   3.7353516e+01
   8.2217990e+06   3.8818359e+01
   9.0594300e+06   3.8269043e+01
   9.4122610e+06   3.9062500e+01
   9.5834180e+06   3.8635254e+01
   9.8166200e+06   4.7973633e+01
   9.8166520e+06   4.6447754e+01
   9.8169410e+06   3.8085938e+01
   9.8169760e+06   4.1259766e+01
   9.8171860e+06   3.7536621e+01
   9.8173640e+06   4.4860840e+01
   9.8175790e+06   3.7658691e+01
   9.8182220e+06   4.1137695e+01
   9.9782380e+06   4.1259766e+01
   1.0026468e+07   4.2114258e+01
   1.0340385e+07   4.3945312e+01
   1.0411529e+07   4.6936035e+01
   1.0411542e+07   3.8391113e+01
   1.0529265e+07   4.1992188e+01
   1.0529773e+07   3.7353516e+01
   1.0605626e+07   3.7658691e+01
   1.0605663e+07   3.7109375e+01
   1.0923752e+07   4.2602539e+01
   1.0925878e+07   4.2968750e+01
   1.1001956e+07   3.8513184e+01
   1.1002305e+07   4.3029785e+01
   1.1002538e+07   5.2673340e+01
   1.1078338e+07   3.7414551e+01
   1.1140715e+07   4.4128418e+01
   1.1247154e+07   3.9306641e+01
   1.1267900e+07   3.7658691e+01
   1.1284671e+07   3.8146973e+01
   1.1305084e+07   3.7658691e+01
   1.1497325e+07   3.9672852e+01
   1.1527612e+07   3.8146973e+01
   1.1527996e+07   3.7536621e+01
   1.1528571e+07   3.8269043e+01
   1.1588650e+07   3.7780762e+01
   1.1624233e+07   3.7170410e+01
