   1.1996000e+07   0.0000000e+00
   3.3438000e+04   2.0263672e+01
   5.0669000e+04   1.9775391e+01
   5.0725000e+04   1.9470215e+01
   1.7959730e+06   1.9775391e+01
   2.9784980e+06   2.2216797e+01
   2.9786640e+06   1.9836426e+01
   3.0166010e+06   1.8981934e+01
   3.0168220e+06   1.9165039e+01
   3.0168560e+06   1.8798828e+01
   3.0898560e+06   2.0568848e+01
   4.3911490e+06   1.8859863e+01
   4.3911660e+06   1.9653320e+01
   4.4225740e+06   1.8859863e+01
   4.4451610e+06   1.8798828e+01
   4.4696590e+06   2.1545410e+01
   5.0230450e+06   1.9042969e+01
   5.2339480e+06   1.9531250e+01
   5.9894340e+06   2.0690918e+01
   6.0168850e+06   1.9104004e+01
   6.0170630e+06   1.8615723e+01
   6.0174730e+06   1.8981934e+01
   6.0557160e+06   1.9958496e+01
   6.0921710e+06   1.8920898e+01
   7.2679370e+06   1.8981934e+01
   7.3905250e+06   2.0019531e+01
   7.3906260e+06   1.8798828e+01
   9.0752000e+06   2.0263672e+01
   9.1667540e+06   1.9836426e+01
   1.1146379e+07   2.1484375e+01
   1.1254724e+07   2.2277832e+01
   1.1992399e+07   1.9714355e+01
