   1.1996000e+07   0.0000000e+00
   1.5886000e+04   2.7221680e+01
   1.5979000e+04   1.9531250e+01
   1.6043000e+04   2.3559570e+01
   1.6134000e+04   1.7700195e+01
   1.6202000e+04   1.7272949e+01
   1.6304000e+04   1.8859863e+01
   1.6425000e+04   2.2399902e+01
   1.6520000e+04   2.0019531e+01
   1.6623000e+04   2.3132324e+01
   1.6708000e+04   2.4719238e+01
   1.6814000e+04   2.7526855e+01
   1.6894000e+04   1.8737793e+01
   1.6998000e+04   1.7700195e+01
   1.7103000e+04   2.0202637e+01
   1.7232000e+04   1.9348145e+01
   1.7434000e+04   2.1728516e+01
   1.7616000e+04   2.4902344e+01
   1.7765000e+04   2.1972656e+01
   1.8000000e+04   2.0324707e+01
   1.8171000e+04   2.0385742e+01
   1.8432000e+04   2.7587891e+01
   1.8666000e+04   1.8310547e+01
   3.3653000e+04   2.2949219e+01
   3.3744000e+04   2.2705078e+01
   3.3851000e+04   1.8859863e+01
   3.3942000e+04   2.7893066e+01
   3.4047000e+04   2.0935059e+01
   3.4193000e+04   1.9104004e+01
   3.4338000e+04   2.1301270e+01
   3.4484000e+04   1.9531250e+01
   3.5175000e+04   2.4108887e+01
   5.0475000e+04   2.2644043e+01
   5.0603000e+04   1.7883301e+01
   5.0708000e+04   1.9042969e+01
   5.0779000e+04   2.4291992e+01
   5.0859000e+04   2.0568848e+01
   5.0944000e+04   2.2766113e+01
   5.1027000e+04   2.3437500e+01
   5.1107000e+04   2.2216797e+01
   5.1214000e+04   1.9897461e+01
   5.1327000e+04   2.7282715e+01
   5.1434000e+04   2.0080566e+01
   5.1568000e+04   2.1240234e+01
   5.1769000e+04   2.5329590e+01
   5.1946000e+04   2.1667480e+01
   5.2150000e+04   2.0263672e+01
   5.2522000e+04   1.9775391e+01
   6.8908000e+04   2.1484375e+01
   6.9080000e+04   2.0751953e+01
   6.9198000e+04   1.7578125e+01
   6.9319000e+04   1.7517090e+01
   6.9461000e+04   1.7395020e+01
   6.9555000e+04   2.1118164e+01
   6.9667000e+04   2.4047852e+01
   6.9777000e+04   1.8310547e+01
   6.9897000e+04   1.7944336e+01
   7.0021000e+04   3.0273438e+01
   7.0158000e+04   1.9958496e+01
   7.0271000e+04   2.0690918e+01
   7.0437000e+04   2.1667480e+01
   7.0567000e+04   1.8371582e+01
   7.0765000e+04   2.2766113e+01
   8.2254000e+04   2.4291992e+01
   8.2493000e+04   2.2155762e+01
   8.2639000e+04   2.2827148e+01
   8.2767000e+04   1.9531250e+01
   8.2888000e+04   2.3498535e+01
   8.2995000e+04   1.6784668e+01
   8.3161000e+04   2.0629883e+01
   8.3260000e+04   2.4841309e+01
   8.3356000e+04   2.1362305e+01
   8.3477000e+04   1.8798828e+01
   8.3884000e+04   1.7028809e+01
   9.2413000e+04   1.7211914e+01
   9.2537000e+04   1.6540527e+01
   9.3122000e+04   1.8249512e+01
   9.3513000e+04   1.9042969e+01
   9.9320000e+04   2.0690918e+01
   1.0451900e+05   1.9226074e+01
   1.0493900e+05   2.0996094e+01
   1.1510800e+05   2.0141602e+01
   1.1559100e+05   1.7517090e+01
   1.2134200e+05   1.7395020e+01
   1.2141300e+05   2.2521973e+01
   1.2155500e+05   2.0507812e+01
   1.2170900e+05   2.3071289e+01
   1.3277900e+05   1.7456055e+01
   1.3915800e+05   1.8798828e+01
   1.3934000e+05   2.2033691e+01
   1.4637600e+05   2.4414063e+01
   1.5383400e+05   2.6794434e+01
   1.6626800e+05   2.1911621e+01
   1.6645100e+05   2.3681641e+01
   1.7717700e+05   2.2155762e+01
   1.8602600e+05   1.7272949e+01
   9.7851300e+05   2.2460938e+01
   1.2301480e+06   2.4353027e+01
   1.3254230e+06   1.8371582e+01
   1.7729860e+06   1.9653320e+01
   1.7731200e+06   2.0385742e+01
   1.7736330e+06   1.8676758e+01
   1.7738360e+06   2.6062012e+01
   1.7739760e+06   2.2583008e+01
   1.7741360e+06   2.2644043e+01
   1.7743370e+06   2.0812988e+01
   1.7745230e+06   2.0568848e+01
   1.7961360e+06   2.0324707e+01
   1.7962260e+06   2.7709961e+01
   1.7963080e+06   2.6184082e+01
   1.7963780e+06   2.6184082e+01
   1.7964810e+06   1.9775391e+01
   1.7966010e+06   1.8859863e+01
   1.7967090e+06   1.7822266e+01
   1.7968110e+06   2.3193359e+01
   1.7969390e+06   2.4047852e+01
   1.7972200e+06   2.1118164e+01
   1.7973430e+06   1.8249512e+01
   1.7975640e+06   1.6479492e+01
   1.7977370e+06   2.3315430e+01
   1.7979470e+06   2.1545410e+01
   1.7981430e+06   2.1484375e+01
   1.7983270e+06   2.2033691e+01
   1.7986620e+06   1.8066406e+01
   1.7989620e+06   2.5329590e+01
   1.7992770e+06   1.9104004e+01
   1.7997960e+06   2.3620605e+01
   1.8184100e+06   2.8869629e+01
   1.8185570e+06   2.1911621e+01
   1.8186660e+06   2.5878906e+01
   1.8188190e+06   1.9470215e+01
   1.8189270e+06   2.3254395e+01
   1.8190140e+06   2.0263672e+01
   1.8191180e+06   2.0690918e+01
   1.8191950e+06   2.5146484e+01
   1.8192960e+06   1.8920898e+01
   1.8194860e+06   2.0812988e+01
   1.8196220e+06   2.5817871e+01
   1.8196970e+06   2.6855469e+01
   1.8197850e+06   1.8981934e+01
   1.8199790e+06   1.8005371e+01
   1.8201060e+06   2.1179199e+01
   1.8202860e+06   1.9348145e+01
   1.8207100e+06   2.4963379e+01
   1.8350430e+06   2.4414063e+01
   1.8352880e+06   2.5146484e+01
   1.8354390e+06   3.0761719e+01
   1.8355640e+06   1.9470215e+01
   1.8357150e+06   2.0874023e+01
   1.8358700e+06   2.6367188e+01
   1.8360080e+06   2.2888184e+01
   1.8361210e+06   1.7211914e+01
   1.8362460e+06   1.8188477e+01
   1.8363470e+06   1.9836426e+01
   1.8364840e+06   2.4414063e+01
   1.8366240e+06   1.7150879e+01
   1.8368030e+06   1.9470215e+01
   1.8370530e+06   1.7272949e+01
   1.8498210e+06   2.0629883e+01
   1.8500110e+06   2.8198242e+01
   1.8502200e+06   1.8310547e+01
   1.8503620e+06   1.7578125e+01
   1.8505020e+06   2.2644043e+01
   1.8506310e+06   2.0202637e+01
   1.8508790e+06   1.8920898e+01
   1.8511000e+06   2.5207520e+01
   1.8593770e+06   2.0996094e+01
   1.8596240e+06   2.6489258e+01
   1.8599730e+06   2.3193359e+01
   1.8672090e+06   1.8493652e+01
   1.8673940e+06   2.3010254e+01
   1.8675700e+06   2.5573730e+01
   1.8677430e+06   2.1240234e+01
   1.8753740e+06   2.2460938e+01
   1.8756160e+06   1.7578125e+01
   1.8758600e+06   1.8371582e+01
   1.8892000e+06   2.1362305e+01
   1.8895910e+06   1.6540527e+01
   1.8961650e+06   2.7954102e+01
   1.8963980e+06   2.1972656e+01
   1.8967470e+06   2.0507813e+01
   1.9102340e+06   1.7028809e+01
   1.9103110e+06   2.2766113e+01
   1.9104590e+06   1.8310547e+01
   1.9106050e+06   2.0446777e+01
   1.9107660e+06   2.2094727e+01
   1.9111330e+06   1.7639160e+01
   1.9332860e+06   1.7211914e+01
   1.9334870e+06   2.0507812e+01
   1.9427900e+06   1.8920898e+01
   1.9510950e+06   1.9287109e+01
   2.9783060e+06   2.0446777e+01
   2.9783740e+06   2.2399902e+01
   2.9784650e+06   1.9287109e+01
   2.9788010e+06   2.1850586e+01
   2.9789760e+06   2.4780273e+01
   2.9790790e+06   1.6479492e+01
   2.9791500e+06   2.1362305e+01
   2.9792470e+06   2.5085449e+01
   2.9793760e+06   1.9714355e+01
   2.9795060e+06   2.3803711e+01
   2.9797950e+06   2.0690918e+01
   3.0168230e+06   1.9897461e+01
   3.0169280e+06   1.9836426e+01
   3.0170210e+06   2.8930664e+01
   3.0171330e+06   2.1484375e+01
   3.0172220e+06   2.5207520e+01
   3.0172990e+06   1.7333984e+01
   3.0174030e+06   1.8371582e+01
   3.0175140e+06   2.4597168e+01
   3.0176170e+06   2.4536133e+01
   3.0177300e+06   2.0690918e+01
   3.0178470e+06   2.2277832e+01
   3.0179830e+06   1.6845703e+01
   3.0182400e+06   2.4658203e+01
   3.0184430e+06   2.0935059e+01
   3.0187250e+06   2.1728516e+01
   3.0190520e+06   2.7526855e+01
   3.0194490e+06   2.8503418e+01
   3.0198810e+06   1.9226074e+01
   3.0418950e+06   1.8188477e+01
   3.0422850e+06   2.2277832e+01
   3.0424150e+06   2.2460938e+01
   3.0425350e+06   2.1057129e+01
   3.0426390e+06   2.0263672e+01
   3.0427390e+06   1.7395020e+01
   3.0428470e+06   2.2033691e+01
   3.0429940e+06   3.0212402e+01
   3.0431070e+06   2.5085449e+01
   3.0432580e+06   1.7944336e+01
   3.0433950e+06   1.8371582e+01
   3.0435070e+06   2.1667480e+01
   3.0436180e+06   1.6723633e+01
   3.0437990e+06   1.7700195e+01
   3.0439690e+06   1.7211914e+01
   3.0664990e+06   2.4353027e+01
   3.0666040e+06   2.5146484e+01
   3.0667740e+06   2.0507812e+01
   3.0668730e+06   2.4902344e+01
   3.0669760e+06   1.9836426e+01
   3.0670880e+06   1.9958496e+01
   3.0672140e+06   1.7944336e+01
   3.0673460e+06   1.9409180e+01
   3.0674590e+06   2.1911621e+01
   3.0676560e+06   2.0568848e+01
   3.0678690e+06   2.2583008e+01
   3.0680170e+06   2.3742676e+01
   3.0682860e+06   2.2460938e+01
   3.0684970e+06   2.5146484e+01
   3.0686840e+06   2.3132324e+01
   3.0898340e+06   2.5207520e+01
   3.0899250e+06   2.3132324e+01
   3.0900290e+06   2.0324707e+01
   3.0901370e+06   2.2399902e+01
   3.0902840e+06   2.3498535e+01
   3.0903980e+06   2.0080566e+01
   3.0905280e+06   1.9042969e+01
   3.0906740e+06   2.2277832e+01
   3.0908220e+06   2.3925781e+01
   3.0909480e+06   2.5695801e+01
   3.0911570e+06   1.7211914e+01
   3.1079350e+06   1.8066406e+01
   3.1081360e+06   2.0263672e+01
   3.1082880e+06   2.7832031e+01
   3.1084150e+06   2.4841309e+01
   3.1085520e+06   2.2705078e+01
   3.1086820e+06   2.3010254e+01
   3.1088620e+06   2.2155762e+01
   3.1090170e+06   2.1057129e+01
   3.1091620e+06   2.3742676e+01
   3.1363190e+06   2.0690918e+01
   3.1364580e+06   2.3864746e+01
   3.1365620e+06   2.5878906e+01
   3.1367590e+06   1.9042969e+01
   3.1368690e+06   2.1728516e+01
   3.1370030e+06   2.2644043e+01
   3.1372050e+06   1.8859863e+01
   3.1374920e+06   2.2766113e+01
   3.1377440e+06   1.9836426e+01
   3.1734470e+06   2.1423340e+01
   3.1954810e+06   2.4963379e+01
   3.2155340e+06   1.7272949e+01
   4.3436370e+06   2.0568848e+01
   4.3436900e+06   2.1118164e+01
   4.3437780e+06   2.2460938e+01
   4.3454440e+06   1.9042969e+01
   4.3455610e+06   1.9104004e+01
   4.3456800e+06   2.1423340e+01
   4.3458350e+06   2.5207520e+01
   4.3459750e+06   1.9042969e+01
   4.3461550e+06   1.8859863e+01
   4.3463920e+06   2.5695801e+01
   4.3471150e+06   1.6906738e+01
   4.3912100e+06   2.4658203e+01
   4.3913280e+06   2.4536133e+01
   4.3914190e+06   1.6967773e+01
   4.3914920e+06   1.8920898e+01
   4.3915690e+06   2.1728516e+01
   4.3916520e+06   1.9714355e+01
   4.3917370e+06   2.5268555e+01
   4.3918300e+06   2.4536133e+01
   4.3919310e+06   1.6784668e+01
   4.3920810e+06   2.0874023e+01
   4.3922660e+06   2.3132324e+01
   4.3925610e+06   1.9592285e+01
   4.3927220e+06   1.8310547e+01
   4.3930960e+06   2.1301270e+01
   4.3933600e+06   2.6611328e+01
   4.3935770e+06   2.5573730e+01
   4.3938640e+06   2.0629883e+01
   4.4225600e+06   1.7761230e+01
   4.4226440e+06   2.4108887e+01
   4.4227140e+06   1.6845703e+01
   4.4228830e+06   2.1972656e+01
   4.4229620e+06   1.9226074e+01
   4.4230670e+06   2.0568848e+01
   4.4231930e+06   1.9226074e+01
   4.4233070e+06   2.4597168e+01
   4.4234080e+06   1.8432617e+01
   4.4235250e+06   1.8676758e+01
   4.4237290e+06   2.5878906e+01
   4.4238740e+06   1.8310547e+01
   4.4240820e+06   2.0080566e+01
   4.4243430e+06   2.0568848e+01
   4.4246170e+06   1.9165039e+01
   4.4250200e+06   1.7456055e+01
   4.4254050e+06   1.9775391e+01
   4.4450810e+06   2.0385742e+01
   4.4451940e+06   2.0080566e+01
   4.4452740e+06   2.1423340e+01
   4.4453460e+06   2.3681641e+01
   4.4454310e+06   2.3742676e+01
   4.4455110e+06   2.2338867e+01
   4.4456560e+06   2.3071289e+01
   4.4457680e+06   2.2155762e+01
   4.4458730e+06   2.6306152e+01
   4.4460330e+06   2.2705078e+01
   4.4462330e+06   1.7700195e+01
   4.4466720e+06   2.2644043e+01
   4.4692290e+06   1.6723633e+01
   4.4693650e+06   2.2705078e+01
   4.4695090e+06   2.0019531e+01
   4.4695840e+06   1.9409180e+01
   4.4696910e+06   2.1423340e+01
   4.4697890e+06   2.4230957e+01
   4.4699100e+06   2.3254395e+01
   4.4700300e+06   2.1545410e+01
   4.4701610e+06   1.7944336e+01
   4.4702730e+06   1.7456055e+01
   4.4703770e+06   2.0446777e+01
   4.4704790e+06   2.1911621e+01
   4.4706100e+06   1.8554688e+01
   4.4707880e+06   2.5573730e+01
   4.4710040e+06   2.4963379e+01
   4.4836330e+06   2.6672363e+01
   4.4839360e+06   1.9775391e+01
   4.4934400e+06   1.8005371e+01
   4.4936200e+06   2.0202637e+01
   4.4938370e+06   2.7160645e+01
   4.4940550e+06   1.8188477e+01
   4.4942270e+06   1.8005371e+01
   4.4943750e+06   2.1667480e+01
   4.4945140e+06   2.0141602e+01
   4.4948760e+06   1.9042969e+01
   4.5106210e+06   2.3376465e+01
   4.5107610e+06   1.8554688e+01
   4.5109130e+06   1.9653320e+01
   4.5110480e+06   1.9714355e+01
   4.5111690e+06   1.9592285e+01
   4.5113680e+06   2.3742676e+01
   4.5191480e+06   1.8554688e+01
   4.5193220e+06   1.9165039e+01
   4.5195810e+06   1.7883301e+01
   4.5299720e+06   2.0324707e+01
   4.5300980e+06   1.8432617e+01
   4.5302250e+06   2.3071289e+01
   4.5304790e+06   1.7578125e+01
   4.5306900e+06   1.9348145e+01
   4.5308790e+06   2.5146484e+01
   4.5411790e+06   2.0202637e+01
   4.5414200e+06   1.8249512e+01
   4.5511750e+06   1.8188477e+01
   4.5513100e+06   1.8371582e+01
   4.5514750e+06   1.8615723e+01
   4.5630240e+06   1.9409180e+01
   4.5746160e+06   1.9958496e+01
   4.5865130e+06   2.3681641e+01
   5.1814160e+06   1.6601562e+01
   5.3659770e+06   2.3132324e+01
   5.9440230e+06   1.7944336e+01
   5.9440820e+06   1.7333984e+01
   5.9459810e+06   2.2094727e+01
   5.9460930e+06   2.2766113e+01
   5.9462470e+06   2.2827148e+01
   5.9463700e+06   2.0996094e+01
   5.9465980e+06   1.8554688e+01
   5.9467730e+06   2.1484375e+01
   5.9893990e+06   2.0080566e+01
   5.9895160e+06   2.2949219e+01
   5.9895930e+06   1.7517090e+01
   5.9896700e+06   1.7272949e+01
   5.9897690e+06   1.8798828e+01
   5.9898730e+06   1.8127441e+01
   5.9899710e+06   2.1301270e+01
   5.9900590e+06   1.8188477e+01
   5.9901610e+06   2.1606445e+01
   5.9902870e+06   2.0690918e+01
   5.9903880e+06   1.8676758e+01
   5.9905050e+06   2.3742676e+01
   5.9907500e+06   2.0385742e+01
   5.9910720e+06   2.1179199e+01
   5.9915380e+06   2.3986816e+01
   5.9918150e+06   2.0568848e+01
   5.9922500e+06   1.7211914e+01
   6.0168310e+06   1.6906738e+01
   6.0169590e+06   2.2399902e+01
   6.0170510e+06   1.6906738e+01
   6.0172270e+06   1.9897461e+01
   6.0173040e+06   1.8249512e+01
   6.0174130e+06   2.0263672e+01
   6.0174910e+06   1.8310547e+01
   6.0175790e+06   2.0324707e+01
   6.0176640e+06   2.0141602e+01
   6.0177400e+06   2.1423340e+01
   6.0178550e+06   1.7211914e+01
   6.0179400e+06   1.9409180e+01
   6.0181280e+06   1.9958496e+01
   6.0182540e+06   1.9165039e+01
   6.0185170e+06   2.1789551e+01
   6.0187280e+06   1.9470215e+01
   6.0190470e+06   2.6855469e+01
   6.0353700e+06   2.6000977e+01
   6.0355910e+06   1.9348145e+01
   6.0358000e+06   2.3864746e+01
   6.0360680e+06   1.8493652e+01
   6.0364670e+06   1.9897461e+01
   6.0448490e+06   1.8127441e+01
   6.0450120e+06   2.2338867e+01
   6.0453560e+06   2.5024414e+01
   6.0458270e+06   1.6784668e+01
   6.0548310e+06   2.1972656e+01
   6.0550330e+06   2.4536133e+01
   6.0551870e+06   1.7883301e+01
   6.0553300e+06   2.6977539e+01
   6.0554610e+06   1.8066406e+01
   6.0555780e+06   1.6845703e+01
   6.0558280e+06   2.6611328e+01
   6.0559400e+06   1.7456055e+01
   6.0560880e+06   1.8615723e+01
   6.0563080e+06   1.6662598e+01
   6.0565650e+06   1.7700195e+01
   6.0775330e+06   1.8859863e+01
   6.0776930e+06   2.3010254e+01
   6.0778380e+06   2.0874023e+01
   6.0780490e+06   2.4230957e+01
   6.0919490e+06   2.0874023e+01
   6.0920920e+06   2.1545410e+01
   6.0922260e+06   2.1850586e+01
   6.0923680e+06   1.8737793e+01
   6.0926090e+06   2.0141602e+01
   7.2674220e+06   2.2949219e+01
   7.2676630e+06   1.7272949e+01
   7.2677690e+06   2.6306152e+01
   7.2679500e+06   1.8981934e+01
   7.2681920e+06   2.0080566e+01
   7.2682650e+06   2.5329590e+01
   7.2684080e+06   2.2888184e+01
   7.2686000e+06   1.9104004e+01
   7.2687820e+06   1.8127441e+01
   7.3160580e+06   2.6245117e+01
   7.3161380e+06   2.0202637e+01
   7.3162060e+06   1.8310547e+01
   7.3162830e+06   2.0751953e+01
   7.3163790e+06   1.8920898e+01
   7.3164480e+06   1.8127441e+01
   7.3165230e+06   2.0568848e+01
   7.3167350e+06   1.7333984e+01
   7.3168160e+06   1.9042969e+01
   7.3168960e+06   2.6794434e+01
   7.3170750e+06   2.4169922e+01
   7.3171810e+06   2.2094727e+01
   7.3174190e+06   1.8981934e+01
   7.3177720e+06   1.9531250e+01
   7.3179380e+06   2.3010254e+01
   7.3181590e+06   2.0751953e+01
   7.3183640e+06   2.5085449e+01
   7.3186070e+06   1.8554688e+01
   7.3190000e+06   2.0080566e+01
   7.3193050e+06   1.7578125e+01
   7.3410590e+06   1.9287109e+01
   7.3411810e+06   2.4719238e+01
   7.3413470e+06   1.8188477e+01
   7.3414960e+06   1.8981934e+01
   7.3416010e+06   1.9287109e+01
   7.3417310e+06   1.6784668e+01
   7.3418960e+06   1.9775391e+01
   7.3420220e+06   1.8920898e+01
   7.3421450e+06   1.6967773e+01
   7.3422630e+06   1.7089844e+01
   7.3423800e+06   2.1789551e+01
   7.3425010e+06   1.8249512e+01
   7.3426260e+06   1.8005371e+01
   7.3427820e+06   2.5817871e+01
   7.3429870e+06   1.6906738e+01
   7.3433560e+06   2.0080566e+01
   7.3683910e+06   2.1240234e+01
   7.3684850e+06   2.7099609e+01
   7.3685890e+06   2.1789551e+01
   7.3687020e+06   1.9653320e+01
   7.3688110e+06   2.1972656e+01
   7.3688940e+06   2.0874023e+01
   7.3690880e+06   1.8310547e+01
   7.3692070e+06   1.9775391e+01
   7.3693080e+06   2.0812988e+01
   7.3694130e+06   2.3315430e+01
   7.3695450e+06   1.7028809e+01
   7.3696660e+06   1.7944336e+01
   7.3697690e+06   2.0935059e+01
   7.3699640e+06   1.7639160e+01
   7.3701240e+06   1.8615723e+01
   7.3703940e+06   2.4230957e+01
   7.3905080e+06   2.0996094e+01
   7.3906210e+06   1.7089844e+01
   7.3907130e+06   2.2766113e+01
   7.3908350e+06   2.1301270e+01
   7.3909170e+06   1.6784668e+01
   7.3910110e+06   1.7578125e+01
   7.3911040e+06   2.5451660e+01
   7.3912400e+06   2.6855469e+01
   7.3914640e+06   2.0874023e+01
   7.3916280e+06   2.0935059e+01
   7.3918810e+06   1.7211914e+01
   7.4099690e+06   1.8066406e+01
   7.4195240e+06   2.2583008e+01
   7.4414710e+06   1.7150879e+01
   7.4415790e+06   2.5390625e+01
   7.4416830e+06   1.9531250e+01
   7.4418470e+06   1.6845703e+01
   7.4423410e+06   1.8981934e+01
   7.4560910e+06   2.1484375e+01
   7.4692910e+06   1.9348145e+01
   7.4836090e+06   2.5573730e+01
   7.5021890e+06   2.0080566e+01
   7.6728800e+06   1.6967773e+01
   8.2794030e+06   1.7211914e+01
   8.3476020e+06   1.6784668e+01
   9.0077970e+06   1.9714355e+01
   9.0078560e+06   2.1362305e+01
   9.0081540e+06   1.9287109e+01
   9.0082260e+06   2.2216797e+01
   9.0083300e+06   1.8127441e+01
   9.0084550e+06   1.9348145e+01
   9.0085850e+06   2.6245117e+01
   9.0087520e+06   2.0019531e+01
   9.0088930e+06   2.1789551e+01
   9.0090050e+06   2.5024414e+01
   9.0091160e+06   2.1240234e+01
   9.0092330e+06   1.8737793e+01
   9.0094690e+06   2.2827148e+01
   9.0096690e+06   1.6662598e+01
   9.0100840e+06   1.9348145e+01
   9.0461810e+06   2.2338867e+01
   9.0462710e+06   1.9409180e+01
   9.0463500e+06   1.8920898e+01
   9.0464350e+06   2.2888184e+01
   9.0465210e+06   1.7578125e+01
   9.0466080e+06   2.2216797e+01
   9.0467040e+06   1.9287109e+01
   9.0468130e+06   2.0629883e+01
   9.0468890e+06   1.8310547e+01
   9.0469760e+06   1.7456055e+01
   9.0470790e+06   1.8310547e+01
   9.0471640e+06   1.9653320e+01
   9.0472890e+06   2.0751953e+01
   9.0474720e+06   2.1850586e+01
   9.0476660e+06   1.8066406e+01
   9.0478820e+06   1.8371582e+01
   9.0482040e+06   1.7761230e+01
   9.0484930e+06   2.2705078e+01
   9.0746520e+06   2.1423340e+01
   9.0747620e+06   1.8798828e+01
   9.0748520e+06   2.1484375e+01
   9.0749230e+06   1.8737793e+01
   9.0750120e+06   2.2583008e+01
   9.0750930e+06   2.2949219e+01
   9.0751860e+06   1.8127441e+01
   9.0752720e+06   2.3620605e+01
   9.0753990e+06   2.0019531e+01
   9.0755000e+06   2.0874023e+01
   9.0755770e+06   2.5695801e+01
   9.0756560e+06   1.8005371e+01
   9.0758000e+06   1.6784668e+01
   9.0760450e+06   2.2583008e+01
   9.0762950e+06   1.9226074e+01
   9.0764560e+06   2.4353027e+01
   9.0766920e+06   2.1667480e+01
   9.0769160e+06   2.0202637e+01
   9.0772480e+06   2.3437500e+01
   9.0832580e+06   1.7822266e+01
   9.1025410e+06   1.9470215e+01
   9.1026720e+06   2.2216797e+01
   9.1027700e+06   1.6723633e+01
   9.1028470e+06   2.1423340e+01
   9.1029250e+06   1.9714355e+01
   9.1030170e+06   2.2460938e+01
   9.1031440e+06   1.8310547e+01
   9.1032920e+06   1.9836426e+01
   9.1034300e+06   2.1179199e+01
   9.1035630e+06   1.8981934e+01
   9.1037570e+06   2.6428223e+01
   9.1040150e+06   2.2155762e+01
   9.1043350e+06   1.7761230e+01
   9.1233560e+06   2.0324707e+01
   9.1235560e+06   1.8615723e+01
   9.1237420e+06   2.2094727e+01
   9.1238480e+06   2.0935059e+01
   9.1239900e+06   2.2216797e+01
   9.1241270e+06   2.1606445e+01
   9.1242760e+06   2.0263672e+01
   9.1244400e+06   2.2949219e+01
   9.1245480e+06   1.7700195e+01
   9.1247340e+06   2.2521973e+01
   9.1249620e+06   1.9592285e+01
   9.1252220e+06   2.1179199e+01
   9.1422000e+06   2.3498535e+01
   9.1423760e+06   2.4780273e+01
   9.1425260e+06   1.9714355e+01
   9.1426510e+06   2.0996094e+01
   9.1428430e+06   1.6967773e+01
   9.1430030e+06   2.5878906e+01
   9.1667830e+06   1.6784668e+01
   9.1668750e+06   1.8859863e+01
   9.1670900e+06   1.9165039e+01
   9.1672100e+06   1.9836426e+01
   9.1673630e+06   2.0019531e+01
   9.1675440e+06   1.8432617e+01
   9.1898850e+06   1.9958496e+01
   9.1900030e+06   1.9104004e+01
   9.2174620e+06   1.7517090e+01
   1.0530629e+07   2.4841309e+01
   1.0530681e+07   2.3864746e+01
   1.0530854e+07   2.0080566e+01
   1.0530999e+07   1.8493652e+01
   1.0531137e+07   1.9104004e+01
   1.0531234e+07   2.2460938e+01
   1.0531358e+07   1.8493652e+01
   1.0531445e+07   2.2705078e+01
   1.0531517e+07   1.8005371e+01
   1.0531598e+07   1.8798828e+01
   1.0531697e+07   1.7456055e+01
   1.0531806e+07   1.8249512e+01
   1.0531913e+07   2.3315430e+01
   1.0532097e+07   1.8798828e+01
   1.0532371e+07   1.9409180e+01
   1.1084752e+07   1.7333984e+01
   1.1084811e+07   2.0202637e+01
   1.1084930e+07   2.1301270e+01
   1.1085041e+07   1.8920898e+01
   1.1085170e+07   2.0263672e+01
   1.1085304e+07   2.2216797e+01
   1.1085425e+07   2.1728516e+01
   1.1085554e+07   2.3498535e+01
   1.1085676e+07   2.0690918e+01
   1.1085783e+07   1.6906738e+01
   1.1085915e+07   2.3498535e+01
   1.1086075e+07   1.7761230e+01
   1.1086425e+07   2.1118164e+01
   1.1146352e+07   1.9104004e+01
   1.1146407e+07   1.8066406e+01
   1.1146468e+07   2.1179199e+01
   1.1146537e+07   2.0996094e+01
   1.1146607e+07   2.1667480e+01
   1.1146680e+07   2.1240234e+01
   1.1146812e+07   1.8371582e+01
   1.1146905e+07   2.0874023e+01
   1.1146995e+07   2.1301270e+01
   1.1147076e+07   2.3986816e+01
   1.1147168e+07   1.9775391e+01
   1.1147264e+07   2.2033691e+01
   1.1147380e+07   1.8798828e+01
   1.1147586e+07   2.1484375e+01
   1.1147818e+07   1.9042969e+01
   1.1148022e+07   2.1484375e+01
   1.1148283e+07   1.6906738e+01
   1.1148556e+07   2.2216797e+01
   1.1173782e+07   1.7944336e+01
   1.1173862e+07   1.6601562e+01
   1.1173956e+07   2.3132324e+01
   1.1174034e+07   1.8615723e+01
   1.1174153e+07   2.0568848e+01
   1.1174239e+07   2.5878906e+01
   1.1174326e+07   2.1362305e+01
   1.1174434e+07   2.0812988e+01
   1.1174891e+07   1.8615723e+01
   1.1175015e+07   1.8615723e+01
   1.1175333e+07   1.9653320e+01
   1.1175861e+07   1.9897461e+01
   1.1201115e+07   2.1057129e+01
   1.1201197e+07   2.1179199e+01
   1.1201324e+07   1.8798828e+01
   1.1201447e+07   2.2583008e+01
   1.1201545e+07   2.2033691e+01
   1.1201673e+07   2.1362305e+01
   1.1201779e+07   2.0507813e+01
   1.1201913e+07   1.9836426e+01
   1.1202060e+07   1.7395020e+01
   1.1202253e+07   1.8676758e+01
   1.1202456e+07   1.7028809e+01
   1.1202632e+07   1.8676758e+01
   1.1202869e+07   1.9897461e+01
   1.1224599e+07   2.1057129e+01
   1.1229400e+07   2.1301270e+01
   1.1229632e+07   1.9531250e+01
   1.1229794e+07   1.9958496e+01
   1.1229932e+07   1.7333984e+01
   1.1230070e+07   1.9714355e+01
   1.1230188e+07   2.4658203e+01
   1.1230358e+07   1.7639160e+01
   1.1230629e+07   2.0690918e+01
   1.1231028e+07   1.9042969e+01
   1.1254323e+07   1.8310547e+01
   1.1254410e+07   2.0812988e+01
   1.1254525e+07   1.6601562e+01
   1.1254645e+07   2.1240234e+01
   1.1254784e+07   1.7578125e+01
   1.1255001e+07   1.7211914e+01
   1.1290614e+07   1.8859863e+01
