   1.1996000e+07   0.0000000e+00
   1.5904400e+05   4.0527344e+01
   1.5911600e+05   7.9589844e+01
   1.5917200e+05   4.1992188e+01
   1.6079800e+05   9.8388672e+01
   1.6099500e+05   7.9528809e+01
   1.6114500e+05   7.3181152e+01
   1.6145200e+05   7.0068359e+01
   1.6170700e+05   6.3659668e+01
   1.6195200e+05   4.9438477e+01
   1.6231500e+05   4.4982910e+01
   1.6250500e+05   4.0649414e+01
   1.6305400e+05   5.3527832e+01
   1.6345800e+05   4.9133301e+01
   1.7580500e+05   6.8847656e+01
   1.7588800e+05   4.4311523e+01
   1.7657000e+05   5.8593750e+01
   1.7702000e+05   9.1735840e+01
   1.7727600e+05   8.9965820e+01
   1.7775800e+05   7.5073242e+01
   1.7798300e+05   4.0161133e+01
   1.7836700e+05   7.2814941e+01
   1.7915500e+05   4.1442871e+01
   2.1886300e+05   6.4025879e+01
   2.1893200e+05   5.0048828e+01
   2.1903500e+05   4.1748047e+01
   2.1924900e+05   8.7036133e+01
   2.2009800e+05   1.0638428e+02
   2.2035700e+05   4.1992188e+01
   2.2075900e+05   8.6914062e+01
   2.2110600e+05   6.0607910e+01
   2.2159600e+05   4.0649414e+01
   2.2192200e+05   5.3283691e+01
   2.2221800e+05   5.7312012e+01
   2.2307600e+05   4.2663574e+01
   2.2397400e+05   5.9997559e+01
   2.6514200e+05   5.6701660e+01
   2.6529600e+05   9.8083496e+01
   2.6557100e+05   9.9975586e+01
   2.6580100e+05   5.4321289e+01
   2.6596300e+05   6.8359375e+01
   2.6656900e+05   8.0322266e+01
   2.6716400e+05   4.4982910e+01
   2.6744400e+05   7.3242188e+01
   2.6771800e+05   4.8767090e+01
   2.6796700e+05   4.1870117e+01
   2.6829700e+05   4.6386719e+01
   2.6929500e+05   4.9133301e+01
   3.1174100e+05   7.3181152e+01
   3.1183000e+05   7.6782227e+01
   3.1223700e+05   4.1442871e+01
   3.1282500e+05   7.5561523e+01
   3.1321800e+05   4.2358398e+01
   3.1362200e+05   4.0832520e+01
   3.1386100e+05   4.6447754e+01
   3.1405400e+05   7.0861816e+01
   3.1432000e+05   4.7180176e+01
   3.1460400e+05   6.1401367e+01
   3.1490300e+05   6.8847656e+01
   3.1525000e+05   5.0964355e+01
   3.5985500e+05   1.3928223e+02
   3.6009000e+05   8.4533691e+01
   3.6028100e+05   5.8044434e+01
   3.6093600e+05   5.1147461e+01
   3.6116400e+05   6.9824219e+01
   3.6137200e+05   4.0893555e+01
   3.6152800e+05   5.3955078e+01
   3.6174900e+05   6.8115234e+01
   3.6206300e+05   6.4025879e+01
   3.6223800e+05   4.6264648e+01
   3.6303400e+05   4.6203613e+01
   3.9333700e+05   4.8583984e+01
   3.9361100e+05   8.6303711e+01
   3.9412700e+05   8.0444336e+01
   3.9442000e+05   7.2937012e+01
   3.9473200e+05   6.3903809e+01
   3.9493800e+05   5.9143066e+01
   3.9521600e+05   4.6691895e+01
   3.9542400e+05   6.3842773e+01
   3.9624400e+05   4.5593262e+01
   3.9662900e+05   4.9743652e+01
   3.9704300e+05   4.3029785e+01
   4.2850300e+05   5.2490234e+01
   4.2860900e+05   7.0312500e+01
   4.2931100e+05   7.7758789e+01
   4.2959300e+05   4.1748047e+01
   4.2981900e+05   4.0649414e+01
   4.3006400e+05   6.7016602e+01
   4.3032500e+05   7.1655273e+01
   4.3052300e+05   6.1157227e+01
   4.3079500e+05   5.7434082e+01
   4.3101000e+05   4.4250488e+01
   4.3134800e+05   4.1870117e+01
   4.3163300e+05   4.9316406e+01
   4.3189100e+05   5.3283691e+01
   4.6285700e+05   7.9589844e+01
   4.6297300e+05   7.6049805e+01
   4.6326400e+05   4.0344238e+01
   4.6333600e+05   4.2846680e+01
   4.6352600e+05   4.2663574e+01
   4.6399700e+05   4.4433594e+01
   4.6420900e+05   6.7199707e+01
   4.6463000e+05   4.4738770e+01
   4.6495100e+05   7.0129395e+01
   4.6540700e+05   7.7575684e+01
   4.6566800e+05   3.9916992e+01
   4.6597200e+05   5.8105469e+01
   4.6677100e+05   6.2866211e+01
   5.1078200e+05   5.7128906e+01
   5.1086900e+05   4.8706055e+01
   5.1096900e+05   4.3701172e+01
   5.1150400e+05   4.8400879e+01
   5.1180400e+05   8.4716797e+01
   5.1200100e+05   5.2001953e+01
   5.1235000e+05   6.8908691e+01
   5.1260200e+05   5.9997559e+01
   5.1283500e+05   4.6997070e+01
   5.1319300e+05   5.8227539e+01
   1.0067140e+06   4.1320801e+01
   1.3325490e+06   1.2835693e+02
   1.3326080e+06   5.7312012e+01
   1.3339210e+06   5.1696777e+01
   1.3340950e+06   4.9438477e+01
   1.3343640e+06   4.8461914e+01
   1.3347360e+06   4.7119141e+01
   1.3348990e+06   4.6752930e+01
   1.3351000e+06   5.2978516e+01
   1.3353050e+06   6.4575195e+01
   1.3354930e+06   6.5307617e+01
   1.3357330e+06   4.0771484e+01
   1.3362990e+06   5.0781250e+01
   1.3367470e+06   6.5490723e+01
   1.3480090e+06   7.1472168e+01
   1.3481050e+06   5.5358887e+01
   1.3489600e+06   4.7973633e+01
   1.3492950e+06   6.1645508e+01
   1.3497300e+06   4.8583984e+01
   1.3501470e+06   8.3801270e+01
   1.3504380e+06   7.9223633e+01
   1.3881580e+06   7.3913574e+01
   1.3882630e+06   7.4157715e+01
   1.3888620e+06   4.9865723e+01
   1.3891480e+06   1.0095215e+02
   1.3894160e+06   6.4086914e+01
   1.3896530e+06   5.1513672e+01
   1.3899350e+06   7.0983887e+01
   1.3901610e+06   4.8645020e+01
   1.3905260e+06   6.2683105e+01
   1.3908430e+06   6.0180664e+01
   1.3910800e+06   6.7810059e+01
   1.3913520e+06   4.6264648e+01
   1.3923150e+06   4.8400879e+01
   1.3928150e+06   4.6936035e+01
   1.4259390e+06   1.0125732e+02
   1.4262980e+06   9.8144531e+01
   1.4264850e+06   7.6904297e+01
   1.4267230e+06   8.0078125e+01
   1.4268820e+06   4.2114258e+01
   1.4271300e+06   6.5185547e+01
   1.4275170e+06   6.6772461e+01
   1.4277540e+06   7.2570801e+01
   1.4280490e+06   6.4392090e+01
   1.4282500e+06   6.4514160e+01
   1.4285190e+06   7.1899414e+01
   1.4287570e+06   6.8603516e+01
   1.4291280e+06   5.3710938e+01
   1.4295560e+06   5.5603027e+01
   1.4301860e+06   4.2114258e+01
   1.4304900e+06   5.3466797e+01
   1.4567560e+06   5.3710938e+01
   1.4567680e+06   4.4067383e+01
   1.4569880e+06   4.4677734e+01
   1.4573810e+06   9.2468262e+01
   1.4578110e+06   7.0617676e+01
   1.4580560e+06   6.4880371e+01
   1.4584370e+06   5.6640625e+01
   1.4587680e+06   6.7504883e+01
   1.4591030e+06   6.6772461e+01
   1.4593630e+06   6.0729980e+01
   1.4595950e+06   7.1166992e+01
   1.4598160e+06   6.2561035e+01
   1.4600650e+06   4.0771484e+01
   1.4880850e+06   1.1572266e+02
   1.4882630e+06   5.3466797e+01
   1.4887100e+06   4.3151855e+01
   1.4892810e+06   4.7607422e+01
   1.4895730e+06   8.0993652e+01
   1.4899330e+06   7.4707031e+01
   1.4902570e+06   6.3720703e+01
   1.4905380e+06   6.2683105e+01
   1.4907770e+06   5.7739258e+01
   1.4911320e+06   6.5979004e+01
   1.4914760e+06   6.4575195e+01
   1.4917490e+06   5.8227539e+01
   1.4920150e+06   5.5603027e+01
   1.5174650e+06   1.1663818e+02
   1.5175910e+06   4.4555664e+01
   1.5179390e+06   8.1970215e+01
   1.5181860e+06   6.7565918e+01
   1.5184810e+06   7.4279785e+01
   1.5186520e+06   6.5429688e+01
   1.5189900e+06   4.1198730e+01
   1.5193800e+06   7.1166992e+01
   1.5196840e+06   3.9916992e+01
   1.5199580e+06   5.7128906e+01
   1.5202700e+06   5.1696777e+01
   1.5207010e+06   5.4138184e+01
   1.5209950e+06   5.6701660e+01
   1.5213510e+06   5.3710938e+01
   1.5480890e+06   6.6406250e+01
   1.5482380e+06   5.0964355e+01
   1.5485930e+06   5.2978516e+01
   1.5488440e+06   4.7119141e+01
   1.5490490e+06   5.8898926e+01
   1.5494390e+06   7.1899414e+01
   1.5497680e+06   7.5256348e+01
   1.5503490e+06   7.2631836e+01
   1.5507200e+06   6.1889648e+01
   1.5510610e+06   5.7617188e+01
   1.5516820e+06   6.6345215e+01
   1.5520640e+06   4.7790527e+01
   1.5781890e+06   1.2298584e+02
   1.5783620e+06   7.8552246e+01
   1.5787510e+06   4.3151855e+01
   1.5791080e+06   6.7565918e+01
   1.5793310e+06   7.6843262e+01
   1.5796800e+06   5.7373047e+01
   1.5799820e+06   7.1228027e+01
   1.5801820e+06   6.8847656e+01
   1.5804150e+06   7.1350098e+01
   1.5807800e+06   6.2255859e+01
   1.5810340e+06   7.0129395e+01
   1.5813670e+06   4.1748047e+01
   1.5818190e+06   6.0791016e+01
   1.5820810e+06   5.0598145e+01
   1.6088400e+06   5.8166504e+01
   1.6090520e+06   8.9538574e+01
   1.6094020e+06   4.2297363e+01
   1.6096000e+06   7.4035645e+01
   1.6098440e+06   6.5490723e+01
   1.6100660e+06   6.3110352e+01
   1.6103150e+06   6.4941406e+01
   1.6104840e+06   4.7607422e+01
   1.6106880e+06   5.2978516e+01
   1.6109710e+06   4.9682617e+01
   1.6113680e+06   5.8776855e+01
   1.6117020e+06   7.7880859e+01
   1.6120150e+06   9.8022461e+01
   1.6123910e+06   5.3833008e+01
   1.6423770e+06   4.0649414e+01
   1.6424150e+06   4.5532227e+01
   1.6425100e+06   7.1533203e+01
   1.6428270e+06   4.0283203e+01
   1.6430400e+06   4.2541504e+01
   1.6432660e+06   6.3598633e+01
   1.6434890e+06   5.7067871e+01
   1.6438090e+06   6.6162109e+01
   1.6441120e+06   5.4504395e+01
   1.6443820e+06   6.8054199e+01
   1.6446150e+06   4.9804688e+01
   1.6449040e+06   6.4819336e+01
   1.6453950e+06   5.3955078e+01
   1.6456190e+06   5.4443359e+01
   1.6460580e+06   4.2541504e+01
   1.6855880e+06   1.1511230e+02
   1.6857300e+06   7.3852539e+01
   1.6860500e+06   5.4199219e+01
   1.6863230e+06   9.2834473e+01
   1.6868270e+06   6.8298340e+01
   1.6870810e+06   6.0546875e+01
   1.6873420e+06   5.9936523e+01
   1.6876310e+06   6.7016602e+01
   1.6879440e+06   6.9274902e+01
   1.6881590e+06   4.7058105e+01
   1.6885870e+06   4.2419434e+01
   1.6889430e+06   5.8898926e+01
   1.6893040e+06   4.7607422e+01
   1.7289040e+06   7.6721191e+01
   1.7290370e+06   4.1198730e+01
   1.7294260e+06   8.1176758e+01
   1.7295740e+06   4.1076660e+01
   1.7299230e+06   6.2500000e+01
   1.7301130e+06   6.8359375e+01
   1.7303990e+06   6.2927246e+01
   1.7306000e+06   6.3171387e+01
   1.7307870e+06   6.9946289e+01
   1.7310230e+06   6.7016602e+01
   1.7313930e+06   7.0007324e+01
   1.7317510e+06   6.7260742e+01
   1.7321160e+06   8.7341309e+01
   1.7324910e+06   4.9560547e+01
   2.4790640e+06   1.3067627e+02
   2.4791410e+06   8.2458496e+01
   2.4792890e+06   7.0495605e+01
   2.4798040e+06   5.8349609e+01
   2.4804710e+06   9.2773438e+01
   2.4806880e+06   4.4250488e+01
   2.4809090e+06   7.8857422e+01
   2.4811000e+06   9.1674805e+01
   2.4813160e+06   6.0974121e+01
   2.4815600e+06   6.4208984e+01
   2.4819680e+06   4.3090820e+01
   2.4821790e+06   4.7912598e+01
   2.4831710e+06   6.0668945e+01
   2.4963490e+06   4.0222168e+01
   2.4971500e+06   8.4655762e+01
   2.4972610e+06   9.4543457e+01
   2.4976480e+06   5.4443359e+01
   2.4976580e+06   4.0649414e+01
   2.4981290e+06   7.1777344e+01
   2.4988900e+06   5.3588867e+01
   2.4991330e+06   7.6599121e+01
   2.4994510e+06   5.8105469e+01
   2.4997710e+06   5.6945801e+01
   2.5002600e+06   7.6477051e+01
   2.5314900e+06   4.2236328e+01
   2.5355340e+06   7.4096680e+01
   2.5356670e+06   7.0007324e+01
   2.5365490e+06   9.3017578e+01
   2.5371050e+06   7.5012207e+01
   2.5374270e+06   4.5288086e+01
   2.5376940e+06   8.3618164e+01
   2.5379360e+06   9.1003418e+01
   2.5382100e+06   4.5166016e+01
   2.5384460e+06   6.1645508e+01
   2.5387290e+06   7.0495605e+01
   2.5389470e+06   5.8715820e+01
   2.5404010e+06   4.6569824e+01
   2.5709610e+06   1.0791016e+02
   2.5711170e+06   5.1147461e+01
   2.5714350e+06   5.3222656e+01
   2.5716660e+06   4.8706055e+01
   2.5718600e+06   4.1809082e+01
   2.5721130e+06   7.0739746e+01
   2.5722870e+06   6.3354492e+01
   2.5728420e+06   5.0170898e+01
   2.5730220e+06   8.0383301e+01
   2.5733260e+06   7.2998047e+01
   2.5735730e+06   6.1706543e+01
   2.5737990e+06   6.2988281e+01
   2.5742280e+06   7.6843262e+01
   2.5744710e+06   4.1931152e+01
   2.5751280e+06   7.8857422e+01
   2.6092650e+06   1.2377930e+02
   2.6094470e+06   9.8754883e+01
   2.6099900e+06   4.1625977e+01
   2.6101830e+06   7.9895020e+01
   2.6104310e+06   6.7199707e+01
   2.6107320e+06   4.6264648e+01
   2.6112100e+06   4.0405273e+01
   2.6114950e+06   5.5786133e+01
   2.6117700e+06   4.0588379e+01
   2.6121840e+06   6.0729980e+01
   2.6124600e+06   4.5654297e+01
   2.6127650e+06   5.5114746e+01
   2.6129450e+06   4.9255371e+01
   2.6132060e+06   5.4748535e+01
   2.6134350e+06   4.2053223e+01
   2.6408260e+06   4.1931152e+01
   2.6408800e+06   6.3354492e+01
   2.6412150e+06   5.6396484e+01
   2.6413710e+06   6.3171387e+01
   2.6415300e+06   7.4462891e+01
   2.6417830e+06   4.2114258e+01
   2.6421430e+06   6.5734863e+01
   2.6424070e+06   4.3518066e+01
   2.6427420e+06   7.6416016e+01
   2.6431060e+06   7.4645996e+01
   2.6432840e+06   5.5725098e+01
   2.6436040e+06   6.4208984e+01
   2.6438730e+06   5.3344727e+01
   2.6440470e+06   5.5114746e+01
   2.6443200e+06   5.8837891e+01
   2.6742460e+06   1.2023926e+02
   2.6743570e+06   9.0942383e+01
   2.6745830e+06   6.9030762e+01
   2.6748260e+06   4.5654297e+01
   2.6750990e+06   6.7871094e+01
   2.6752550e+06   5.4748535e+01
   2.6757020e+06   5.7067871e+01
   2.6759240e+06   4.0649414e+01
   2.6761260e+06   6.0791016e+01
   2.6764050e+06   6.3598633e+01
   2.6766760e+06   7.9101562e+01
   2.6769890e+06   4.4433594e+01
   2.6771500e+06   4.1381836e+01
   2.6774270e+06   4.0222168e+01
   2.6779710e+06   6.4025879e+01
   2.7046230e+06   1.1309814e+02
   2.7049200e+06   8.5083008e+01
   2.7051910e+06   8.0627441e+01
   2.7054810e+06   6.0791016e+01
   2.7057280e+06   6.7138672e+01
   2.7060240e+06   7.2814941e+01
   2.7063470e+06   6.1645508e+01
   2.7065560e+06   6.6345215e+01
   2.7067520e+06   4.7485352e+01
   2.7072120e+06   6.6406250e+01
   2.7077050e+06   4.0405273e+01
   2.7081010e+06   4.7424316e+01
   2.7085390e+06   5.3466797e+01
   2.7350670e+06   1.3867188e+02
   2.7351730e+06   7.4035645e+01
   2.7354650e+06   5.0109863e+01
   2.7357800e+06   6.5673828e+01
   2.7360090e+06   7.6354980e+01
   2.7361720e+06   6.3537598e+01
   2.7365080e+06   4.2236328e+01
   2.7370130e+06   6.1462402e+01
   2.7373240e+06   7.1716309e+01
   2.7375700e+06   5.6823730e+01
   2.7378740e+06   5.3588867e+01
   2.7382650e+06   4.3884277e+01
   2.7385870e+06   6.4270020e+01
   2.7675860e+06   4.2846680e+01
   2.7676230e+06   1.0791016e+02
   2.7677700e+06   8.7646484e+01
   2.7681010e+06   4.6203613e+01
   2.7683080e+06   4.7851562e+01
   2.7685110e+06   8.0627441e+01
   2.7688490e+06   4.6386719e+01
   2.7692420e+06   8.1542969e+01
   2.7694580e+06   8.5144043e+01
   2.7697420e+06   4.1198730e+01
   2.7700610e+06   6.7382812e+01
   2.7703580e+06   6.3781738e+01
   2.7706700e+06   4.3457031e+01
   2.7710380e+06   4.1381836e+01
   2.8009820e+06   1.1822510e+02
   2.8011060e+06   6.4636230e+01
   2.8013540e+06   4.4616699e+01
   2.8015460e+06   7.4157715e+01
   2.8017830e+06   7.0922852e+01
   2.8019210e+06   6.6589355e+01
   2.8023250e+06   4.7729492e+01
   2.8025890e+06   4.1625977e+01
   2.8028920e+06   6.3659668e+01
   2.8032160e+06   6.6162109e+01
   2.8036020e+06   4.1931152e+01
   2.8039020e+06   6.0363770e+01
   2.8044150e+06   5.3466797e+01
   4.0122290e+06   4.2846680e+01
   4.0122530e+06   1.2756348e+02
   4.0123270e+06   9.9609375e+01
   4.0129030e+06   8.9355469e+01
   4.0130840e+06   8.5144043e+01
   4.0133610e+06   6.9519043e+01
   4.0135110e+06   5.7006836e+01
   4.0138100e+06   7.7575684e+01
   4.0140180e+06   4.5593262e+01
   4.0140280e+06   4.0588379e+01
   4.0141470e+06   4.5043945e+01
   4.0143320e+06   4.5227051e+01
   4.0146130e+06   4.1503906e+01
   4.0148440e+06   6.9213867e+01
   4.0150630e+06   5.5175781e+01
   4.0153120e+06   5.2612305e+01
   4.0155870e+06   4.1992188e+01
   4.0157600e+06   4.2419434e+01
   4.0160900e+06   4.0222168e+01
   4.0210240e+06   9.8632812e+01
   4.0211600e+06   4.2663574e+01
   4.0220020e+06   4.3579102e+01
   4.0225960e+06   7.3059082e+01
   4.0228900e+06   4.1748047e+01
   4.0230890e+06   5.7128906e+01
   4.0233100e+06   6.1584473e+01
   4.0234820e+06   4.5349121e+01
   4.0238730e+06   6.4636230e+01
   4.0242580e+06   4.9316406e+01
   4.0245120e+06   4.6813965e+01
   4.0248840e+06   6.3537598e+01
   4.0253410e+06   5.8715820e+01
   4.2011830e+06   4.1687012e+01
   4.2055360e+06   1.4050293e+02
   4.2055920e+06   4.6569824e+01
   4.2056170e+06   1.0351563e+02
   4.2059410e+06   8.9172363e+01
   4.2061940e+06   1.0180664e+02
   4.2064780e+06   1.0076904e+02
   4.2066730e+06   7.1472168e+01
   4.2068290e+06   5.7861328e+01
   4.2070230e+06   5.7250977e+01
   4.2072430e+06   6.1645508e+01
   4.2074570e+06   6.2988281e+01
   4.2076150e+06   4.3212891e+01
   4.2077640e+06   4.5104980e+01
   4.2079840e+06   6.1340332e+01
   4.2082400e+06   4.8889160e+01
   4.2092770e+06   4.8522949e+01
   4.2099040e+06   7.6965332e+01
   4.2749770e+06   1.3922119e+02
   4.2750760e+06   8.3679199e+01
   4.2751760e+06   6.0180664e+01
   4.2758090e+06   1.0284424e+02
   4.2759550e+06   7.6477051e+01
   4.2761410e+06   7.3364258e+01
   4.2765390e+06   6.2988281e+01
   4.2768840e+06   6.6833496e+01
   4.2771370e+06   6.0485840e+01
   4.2773950e+06   6.8969727e+01
   4.2776540e+06   5.7312012e+01
   4.3271890e+06   5.7312012e+01
   4.3273060e+06   4.3395996e+01
   4.3274400e+06   6.2866211e+01
   4.3276860e+06   6.9091797e+01
   4.3278460e+06   7.3913574e+01
   4.3280450e+06   7.0983887e+01
   4.3282630e+06   6.1828613e+01
   4.3284210e+06   6.7443848e+01
   4.3287290e+06   6.1218262e+01
   4.3289850e+06   7.8430176e+01
   4.3291690e+06   6.0607910e+01
   4.3294600e+06   4.2663574e+01
   4.3298430e+06   4.0710449e+01
   4.3300970e+06   4.9011230e+01
   4.3305020e+06   5.6396484e+01
   4.3308520e+06   5.8898926e+01
   4.3313250e+06   5.7006836e+01
   4.3838910e+06   7.9895020e+01
   4.3840230e+06   9.1979980e+01
   4.3844320e+06   4.5166016e+01
   4.3846230e+06   6.7504883e+01
   4.3847960e+06   8.1604004e+01
   4.3850140e+06   6.8115234e+01
   4.3852970e+06   4.2236328e+01
   4.3855490e+06   6.6406250e+01
   4.3858340e+06   4.3151855e+01
   4.3860630e+06   5.8288574e+01
   4.3862870e+06   3.9855957e+01
   4.3866650e+06   4.4799805e+01
   4.3870680e+06   6.3049316e+01
   4.3874340e+06   5.0598145e+01
   4.3877940e+06   5.6213379e+01
   4.4389600e+06   1.0748291e+02
   4.4390630e+06   5.2917480e+01
   4.4391950e+06   4.9438477e+01
   4.4393900e+06   7.6965332e+01
   4.4397610e+06   5.0842285e+01
   4.4399710e+06   7.9650879e+01
   4.4403950e+06   4.3090820e+01
   4.4406090e+06   6.0852051e+01
   4.4408740e+06   4.1687012e+01
   4.4410640e+06   4.7058105e+01
   4.4412670e+06   4.8645020e+01
   4.4414580e+06   4.6447754e+01
   4.4416900e+06   4.7363281e+01
   4.4418950e+06   4.0283203e+01
   4.4421250e+06   4.3151855e+01
   4.4423890e+06   4.6325684e+01
   4.4427160e+06   7.1655273e+01
   4.4713820e+06   4.6386719e+01
   4.4714660e+06   9.8999023e+01
   4.4715710e+06   8.7829590e+01
   4.4720210e+06   5.3344727e+01
   4.4722150e+06   4.0588379e+01
   4.4724200e+06   6.8237305e+01
   4.4726980e+06   7.0983887e+01
   4.4728730e+06   6.9580078e+01
   4.4731910e+06   6.9824219e+01
   4.4734770e+06   7.1838379e+01
   4.4737530e+06   4.5837402e+01
   4.4739970e+06   4.6813965e+01
   4.4744300e+06   4.1320801e+01
   4.4747400e+06   5.0415039e+01
   4.4751970e+06   7.0495605e+01
   4.5064660e+06   7.0983887e+01
   4.5067360e+06   4.0405273e+01
   4.5069510e+06   4.0283203e+01
   4.5071240e+06   6.3415527e+01
   4.5072750e+06   5.3405762e+01
   4.5074810e+06   5.9387207e+01
   4.5077660e+06   6.3720703e+01
   4.5081260e+06   7.4035645e+01
   4.5083800e+06   6.5856934e+01
   4.5086080e+06   5.3771973e+01
   4.5087960e+06   6.2011719e+01
   4.5090800e+06   5.2429199e+01
   4.5094100e+06   4.5410156e+01
   4.5097190e+06   4.8461914e+01
   4.5100460e+06   4.7180176e+01
   4.5106050e+06   4.2175293e+01
   4.5421730e+06   1.1224365e+02
   4.5423260e+06   6.7138672e+01
   4.5425200e+06   3.9794922e+01
   4.5426970e+06   6.8115234e+01
   4.5430730e+06   5.2917480e+01
   4.5433510e+06   7.8308105e+01
   4.5435590e+06   6.7687988e+01
   4.5437420e+06   6.1096191e+01
   4.5441650e+06   5.5053711e+01
   4.5444990e+06   7.0678711e+01
   4.5447360e+06   5.3283691e+01
   4.5449510e+06   4.9194336e+01
   4.5451930e+06   5.8471680e+01
   4.5455650e+06   6.2316895e+01
   5.2613220e+06   3.9733887e+01
   5.3202210e+06   5.8349609e+01
   5.3203550e+06   3.9978027e+01
   5.3207420e+06   4.1198730e+01
   5.3209430e+06   4.7973633e+01
   5.3212100e+06   3.9916992e+01
   5.3214110e+06   7.9895020e+01
   5.3216300e+06   7.7087402e+01
   5.3220250e+06   6.3598633e+01
   5.3222080e+06   4.0100098e+01
   5.3224280e+06   6.7382812e+01
   5.3226490e+06   5.7617188e+01
   5.3228390e+06   5.3955078e+01
   5.3230740e+06   6.2438965e+01
   5.3233350e+06   4.4006348e+01
   5.3237960e+06   4.4921875e+01
   5.3241950e+06   4.3457031e+01
   5.3243780e+06   4.4372559e+01
   5.3246730e+06   6.4453125e+01
   5.3302470e+06   3.9916992e+01
   5.3302710e+06   5.8654785e+01
   5.3308500e+06   4.9926758e+01
   5.3310680e+06   9.7412109e+01
   5.3313110e+06   8.1542969e+01
   5.3317970e+06   8.0322266e+01
   5.3319650e+06   4.9072266e+01
   5.3323430e+06   4.6936035e+01
   5.3325610e+06   6.5917969e+01
   5.3331480e+06   6.9702148e+01
   5.3337520e+06   4.6264648e+01
   5.3342020e+06   8.7524414e+01
   5.3916860e+06   1.1285400e+02
   5.3918170e+06   9.2529297e+01
   5.3920260e+06   4.9987793e+01
   5.3922190e+06   8.4106445e+01
   5.3924080e+06   8.0871582e+01
   5.3926370e+06   6.1218262e+01
   5.3929020e+06   5.2551270e+01
   5.3930700e+06   6.9213867e+01
   5.3933580e+06   6.4453125e+01
   5.3936040e+06   7.1960449e+01
   5.3940990e+06   6.5734863e+01
   5.3942920e+06   4.7790527e+01
   5.3945470e+06   6.5368652e+01
   5.3948720e+06   6.8115234e+01
   5.3950360e+06   4.4860840e+01
   5.3953710e+06   4.7119141e+01
   5.3957920e+06   7.0129395e+01
   5.4369710e+06   1.3305664e+02
   5.4370860e+06   8.7036133e+01
   5.4373380e+06   5.1879883e+01
   5.4375440e+06   4.8706055e+01
   5.4377440e+06   5.2795410e+01
   5.4380430e+06   7.0800781e+01
   5.4382060e+06   4.1015625e+01
   5.4384360e+06   6.7810059e+01
   5.4386710e+06   4.1687012e+01
   5.4388550e+06   6.1035156e+01
   5.4391050e+06   6.8298340e+01
   5.4393270e+06   4.8461914e+01
   5.4395900e+06   5.8105469e+01
   5.4400320e+06   6.1706543e+01
   5.4404030e+06   6.1584473e+01
   5.4406740e+06   5.9204102e+01
   5.4816330e+06   1.2817383e+02
   5.4816490e+06   4.8339844e+01
   5.4818090e+06   5.0354004e+01
   5.4820210e+06   7.8002930e+01
   5.4821670e+06   8.0383301e+01
   5.4823590e+06   5.7556152e+01
   5.4827990e+06   6.1767578e+01
   5.4831600e+06   7.7514648e+01
   5.4833650e+06   7.3425293e+01
   5.4835520e+06   5.0659180e+01
   5.4837620e+06   6.9030762e+01
   5.4839300e+06   4.7119141e+01
   5.4842260e+06   5.1452637e+01
   5.4845660e+06   6.6772461e+01
   5.4849640e+06   4.3762207e+01
   5.4853880e+06   4.0283203e+01
   5.5254520e+06   1.2615967e+02
   5.5255940e+06   8.0810547e+01
   5.5257340e+06   6.5673828e+01
   5.5259770e+06   8.1237793e+01
   5.5262090e+06   8.1359863e+01
   5.5264580e+06   6.4208984e+01
   5.5266470e+06   6.4147949e+01
   5.5268220e+06   4.8828125e+01
   5.5269980e+06   4.8217773e+01
   5.5274930e+06   4.3701172e+01
   5.5278970e+06   6.9641113e+01
   5.5281290e+06   6.0729980e+01
   5.5283890e+06   6.4819336e+01
   5.5286250e+06   6.1340332e+01
   5.5289560e+06   4.7424316e+01
   5.5291540e+06   4.0344238e+01
   5.5296030e+06   5.6884766e+01
   5.5545710e+06   6.8542480e+01
   5.5547120e+06   8.2946777e+01
   5.5550590e+06   8.7158203e+01
   5.5552150e+06   5.5786133e+01
   5.5554330e+06   6.4270020e+01
   5.5555950e+06   6.8359375e+01
   5.5558240e+06   7.4584961e+01
   5.5560500e+06   5.7189941e+01
   5.5563720e+06   5.7556152e+01
   5.5567340e+06   7.8552246e+01
   5.5569950e+06   5.1879883e+01
   5.5573000e+06   6.7016602e+01
   5.5575030e+06   4.8156738e+01
   5.5577720e+06   5.2734375e+01
   5.5580330e+06   4.1015625e+01
   5.5582860e+06   5.0476074e+01
   5.5586850e+06   6.0241699e+01
   5.5840720e+06   5.6213379e+01
   5.5842320e+06   4.8522949e+01
   5.5844730e+06   7.1289062e+01
   5.5847470e+06   4.5349121e+01
   5.5849120e+06   6.0058594e+01
   5.5850610e+06   5.1452637e+01
   5.5852740e+06   5.8776855e+01
   5.5855590e+06   6.6589355e+01
   5.5858600e+06   4.8034668e+01
   5.5860670e+06   6.8359375e+01
   5.5865330e+06   5.6274414e+01
   5.5867890e+06   5.2734375e+01
   5.5870650e+06   5.7067871e+01
   5.5873410e+06   6.6955566e+01
   5.5875720e+06   4.2358398e+01
   5.5881910e+06   6.0607910e+01
   5.6135920e+06   4.4128418e+01
   5.6137220e+06   4.9377441e+01
   5.6138880e+06   7.0922852e+01
   5.6141330e+06   6.7932129e+01
   5.6143840e+06   6.0363770e+01
   5.6147570e+06   6.5612793e+01
   5.6149480e+06   4.7302246e+01
   5.6151570e+06   5.3283691e+01
   5.6153480e+06   5.8288574e+01
   5.6156130e+06   4.4128418e+01
   5.6159230e+06   4.9011230e+01
   5.6164100e+06   4.4067383e+01
   5.6168620e+06   6.4514160e+01
   5.6172000e+06   4.5410156e+01
   5.6430520e+06   1.0870361e+02
   5.6432270e+06   4.7363281e+01
   5.6434040e+06   8.4716797e+01
   5.6435690e+06   6.9519043e+01
   5.6437540e+06   3.9978027e+01
   5.6439310e+06   6.5124512e+01
   5.6441020e+06   5.6518555e+01
   5.6444320e+06   4.9011230e+01
   5.6446960e+06   5.0903320e+01
   5.6450980e+06   6.4331055e+01
   5.6453500e+06   6.6772461e+01
   5.6456790e+06   5.2673340e+01
   5.6460820e+06   5.3649902e+01
   5.6465080e+06   5.1269531e+01
   5.6735610e+06   1.1218262e+02
   5.6736690e+06   7.3364258e+01
   5.6739560e+06   6.8908691e+01
   5.6741950e+06   7.6782227e+01
   5.6744330e+06   5.4504395e+01
   5.6746430e+06   6.3659668e+01
   5.6749210e+06   4.7180176e+01
   5.6751120e+06   4.1564941e+01
   5.6754420e+06   5.0903320e+01
   5.6756670e+06   7.4279785e+01
   5.6759430e+06   5.7250977e+01
   5.6762680e+06   5.5969238e+01
   5.6766180e+06   6.2500000e+01
   5.6768710e+06   5.9143066e+01
   5.6772010e+06   6.5856934e+01
   5.7048140e+06   5.3405762e+01
   5.7049890e+06   9.5764160e+01
   5.7053450e+06   8.2824707e+01
   5.7055140e+06   5.8593750e+01
   5.7058070e+06   4.9316406e+01
   5.7060410e+06   5.8227539e+01
   5.7061960e+06   5.3344727e+01
   5.7063940e+06   4.6325684e+01
   5.7065690e+06   4.0222168e+01
   5.7070130e+06   4.9499512e+01
   5.7073390e+06   6.3049316e+01
   5.7076040e+06   5.3894043e+01
   5.7079470e+06   3.9855957e+01
   5.7083370e+06   4.3395996e+01
   5.7364230e+06   1.1560059e+02
   5.7365670e+06   9.3994141e+01
   5.7368720e+06   6.6528320e+01
   5.7370530e+06   6.8481445e+01
   5.7372820e+06   5.4321289e+01
   5.7375270e+06   5.2490234e+01
   5.7377650e+06   5.9814453e+01
   5.7379720e+06   5.9814453e+01
   5.7382190e+06   4.8339844e+01
   5.7385750e+06   4.2419434e+01
   5.7389650e+06   5.3955078e+01
   5.7392490e+06   5.1696777e+01
   5.7397320e+06   4.2846680e+01
   5.7658900e+06   5.4199219e+01
   5.7661910e+06   4.4128418e+01
   5.7664420e+06   6.9335938e+01
   5.7666210e+06   6.1279297e+01
   5.7668040e+06   6.4758301e+01
   5.7670030e+06   4.3090820e+01
   5.7672520e+06   5.1696777e+01
   5.7675200e+06   4.9743652e+01
   5.7677270e+06   6.3842773e+01
   5.7679810e+06   5.2429199e+01
   5.7681510e+06   4.7241211e+01
   5.7684470e+06   7.3425293e+01
   5.7688360e+06   5.3894043e+01
   5.7691550e+06   5.3039551e+01
   5.7695380e+06   5.1025391e+01
   5.7973520e+06   1.0333252e+02
   5.7974800e+06   8.7097168e+01
   5.7978470e+06   6.9030762e+01
   5.7980140e+06   6.1035156e+01
   5.7982130e+06   6.5185547e+01
   5.7984120e+06   5.4260254e+01
   5.7986240e+06   6.6833496e+01
   5.7987870e+06   5.9997559e+01
   5.7990930e+06   4.7790527e+01
   5.7992980e+06   5.2856445e+01
   5.7995140e+06   4.7912598e+01
   5.7997930e+06   5.6274414e+01
   5.8001240e+06   5.9997559e+01
   5.8005660e+06   5.2062988e+01
   5.8295510e+06   1.1706543e+02
   5.8297360e+06   4.4128418e+01
   5.8299710e+06   5.3222656e+01
   5.8302400e+06   6.2622070e+01
   5.8304310e+06   4.9926758e+01
   5.8306260e+06   4.6325684e+01
   5.8308770e+06   5.6396484e+01
   5.8311510e+06   6.7321777e+01
   5.8314080e+06   7.5805664e+01
   5.8316690e+06   6.1096191e+01
   5.8321330e+06   4.4372559e+01
   5.8328500e+06   6.3842773e+01
   5.8613900e+06   6.7993164e+01
   5.8617350e+06   4.0588379e+01
   5.8619790e+06   5.9020996e+01
   5.8621650e+06   5.9814453e+01
   5.8623780e+06   4.3884277e+01
   5.8626770e+06   6.6284180e+01
   5.8629770e+06   5.8837891e+01
   5.8632020e+06   5.6396484e+01
   5.8633880e+06   4.6264648e+01
   5.8636590e+06   4.2724609e+01
   5.8638590e+06   5.2551270e+01
   5.8642160e+06   4.8645020e+01
   5.8646050e+06   5.9020996e+01
   5.8651860e+06   6.6040039e+01
   6.6015360e+06   4.4860840e+01
   6.6015600e+06   1.3549805e+02
   6.6016320e+06   5.0537109e+01
   6.6020870e+06   5.0781250e+01
   6.6025160e+06   8.3435059e+01
   6.6028030e+06   9.0270996e+01
   6.6031200e+06   8.7707520e+01
   6.6033540e+06   8.7951660e+01
   6.6035500e+06   4.2175293e+01
   6.6037490e+06   7.3303223e+01
   6.6039910e+06   7.1411133e+01
   6.6041270e+06   4.1992188e+01
   6.6046610e+06   4.5166016e+01
   6.6051770e+06   6.5490723e+01
   6.6054790e+06   5.9326172e+01
   6.6590100e+06   5.4687500e+01
   6.6591160e+06   4.6875000e+01
   6.6592840e+06   8.4411621e+01
   6.6594410e+06   7.5012207e+01
   6.6597790e+06   8.4594727e+01
   6.6600060e+06   7.3486328e+01
   6.6602440e+06   6.6589355e+01
   6.6604410e+06   6.0241699e+01
   6.6606990e+06   4.5654297e+01
   6.6608900e+06   5.4626465e+01
   6.6611970e+06   7.3974609e+01
   6.6614360e+06   6.9763184e+01
   6.6617090e+06   4.8095703e+01
   6.6622940e+06   6.2622070e+01
   6.6625400e+06   6.0852051e+01
   6.6629560e+06   6.1584473e+01
   6.6634550e+06   6.2866211e+01
   6.7048640e+06   1.2615967e+02
   6.7049610e+06   4.7302246e+01
   6.7051130e+06   8.3312988e+01
   6.7054370e+06   5.0903320e+01
   6.7057010e+06   7.7148438e+01
   6.7058930e+06   7.2448730e+01
   6.7060730e+06   7.1350098e+01
   6.7062630e+06   6.2927246e+01
   6.7068240e+06   7.6110840e+01
   6.7072450e+06   5.8471680e+01
   6.7074730e+06   4.8217773e+01
   6.7076420e+06   4.0466309e+01
   6.7078570e+06   5.6884766e+01
   6.7084810e+06   7.5378418e+01
   6.7089870e+06   6.8420410e+01
   6.7443510e+06   6.2377930e+01
   6.7444560e+06   8.8867188e+01
   6.7448810e+06   9.7717285e+01
   6.7450410e+06   6.2438965e+01
   6.7452580e+06   6.9030762e+01
   6.7454230e+06   7.0739746e+01
   6.7456470e+06   8.3496094e+01
   6.7459320e+06   6.2622070e+01
   6.7461070e+06   7.1044922e+01
   6.7463590e+06   6.7443848e+01
   6.7466850e+06   4.2541504e+01
   6.7469540e+06   6.2438965e+01
   6.7472180e+06   6.8481445e+01
   6.7475010e+06   6.3537598e+01
   6.7477790e+06   4.6386719e+01
   6.7482340e+06   5.5419922e+01
   6.7761480e+06   1.1334229e+02
   6.7763520e+06   4.6569824e+01
   6.7765730e+06   5.2368164e+01
   6.7768210e+06   5.8227539e+01
   6.7771390e+06   4.0161133e+01
   6.7773020e+06   5.7312012e+01
   6.7775130e+06   4.3090820e+01
   6.7777520e+06   6.5002441e+01
   6.7780030e+06   5.8776855e+01
   6.7784280e+06   6.4208984e+01
   6.7787000e+06   6.4025879e+01
   6.7789300e+06   4.6630859e+01
   6.7792830e+06   6.8664551e+01
   6.7796690e+06   6.5856934e+01
   6.7802310e+06   4.2663574e+01
   6.8059390e+06   4.7241211e+01
   6.8060850e+06   9.0454102e+01
   6.8062690e+06   4.8522949e+01
   6.8064780e+06   8.3618164e+01
   6.8067380e+06   7.5195313e+01
   6.8069270e+06   6.5490723e+01
   6.8071760e+06   7.5805664e+01
   6.8073900e+06   5.6274414e+01
   6.8076060e+06   6.6711426e+01
   6.8078660e+06   7.3181152e+01
   6.8081020e+06   5.8288574e+01
   6.8083310e+06   5.5603027e+01
   6.8085920e+06   5.4199219e+01
   6.8089300e+06   5.4504395e+01
   6.8092400e+06   5.9753418e+01
   6.8096010e+06   6.2255859e+01
   6.8098880e+06   4.3151855e+01
   6.8356340e+06   4.0649414e+01
   6.8356570e+06   1.1553955e+02
   6.8358630e+06   6.7504883e+01
   6.8360100e+06   4.6691895e+01
   6.8361530e+06   7.6171875e+01
   6.8365690e+06   5.8593750e+01
   6.8368320e+06   7.6049805e+01
   6.8370190e+06   6.4025879e+01
   6.8372440e+06   4.5898438e+01
   6.8374080e+06   5.0598145e+01
   6.8376370e+06   5.6457520e+01
   6.8379490e+06   4.8217773e+01
   6.8382560e+06   6.1706543e+01
   6.8386170e+06   5.4443359e+01
   6.8389530e+06   5.3710938e+01
   6.8393510e+06   5.3039551e+01
   6.8641200e+06   4.2846680e+01
   6.8642350e+06   7.7148438e+01
   6.8642830e+06   4.0100098e+01
   6.8644080e+06   8.8867188e+01
   6.8645990e+06   6.8969727e+01
   6.8648230e+06   4.3518066e+01
   6.8650280e+06   5.9326172e+01
   6.8652180e+06   3.9978027e+01
   6.8655230e+06   4.5837402e+01
   6.8657190e+06   5.5175781e+01
   6.8659870e+06   5.3771973e+01
   6.8661810e+06   4.1870117e+01
   6.8663760e+06   4.9377441e+01
   6.8665550e+06   5.3222656e+01
   6.8667990e+06   6.5368652e+01
   6.8671310e+06   5.7678223e+01
   6.8678290e+06   5.8105469e+01
   6.8683590e+06   6.9702148e+01
   6.8932890e+06   1.0424805e+02
   6.8933800e+06   5.0964355e+01
   6.8935700e+06   4.1442871e+01
   6.8935830e+06   6.3293457e+01
   6.8937830e+06   4.0100098e+01
   6.8939640e+06   6.4025879e+01
   6.8941830e+06   6.7138672e+01
   6.8944040e+06   4.5654297e+01
   6.8946570e+06   5.7373047e+01
   6.8949370e+06   4.9072266e+01
   6.8951960e+06   5.5725098e+01
   6.8954270e+06   4.0893555e+01
   6.8958600e+06   4.6569824e+01
   6.8965500e+06   5.3649902e+01
   6.8973740e+06   5.1208496e+01
   6.9229120e+06   4.0710449e+01
   6.9229360e+06   1.1511230e+02
   6.9230330e+06   4.0161133e+01
   6.9231580e+06   6.8115234e+01
   6.9233380e+06   7.4157715e+01
   6.9235450e+06   6.0729980e+01
   6.9237460e+06   5.1757813e+01
   6.9240270e+06   4.8583984e+01
   6.9242240e+06   5.0781250e+01
   6.9245100e+06   5.0170898e+01
   6.9247160e+06   6.7565918e+01
   6.9250050e+06   6.1340332e+01
   6.9252860e+06   7.3303223e+01
   6.9255340e+06   4.5959473e+01
   6.9258510e+06   7.3364258e+01
   6.9261850e+06   4.8034668e+01
   6.9264830e+06   4.7119141e+01
   6.9514900e+06   9.4238281e+01
   6.9516260e+06   4.5104980e+01
   6.9518330e+06   4.7912598e+01
   6.9520760e+06   7.7880859e+01
   6.9523290e+06   7.5988770e+01
   6.9525490e+06   5.4443359e+01
   6.9528660e+06   5.9814453e+01
   6.9531480e+06   4.2663574e+01
   6.9533950e+06   6.3232422e+01
   6.9536830e+06   5.5358887e+01
   6.9539920e+06   5.2429199e+01
   6.9542880e+06   4.6386719e+01
   6.9546260e+06   4.5654297e+01
   6.9550270e+06   5.9204102e+01
   6.9800960e+06   1.0552979e+02
   6.9806180e+06   6.6528320e+01
   6.9807680e+06   6.5795898e+01
   6.9810340e+06   6.6894531e+01
   6.9812750e+06   5.0598145e+01
   6.9815250e+06   6.4636230e+01
   6.9820250e+06   6.3842773e+01
   6.9822960e+06   6.0546875e+01
   6.9825240e+06   5.3100586e+01
   6.9827670e+06   5.9570313e+01
   6.9831250e+06   5.9387207e+01
   6.9834490e+06   4.9133301e+01
   6.9842340e+06   6.2377930e+01
   7.0094140e+06   1.1743164e+02
   7.0095820e+06   7.6965332e+01
   7.0099370e+06   4.0649414e+01
   7.0100860e+06   4.2846680e+01
   7.0102620e+06   5.5419922e+01
   7.0105240e+06   5.0415039e+01
   7.0107480e+06   5.7495117e+01
   7.0109660e+06   5.6640625e+01
   7.0115180e+06   6.4514160e+01
   7.0117720e+06   6.3415527e+01
   7.0119930e+06   5.2917480e+01
   7.0125620e+06   5.3710938e+01
   7.0130170e+06   4.9438477e+01
   7.0385990e+06   5.5480957e+01
   7.0389010e+06   4.0466309e+01
   7.0392140e+06   4.4067383e+01
   7.0393620e+06   6.2072754e+01
   7.0395290e+06   5.5786133e+01
   7.0397310e+06   5.2917480e+01
   7.0400540e+06   5.9936523e+01
   7.0403170e+06   6.2194824e+01
   7.0405520e+06   7.0312500e+01
   7.0409650e+06   6.7077637e+01
   7.0414940e+06   4.9621582e+01
   7.0418630e+06   5.6579590e+01
   7.0695120e+06   1.1529541e+02
   7.0696240e+06   7.1533203e+01
   7.0699690e+06   7.3181152e+01
   7.0701400e+06   5.8532715e+01
   7.0704040e+06   6.2011719e+01
   7.0708880e+06   5.5419922e+01
   7.0711420e+06   5.2490234e+01
   7.0714330e+06   5.0964355e+01
   7.0716850e+06   5.2917480e+01
   7.0721310e+06   4.5532227e+01
   7.0724610e+06   6.5124512e+01
   7.0728960e+06   6.3964844e+01
   7.0992360e+06   4.9804688e+01
   7.0994430e+06   4.7058105e+01
   7.0994530e+06   4.4006348e+01
   7.0997620e+06   7.5805664e+01
   7.0999390e+06   4.0649414e+01
   7.1001460e+06   6.7077637e+01
   7.1003520e+06   6.0424805e+01
   7.1005290e+06   5.3588867e+01
   7.1007090e+06   4.8950195e+01
   7.1012140e+06   5.9143066e+01
   7.1024060e+06   6.1035156e+01
   7.1027560e+06   4.3212891e+01
   7.1288040e+06   6.0363770e+01
   7.1289180e+06   7.5378418e+01
   7.1291600e+06   6.9702148e+01
   7.1293480e+06   4.2602539e+01
   7.1295080e+06   5.9631348e+01
   7.1297130e+06   6.3903809e+01
   7.1299370e+06   5.6701660e+01
   7.1301890e+06   4.7973633e+01
   7.1304100e+06   6.0485840e+01
   7.1306040e+06   4.5532227e+01
   7.1308340e+06   5.0170898e+01
   7.1310830e+06   6.0058594e+01
   7.1313700e+06   6.2866211e+01
   7.1317060e+06   6.5246582e+01
   7.1320620e+06   5.0537109e+01
   7.1664160e+06   4.7546387e+01
   7.1666340e+06   4.1748047e+01
   7.1668320e+06   7.6538086e+01
   7.1670530e+06   5.3894043e+01
   7.1672750e+06   5.0720215e+01
   7.1674690e+06   7.0434570e+01
   7.1677600e+06   5.4870605e+01
   7.1680270e+06   6.0424805e+01
   7.1683070e+06   5.1025391e+01
   7.1686400e+06   6.2316895e+01
   7.1689010e+06   6.0363770e+01
   7.1693080e+06   5.5908203e+01
   7.1701400e+06   6.8054199e+01
   8.1511900e+06   4.5288086e+01
   8.1512430e+06   6.2194824e+01
   8.1513410e+06   6.7443848e+01
   8.1514910e+06   5.0842285e+01
   8.1517390e+06   1.0156250e+02
   8.1519740e+06   5.9509277e+01
   8.1523730e+06   9.1735840e+01
   8.1525730e+06   8.3190918e+01
   8.1529050e+06   6.5246582e+01
   8.1530600e+06   6.9030762e+01
   8.1532590e+06   4.8095703e+01
   8.1534660e+06   4.1809082e+01
   8.1539090e+06   5.4199219e+01
   8.1541220e+06   4.2297363e+01
   8.1548770e+06   6.9519043e+01
   8.1552690e+06   7.3791504e+01
   8.1598400e+06   4.3273926e+01
   8.1600110e+06   8.8073730e+01
   8.1613290e+06   8.3129883e+01
   8.1616940e+06   4.7058105e+01
   8.1618970e+06   5.9936523e+01
   8.1621590e+06   4.4738770e+01
   8.1624760e+06   7.2570801e+01
   8.1628620e+06   6.6162109e+01
   8.1631490e+06   4.0466309e+01
   8.1633670e+06   4.5593262e+01
   8.1638330e+06   5.9997559e+01
   8.2052060e+06   7.8552246e+01
   8.2053260e+06   1.0809326e+02
   8.2055060e+06   4.4006348e+01
   8.2057020e+06   4.0405273e+01
   8.2060240e+06   6.0913086e+01
   8.2062230e+06   6.5795898e+01
   8.2063870e+06   5.6640625e+01
   8.2066800e+06   8.2885742e+01
   8.2068760e+06   8.3129883e+01
   8.2071520e+06   7.0556641e+01
   8.2074420e+06   6.0729980e+01
   8.2077610e+06   6.7810059e+01
   8.2080760e+06   4.8522949e+01
   8.2085640e+06   7.0007324e+01
   8.2544200e+06   5.8105469e+01
   8.2546030e+06   4.3579102e+01
   8.2548070e+06   4.1381836e+01
   8.2549970e+06   6.4880371e+01
   8.2551640e+06   7.5134277e+01
   8.2553650e+06   8.0444336e+01
   8.2559490e+06   7.4157715e+01
   8.2563010e+06   5.3771973e+01
   8.2564900e+06   6.6101074e+01
   8.2566270e+06   5.9387207e+01
   8.2568430e+06   5.3771973e+01
   8.2570850e+06   5.1513672e+01
   8.2574970e+06   5.9387207e+01
   8.2580620e+06   7.6293945e+01
   8.3046290e+06   1.3385010e+02
   8.3047450e+06   4.5959473e+01
   8.3050820e+06   7.5561523e+01
   8.3052360e+06   3.9916992e+01
   8.3053830e+06   7.5866699e+01
   8.3055460e+06   4.0466309e+01
   8.3058740e+06   7.8491211e+01
   8.3062100e+06   4.2297363e+01
   8.3064330e+06   7.8857422e+01
   8.3066960e+06   7.8247070e+01
   8.3069930e+06   4.9316406e+01
   8.3071930e+06   5.2368164e+01
   8.3074020e+06   5.1818848e+01
   8.3075920e+06   4.4616699e+01
   8.3083140e+06   4.4189453e+01
   8.3317530e+06   6.1706543e+01
   8.3319290e+06   4.2724609e+01
   8.3320910e+06   6.5368652e+01
   8.3322540e+06   6.6589355e+01
   8.3324340e+06   7.3730469e+01
   8.3326250e+06   7.2143555e+01
   8.3329470e+06   4.3457031e+01
   8.3331640e+06   6.8969727e+01
   8.3333910e+06   4.8034668e+01
   8.3337290e+06   7.9833984e+01
   8.3339860e+06   7.0800781e+01
   8.3342290e+06   5.9509277e+01
   8.3345180e+06   5.2978516e+01
   8.3347870e+06   6.0424805e+01
   8.3352540e+06   7.1044922e+01
   8.3356650e+06   6.4941406e+01
   8.3597900e+06   7.2631836e+01
   8.3602410e+06   4.3823242e+01
   8.3604200e+06   7.3425293e+01
   8.3606220e+06   6.2744141e+01
   8.3610710e+06   7.1960449e+01
   8.3612610e+06   6.2561035e+01
   8.3615000e+06   4.6386719e+01
   8.3616970e+06   5.1818848e+01
   8.3619270e+06   5.8715820e+01
   8.3621480e+06   5.3466797e+01
   8.3624030e+06   5.8349609e+01
   8.3628900e+06   5.2185059e+01
   8.3632440e+06   6.7260742e+01
   8.3637340e+06   7.3364258e+01
   8.3924080e+06   4.0100098e+01
   8.3924830e+06   1.2127686e+02
   8.3928980e+06   4.2297363e+01
   8.3929110e+06   7.1533203e+01
   8.3930820e+06   6.3781738e+01
   8.3932470e+06   5.6884766e+01
   8.3934010e+06   5.1147461e+01
   8.3937140e+06   6.3415527e+01
   8.3939170e+06   5.8837891e+01
   8.3940830e+06   5.5541992e+01
   8.3943170e+06   5.8349609e+01
   8.3947570e+06   5.1574707e+01
   8.3949990e+06   5.5603027e+01
   8.3952320e+06   5.7861328e+01
   8.3955070e+06   6.5979004e+01
   8.3958660e+06   6.8969727e+01
   8.3963660e+06   6.6467285e+01
   8.4218450e+06   4.1381836e+01
   8.4218940e+06   1.1944580e+02
   8.4221810e+06   4.0527344e+01
   8.4223470e+06   6.9152832e+01
   8.4226300e+06   6.7749023e+01
   8.4228340e+06   5.0720215e+01
   8.4230870e+06   7.0068359e+01
   8.4233090e+06   6.6772461e+01
   8.4234810e+06   4.2846680e+01
   8.4238150e+06   5.0354004e+01
   8.4243800e+06   4.6752930e+01
   8.4247030e+06   6.1035156e+01
   8.4249660e+06   5.8227539e+01
   8.4253040e+06   5.3405762e+01
   8.4499280e+06   1.0681152e+02
   8.4502930e+06   4.0588379e+01
   8.4505310e+06   8.0688477e+01
   8.4507040e+06   5.5297852e+01
   8.4508890e+06   6.1767578e+01
   8.4511730e+06   6.1523438e+01
   8.4515260e+06   5.0231934e+01
   8.4517530e+06   5.3527832e+01
   8.4522190e+06   7.0068359e+01
   8.4526160e+06   4.8034668e+01
   8.4528640e+06   6.1279297e+01
   8.4534390e+06   6.6101074e+01
   8.4538910e+06   7.7087402e+01
   8.4724050e+06   9.8937988e+01
   8.4727990e+06   6.3049316e+01
   8.4729660e+06   7.1166992e+01
   8.4731120e+06   7.6660156e+01
   8.4732900e+06   5.9265137e+01
   8.4735120e+06   7.3364258e+01
   8.4736800e+06   5.4443359e+01
   8.4738590e+06   4.9926758e+01
   8.4744950e+06   4.8950195e+01
   8.4747830e+06   4.9255371e+01
   8.4750110e+06   5.6396484e+01
   8.4754200e+06   6.0852051e+01
   8.4757840e+06   5.7678223e+01
   8.5005630e+06   1.1956787e+02
   8.5007510e+06   4.9377441e+01
   8.5009140e+06   6.4025879e+01
   8.5011530e+06   6.9885254e+01
   8.5014170e+06   4.1381836e+01
   8.5015860e+06   5.3344727e+01
   8.5018150e+06   4.5654297e+01
   8.5020340e+06   6.0852051e+01
   8.5022840e+06   5.4748535e+01
   8.5025290e+06   5.4931641e+01
   8.5028850e+06   4.1076660e+01
   8.5031760e+06   5.5847168e+01
   8.5034600e+06   5.6701660e+01
   8.5039620e+06   5.5175781e+01
   8.5196560e+06   4.1076660e+01
   8.5293090e+06   1.1907959e+02
   8.5294600e+06   8.3068848e+01
   8.5296850e+06   5.5725098e+01
   8.5298560e+06   4.0039062e+01
   8.5298780e+06   4.7790527e+01
   8.5300400e+06   6.0241699e+01
   8.5306550e+06   4.3457031e+01
   8.5308620e+06   4.8217773e+01
   8.5310850e+06   5.6701660e+01
   8.5313550e+06   5.5847168e+01
   8.5319200e+06   5.9204102e+01
   8.5323490e+06   4.5349121e+01
   8.5327670e+06   5.5114746e+01
   8.5579140e+06   5.2001953e+01
   8.5581500e+06   7.6293945e+01
   8.5582850e+06   5.4626465e+01
   8.5584290e+06   4.8645020e+01
   8.5586020e+06   4.9499512e+01
   8.5588250e+06   4.4921875e+01
   8.5596740e+06   4.8645020e+01
   8.5598890e+06   4.8950195e+01
   8.5601210e+06   6.0485840e+01
   8.5603610e+06   6.0119629e+01
   8.5606650e+06   7.1411133e+01
   8.5610300e+06   5.6701660e+01
   8.5616570e+06   5.8288574e+01
   8.5880320e+06   1.2219238e+02
   8.5881850e+06   7.6354980e+01
   8.5884850e+06   7.9589844e+01
   8.5886670e+06   4.9682617e+01
   8.5888470e+06   6.3354492e+01
   8.5890100e+06   5.3344727e+01
   8.5896070e+06   5.9631348e+01
   8.5899030e+06   7.1044922e+01
   8.5902070e+06   6.6223145e+01
   8.5904410e+06   5.7922363e+01
   8.5907810e+06   5.9753418e+01
   8.5911690e+06   4.5837402e+01
   8.6214790e+06   5.2307129e+01
   8.6218310e+06   7.7270508e+01
   8.6221310e+06   6.6040039e+01
   8.6224190e+06   4.8889160e+01
   8.6226710e+06   5.3405762e+01
   8.6228690e+06   5.7128906e+01
   8.6230190e+06   5.2124023e+01
   8.6233110e+06   5.2734375e+01
   8.6235570e+06   5.2551270e+01
   8.6238220e+06   5.0415039e+01
   8.6240850e+06   5.1574707e+01
   8.6243540e+06   5.0720215e+01
   8.6248070e+06   5.9570312e+01
   8.6576420e+06   6.4147949e+01
   8.6578080e+06   9.4482422e+01
   8.6579830e+06   8.3190918e+01
   8.6581500e+06   8.0200195e+01
   8.6583670e+06   8.5144043e+01
   8.6585270e+06   4.5654297e+01
   8.6587120e+06   4.7973633e+01
   8.6589530e+06   6.9885254e+01
   8.6591610e+06   5.8898926e+01
   8.6593590e+06   5.9082031e+01
   8.6598260e+06   4.6936035e+01
   8.6601160e+06   5.1574707e+01
   8.6604660e+06   5.8776855e+01
   8.6608180e+06   5.6884766e+01
   8.6612680e+06   6.2133789e+01
   9.4900250e+06   5.9753418e+01
   9.4901460e+06   9.2224121e+01
   9.4906930e+06   1.0333252e+02
   9.4908530e+06   4.2114258e+01
   9.4912360e+06   5.3405762e+01
   9.4914650e+06   4.2114258e+01
   9.4916430e+06   6.4819336e+01
   9.4919730e+06   7.0861816e+01
   9.4923570e+06   4.4494629e+01
   9.4926050e+06   7.6232910e+01
   9.4927860e+06   6.3171387e+01
   9.4930890e+06   7.6110840e+01
   9.4933480e+06   5.9936523e+01
   9.4936600e+06   5.6640625e+01
   9.5017790e+06   4.0832520e+01
   9.5019150e+06   1.2493896e+02
   9.5020840e+06   5.5603027e+01
   9.5023860e+06   4.8767090e+01
   9.5025340e+06   6.5856934e+01
   9.5027030e+06   4.3090820e+01
   9.5028580e+06   4.9072266e+01
   9.5033500e+06   8.5937500e+01
   9.5038670e+06   5.2429199e+01
   9.5041560e+06   4.4494629e+01
   9.5044890e+06   7.3852539e+01
   9.5047720e+06   4.9011230e+01
   9.5054670e+06   8.2763672e+01
   9.5494500e+06   3.9978027e+01
   9.5520350e+06   6.3781738e+01
   9.5523460e+06   5.8349609e+01
   9.5525290e+06   8.7951660e+01
   9.5527130e+06   5.5419922e+01
   9.5530000e+06   7.7209473e+01
   9.5532110e+06   7.3791504e+01
   9.5535210e+06   4.5288086e+01
   9.5537730e+06   7.9406738e+01
   9.5540260e+06   6.5246582e+01
   9.5542810e+06   5.4748535e+01
   9.5545340e+06   7.6354980e+01
   9.5548150e+06   5.6213379e+01
   9.5551200e+06   4.9743652e+01
   9.5556010e+06   7.0800781e+01
   9.5980280e+06   4.2053223e+01
   9.5983150e+06   5.4809570e+01
   9.5984550e+06   4.7912598e+01
   9.5986570e+06   8.7768555e+01
   9.5988260e+06   4.4921875e+01
   9.5990240e+06   7.5683594e+01
   9.5992200e+06   6.7565918e+01
   9.5994420e+06   6.4819336e+01
   9.5999340e+06   7.3974609e+01
   9.6001440e+06   6.8298340e+01
   9.6003900e+06   6.4514160e+01
   9.6005820e+06   6.1218262e+01
   9.6007840e+06   4.3945312e+01
   9.6011220e+06   5.2551270e+01
   9.6014840e+06   5.7434082e+01
   9.6285740e+06   5.7861328e+01
   9.6286990e+06   1.0833740e+02
   9.6291980e+06   9.1064453e+01
   9.6295480e+06   7.3791504e+01
   9.6297440e+06   6.9641113e+01
   9.6301430e+06   7.3486328e+01
   9.6304750e+06   3.9550781e+01
   9.6307340e+06   7.7758789e+01
   9.6311220e+06   6.8542480e+01
   9.6313340e+06   4.9682617e+01
   9.6315130e+06   4.1381836e+01
   9.6318340e+06   6.7016602e+01
   9.6320670e+06   6.1706543e+01
   9.6325070e+06   5.9265137e+01
   9.6564380e+06   5.2673340e+01
   9.6566450e+06   4.7241211e+01
   9.6567960e+06   4.0527344e+01
   9.6569890e+06   6.5124512e+01
   9.6571730e+06   6.1462402e+01
   9.6574040e+06   4.8034668e+01
   9.6576550e+06   4.9865723e+01
   9.6578330e+06   6.5734863e+01
   9.6581370e+06   5.8593750e+01
   9.6583530e+06   4.7302246e+01
   9.6585720e+06   6.8664551e+01
   9.6588150e+06   5.6335449e+01
   9.6590310e+06   6.9519043e+01
   9.6593530e+06   6.0607910e+01
   9.6596430e+06   5.3466797e+01
   9.6600360e+06   4.4921875e+01
   9.6876540e+06   3.9916992e+01
   9.6878840e+06   5.0781250e+01
   9.6880740e+06   7.7026367e+01
   9.6882390e+06   5.2978516e+01
   9.6886390e+06   4.2114258e+01
   9.6889450e+06   6.8908691e+01
   9.6891660e+06   6.7382812e+01
   9.6894170e+06   6.7077637e+01
   9.6896510e+06   5.0476074e+01
   9.6898770e+06   6.0241699e+01
   9.6900450e+06   4.9255371e+01
   9.6902750e+06   5.2490234e+01
   9.6905770e+06   5.5847168e+01
   9.6909600e+06   6.2500000e+01
   9.6918400e+06   4.9377441e+01
   9.7145740e+06   1.2896729e+02
   9.7146940e+06   9.5458984e+01
   9.7148690e+06   8.3618164e+01
   9.7151750e+06   4.2236328e+01
   9.7154930e+06   6.4086914e+01
   9.7156780e+06   5.2490234e+01
   9.7160090e+06   7.2326660e+01
   9.7163600e+06   5.0842285e+01
   9.7165590e+06   3.9733887e+01
   9.7167680e+06   5.6579590e+01
   9.7170900e+06   4.1381836e+01
   9.7173630e+06   6.6589355e+01
   9.7175620e+06   4.0283203e+01
   9.7179080e+06   5.2795410e+01
   9.7186810e+06   4.1625977e+01
   9.7427690e+06   5.5053711e+01
   9.7431430e+06   8.8195801e+01
   9.7434590e+06   6.3842773e+01
   9.7436320e+06   6.8176270e+01
   9.7439040e+06   4.4677734e+01
   9.7442080e+06   5.5480957e+01
   9.7442180e+06   4.0405273e+01
   9.7445890e+06   3.9855957e+01
   9.7448290e+06   5.3833008e+01
   9.7451150e+06   5.8654785e+01
   9.7453460e+06   4.0039062e+01
   9.7460220e+06   5.0292969e+01
   9.7466230e+06   4.7058105e+01
   9.7717090e+06   4.4006348e+01
   9.7722400e+06   5.0964355e+01
   9.7724730e+06   5.4199219e+01
   9.7726440e+06   5.8166504e+01
   9.7728320e+06   5.6640625e+01
   9.7730530e+06   4.1137695e+01
   9.7735050e+06   5.9753418e+01
   9.7737120e+06   4.7851562e+01
   9.7739630e+06   4.6997070e+01
   9.7742610e+06   6.4514160e+01
   9.7750900e+06   6.5551758e+01
   9.7757880e+06   5.5175781e+01
   9.7933120e+06   8.9416504e+01
   9.7934710e+06   4.3762207e+01
   9.7936600e+06   7.3059082e+01
   9.7938660e+06   8.0566406e+01
   9.7940610e+06   7.2509766e+01
   9.7942620e+06   6.0241699e+01
   9.7945020e+06   6.3598633e+01
   9.7952350e+06   6.4025879e+01
   9.7955350e+06   6.0180664e+01
   9.7960750e+06   5.1086426e+01
   9.7963620e+06   5.5908203e+01
   9.7968950e+06   5.2795410e+01
   9.7973130e+06   5.0415039e+01
   9.8152870e+06   6.1584473e+01
   9.8154680e+06   4.0649414e+01
   9.8155000e+06   9.4787598e+01
   9.8160420e+06   6.7443848e+01
   9.8162110e+06   4.7790527e+01
   9.8163880e+06   5.4870605e+01
   9.8166110e+06   5.4748535e+01
   9.8168290e+06   6.5368652e+01
   9.8171890e+06   5.0415039e+01
   9.8174150e+06   5.5603027e+01
   9.8176920e+06   4.4433594e+01
   9.8179440e+06   6.3415527e+01
   9.8183220e+06   4.8767090e+01
   9.8186790e+06   6.3110352e+01
   9.8194460e+06   5.8349609e+01
   9.8451090e+06   6.1950684e+01
   9.8453890e+06   4.8706055e+01
   9.8456610e+06   4.3945312e+01
   9.8456720e+06   4.3640137e+01
   9.8458470e+06   7.1472168e+01
   9.8460200e+06   5.6396484e+01
   9.8462010e+06   6.0546875e+01
   9.8466740e+06   5.1696777e+01
   9.8468770e+06   4.8156738e+01
   9.8470830e+06   6.0424805e+01
   9.8473630e+06   5.3344727e+01
   9.8476250e+06   6.4636230e+01
   9.8479420e+06   6.0180664e+01
   9.8482490e+06   7.0434570e+01
   9.8486070e+06   5.8776855e+01
   9.8731920e+06   5.9387207e+01
   9.8733830e+06   8.3251953e+01
   9.8735800e+06   3.9550781e+01
   9.8737510e+06   6.5063477e+01
   9.8739480e+06   4.6875000e+01
   9.8741800e+06   5.7312012e+01
   9.8743800e+06   5.0598145e+01
   9.8745850e+06   4.5471191e+01
   9.8748080e+06   6.5795898e+01
   9.8750280e+06   6.4819336e+01
   9.8753680e+06   5.3039551e+01
   9.8756350e+06   5.4626465e+01
   9.8759460e+06   5.9570312e+01
   9.8762770e+06   4.7912598e+01
   9.8766840e+06   6.3903809e+01
   9.9014120e+06   1.0742188e+02
   9.9019660e+06   6.1279297e+01
   9.9021170e+06   4.4738770e+01
   9.9023640e+06   5.3527832e+01
   9.9025310e+06   5.8044434e+01
   9.9027020e+06   5.8288574e+01
   9.9030110e+06   5.2124023e+01
   9.9032310e+06   4.9743652e+01
   9.9035610e+06   5.6701660e+01
   9.9038520e+06   5.8227539e+01
   9.9041850e+06   5.6457520e+01
   9.9046230e+06   5.2001953e+01
   9.9050420e+06   5.4443359e+01
   9.9313530e+06   4.8034668e+01
   9.9313940e+06   6.7321777e+01
   9.9318100e+06   5.2368164e+01
   9.9319600e+06   5.2490234e+01
   9.9321120e+06   4.5410156e+01
   9.9323080e+06   5.5358887e+01
   9.9325650e+06   5.2673340e+01
   9.9327480e+06   5.4626465e+01
   9.9329360e+06   5.4199219e+01
   9.9331250e+06   5.0720215e+01
   9.9333530e+06   6.3720703e+01
   9.9336560e+06   5.9814453e+01
   9.9341360e+06   4.3151855e+01
   9.9346350e+06   5.3955078e+01
   9.9600780e+06   1.0284424e+02
   9.9603010e+06   7.1777344e+01
   9.9605250e+06   7.6049805e+01
   9.9607140e+06   5.9997559e+01
   9.9608840e+06   4.1442871e+01
   9.9610580e+06   4.5837402e+01
   9.9612020e+06   4.0161133e+01
   9.9613920e+06   5.2062988e+01
   9.9615940e+06   6.4758301e+01
   9.9618070e+06   4.9072266e+01
   9.9621800e+06   5.5053711e+01
   9.9624810e+06   5.7678223e+01
   9.9628220e+06   4.0649414e+01
   9.9631580e+06   4.6813965e+01
   9.9634820e+06   5.4992676e+01
   9.9889790e+06   5.0842285e+01
   9.9891660e+06   8.1542969e+01
   9.9893910e+06   6.5979004e+01
   9.9896230e+06   6.5979004e+01
   9.9898070e+06   4.5349121e+01
   9.9900080e+06   6.1767578e+01
   9.9904890e+06   6.7382812e+01
   9.9907320e+06   5.7006836e+01
   9.9909980e+06   4.7851562e+01
   9.9915150e+06   5.7189941e+01
   9.9919030e+06   6.0363770e+01
   9.9923220e+06   4.2968750e+01
   9.9928000e+06   5.3222656e+01
   1.0020368e+07   1.2304688e+02
   1.0020578e+07   8.8684082e+01
   1.0020770e+07   7.4401855e+01
   1.0020985e+07   5.5969238e+01
   1.0021452e+07   6.9396973e+01
   1.0021640e+07   5.8898926e+01
   1.0021848e+07   5.5114746e+01
   1.0022043e+07   6.0180664e+01
   1.0022303e+07   5.4504395e+01
   1.0022538e+07   5.0903320e+01
   1.0022742e+07   3.9733887e+01
   1.0022992e+07   5.0292969e+01
   1.0023351e+07   4.9987793e+01
   1.0023858e+07   4.8461914e+01
   1.0068098e+07   6.6101074e+01
   1.0068266e+07   7.2448730e+01
   1.0068475e+07   5.6762695e+01
   1.0068624e+07   6.5429688e+01
   1.0068806e+07   7.2631836e+01
   1.0069072e+07   6.2194824e+01
   1.0069448e+07   6.8603516e+01
   1.0069706e+07   5.6701660e+01
   1.0070058e+07   4.2236328e+01
   1.0070362e+07   6.3903809e+01
   1.0070693e+07   8.2153320e+01
   1.0071050e+07   4.1870117e+01
   1.0071375e+07   5.6091309e+01
   1.0611035e+07   4.0161133e+01
   1.1188433e+07   5.2429199e+01
   1.1188569e+07   8.5388184e+01
   1.1189071e+07   8.6120605e+01
   1.1189394e+07   4.7180176e+01
   1.1190231e+07   9.8266602e+01
   1.1190449e+07   7.8491211e+01
   1.1190667e+07   6.5246582e+01
   1.1190831e+07   5.5236816e+01
   1.1191093e+07   5.0537109e+01
   1.1191342e+07   7.4401855e+01
   1.1191529e+07   4.4921875e+01
   1.1191833e+07   3.9672852e+01
   1.1192335e+07   7.0922852e+01
   1.1196915e+07   1.0815430e+02
   1.1197613e+07   5.7556152e+01
   1.1198250e+07   4.0405273e+01
   1.1198484e+07   4.6325684e+01
   1.1198693e+07   4.2114258e+01
   1.1198917e+07   4.4250488e+01
   1.1199104e+07   5.0720215e+01
   1.1199300e+07   4.3701172e+01
   1.1199913e+07   4.3151855e+01
   1.1244841e+07   1.1297607e+02
   1.1244980e+07   5.3222656e+01
   1.1245326e+07   7.5500488e+01
   1.1245517e+07   7.7270508e+01
   1.1245683e+07   4.0283203e+01
   1.1245837e+07   7.0129395e+01
   1.1246164e+07   8.9965820e+01
   1.1246419e+07   7.0373535e+01
   1.1246687e+07   7.0251465e+01
   1.1246891e+07   6.2011719e+01
   1.1247095e+07   6.7199707e+01
   1.1247536e+07   4.0527344e+01
   1.1247869e+07   7.0251465e+01
   1.1248141e+07   5.0903320e+01
   1.1248492e+07   7.4096680e+01
   1.1284397e+07   6.1584473e+01
   1.1284774e+07   7.9162598e+01
   1.1284956e+07   6.1828613e+01
   1.1285122e+07   5.5969238e+01
   1.1285339e+07   5.9997559e+01
   1.1285537e+07   6.7626953e+01
   1.1285793e+07   5.5908203e+01
   1.1286166e+07   7.2753906e+01
   1.1286655e+07   4.1442871e+01
   1.1286994e+07   4.6142578e+01
   1.1287213e+07   5.3955078e+01
   1.1287447e+07   5.4748535e+01
   1.1287701e+07   4.0649414e+01
   1.1288133e+07   6.1157227e+01
   1.1314767e+07   6.4880371e+01
   1.1314948e+07   6.5856934e+01
   1.1315156e+07   4.9926758e+01
   1.1315326e+07   6.5917969e+01
   1.1315479e+07   6.5673828e+01
   1.1315659e+07   5.6213379e+01
   1.1315923e+07   6.2866211e+01
   1.1316133e+07   6.5368652e+01
   1.1316334e+07   4.3334961e+01
   1.1316702e+07   7.1533203e+01
   1.1317185e+07   6.4270020e+01
   1.1317458e+07   5.6213379e+01
   1.1317679e+07   6.8847656e+01
   1.1317969e+07   4.1931152e+01
   1.1318518e+07   6.5368652e+01
   1.1349098e+07   4.0405273e+01
   1.1349424e+07   1.1993408e+02
   1.1349616e+07   3.9550781e+01
   1.1349630e+07   1.0742188e+02
   1.1349980e+07   7.8369141e+01
   1.1350253e+07   6.8664551e+01
   1.1350405e+07   6.8664551e+01
   1.1350670e+07   7.4584961e+01
   1.1350987e+07   6.8542480e+01
   1.1351268e+07   4.2602539e+01
   1.1351507e+07   6.5246582e+01
   1.1351754e+07   6.1767578e+01
   1.1351950e+07   5.6152344e+01
   1.1352138e+07   5.3771973e+01
   1.1352375e+07   4.2419434e+01
   1.1352807e+07   6.8725586e+01
   1.1353069e+07   4.2968750e+01
   1.1353632e+07   4.3640137e+01
   1.1378164e+07   1.1737061e+02
   1.1378269e+07   8.0017090e+01
   1.1378589e+07   8.0749512e+01
   1.1378754e+07   4.5043945e+01
   1.1378924e+07   7.0678711e+01
   1.1379109e+07   5.6152344e+01
   1.1379314e+07   6.6894531e+01
   1.1379540e+07   5.9814453e+01
   1.1379772e+07   5.7617188e+01
   1.1380018e+07   5.6823730e+01
   1.1380243e+07   7.4279785e+01
   1.1380523e+07   4.9377441e+01
   1.1381005e+07   5.1208496e+01
   1.1381241e+07   5.2795410e+01
   1.1381700e+07   4.4311523e+01
   1.1399271e+07   6.5551758e+01
   1.1399657e+07   4.3395996e+01
   1.1400079e+07   6.0668945e+01
   1.1400257e+07   4.5166016e+01
   1.1400497e+07   6.7077637e+01
   1.1400720e+07   4.9682617e+01
   1.1400966e+07   5.9082031e+01
   1.1401195e+07   4.7180176e+01
   1.1401419e+07   6.4697266e+01
   1.1401658e+07   4.9194336e+01
   1.1402072e+07   5.3649902e+01
   1.1402501e+07   4.5654297e+01
   1.1402866e+07   5.9265137e+01
   1.1403149e+07   4.1503906e+01
   1.1420337e+07   1.1322021e+02
   1.1420717e+07   4.3395996e+01
   1.1420913e+07   5.7800293e+01
   1.1421107e+07   3.9794922e+01
   1.1421341e+07   6.2805176e+01
   1.1421562e+07   4.7973633e+01
   1.1421913e+07   4.8095703e+01
   1.1422200e+07   6.4208984e+01
   1.1422457e+07   6.0974121e+01
   1.1422687e+07   3.9855957e+01
   1.1422920e+07   6.6772461e+01
   1.1423170e+07   5.2429199e+01
   1.1423472e+07   6.4208984e+01
   1.1439737e+07   5.2124023e+01
   1.1440101e+07   8.5876465e+01
   1.1440294e+07   4.0100098e+01
   1.1440446e+07   5.9326172e+01
   1.1440632e+07   5.3161621e+01
   1.1441156e+07   6.6162109e+01
   1.1441343e+07   5.9020996e+01
   1.1441610e+07   4.8461914e+01
   1.1441893e+07   5.3833008e+01
   1.1442162e+07   6.2683105e+01
   1.1442503e+07   5.7495117e+01
   1.1442801e+07   5.6091309e+01
   1.1443179e+07   6.2866211e+01
   1.1458437e+07   6.1401367e+01
   1.1458932e+07   6.7993164e+01
   1.1459097e+07   5.4992676e+01
   1.1459389e+07   4.6020508e+01
   1.1459643e+07   5.4687500e+01
   1.1459893e+07   5.3466797e+01
   1.1460108e+07   4.2602539e+01
   1.1460374e+07   4.5043945e+01
   1.1460579e+07   4.4189453e+01
   1.1460796e+07   4.5898438e+01
   1.1461015e+07   4.8034668e+01
   1.1461348e+07   5.0048828e+01
   1.1461930e+07   6.2622070e+01
   1.1476417e+07   5.3588867e+01
   1.1476761e+07   6.8115234e+01
   1.1476927e+07   4.2724609e+01
   1.1477118e+07   5.3955078e+01
   1.1477305e+07   4.8156738e+01
   1.1477499e+07   4.9316406e+01
   1.1477699e+07   5.5725098e+01
   1.1478009e+07   4.3090820e+01
   1.1478250e+07   5.1574707e+01
   1.1478556e+07   4.3457031e+01
   1.1479025e+07   4.2358398e+01
   1.1479508e+07   5.9570312e+01
   1.1494120e+07   7.0129395e+01
   1.1494462e+07   4.0039062e+01
   1.1494621e+07   6.0668945e+01
   1.1494780e+07   5.3710938e+01
   1.1495100e+07   4.1687012e+01
   1.1495491e+07   6.3354492e+01
   1.1512132e+07   4.9255371e+01
   1.1512167e+07   5.0415039e+01
   1.1512483e+07   6.7993164e+01
   1.1512660e+07   6.0119629e+01
   1.1512838e+07   6.5124512e+01
   1.1513054e+07   5.0170898e+01
   1.1513257e+07   4.9926758e+01
   1.1513729e+07   4.5898438e+01
   1.1514487e+07   4.3945312e+01
   1.1514810e+07   4.8645020e+01
   1.1515119e+07   5.8105469e+01
   1.1515627e+07   4.7119141e+01
   1.1530217e+07   9.8693848e+01
   1.1530451e+07   7.3059082e+01
   1.1530622e+07   6.8847656e+01
   1.1530812e+07   4.9255371e+01
   1.1531006e+07   4.2480469e+01
   1.1531639e+07   4.1809082e+01
   1.1531843e+07   3.9611816e+01
   1.1532081e+07   4.7546387e+01
   1.1532604e+07   3.9672852e+01
   1.1533048e+07   3.9733887e+01
   1.1547529e+07   9.8632812e+01
   1.1547714e+07   4.3334961e+01
   1.1547906e+07   5.4870605e+01
   1.1548082e+07   4.7180176e+01
   1.1548286e+07   5.1635742e+01
   1.1548495e+07   4.6142578e+01
   1.1549065e+07   4.2358398e+01
   1.1549250e+07   4.7851562e+01
   1.1549586e+07   5.2368164e+01
   1.1550360e+07   6.5124512e+01
   1.1550835e+07   5.4687500e+01
   1.1564962e+07   8.4594727e+01
   1.1565115e+07   4.1259766e+01
   1.1565367e+07   5.9082031e+01
   1.1565708e+07   5.4626465e+01
   1.1565910e+07   4.1503906e+01
   1.1566124e+07   4.5166016e+01
   1.1566386e+07   5.4626465e+01
   1.1566651e+07   4.1198730e+01
   1.1566983e+07   4.5654297e+01
   1.1567340e+07   4.3579102e+01
   1.1567852e+07   5.3039551e+01
   1.1582311e+07   1.1096191e+02
   1.1582446e+07   4.0588379e+01
   1.1582609e+07   7.1166992e+01
   1.1582780e+07   6.1584473e+01
   1.1582950e+07   4.2724609e+01
   1.1583840e+07   5.5114746e+01
   1.1584334e+07   5.4504395e+01
   1.1584621e+07   4.4311523e+01
   1.1585099e+07   5.1147461e+01
   1.1585529e+07   4.8522949e+01
   1.1600448e+07   9.2834473e+01
   1.1600580e+07   7.4279785e+01
   1.1600744e+07   5.0598145e+01
   1.1600938e+07   6.2561035e+01
   1.1601097e+07   4.3518066e+01
   1.1601258e+07   4.6630859e+01
   1.1601427e+07   4.3334961e+01
   1.1601596e+07   4.3151855e+01
   1.1601863e+07   4.2175293e+01
   1.1602103e+07   4.8400879e+01
   1.1602340e+07   4.6386719e+01
   1.1602711e+07   5.4870605e+01
   1.1603503e+07   4.3579102e+01
   1.1618903e+07   6.1218262e+01
   1.1619037e+07   8.1176758e+01
   1.1619210e+07   5.4443359e+01
   1.1619362e+07   5.1452637e+01
   1.1619514e+07   4.4921875e+01
   1.1620282e+07   5.2490234e+01
   1.1620517e+07   4.9865723e+01
   1.1620691e+07   4.4860840e+01
   1.1620943e+07   4.6875000e+01
   1.1621782e+07   4.1687012e+01
   1.1639000e+07   4.5471191e+01
   1.1639111e+07   6.4636230e+01
   1.1639281e+07   6.2133789e+01
   1.1639433e+07   4.8217773e+01
   1.1639777e+07   4.3518066e+01
   1.1640945e+07   4.2053223e+01
   1.1641732e+07   5.7739258e+01
   1.1642178e+07   5.2978516e+01
   1.1668346e+07   1.0101318e+02
   1.1668444e+07   6.8298340e+01
   1.1668643e+07   6.3049316e+01
   1.1668830e+07   3.9672852e+01
   1.1668982e+07   3.9916992e+01
   1.1669250e+07   4.2724609e+01
   1.1669655e+07   4.5227051e+01
   1.1669836e+07   4.0466309e+01
   1.1670036e+07   4.1503906e+01
   1.1670263e+07   5.2001953e+01
   1.1671164e+07   5.2185059e+01
   1.1671744e+07   5.5419922e+01
   1.1701465e+07   4.1748047e+01
   1.1701902e+07   1.1413574e+02
   1.1702056e+07   6.5490723e+01
   1.1702205e+07   6.1401367e+01
   1.1702347e+07   4.0588379e+01
   1.1702566e+07   5.7434082e+01
   1.1702805e+07   4.4982910e+01
   1.1702991e+07   4.3579102e+01
   1.1703156e+07   4.6813965e+01
   1.1703407e+07   5.1757812e+01
   1.1703612e+07   5.1269531e+01
   1.1703826e+07   4.6264648e+01
   1.1704059e+07   5.2490234e+01
