   1.1996000e+07   0.0000000e+00
   7.7656200e+05   1.1230469e+01
   1.5882540e+06   1.1108398e+01
   1.8051050e+06   1.0559082e+01
   2.0309050e+06   1.0925293e+01
   2.0821030e+06   1.0803223e+01
   2.1461090e+06   1.0681152e+01
   2.8827910e+06   1.0620117e+01
   3.2446990e+06   1.0620117e+01
   3.5992160e+06   1.1230469e+01
   4.9266140e+06   1.0864258e+01
   5.1396550e+06   1.0620117e+01
   5.9589270e+06   1.1535645e+01
   6.6431010e+06   1.0620117e+01
   7.2917550e+06   1.0864258e+01
   7.5570330e+06   1.0803223e+01
   8.2433600e+06   1.0742188e+01
   8.4544960e+06   1.0620117e+01
   9.6693380e+06   1.0986328e+01
   1.0803855e+07   1.0498047e+01
   1.1096493e+07   1.0681152e+01
   1.1215696e+07   1.0925293e+01
   1.1606485e+07   1.0437012e+01
   1.1724714e+07   1.1108398e+01
   1.1828012e+07   1.0620117e+01
   1.1896688e+07   1.0986328e+01
