   1.1996000e+07   0.0000000e+00
   1.9893800e+05   9.3444824e+01
   2.4266200e+05   8.0932617e+01
   2.8079700e+05   8.5021973e+01
   2.9679700e+05   8.1298828e+01
   3.6620000e+05   7.9772949e+01
   3.7740000e+05   7.1838379e+01
   4.3099400e+05   8.5388184e+01
   4.8317500e+05   7.5378418e+01
   5.1071800e+05   7.3852539e+01
   5.2852200e+05   7.0129395e+01
   5.3487500e+05   7.4829102e+01
   5.5072400e+05   8.0688477e+01
   6.0196000e+05   6.8725586e+01
   6.1380700e+05   8.6547852e+01
   6.9412700e+05   8.3618164e+01
   7.7573400e+05   6.8725586e+01
   8.8925400e+05   8.5327148e+01
   1.2448200e+06   7.9956055e+01
   1.3046970e+06   8.1420898e+01
   1.5263440e+06   7.4157715e+01
   1.6004310e+06   7.6232910e+01
   1.6254430e+06   8.5571289e+01
   1.6894870e+06   7.5256348e+01
   1.7039030e+06   7.7331543e+01
   1.8371680e+06   9.0637207e+01
   1.9055460e+06   8.3679199e+01
   1.9340460e+06   7.6660156e+01
   2.0017740e+06   7.4340820e+01
   2.0415210e+06   6.9213867e+01
   2.0899890e+06   7.4951172e+01
   2.1957390e+06   7.8430176e+01
   2.3328550e+06   7.8491211e+01
   2.3645660e+06   8.5021973e+01
   2.4182080e+06   6.8176270e+01
   2.4618750e+06   7.0983887e+01
   2.5645640e+06   9.1491699e+01
   2.6349690e+06   7.9345703e+01
   2.6844430e+06   7.9711914e+01
   2.6921100e+06   7.6843262e+01
   2.7278020e+06   7.8186035e+01
   2.7827990e+06   7.3547363e+01
   2.7828190e+06   4.3518066e+01
   2.7828440e+06   4.4189453e+01
   2.7829970e+06   4.2419434e+01
   2.7830210e+06   3.7658691e+01
   2.7831380e+06   3.8085938e+01
   2.7831870e+06   3.7292480e+01
   2.7878690e+06   5.0170898e+01
   2.7883460e+06   4.6875000e+01
   2.8109150e+06   7.6965332e+01
   2.8358020e+06   8.5083008e+01
   2.8507610e+06   7.2814941e+01
   3.0231730e+06   6.1401367e+01
   3.0232260e+06   3.6743164e+01
   3.0232480e+06   4.5715332e+01
   3.0233180e+06   4.2663574e+01
   3.0233600e+06   3.7841797e+01
   3.0275270e+06   4.0893555e+01
   3.1285030e+06   7.8063965e+01
   3.2504760e+06   7.3913574e+01
   3.2583140e+06   3.5278320e+01
   3.2848640e+06   3.6193848e+01
   3.2848940e+06   8.2214355e+01
   3.3109580e+06   8.3557129e+01
   3.3436080e+06   5.9326172e+01
   3.3436920e+06   5.3771973e+01
   3.3437210e+06   3.5095215e+01
   3.3437570e+06   3.6376953e+01
   3.3438430e+06   3.9428711e+01
   3.3438730e+06   3.5461426e+01
   3.3439150e+06   3.8452148e+01
   3.3478800e+06   3.9062500e+01
   3.3656980e+06   7.7331543e+01
   3.4130870e+06   8.3190918e+01
   3.4391580e+06   7.8308105e+01
   3.4632750e+06   7.7148438e+01
   3.5003590e+06   3.8024902e+01
   3.5968040e+06   7.9956055e+01
   3.6275100e+06   7.1105957e+01
   3.6398240e+06   3.9978027e+01
   3.6398350e+06   7.6354980e+01
   3.6399120e+06   4.2114258e+01
   3.6399470e+06   3.5278320e+01
   3.6399880e+06   3.6865234e+01
   3.6401020e+06   3.6193848e+01
   3.6443950e+06   3.6254883e+01
   3.6447770e+06   5.0231934e+01
   3.7779130e+06   8.3679199e+01
   3.7986690e+06   7.8979492e+01
   3.8132510e+06   5.8837891e+01
   3.8866930e+06   7.8979492e+01
   3.9267930e+06   7.7270508e+01
   3.9625560e+06   8.2763672e+01
   4.1118150e+06   3.5766602e+01
   4.2661820e+06   8.8928223e+01
   4.3262230e+06   8.2092285e+01
   4.3399530e+06   6.9946289e+01
   4.3573760e+06   3.6865234e+01
   4.3676970e+06   3.5705566e+01
   4.3747670e+06   8.8623047e+01
   4.3748110e+06   4.2724609e+01
   4.3748320e+06   4.0710449e+01
   4.3748500e+06   4.0893555e+01
   4.3749370e+06   4.2175293e+01
   4.3750450e+06   3.8391113e+01
   4.3789260e+06   4.4982910e+01
   4.3792430e+06   5.0170898e+01
   4.4008840e+06   6.7932129e+01
   4.6304250e+06   3.7231445e+01
   4.7236120e+06   7.3608398e+01
   4.7245930e+06   7.9833984e+01
   4.7246040e+06   3.9733887e+01
   4.7246660e+06   3.6865234e+01
   4.7247170e+06   3.5522461e+01
   4.7247430e+06   4.7119141e+01
   4.7247910e+06   4.2297363e+01
   4.7249050e+06   3.5644531e+01
   4.7249830e+06   4.1076660e+01
   4.7286430e+06   4.1992188e+01
   4.7289460e+06   3.9611816e+01
   4.7817810e+06   7.0678711e+01
   4.8034100e+06   3.8330078e+01
   4.8765530e+06   7.0434570e+01
   4.9800780e+06   7.5317383e+01
   5.0105210e+06   8.3007812e+01
   5.0161420e+06   3.5400391e+01
   5.0349760e+06   8.3862305e+01
   5.1208450e+06   7.8186035e+01
   5.1441770e+06   7.6660156e+01
   5.2794370e+06   3.8452148e+01
   5.2969010e+06   3.7902832e+01
   5.3086880e+06   6.6406250e+01
   5.4538720e+06   8.5632324e+01
   5.5376980e+06   8.7890625e+01
   5.6585730e+06   7.8308105e+01
   5.6909680e+06   6.8115234e+01
   5.7169030e+06   3.7231445e+01
   5.8129220e+06   7.5622559e+01
   5.9139890e+06   8.4960938e+01
   5.9558020e+06   3.8208008e+01
   6.0505270e+06   8.4472656e+01
   6.1709790e+06   7.6538086e+01
   6.3662820e+06   8.7036133e+01
   6.6705030e+06   3.8208008e+01
   6.6735520e+06   7.1716309e+01
   6.7136600e+06   7.5988770e+01
   6.8028160e+06   7.6293945e+01
   6.8410750e+06   7.6049805e+01
   6.8677320e+06   7.0068359e+01
   6.9060170e+06   8.0505371e+01
   6.9240690e+06   7.7453613e+01
   6.9299240e+06   8.5998535e+01
   6.9760370e+06   7.8613281e+01
   7.1535250e+06   7.4035645e+01
   7.1680110e+06   7.2448730e+01
   7.4404020e+06   7.6538086e+01
   7.5409260e+06   8.2580566e+01
   7.5765960e+06   6.2805176e+01
   7.6087900e+06   7.8552246e+01
   7.7082200e+06   8.5815430e+01
   7.7195410e+06   8.1970215e+01
   7.8286380e+06   7.8796387e+01
   7.8702760e+06   4.7241211e+01
   7.8703320e+06   3.6987305e+01
   7.8703520e+06   3.8085938e+01
   7.8704490e+06   3.7292480e+01
   7.8705950e+06   3.5278320e+01
   7.8725930e+06   3.5705566e+01
   7.8747430e+06   4.1503906e+01
   7.8750620e+06   4.6508789e+01
   7.9472740e+06   7.5805664e+01
   8.1618690e+06   7.3059082e+01
   8.2045510e+06   5.9326172e+01
   8.2045730e+06   4.2114258e+01
   8.2046130e+06   4.2419434e+01
   8.2046330e+06   5.3527832e+01
   8.2046440e+06   4.9316406e+01
   8.2046820e+06   3.6682129e+01
   8.2047560e+06   3.8330078e+01
   8.2086340e+06   3.5339355e+01
   8.2088940e+06   4.2236328e+01
   8.2091920e+06   3.7841797e+01
   8.2095400e+06   4.3640137e+01
   8.2338300e+06   7.5195313e+01
   8.3130510e+06   8.0444336e+01
   8.3203890e+06   7.7087402e+01
   8.3908550e+06   8.0871582e+01
   8.4502370e+06   6.9763184e+01
   8.4690540e+06   8.0688477e+01
   8.5328180e+06   3.6621094e+01
   8.5464050e+06   7.2448730e+01
   8.6181050e+06   7.7148438e+01
   8.6215560e+06   7.8002930e+01
   8.6769190e+06   6.9885254e+01
   8.7143170e+06   7.8857422e+01
   8.7301520e+06   7.3059082e+01
   8.7945800e+06   6.4208984e+01
   9.0257450e+06   6.4453125e+01
   9.0600370e+06   7.9956055e+01
   9.1159660e+06   7.4279785e+01
   9.1780130e+06   7.7575684e+01
   9.4238430e+06   7.6110840e+01
   9.6825800e+06   9.3078613e+01
   9.7752620e+06   7.6843262e+01
   9.8006660e+06   7.1289062e+01
   9.8147770e+06   8.8928223e+01
   9.8673680e+06   7.4157715e+01
   9.9078780e+06   7.3303223e+01
   9.9664940e+06   7.9833984e+01
   1.0023245e+07   8.6181641e+01
   1.0520323e+07   7.3974609e+01
   1.0591629e+07   7.8857422e+01
   1.0614709e+07   7.9467773e+01
   1.1056140e+07   9.6740723e+01
   1.1067756e+07   8.5388184e+01
   1.1124934e+07   8.5449219e+01
   1.1134312e+07   7.6049805e+01
   1.1245292e+07   8.5571289e+01
   1.1367694e+07   7.4157715e+01
   1.1410468e+07   7.8552246e+01
   1.1502629e+07   7.6660156e+01
   1.1524158e+07   8.3618164e+01
   1.1746840e+07   3.5583496e+01
   1.1793608e+07   7.7270508e+01
   1.1967421e+07   8.6669922e+01
