   1.1996000e+07   0.0000000e+00
   2.6751400e+05   4.0466309e+01
   9.0910500e+05   4.6569824e+01
   1.6739500e+06   4.3029785e+01
   2.3495910e+06   4.1076660e+01
   2.3874730e+06   4.2358398e+01
   2.7826070e+06   3.9611816e+01
   2.7826610e+06   4.9194336e+01
   2.7827130e+06   4.9621582e+01
   2.7827380e+06   5.4748535e+01
   2.7827640e+06   4.5471191e+01
   2.7827760e+06   4.2602539e+01
   2.7828150e+06   4.1320801e+01
   2.7828860e+06   4.2785645e+01
   2.7829200e+06   4.7119141e+01
   2.7829480e+06   4.2236328e+01
   2.7829980e+06   4.3640137e+01
   2.7831020e+06   4.3151855e+01
   2.7832750e+06   4.5349121e+01
   2.7834260e+06   4.0222168e+01
   2.7838850e+06   4.1320801e+01
   2.7888810e+06   4.4677734e+01
   2.8006220e+06   3.9672852e+01
   3.0229540e+06   5.5908203e+01
   3.0230230e+06   4.0039062e+01
   3.0230630e+06   4.3945312e+01
   3.0230890e+06   4.4250488e+01
   3.0231200e+06   4.7729492e+01
   3.0231770e+06   4.3457031e+01
   3.0232060e+06   3.9428711e+01
   3.0232490e+06   5.1452637e+01
   3.0233770e+06   3.9428711e+01
   3.0234000e+06   3.9428711e+01
   3.0234500e+06   4.6752930e+01
   3.0275420e+06   4.2480469e+01
   3.3434490e+06   4.6813965e+01
   3.3434980e+06   4.3579102e+01
   3.3435350e+06   7.2326660e+01
   3.3435600e+06   4.4616699e+01
   3.3436030e+06   4.8950195e+01
   3.3436170e+06   5.3710938e+01
   3.3436440e+06   4.9011230e+01
   3.3436610e+06   4.3701172e+01
   3.3437590e+06   6.2744141e+01
   3.3438650e+06   4.2846680e+01
   3.3438810e+06   4.7241211e+01
   3.3440640e+06   4.2968750e+01
   3.3491150e+06   3.9672852e+01
   3.6189730e+06   3.9733887e+01
   3.6396100e+06   4.9255371e+01
   3.6396390e+06   6.8054199e+01
   3.6396620e+06   4.2358398e+01
   3.6397020e+06   5.0170898e+01
   3.6397340e+06   4.3518066e+01
   3.6397510e+06   5.0231934e+01
   3.6398000e+06   4.0039062e+01
   3.6398390e+06   4.4189453e+01
   3.6398590e+06   5.0415039e+01
   3.6398870e+06   4.3151855e+01
   3.6400570e+06   4.1015625e+01
   3.6427640e+06   4.0832520e+01
   3.8948860e+06   4.1748047e+01
   4.3745670e+06   7.0251465e+01
   4.3746250e+06   4.2785645e+01
   4.3746590e+06   4.8889160e+01
   4.3746770e+06   4.0100098e+01
   4.3747000e+06   5.0354004e+01
   4.3747190e+06   4.0039062e+01
   4.3747680e+06   4.6508789e+01
   4.3748180e+06   4.0344238e+01
   4.3749480e+06   4.1870117e+01
   4.3750160e+06   4.1687012e+01
   4.3753400e+06   3.9367676e+01
   4.3791900e+06   5.2917480e+01
   4.7243400e+06   4.8706055e+01
   4.7243960e+06   4.1259766e+01
   4.7244530e+06   4.5532227e+01
   4.7244690e+06   5.9326172e+01
   4.7244890e+06   5.7189941e+01
   4.7245240e+06   4.4189453e+01
   4.7245410e+06   4.2114258e+01
   4.7245730e+06   4.4494629e+01
   4.7246610e+06   4.0649414e+01
   4.7246780e+06   4.2724609e+01
   4.7247380e+06   4.9255371e+01
   4.7247750e+06   4.7058105e+01
   4.7249070e+06   4.3395996e+01
   5.2106250e+06   4.1015625e+01
   5.4019480e+06   4.3334961e+01
   5.7853380e+06   4.5166016e+01
   6.0639230e+06   4.5349121e+01
   6.1548600e+06   4.3029785e+01
   6.8663300e+06   4.0344238e+01
   7.3570560e+06   4.2053223e+01
   7.5400950e+06   4.0466309e+01
   7.6207720e+06   4.3273926e+01
   7.8699470e+06   6.6223145e+01
   7.8700020e+06   6.2255859e+01
   7.8700700e+06   7.0739746e+01
   7.8700820e+06   6.2194824e+01
   7.8701510e+06   5.3588867e+01
   7.8702250e+06   4.6081543e+01
   7.8702500e+06   4.4250488e+01
   7.8706120e+06   4.3457031e+01
   8.2042280e+06   6.4453125e+01
   8.2042470e+06   4.2541504e+01
   8.2042910e+06   5.3833008e+01
   8.2043150e+06   7.0129395e+01
   8.2043830e+06   4.2297363e+01
   8.2044040e+06   4.4006348e+01
   8.2044240e+06   4.1992188e+01
   8.2045060e+06   4.0832520e+01
   8.2045940e+06   4.3518066e+01
   9.1520690e+06   4.3762207e+01
   1.1437344e+07   4.1320801e+01
   1.1476946e+07   4.7180176e+01
   1.1532837e+07   4.2358398e+01
   1.1576178e+07   4.3151855e+01
   1.1604822e+07   4.1687012e+01
   1.1634270e+07   4.3029785e+01
   1.1670647e+07   4.0527344e+01
   1.1693680e+07   4.4189453e+01
   1.1701354e+07   4.2541504e+01
   1.1703446e+07   4.1137695e+01
   1.1734581e+07   4.3029785e+01
   1.1813364e+07   4.1137695e+01
   1.1818449e+07   4.0588379e+01
   1.1842785e+07   4.4921875e+01
   1.1890333e+07   4.0771484e+01
   1.1911060e+07   4.4555664e+01
   1.1933278e+07   4.2907715e+01
   1.1948861e+07   4.4555664e+01
