   1.1996000e+07   0.0000000e+00
   2.5780000e+03   6.5734863e+01
   2.8840000e+03   5.3100586e+01
   3.2830000e+03   4.2907715e+01
   3.0717000e+04   8.2092285e+01
   3.1159000e+04   3.7841797e+01
   3.1668000e+04   3.7170410e+01
   5.9998000e+04   6.2744141e+01
   6.0644000e+04   4.0893555e+01
   6.0922000e+04   3.6071777e+01
   6.2506000e+04   3.7719727e+01
   8.9114000e+04   6.6101074e+01
   8.9463000e+04   4.0100098e+01
   9.1163000e+04   5.7128906e+01
   9.1539000e+04   5.0720215e+01
   9.1933000e+04   3.8024902e+01
   1.1954900e+05   6.7626953e+01
   1.1989200e+05   5.1879883e+01
   1.2045500e+05   5.1757812e+01
   1.5002300e+05   6.9946289e+01
   1.5045400e+05   6.5307617e+01
   1.5097500e+05   4.7180176e+01
   1.5123500e+05   3.8208008e+01
   2.2414600e+05   8.4655762e+01
   2.2698800e+05   6.7260742e+01
   2.2780500e+05   4.0100098e+01
   8.1141700e+05   9.5397949e+01
   8.1152400e+05   5.0415039e+01
   8.1161600e+05   3.5217285e+01
   8.1179700e+05   4.0527344e+01
   8.7565000e+05   8.6425781e+01
   8.8094700e+05   3.6132812e+01
   9.2125000e+05   6.7504883e+01
   9.2137300e+05   3.8208008e+01
   9.2156000e+05   4.3640137e+01
   9.8608700e+05   8.0810547e+01
   9.8627400e+05   4.0893555e+01
   9.8648000e+05   5.6823730e+01
   1.0335720e+06   3.4484863e+01
   1.0350060e+06   3.5278320e+01
   1.0350230e+06   7.6660156e+01
   1.0353320e+06   4.0283203e+01
   1.0801270e+06   6.5856934e+01
   1.0806480e+06   5.3039551e+01
   1.0808890e+06   3.5461426e+01
   1.1348990e+06   7.7148438e+01
   1.1351580e+06   7.6721191e+01
   1.1354380e+06   4.1320801e+01
   1.1700880e+06   7.4768066e+01
   1.1703340e+06   5.2551270e+01
   1.1706930e+06   4.5166016e+01
   1.1709650e+06   3.5766602e+01
   1.2070080e+06   7.0251465e+01
   1.2073690e+06   5.6579590e+01
   1.2076950e+06   4.4738770e+01
   1.2079560e+06   3.9001465e+01
   1.2750540e+06   6.7382812e+01
   1.2754610e+06   5.2612305e+01
   1.2757660e+06   3.5217285e+01
   1.3220190e+06   7.7819824e+01
   1.3254360e+06   7.4035645e+01
   1.3255810e+06   3.4790039e+01
   1.3258580e+06   4.4311523e+01
   1.3716880e+06   6.8603516e+01
   1.3719910e+06   7.4462891e+01
   1.4250010e+06   6.7138672e+01
   1.4279110e+06   5.5847168e+01
   1.9707670e+06   7.8063965e+01
   1.9711810e+06   5.9997559e+01
   1.9714930e+06   3.4240723e+01
   2.0315740e+06   8.9721680e+01
   2.0317070e+06   4.1381836e+01
   2.0875170e+06   8.6364746e+01
   2.0878070e+06   5.6640625e+01
   2.0881390e+06   5.7067871e+01
   2.1453360e+06   7.6721191e+01
   2.1454610e+06   4.2785645e+01
   2.1456680e+06   4.4006348e+01
   2.1899030e+06   6.8481445e+01
   2.1902430e+06   6.7077637e+01
   2.1904410e+06   4.6203613e+01
   2.1907590e+06   4.3518066e+01
   2.2400650e+06   6.7687988e+01
   2.2402780e+06   5.6640625e+01
   2.2404480e+06   3.6804199e+01
   2.2406600e+06   4.6569824e+01
   2.2818500e+06   7.4279785e+01
   2.2819480e+06   4.1320801e+01
   2.2822330e+06   4.3273926e+01
   2.2824900e+06   3.6132812e+01
   2.3186940e+06   7.9772949e+01
   2.3197140e+06   5.3161621e+01
   2.3200140e+06   3.6560059e+01
   2.3488390e+06   7.4829102e+01
   2.3491680e+06   5.5969238e+01
   2.3493200e+06   3.5949707e+01
   2.3494990e+06   3.8146973e+01
   2.3763800e+06   7.3059082e+01
   2.3765500e+06   3.8757324e+01
   2.3768420e+06   4.2724609e+01
   2.3772050e+06   3.5278320e+01
   2.4029970e+06   6.0180664e+01
   2.4034780e+06   5.6701660e+01
   2.4041330e+06   3.8452148e+01
   2.4043720e+06   3.5583496e+01
   2.4296690e+06   6.0363770e+01
   2.4298940e+06   4.7668457e+01
   2.4305110e+06   3.6193848e+01
   2.4559490e+06   6.3659668e+01
   2.4563630e+06   5.2856445e+01
   2.4828030e+06   6.4270020e+01
   2.4830370e+06   4.6508789e+01
   2.5093270e+06   6.9702148e+01
   2.5099030e+06   4.3762207e+01
   2.5356520e+06   6.9580078e+01
   2.5362150e+06   5.6030273e+01
   2.5638830e+06   7.4890137e+01
   2.5643310e+06   4.4067383e+01
   2.5925690e+06   7.8247070e+01
   2.5927260e+06   3.7658691e+01
   2.5927790e+06   3.8574219e+01
   2.5930480e+06   4.0344238e+01
   2.5933590e+06   3.9062500e+01
   2.6206160e+06   6.2683105e+01
   2.6210750e+06   4.0039062e+01
   2.6283170e+06   3.4362793e+01
   2.6525850e+06   3.6010742e+01
   2.6533210e+06   5.2368164e+01
   2.6538730e+06   4.6325684e+01
   2.6543410e+06   3.9550781e+01
   2.6875990e+06   7.4523926e+01
   2.6878880e+06   4.6020508e+01
   2.6881680e+06   3.7170410e+01
   2.7390680e+06   7.8491211e+01
   2.7393820e+06   4.8950195e+01
   2.7397680e+06   4.7058105e+01
   2.7828120e+06   7.1533203e+01
   2.7829710e+06   3.9672852e+01
   2.7832010e+06   5.1330566e+01
   2.7837800e+06   3.4484863e+01
   2.8533290e+06   3.4851074e+01
   3.7552490e+06   3.4545898e+01
   4.5920850e+06   8.9111328e+01
   4.5921800e+06   4.2175293e+01
   4.6665400e+06   9.6557617e+01
   4.6665990e+06   4.2541504e+01
   5.3717790e+06   3.4301758e+01
   5.3718040e+06   9.7656250e+01
   5.3718700e+06   4.5532227e+01
   5.6903200e+06   9.0820313e+01
   5.6903760e+06   4.9438477e+01
   5.6924970e+06   3.4240723e+01
   5.9720810e+06   9.8937988e+01
   5.9721540e+06   5.0415039e+01
   5.9722070e+06   3.7170410e+01
   6.3997540e+06   9.3688965e+01
   6.3998360e+06   3.6193848e+01
   6.4515780e+06   3.5400391e+01
   6.6691140e+06   8.3557129e+01
   6.6691930e+06   5.8532715e+01
   6.6692400e+06   3.4423828e+01
   6.9900280e+06   1.0125732e+02
   6.9901510e+06   3.9306641e+01
   6.9917560e+06   3.5400391e+01
   7.2112600e+06   5.1818848e+01
   7.2113420e+06   4.3029785e+01
   7.2114320e+06   3.7048340e+01
   7.4359670e+06   8.3129883e+01
   7.4360320e+06   4.5959473e+01
   7.4360580e+06   3.8696289e+01
   7.5644000e+06   1.0345459e+02
   7.5644510e+06   3.4912109e+01
   7.9143180e+06   8.1848145e+01
   7.9144200e+06   4.6142578e+01
   7.9144960e+06   4.2358398e+01
   8.1430690e+06   7.6660156e+01
   8.1431010e+06   3.4545898e+01
   8.1431230e+06   4.0466309e+01
   8.1431770e+06   3.4179688e+01
   8.1432740e+06   3.4118652e+01
   8.3901410e+06   8.6975098e+01
   8.3901620e+06   3.7231445e+01
   8.5190720e+06   9.5581055e+01
   8.5190830e+06   4.0954590e+01
   8.5191230e+06   3.7902832e+01
   8.5712800e+06   8.7951660e+01
   8.7277260e+06   8.4533691e+01
   8.7277900e+06   4.7363281e+01
   8.7278700e+06   3.6315918e+01
   8.7296540e+06   3.5766602e+01
   8.9108500e+06   8.4838867e+01
   8.9109120e+06   4.5288086e+01
   8.9109520e+06   3.4912109e+01
   8.9110270e+06   4.6264648e+01
   8.9827170e+06   7.0861816e+01
   9.0369760e+06   6.9213867e+01
   9.0381900e+06   3.9916992e+01
   9.3711030e+06   9.0942383e+01
   9.3711700e+06   4.3640137e+01
   9.5827970e+06   1.0302734e+02
   9.7136510e+06   6.5612793e+01
   9.7137290e+06   4.0405273e+01
   9.9755270e+06   8.9111328e+01
   1.0208571e+07   1.1737061e+02
   1.0208650e+07   4.7363281e+01
   1.0393319e+07   8.5388184e+01
   1.0571468e+07   9.1369629e+01
   1.0571504e+07   3.8757324e+01
   1.0571606e+07   3.6499023e+01
   1.0882011e+07   8.1237793e+01
   1.0882059e+07   3.9062500e+01
   1.0882147e+07   4.2114258e+01
   1.0883644e+07   3.4667969e+01
   1.1108714e+07   8.5449219e+01
   1.1108820e+07   3.5095215e+01
   1.1347071e+07   5.6457520e+01
   1.1347132e+07   4.6813965e+01
   1.1347206e+07   3.8574219e+01
   1.1418548e+07   9.0148926e+01
   1.1418608e+07   3.7841797e+01
   1.1418669e+07   3.4240723e+01
   1.1595023e+07   9.2041016e+01
   1.1595097e+07   4.9194336e+01
   1.1595212e+07   3.5583496e+01
   1.1742484e+07   9.4970703e+01
   1.1742619e+07   3.6865234e+01
