   8.9970000e+06   0.0000000e+00
   4.4746000e+04   4.6020508e+01
   4.4815000e+04   4.1198730e+01
   4.6033000e+04   3.7658691e+01
   4.9010000e+04   3.7414551e+01
   8.0502000e+04   3.6071777e+01
   8.1795000e+04   3.6254883e+01
   8.2366000e+04   4.3273926e+01
   1.2386000e+05   3.9062500e+01
   1.2512600e+05   3.7109375e+01
   1.2650100e+05   4.0100098e+01
   1.6239000e+05   4.2419434e+01
   1.8985600e+05   3.9306641e+01
   2.0335800e+05   3.6376953e+01
   2.1975400e+05   3.7292480e+01
   2.1996500e+05   3.6010742e+01
   2.2080400e+05   3.6926270e+01
   2.5054300e+05   4.0527344e+01
   2.7738400e+05   3.5888672e+01
   3.2651900e+05   3.9306641e+01
   3.5412600e+05   4.0771484e+01
   3.5481500e+05   3.8574219e+01
   3.5495300e+05   3.7414551e+01
   3.8659200e+05   4.3090820e+01
   3.8660400e+05   5.1879883e+01
   3.8661500e+05   6.9458008e+01
   3.8663800e+05   8.0078125e+01
   3.8665300e+05   3.6254883e+01
   3.8666900e+05   4.8034668e+01
   3.8668000e+05   6.8054199e+01
   3.8670500e+05   6.5917969e+01
   3.8673000e+05   6.7443848e+01
   3.8674900e+05   6.6650391e+01
   3.8676200e+05   5.9692383e+01
   3.8678100e+05   5.3283691e+01
   3.8682900e+05   5.9204102e+01
   3.8684700e+05   6.7138672e+01
   3.8690900e+05   5.1635742e+01
   3.8696500e+05   4.1259766e+01
   3.8697800e+05   6.1950684e+01
   3.8711400e+05   3.5949707e+01
   3.8714300e+05   3.8696289e+01
   3.8722800e+05   3.7597656e+01
   3.8724400e+05   5.4809570e+01
   3.8727300e+05   4.1198730e+01
   3.8763800e+05   3.6865234e+01
   3.8778600e+05   4.7058105e+01
   3.8824200e+05   3.6743164e+01
   4.0527200e+05   3.8391113e+01
   4.0529400e+05   6.0546875e+01
   4.0531400e+05   4.4250488e+01
   4.0532700e+05   5.2124023e+01
   4.0534500e+05   3.5949707e+01
   4.0536100e+05   3.5949707e+01
   4.0537300e+05   7.2631836e+01
   4.0539800e+05   7.1289062e+01
   4.0542500e+05   5.8532715e+01
   4.0545900e+05   6.3964844e+01
   4.0548900e+05   5.7861328e+01
   4.0551700e+05   5.1025391e+01
   4.0556100e+05   5.7312012e+01
   4.0564300e+05   4.6691895e+01
   4.0570700e+05   3.9123535e+01
   4.0575400e+05   3.8757324e+01
   4.0578200e+05   4.6813965e+01
   4.0596400e+05   4.2663574e+01
   4.0597400e+05   3.6682129e+01
   4.0610400e+05   4.9316406e+01
   4.0624900e+05   3.8208008e+01
   4.0627600e+05   3.7841797e+01
   4.0628800e+05   4.6447754e+01
   4.0632500e+05   3.6315918e+01
   4.0641900e+05   4.0588379e+01
   4.0647300e+05   4.3518066e+01
   4.0648900e+05   4.1015625e+01
   4.0663000e+05   3.9306641e+01
   4.0678800e+05   4.2968750e+01
   4.0682900e+05   3.7048340e+01
   4.0690900e+05   3.6376953e+01
   4.0695600e+05   4.8706055e+01
   4.0707300e+05   4.8889160e+01
   4.0708700e+05   3.9489746e+01
   4.0718300e+05   3.7109375e+01
   4.0720100e+05   4.2114258e+01
   4.0726400e+05   4.0710449e+01
   4.0748200e+05   4.6752930e+01
   4.0751600e+05   3.7658691e+01
   4.0754700e+05   4.5532227e+01
   4.0762000e+05   4.7485352e+01
   4.0771100e+05   3.7048340e+01
   4.0776200e+05   3.9184570e+01
   4.0812900e+05   3.8818359e+01
   4.0815000e+05   3.8757324e+01
   4.0838700e+05   3.8208008e+01
   4.0846700e+05   3.7597656e+01
   4.0850500e+05   3.6071777e+01
   4.0855800e+05   3.9123535e+01
   4.0858400e+05   3.6071777e+01
   4.0860000e+05   4.5043945e+01
   4.0863300e+05   3.7475586e+01
   4.0875300e+05   3.7292480e+01
   4.0879200e+05   4.6020508e+01
   4.0885200e+05   4.3701172e+01
   4.1177300e+05   3.8940430e+01
   4.1214400e+05   3.9733887e+01
   4.1523000e+05   3.8879395e+01
   4.1566600e+05   4.6997070e+01
   4.1639600e+05   3.7231445e+01
   4.1719300e+05   3.6071777e+01
   4.1750100e+05   3.6560059e+01
   4.5922400e+05   3.8146973e+01
   4.9197100e+05   3.6193848e+01
   5.0823800e+05   3.8208008e+01
   5.3530700e+05   3.7475586e+01
   5.9069600e+05   3.6743164e+01
   5.9077000e+05   3.5888672e+01
   5.9079200e+05   3.6132812e+01
   6.5016600e+05   3.7902832e+01
   6.6430800e+05   3.6193848e+01
   6.8989200e+05   3.6560059e+01
   6.8994600e+05   3.7841797e+01
   6.9006100e+05   3.5888672e+01
   6.9451500e+05   3.9123535e+01
   7.1430000e+05   3.9001465e+01
   7.2434400e+05   4.2602539e+01
   7.3374300e+05   3.8635254e+01
   7.3377000e+05   3.6254883e+01
   7.8582400e+05   3.7597656e+01
   8.1153900e+05   4.1320801e+01
   8.1559100e+05   3.8208008e+01
   8.1634300e+05   3.6621094e+01
   8.1664100e+05   3.8879395e+01
   8.1665900e+05   4.3029785e+01
   8.1671600e+05   3.9428711e+01
   8.1676700e+05   3.7109375e+01
   8.1679200e+05   4.8706055e+01
   8.1684900e+05   3.6804199e+01
   8.1690600e+05   4.9316406e+01
   8.1787300e+05   3.6865234e+01
   8.5432600e+05   3.8085938e+01
   8.5435200e+05   3.6071777e+01
   8.5459600e+05   3.6804199e+01
   9.1983400e+05   3.6376953e+01
   9.3642400e+05   3.7536621e+01
   9.5433300e+05   4.0893555e+01
   9.5635100e+05   4.0039062e+01
   9.7900100e+05   4.0100098e+01
   9.7905600e+05   3.6071777e+01
   9.9460700e+05   4.0832520e+01
   9.9465800e+05   3.7170410e+01
   9.9474300e+05   4.0466309e+01
   1.0245800e+06   4.3823242e+01
   1.0247440e+06   3.9123535e+01
   1.0581350e+06   4.0405273e+01
   1.0861530e+06   3.7475586e+01
   1.0870370e+06   3.7841797e+01
   1.1101540e+06   3.6743164e+01
   1.1214150e+06   3.9367676e+01
   1.1214590e+06   3.8696289e+01
   1.1215780e+06   3.7353516e+01
   1.1380430e+06   3.5949707e+01
   1.1598450e+06   4.1381836e+01
   1.1717500e+06   3.7231445e+01
   1.1718210e+06   3.7048340e+01
   1.1718960e+06   3.6621094e+01
   1.1907820e+06   3.6865234e+01
   1.2079210e+06   3.6010742e+01
   1.2079400e+06   3.9489746e+01
   1.2244230e+06   3.7353516e+01
   1.2260710e+06   3.6071777e+01
   1.2420590e+06   4.3212891e+01
   1.2421900e+06   5.3649902e+01
   1.2772950e+06   4.1259766e+01
   1.2883260e+06   3.9123535e+01
   1.2883630e+06   6.8115234e+01
   1.2883760e+06   4.6752930e+01
   1.2883930e+06   5.9448242e+01
   1.2884040e+06   4.5532227e+01
   1.2884330e+06   5.6091309e+01
   1.2884530e+06   7.9162598e+01
   1.2884650e+06   3.9062500e+01
   1.2884890e+06   4.2480469e+01
   1.2885160e+06   5.4565430e+01
   1.2885320e+06   6.0424805e+01
   1.2885420e+06   6.5612793e+01
   1.2886050e+06   4.1931152e+01
   1.2886160e+06   4.7241211e+01
   1.2886420e+06   5.1513672e+01
   1.2887160e+06   5.5358887e+01
   1.2887490e+06   4.5471191e+01
   1.2888440e+06   4.0832520e+01
   1.2889170e+06   4.2358398e+01
   1.2890180e+06   4.7546387e+01
   1.2890480e+06   4.2968750e+01
   1.2890830e+06   3.8024902e+01
   1.2891580e+06   4.1564941e+01
   1.2892170e+06   3.7719727e+01
   1.2892530e+06   3.7414551e+01
   1.2892830e+06   3.7780762e+01
   1.2894470e+06   3.9489746e+01
   1.2895680e+06   3.6193848e+01
   1.3186870e+06   3.6437988e+01
   1.3195020e+06   4.1687012e+01
   1.3199780e+06   3.6682129e+01
   1.3229380e+06   3.7109375e+01
   1.3229630e+06   4.3884277e+01
   1.3230340e+06   3.7292480e+01
   1.3230720e+06   4.0832520e+01
   1.3448520e+06   4.0283203e+01
   1.3556300e+06   3.7170410e+01
   1.4287390e+06   3.8696289e+01
   1.4288630e+06   3.6315918e+01
   1.4540310e+06   4.2236328e+01
   1.4720180e+06   3.6315918e+01
   1.4721060e+06   3.6987305e+01
   1.4722130e+06   3.9794922e+01
   1.4903770e+06   3.8757324e+01
   1.4967110e+06   3.6499023e+01
   1.5330080e+06   3.6499023e+01
   1.5519840e+06   3.7353516e+01
   1.5709810e+06   3.6682129e+01
   1.5740500e+06   3.7719727e+01
   1.5746920e+06   3.5949707e+01
   1.5747220e+06   3.7536621e+01
   1.5747650e+06   4.0710449e+01
   1.5747950e+06   4.2480469e+01
   1.5748350e+06   3.6499023e+01
   1.5748600e+06   3.8330078e+01
   1.5748740e+06   4.5898438e+01
   1.5749240e+06   4.5593262e+01
   1.5749390e+06   4.9438477e+01
   1.5749550e+06   5.9387207e+01
   1.5749750e+06   4.9011230e+01
   1.5749920e+06   7.3913574e+01
   1.5750050e+06   5.6640625e+01
   1.5750250e+06   6.8542480e+01
   1.5750470e+06   5.4321289e+01
   1.5750710e+06   1.0131836e+02
   1.5750900e+06   4.5471191e+01
   1.5751100e+06   4.4860840e+01
   1.5751460e+06   4.4677734e+01
   1.5751620e+06   4.1931152e+01
   1.5751750e+06   3.9733887e+01
   1.5752210e+06   5.1086426e+01
   1.5752460e+06   5.1269531e+01
   1.5752730e+06   4.9743652e+01
   1.5753080e+06   4.1625977e+01
   1.5755230e+06   4.0832520e+01
   1.5756730e+06   4.0100098e+01
   1.5757060e+06   4.9133301e+01
   1.5759290e+06   5.0109863e+01
   1.5763820e+06   3.6804199e+01
   1.5924890e+06   3.7170410e+01
   1.5925280e+06   4.6875000e+01
   1.5925570e+06   6.7321777e+01
   1.5925700e+06   6.4880371e+01
   1.5925990e+06   5.4992676e+01
   1.5926280e+06   6.1096191e+01
   1.5926480e+06   4.4433594e+01
   1.5926600e+06   8.3679199e+01
   1.5926860e+06   4.4677734e+01
   1.5927020e+06   4.2480469e+01
   1.5927120e+06   5.4626465e+01
   1.5927490e+06   4.4006348e+01
   1.5927900e+06   5.1391602e+01
   1.5929190e+06   4.0039062e+01
   1.5929370e+06   4.5532227e+01
   1.5929770e+06   3.6926270e+01
   1.5931280e+06   4.1625977e+01
   1.5932300e+06   4.5837402e+01
   1.5932610e+06   4.3701172e+01
   1.5935780e+06   3.6743164e+01
   1.5937900e+06   5.1086426e+01
   1.5940720e+06   3.8330078e+01
   1.5977010e+06   3.6621094e+01
   1.5977830e+06   3.8330078e+01
   1.5992800e+06   4.2358398e+01
   1.5995750e+06   3.7414551e+01
   1.6015320e+06   3.7536621e+01
   1.6038830e+06   3.7109375e+01
   1.6042320e+06   3.7658691e+01
   1.6212960e+06   3.7658691e+01
   1.6549370e+06   3.7536621e+01
   1.6726990e+06   4.0222168e+01
   1.6943360e+06   3.6254883e+01
   1.6947730e+06   4.3518066e+01
   1.7087040e+06   4.0527344e+01
   1.7115390e+06   4.5227051e+01
   1.7275860e+06   3.6499023e+01
   1.7289380e+06   4.1687012e+01
   1.7298090e+06   3.7597656e+01
   1.7450700e+06   3.6315918e+01
   1.7450910e+06   4.3151855e+01
   1.7474290e+06   4.0344238e+01
   1.7475780e+06   4.2663574e+01
   1.7506670e+06   3.7719727e+01
   1.7510110e+06   4.0222168e+01
   1.7510450e+06   4.0649414e+01
   1.7511800e+06   3.6376953e+01
   1.7512220e+06   4.1503906e+01
   1.7512530e+06   4.9194336e+01
   1.7512660e+06   5.9509277e+01
   1.7512880e+06   4.1259766e+01
   1.7513030e+06   5.5603027e+01
   1.7513240e+06   6.0424805e+01
   1.7513430e+06   3.9916992e+01
   1.7513570e+06   9.0698242e+01
   1.7513760e+06   4.0649414e+01
   1.7513960e+06   6.6040039e+01
   1.7514160e+06   5.8410645e+01
   1.7514310e+06   5.8532715e+01
   1.7514480e+06   5.6335449e+01
   1.7514580e+06   5.6640625e+01
   1.7514850e+06   3.8269043e+01
   1.7515020e+06   8.4533691e+01
   1.7515150e+06   5.7189941e+01
   1.7515560e+06   3.6315918e+01
   1.7515800e+06   5.0659180e+01
   1.7516070e+06   3.6560059e+01
   1.7517550e+06   4.7180176e+01
   1.7518410e+06   4.2358398e+01
   1.7519310e+06   3.9611816e+01
   1.7521670e+06   4.3762207e+01
   1.7522330e+06   4.1015625e+01
   1.7523250e+06   3.6071777e+01
   1.7738410e+06   3.7048340e+01
   1.7742750e+06   3.8757324e+01
   1.8098280e+06   4.1442871e+01
   1.8099930e+06   3.6437988e+01
   1.8235670e+06   3.6926270e+01
   1.8418670e+06   3.9123535e+01
   1.8421370e+06   3.6560059e+01
   1.8551510e+06   4.2175293e+01
   1.8775000e+06   3.7109375e+01
   1.8930690e+06   3.6437988e+01
   1.8949310e+06   3.8269043e+01
   1.8953290e+06   3.7170410e+01
   1.9149360e+06   3.7048340e+01
   1.9557640e+06   3.7170410e+01
   1.9561920e+06   3.8085938e+01
   1.9750290e+06   3.8513184e+01
   1.9781490e+06   3.6560059e+01
   1.9973370e+06   3.9672852e+01
   1.9989040e+06   4.0771484e+01
   2.0164200e+06   3.9306641e+01
   2.0468580e+06   4.3701172e+01
   2.0469540e+06   3.7963867e+01
   2.0473890e+06   4.1625977e+01
   2.0814490e+06   3.5888672e+01
   2.0825450e+06   3.7536621e+01
   2.0832760e+06   3.7231445e+01
   2.0958910e+06   3.6376953e+01
   2.0972390e+06   3.6560059e+01
   2.0974670e+06   3.9733887e+01
   2.0995170e+06   3.8208008e+01
   2.1233090e+06   3.6437988e+01
   2.1264010e+06   3.6804199e+01
   2.1536500e+06   3.8757324e+01
   2.1538070e+06   5.2490234e+01
   2.1538260e+06   3.6132812e+01
   2.1563050e+06   4.0100098e+01
   2.1927980e+06   3.7841797e+01
   2.2270400e+06   3.7780762e+01
   2.2270520e+06   3.6010742e+01
   2.2608680e+06   4.7485352e+01
   2.2615600e+06   4.5593262e+01
   2.2639130e+06   3.9611816e+01
   2.2965450e+06   4.5227051e+01
   2.2980710e+06   3.7597656e+01
   2.2988670e+06   3.8574219e+01
   2.3299520e+06   3.5949707e+01
   2.3299620e+06   4.2114258e+01
   2.3300810e+06   3.6804199e+01
   2.3632440e+06   4.3518066e+01
   2.3632980e+06   4.1137695e+01
   2.4049530e+06   5.1635742e+01
   2.4050480e+06   3.9001465e+01
   2.4050610e+06   5.3405762e+01
   2.4051120e+06   3.6865234e+01
   2.4170620e+06   8.4594727e+01
   2.4170760e+06   5.5297852e+01
   2.4171010e+06   7.8918457e+01
   2.4171270e+06   3.6804199e+01
   2.4171400e+06   4.4189453e+01
   2.4171660e+06   8.9111328e+01
   2.4171910e+06   5.4260254e+01
   2.4172060e+06   4.8706055e+01
   2.4172250e+06   8.6975098e+01
   2.4172410e+06   4.4799805e+01
   2.4172660e+06   5.5541992e+01
   2.4172820e+06   5.5847168e+01
   2.4172950e+06   4.1381836e+01
   2.4173080e+06   5.6640625e+01
   2.4173380e+06   5.7800293e+01
   2.4173560e+06   4.2419434e+01
   2.4174750e+06   4.3884277e+01
   2.4175720e+06   3.8269043e+01
   2.4176030e+06   3.8818359e+01
   2.4177760e+06   3.6926270e+01
   2.4177880e+06   4.2846680e+01
   2.4178560e+06   3.8024902e+01
   2.4180410e+06   4.2114258e+01
   2.4192450e+06   3.8269043e+01
   2.4346080e+06   3.7780762e+01
   2.4346260e+06   4.6325684e+01
   2.4346580e+06   5.4748535e+01
   2.4346700e+06   7.5988770e+01
   2.4346900e+06   5.3039551e+01
   2.4347170e+06   6.0607910e+01
   2.4347330e+06   7.1411133e+01
   2.4347510e+06   8.5144043e+01
   2.4347840e+06   7.5195312e+01
   2.4347960e+06   6.4758301e+01
   2.4348200e+06   6.3415527e+01
   2.4348400e+06   3.9794922e+01
   2.4348600e+06   5.7678223e+01
   2.4348880e+06   4.1748047e+01
   2.4349080e+06   4.6020508e+01
   2.4349230e+06   7.3669434e+01
   2.4349580e+06   3.9733887e+01
   2.4351330e+06   4.5410156e+01
   2.4351810e+06   3.6132812e+01
   2.4352320e+06   3.6071777e+01
   2.4352510e+06   3.7963867e+01
   2.4353310e+06   3.9245605e+01
   2.4355840e+06   3.9916992e+01
   2.4355950e+06   3.7475586e+01
   2.4356740e+06   5.0292969e+01
   2.4358280e+06   3.6499023e+01
   2.4358670e+06   3.6254883e+01
   2.4358980e+06   3.9306641e+01
   2.4373990e+06   3.5949707e+01
   2.4423390e+06   4.0832520e+01
   2.4425820e+06   5.2673340e+01
   2.4427080e+06   4.2114258e+01
   2.4427620e+06   3.7719727e+01
   2.4431250e+06   4.5288086e+01
   2.4806310e+06   3.6560059e+01
   2.5088760e+06   3.6315918e+01
   2.5089330e+06   3.8269043e+01
   2.5098980e+06   3.5888672e+01
   2.5366930e+06   3.5888672e+01
   2.5369500e+06   3.9001465e+01
   2.5370070e+06   4.0039062e+01
   2.5374560e+06   3.9062500e+01
   2.5660830e+06   3.6560059e+01
   2.5661160e+06   3.6804199e+01
   2.5661310e+06   3.5949707e+01
   2.5662350e+06   3.6193848e+01
   2.5662590e+06   3.6621094e+01
   2.5663070e+06   3.8635254e+01
   2.5682300e+06   3.7475586e+01
   2.5936010e+06   4.0039062e+01
   2.5962070e+06   3.6743164e+01
   2.6120240e+06   3.8085938e+01
   2.6122930e+06   3.6132812e+01
   2.6133530e+06   3.9428711e+01
   2.6345900e+06   4.0588379e+01
   2.6464890e+06   3.7109375e+01
   2.6650660e+06   3.6010742e+01
   2.6699840e+06   3.7902832e+01
   2.6709710e+06   3.7658691e+01
   2.6908710e+06   3.6315918e+01
   2.7182410e+06   3.7780762e+01
   2.7440910e+06   3.7902832e+01
   2.7443710e+06   3.7475586e+01
   2.7460990e+06   3.6865234e+01
   2.7465300e+06   3.6621094e+01
   2.7674950e+06   3.7475586e+01
   2.7679140e+06   3.8940430e+01
   2.7685010e+06   3.9306641e+01
   2.7685450e+06   3.6621094e+01
   2.7975130e+06   3.9672852e+01
   2.7983360e+06   3.9367676e+01
   2.8249250e+06   4.6936035e+01
   2.8249380e+06   5.6884766e+01
   2.8249630e+06   5.6335449e+01
   2.8249740e+06   7.4340820e+01
   2.8249980e+06   7.0007324e+01
   2.8250100e+06   1.1352539e+02
   2.8250400e+06   6.1035156e+01
   2.8250630e+06   7.6293945e+01
   2.8250820e+06   4.5898438e+01
   2.8250930e+06   4.5471191e+01
   2.8251270e+06   5.5786133e+01
   2.8251470e+06   5.3466797e+01
   2.8251610e+06   6.3232422e+01
   2.8252020e+06   4.3518066e+01
   2.8252440e+06   4.1015625e+01
   2.8253130e+06   4.9133301e+01
   2.8253490e+06   4.3212891e+01
   2.8253750e+06   4.0039062e+01
   2.8255660e+06   3.7475586e+01
   2.8258140e+06   4.6630859e+01
   2.8258580e+06   4.3945312e+01
   2.8259130e+06   4.0832520e+01
   2.8260360e+06   3.6621094e+01
   2.8261950e+06   6.0546875e+01
   2.8263350e+06   4.3945312e+01
   2.8615880e+06   3.8085938e+01
   2.8620020e+06   5.1391602e+01
   2.9248460e+06   3.9489746e+01
   2.9248570e+06   3.7414551e+01
   2.9660230e+06   4.0710449e+01
   3.0496200e+06   3.7536621e+01
   3.0821390e+06   4.0344238e+01
   3.0824960e+06   3.8452148e+01
   3.1359560e+06   3.8085938e+01
   3.1364600e+06   3.5583496e+01
   3.1365200e+06   3.5827637e+01
   3.1587820e+06   3.9489746e+01
   3.1592350e+06   3.9916992e+01
   3.1966540e+06   3.6132812e+01
   3.2448510e+06   4.2602539e+01
   3.2448920e+06   3.7780762e+01
   3.2462810e+06   4.1259766e+01
   3.2471100e+06   3.7963867e+01
   3.2471610e+06   4.1503906e+01
   3.2471940e+06   3.6926270e+01
   3.2472640e+06   4.3395996e+01
   3.2472940e+06   4.1137695e+01
   3.2473630e+06   4.1625977e+01
   3.2475290e+06   4.3640137e+01
   3.2475410e+06   3.6804199e+01
   3.2475880e+06   3.9428711e+01
   3.2476260e+06   4.6569824e+01
   3.2476860e+06   5.2612305e+01
   3.2477420e+06   3.8940430e+01
   3.2477800e+06   4.5166016e+01
   3.2477980e+06   8.0017090e+01
   3.2478260e+06   4.4921875e+01
   3.2478360e+06   5.2001953e+01
   3.2478470e+06   5.5786133e+01
   3.2478890e+06   7.2570801e+01
   3.2479210e+06   6.9091797e+01
   3.2479420e+06   7.3913574e+01
   3.2479680e+06   6.8359375e+01
   3.2479840e+06   4.0649414e+01
   3.2479940e+06   3.7353516e+01
   3.2480130e+06   5.0476074e+01
   3.2480300e+06   4.1381836e+01
   3.2480640e+06   5.4382324e+01
   3.2481010e+06   4.3457031e+01
   3.2481870e+06   3.6010742e+01
   3.2482740e+06   4.4738770e+01
   3.2483200e+06   3.8635254e+01
   3.2484030e+06   3.6315918e+01
   3.2484350e+06   5.6152344e+01
   3.2485950e+06   3.9062500e+01
   3.2486410e+06   3.6376953e+01
   3.2490990e+06   3.5888672e+01
   3.2493460e+06   4.3762207e+01
   3.2501260e+06   3.5827637e+01
   3.2731720e+06   3.7414551e+01
   3.2746990e+06   3.6315918e+01
   3.2747340e+06   6.8542480e+01
   3.2747580e+06   6.7382812e+01
   3.2747900e+06   4.1809082e+01
   3.2748100e+06   7.7148438e+01
   3.2748430e+06   4.0344238e+01
   3.2748550e+06   6.0791016e+01
   3.2748700e+06   9.9426270e+01
   3.2748940e+06   4.6997070e+01
   3.2749060e+06   3.7231445e+01
   3.2749360e+06   3.9794922e+01
   3.2749500e+06   3.8269043e+01
   3.2749690e+06   6.0852051e+01
   3.2749830e+06   6.0913086e+01
   3.2750130e+06   4.1198730e+01
   3.2750710e+06   7.4279785e+01
   3.2751000e+06   4.6875000e+01
   3.2751320e+06   6.0852051e+01
   3.2751580e+06   4.1320801e+01
   3.2752380e+06   3.8330078e+01
   3.2752620e+06   3.6560059e+01
   3.2752970e+06   3.9916992e+01
   3.2755340e+06   4.1870117e+01
   3.2756760e+06   3.6560059e+01
   3.2757250e+06   3.6987305e+01
   3.2764530e+06   3.7048340e+01
   3.2791290e+06   3.9916992e+01
   3.2795530e+06   4.1809082e+01
   3.2801260e+06   3.6743164e+01
   3.2811800e+06   3.7475586e+01
   3.2812170e+06   3.7719727e+01
   3.2813720e+06   3.6132812e+01
   3.3333040e+06   3.7536621e+01
   3.3738210e+06   3.9001465e+01
   3.4089830e+06   3.7292480e+01
   3.4775280e+06   3.9367676e+01
   3.5533210e+06   3.6010742e+01
   3.5852910e+06   4.0466309e+01
   3.5919860e+06   3.7414551e+01
   3.6594020e+06   3.5949707e+01
   3.6611480e+06   3.9306641e+01
   3.6612930e+06   3.5644531e+01
   3.6616010e+06   3.7841797e+01
   3.6617570e+06   3.5522461e+01
   3.6617970e+06   3.7414551e+01
   3.6619000e+06   3.5827637e+01
   3.6624690e+06   3.5888672e+01
   3.6640240e+06   4.0893555e+01
   3.7011340e+06   3.5949707e+01
   3.7451010e+06   3.5949707e+01
   3.7452940e+06   3.6804199e+01
   3.7454350e+06   3.7536621e+01
   3.7456360e+06   4.3579102e+01
   3.7458660e+06   3.6132812e+01
   3.7484190e+06   3.8085938e+01
   3.8159220e+06   4.2175293e+01
   3.8159320e+06   4.5959473e+01
   3.8159440e+06   5.2185059e+01
   3.8159570e+06   6.5307617e+01
   3.8159700e+06   7.2631836e+01
   3.8159960e+06   6.4331055e+01
   3.8160200e+06   6.3293457e+01
   3.8160320e+06   5.7800293e+01
   3.8160590e+06   7.4157715e+01
   3.8160750e+06   4.6936035e+01
   3.8160970e+06   7.4768066e+01
   3.8161140e+06   6.2866211e+01
   3.8161240e+06   3.7963867e+01
   3.8161440e+06   6.4147949e+01
   3.8161630e+06   7.1228027e+01
   3.8161740e+06   3.9428711e+01
   3.8162060e+06   4.5593262e+01
   3.8162740e+06   4.1625977e+01
   3.8163040e+06   4.1748047e+01
   3.8163350e+06   4.4128418e+01
   3.8163630e+06   4.9926758e+01
   3.8163800e+06   4.3457031e+01
   3.8164340e+06   3.6499023e+01
   3.8164750e+06   3.8879395e+01
   3.8165030e+06   3.9855957e+01
   3.8165600e+06   4.0039062e+01
   3.8166200e+06   4.1625977e+01
   3.8169290e+06   3.7353516e+01
   3.8171190e+06   3.6743164e+01
   3.8173170e+06   3.9855957e+01
   3.8175390e+06   3.5949707e+01
   3.8176970e+06   3.6193848e+01
   3.8190710e+06   3.6315918e+01
   3.8283070e+06   5.2795410e+01
   3.8283220e+06   6.8054199e+01
   3.8283400e+06   4.1625977e+01
   3.8283660e+06   6.4025879e+01
   3.8283910e+06   5.8227539e+01
   3.8284020e+06   5.9448242e+01
   3.8284220e+06   1.0699463e+02
   3.8284380e+06   6.1706543e+01
   3.8284490e+06   5.3100586e+01
   3.8284690e+06   5.5725098e+01
   3.8284910e+06   4.1809082e+01
   3.8285210e+06   7.0556641e+01
   3.8285340e+06   3.6437988e+01
   3.8285600e+06   5.5908203e+01
   3.8285730e+06   4.3579102e+01
   3.8285830e+06   3.7414551e+01
   3.8286300e+06   3.5888672e+01
   3.8286800e+06   3.8757324e+01
   3.8287010e+06   3.7963867e+01
   3.8287300e+06   3.6865234e+01
   3.8287680e+06   3.6926270e+01
   3.8287900e+06   4.8950195e+01
   3.8288810e+06   4.9499512e+01
   3.8289130e+06   4.5776367e+01
   3.8289610e+06   4.1442871e+01
   3.8290250e+06   3.8024902e+01
   3.8291150e+06   4.1076660e+01
   3.8291600e+06   4.8645020e+01
   3.8292000e+06   4.0161133e+01
   3.8292580e+06   3.7109375e+01
   3.8293110e+06   4.9682617e+01
   3.8294360e+06   4.9743652e+01
   3.8294530e+06   4.6386719e+01
   3.8295870e+06   4.1015625e+01
   3.8296370e+06   3.5888672e+01
   3.8298540e+06   3.7292480e+01
   3.8298710e+06   4.4860840e+01
   3.8298960e+06   3.6499023e+01
   3.8299850e+06   4.4738770e+01
   3.8300730e+06   3.9916992e+01
   3.8302200e+06   3.9062500e+01
   3.8303650e+06   4.6813965e+01
   3.8304030e+06   3.7353516e+01
   3.8304330e+06   3.7414551e+01
   3.8305530e+06   3.8635254e+01
   3.8307470e+06   3.6804199e+01
   3.8307730e+06   3.6071777e+01
   3.8308100e+06   3.5522461e+01
   3.8309670e+06   3.9001465e+01
   3.8310320e+06   3.9550781e+01
   3.8312430e+06   4.0283203e+01
   3.8315250e+06   3.6682129e+01
   3.8349310e+06   3.9550781e+01
   3.8365180e+06   3.5827637e+01
   3.8372180e+06   3.5827637e+01
   3.8391490e+06   3.6010742e+01
   3.8418360e+06   3.6743164e+01
   3.8578380e+06   3.8085938e+01
   3.9216540e+06   3.8024902e+01
   3.9221210e+06   3.5644531e+01
   3.9421550e+06   3.5583496e+01
   3.9641590e+06   3.7109375e+01
   3.9642720e+06   4.1625977e+01
   3.9665910e+06   3.5888672e+01
   4.0000340e+06   3.5766602e+01
   4.0189190e+06   3.7292480e+01
   4.0373590e+06   3.6437988e+01
   4.0519800e+06   4.8461914e+01
   4.0541790e+06   3.5583496e+01
   4.0552480e+06   3.5522461e+01
   4.0554820e+06   3.6621094e+01
   4.0673610e+06   4.0405273e+01
   4.0814540e+06   3.7414551e+01
   4.1030830e+06   4.3151855e+01
   4.1166440e+06   4.1870117e+01
   4.1174660e+06   3.6621094e+01
   4.1348480e+06   3.8696289e+01
   4.1352430e+06   4.0893555e+01
   4.1649580e+06   3.6254883e+01
   4.1649900e+06   3.7109375e+01
   4.1891550e+06   3.9489746e+01
   4.2437880e+06   3.6743164e+01
   4.2479170e+06   3.5705566e+01
   4.2633450e+06   4.1381836e+01
   4.3106210e+06   3.5827637e+01
   4.3168220e+06   4.4677734e+01
   4.3392200e+06   3.5827637e+01
   4.3394690e+06   3.6071777e+01
   4.3521580e+06   3.9184570e+01
   4.3548640e+06   3.6560059e+01
   4.3717410e+06   4.0161133e+01
   4.3729390e+06   3.6132812e+01
   4.3752610e+06   3.6560059e+01
   4.3924000e+06   3.5705566e+01
   4.3925700e+06   3.6254883e+01
   4.3944410e+06   3.6743164e+01
   4.3947170e+06   3.7719727e+01
   4.4128970e+06   4.4494629e+01
   4.4161350e+06   3.6743164e+01
   4.4163030e+06   3.9062500e+01
   4.4166230e+06   4.1931152e+01
   4.4419810e+06   3.6621094e+01
   4.4421620e+06   3.6926270e+01
   4.4430440e+06   3.6437988e+01
   4.4462130e+06   3.5522461e+01
   4.4664640e+06   3.7170410e+01
   4.4665940e+06   3.9367676e+01
   4.4666760e+06   4.2419434e+01
   4.4666960e+06   3.8024902e+01
   4.4951230e+06   3.6071777e+01
   4.4951650e+06   3.6315918e+01
   4.4951960e+06   4.1320801e+01
   4.5211230e+06   3.9611816e+01
   4.5430380e+06   3.6499023e+01
   4.5647400e+06   4.1992188e+01
   4.5648590e+06   3.6560059e+01
   4.5666080e+06   4.1442871e+01
   4.5922610e+06   4.1137695e+01
   4.5924340e+06   3.8269043e+01
   4.5944060e+06   3.7841797e+01
   4.6107410e+06   3.9184570e+01
   4.6108620e+06   3.7292480e+01
   4.6108820e+06   3.7109375e+01
   4.6109480e+06   3.6193848e+01
   4.6382540e+06   4.4372559e+01
   4.6386940e+06   3.8574219e+01
   4.6392900e+06   3.6804199e+01
   4.6661000e+06   3.6437988e+01
   4.6661750e+06   3.5827637e+01
   4.6662970e+06   3.6437988e+01
   4.6663900e+06   3.7963867e+01
   4.6947280e+06   3.8208008e+01
   4.6947560e+06   3.6499023e+01
   4.6951600e+06   3.6071777e+01
   4.6955590e+06   3.5583496e+01
   4.6964020e+06   4.2175293e+01
   4.6983390e+06   3.9794922e+01
   4.7140150e+06   6.0607910e+01
   4.7140250e+06   9.3750000e+01
   4.7140460e+06   7.5073242e+01
   4.7140740e+06   8.5205078e+01
   4.7140960e+06   6.1096191e+01
   4.7141120e+06   4.0771484e+01
   4.7141230e+06   9.1735840e+01
   4.7141370e+06   3.6499023e+01
   4.7141510e+06   9.2346191e+01
   4.7141690e+06   5.8410645e+01
   4.7141980e+06   6.2438965e+01
   4.7142080e+06   4.7363281e+01
   4.7142390e+06   4.9255371e+01
   4.7142530e+06   5.4443359e+01
   4.7142820e+06   4.9987793e+01
   4.7143100e+06   4.5959473e+01
   4.7143600e+06   4.5043945e+01
   4.7144020e+06   3.5827637e+01
   4.7144740e+06   3.8574219e+01
   4.7145100e+06   3.8269043e+01
   4.7145200e+06   3.7353516e+01
   4.7146270e+06   5.2551270e+01
   4.7147460e+06   3.6682129e+01
   4.7148710e+06   4.6752930e+01
   4.7150000e+06   3.8269043e+01
   4.7150800e+06   3.6743164e+01
   4.7153270e+06   4.9011230e+01
   4.7153560e+06   3.6132812e+01
   4.7155530e+06   4.0161133e+01
   4.7311830e+06   3.6315918e+01
   4.7471770e+06   3.7353516e+01
   4.7472910e+06   3.9794922e+01
   4.7473640e+06   3.5888672e+01
   4.7476210e+06   3.7231445e+01
   4.7482790e+06   3.9367676e+01
   4.7485440e+06   3.6621094e+01
   4.7724320e+06   3.7658691e+01
   4.7730840e+06   3.9916992e+01
   4.7741700e+06   3.6560059e+01
   4.7749730e+06   4.0283203e+01
   4.7751110e+06   4.0405273e+01
   4.7980760e+06   3.5522461e+01
   4.7982950e+06   3.5949707e+01
   4.7983410e+06   3.5949707e+01
   4.8016910e+06   4.2419434e+01
   4.8031370e+06   3.6499023e+01
   4.8262320e+06   5.0720215e+01
   4.8263460e+06   4.4067383e+01
   4.8263660e+06   3.6865234e+01
   4.8265070e+06   3.8879395e+01
   4.8479240e+06   3.6499023e+01
   4.8481280e+06   3.7902832e+01
   4.8492780e+06   3.5583496e+01
   4.8683140e+06   3.9123535e+01
   4.8683400e+06   3.6254883e+01
   4.8685890e+06   3.5522461e+01
   4.8686150e+06   3.6193848e+01
   4.8689410e+06   3.6437988e+01
   4.8875000e+06   3.6254883e+01
   4.8889100e+06   3.8208008e+01
   4.8889730e+06   4.5959473e+01
   4.9160220e+06   3.7170410e+01
   4.9161410e+06   3.7109375e+01
   4.9188890e+06   4.5654297e+01
   4.9408670e+06   4.1442871e+01
   4.9420390e+06   3.8208008e+01
   4.9671430e+06   3.7109375e+01
   4.9677810e+06   4.0771484e+01
   4.9689070e+06   3.6499023e+01
   4.9943170e+06   3.5949707e+01
   4.9944790e+06   3.5705566e+01
   4.9949860e+06   3.5522461e+01
   4.9950540e+06   3.8696289e+01
   4.9954160e+06   4.1259766e+01
   5.0226580e+06   4.1625977e+01
   5.0229900e+06   4.0039063e+01
   5.0518370e+06   3.9978027e+01
   5.0520390e+06   4.9499512e+01
   5.0521060e+06   3.9306641e+01
   5.0530670e+06   4.4433594e+01
   5.0537530e+06   3.6315918e+01
   5.0736930e+06   4.1687012e+01
   5.0738750e+06   4.2907715e+01
   5.0742040e+06   3.8757324e+01
   5.0754700e+06   3.6254883e+01
   5.1004330e+06   4.2724609e+01
   5.1020570e+06   4.2541504e+01
   5.1021920e+06   4.2114258e+01
   5.1023300e+06   4.5532227e+01
   5.1025150e+06   4.2114258e+01
   5.1027990e+06   3.9428711e+01
   5.1034580e+06   3.5766602e+01
   5.1344680e+06   4.2785645e+01
   5.1347680e+06   4.2724609e+01
   5.1350880e+06   3.8024902e+01
   5.1354990e+06   3.6743164e+01
   5.1619370e+06   3.6071777e+01
   5.1623020e+06   4.5410156e+01
   5.1626260e+06   3.6804199e+01
   5.1656230e+06   3.9123535e+01
   5.1751720e+06   4.4494629e+01
   5.1751950e+06   5.9814453e+01
   5.1752140e+06   5.7067871e+01
   5.1752400e+06   6.4270020e+01
   5.1752560e+06   6.1279297e+01
   5.1752710e+06   5.7434082e+01
   5.1752840e+06   4.9011230e+01
   5.1753000e+06   4.1015625e+01
   5.1753280e+06   7.3608398e+01
   5.1753580e+06   5.4382324e+01
   5.1753930e+06   7.1533203e+01
   5.1754210e+06   3.9428711e+01
   5.1754470e+06   4.4799805e+01
   5.1754660e+06   4.0405273e+01
   5.1754790e+06   5.0781250e+01
   5.1755200e+06   4.7363281e+01
   5.1755470e+06   4.1015625e+01
   5.1755640e+06   4.2480469e+01
   5.1755950e+06   5.0476074e+01
   5.1756190e+06   3.6132812e+01
   5.1756460e+06   5.3100586e+01
   5.1758090e+06   4.2968750e+01
   5.1760230e+06   3.7536621e+01
   5.1760760e+06   3.8330078e+01
   5.1762130e+06   3.6010742e+01
   5.1765500e+06   4.2236328e+01
   5.1767580e+06   4.0161133e+01
   5.1969550e+06   3.6254883e+01
   5.1970490e+06   4.6447754e+01
   5.1975030e+06   4.0100098e+01
   5.1975540e+06   3.9855957e+01
   5.1979090e+06   3.5522461e+01
   5.1984580e+06   3.6743164e+01
   5.1999900e+06   3.6865234e+01
   5.2184440e+06   4.7485352e+01
   5.2184840e+06   3.7719727e+01
   5.2185080e+06   4.0100098e+01
   5.2199840e+06   3.7475586e+01
   5.2431200e+06   3.8635254e+01
   5.2737640e+06   3.5949707e+01
   5.2745720e+06   4.1076660e+01
   5.2755110e+06   3.7475586e+01
   5.2969240e+06   3.7414551e+01
   5.3233300e+06   4.3518066e+01
   5.3241620e+06   3.6804199e+01
   5.3249760e+06   3.8391113e+01
   5.3481130e+06   3.9733887e+01
   5.3484580e+06   4.1137695e+01
   5.3780560e+06   4.2480469e+01
   5.4014070e+06   3.7170410e+01
   5.4356540e+06   4.6691895e+01
   5.4699740e+06   3.5827637e+01
   5.6376190e+06   4.1320801e+01
   5.6376430e+06   8.5998535e+01
   5.6376640e+06   4.9011230e+01
   5.6376980e+06   4.3151855e+01
   5.6377170e+06   4.7912598e+01
   5.6377370e+06   6.5002441e+01
   5.6377560e+06   4.3640137e+01
   5.6377710e+06   4.8278809e+01
   5.6377860e+06   6.4575195e+01
   5.6378080e+06   4.0466309e+01
   5.6378180e+06   3.6926270e+01
   5.6378380e+06   4.3395996e+01
   5.6378710e+06   5.7739258e+01
   5.6378820e+06   4.4860840e+01
   5.6379120e+06   4.4372559e+01
   5.6379380e+06   3.8330078e+01
   5.6379600e+06   3.5888672e+01
   5.6380840e+06   4.0893555e+01
   5.6382080e+06   4.4128418e+01
   5.6382510e+06   5.5725098e+01
   5.6383110e+06   4.5776367e+01
   5.6383370e+06   4.0466309e+01
   5.6384710e+06   4.5654297e+01
   5.6385060e+06   5.0720215e+01
   5.6386280e+06   3.7414551e+01
   5.6386800e+06   3.8513184e+01
   5.6387790e+06   3.5705566e+01
   5.6387970e+06   3.8940430e+01
   5.6388600e+06   4.5715332e+01
   5.6389060e+06   3.9916992e+01
   5.6390340e+06   3.6010742e+01
   5.6391190e+06   4.1992188e+01
   5.6392140e+06   3.9367676e+01
   5.6396360e+06   3.7170410e+01
   5.6398890e+06   3.8879395e+01
   5.6401410e+06   3.5705566e+01
   5.6478300e+06   3.7780762e+01
   5.6481910e+06   3.7353516e+01
   5.6482890e+06   3.5522461e+01
   5.6485800e+06   4.0527344e+01
   5.6486510e+06   4.3029785e+01
   5.6487420e+06   3.6437988e+01
   5.6487540e+06   6.0241699e+01
   5.6487690e+06   3.9794922e+01
   5.6487830e+06   6.3110352e+01
   5.6488110e+06   5.8105469e+01
   5.6488220e+06   6.7871094e+01
   5.6488430e+06   4.7729492e+01
   5.6488550e+06   3.6254883e+01
   5.6488890e+06   4.3395996e+01
   5.6489010e+06   5.4809570e+01
   5.6489250e+06   4.5776367e+01
   5.6489380e+06   5.5358887e+01
   5.6489730e+06   4.5776367e+01
   5.6489860e+06   5.1147461e+01
   5.6490150e+06   3.8208008e+01
   5.6490400e+06   4.0161133e+01
   5.6490660e+06   4.4799805e+01
   5.6491310e+06   3.7902832e+01
   5.6491480e+06   5.3222656e+01
   5.6491900e+06   4.1381836e+01
   5.6492480e+06   3.5644531e+01
   5.6492810e+06   4.0161133e+01
   5.6493140e+06   4.1137695e+01
   5.6493480e+06   3.6376953e+01
   5.6493740e+06   4.1931152e+01
   5.6493900e+06   3.6865234e+01
   5.6495060e+06   3.5827637e+01
   5.6496070e+06   4.5959473e+01
   5.6496660e+06   3.5766602e+01
   5.6496940e+06   3.9794922e+01
   5.6498870e+06   3.6926270e+01
   5.6499410e+06   4.0588379e+01
   5.6499830e+06   4.1809082e+01
   5.6500320e+06   3.6132812e+01
   5.6500720e+06   4.4250488e+01
   5.6501630e+06   3.5766602e+01
   5.6502980e+06   4.7912598e+01
   5.6503890e+06   3.8696289e+01
   5.6504280e+06   4.0527344e+01
   5.6504840e+06   3.9489746e+01
   5.6505900e+06   3.5644531e+01
   5.6506400e+06   3.7963867e+01
   5.6507830e+06   4.1320801e+01
   5.6508140e+06   3.6865234e+01
   5.6508330e+06   3.9855957e+01
   5.6509400e+06   3.5827637e+01
   5.6510040e+06   3.9855957e+01
   5.6511610e+06   4.1809082e+01
   5.6516720e+06   4.7546387e+01
   5.6518300e+06   3.8330078e+01
   5.6545890e+06   3.9489746e+01
   5.6564670e+06   3.5583496e+01
   5.6566200e+06   3.5888672e+01
   5.6608180e+06   3.6743164e+01
   5.6617310e+06   3.6071777e+01
   5.7036070e+06   4.1381836e+01
   5.7037640e+06   3.9916992e+01
   5.7495900e+06   4.1809082e+01
   5.7496500e+06   3.9123535e+01
   5.7498150e+06   3.5949707e+01
   5.7498560e+06   3.9306641e+01
   5.7498840e+06   3.7292480e+01
   5.7499090e+06   3.7353516e+01
   5.7499390e+06   4.4677734e+01
   5.7499650e+06   3.6804199e+01
   5.7499890e+06   4.1564941e+01
   5.7500230e+06   3.7048340e+01
   5.7500480e+06   5.3588867e+01
   5.7500680e+06   7.5561523e+01
   5.7500830e+06   6.2744141e+01
   5.7501010e+06   4.0039062e+01
   5.7501220e+06   5.4931641e+01
   5.7501480e+06   4.1320801e+01
   5.7501710e+06   5.2612305e+01
   5.7502000e+06   6.8908691e+01
   5.7502220e+06   5.4931641e+01
   5.7502480e+06   6.9580078e+01
   5.7502690e+06   4.9743652e+01
   5.7502800e+06   5.6213379e+01
   5.7503080e+06   5.0231934e+01
   5.7503330e+06   5.3527832e+01
   5.7503470e+06   4.9926758e+01
   5.7503750e+06   3.8330078e+01
   5.7503990e+06   4.6936035e+01
   5.7504250e+06   4.6081543e+01
   5.7505080e+06   4.0771484e+01
   5.7505220e+06   4.5166016e+01
   5.7505780e+06   3.6315918e+01
   5.7506850e+06   3.5522461e+01
   5.7508770e+06   3.6743164e+01
   5.7508910e+06   3.7597656e+01
   5.7511640e+06   3.6437988e+01
   5.7513130e+06   3.9916992e+01
   5.7520600e+06   4.1687012e+01
   5.7745680e+06   3.7475586e+01
   5.7752420e+06   3.6865234e+01
   5.7757000e+06   3.7658691e+01
   5.7759840e+06   3.7658691e+01
   5.7760210e+06   3.7353516e+01
   5.7760350e+06   4.0283203e+01
   5.7761550e+06   5.5236816e+01
   5.7762660e+06   3.6193848e+01
   5.7762920e+06   3.6682129e+01
   5.7763490e+06   3.7841797e+01
   5.7763980e+06   3.6071777e+01
   5.7764250e+06   3.7048340e+01
   5.7764390e+06   3.8818359e+01
   5.7765610e+06   3.9428711e+01
   5.7765720e+06   4.3334961e+01
   5.7766170e+06   4.6447754e+01
   5.7766450e+06   4.6203613e+01
   5.7767550e+06   3.5827637e+01
   5.7768240e+06   3.9123535e+01
   5.7776600e+06   4.3212891e+01
   5.8320350e+06   3.5705566e+01
   5.8320540e+06   4.1259766e+01
   5.8321020e+06   4.3273926e+01
   5.8322490e+06   3.8024902e+01
   5.8323200e+06   3.8208008e+01
   5.8328960e+06   4.1198730e+01
   5.8551360e+06   3.9245605e+01
   5.8554690e+06   4.0710449e+01
   5.8555510e+06   4.0527344e+01
   5.8556400e+06   3.6376953e+01
   5.8561540e+06   3.7414551e+01
   5.8879820e+06   3.7353516e+01
   5.9148580e+06   3.5644531e+01
   5.9150140e+06   4.2785645e+01
   5.9151280e+06   3.5583496e+01
   5.9155850e+06   3.9428711e+01
   5.9157820e+06   3.9123535e+01
   5.9613940e+06   3.8757324e+01
   5.9616720e+06   4.4372559e+01
   5.9618920e+06   3.8574219e+01
   5.9619500e+06   3.5583496e+01
   5.9622560e+06   3.6499023e+01
   5.9624940e+06   3.9428711e+01
   6.0123620e+06   3.5949707e+01
   6.0124470e+06   3.8024902e+01
   6.0124940e+06   4.4555664e+01
   6.0125440e+06   3.7109375e+01
   6.0126730e+06   3.6437988e+01
   6.0128470e+06   3.7719727e+01
   6.0132960e+06   4.0161133e+01
   6.0574500e+06   4.5959473e+01
   6.0576240e+06   4.0466309e+01
   6.0576580e+06   3.6376953e+01
   6.0577970e+06   3.5644531e+01
   6.0580270e+06   3.8513184e+01
   6.1074810e+06   3.7292480e+01
   6.1076060e+06   3.6132812e+01
   6.1087490e+06   3.8452148e+01
   6.1670500e+06   3.7048340e+01
   6.2069160e+06   3.8085938e+01
   6.2460700e+06   3.6193848e+01
   6.2940780e+06   3.8818359e+01
   6.3665000e+06   4.0405273e+01
   6.3928090e+06   4.5349121e+01
   6.3940240e+06   3.6315918e+01
   6.4339420e+06   3.8513184e+01
   6.5285780e+06   4.1137695e+01
   6.5458090e+06   3.8208008e+01
   6.5676350e+06   3.5583496e+01
   6.5989260e+06   3.8574219e+01
   6.5991200e+06   4.1259766e+01
   6.6220100e+06   4.7119141e+01
   6.6485970e+06   3.6010742e+01
   6.6532410e+06   3.9123535e+01
   6.6533860e+06   3.7902832e+01
   6.6714040e+06   3.5766602e+01
   6.6717400e+06   3.5583496e+01
   6.6919370e+06   3.8757324e+01
   6.6928400e+06   3.9855957e+01
   6.6929910e+06   3.5705566e+01
   6.6946870e+06   3.7231445e+01
   6.6948990e+06   3.8208008e+01
   6.7185670e+06   3.7475586e+01
   6.7188230e+06   3.9672852e+01
   6.7403760e+06   4.3395996e+01
   6.7403950e+06   3.8330078e+01
   6.7416510e+06   3.8208008e+01
   6.7416940e+06   3.5766602e+01
   6.7608390e+06   3.5766602e+01
   6.7608620e+06   4.3334961e+01
   6.7620470e+06   4.2480469e+01
   6.7640700e+06   4.4616699e+01
   6.8075830e+06   3.9489746e+01
   6.8077080e+06   4.3945312e+01
   6.8079060e+06   3.9550781e+01
   6.8090750e+06   3.6682129e+01
   6.8092920e+06   3.6682129e+01
   6.8320360e+06   3.7536621e+01
   6.8320720e+06   4.3334961e+01
   6.8341000e+06   3.6560059e+01
   6.8570620e+06   3.7353516e+01
   6.8571360e+06   3.6499023e+01
   6.8572300e+06   3.5644531e+01
   6.8573120e+06   3.7963867e+01
   6.8573300e+06   4.0466309e+01
   6.8597840e+06   3.9367676e+01
   6.8892230e+06   3.7170410e+01
   6.8892570e+06   3.7109375e+01
   6.8893710e+06   4.1198730e+01
   6.8894150e+06   4.4982910e+01
   6.9165200e+06   3.7170410e+01
   6.9176740e+06   3.7109375e+01
   6.9177160e+06   3.9428711e+01
   6.9446140e+06   3.7048340e+01
   6.9446950e+06   3.9367676e+01
   6.9448000e+06   3.9123535e+01
   6.9448900e+06   4.0161133e+01
   6.9456680e+06   4.1870117e+01
   6.9695610e+06   3.7048340e+01
   6.9696090e+06   4.0832520e+01
   6.9698260e+06   4.6447754e+01
   6.9699990e+06   4.6020508e+01
   6.9700750e+06   4.9255371e+01
   6.9700900e+06   3.7475586e+01
   6.9701630e+06   5.8593750e+01
   6.9701810e+06   4.0466309e+01
   6.9702100e+06   3.8391113e+01
   6.9702370e+06   4.8767090e+01
   6.9702650e+06   4.4677734e+01
   6.9703070e+06   4.3334961e+01
   6.9703240e+06   4.9438477e+01
   6.9703400e+06   4.6936035e+01
   6.9703550e+06   3.5644531e+01
   6.9703770e+06   4.6020508e+01
   6.9704000e+06   5.5603027e+01
   6.9704260e+06   5.3955078e+01
   6.9704480e+06   7.0861816e+01
   6.9704640e+06   5.7922363e+01
   6.9704960e+06   9.6679688e+01
   6.9705100e+06   3.9794922e+01
   6.9705360e+06   7.7087402e+01
   6.9705650e+06   6.9091797e+01
   6.9707050e+06   4.3212891e+01
   6.9707360e+06   4.6630859e+01
   6.9707760e+06   4.1809082e+01
   6.9708290e+06   3.7902832e+01
   6.9708780e+06   5.0842285e+01
   6.9709960e+06   3.6804199e+01
   6.9710240e+06   5.0598145e+01
   6.9711690e+06   3.8269043e+01
   6.9712340e+06   4.2297363e+01
   6.9715490e+06   4.4677734e+01
   6.9717730e+06   5.2062988e+01
   6.9832930e+06   3.8024902e+01
   6.9833440e+06   3.8635254e+01
   6.9833800e+06   3.8818359e+01
   6.9834050e+06   4.1076660e+01
   6.9834450e+06   4.7058105e+01
   6.9834780e+06   3.7536621e+01
   6.9834980e+06   3.7902832e+01
   6.9835410e+06   3.5705566e+01
   6.9835930e+06   3.7170410e+01
   6.9836500e+06   3.7658691e+01
   6.9836770e+06   4.7546387e+01
   6.9836980e+06   3.5949707e+01
   6.9837100e+06   4.5166016e+01
   6.9837290e+06   7.9833984e+01
   6.9837740e+06   4.5043945e+01
   6.9837980e+06   7.4279785e+01
   6.9838250e+06   5.7922363e+01
   6.9838360e+06   7.5134277e+01
   6.9838470e+06   8.6914062e+01
   6.9838620e+06   6.2805176e+01
   6.9838970e+06   5.7678223e+01
   6.9839100e+06   4.5043945e+01
   6.9839200e+06   5.1269531e+01
   6.9839410e+06   3.8879395e+01
   6.9839590e+06   4.9072266e+01
   6.9839800e+06   4.4616699e+01
   6.9840190e+06   3.9245605e+01
   6.9840460e+06   3.6071777e+01
   6.9840830e+06   4.2358398e+01
   6.9840940e+06   4.8950195e+01
   6.9841390e+06   4.2053223e+01
   6.9842070e+06   3.9001465e+01
   6.9842200e+06   3.9001465e+01
   6.9842470e+06   4.3212891e+01
   6.9842940e+06   5.1452637e+01
   6.9843480e+06   4.5898438e+01
   6.9843920e+06   3.6804199e+01
   6.9844360e+06   3.8818359e+01
   6.9845840e+06   4.0832520e+01
   6.9848090e+06   4.3579102e+01
   6.9848370e+06   3.5705566e+01
   6.9853480e+06   3.5766602e+01
   6.9856610e+06   3.8879395e+01
   7.0275930e+06   4.4006348e+01
   7.0276680e+06   3.9672852e+01
   7.0276960e+06   3.6560059e+01
   7.0283240e+06   3.8085938e+01
   7.0295910e+06   3.7475586e+01
   7.0503480e+06   3.6621094e+01
   7.0504210e+06   4.0283203e+01
   7.0509230e+06   4.1381836e+01
   7.0509970e+06   3.7536621e+01
   7.0521080e+06   3.7475586e+01
   7.0709920e+06   3.9550781e+01
   7.0714120e+06   4.4738770e+01
   7.0908230e+06   4.3762207e+01
   7.0915370e+06   3.5766602e+01
   7.0920540e+06   4.4067383e+01
   7.1125930e+06   3.7963867e+01
   7.1127670e+06   3.7658691e+01
   7.1351340e+06   3.7231445e+01
   7.1353430e+06   3.5766602e+01
   7.1360340e+06   3.6560059e+01
   7.1431960e+06   4.1198730e+01
   7.1432140e+06   3.6132812e+01
   7.1432400e+06   6.4575195e+01
   7.1432570e+06   7.1411133e+01
   7.1432710e+06   4.4067383e+01
   7.1432950e+06   9.0332031e+01
   7.1433240e+06   5.4077148e+01
   7.1433420e+06   8.0505371e+01
   7.1433520e+06   6.1157227e+01
   7.1433820e+06   7.4340820e+01
   7.1433940e+06   4.0527344e+01
   7.1434070e+06   4.2114258e+01
   7.1434440e+06   5.0415039e+01
   7.1434630e+06   4.1259766e+01
   7.1434890e+06   4.7119141e+01
   7.1435080e+06   4.1503906e+01
   7.1435230e+06   4.3945312e+01
   7.1435490e+06   4.8889160e+01
   7.1436380e+06   4.3518066e+01
   7.1436590e+06   3.8452148e+01
   7.1436830e+06   4.0710449e+01
   7.1437230e+06   4.2175293e+01
   7.1437530e+06   3.9855957e+01
   7.1437860e+06   3.7963867e+01
   7.1438030e+06   3.6315918e+01
   7.1438380e+06   5.6457520e+01
   7.1439120e+06   3.7475586e+01
   7.1439360e+06   3.6193848e+01
   7.1440140e+06   4.0893555e+01
   7.1440290e+06   3.8085938e+01
   7.1441250e+06   3.8208008e+01
   7.1441700e+06   3.8757324e+01
   7.1442560e+06   3.9245605e+01
   7.1443120e+06   3.5583496e+01
   7.1444090e+06   3.6254883e+01
   7.1444950e+06   3.6193848e+01
   7.1453340e+06   3.7658691e+01
   7.1454400e+06   4.1137695e+01
   7.1582770e+06   3.6071777e+01
   7.1583060e+06   7.4768066e+01
   7.1583280e+06   4.8828125e+01
   7.1583410e+06   7.5195312e+01
   7.1583520e+06   5.0048828e+01
   7.1583640e+06   7.2631836e+01
   7.1583820e+06   4.7302246e+01
   7.1584140e+06   8.6608887e+01
   7.1584290e+06   5.6335449e+01
   7.1584470e+06   3.6804199e+01
   7.1584620e+06   7.1228027e+01
   7.1584740e+06   4.5898438e+01
   7.1585010e+06   7.5134277e+01
   7.1585130e+06   5.9997559e+01
   7.1585240e+06   5.9387207e+01
   7.1585450e+06   5.6396484e+01
   7.1585760e+06   3.8757324e+01
   7.1585940e+06   4.3640137e+01
   7.1586070e+06   5.1879883e+01
   7.1586420e+06   4.3579102e+01
   7.1586730e+06   4.9011230e+01
   7.1587080e+06   3.7658691e+01
   7.1587470e+06   5.0048828e+01
   7.1588880e+06   4.3884277e+01
   7.1589840e+06   3.6132812e+01
   7.1590450e+06   3.8635254e+01
   7.1591060e+06   4.1381836e+01
   7.1591340e+06   4.2053223e+01
   7.1592670e+06   3.5705566e+01
   7.1593200e+06   4.0710449e+01
   7.1594130e+06   3.9550781e+01
   7.1594670e+06   4.4189453e+01
   7.1595630e+06   3.7963867e+01
   7.1597300e+06   4.2236328e+01
   7.1601620e+06   3.7048340e+01
   7.1924240e+06   4.0893555e+01
   7.1927210e+06   3.7841797e+01
   7.1929430e+06   4.1503906e+01
   7.1940120e+06   4.2297363e+01
   7.1941730e+06   4.4433594e+01
   7.2136660e+06   3.5827637e+01
   7.2140950e+06   4.2846680e+01
   7.2142210e+06   3.7719727e+01
   7.2146070e+06   4.6752930e+01
   7.2150830e+06   3.8635254e+01
   7.2152870e+06   3.8635254e+01
   7.2153780e+06   3.9184570e+01
   7.2324890e+06   3.6926270e+01
   7.2326170e+06   3.7902832e+01
   7.2330370e+06   3.9794922e+01
   7.2333020e+06   4.0405273e+01
   7.2333380e+06   3.7048340e+01
   7.2335500e+06   3.9184570e+01
   7.2342310e+06   4.0039062e+01
   7.2512350e+06   3.6499023e+01
   7.2514540e+06   3.8635254e+01
   7.2514730e+06   3.6254883e+01
   7.2515520e+06   3.7902832e+01
   7.2516150e+06   3.6682129e+01
   7.2521860e+06   3.5644531e+01
   7.2576850e+06   3.8330078e+01
   7.2577140e+06   4.1870117e+01
   7.2577270e+06   4.9438477e+01
   7.2577540e+06   6.2805176e+01
   7.2577740e+06   6.7749023e+01
   7.2577870e+06   3.7719727e+01
   7.2577990e+06   5.4931641e+01
   7.2578310e+06   6.5490723e+01
   7.2578570e+06   5.5541992e+01
   7.2578840e+06   5.1147461e+01
   7.2579030e+06   5.2062988e+01
   7.2579180e+06   4.3945312e+01
   7.2579470e+06   5.9387207e+01
   7.2579580e+06   4.0954590e+01
   7.2579790e+06   4.5349121e+01
   7.2580650e+06   4.5166016e+01
   7.2580930e+06   3.9428711e+01
   7.2581150e+06   3.7841797e+01
   7.2581600e+06   3.8269043e+01
   7.2582880e+06   3.9550781e+01
   7.2583070e+06   3.7780762e+01
   7.2583720e+06   4.3945312e+01
   7.2584960e+06   4.3579102e+01
   7.2585650e+06   3.6560059e+01
   7.2588020e+06   3.7841797e+01
   7.2593230e+06   3.5644531e+01
   7.2930510e+06   3.8940430e+01
   7.3045750e+06   3.8330078e+01
   7.3048230e+06   4.3029785e+01
   7.3050700e+06   3.7902832e+01
   7.3056190e+06   3.6376953e+01
   7.3071460e+06   4.5654297e+01
   7.3271860e+06   3.6621094e+01
   7.3466150e+06   4.2236328e+01
   7.3467380e+06   3.5766602e+01
   7.3467720e+06   3.9672852e+01
   7.3470500e+06   3.8146973e+01
   7.3490390e+06   3.6987305e+01
   7.3696950e+06   3.7658691e+01
   7.3724230e+06   3.8330078e+01
   7.3938310e+06   3.9489746e+01
   7.3939600e+06   3.7658691e+01
   7.3941380e+06   3.9062500e+01
   7.3953730e+06   3.8940430e+01
   7.4117740e+06   4.0344238e+01
   7.4118770e+06   4.2236328e+01
   7.4124480e+06   4.5166016e+01
   7.4330350e+06   3.8574219e+01
   7.4338300e+06   3.9550781e+01
   7.4341980e+06   3.7719727e+01
   7.4567600e+06   3.8146973e+01
   7.4586560e+06   3.9245605e+01
   7.4757490e+06   3.7963867e+01
   7.4760810e+06   3.9916992e+01
   7.4765540e+06   3.5766602e+01
   7.5008680e+06   3.7048340e+01
   7.5027190e+06   3.6254883e+01
   7.5034070e+06   3.7353516e+01
   7.5232400e+06   4.2907715e+01
   7.5236410e+06   3.8391113e+01
   7.5238250e+06   3.8452148e+01
   7.5239120e+06   3.6315918e+01
   7.5245610e+06   3.5583496e+01
   7.5250530e+06   3.6682129e+01
   7.6017810e+06   3.5583496e+01
   7.6250360e+06   3.5644531e+01
   7.6252210e+06   3.7292480e+01
   7.6252470e+06   3.7780762e+01
   7.6517570e+06   3.7170410e+01
   7.6519780e+06   4.6630859e+01
   7.6528420e+06   3.7963867e+01
   7.6745140e+06   3.9794922e+01
   7.6969610e+06   3.5583496e+01
   7.6969770e+06   4.0405273e+01
   7.7131630e+06   3.8513184e+01
   7.7137400e+06   3.7048340e+01
   7.7396010e+06   3.9978027e+01
   7.7414370e+06   3.8940430e+01
   7.7651310e+06   4.1381836e+01
   7.7652940e+06   4.4555664e+01
   7.7658020e+06   3.6560059e+01
   7.7925050e+06   3.6743164e+01
   7.7926900e+06   3.9733887e+01
   7.7931900e+06   3.6193848e+01
   7.8135930e+06   4.4677734e+01
   7.8141340e+06   3.6315918e+01
   7.8141900e+06   3.5644531e+01
   7.8145470e+06   3.6560059e+01
   7.8377150e+06   3.6682129e+01
   7.8380350e+06   3.9123535e+01
   7.8603710e+06   3.6987305e+01
   7.8615160e+06   3.6560059e+01
   7.8617060e+06   3.6987305e+01
   7.8842310e+06   3.9367676e+01
   7.8847810e+06   3.5949707e+01
   7.8848080e+06   3.5766602e+01
   7.9061390e+06   4.1015625e+01
   7.9063610e+06   4.1809082e+01
   7.9068700e+06   3.7597656e+01
   7.9271040e+06   4.1748047e+01
   7.9272250e+06   3.9550781e+01
   7.9272870e+06   3.5949707e+01
   7.9275830e+06   3.5583496e+01
   7.9508700e+06   3.9550781e+01
   7.9734430e+06   3.7963867e+01
   7.9738370e+06   3.5766602e+01
   8.0226330e+06   4.2541504e+01
   8.0746980e+06   3.6743164e+01
   8.0747550e+06   3.9062500e+01
   8.0968250e+06   3.6560059e+01
   8.1170850e+06   3.6010742e+01
   8.1174060e+06   3.6682129e+01
   8.1179690e+06   3.6254883e+01
   8.1662610e+06   3.7353516e+01
   8.1919570e+06   3.6437988e+01
   8.1920080e+06   5.1452637e+01
   8.1924610e+06   3.8085938e+01
   8.1930770e+06   3.6987305e+01
   8.1947540e+06   4.0954590e+01
   8.2208720e+06   3.9245605e+01
   8.2710240e+06   3.7536621e+01
   8.2726070e+06   4.3884277e+01
   8.2942510e+06   4.1320801e+01
   8.3258390e+06   3.7475586e+01
   8.3259510e+06   4.1931152e+01
   8.3260760e+06   3.8024902e+01
   8.3260880e+06   3.5949707e+01
   8.3261130e+06   3.6682129e+01
   8.3261430e+06   4.2846680e+01
   8.3261810e+06   3.9672852e+01
   8.3261970e+06   4.9682617e+01
   8.3262160e+06   4.2053223e+01
   8.3262420e+06   3.9367676e+01
   8.3262670e+06   3.8085938e+01
   8.3262890e+06   4.1015625e+01
   8.3263240e+06   4.8156738e+01
   8.3263390e+06   4.3090820e+01
   8.3263710e+06   4.2602539e+01
   8.3263900e+06   7.0617676e+01
   8.3264070e+06   4.9804688e+01
   8.3264310e+06   6.5063477e+01
   8.3264560e+06   5.1330566e+01
   8.3264710e+06   5.1940918e+01
   8.3264970e+06   7.5744629e+01
   8.3265310e+06   6.3537598e+01
   8.3265580e+06   5.0048828e+01
   8.3265900e+06   4.7363281e+01
   8.3266290e+06   6.2805176e+01
   8.3266910e+06   6.0424805e+01
   8.3267150e+06   4.0771484e+01
   8.3268050e+06   3.6376953e+01
   8.3268970e+06   4.6508789e+01
   8.3269100e+06   3.8818359e+01
   8.3269950e+06   4.3518066e+01
   8.3270250e+06   3.6193848e+01
   8.3270710e+06   4.0283203e+01
   8.3272470e+06   3.6376953e+01
   8.3273800e+06   5.4016113e+01
   8.3274170e+06   3.7292480e+01
   8.3275260e+06   4.4433594e+01
   8.3278390e+06   3.6499023e+01
   8.3279380e+06   3.6071777e+01
   8.3284380e+06   3.9794922e+01
   8.3294350e+06   3.6804199e+01
   8.3340660e+06   3.6865234e+01
   8.3342890e+06   3.6987305e+01
   8.3343030e+06   3.8818359e+01
   8.3344300e+06   3.6010742e+01
   8.3346840e+06   3.8757324e+01
   8.3357240e+06   3.6804199e+01
   8.3361200e+06   3.8391113e+01
   8.3362650e+06   3.7353516e+01
   8.3367660e+06   4.2968750e+01
   8.3370040e+06   3.6987305e+01
   8.3377270e+06   3.7719727e+01
   8.3381110e+06   3.6254883e+01
   8.3667470e+06   3.6682129e+01
   8.3989550e+06   4.0039062e+01
   8.3990480e+06   3.8085938e+01
   8.3991470e+06   4.5532227e+01
   8.3992100e+06   3.6437988e+01
   8.3993580e+06   3.7353516e+01
   8.3994100e+06   3.7597656e+01
   8.3995740e+06   4.6325684e+01
   8.3996030e+06   4.0283203e+01
   8.3998230e+06   3.6804199e+01
   8.3999900e+06   4.1503906e+01
   8.4012570e+06   4.4006348e+01
   8.4021180e+06   3.8940430e+01
   8.4300560e+06   3.7109375e+01
   8.4302450e+06   4.1076660e+01
   8.4303340e+06   3.9245605e+01
   8.4304430e+06   4.9133301e+01
   8.4311600e+06   3.9306641e+01
   8.4610240e+06   3.9489746e+01
   8.4610500e+06   3.8146973e+01
   8.4610990e+06   3.6315918e+01
   8.4611680e+06   3.6193848e+01
   8.4611940e+06   4.1015625e+01
   8.4617390e+06   4.4616699e+01
   8.4619790e+06   4.4494629e+01
   8.4623760e+06   3.7292480e+01
   8.4964780e+06   3.6926270e+01
   8.4965490e+06   3.6376953e+01
   8.4966410e+06   5.3283691e+01
   8.4967640e+06   4.2358398e+01
   8.4968840e+06   4.2419434e+01
   8.4970070e+06   3.7048340e+01
   8.4970570e+06   4.0283203e+01
   8.4971350e+06   3.7719727e+01
   8.4976870e+06   3.8146973e+01
   8.4983150e+06   3.7231445e+01
   8.5262480e+06   4.4616699e+01
   8.5263040e+06   3.6987305e+01
   8.5267760e+06   3.8513184e+01
   8.5276140e+06   3.7475586e+01
   8.5626390e+06   4.3334961e+01
   8.5631460e+06   3.8574219e+01
   8.5632850e+06   3.5766602e+01
   8.5634400e+06   3.7048340e+01
   8.5952780e+06   3.6743164e+01
   8.5954010e+06   3.6621094e+01
   8.5954950e+06   3.7963867e+01
   8.5955190e+06   4.1259766e+01
   8.5955690e+06   3.9794922e+01
   8.5956220e+06   3.9367676e+01
   8.5956780e+06   3.8818359e+01
   8.5957310e+06   3.7963867e+01
   8.6300030e+06   3.5583496e+01
   8.6301300e+06   3.5949707e+01
   8.6302280e+06   3.6560059e+01
   8.6303520e+06   4.1870117e+01
   8.6304030e+06   3.5644531e+01
   8.6307380e+06   3.6865234e+01
   8.6310270e+06   3.7597656e+01
   8.6322280e+06   4.1809082e+01
   8.6714280e+06   3.7780762e+01
   8.6716140e+06   3.7109375e+01
   8.6716950e+06   3.7597656e+01
   8.6717430e+06   3.6987305e+01
   8.6717920e+06   3.6743164e+01
   8.6718230e+06   3.9123535e+01
   8.6718920e+06   4.4067383e+01
   8.6721400e+06   3.8330078e+01
   8.6725790e+06   3.7719727e+01
   8.7283450e+06   3.7048340e+01
   8.7284330e+06   3.5888672e+01
   8.7284930e+06   3.7353516e+01
   8.7286330e+06   4.3090820e+01
   8.7287270e+06   5.8837891e+01
   8.7288410e+06   3.7719727e+01
   8.7572100e+06   3.9794922e+01
   8.7574230e+06   3.7353516e+01
   8.7574860e+06   4.4128418e+01
   8.7575380e+06   3.5766602e+01
   8.7576180e+06   3.5888672e+01
   8.7577990e+06   3.6743164e+01
   8.8023840e+06   3.5827637e+01
   8.8025680e+06   3.8696289e+01
   8.8026690e+06   4.9926758e+01
   8.8028460e+06   3.5644531e+01
   8.8029260e+06   4.7546387e+01
   8.8029580e+06   3.6193848e+01
   8.8035020e+06   3.6621094e+01
   8.8433580e+06   3.6682129e+01
   8.8434510e+06   3.5644531e+01
   8.8434860e+06   3.5583496e+01
   8.8435830e+06   3.8146973e+01
   8.8903750e+06   4.2175293e+01
   8.8905100e+06   4.1503906e+01
   8.8905480e+06   4.2236328e+01
   8.8906670e+06   3.8574219e+01
   8.8907410e+06   4.2175293e+01
   8.8910640e+06   3.5766602e+01
   8.9274070e+06   3.8391113e+01
   8.9278990e+06   3.6437988e+01
   8.9280610e+06   4.2236328e+01
   8.9281330e+06   3.7902832e+01
   8.9855710e+06   3.7536621e+01
   8.9855920e+06   4.0283203e+01
   8.9862870e+06   4.1564941e+01
   8.9863180e+06   3.9001465e+01
