   1.1996000e+07   0.0000000e+00
   2.4418000e+04   3.8269043e+01
   9.1867000e+04   4.2114258e+01
   9.2094000e+04   4.5776367e+01
   9.2210000e+04   4.0710449e+01
   9.2365000e+04   8.6975098e+01
   9.2375000e+04   4.0100098e+01
   9.2390000e+04   4.8156738e+01
   9.2404000e+04   4.9316406e+01
   9.2433000e+04   4.6020508e+01
   9.2450000e+04   6.5368652e+01
   9.2470000e+04   4.0405273e+01
   9.2481000e+04   5.0537109e+01
   9.2492000e+04   4.7363281e+01
   9.2513000e+04   4.7851563e+01
   9.2534000e+04   5.5358887e+01
   9.2575000e+04   4.4738770e+01
   9.2619000e+04   4.8583984e+01
   9.2727000e+04   5.1452637e+01
   9.2744000e+04   3.8085938e+01
   9.2814000e+04   5.3833008e+01
   9.2922000e+04   3.9001465e+01
   9.2982000e+04   4.2602539e+01
   9.3184000e+04   4.2358398e+01
   9.3218000e+04   4.2053223e+01
   9.3311000e+04   4.4494629e+01
   9.3616000e+04   4.2358398e+01
   9.3746000e+04   4.0344238e+01
   9.3781000e+04   4.1503906e+01
   9.3896000e+04   4.1320801e+01
   9.4067000e+04   3.9672852e+01
   9.4585000e+04   3.9550781e+01
   9.4720000e+04   3.9062500e+01
   9.4857000e+04   3.8940430e+01
   9.4883000e+04   4.6997070e+01
   9.5375000e+04   3.8208008e+01
   1.0183500e+05   4.0161133e+01
   1.3114100e+05   3.8452148e+01
   1.3167800e+05   4.1015625e+01
   1.3192800e+05   4.3518066e+01
   1.3197200e+05   3.7963867e+01
   1.3199300e+05   4.9499512e+01
   1.3201600e+05   4.5654297e+01
   1.3203900e+05   5.8837891e+01
   1.3205000e+05   6.1279297e+01
   1.3208300e+05   9.7900391e+01
   1.3211200e+05   4.4494629e+01
   1.3212700e+05   5.5603027e+01
   1.3214700e+05   7.8125000e+01
   1.3216200e+05   4.2114258e+01
   1.3220000e+05   6.1767578e+01
   1.3222900e+05   4.3334961e+01
   1.3224400e+05   3.8757324e+01
   1.3226800e+05   4.0222168e+01
   1.3232700e+05   3.9672852e+01
   1.3237700e+05   4.1625977e+01
   1.3239900e+05   4.3884277e+01
   1.3241300e+05   4.0954590e+01
   1.3246000e+05   4.1564941e+01
   1.3249200e+05   5.4565430e+01
   1.3254900e+05   3.8696289e+01
   1.3256800e+05   4.2297363e+01
   1.3260600e+05   4.7912598e+01
   1.3263300e+05   4.5471191e+01
   1.3264800e+05   4.2419434e+01
   1.3269300e+05   4.2785645e+01
   1.3274100e+05   4.2114258e+01
   1.3277900e+05   3.9794922e+01
   1.3281500e+05   4.3395996e+01
   1.3291200e+05   3.9306641e+01
   1.3304100e+05   5.2246094e+01
   1.3315000e+05   3.9367676e+01
   1.3330400e+05   4.7912598e+01
   1.3331900e+05   3.9550781e+01
   1.3357600e+05   3.8635254e+01
   1.3374700e+05   3.8330078e+01
   1.3393900e+05   5.5236816e+01
   1.3396900e+05   3.9306641e+01
   1.3425600e+05   3.8208008e+01
   1.3444300e+05   4.4311523e+01
   1.3449100e+05   4.5471191e+01
   1.3483300e+05   4.1931152e+01
   1.6826900e+05   4.7119141e+01
   1.6927600e+05   4.2724609e+01
   1.6929400e+05   4.2358398e+01
   1.6947300e+05   3.9733887e+01
   1.6952500e+05   3.8513184e+01
   1.6954400e+05   3.8879395e+01
   1.6955400e+05   5.9753418e+01
   1.6958200e+05   4.7851562e+01
   1.6959400e+05   7.8002930e+01
   1.6962500e+05   5.2185059e+01
   1.6964300e+05   4.5959473e+01
   1.6966200e+05   8.2153320e+01
   1.6969700e+05   3.9123535e+01
   1.6972600e+05   5.8593750e+01
   1.6974300e+05   4.6813965e+01
   1.6977400e+05   5.6762695e+01
   1.6979900e+05   5.0598145e+01
   1.6981800e+05   5.3710938e+01
   1.6984600e+05   5.6091309e+01
   1.6997400e+05   3.9062500e+01
   1.7004500e+05   4.5227051e+01
   1.7006800e+05   3.8635254e+01
   1.7010800e+05   4.4799805e+01
   1.7015900e+05   4.2602539e+01
   1.7024700e+05   4.3579102e+01
   1.7029300e+05   4.8583984e+01
   1.7032700e+05   5.0231934e+01
   1.7034200e+05   4.0466309e+01
   1.7040000e+05   4.9926758e+01
   1.7041900e+05   4.1870117e+01
   1.7046400e+05   4.6020508e+01
   1.7057500e+05   4.5471191e+01
   1.7059800e+05   4.7729492e+01
   1.7063100e+05   4.1503906e+01
   1.7072900e+05   3.8818359e+01
   1.7079300e+05   4.1870117e+01
   1.7089100e+05   3.8146973e+01
   1.7096300e+05   3.8513184e+01
   1.7117700e+05   4.0954590e+01
   1.7120100e+05   3.9001465e+01
   1.7150800e+05   3.9367676e+01
   2.0684800e+05   3.8879395e+01
   2.1287900e+05   4.1259766e+01
   2.1358700e+05   4.4189453e+01
   2.1393200e+05   5.5664062e+01
   2.1397200e+05   4.6264648e+01
   2.1399000e+05   6.4331055e+01
   2.1401200e+05   6.0791016e+01
   2.1403300e+05   5.8166504e+01
   2.1405500e+05   5.2795410e+01
   2.1408200e+05   6.6711426e+01
   2.1409900e+05   4.8583984e+01
   2.1411400e+05   3.8391113e+01
   2.1412600e+05   5.0170898e+01
   2.1415500e+05   4.1625977e+01
   2.1419000e+05   4.0588379e+01
   2.1421700e+05   5.2612305e+01
   2.1425200e+05   7.2509766e+01
   2.1428300e+05   3.8696289e+01
   2.1435400e+05   4.1320801e+01
   2.1443800e+05   4.8095703e+01
   2.1448500e+05   4.6508789e+01
   2.1454000e+05   4.2419434e+01
   2.1475300e+05   4.3334961e+01
   2.1476800e+05   6.5368652e+01
   2.1493300e+05   6.8969727e+01
   2.1508900e+05   4.3090820e+01
   2.1533600e+05   4.5532227e+01
   2.1562700e+05   4.0039062e+01
   2.1588500e+05   4.0222168e+01
   2.1618500e+05   4.0466309e+01
   2.1681800e+05   4.3457031e+01
   2.1729000e+05   3.9672852e+01
   2.1757800e+05   3.9794922e+01
   2.5308400e+05   3.9428711e+01
   2.5331600e+05   5.0354004e+01
   2.5354900e+05   3.8452148e+01
   2.5365100e+05   3.9550781e+01
   2.5380300e+05   3.9367676e+01
   2.5381800e+05   4.0527344e+01
   2.5383500e+05   5.1391602e+01
   2.5386100e+05   5.0109863e+01
   2.5388600e+05   3.8940430e+01
   2.5390600e+05   5.6396484e+01
   2.5393900e+05   1.0760498e+02
   2.5396200e+05   6.6772461e+01
   2.5399500e+05   4.1687012e+01
   2.5402000e+05   4.4860840e+01
   2.5403600e+05   4.8156738e+01
   2.5405900e+05   4.0466309e+01
   2.5408700e+05   3.9184570e+01
   2.5410800e+05   6.4025879e+01
   2.5414600e+05   4.1381836e+01
   2.5417800e+05   5.0842285e+01
   2.5420400e+05   5.5969238e+01
   2.5428600e+05   4.2541504e+01
   2.5433100e+05   4.0771484e+01
   2.5436400e+05   4.6020508e+01
   2.5438300e+05   3.8757324e+01
   2.5445500e+05   3.9733887e+01
   2.5447400e+05   4.4921875e+01
   2.5453400e+05   3.9306641e+01
   2.5458600e+05   5.1635742e+01
   2.5489700e+05   4.4921875e+01
   2.5504000e+05   4.3395996e+01
   2.5506900e+05   3.8085938e+01
   2.5510100e+05   4.7363281e+01
   2.5511100e+05   4.0527344e+01
   2.5547700e+05   3.9733887e+01
   2.5553800e+05   3.9611816e+01
   2.5560800e+05   3.8330078e+01
   2.5567100e+05   4.6936035e+01
   2.5600600e+05   3.7902832e+01
   2.5607100e+05   4.1931152e+01
   2.5613300e+05   3.9428711e+01
   2.5619800e+05   4.1015625e+01
   2.9778200e+05   3.9245605e+01
   2.9856400e+05   3.8269043e+01
   2.9862400e+05   3.8208008e+01
   2.9865600e+05   3.8940430e+01
   2.9866700e+05   4.8461914e+01
   2.9869800e+05   3.9611816e+01
   2.9873700e+05   6.3781738e+01
   2.9875100e+05   6.0668945e+01
   2.9878000e+05   6.5917969e+01
   2.9880000e+05   3.9123535e+01
   2.9881500e+05   5.9387207e+01
   2.9886100e+05   5.3833008e+01
   2.9887900e+05   5.1452637e+01
   2.9890700e+05   3.9733887e+01
   2.9896100e+05   6.1218262e+01
   2.9902300e+05   4.6142578e+01
   2.9908100e+05   4.3151855e+01
   2.9909400e+05   3.9672852e+01
   2.9910900e+05   3.9916992e+01
   2.9912600e+05   3.9916992e+01
   2.9913700e+05   4.1320801e+01
   2.9927700e+05   4.6142578e+01
   2.9931000e+05   4.9011230e+01
   2.9936200e+05   4.0588379e+01
   2.9940800e+05   4.1015625e+01
   2.9943000e+05   4.1320801e+01
   2.9950600e+05   4.5593262e+01
   2.9953400e+05   7.2875977e+01
   2.9957000e+05   4.2297363e+01
   2.9962700e+05   4.2358398e+01
   2.9973300e+05   3.9611816e+01
   3.0006800e+05   4.7546387e+01
   3.0034500e+05   3.9978027e+01
   3.0060400e+05   3.9611816e+01
   3.0089600e+05   3.8940430e+01
   4.7975100e+05   3.7963867e+01
   5.0678600e+05   3.7841797e+01
   7.8067500e+05   3.8513184e+01
   8.1103200e+05   4.3762207e+01
   8.2902700e+05   4.1809082e+01
   8.4343400e+05   4.0649414e+01
   8.7242000e+05   3.9367676e+01
   8.7248200e+05   4.7058105e+01
   8.7259600e+05   4.0893555e+01
   8.7262900e+05   6.4331055e+01
   8.7264900e+05   6.3171387e+01
   8.7268400e+05   5.6213379e+01
   8.7269400e+05   6.4636230e+01
   8.7273100e+05   5.2734375e+01
   8.7274700e+05   4.7424316e+01
   8.7275700e+05   3.9062500e+01
   8.7277800e+05   6.1828613e+01
   8.7280200e+05   5.8532715e+01
   8.7284300e+05   3.9184570e+01
   8.7291100e+05   4.3762207e+01
   8.7292200e+05   4.0344238e+01
   8.7299100e+05   4.6752930e+01
   8.7305700e+05   4.7119141e+01
   8.7307800e+05   4.0222168e+01
   8.7319700e+05   7.0068359e+01
   8.7326300e+05   4.4311523e+01
   8.7334400e+05   3.9306641e+01
   8.7337900e+05   4.5715332e+01
   8.7345300e+05   4.3945312e+01
   8.7348100e+05   4.0283203e+01
   8.7377800e+05   4.0466309e+01
   8.7385700e+05   6.4086914e+01
   8.7388600e+05   3.7963867e+01
   8.7407400e+05   4.2480469e+01
   8.7476900e+05   3.8818359e+01
   8.7572200e+05   4.0649414e+01
   8.9074200e+05   3.8024902e+01
   8.9091900e+05   4.0893555e+01
   8.9120900e+05   4.0649414e+01
   8.9123400e+05   4.1137695e+01
   8.9129000e+05   5.0659180e+01
   8.9132500e+05   5.0354004e+01
   8.9135300e+05   1.1901855e+02
   8.9137300e+05   4.0100098e+01
   8.9140200e+05   4.7058105e+01
   8.9141300e+05   4.2541504e+01
   8.9144400e+05   5.9448242e+01
   8.9146200e+05   5.0659180e+01
   8.9147900e+05   4.5227051e+01
   8.9151100e+05   4.3029785e+01
   8.9154200e+05   5.2978516e+01
   8.9157200e+05   5.4077148e+01
   8.9162400e+05   4.0222168e+01
   8.9164800e+05   4.7668457e+01
   8.9166400e+05   3.8085938e+01
   8.9176400e+05   4.1870117e+01
   8.9179400e+05   4.5959473e+01
   8.9183100e+05   4.2114258e+01
   8.9185800e+05   4.2175293e+01
   8.9195200e+05   4.0954590e+01
   8.9196300e+05   4.1076660e+01
   8.9215600e+05   4.3273926e+01
   8.9217700e+05   4.5776367e+01
   8.9245400e+05   4.2358398e+01
   8.9263800e+05   4.2480469e+01
   8.9266400e+05   4.7119141e+01
   8.9268100e+05   3.8330078e+01
   8.9278600e+05   4.1015625e+01
   8.9295500e+05   4.3579102e+01
   8.9311900e+05   4.7912598e+01
   8.9334700e+05   4.0649414e+01
   8.9441100e+05   5.1330566e+01
   8.9449300e+05   4.3762207e+01
   9.1733200e+05   3.9306641e+01
   9.3645500e+05   3.9855957e+01
   9.3683500e+05   3.9123535e+01
   9.3686700e+05   5.2856445e+01
   9.3690500e+05   4.7607422e+01
   9.3692900e+05   5.6518555e+01
   9.3695400e+05   6.6406250e+01
   9.3696600e+05   6.6650391e+01
   9.3699700e+05   6.1828613e+01
   9.3700800e+05   7.0129395e+01
   9.3703700e+05   6.4575195e+01
   9.3705300e+05   4.2968750e+01
   9.3707900e+05   4.3823242e+01
   9.3709600e+05   4.6142578e+01
   9.3710800e+05   5.5664062e+01
   9.3713000e+05   4.7607422e+01
   9.3714200e+05   4.8522949e+01
   9.3717600e+05   4.4372559e+01
   9.3720200e+05   4.5166016e+01
   9.3721900e+05   3.7841797e+01
   9.3727700e+05   4.5349121e+01
   9.3731500e+05   3.8146973e+01
   9.3734000e+05   3.9245605e+01
   9.3750600e+05   3.8940430e+01
   9.3754300e+05   4.3273926e+01
   9.3757900e+05   5.0231934e+01
   9.3759800e+05   4.1687012e+01
   9.3763400e+05   3.7902832e+01
   9.3766800e+05   5.0292969e+01
   9.3771800e+05   3.9733887e+01
   9.3774900e+05   4.4860840e+01
   9.3796900e+05   4.6081543e+01
   9.3799400e+05   3.8818359e+01
   9.3800900e+05   4.4372559e+01
   9.3813600e+05   3.8635254e+01
   9.3814600e+05   4.3090820e+01
   9.3837600e+05   4.1442871e+01
   9.3852500e+05   3.8024902e+01
   9.3874600e+05   3.8269043e+01
   9.3934100e+05   3.9062500e+01
   9.3944300e+05   4.1870117e+01
   9.3970200e+05   4.0832520e+01
   9.4114900e+05   4.0222168e+01
   9.4164800e+05   3.8452148e+01
   9.8167700e+05   4.5837402e+01
   9.8184300e+05   4.0832520e+01
   9.8188900e+05   6.8481445e+01
   9.8196200e+05   7.3669434e+01
   9.8197600e+05   3.8269043e+01
   9.8199700e+05   5.2551270e+01
   9.8202500e+05   1.1517334e+02
   9.8204100e+05   6.0546875e+01
   9.8206000e+05   4.2297363e+01
   9.8210400e+05   4.2663574e+01
   9.8214700e+05   5.2978516e+01
   9.8217600e+05   5.4443359e+01
   9.8222300e+05   6.8603516e+01
   9.8224100e+05   5.9997559e+01
   9.8235000e+05   3.9123535e+01
   9.8236200e+05   5.0720215e+01
   9.8239700e+05   5.6823730e+01
   9.8244700e+05   5.3588867e+01
   9.8248500e+05   3.9306641e+01
   9.8256000e+05   3.8208008e+01
   9.8259000e+05   4.3212891e+01
   9.8261600e+05   4.2663574e+01
   9.8268200e+05   3.8879395e+01
   9.8273000e+05   5.4504395e+01
   9.8284200e+05   3.9184570e+01
   9.8286500e+05   5.2429199e+01
   9.8298400e+05   3.8452148e+01
   9.8300100e+05   4.5715332e+01
   9.8307900e+05   3.8452148e+01
   9.8312900e+05   3.9794922e+01
   9.8343700e+05   4.6325684e+01
   9.8359000e+05   3.8330078e+01
   9.8367500e+05   4.1748047e+01
   1.0072100e+06   3.8879395e+01
   1.0393950e+06   4.2846680e+01
   1.0396180e+06   4.1076660e+01
   1.0397090e+06   3.8574219e+01
   1.0397300e+06   5.0048828e+01
   1.0397540e+06   4.1870117e+01
   1.0397740e+06   7.2509766e+01
   1.0397980e+06   4.6508789e+01
   1.0398090e+06   3.7902832e+01
   1.0398390e+06   5.5541992e+01
   1.0398530e+06   4.4067383e+01
   1.0398700e+06   7.5927734e+01
   1.0399000e+06   8.9904785e+01
   1.0399110e+06   6.7810059e+01
   1.0399430e+06   4.1625977e+01
   1.0399710e+06   5.8105469e+01
   1.0399970e+06   4.4006348e+01
   1.0400090e+06   4.5288086e+01
   1.0400520e+06   4.0527344e+01
   1.0400800e+06   4.1320801e+01
   1.0401210e+06   4.5471191e+01
   1.0401620e+06   4.5288086e+01
   1.0401880e+06   4.3945313e+01
   1.0402710e+06   5.2246094e+01
   1.0403480e+06   4.2968750e+01
   1.0403600e+06   3.8208008e+01
   1.0404330e+06   4.0405273e+01
   1.0405860e+06   4.2907715e+01
   1.0407010e+06   4.0893555e+01
   1.0407250e+06   4.0161133e+01
   1.0408680e+06   4.0283203e+01
   1.0409130e+06   3.9672852e+01
   1.0412860e+06   3.8696289e+01
   1.0414960e+06   3.8391113e+01
   1.0422040e+06   3.8330078e+01
   1.0425000e+06   3.9001465e+01
   1.0882050e+06   3.9855957e+01
   1.1553800e+06   3.9062500e+01
   1.2162330e+06   4.0527344e+01
   1.4184980e+06   4.1503906e+01
   1.4988960e+06   3.9611816e+01
   1.4991260e+06   3.9062500e+01
   1.4991390e+06   3.9733887e+01
   1.4991660e+06   3.8330078e+01
   1.4992730e+06   4.9743652e+01
   1.4993020e+06   8.5205078e+01
   1.4993120e+06   6.4514160e+01
   1.4993370e+06   6.4453125e+01
   1.4993610e+06   7.7514648e+01
   1.4993830e+06   6.7321777e+01
   1.4993940e+06   5.4870605e+01
   1.4994260e+06   4.8583984e+01
   1.4994600e+06   4.4189453e+01
   1.4994860e+06   5.0354004e+01
   1.4995510e+06   4.0710449e+01
   1.4995890e+06   4.8583984e+01
   1.4996140e+06   4.0893555e+01
   1.4996930e+06   4.4250488e+01
   1.4997260e+06   4.2541504e+01
   1.4997540e+06   4.9316406e+01
   1.4997640e+06   3.9367676e+01
   1.4997980e+06   4.1809082e+01
   1.4998450e+06   4.0527344e+01
   1.4998820e+06   4.8156738e+01
   1.4999440e+06   4.0344238e+01
   1.5001480e+06   5.6152344e+01
   1.5003410e+06   3.9001465e+01
   1.5003770e+06   3.9489746e+01
   1.5004140e+06   4.3090820e+01
   1.5004740e+06   3.8879395e+01
   1.5005070e+06   4.2602539e+01
   1.5005290e+06   3.8574219e+01
   1.5006180e+06   3.8513184e+01
   1.5011040e+06   3.8574219e+01
   1.5011430e+06   4.3212891e+01
   1.6487380e+06   5.0476074e+01
   1.6488050e+06   3.8024902e+01
   1.6489600e+06   4.7180176e+01
   1.6489950e+06   4.0283203e+01
   1.6490700e+06   5.3649902e+01
   1.6491380e+06   5.9143066e+01
   1.6491610e+06   6.1279297e+01
   1.6491770e+06   6.3598633e+01
   1.6491980e+06   5.9997559e+01
   1.6492150e+06   6.6345215e+01
   1.6492310e+06   3.9733887e+01
   1.6492530e+06   7.0434570e+01
   1.6492930e+06   4.8706055e+01
   1.6493080e+06   5.9936523e+01
   1.6493490e+06   4.7180176e+01
   1.6493780e+06   3.7963867e+01
   1.6494120e+06   6.1279297e+01
   1.6494370e+06   4.7851563e+01
   1.6494950e+06   3.9794922e+01
   1.6495260e+06   4.1687012e+01
   1.6495370e+06   4.6447754e+01
   1.6495680e+06   4.1931152e+01
   1.6496070e+06   4.0222168e+01
   1.6496200e+06   4.2297363e+01
   1.6497240e+06   4.1564941e+01
   1.6498050e+06   3.8024902e+01
   1.6498160e+06   5.3039551e+01
   1.6499310e+06   3.9306641e+01
   1.6500230e+06   5.0781250e+01
   1.6502990e+06   4.2175293e+01
   1.6503350e+06   3.8085938e+01
   1.6504210e+06   4.0771484e+01
   1.6504470e+06   3.7902832e+01
   1.6507520e+06   3.8513184e+01
   1.6510260e+06   3.8085938e+01
   1.6880600e+06   4.1320801e+01
   1.6884090e+06   4.0954590e+01
   1.6885090e+06   3.8208008e+01
   1.6885290e+06   9.3078613e+01
   1.6885560e+06   6.3476562e+01
   1.6885750e+06   7.7758789e+01
   1.6885850e+06   7.0068359e+01
   1.6886100e+06   5.4443359e+01
   1.6886290e+06   8.0505371e+01
   1.6886600e+06   4.9316406e+01
   1.6886900e+06   4.6997070e+01
   1.6887010e+06   5.7434082e+01
   1.6887530e+06   3.8269043e+01
   1.6887760e+06   4.3701172e+01
   1.6888240e+06   4.9560547e+01
   1.6888570e+06   5.9509277e+01
   1.6889430e+06   4.4372559e+01
   1.6889580e+06   3.8635254e+01
   1.6890440e+06   4.5288086e+01
   1.6890720e+06   4.2358398e+01
   1.6891880e+06   5.3649902e+01
   1.6892490e+06   4.3151855e+01
   1.6893470e+06   4.0649414e+01
   1.6893670e+06   4.1137695e+01
   1.6894040e+06   4.4677734e+01
   1.6894460e+06   4.8339844e+01
   1.6895360e+06   4.0405273e+01
   1.6895640e+06   4.0344238e+01
   1.6896970e+06   3.9245605e+01
   1.6897710e+06   4.4677734e+01
   1.6901780e+06   3.8391113e+01
   1.6907060e+06   4.0771484e+01
   1.6929480e+06   3.8757324e+01
   1.7614900e+06   3.9489746e+01
   1.8224790e+06   4.6447754e+01
   1.8228810e+06   3.8452148e+01
   1.9337100e+06   4.5166016e+01
   2.0947700e+06   4.1259766e+01
   2.0948460e+06   3.8452148e+01
   2.0949290e+06   4.0039062e+01
   2.0950120e+06   4.0405273e+01
   2.0950370e+06   5.5541992e+01
   2.0950880e+06   5.4870605e+01
   2.0951080e+06   6.4147949e+01
   2.0951400e+06   5.2673340e+01
   2.0951660e+06   8.8317871e+01
   2.0951930e+06   7.1044922e+01
   2.0952240e+06   6.7871094e+01
   2.0952520e+06   3.9306641e+01
   2.0952710e+06   7.1716309e+01
   2.0952930e+06   4.0344238e+01
   2.0953510e+06   3.9001465e+01
   2.0953670e+06   4.4860840e+01
   2.0954090e+06   5.4443359e+01
   2.0954230e+06   4.2907715e+01
   2.0954780e+06   4.9987793e+01
   2.0955490e+06   5.3405762e+01
   2.0956290e+06   3.9245605e+01
   2.0956450e+06   6.0241699e+01
   2.0957440e+06   3.9184570e+01
   2.0957750e+06   4.0161133e+01
   2.0959520e+06   5.4626465e+01
   2.0961300e+06   3.9978027e+01
   2.0962100e+06   4.3334961e+01
   2.0963040e+06   4.0893555e+01
   2.0963230e+06   3.8513184e+01
   2.0965170e+06   4.3579102e+01
   2.0965360e+06   3.9733887e+01
   2.0965740e+06   4.0771484e+01
   2.0966680e+06   4.2846680e+01
   2.1111980e+06   4.1503906e+01
   2.1139690e+06   4.7363281e+01
   2.1143800e+06   4.4128418e+01
   2.1144300e+06   5.4931641e+01
   2.1145960e+06   4.3579102e+01
   2.1146110e+06   8.1481934e+01
   2.1146330e+06   7.2387695e+01
   2.1146600e+06   4.6264648e+01
   2.1146720e+06   5.5541992e+01
   2.1147040e+06   8.1970215e+01
   2.1147170e+06   3.8940430e+01
   2.1147500e+06   4.5104980e+01
   2.1147700e+06   4.2297363e+01
   2.1148250e+06   3.9062500e+01
   2.1148860e+06   3.8208008e+01
   2.1149060e+06   4.4189453e+01
   2.1149310e+06   5.3894043e+01
   2.1150350e+06   3.8513184e+01
   2.1150960e+06   4.4982910e+01
   2.1151320e+06   4.6508789e+01
   2.1151870e+06   4.5532227e+01
   2.1152180e+06   4.8706055e+01
   2.1152390e+06   3.9367676e+01
   2.1152930e+06   4.1809082e+01
   2.1153210e+06   4.1625977e+01
   2.1153530e+06   4.4250488e+01
   2.1153880e+06   3.9306641e+01
   2.1154390e+06   4.3029785e+01
   2.1155000e+06   3.9245605e+01
   2.1155170e+06   4.3151855e+01
   2.1157130e+06   4.8522949e+01
   2.1158550e+06   3.9184570e+01
   2.1158920e+06   3.9978027e+01
   2.1159350e+06   3.7841797e+01
   2.1161550e+06   3.8452148e+01
   2.1161760e+06   4.1076660e+01
   2.1758260e+06   5.4016113e+01
   2.1759880e+06   4.6691895e+01
   2.1760890e+06   4.7241211e+01
   2.1761860e+06   4.7119141e+01
   2.1762840e+06   3.9428711e+01
   2.1763120e+06   6.7321777e+01
   2.1763290e+06   5.2124023e+01
   2.1763570e+06   4.8706055e+01
   2.1763840e+06   6.6345215e+01
   2.1764000e+06   1.2921143e+02
   2.1764270e+06   5.5419922e+01
   2.1764500e+06   4.4250488e+01
   2.1764820e+06   6.5979004e+01
   2.1764990e+06   5.1330566e+01
   2.1765180e+06   5.8898926e+01
   2.1765470e+06   8.3312988e+01
   2.1765650e+06   4.2968750e+01
   2.1765880e+06   5.2307129e+01
   2.1766980e+06   4.4799805e+01
   2.1767670e+06   5.1940918e+01
   2.1768590e+06   3.9733887e+01
   2.1769360e+06   5.2368164e+01
   2.1769600e+06   4.1259766e+01
   2.1770400e+06   4.4982910e+01
   2.1770560e+06   4.2724609e+01
   2.1771030e+06   4.1015625e+01
   2.1771770e+06   3.8635254e+01
   2.1772000e+06   4.9377441e+01
   2.1772480e+06   4.4250488e+01
   2.1772790e+06   3.8146973e+01
   2.1773150e+06   3.9978027e+01
   2.1773250e+06   3.9184570e+01
   2.1774290e+06   5.5786133e+01
   2.1774440e+06   3.9550781e+01
   2.1775000e+06   3.8818359e+01
   2.1775440e+06   4.8461914e+01
   2.1777150e+06   4.0222168e+01
   2.1778060e+06   3.8330078e+01
   2.1779680e+06   4.1809082e+01
   2.1831580e+06   3.8391113e+01
   2.2385690e+06   4.7424316e+01
   2.3453190e+06   1.4483643e+02
   2.5860830e+06   3.8146973e+01
   2.5958380e+06   3.9672852e+01
   2.6159440e+06   4.8767090e+01
   2.6160860e+06   3.9062500e+01
   2.6161860e+06   4.7912598e+01
   2.6162230e+06   4.0466309e+01
   2.6162400e+06   3.9489746e+01
   2.6162790e+06   5.3161621e+01
   2.6162890e+06   9.0332031e+01
   2.6163300e+06   5.9814453e+01
   2.6163400e+06   7.1044922e+01
   2.6163580e+06   6.9641113e+01
   2.6163820e+06   5.8105469e+01
   2.6164190e+06   4.9255371e+01
   2.6164440e+06   4.4738770e+01
   2.6164850e+06   4.4311523e+01
   2.6165200e+06   4.6691895e+01
   2.6165440e+06   4.8339844e+01
   2.6165570e+06   4.0222168e+01
   2.6165880e+06   4.6508789e+01
   2.6166180e+06   3.8452148e+01
   2.6166850e+06   4.0039063e+01
   2.6167490e+06   4.1931152e+01
   2.6168130e+06   3.9916992e+01
   2.6170030e+06   4.5349121e+01
   2.6170960e+06   4.4555664e+01
   2.6171430e+06   5.0598145e+01
   2.6171590e+06   3.8696289e+01
   2.6172560e+06   4.1503906e+01
   2.6172960e+06   3.7902832e+01
   2.6174730e+06   4.4982910e+01
   2.6175260e+06   4.4616699e+01
   2.6176350e+06   4.1076660e+01
   2.6176600e+06   5.4016113e+01
   2.6178890e+06   5.1391602e+01
   2.6181050e+06   3.8452148e+01
   2.6336970e+06   4.0832520e+01
   2.6337140e+06   3.8330078e+01
   2.6340870e+06   3.8024902e+01
   2.6341170e+06   3.9245605e+01
   2.6341420e+06   4.0954590e+01
   2.6341530e+06   5.7983398e+01
   2.6341780e+06   4.5410156e+01
   2.6341920e+06   6.4514160e+01
   2.6342020e+06   9.1857910e+01
   2.6342330e+06   8.2214355e+01
   2.6342660e+06   6.1767578e+01
   2.6342860e+06   4.3701172e+01
   2.6343190e+06   4.1076660e+01
   2.6343470e+06   4.4555664e+01
   2.6343610e+06   4.1931152e+01
   2.6344600e+06   4.1320801e+01
   2.6345530e+06   4.8339844e+01
   2.6345860e+06   4.0405273e+01
   2.6346090e+06   4.7363281e+01
   2.6347420e+06   3.9550781e+01
   2.6347990e+06   4.2846680e+01
   2.6348110e+06   5.0415039e+01
   2.6348540e+06   3.8024902e+01
   2.6349350e+06   4.0344238e+01
   2.6349910e+06   5.0476074e+01
   2.6350130e+06   5.0598145e+01
   2.6350560e+06   3.8391113e+01
   2.6352070e+06   4.3457031e+01
   2.6352760e+06   3.9550781e+01
   2.6352860e+06   4.4982910e+01
   2.6353960e+06   4.4189453e+01
   2.6354450e+06   4.8278809e+01
   2.6354650e+06   4.4067383e+01
   2.6356870e+06   3.9123535e+01
   2.6359350e+06   3.8024902e+01
   2.6361650e+06   3.8085938e+01
   2.6361850e+06   4.6875000e+01
   2.6382550e+06   3.7902832e+01
   2.6896130e+06   3.9550781e+01
   2.6913380e+06   4.6081543e+01
   2.6915780e+06   3.7841797e+01
   2.6916820e+06   3.8879395e+01
   2.6916990e+06   3.9428711e+01
   2.6917540e+06   4.7363281e+01
   2.6918430e+06   6.0302734e+01
   2.6918560e+06   4.1625977e+01
   2.6918790e+06   8.0444336e+01
   2.6918930e+06   1.1010742e+02
   2.6919040e+06   5.7006836e+01
   2.6919390e+06   5.6884766e+01
   2.6919500e+06   5.9509277e+01
   2.6919910e+06   6.0913086e+01
   2.6920140e+06   5.1696777e+01
   2.6920550e+06   4.5654297e+01
   2.6920740e+06   4.0283203e+01
   2.6921280e+06   4.2907715e+01
   2.6921780e+06   3.8269043e+01
   2.6921900e+06   3.8940430e+01
   2.6922180e+06   3.8940430e+01
   2.6922350e+06   4.6875000e+01
   2.6922940e+06   4.2724609e+01
   2.6923350e+06   4.2175293e+01
   2.6923460e+06   3.9489746e+01
   2.6924130e+06   4.3090820e+01
   2.6924280e+06   3.8757324e+01
   2.6924550e+06   4.8400879e+01
   2.6924940e+06   4.8706055e+01
   2.6925270e+06   4.5043945e+01
   2.6925720e+06   4.0222168e+01
   2.6926970e+06   3.9611816e+01
   2.6927240e+06   5.9875488e+01
   2.6927430e+06   3.8330078e+01
   2.6928630e+06   3.7902832e+01
   2.6929240e+06   3.8391113e+01
   2.6930020e+06   4.1076660e+01
   2.6930580e+06   4.2541504e+01
   2.6932750e+06   4.5837402e+01
   2.6933390e+06   4.2602539e+01
   2.6935250e+06   4.4067383e+01
   2.6938030e+06   3.8085938e+01
   2.6942550e+06   3.8269043e+01
   2.7497480e+06   3.7902832e+01
   3.0641100e+06   4.2907715e+01
   3.0642520e+06   4.3762207e+01
   3.0643720e+06   4.3090820e+01
   3.0643930e+06   4.2053223e+01
   3.0644450e+06   5.2734375e+01
   3.0644690e+06   4.4921875e+01
   3.0644790e+06   6.5612793e+01
   3.0644920e+06   6.6101074e+01
   3.0645150e+06   7.0800781e+01
   3.0645310e+06   5.4321289e+01
   3.0645460e+06   5.1940918e+01
   3.0645890e+06   7.1228027e+01
   3.0646030e+06   4.2846680e+01
   3.0646230e+06   5.4565430e+01
   3.0646480e+06   6.5246582e+01
   3.0646760e+06   4.6997070e+01
   3.0647020e+06   5.3527832e+01
   3.0647520e+06   3.8391113e+01
   3.0647680e+06   4.3029785e+01
   3.0647970e+06   6.1584473e+01
   3.0648200e+06   5.0781250e+01
   3.0648460e+06   4.4250488e+01
   3.0648640e+06   4.3640137e+01
   3.0648860e+06   5.1269531e+01
   3.0649570e+06   4.0344238e+01
   3.0650070e+06   4.6142578e+01
   3.0650500e+06   4.0771484e+01
   3.0651450e+06   4.0283203e+01
   3.0653060e+06   4.4494629e+01
   3.0653160e+06   4.0832520e+01
   3.0655620e+06   4.2785645e+01
   3.0657510e+06   3.8269043e+01
   3.0658980e+06   4.3518066e+01
   3.0660430e+06   4.2480469e+01
   3.0663950e+06   3.9550781e+01
   3.0806190e+06   5.4870605e+01
   3.0806520e+06   6.6223145e+01
   3.0806730e+06   3.8452148e+01
   3.0806920e+06   5.4992676e+01
   3.0807120e+06   7.4340820e+01
   3.0807290e+06   7.3547363e+01
   3.0807640e+06   4.1931152e+01
   3.0807910e+06   4.2968750e+01
   3.0808020e+06   5.7373047e+01
   3.0808130e+06   4.7668457e+01
   3.0808540e+06   4.0527344e+01
   3.0808700e+06   4.3945312e+01
   3.0808820e+06   3.8269043e+01
   3.0809260e+06   5.5236816e+01
   3.0809750e+06   4.3701172e+01
   3.0810500e+06   4.2297363e+01
   3.0810600e+06   4.2602539e+01
   3.0810960e+06   4.2846680e+01
   3.0811200e+06   4.1748047e+01
   3.0811500e+06   4.7790527e+01
   3.0811680e+06   5.2368164e+01
   3.0812320e+06   4.2724609e+01
   3.0812760e+06   3.9001465e+01
   3.0813030e+06   4.6386719e+01
   3.0813200e+06   4.0039062e+01
   3.0813870e+06   4.1442871e+01
   3.0815320e+06   4.1564941e+01
   3.0815730e+06   5.2307129e+01
   3.0815830e+06   4.4738770e+01
   3.0816160e+06   4.3029785e+01
   3.0816520e+06   3.9001465e+01
   3.0817350e+06   4.1320801e+01
   3.0817540e+06   4.0954590e+01
   3.0818160e+06   4.5471191e+01
   3.0818650e+06   4.1137695e+01
   3.0819980e+06   4.1625977e+01
   3.0820300e+06   4.9316406e+01
   3.0821160e+06   4.2907715e+01
   3.0822630e+06   3.8146973e+01
   3.0823020e+06   3.8146973e+01
   3.0823340e+06   3.8696289e+01
   3.0826570e+06   4.9926758e+01
   3.0829130e+06   3.9489746e+01
   3.0833970e+06   3.8574219e+01
   3.0839640e+06   4.7607422e+01
   3.1870980e+06   4.0039062e+01
   3.2432160e+06   4.1870117e+01
   3.2680290e+06   4.4677734e+01
   3.2863150e+06   4.0893555e+01
   3.3152580e+06   4.0222168e+01
   3.3485300e+06   3.8635254e+01
   3.3635670e+06   4.2846680e+01
   3.4145460e+06   3.8574219e+01
   3.4148400e+06   3.9916992e+01
   3.4384750e+06   3.9123535e+01
   3.4815050e+06   3.9428711e+01
   3.4816100e+06   4.0039062e+01
   3.4816590e+06   3.8696289e+01
   3.4816960e+06   4.1931152e+01
   3.4817340e+06   4.4372559e+01
   3.4817620e+06   4.9133301e+01
   3.4817730e+06   4.8583984e+01
   3.4818020e+06   6.4208984e+01
   3.4818210e+06   4.0344238e+01
   3.4818520e+06   8.5205078e+01
   3.4818800e+06   5.9204102e+01
   3.4819270e+06   6.1157227e+01
   3.4819470e+06   7.2204590e+01
   3.4819810e+06   3.9794922e+01
   3.4820010e+06   3.8391113e+01
   3.4820500e+06   4.8583984e+01
   3.4821060e+06   3.9550781e+01
   3.4821270e+06   5.0292969e+01
   3.4821500e+06   4.3029785e+01
   3.4821710e+06   4.7363281e+01
   3.4821930e+06   5.2307129e+01
   3.4822420e+06   4.0710449e+01
   3.4823440e+06   4.9011230e+01
   3.4824880e+06   4.0405273e+01
   3.4827190e+06   4.3823242e+01
   3.4827460e+06   3.9550781e+01
   3.4830930e+06   4.1320801e+01
   3.4831300e+06   3.8879395e+01
   3.4831480e+06   4.0710449e+01
   3.4832190e+06   3.8940430e+01
   3.4965090e+06   4.8217773e+01
   3.4965690e+06   4.6142578e+01
   3.4965940e+06   4.1320801e+01
   3.4966100e+06   6.4208984e+01
   3.4966270e+06   4.0100098e+01
   3.4966460e+06   7.8125000e+01
   3.4966630e+06   6.9641113e+01
   3.4966900e+06   5.5053711e+01
   3.4967030e+06   5.0842285e+01
   3.4967190e+06   4.2785645e+01
   3.4967590e+06   5.6335449e+01
   3.4967690e+06   6.8664551e+01
   3.4967880e+06   4.3701172e+01
   3.4968370e+06   4.2175293e+01
   3.4968640e+06   4.1442871e+01
   3.4969050e+06   5.1940918e+01
   3.4969600e+06   3.8696289e+01
   3.4970040e+06   4.1687012e+01
   3.4970500e+06   4.3334961e+01
   3.4970830e+06   5.3649902e+01
   3.4971240e+06   7.1533203e+01
   3.4971430e+06   4.0466309e+01
   3.4971950e+06   5.2795410e+01
   3.4972670e+06   4.5043945e+01
   3.4972820e+06   5.0659180e+01
   3.4973050e+06   4.2114258e+01
   3.4974280e+06   3.9550781e+01
   3.4974810e+06   3.8146973e+01
   3.4976210e+06   4.6325684e+01
   3.4976640e+06   3.8208008e+01
   3.4977320e+06   4.3151855e+01
   3.4978120e+06   4.2236328e+01
   3.4979400e+06   3.8879395e+01
   3.4981460e+06   3.8208008e+01
   3.4982090e+06   4.4433594e+01
   3.4982270e+06   3.8330078e+01
   3.4983310e+06   4.7607422e+01
   3.4987180e+06   4.3090820e+01
   3.5215600e+06   3.8513184e+01
   3.5573930e+06   3.7780762e+01
   3.5576620e+06   3.9611816e+01
   3.5576930e+06   3.8513184e+01
   3.5577280e+06   4.0832520e+01
   3.5577440e+06   3.9855957e+01
   3.5577610e+06   1.0052490e+02
   3.5577880e+06   5.5725098e+01
   3.5578360e+06   7.3120117e+01
   3.5578670e+06   4.5837402e+01
   3.5578850e+06   4.7973633e+01
   3.5579310e+06   4.8828125e+01
   3.5579660e+06   5.2124023e+01
   3.5580190e+06   4.4433594e+01
   3.5580400e+06   4.9865723e+01
   3.5580690e+06   4.1381836e+01
   3.5580820e+06   4.0161133e+01
   3.5581790e+06   4.2663574e+01
   3.5582070e+06   5.7556152e+01
   3.5582760e+06   4.2236328e+01
   3.5583940e+06   4.5837402e+01
   3.5584930e+06   3.8635254e+01
   3.5585180e+06   5.0109863e+01
   3.5585330e+06   4.4311523e+01
   3.5585780e+06   3.8085938e+01
   3.5586310e+06   4.5043945e+01
   3.5586550e+06   3.8146973e+01
   3.5587740e+06   3.9489746e+01
   3.5588110e+06   4.1625977e+01
   3.5588360e+06   3.8208008e+01
   3.5589650e+06   3.8146973e+01
   3.5590730e+06   3.8513184e+01
   3.5591030e+06   3.8513184e+01
   3.5592730e+06   3.9001465e+01
   3.5594680e+06   3.8330078e+01
   3.8605910e+06   4.8645020e+01
   3.8607290e+06   4.1503906e+01
   3.8608250e+06   3.7963867e+01
   3.8609100e+06   4.4067383e+01
   3.8609630e+06   4.8217773e+01
   3.8609870e+06   6.0363770e+01
   3.8609970e+06   6.6955566e+01
   3.8610350e+06   6.1462402e+01
   3.8610510e+06   7.7087402e+01
   3.8610720e+06   5.1452637e+01
   3.8610980e+06   4.6691895e+01
   3.8611220e+06   5.1330566e+01
   3.8611390e+06   7.2692871e+01
   3.8611820e+06   6.0729980e+01
   3.8611960e+06   6.2805176e+01
   3.8612120e+06   5.7922363e+01
   3.8612310e+06   6.7199707e+01
   3.8612610e+06   5.1879883e+01
   3.8612870e+06   3.7963867e+01
   3.8613460e+06   5.9448242e+01
   3.8613610e+06   3.7841797e+01
   3.8614040e+06   4.7241211e+01
   3.8614270e+06   3.8024902e+01
   3.8615170e+06   4.3579102e+01
   3.8618240e+06   4.0222168e+01
   3.8619350e+06   4.1076660e+01
   3.8619860e+06   4.5593262e+01
   3.8620520e+06   4.4128418e+01
   3.8621060e+06   4.5349121e+01
   3.8621330e+06   3.7841797e+01
   3.8622010e+06   4.4250488e+01
   3.8632240e+06   3.9001465e+01
   3.8805180e+06   4.0100098e+01
   3.8806410e+06   3.7902832e+01
   3.8807860e+06   3.7963867e+01
   3.8808050e+06   3.7780762e+01
   3.8809130e+06   6.7565918e+01
   3.8809240e+06   4.3029785e+01
   3.8809470e+06   4.4738770e+01
   3.8809570e+06   4.9133301e+01
   3.8809680e+06   5.0659180e+01
   3.8809780e+06   8.2214355e+01
   3.8810100e+06   6.0180664e+01
   3.8810380e+06   5.9082031e+01
   3.8810500e+06   6.4331055e+01
   3.8810930e+06   5.7617188e+01
   3.8811310e+06   4.9743652e+01
   3.8811420e+06   4.4311523e+01
   3.8811820e+06   3.9672852e+01
   3.8812870e+06   3.9855957e+01
   3.8813110e+06   4.9255371e+01
   3.8813550e+06   4.4494629e+01
   3.8813810e+06   4.6630859e+01
   3.8813940e+06   3.9733887e+01
   3.8814180e+06   4.3273926e+01
   3.8814470e+06   4.1442871e+01
   3.8814710e+06   4.8889160e+01
   3.8815150e+06   5.0720215e+01
   3.8815250e+06   4.0832520e+01
   3.8815600e+06   4.4494629e+01
   3.8815810e+06   5.3527832e+01
   3.8817220e+06   4.1748047e+01
   3.8817960e+06   4.0771484e+01
   3.8818360e+06   5.9143066e+01
   3.8818550e+06   4.4433594e+01
   3.8818770e+06   4.7241211e+01
   3.8821100e+06   3.9733887e+01
   3.8821320e+06   4.8828125e+01
   3.8821550e+06   4.1748047e+01
   3.8821830e+06   3.9245605e+01
   3.8828590e+06   4.4128418e+01
   3.8831640e+06   3.8330078e+01
   3.8853060e+06   3.8696289e+01
   3.8884740e+06   3.9611816e+01
   3.9371640e+06   5.1086426e+01
   3.9372770e+06   4.5166016e+01
   3.9373880e+06   3.9184570e+01
   3.9374670e+06   3.9978027e+01
   3.9375040e+06   6.3232422e+01
   3.9375180e+06   7.4951172e+01
   3.9375590e+06   4.1015625e+01
   3.9375910e+06   5.0964355e+01
   3.9376100e+06   1.2316895e+02
   3.9376290e+06   6.4636230e+01
   3.9376580e+06   4.9194336e+01
   3.9376830e+06   4.4372559e+01
   3.9377130e+06   6.8359375e+01
   3.9377260e+06   4.0405273e+01
   3.9377370e+06   4.3701172e+01
   3.9377520e+06   6.5002441e+01
   3.9377800e+06   4.7119141e+01
   3.9377960e+06   4.4372559e+01
   3.9378280e+06   5.9448242e+01
   3.9378490e+06   4.2419434e+01
   3.9378810e+06   4.7180176e+01
   3.9379120e+06   4.4677734e+01
   3.9379240e+06   4.6630859e+01
   3.9379750e+06   4.4677734e+01
   3.9380250e+06   4.0405273e+01
   3.9380430e+06   4.5043945e+01
   3.9381060e+06   4.8095703e+01
   3.9383690e+06   4.5166016e+01
   3.9384910e+06   4.3762207e+01
   3.9385620e+06   4.0466309e+01
   3.9386890e+06   4.1320801e+01
   3.9387410e+06   4.0893555e+01
   3.9388140e+06   4.0344238e+01
   3.9388870e+06   3.9733887e+01
   3.9391370e+06   3.8574219e+01
   3.9443440e+06   3.9916992e+01
   4.2194930e+06   3.8146973e+01
   4.3765230e+06   3.9306641e+01
   4.4223460e+06   4.0771484e+01
   4.4919370e+06   3.8513184e+01
   4.4920870e+06   4.1015625e+01
   4.4922050e+06   6.1340332e+01
   4.4922210e+06   6.0424805e+01
   4.4922450e+06   4.8583984e+01
   4.4922650e+06   3.9611816e+01
   4.4922860e+06   5.7556152e+01
   4.4923010e+06   4.3762207e+01
   4.4923200e+06   5.5725098e+01
   4.4923440e+06   7.8002930e+01
   4.4923870e+06   4.4250488e+01
   4.4924160e+06   6.2377930e+01
   4.4924400e+06   4.7485352e+01
   4.4924640e+06   5.6213379e+01
   4.4925060e+06   4.0527344e+01
   4.4925180e+06   5.1513672e+01
   4.4925910e+06   4.4616699e+01
   4.4926330e+06   4.3151855e+01
   4.4929210e+06   4.3395996e+01
   4.4929470e+06   3.9062500e+01
   4.4930630e+06   3.9489746e+01
   4.4931340e+06   5.0659180e+01
   4.4933780e+06   3.7963867e+01
   4.4937760e+06   4.0710449e+01
   4.4938180e+06   4.1259766e+01
   4.4939340e+06   3.8879395e+01
   4.4939520e+06   4.1320801e+01
   4.5009920e+06   3.9855957e+01
   4.5017550e+06   3.7841797e+01
   4.5018050e+06   4.9194336e+01
   4.5018370e+06   4.7119141e+01
   4.5018570e+06   4.7912598e+01
   4.5018720e+06   4.4799805e+01
   4.5018980e+06   7.2448730e+01
   4.5019390e+06   5.9387207e+01
   4.5019550e+06   4.0039062e+01
   4.5019830e+06   4.1442871e+01
   4.5020040e+06   4.5349121e+01
   4.5020380e+06   4.9987793e+01
   4.5020740e+06   4.1564941e+01
   4.5021270e+06   4.8095703e+01
   4.5021590e+06   3.7841797e+01
   4.5022630e+06   3.8940430e+01
   4.5022780e+06   3.9978027e+01
   4.5023110e+06   5.9265137e+01
   4.5023480e+06   3.9306641e+01
   4.5023580e+06   4.3212891e+01
   4.5024410e+06   4.6936035e+01
   4.5025480e+06   4.7912598e+01
   4.5025960e+06   4.9255371e+01
   4.5026300e+06   4.0405273e+01
   4.5026980e+06   3.8879395e+01
   4.5027110e+06   5.2856445e+01
   4.5028550e+06   3.8879395e+01
   4.5028810e+06   4.1625977e+01
   4.5030580e+06   4.1076660e+01
   4.5031060e+06   3.9672852e+01
   4.5032800e+06   3.9367676e+01
   4.5035810e+06   3.9123535e+01
   4.5039630e+06   3.9001465e+01
   4.5041540e+06   3.9428711e+01
   4.5051390e+06   4.2724609e+01
   4.5057460e+06   3.9672852e+01
   4.5718680e+06   3.9306641e+01
   4.5719530e+06   4.5959473e+01
   4.5719900e+06   4.1503906e+01
   4.5720150e+06   7.5561523e+01
   4.5720390e+06   6.6406250e+01
   4.5720620e+06   3.8574219e+01
   4.5720820e+06   9.5275879e+01
   4.5721160e+06   5.9936523e+01
   4.5721270e+06   4.6386719e+01
   4.5721400e+06   4.3945312e+01
   4.5721840e+06   4.1625977e+01
   4.5722170e+06   4.5593262e+01
   4.5722570e+06   4.3334961e+01
   4.5722770e+06   4.7668457e+01
   4.5723070e+06   6.2805176e+01
   4.5724450e+06   4.4738770e+01
   4.5725210e+06   3.9794922e+01
   4.5726030e+06   3.9184570e+01
   4.5727040e+06   4.5043945e+01
   4.5727380e+06   5.2612305e+01
   4.5728750e+06   3.8085938e+01
   4.5729550e+06   4.1137695e+01
   4.5730120e+06   4.4311523e+01
   4.5730540e+06   5.2490234e+01
   4.5731410e+06   4.0893555e+01
   4.5732270e+06   4.2297363e+01
   4.5733870e+06   4.1198730e+01
   4.5734650e+06   3.8757324e+01
   4.5734970e+06   3.9489746e+01
   4.6649230e+06   4.5104980e+01
   4.7253250e+06   3.8757324e+01
   4.8011620e+06   3.9611816e+01
   4.8724810e+06   3.8696289e+01
   5.0117490e+06   4.2907715e+01
   5.0840090e+06   3.8696289e+01
   5.0842290e+06   5.3344727e+01
   5.0842530e+06   7.5256348e+01
   5.0842680e+06   5.2368164e+01
   5.0842930e+06   9.1796875e+01
   5.0843030e+06   1.0260010e+02
   5.0843390e+06   7.7819824e+01
   5.0843490e+06   4.3701172e+01
   5.0843680e+06   3.8208008e+01
   5.0843950e+06   4.4189453e+01
   5.0844050e+06   4.0771484e+01
   5.0844360e+06   4.8889160e+01
   5.0844810e+06   4.2480469e+01
   5.0845320e+06   4.5776367e+01
   5.0845810e+06   3.9672852e+01
   5.0846080e+06   5.5175781e+01
   5.0846540e+06   4.6691895e+01
   5.0846760e+06   4.1931152e+01
   5.0847280e+06   5.2856445e+01
   5.0848710e+06   4.4677734e+01
   5.0849600e+06   4.2541504e+01
   5.0853900e+06   3.8513184e+01
   5.0854850e+06   5.0354004e+01
   5.0855660e+06   4.0344238e+01
   5.0856960e+06   4.1503906e+01
   5.0858070e+06   4.0771484e+01
   5.0860500e+06   4.1564941e+01
   5.0861740e+06   3.9245605e+01
   5.0943520e+06   4.4799805e+01
   5.0948810e+06   3.9184570e+01
   5.0949040e+06   4.9011230e+01
   5.0949470e+06   5.7373047e+01
   5.0949650e+06   4.2785645e+01
   5.0949830e+06   5.2673340e+01
   5.0950150e+06   7.4768066e+01
   5.0950430e+06   6.0852051e+01
   5.0950860e+06   3.9489746e+01
   5.0950960e+06   4.1931152e+01
   5.0951500e+06   3.9611816e+01
   5.0952040e+06   5.1818848e+01
   5.0952910e+06   4.4982910e+01
   5.0953270e+06   4.1320801e+01
   5.0953520e+06   4.4616699e+01
   5.0953800e+06   3.9733887e+01
   5.0954660e+06   4.2236328e+01
   5.0956640e+06   4.5837402e+01
   5.0956870e+06   4.2968750e+01
   5.0957130e+06   4.2236328e+01
   5.0957430e+06   3.9306641e+01
   5.0957530e+06   5.6640625e+01
   5.0958020e+06   4.2663574e+01
   5.0958390e+06   4.8706055e+01
   5.0958490e+06   3.7963867e+01
   5.0959500e+06   3.9245605e+01
   5.0961840e+06   3.8085938e+01
   5.0962260e+06   3.8024902e+01
   5.0962480e+06   3.9978027e+01
   5.0963420e+06   4.2602539e+01
   5.0963840e+06   3.9978027e+01
   5.0964080e+06   4.1870117e+01
   5.0966350e+06   4.6142578e+01
   5.0972040e+06   3.8696289e+01
   5.0973580e+06   3.8574219e+01
   5.0997770e+06   4.1076660e+01
   5.1419980e+06   4.5837402e+01
   5.1420940e+06   4.4555664e+01
   5.1422410e+06   3.7780762e+01
   5.1422600e+06   6.8481445e+01
   5.1423020e+06   4.9804688e+01
   5.1423200e+06   6.4270020e+01
   5.1423400e+06   8.3129883e+01
   5.1423520e+06   5.5480957e+01
   5.1423630e+06   5.3649902e+01
   5.1423770e+06   5.2612305e+01
   5.1424030e+06   4.3151855e+01
   5.1424160e+06   4.4921875e+01
   5.1424320e+06   5.0903320e+01
   5.1424520e+06   4.8095703e+01
   5.1424660e+06   3.8146973e+01
   5.1425130e+06   3.9428711e+01
   5.1425480e+06   4.6325684e+01
   5.1425980e+06   4.3579102e+01
   5.1426190e+06   4.5654297e+01
   5.1426460e+06   7.0678711e+01
   5.1426960e+06   3.9489746e+01
   5.1427670e+06   4.5166016e+01
   5.1427870e+06   5.7250977e+01
   5.1428150e+06   4.3701172e+01
   5.1428710e+06   4.3701172e+01
   5.1429660e+06   5.7434082e+01
   5.1430230e+06   4.5776367e+01
   5.1431660e+06   3.9184570e+01
   5.1434010e+06   3.8879395e+01
   5.1434820e+06   3.9245605e+01
   5.1436300e+06   4.0771484e+01
   5.1437920e+06   3.8024902e+01
   5.1440600e+06   3.8696289e+01
   5.1479010e+06   3.8269043e+01
   5.2653180e+06   4.0954590e+01
   5.3597480e+06   3.8574219e+01
   5.6269180e+06   4.2541504e+01
   5.6270510e+06   4.3823242e+01
   5.6271760e+06   4.4250488e+01
   5.6272000e+06   6.6528320e+01
   5.6272180e+06   8.2580566e+01
   5.6272300e+06   6.1401367e+01
   5.6272700e+06   8.1726074e+01
   5.6272950e+06   4.9743652e+01
   5.6273140e+06   4.8156738e+01
   5.6273250e+06   4.3945312e+01
   5.6273400e+06   5.5603027e+01
   5.6273840e+06   4.4189453e+01
   5.6273960e+06   5.0842285e+01
   5.6274290e+06   4.9255371e+01
   5.6274490e+06   4.4677734e+01
   5.6275210e+06   4.4067383e+01
   5.6275790e+06   4.7119141e+01
   5.6276350e+06   5.5664062e+01
   5.6276480e+06   3.8391113e+01
   5.6276860e+06   3.7841797e+01
   5.6278430e+06   4.3273926e+01
   5.6279410e+06   4.3334961e+01
   5.6281060e+06   4.4555664e+01
   5.6284230e+06   4.1809082e+01
   5.6284400e+06   3.8757324e+01
   5.6284650e+06   4.1870117e+01
   5.6285200e+06   4.4738770e+01
   5.6285960e+06   4.1137695e+01
   5.6287080e+06   4.3579102e+01
   5.6287840e+06   4.1320801e+01
   5.6366220e+06   3.8574219e+01
   5.6367110e+06   4.5532227e+01
   5.6367580e+06   6.0546875e+01
   5.6367720e+06   8.3618164e+01
   5.6367860e+06   6.3049316e+01
   5.6368010e+06   5.8044434e+01
   5.6368320e+06   6.5124512e+01
   5.6368930e+06   4.7607422e+01
   5.6369030e+06   4.5349121e+01
   5.6369450e+06   3.9855957e+01
   5.6369610e+06   4.6936035e+01
   5.6369920e+06   4.8278809e+01
   5.6370230e+06   4.6508789e+01
   5.6371240e+06   3.7963867e+01
   5.6372460e+06   4.1503906e+01
   5.6372990e+06   3.8513184e+01
   5.6373700e+06   3.9184570e+01
   5.6374150e+06   5.0537109e+01
   5.6374400e+06   3.9855957e+01
   5.6374520e+06   3.8208008e+01
   5.6374850e+06   3.9611816e+01
   5.6375300e+06   4.4311523e+01
   5.6375580e+06   3.8146973e+01
   5.6375930e+06   3.8757324e+01
   5.6376460e+06   4.7790527e+01
   5.6378280e+06   3.7841797e+01
   5.6378660e+06   4.7973633e+01
   5.6378800e+06   4.5471191e+01
   5.6380060e+06   3.9062500e+01
   5.6381600e+06   3.9611816e+01
   5.6384170e+06   3.9733887e+01
   5.6389050e+06   4.0466309e+01
   5.6392340e+06   4.2419434e+01
   5.6393170e+06   3.7902832e+01
   5.6400770e+06   3.8330078e+01
   5.6812430e+06   3.8635254e+01
   5.9155520e+06   3.9916992e+01
   5.9975970e+06   3.7841797e+01
   6.0048590e+06   4.0222168e+01
   6.0050210e+06   5.0964355e+01
   6.0051860e+06   5.2062988e+01
   6.0052030e+06   4.4555664e+01
   6.0052180e+06   5.0170898e+01
   6.0052420e+06   8.4289551e+01
   6.0052530e+06   8.4411621e+01
   6.0052780e+06   6.4025879e+01
   6.0053100e+06   5.9082031e+01
   6.0053300e+06   5.3955078e+01
   6.0053750e+06   4.2724609e+01
   6.0053970e+06   3.9855957e+01
   6.0054170e+06   3.9489746e+01
   6.0054310e+06   3.9672852e+01
   6.0054720e+06   4.7607422e+01
   6.0054910e+06   4.0771484e+01
   6.0055750e+06   4.1564941e+01
   6.0055980e+06   6.3049316e+01
   6.0056530e+06   4.6752930e+01
   6.0057170e+06   4.2663574e+01
   6.0057780e+06   4.3029785e+01
   6.0060690e+06   4.1503906e+01
   6.0060990e+06   5.3710938e+01
   6.0061830e+06   3.8146973e+01
   6.0062040e+06   4.0405273e+01
   6.0064930e+06   3.7841797e+01
   6.0065340e+06   3.7841797e+01
   6.0066570e+06   3.8146973e+01
   6.0067890e+06   3.9978027e+01
   6.0069300e+06   3.7658691e+01
   6.0069950e+06   4.1442871e+01
   6.0145680e+06   3.9672852e+01
   6.0155410e+06   3.8269043e+01
   6.0157610e+06   3.8269043e+01
   6.0157730e+06   3.7597656e+01
   6.0157940e+06   6.4086914e+01
   6.0158460e+06   4.5654297e+01
   6.0158760e+06   5.2795410e+01
   6.0158970e+06   5.2978516e+01
   6.0159220e+06   7.8491211e+01
   6.0159330e+06   7.7392578e+01
   6.0159700e+06   4.1870117e+01
   6.0159800e+06   5.0598145e+01
   6.0159960e+06   4.9133301e+01
   6.0160180e+06   5.5969238e+01
   6.0160360e+06   4.7180176e+01
   6.0160700e+06   4.2541504e+01
   6.0161080e+06   4.5837402e+01
   6.0161430e+06   3.8574219e+01
   6.0161650e+06   4.0100098e+01
   6.0162800e+06   4.9255371e+01
   6.0163090e+06   5.2001953e+01
   6.0163530e+06   5.6030273e+01
   6.0163870e+06   3.9123535e+01
   6.0164750e+06   3.8085938e+01
   6.0165880e+06   4.4067383e+01
   6.0166050e+06   3.9367676e+01
   6.0166500e+06   4.7424316e+01
   6.0167010e+06   3.8330078e+01
   6.0167600e+06   4.8095703e+01
   6.0168530e+06   4.5227051e+01
   6.0168830e+06   4.1625977e+01
   6.0170110e+06   4.5166016e+01
   6.0171070e+06   3.7902832e+01
   6.0171490e+06   4.5349121e+01
   6.0171840e+06   4.3579102e+01
   6.0176090e+06   3.9794922e+01
   6.0186730e+06   3.8452148e+01
   6.0986520e+06   3.8635254e+01
   6.2539930e+06   3.8085938e+01
   6.3464040e+06   4.0100098e+01
   6.3465890e+06   4.1137695e+01
   6.3466020e+06   5.5664062e+01
   6.3466380e+06   3.7719727e+01
   6.3467480e+06   4.6630859e+01
   6.3467730e+06   4.2724609e+01
   6.3468020e+06   5.4504395e+01
   6.3468340e+06   5.2246094e+01
   6.3468500e+06   1.0998535e+02
   6.3468710e+06   6.2622070e+01
   6.3469230e+06   4.8706055e+01
   6.3469420e+06   4.2663574e+01
   6.3470290e+06   5.7556152e+01
   6.3470740e+06   5.3527832e+01
   6.3471290e+06   3.7902832e+01
   6.3471540e+06   4.7302246e+01
   6.3472000e+06   4.8034668e+01
   6.3472410e+06   4.0466309e+01
   6.3473160e+06   3.8085938e+01
   6.3473380e+06   4.0100098e+01
   6.3474820e+06   5.9631348e+01
   6.3475570e+06   3.7841797e+01
   6.3477380e+06   4.2175293e+01
   6.3479420e+06   4.0161133e+01
   6.3490170e+06   3.9916992e+01
   6.3611600e+06   3.8513184e+01
   6.3613470e+06   4.1503906e+01
   6.3613810e+06   3.9245605e+01
   6.3614110e+06   3.7841797e+01
   6.3614360e+06   8.0444336e+01
   6.3614650e+06   5.8776855e+01
   6.3614910e+06   6.4025879e+01
   6.3615040e+06   4.7241211e+01
   6.3615340e+06   4.4189453e+01
   6.3615620e+06   3.9672852e+01
   6.3615920e+06   4.1381836e+01
   6.3616630e+06   7.6843262e+01
   6.3617020e+06   3.7780762e+01
   6.3617560e+06   4.8583984e+01
   6.3618110e+06   4.1809082e+01
   6.3619030e+06   3.8452148e+01
   6.3619350e+06   5.2124023e+01
   6.3619740e+06   5.2062988e+01
   6.3620090e+06   7.2998047e+01
   6.3620960e+06   4.5227051e+01
   6.3621100e+06   4.1809082e+01
   6.3621550e+06   4.9011230e+01
   6.3622370e+06   3.7658691e+01
   6.3622480e+06   4.2541504e+01
   6.3622910e+06   4.2785645e+01
   6.3623580e+06   3.8635254e+01
   6.3624120e+06   3.8940430e+01
   6.3624690e+06   4.3395996e+01
   6.3624990e+06   6.0913086e+01
   6.3633010e+06   4.2114258e+01
   6.3639600e+06   3.8024902e+01
   6.3650170e+06   4.1198730e+01
   6.3676420e+06   3.8696289e+01
   6.3702400e+06   4.0649414e+01
   6.4770950e+06   3.8757324e+01
   6.5642050e+06   4.1687012e+01
   6.7993800e+06   3.8024902e+01
   6.8167440e+06   6.1950684e+01
   6.8168700e+06   4.5043945e+01
   6.8169070e+06   4.2480469e+01
   6.8169720e+06   4.1442871e+01
   6.8170060e+06   5.7128906e+01
   6.8170170e+06   4.2358398e+01
   6.8170540e+06   5.1269531e+01
   6.8170680e+06   5.6274414e+01
   6.8170830e+06   5.9448242e+01
   6.8171170e+06   7.0495605e+01
   6.8171460e+06   4.4921875e+01
   6.8171710e+06   4.1320801e+01
   6.8172090e+06   5.2734375e+01
   6.8172240e+06   4.0222168e+01
   6.8172610e+06   4.1320801e+01
   6.8172720e+06   5.4992676e+01
   6.8172970e+06   4.8400879e+01
   6.8173330e+06   4.2785645e+01
   6.8173800e+06   4.2968750e+01
   6.8173980e+06   3.8879395e+01
   6.8174420e+06   3.7902832e+01
   6.8174570e+06   5.1025391e+01
   6.8175060e+06   4.4067383e+01
   6.8178990e+06   4.8400879e+01
   6.8179220e+06   5.6396484e+01
   6.8179940e+06   3.8269043e+01
   6.8180620e+06   4.4433594e+01
   6.8183890e+06   4.4494629e+01
   6.8271710e+06   4.2968750e+01
   6.8275430e+06   4.0771484e+01
   6.8275720e+06   4.5104980e+01
   6.8275890e+06   5.2124023e+01
   6.8276130e+06   5.1452637e+01
   6.8276350e+06   8.8012695e+01
   6.8276690e+06   5.1513672e+01
   6.8276890e+06   3.7780762e+01
   6.8277100e+06   3.7719727e+01
   6.8277370e+06   4.4677734e+01
   6.8277700e+06   5.3283691e+01
   6.8277960e+06   4.3273926e+01
   6.8278270e+06   3.7902832e+01
   6.8278850e+06   4.2785645e+01
   6.8279050e+06   5.9692383e+01
   6.8279420e+06   4.7607422e+01
   6.8279850e+06   3.8513184e+01
   6.8280170e+06   4.6813965e+01
   6.8280650e+06   4.1992188e+01
   6.8280760e+06   4.7851562e+01
   6.8282220e+06   4.7363281e+01
   6.8283080e+06   4.4860840e+01
   6.8283350e+06   4.1809082e+01
   6.8283560e+06   3.9428711e+01
   6.8284780e+06   4.3029785e+01
   6.8284950e+06   6.6406250e+01
   6.8285600e+06   3.9184570e+01
   6.8286230e+06   3.9306641e+01
   6.8287000e+06   3.9916992e+01
   6.8287880e+06   4.2297363e+01
   6.8288370e+06   3.9123535e+01
   6.8301270e+06   3.8757324e+01
   6.8324460e+06   4.0588379e+01
   7.0524900e+06   3.8024902e+01
   7.1198780e+06   3.8330078e+01
   7.1967310e+06   4.1687012e+01
   7.2630130e+06   4.8767090e+01
   7.2631060e+06   5.1086426e+01
   7.2631290e+06   4.0222168e+01
   7.2632250e+06   5.4992676e+01
   7.2632660e+06   4.3151855e+01
   7.2632980e+06   5.3710938e+01
   7.2633190e+06   4.7607422e+01
   7.2633500e+06   6.3476562e+01
   7.2633680e+06   7.2631836e+01
   7.2633840e+06   6.3903809e+01
   7.2634040e+06   5.6274414e+01
   7.2634270e+06   4.8645020e+01
   7.2634590e+06   4.2785645e+01
   7.2634810e+06   4.0832520e+01
   7.2635660e+06   3.9001465e+01
   7.2635910e+06   3.9001465e+01
   7.2636340e+06   3.8452148e+01
   7.2636530e+06   4.4006348e+01
   7.2636750e+06   4.3762207e+01
   7.2637030e+06   4.4128418e+01
   7.2637300e+06   4.0527344e+01
   7.2637840e+06   4.0344238e+01
   7.2638390e+06   3.7719727e+01
   7.2638820e+06   4.4921875e+01
   7.2641440e+06   3.8574219e+01
   7.2642780e+06   4.4799805e+01
   7.2642960e+06   4.3029785e+01
   7.2647700e+06   4.0954590e+01
   7.2675360e+06   3.7597656e+01
   7.2739800e+06   4.1381836e+01
   7.2740480e+06   3.7658691e+01
   7.2741360e+06   3.8146973e+01
   7.2741810e+06   4.5776367e+01
   7.2742220e+06   5.8410645e+01
   7.2742380e+06   4.4738770e+01
   7.2742560e+06   4.1320801e+01
   7.2742880e+06   9.4116211e+01
   7.2743200e+06   7.6110840e+01
   7.2743620e+06   5.1330566e+01
   7.2744030e+06   4.6203613e+01
   7.2744270e+06   5.1757813e+01
   7.2744530e+06   4.3334961e+01
   7.2744940e+06   4.7851562e+01
   7.2745550e+06   5.4687500e+01
   7.2746010e+06   6.4025879e+01
   7.2746290e+06   4.0100098e+01
   7.2746740e+06   4.2419434e+01
   7.2747110e+06   5.8776855e+01
   7.2747470e+06   3.8085938e+01
   7.2748110e+06   4.4860840e+01
   7.2748380e+06   5.1696777e+01
   7.2749450e+06   4.3640137e+01
   7.2750470e+06   3.9916992e+01
   7.2751190e+06   4.7119141e+01
   7.2751760e+06   4.8217773e+01
   7.2752500e+06   3.9672852e+01
   7.2756480e+06   3.8757324e+01
   7.2758520e+06   3.7597656e+01
   7.2758750e+06   3.7902832e+01
   7.2759470e+06   3.8391113e+01
   7.2759760e+06   3.9611816e+01
   7.2761220e+06   4.1870117e+01
   7.2762240e+06   3.8391113e+01
   7.2790340e+06   3.9611816e+01
   7.4829980e+06   4.0344238e+01
   7.5847650e+06   3.7597656e+01
   7.6317450e+06   3.9672852e+01
   7.6654610e+06   3.7841797e+01
   7.6655890e+06   4.1015625e+01
   7.6656210e+06   3.9428711e+01
   7.6656570e+06   4.1320801e+01
   7.6656970e+06   5.3405762e+01
   7.6657320e+06   5.2307129e+01
   7.6657500e+06   3.7658691e+01
   7.6657810e+06   7.9223633e+01
   7.6657940e+06   6.8847656e+01
   7.6658280e+06   1.0253906e+02
   7.6658600e+06   4.6569824e+01
   7.6658730e+06   4.6997070e+01
   7.6659010e+06   5.7312012e+01
   7.6659440e+06   3.9306641e+01
   7.6659540e+06   5.0964355e+01
   7.6659850e+06   5.2673340e+01
   7.6660200e+06   4.0527344e+01
   7.6660400e+06   3.8085938e+01
   7.6661340e+06   4.7668457e+01
   7.6661700e+06   3.7719727e+01
   7.6662130e+06   4.8767090e+01
   7.6662770e+06   5.0842285e+01
   7.6663150e+06   5.2795410e+01
   7.6663700e+06   3.9001465e+01
   7.6664660e+06   4.9743652e+01
   7.6667360e+06   4.2236328e+01
   7.6667810e+06   4.7607422e+01
   7.6668110e+06   3.7658691e+01
   7.6668750e+06   3.9794922e+01
   7.6669720e+06   4.7119141e+01
   7.6670320e+06   4.4616699e+01
   7.6670530e+06   3.9062500e+01
   7.6673980e+06   3.8085938e+01
   7.6675790e+06   3.9062500e+01
   7.6681010e+06   4.1442871e+01
   7.6760110e+06   5.0720215e+01
   7.6761620e+06   3.9611816e+01
   7.6765340e+06   5.3222656e+01
   7.6765460e+06   4.0405273e+01
   7.6765910e+06   4.9865723e+01
   7.6766140e+06   6.6162109e+01
   7.6766320e+06   5.1208496e+01
   7.6766450e+06   5.2185059e+01
   7.6766610e+06   4.8400879e+01
   7.6766940e+06   6.9519043e+01
   7.6767310e+06   6.1279297e+01
   7.6767840e+06   5.4321289e+01
   7.6768310e+06   3.7719727e+01
   7.6768560e+06   3.9001465e+01
   7.6769180e+06   4.1198730e+01
   7.6769870e+06   4.3151855e+01
   7.6770560e+06   3.9428711e+01
   7.6771150e+06   4.1503906e+01
   7.6771740e+06   3.9367676e+01
   7.6772280e+06   4.1931152e+01
   7.6772530e+06   4.0527344e+01
   7.6774030e+06   3.7841797e+01
   7.6775600e+06   3.9611816e+01
   7.6776320e+06   4.2724609e+01
   7.6778260e+06   4.3090820e+01
   7.6778540e+06   4.1992188e+01
   7.6816330e+06   3.8635254e+01
   7.6840520e+06   3.7841797e+01
   7.8523480e+06   3.8513184e+01
   7.9261760e+06   3.8146973e+01
   8.0410560e+06   4.4555664e+01
   8.0411030e+06   4.9743652e+01
   8.0411680e+06   4.4677734e+01
   8.0412050e+06   7.6538086e+01
   8.0412310e+06   8.6608887e+01
   8.0412490e+06   1.0394287e+02
   8.0412610e+06   9.3322754e+01
   8.0412940e+06   6.3964844e+01
   8.0413260e+06   4.8034668e+01
   8.0413850e+06   3.8635254e+01
   8.0414110e+06   7.0861816e+01
   8.0414490e+06   4.3640137e+01
   8.0414610e+06   3.8696289e+01
   8.0415060e+06   5.3833008e+01
   8.0415300e+06   3.8391113e+01
   8.0415520e+06   3.8146973e+01
   8.0416720e+06   3.9733887e+01
   8.0417470e+06   4.3090820e+01
   8.0417610e+06   4.6081543e+01
   8.0418950e+06   3.7963867e+01
   8.0419780e+06   3.9123535e+01
   8.0420310e+06   4.0222168e+01
   8.0422220e+06   3.9550781e+01
   8.0422700e+06   4.2541504e+01
   8.0424650e+06   4.0954590e+01
   8.0425840e+06   4.4982910e+01
   8.0426900e+06   5.5358887e+01
   8.0427970e+06   3.7658691e+01
   8.0515750e+06   3.7780762e+01
   8.0516450e+06   4.0466309e+01
   8.0516650e+06   3.8452148e+01
   8.0517030e+06   3.7719727e+01
   8.0517230e+06   5.3283691e+01
   8.0517480e+06   7.1533203e+01
   8.0517610e+06   7.4401855e+01
   8.0517830e+06   9.1308594e+01
   8.0518060e+06   6.9458008e+01
   8.0518270e+06   5.4565430e+01
   8.0518420e+06   4.7302246e+01
   8.0518650e+06   3.8513184e+01
   8.0518920e+06   5.0476074e+01
   8.0519110e+06   4.1503906e+01
   8.0519810e+06   4.1931152e+01
   8.0520350e+06   4.1931152e+01
   8.0521760e+06   3.9794922e+01
   8.0522620e+06   4.2175293e+01
   8.0524820e+06   3.9916992e+01
   8.0525360e+06   3.8269043e+01
   8.0526790e+06   4.9194336e+01
   8.0527090e+06   4.4677734e+01
   8.0527840e+06   4.0893555e+01
   8.0527950e+06   5.8288574e+01
   8.0528990e+06   4.4555664e+01
   8.0529130e+06   3.7841797e+01
   8.0529590e+06   4.2602539e+01
   8.0530320e+06   3.7841797e+01
   8.0531270e+06   5.0170898e+01
   8.0604310e+06   4.0161133e+01
   8.1235500e+06   4.2175293e+01
   8.1238310e+06   4.3945312e+01
   8.1238530e+06   5.6274414e+01
   8.1238630e+06   6.0852051e+01
   8.1238940e+06   5.6884766e+01
   8.1239110e+06   7.8369141e+01
   8.1239310e+06   1.2634277e+02
   8.1239440e+06   5.9509277e+01
   8.1239670e+06   5.8227539e+01
   8.1239870e+06   4.5593262e+01
   8.1240110e+06   3.8818359e+01
   8.1240300e+06   4.9682617e+01
   8.1240690e+06   4.3579102e+01
   8.1240880e+06   6.1462402e+01
   8.1241080e+06   3.9550781e+01
   8.1241500e+06   5.8288574e+01
   8.1241720e+06   4.0283203e+01
   8.1242280e+06   3.8757324e+01
   8.1242640e+06   4.4372559e+01
   8.1243040e+06   3.8696289e+01
   8.1243440e+06   4.7851562e+01
   8.1244250e+06   4.0710449e+01
   8.1246770e+06   4.9011230e+01
   8.1247370e+06   4.1564941e+01
   8.1247510e+06   4.1992188e+01
   8.1247980e+06   4.1809082e+01
   8.1249860e+06   3.7963867e+01
   8.1251190e+06   4.7851562e+01
   8.1251860e+06   3.8452148e+01
   8.1253090e+06   5.2001953e+01
   8.1761040e+06   3.7597656e+01
   8.1815740e+06   4.2175293e+01
   8.1818570e+06   4.6875000e+01
   8.1818680e+06   4.4982910e+01
   8.1818920e+06   8.6608887e+01
   8.1819140e+06   5.7556152e+01
   8.1819280e+06   5.0720215e+01
   8.1819500e+06   4.2663574e+01
   8.1819670e+06   5.8593750e+01
   8.1819870e+06   4.5593262e+01
   8.1820380e+06   5.4443359e+01
   8.1820570e+06   4.1381836e+01
   8.1821280e+06   5.1879883e+01
   8.1821480e+06   4.5349121e+01
   8.1821830e+06   4.1748047e+01
   8.1822300e+06   3.8452148e+01
   8.1823710e+06   3.9855957e+01
   8.1824470e+06   5.7189941e+01
   8.1825240e+06   4.2358398e+01
   8.1826040e+06   3.8879395e+01
   8.1826550e+06   5.2734375e+01
   8.1826980e+06   3.9978027e+01
   8.1827620e+06   4.4799805e+01
   8.1828040e+06   4.0832520e+01
   8.1828570e+06   3.9367676e+01
   8.1829320e+06   4.0710449e+01
   8.1830160e+06   3.9550781e+01
   8.1830760e+06   4.0649414e+01
   8.1831580e+06   4.9255371e+01
   8.1832570e+06   4.5227051e+01
   8.1833970e+06   3.8208008e+01
   8.1834660e+06   4.0771484e+01
   8.1834880e+06   3.8574219e+01
   8.1836860e+06   3.8208008e+01
   8.1837270e+06   3.7841797e+01
   8.1841000e+06   4.0039062e+01
   8.3141310e+06   3.9184570e+01
   8.3173670e+06   3.8879395e+01
   8.4646080e+06   3.8940430e+01
   8.4647570e+06   5.0720215e+01
   8.4648180e+06   4.5654297e+01
   8.4649160e+06   3.9062500e+01
   8.4649640e+06   4.3090820e+01
   8.4649850e+06   7.9711914e+01
   8.4650050e+06   6.4453125e+01
   8.4650270e+06   4.9011230e+01
   8.4650420e+06   7.6782227e+01
   8.4650650e+06   5.6152344e+01
   8.4650900e+06   4.1076660e+01
   8.4651150e+06   7.7636719e+01
   8.4651390e+06   4.3212891e+01
   8.4651580e+06   5.4382324e+01
   8.4651860e+06   3.8208008e+01
   8.4652010e+06   4.8461914e+01
   8.4652130e+06   3.8146973e+01
   8.4652350e+06   5.3527832e+01
   8.4652470e+06   4.7424316e+01
   8.4652810e+06   3.9306641e+01
   8.4653010e+06   4.0405273e+01
   8.4653170e+06   4.5166016e+01
   8.4653390e+06   4.3579102e+01
   8.4653570e+06   4.5227051e+01
   8.4654260e+06   3.7963867e+01
   8.4654560e+06   3.9428711e+01
   8.4654910e+06   4.3212891e+01
   8.4656810e+06   4.8034668e+01
   8.4657020e+06   4.1992188e+01
   8.4658340e+06   3.7841797e+01
   8.4659630e+06   4.0405273e+01
   8.4661130e+06   3.9428711e+01
   8.4665750e+06   4.2480469e+01
   8.4844040e+06   4.0588379e+01
   8.4847050e+06   5.0720215e+01
   8.4847540e+06   3.8085938e+01
   8.4849770e+06   4.5349121e+01
   8.4850400e+06   5.6640625e+01
   8.4850710e+06   4.5959473e+01
   8.4851180e+06   7.1533203e+01
   8.4851280e+06   6.6772461e+01
   8.4851570e+06   8.5266113e+01
   8.4851750e+06   8.4716797e+01
   8.4851880e+06   6.1523438e+01
   8.4852180e+06   6.8786621e+01
   8.4852480e+06   4.7973633e+01
   8.4852690e+06   4.7668457e+01
   8.4852810e+06   4.8767090e+01
   8.4853000e+06   4.9682617e+01
   8.4853310e+06   4.6875000e+01
   8.4853430e+06   3.9245605e+01
   8.4854060e+06   4.2053223e+01
   8.4854640e+06   6.5795898e+01
   8.4854940e+06   3.8391113e+01
   8.4855650e+06   3.7902832e+01
   8.4855950e+06   4.1381836e+01
   8.4856150e+06   4.7302246e+01
   8.4856380e+06   4.2846680e+01
   8.4856600e+06   4.8156738e+01
   8.4856760e+06   4.7546387e+01
   8.4857210e+06   4.4799805e+01
   8.4858280e+06   4.1015625e+01
   8.4858690e+06   4.1137695e+01
   8.4859030e+06   3.9306641e+01
   8.4859960e+06   3.9367676e+01
   8.4860520e+06   4.0466309e+01
   8.4861510e+06   4.6936035e+01
   8.4862880e+06   4.7119141e+01
   8.4863670e+06   4.2358398e+01
   8.4863890e+06   4.1076660e+01
   8.4866960e+06   4.2114258e+01
   8.4867350e+06   4.3579102e+01
   8.4870950e+06   3.8696289e+01
   8.4896770e+06   4.1687012e+01
   8.5284960e+06   3.8391113e+01
   8.5538000e+06   6.3964844e+01
   8.5539780e+06   3.8146973e+01
   8.5539990e+06   5.3405762e+01
   8.5540320e+06   6.2805176e+01
   8.5540480e+06   4.9316406e+01
   8.5540640e+06   4.6997070e+01
   8.5540930e+06   7.2204590e+01
   8.5541040e+06   9.0454102e+01
   8.5541240e+06   4.0588379e+01
   8.5541410e+06   6.6040039e+01
   8.5541560e+06   4.5043945e+01
   8.5541770e+06   5.7739258e+01
   8.5541910e+06   3.7902832e+01
   8.5542220e+06   4.0832520e+01
   8.5542470e+06   5.2368164e+01
   8.5543310e+06   5.8410645e+01
   8.5543420e+06   4.0771484e+01
   8.5544200e+06   3.8452148e+01
   8.5544560e+06   4.0893555e+01
   8.5545020e+06   4.8889160e+01
   8.5545700e+06   3.9978027e+01
   8.5546510e+06   4.4982910e+01
   8.5546810e+06   4.2236328e+01
   8.5547340e+06   5.2062988e+01
   8.5547490e+06   6.2194824e+01
   8.5549610e+06   4.2053223e+01
   8.5549920e+06   3.9367676e+01
   8.5550560e+06   3.7841797e+01
   8.5550860e+06   3.8513184e+01
   8.5551520e+06   4.8034668e+01
   8.5553250e+06   4.1442871e+01
   8.5553730e+06   4.2907715e+01
   8.5554100e+06   4.5715332e+01
   8.6192050e+06   4.0283203e+01
   8.6317420e+06   3.8635254e+01
   8.8640510e+06   3.9672852e+01
   8.9193760e+06   3.8391113e+01
   9.0066060e+06   3.9978027e+01
   9.0068150e+06   4.7607422e+01
   9.0068340e+06   6.0363770e+01
   9.0068520e+06   5.4321289e+01
   9.0068640e+06   5.4565430e+01
   9.0068930e+06   6.8359375e+01
   9.0069110e+06   1.0180664e+02
   9.0069300e+06   4.4128418e+01
   9.0069410e+06   5.4382324e+01
   9.0070050e+06   5.8227539e+01
   9.0070270e+06   5.2978516e+01
   9.0070450e+06   4.8156738e+01
   9.0070630e+06   4.9743652e+01
   9.0070760e+06   4.0954590e+01
   9.0071270e+06   4.2358398e+01
   9.0071570e+06   3.8269043e+01
   9.0071710e+06   4.4555664e+01
   9.0071980e+06   4.1687012e+01
   9.0072130e+06   4.1137695e+01
   9.0072390e+06   3.7902832e+01
   9.0072510e+06   4.7546387e+01
   9.0073350e+06   3.7780762e+01
   9.0075240e+06   3.9428711e+01
   9.0078410e+06   3.9123535e+01
   9.0082050e+06   4.5715332e+01
   9.0087570e+06   3.9367676e+01
   9.0088460e+06   3.8330078e+01
   9.0090040e+06   3.7658691e+01
   9.0165320e+06   4.2053223e+01
   9.0166870e+06   4.5288086e+01
   9.0166990e+06   8.2031250e+01
   9.0167270e+06   5.8776855e+01
   9.0167420e+06   4.7851562e+01
   9.0167600e+06   6.2805176e+01
   9.0167810e+06   3.8146973e+01
   9.0167990e+06   3.9733887e+01
   9.0168530e+06   4.0466309e+01
   9.0168690e+06   3.8513184e+01
   9.0169070e+06   5.3100586e+01
   9.0169190e+06   5.1208496e+01
   9.0169360e+06   4.0893555e+01
   9.0169890e+06   5.5664062e+01
   9.0170020e+06   5.1879883e+01
   9.0170600e+06   3.9794922e+01
   9.0171420e+06   4.2053223e+01
   9.0171770e+06   4.5776367e+01
   9.0171870e+06   4.4860840e+01
   9.0173170e+06   5.1330566e+01
   9.0174410e+06   5.5541992e+01
   9.0174650e+06   4.3395996e+01
   9.0177940e+06   4.0893555e+01
   9.0181530e+06   4.4128418e+01
   9.0181760e+06   3.9733887e+01
   9.0225450e+06   3.9001465e+01
   9.1197340e+06   4.3090820e+01
   9.1494580e+06   3.9794922e+01
   9.1669460e+06   4.7851562e+01
   9.1670920e+06   4.5837402e+01
   9.1671960e+06   4.4067383e+01
   9.1672070e+06   5.4382324e+01
   9.1672310e+06   4.5227051e+01
   9.1672430e+06   5.7312012e+01
   9.1672710e+06   6.2072754e+01
   9.1672830e+06   6.7321777e+01
   9.1673030e+06   7.0495605e+01
   9.1673320e+06   8.0444336e+01
   9.1673630e+06   3.9794922e+01
   9.1673770e+06   6.3293457e+01
   9.1674020e+06   4.9743652e+01
   9.1674160e+06   3.9611816e+01
   9.1674290e+06   4.3212891e+01
   9.1674430e+06   5.2551270e+01
   9.1674780e+06   4.4555664e+01
   9.1674960e+06   4.4250488e+01
   9.1675250e+06   3.7902832e+01
   9.1675740e+06   3.9855957e+01
   9.1676440e+06   4.0039063e+01
   9.1676630e+06   4.9682617e+01
   9.1677840e+06   4.4677734e+01
   9.1677940e+06   4.1748047e+01
   9.1678190e+06   4.9743652e+01
   9.1679700e+06   4.1198730e+01
   9.1680110e+06   4.0222168e+01
   9.1680510e+06   4.1320801e+01
   9.1681760e+06   4.2297363e+01
   9.1684760e+06   3.9978027e+01
   9.1692700e+06   3.9428711e+01
   9.1913280e+06   9.5458984e+01
   9.1913640e+06   5.2185059e+01
   9.1913810e+06   5.7189941e+01
   9.1914020e+06   5.9509277e+01
   9.1914150e+06   7.1716309e+01
   9.1914550e+06   6.1035156e+01
   9.1914820e+06   5.7006836e+01
   9.1914940e+06   4.3273926e+01
   9.1915150e+06   4.8767090e+01
   9.1915430e+06   5.2490234e+01
   9.1915720e+06   5.1818848e+01
   9.1915830e+06   4.2480469e+01
   9.1917110e+06   4.0344238e+01
   9.1917270e+06   4.9133301e+01
   9.1917520e+06   4.6203613e+01
   9.1918260e+06   4.3273926e+01
   9.1918730e+06   3.9245605e+01
   9.1919280e+06   5.1025391e+01
   9.1920300e+06   5.2856445e+01
   9.1920680e+06   4.6142578e+01
   9.1921380e+06   4.3884277e+01
   9.1922670e+06   4.7241211e+01
   9.1923130e+06   4.0344238e+01
   9.1924350e+06   3.7719727e+01
   9.1924840e+06   3.9001465e+01
   9.1926370e+06   4.3945312e+01
   9.1933700e+06   4.6386719e+01
   9.3696700e+06   4.0100098e+01
   9.3702860e+06   3.8085937e+01
   9.4006860e+06   4.1564941e+01
   9.4599410e+06   3.8208008e+01
   9.5009290e+06   4.0527344e+01
   9.6415850e+06   4.1503906e+01
   9.6620940e+06   3.7780762e+01
   9.6784830e+06   3.8513184e+01
   9.7058950e+06   4.0344238e+01
   9.7145000e+06   3.8757324e+01
   9.7673460e+06   3.8574219e+01
   9.8402270e+06   3.9733887e+01
   9.8422540e+06   4.4006348e+01
   9.8423770e+06   6.2072754e+01
   9.8424350e+06   5.1574707e+01
   9.8424520e+06   4.2480469e+01
   9.8424730e+06   6.8420410e+01
   9.8424890e+06   6.7382813e+01
   9.8425020e+06   6.7871094e+01
   9.8425240e+06   5.8288574e+01
   9.8425620e+06   5.1269531e+01
   9.8426070e+06   4.7363281e+01
   9.8426460e+06   3.7963867e+01
   9.8426560e+06   4.5471191e+01
   9.8426760e+06   5.5236816e+01
   9.8427290e+06   4.4067383e+01
   9.8427530e+06   3.9916992e+01
   9.8428160e+06   4.5715332e+01
   9.8429040e+06   3.8574219e+01
   9.8431950e+06   4.3945313e+01
   9.8434460e+06   3.9855957e+01
   9.8434890e+06   4.5593262e+01
   9.8435890e+06   4.4494629e+01
   9.8436570e+06   3.9672852e+01
   9.8440010e+06   3.9733887e+01
   9.8507910e+06   5.7678223e+01
   9.8509430e+06   3.9245605e+01
   9.8516490e+06   3.9733887e+01
   9.8518250e+06   5.8837891e+01
   9.8519230e+06   5.1940918e+01
   9.8519430e+06   3.9855957e+01
   9.8519650e+06   6.4453125e+01
   9.8519860e+06   5.0598145e+01
   9.8520030e+06   5.6457520e+01
   9.8520160e+06   6.2377930e+01
   9.8520460e+06   5.8349609e+01
   9.8520840e+06   4.9682617e+01
   9.8521080e+06   4.0649414e+01
   9.8521240e+06   4.2968750e+01
   9.8521740e+06   4.1564941e+01
   9.8521890e+06   4.2663574e+01
   9.8522280e+06   4.4128418e+01
   9.8523470e+06   4.2419434e+01
   9.8524410e+06   3.8574219e+01
   9.8524820e+06   4.0344238e+01
   9.8525650e+06   4.1381836e+01
   9.8525830e+06   4.1076660e+01
   9.8526770e+06   4.4555664e+01
   9.8527360e+06   3.8574219e+01
   9.8527850e+06   3.7597656e+01
   9.8529010e+06   3.9123535e+01
   9.8530590e+06   4.0466309e+01
   9.8531110e+06   3.7536621e+01
   9.8532160e+06   3.7841797e+01
   9.8567630e+06   3.9855957e+01
   9.8609470e+06   3.9428711e+01
   9.8925770e+06   3.9428711e+01
   9.9785700e+06   3.7597656e+01
   9.9793860e+06   3.8574219e+01
   9.9796670e+06   3.8146973e+01
   9.9796860e+06   4.2297363e+01
   9.9797190e+06   5.1208496e+01
   9.9797290e+06   4.1137695e+01
   9.9797540e+06   4.8583984e+01
   9.9797720e+06   3.7597656e+01
   9.9797830e+06   6.4392090e+01
   9.9798110e+06   9.6740723e+01
   9.9798500e+06   4.8095703e+01
   9.9798710e+06   4.2480469e+01
   9.9799070e+06   5.1025391e+01
   9.9799410e+06   4.9865723e+01
   9.9799710e+06   5.9997559e+01
   9.9800900e+06   4.1625977e+01
   9.9801110e+06   4.2175293e+01
   9.9801390e+06   4.3884277e+01
   9.9801850e+06   4.0954590e+01
   9.9802280e+06   4.7912598e+01
   9.9802420e+06   4.1564941e+01
   9.9802740e+06   3.9550781e+01
   9.9803320e+06   3.9550781e+01
   9.9805400e+06   4.3457031e+01
   9.9805640e+06   4.2785645e+01
   9.9806120e+06   3.8024902e+01
   9.9808360e+06   4.4006348e+01
   9.9809830e+06   3.9306641e+01
   9.9813820e+06   4.8706055e+01
   1.0078380e+07   4.1015625e+01
   1.0078509e+07   4.1687012e+01
   1.0078582e+07   3.9550781e+01
   1.0078626e+07   6.2438965e+01
   1.0078648e+07   4.3090820e+01
   1.0078681e+07   8.7951660e+01
   1.0078710e+07   7.1289062e+01
   1.0078742e+07   9.5581055e+01
   1.0078767e+07   4.9255371e+01
   1.0078783e+07   4.8339844e+01
   1.0078807e+07   4.1870117e+01
   1.0078870e+07   4.9926758e+01
   1.0078896e+07   4.7668457e+01
   1.0078947e+07   4.0832520e+01
   1.0079033e+07   4.1137695e+01
   1.0079048e+07   5.5603027e+01
   1.0079126e+07   3.9001465e+01
   1.0079164e+07   4.6630859e+01
   1.0079215e+07   4.0100098e+01
   1.0079237e+07   4.3762207e+01
   1.0079377e+07   4.0161133e+01
   1.0079460e+07   4.0527344e+01
   1.0079590e+07   4.2053223e+01
   1.0079635e+07   4.0527344e+01
   1.0079650e+07   4.8095703e+01
   1.0079759e+07   4.1198730e+01
   1.0080055e+07   5.1452637e+01
   1.0080186e+07   3.7658691e+01
   1.0080433e+07   4.0893555e+01
   1.0080641e+07   3.8452148e+01
   1.0562893e+07   3.7841797e+01
   1.0573491e+07   4.1381836e+01
   1.0573567e+07   5.3527832e+01
   1.0573594e+07   4.1992188e+01
   1.0573622e+07   3.9916992e+01
   1.0573668e+07   3.7841797e+01
   1.0573703e+07   4.1442871e+01
   1.0573727e+07   4.1564941e+01
   1.0573756e+07   9.4238281e+01
   1.0573769e+07   7.2143555e+01
   1.0573779e+07   6.1706543e+01
   1.0573807e+07   4.7973633e+01
   1.0573840e+07   4.5898438e+01
   1.0573865e+07   4.6936035e+01
   1.0573891e+07   4.7485352e+01
   1.0573931e+07   4.1076660e+01
   1.0574000e+07   4.1259766e+01
   1.0574020e+07   4.5776367e+01
   1.0574059e+07   4.2236328e+01
   1.0574082e+07   4.3029785e+01
   1.0574103e+07   5.1330566e+01
   1.0574141e+07   4.1870117e+01
   1.0574220e+07   5.1330566e+01
   1.0574261e+07   4.0039062e+01
   1.0574666e+07   3.9978027e+01
   1.0574747e+07   4.9072266e+01
   1.0574818e+07   3.9367676e+01
   1.0574954e+07   4.2846680e+01
   1.0575091e+07   4.1320801e+01
   1.0575266e+07   4.5776367e+01
   1.0582309e+07   4.0222168e+01
   1.0582400e+07   3.9489746e+01
   1.0582429e+07   3.7658691e+01
   1.0582456e+07   6.7993164e+01
   1.0582467e+07   4.3151855e+01
   1.0582485e+07   7.4279785e+01
   1.0582500e+07   5.7067871e+01
   1.0582523e+07   4.8645020e+01
   1.0582533e+07   5.1147461e+01
   1.0582556e+07   4.9194336e+01
   1.0582607e+07   4.6875000e+01
   1.0582621e+07   4.2236328e+01
   1.0582687e+07   4.4494629e+01
   1.0582733e+07   4.5471191e+01
   1.0582760e+07   4.6264648e+01
   1.0582863e+07   4.6264648e+01
   1.0582896e+07   4.0039062e+01
   1.0582990e+07   4.4738770e+01
   1.0583068e+07   3.8635254e+01
   1.0583170e+07   3.8879395e+01
   1.0583189e+07   4.1809082e+01
   1.0583231e+07   3.7658691e+01
   1.0583312e+07   5.0598145e+01
   1.0583609e+07   4.6386719e+01
   1.0583636e+07   3.9611816e+01
   1.0583744e+07   4.1625977e+01
   1.0583829e+07   4.1320801e+01
   1.0587311e+07   3.7719727e+01
   1.0673123e+07   4.0588379e+01
   1.0676046e+07   3.9978027e+01
   1.0745500e+07   3.8879395e+01
   1.0745690e+07   4.3884277e+01
   1.0745730e+07   4.2053223e+01
   1.0745816e+07   4.7973633e+01
   1.0745866e+07   3.9855957e+01
   1.0745901e+07   6.0546875e+01
   1.0745919e+07   4.5776367e+01
   1.0745937e+07   9.9426270e+01
   1.0745961e+07   4.2419434e+01
   1.0745985e+07   4.9865723e+01
   1.0746006e+07   3.9916992e+01
   1.0746023e+07   4.1809082e+01
   1.0746042e+07   4.1137695e+01
   1.0746070e+07   4.4860840e+01
   1.0746093e+07   5.4565430e+01
   1.0746118e+07   5.9936523e+01
   1.0746165e+07   5.0231934e+01
   1.0746219e+07   4.9804688e+01
   1.0746242e+07   4.4738770e+01
   1.0746259e+07   3.9245605e+01
   1.0746280e+07   3.8452148e+01
   1.0746313e+07   4.2175293e+01
   1.0746345e+07   4.2480469e+01
   1.0746410e+07   4.7180176e+01
   1.0746466e+07   3.7597656e+01
   1.0746653e+07   4.7546387e+01
   1.0746722e+07   4.1381836e+01
   1.0746911e+07   4.6325684e+01
   1.0747062e+07   4.1320801e+01
   1.0747363e+07   4.1625977e+01
   1.0747771e+07   3.8818359e+01
   1.0761278e+07   3.8208008e+01
   1.0817913e+07   3.7963867e+01
   1.1039326e+07   4.7302246e+01
   1.1039561e+07   4.3762207e+01
   1.1039594e+07   9.8571777e+01
   1.1039626e+07   5.0537109e+01
   1.1039648e+07   7.6171875e+01
   1.1039673e+07   1.1029053e+02
   1.1039684e+07   6.5734863e+01
   1.1039719e+07   7.1594238e+01
   1.1039788e+07   3.7780762e+01
   1.1039824e+07   4.1259766e+01
   1.1039878e+07   4.7424316e+01
   1.1039965e+07   4.0588379e+01
   1.1039980e+07   4.2785645e+01
   1.1040038e+07   5.2124023e+01
   1.1040059e+07   3.7780762e+01
   1.1040195e+07   5.4321289e+01
   1.1040234e+07   5.0781250e+01
   1.1040315e+07   3.8574219e+01
   1.1040669e+07   3.7658691e+01
   1.1040696e+07   4.2053223e+01
   1.1040846e+07   4.8522949e+01
   1.1040980e+07   4.9926758e+01
   1.1040999e+07   3.8513184e+01
   1.1049903e+07   4.0710449e+01
   1.1049949e+07   4.4677734e+01
   1.1049974e+07   1.1486816e+02
   1.1050009e+07   5.8959961e+01
   1.1050026e+07   4.6752930e+01
   1.1050036e+07   4.2724609e+01
   1.1050065e+07   5.5603027e+01
   1.1050076e+07   3.8757324e+01
   1.1050088e+07   3.7536621e+01
   1.1050120e+07   4.0466309e+01
   1.1050148e+07   3.9428711e+01
   1.1050193e+07   5.1940918e+01
   1.1050209e+07   4.0649414e+01
   1.1050240e+07   5.1147461e+01
   1.1050267e+07   4.2053223e+01
   1.1050310e+07   4.4677734e+01
   1.1050373e+07   4.3457031e+01
   1.1050436e+07   3.8146973e+01
   1.1050470e+07   4.9621582e+01
   1.1050498e+07   4.2053223e+01
   1.1050509e+07   3.9245605e+01
   1.1050541e+07   3.7658691e+01
   1.1050604e+07   3.9123535e+01
   1.1050621e+07   4.5227051e+01
   1.1050661e+07   3.8574219e+01
   1.1050756e+07   4.6508789e+01
   1.1050775e+07   3.9306641e+01
   1.1050857e+07   3.9062500e+01
   1.1050922e+07   3.8696289e+01
   1.1051059e+07   3.9428711e+01
   1.1051165e+07   3.8574219e+01
   1.1051221e+07   3.8757324e+01
   1.1051259e+07   4.9499512e+01
   1.1051318e+07   4.0161133e+01
   1.1052062e+07   3.8940430e+01
   1.1055198e+07   4.1381836e+01
   1.1134223e+07   5.2856445e+01
   1.1134342e+07   4.5410156e+01
   1.1134456e+07   3.9916992e+01
   1.1134484e+07   7.7087402e+01
   1.1134514e+07   6.2927246e+01
   1.1134540e+07   5.9936523e+01
   1.1134557e+07   3.9306641e+01
   1.1134580e+07   5.9753418e+01
   1.1134604e+07   4.4555664e+01
   1.1134634e+07   5.8105469e+01
   1.1134697e+07   3.8696289e+01
   1.1134760e+07   4.0588379e+01
   1.1134784e+07   4.4372559e+01
   1.1134804e+07   4.3212891e+01
   1.1134827e+07   4.5959473e+01
   1.1134842e+07   4.3090820e+01
   1.1134854e+07   3.9062500e+01
   1.1134881e+07   4.0100098e+01
   1.1134909e+07   5.2856445e+01
   1.1135155e+07   4.4189453e+01
   1.1135263e+07   3.9306641e+01
   1.1135380e+07   4.3212891e+01
   1.1135509e+07   5.3771973e+01
   1.1135597e+07   3.8208008e+01
   1.1135704e+07   3.9123535e+01
   1.1135799e+07   4.0405273e+01
   1.1135958e+07   4.2541504e+01
   1.1135990e+07   4.0222168e+01
   1.1136053e+07   3.7963867e+01
   1.1320234e+07   3.9245605e+01
   1.1561944e+07   5.8593750e+01
   1.1562052e+07   3.8452148e+01
   1.1562069e+07   4.8461914e+01
   1.1562117e+07   3.9245605e+01
   1.1562186e+07   4.0222168e+01
   1.1562213e+07   4.1564941e+01
   1.1562240e+07   6.9396973e+01
   1.1562259e+07   4.5654297e+01
   1.1562280e+07   7.0861816e+01
   1.1562297e+07   6.7016602e+01
   1.1562310e+07   3.8574219e+01
   1.1562327e+07   4.3395996e+01
   1.1562346e+07   5.9631348e+01
   1.1562371e+07   6.9946289e+01
   1.1562399e+07   6.8298340e+01
   1.1562428e+07   4.4555664e+01
   1.1562455e+07   5.0292969e+01
   1.1562510e+07   4.3029785e+01
   1.1562538e+07   5.6030273e+01
   1.1562623e+07   4.6752930e+01
   1.1562648e+07   3.8330078e+01
   1.1562714e+07   5.4565430e+01
   1.1562929e+07   4.3334961e+01
   1.1563003e+07   3.8574219e+01
   1.1563108e+07   4.2297363e+01
   1.1563302e+07   4.5837402e+01
   1.1563395e+07   3.9733887e+01
   1.1563522e+07   4.5471191e+01
   1.1563809e+07   3.8635254e+01
   1.1570823e+07   3.7536621e+01
   1.1571106e+07   3.9123535e+01
   1.1571573e+07   3.7780762e+01
   1.1571591e+07   4.1137695e+01
   1.1571640e+07   4.1687012e+01
   1.1571710e+07   7.1960449e+01
   1.1571723e+07   9.2346191e+01
   1.1571737e+07   6.2377930e+01
   1.1571767e+07   5.0659180e+01
   1.1571794e+07   3.7780762e+01
   1.1571837e+07   5.4504395e+01
   1.1571875e+07   8.0627441e+01
   1.1571896e+07   5.1757812e+01
   1.1571918e+07   4.8583984e+01
   1.1571956e+07   3.7902832e+01
   1.1571981e+07   3.8330078e+01
   1.1571993e+07   3.7780762e+01
   1.1572013e+07   4.7180176e+01
   1.1572071e+07   3.9733887e+01
   1.1572105e+07   3.9001465e+01
   1.1572200e+07   4.9072266e+01
   1.1572212e+07   3.8208008e+01
   1.1572281e+07   4.2297363e+01
   1.1572319e+07   4.0466309e+01
   1.1572448e+07   4.3029785e+01
   1.1572485e+07   4.5471191e+01
   1.1572505e+07   4.1320801e+01
   1.1572547e+07   4.0588379e+01
   1.1572629e+07   4.2419434e+01
   1.1572676e+07   4.2968750e+01
   1.1572740e+07   4.0222168e+01
   1.1572940e+07   3.9978027e+01
   1.1573004e+07   4.1076660e+01
   1.1573100e+07   4.0161133e+01
   1.1573125e+07   4.2480469e+01
   1.1573677e+07   3.7658691e+01
   1.1573935e+07   3.8757324e+01
   1.1576443e+07   4.1015625e+01
   1.1628410e+07   3.9123535e+01
   1.1628436e+07   3.7841797e+01
   1.1628496e+07   3.7841797e+01
   1.1628639e+07   4.2602539e+01
   1.1628653e+07   5.8715820e+01
   1.1628687e+07   6.0791016e+01
   1.1628715e+07   6.1096191e+01
   1.1628728e+07   4.0832520e+01
   1.1628740e+07   7.9589844e+01
   1.1628750e+07   5.2734375e+01
   1.1628776e+07   4.6875000e+01
   1.1628812e+07   5.1635742e+01
   1.1628830e+07   4.2236328e+01
   1.1628854e+07   3.9367676e+01
   1.1628869e+07   4.5898438e+01
   1.1628915e+07   4.4982910e+01
   1.1628979e+07   3.7963867e+01
   1.1629002e+07   3.7963867e+01
   1.1629029e+07   5.0598145e+01
   1.1629055e+07   5.1025391e+01
   1.1629079e+07   4.8706055e+01
   1.1629123e+07   4.1992188e+01
   1.1629148e+07   5.7373047e+01
   1.1629202e+07   4.4677734e+01
   1.1629218e+07   4.5288086e+01
   1.1629262e+07   4.3518066e+01
   1.1629389e+07   5.3100586e+01
   1.1629441e+07   4.9438477e+01
   1.1629634e+07   3.7963867e+01
   1.1629733e+07   3.8513184e+01
   1.1629771e+07   5.1025391e+01
   1.1629841e+07   3.9367676e+01
   1.1629883e+07   4.6264648e+01
   1.1629920e+07   3.9001465e+01
   1.1629962e+07   4.4860840e+01
   1.1630172e+07   3.9489746e+01
   1.1630254e+07   3.9245605e+01
   1.1630542e+07   4.0893555e+01
   1.1673556e+07   3.9001465e+01
   1.1673658e+07   4.0527344e+01
   1.1673751e+07   6.1401367e+01
   1.1673786e+07   6.9274902e+01
   1.1673806e+07   5.4260254e+01
   1.1673827e+07   6.7993164e+01
   1.1673838e+07   4.5104980e+01
   1.1673848e+07   5.4077148e+01
   1.1673871e+07   5.7556152e+01
   1.1673907e+07   4.1076660e+01
   1.1673929e+07   6.3781738e+01
   1.1673967e+07   3.9550781e+01
   1.1673984e+07   5.0781250e+01
   1.1674004e+07   4.5593262e+01
   1.1674053e+07   5.6457520e+01
   1.1674127e+07   5.3955078e+01
   1.1674146e+07   3.9550781e+01
   1.1674170e+07   4.5043945e+01
   1.1674208e+07   3.9855957e+01
   1.1674349e+07   4.0466309e+01
   1.1674427e+07   4.3273926e+01
   1.1674455e+07   3.7963867e+01
   1.1674530e+07   4.1259766e+01
   1.1674560e+07   3.9733887e+01
   1.1674584e+07   4.8156738e+01
   1.1674614e+07   3.8879395e+01
   1.1674690e+07   3.7780762e+01
   1.1674722e+07   4.7302246e+01
   1.1674775e+07   4.7424316e+01
   1.1674888e+07   4.0100098e+01
   1.1674904e+07   4.2724609e+01
   1.1674939e+07   3.8024902e+01
   1.1675004e+07   3.8574219e+01
   1.1675140e+07   5.0598145e+01
   1.1675224e+07   3.8269043e+01
   1.1675323e+07   4.3273926e+01
   1.1675356e+07   4.4067383e+01
   1.1675545e+07   4.5898438e+01
   1.1675776e+07   3.9733887e+01
   1.1728878e+07   4.6020508e+01
   1.1981090e+07   3.8635254e+01
