   1.1996000e+07   0.0000000e+00
   1.4224000e+04   3.9916992e+01
   2.8300000e+04   3.9184570e+01
   5.8667000e+04   3.8696289e+01
   2.7059200e+05   4.3579102e+01
   2.9390900e+05   4.0588379e+01
   4.2993800e+05   4.0161133e+01
   5.6089600e+05   3.8574219e+01
   6.0934400e+05   3.8452148e+01
   6.7148100e+05   5.2490234e+01
   6.7150700e+05   4.2114258e+01
   6.7152500e+05   4.6081543e+01
   6.7156200e+05   5.8593750e+01
   6.7157500e+05   6.3537598e+01
   6.7160600e+05   5.7678223e+01
   6.7161800e+05   5.9875488e+01
   6.7165100e+05   7.1838379e+01
   6.7167600e+05   7.0007324e+01
   6.7173700e+05   6.9274902e+01
   6.7180900e+05   4.4372559e+01
   6.7184300e+05   4.9560547e+01
   6.7190600e+05   4.3395996e+01
   6.7194400e+05   3.9672852e+01
   6.7196500e+05   4.2358398e+01
   6.7202200e+05   4.4555664e+01
   6.7313400e+05   3.8452148e+01
   6.7453100e+05   4.0100098e+01
   6.8314400e+05   4.0405273e+01
   6.8497900e+05   3.8940430e+01
   6.8517900e+05   5.2490234e+01
   6.8527200e+05   4.4799805e+01
   6.8530000e+05   1.0052490e+02
   6.8531800e+05   5.7678223e+01
   6.8535200e+05   4.4982910e+01
   6.8538500e+05   4.0710449e+01
   6.8540800e+05   5.6640625e+01
   6.8542100e+05   4.6447754e+01
   6.8545900e+05   5.3161621e+01
   6.8548900e+05   5.8654785e+01
   6.8553800e+05   4.5654297e+01
   6.8561600e+05   5.4626465e+01
   6.8575000e+05   4.2602539e+01
   6.8577000e+05   4.2968750e+01
   6.8583500e+05   3.8818359e+01
   6.8589900e+05   4.2114258e+01
   6.8603300e+05   4.2602539e+01
   6.8617000e+05   4.0954590e+01
   6.8621700e+05   4.4555664e+01
   6.8652700e+05   4.1687012e+01
   6.8692500e+05   4.3029785e+01
   6.8699600e+05   4.1992188e+01
   6.8710300e+05   4.5593262e+01
   6.8712400e+05   4.2724609e+01
   6.8716300e+05   3.8696289e+01
   6.8731700e+05   4.2785645e+01
   6.8753400e+05   4.1137695e+01
   6.8792400e+05   4.0954590e+01
   6.8824200e+05   4.5532227e+01
   6.9119100e+05   4.0954590e+01
   6.9182700e+05   4.0893555e+01
   6.9280400e+05   3.9916992e+01
   6.9589200e+05   3.8391113e+01
   6.9974300e+05   4.0405273e+01
   7.4556000e+05   4.7668457e+01
   7.4557300e+05   4.7058105e+01
   7.4565100e+05   5.9509277e+01
   7.4567200e+05   7.1838379e+01
   7.4569200e+05   5.8532715e+01
   7.4572900e+05   4.1137695e+01
   7.4575900e+05   4.8828125e+01
   7.4577200e+05   4.3518066e+01
   7.4578900e+05   4.4189453e+01
   7.4585600e+05   4.2663574e+01
   7.4589500e+05   5.2001953e+01
   7.4593000e+05   4.0222168e+01
   7.4598700e+05   4.4433594e+01
   7.4640600e+05   3.9001465e+01
   7.4646800e+05   4.9438477e+01
   7.4672000e+05   5.6213379e+01
   7.4690300e+05   5.1086426e+01
   7.4692500e+05   3.9978027e+01
   7.4704600e+05   4.1748047e+01
   7.4712500e+05   4.2907715e+01
   7.4806200e+05   4.3273926e+01
   7.9345700e+05   3.9245605e+01
   7.9861600e+05   4.3823242e+01
   7.9869000e+05   7.0678711e+01
   7.9873300e+05   7.9223633e+01
   7.9874700e+05   8.3862305e+01
   7.9876100e+05   5.5419922e+01
   7.9879000e+05   4.5654297e+01
   7.9884200e+05   7.4462891e+01
   7.9885800e+05   4.7912598e+01
   7.9888500e+05   4.3334961e+01
   7.9891700e+05   5.8898926e+01
   7.9893300e+05   4.2724609e+01
   7.9907500e+05   4.9194336e+01
   7.9924800e+05   3.9794922e+01
   7.9926700e+05   4.6813965e+01
   7.9940900e+05   5.2307129e+01
   7.9951000e+05   4.4433594e+01
   7.9956500e+05   3.9855957e+01
   7.9979200e+05   3.9978027e+01
   7.9983900e+05   5.3955078e+01
   7.9998000e+05   4.2907715e+01
   8.0027100e+05   5.0964355e+01
   8.0074500e+05   4.2541504e+01
   8.0081200e+05   4.3762207e+01
   8.0155000e+05   3.8757324e+01
   8.7159900e+05   4.0893555e+01
   1.0076700e+06   4.1503906e+01
   1.2614360e+06   4.3884277e+01
   1.2642940e+06   3.9550781e+01
   1.8376610e+06   4.1015625e+01
   2.0623330e+06   4.2419434e+01
   2.1889160e+06   3.9794922e+01
   2.2262810e+06   3.9123535e+01
   2.2673880e+06   3.9794922e+01
   2.3453190e+06   1.9042969e+02
   2.4239770e+06   3.9062500e+01
   2.4471910e+06   4.1687012e+01
   2.6074460e+06   3.9428711e+01
   2.6076280e+06   4.0039062e+01
   2.6076430e+06   5.0842285e+01
   2.6076860e+06   4.4433594e+01
   2.6077030e+06   3.9794922e+01
   2.6077290e+06   4.3701172e+01
   2.6077580e+06   9.1735840e+01
   2.6077860e+06   4.6325684e+01
   2.6078420e+06   4.1259766e+01
   2.6078720e+06   5.4931641e+01
   2.6078970e+06   4.0466309e+01
   2.6079260e+06   4.0588379e+01
   2.6079830e+06   4.4921875e+01
   2.6080150e+06   3.8879395e+01
   2.6090500e+06   3.8940430e+01
   2.6096270e+06   4.1870117e+01
   2.6100680e+06   4.1564941e+01
   2.6129620e+06   3.8635254e+01
   2.6149560e+06   4.2175293e+01
   2.6155860e+06   3.8635254e+01
   2.6160420e+06   3.8452148e+01
   2.6162470e+06   4.5532227e+01
   2.6163850e+06   5.6457520e+01
   2.6164100e+06   4.0710449e+01
   2.6164380e+06   4.1198730e+01
   2.6164970e+06   4.2480469e+01
   2.6165220e+06   5.9692383e+01
   2.6165420e+06   8.8378906e+01
   2.6165870e+06   5.8105469e+01
   2.6166090e+06   4.1503906e+01
   2.6166490e+06   4.9316406e+01
   2.6166770e+06   4.4128418e+01
   2.6167880e+06   3.8391113e+01
   2.6170450e+06   3.8330078e+01
   2.6173620e+06   4.7302246e+01
   2.6176270e+06   4.0466309e+01
   2.6177820e+06   4.0893555e+01
   2.6192070e+06   3.8757324e+01
   2.6203770e+06   4.2846680e+01
   2.6209990e+06   3.8391113e+01
   2.6230180e+06   4.0039062e+01
   2.6259620e+06   4.0954590e+01
   2.6903310e+06   3.8879395e+01
   2.6903470e+06   4.5104980e+01
   2.6903710e+06   9.3322754e+01
   2.6903910e+06   9.6862793e+01
   2.6904190e+06   4.7119141e+01
   2.6904340e+06   4.4372559e+01
   2.6905150e+06   6.5856934e+01
   2.6905860e+06   4.7363281e+01
   2.6908310e+06   4.1442871e+01
   2.6909110e+06   4.6752930e+01
   2.6911210e+06   4.0466309e+01
   2.6912940e+06   3.8391113e+01
   2.6913650e+06   4.1992188e+01
   2.6913930e+06   4.8706055e+01
   2.6915170e+06   3.8757324e+01
   2.6916460e+06   4.1931152e+01
   2.6918020e+06   4.6813965e+01
   2.6919940e+06   3.9001465e+01
   2.6928070e+06   4.0161133e+01
   2.6928640e+06   3.8818359e+01
   2.6931880e+06   4.0039062e+01
   2.7177610e+06   3.9062500e+01
   2.8185390e+06   4.4555664e+01
   2.8185900e+06   4.5288086e+01
   2.8186000e+06   4.8950195e+01
   2.8186360e+06   4.4616699e+01
   2.8186800e+06   7.2875977e+01
   2.8186990e+06   6.4392090e+01
   2.8187280e+06   5.3222656e+01
   2.8187430e+06   4.8156738e+01
   2.8187700e+06   4.5532227e+01
   2.8187970e+06   6.3232422e+01
   2.8188420e+06   6.0729980e+01
   2.8188610e+06   4.4067383e+01
   2.8188750e+06   5.2001953e+01
   2.8189370e+06   4.0649414e+01
   2.8189920e+06   5.8776855e+01
   2.8190400e+06   4.2175293e+01
   2.8192690e+06   4.0710449e+01
   2.8206030e+06   4.0649414e+01
   2.8610740e+06   3.8391113e+01
   2.8695750e+06   4.0100098e+01
   2.9951940e+06   3.9245605e+01
   3.0550870e+06   3.8452148e+01
   3.0896250e+06   3.8513184e+01
   3.2777870e+06   4.1381836e+01
   3.6641070e+06   3.9733887e+01
   3.6820660e+06   6.1401367e+01
   3.6820820e+06   4.9499512e+01
   3.6821190e+06   5.5236816e+01
   3.6821290e+06   5.4443359e+01
   3.6821710e+06   6.8237305e+01
   3.6821820e+06   8.4716797e+01
   3.6822260e+06   5.4016113e+01
   3.6822360e+06   5.8715820e+01
   3.6822740e+06   4.7729492e+01
   3.6822840e+06   4.0649414e+01
   3.6823090e+06   4.2175293e+01
   3.6823310e+06   4.1381836e+01
   3.6824300e+06   4.2480469e+01
   3.6824730e+06   4.1137695e+01
   3.6825200e+06   4.0100098e+01
   3.6826020e+06   4.2785645e+01
   3.6828780e+06   3.9489746e+01
   3.6831720e+06   3.9306641e+01
   3.6837290e+06   4.0588379e+01
   3.6903190e+06   3.8269043e+01
   3.6906490e+06   4.1625977e+01
   3.6909960e+06   4.1748047e+01
   3.6910060e+06   4.3273926e+01
   3.6910590e+06   4.1442871e+01
   3.6910800e+06   5.6945801e+01
   3.6911500e+06   5.8532715e+01
   3.6911870e+06   3.9123535e+01
   3.6911970e+06   4.4799805e+01
   3.6912930e+06   5.0170898e+01
   3.6913530e+06   5.0659180e+01
   3.6914330e+06   4.2724609e+01
   3.6915390e+06   4.3151855e+01
   3.6915960e+06   3.9611816e+01
   3.6926450e+06   4.2724609e+01
   3.6926630e+06   4.0283203e+01
   3.6932190e+06   3.9733887e+01
   3.6934150e+06   3.8208008e+01
   3.6982720e+06   3.9367676e+01
   3.7051450e+06   4.4677734e+01
   4.2717800e+06   3.9001465e+01
   4.4247180e+06   4.0893555e+01
   4.5016720e+06   4.2053223e+01
   4.5017770e+06   6.4514160e+01
   4.5018040e+06   4.3395996e+01
   4.5018480e+06   4.2053223e+01
   4.5018620e+06   6.7138672e+01
   4.5018860e+06   4.2114258e+01
   4.5019240e+06   4.4982910e+01
   4.5019410e+06   5.7373047e+01
   4.5019580e+06   4.7058105e+01
   4.5019810e+06   3.8696289e+01
   4.5020220e+06   4.2968750e+01
   4.5020930e+06   3.8696289e+01
   4.5021360e+06   4.1625977e+01
   4.5022110e+06   4.3273926e+01
   4.5022830e+06   4.1809082e+01
   4.5024500e+06   4.4433594e+01
   4.5031360e+06   3.9184570e+01
   4.5100760e+06   3.9123535e+01
   4.5103640e+06   4.3090820e+01
   4.5108970e+06   4.1992188e+01
   4.5109810e+06   3.8879395e+01
   4.5110210e+06   4.5043945e+01
   4.5110510e+06   4.5043945e+01
   4.5110820e+06   5.5358887e+01
   4.5111010e+06   6.2316895e+01
   4.5111610e+06   6.7199707e+01
   4.5111940e+06   3.9184570e+01
   4.5112280e+06   5.6335449e+01
   4.5113330e+06   4.0649414e+01
   4.5114640e+06   4.1015625e+01
   4.5115280e+06   4.1564941e+01
   4.5119020e+06   3.8757324e+01
   4.5119780e+06   4.3273926e+01
   4.5184550e+06   4.2480469e+01
   4.5188300e+06   3.8330078e+01
   4.5386730e+06   3.9489746e+01
   4.6505570e+06   4.1381836e+01
   4.6857350e+06   3.8757324e+01
   4.7031540e+06   4.1809082e+01
   5.0383320e+06   3.9733887e+01
   5.0488150e+06   3.8757324e+01
   5.0711440e+06   3.9367676e+01
   5.1049350e+06   3.9672852e+01
   5.1752760e+06   3.9611816e+01
   5.2893300e+06   4.1748047e+01
   5.2894440e+06   5.6213379e+01
   5.2894720e+06   6.8908691e+01
   5.2894890e+06   4.8583984e+01
   5.2895010e+06   5.6030273e+01
   5.2895130e+06   7.0190430e+01
   5.2895460e+06   5.6335449e+01
   5.2895570e+06   4.4250488e+01
   5.2895710e+06   4.5959473e+01
   5.2896010e+06   4.4128418e+01
   5.2897050e+06   3.9672852e+01
   5.2897910e+06   3.8208008e+01
   5.2898220e+06   4.1870117e+01
   5.2900870e+06   4.2846680e+01
   5.2903000e+06   4.1687012e+01
   5.2913980e+06   3.8391113e+01
   5.2977120e+06   3.8146973e+01
   5.2979840e+06   4.3090820e+01
   5.2980590e+06   3.9978027e+01
   5.2980770e+06   4.6691895e+01
   5.2981210e+06   4.2236328e+01
   5.2981710e+06   4.5104980e+01
   5.2981960e+06   4.5471191e+01
   5.2982060e+06   8.7158203e+01
   5.2982420e+06   6.8054199e+01
   5.2982570e+06   4.1992188e+01
   5.2982680e+06   5.5358887e+01
   5.2983050e+06   5.1696777e+01
   5.2984340e+06   4.3762207e+01
   5.2987210e+06   4.2785645e+01
   5.2987690e+06   4.3334961e+01
   5.2991440e+06   4.2846680e+01
   5.2992150e+06   4.4555664e+01
   5.2997380e+06   3.8208008e+01
   5.2998040e+06   4.8278809e+01
   5.3003390e+06   3.8513184e+01
   5.3018560e+06   3.9001465e+01
   5.3593320e+06   3.8085938e+01
   5.3660090e+06   3.9184570e+01
   5.4677950e+06   3.8269043e+01
   5.4678250e+06   5.9692383e+01
   5.4678390e+06   5.9020996e+01
   5.4678620e+06   4.7180176e+01
   5.4678730e+06   5.9326172e+01
   5.4678840e+06   3.8391113e+01
   5.4678940e+06   5.2734375e+01
   5.4679120e+06   6.7626953e+01
   5.4679390e+06   5.0231934e+01
   5.4679930e+06   5.3894043e+01
   5.4680810e+06   4.3701172e+01
   5.4681140e+06   5.1757813e+01
   5.4681410e+06   4.1625977e+01
   5.4682030e+06   4.9743652e+01
   5.4682450e+06   4.4067383e+01
   5.4682740e+06   3.8330078e+01
   5.4683090e+06   5.0537109e+01
   5.4683690e+06   4.1137695e+01
   5.4687090e+06   3.9611816e+01
   5.4687680e+06   3.8085938e+01
   5.4690250e+06   4.3640137e+01
   5.4693430e+06   3.8696289e+01
   5.4697740e+06   3.8391113e+01
   5.6226490e+06   4.4555664e+01
   5.6226680e+06   3.9184570e+01
   5.6226890e+06   4.3518066e+01
   5.6227000e+06   5.4931641e+01
   5.6227380e+06   4.6752930e+01
   5.6227580e+06   5.9936523e+01
   5.6227730e+06   5.6884766e+01
   5.6228250e+06   7.3852539e+01
   5.6228440e+06   4.5471191e+01
   5.6228660e+06   3.9855957e+01
   5.6229420e+06   3.9672852e+01
   5.6230470e+06   7.1228027e+01
   5.6230760e+06   4.7912598e+01
   5.6231150e+06   3.9611816e+01
   5.6231600e+06   4.2053223e+01
   5.6232630e+06   5.7373047e+01
   5.6235080e+06   4.2785645e+01
   5.6241690e+06   5.0903320e+01
   5.6245240e+06   4.0283203e+01
   5.7505460e+06   3.8818359e+01
   5.7792910e+06   3.9428711e+01
   5.8396510e+06   3.9733887e+01
   5.8399400e+06   4.0405273e+01
   5.8399650e+06   7.8552246e+01
   5.8399830e+06   4.4433594e+01
   5.8400060e+06   7.0983887e+01
   5.8400190e+06   4.2419434e+01
   5.8400370e+06   5.3344727e+01
   5.8400520e+06   5.1025391e+01
   5.8400860e+06   5.0903320e+01
   5.8401040e+06   5.3161621e+01
   5.8401440e+06   3.8452148e+01
   5.8401650e+06   4.4372559e+01
   5.8402230e+06   4.1870117e+01
   5.8402650e+06   4.4311523e+01
   5.8405700e+06   4.0344238e+01
   5.8405910e+06   4.6081543e+01
   5.8406580e+06   4.9621582e+01
   5.8409280e+06   4.1320801e+01
   5.8410270e+06   4.4677734e+01
   5.8411670e+06   3.8513184e+01
   5.8421520e+06   3.9306641e+01
   5.8422810e+06   4.3334961e+01
   5.9282140e+06   3.9794922e+01
   5.9454020e+06   3.8146973e+01
   5.9454540e+06   4.4616699e+01
   5.9455150e+06   1.0815430e+02
   5.9455380e+06   6.6894531e+01
   5.9455550e+06   8.5083008e+01
   5.9455710e+06   4.1076660e+01
   5.9455870e+06   4.8828125e+01
   5.9456140e+06   5.8410645e+01
   5.9456390e+06   5.5541992e+01
   5.9456670e+06   6.5002441e+01
   5.9456830e+06   4.8828125e+01
   5.9457970e+06   4.4067383e+01
   5.9458660e+06   4.1809082e+01
   5.9459370e+06   4.2724609e+01
   5.9460010e+06   4.2846680e+01
   5.9460550e+06   5.2551270e+01
   5.9462060e+06   4.3762207e+01
   5.9463210e+06   4.0771484e+01
   5.9465610e+06   4.1381836e+01
   5.9465990e+06   3.8391113e+01
   5.9480470e+06   4.0283203e+01
   5.9481070e+06   4.2297363e+01
   5.9484510e+06   4.1198730e+01
   5.9518870e+06   3.8208008e+01
   5.9665970e+06   4.0222168e+01
   6.0054450e+06   3.7963867e+01
   6.0056890e+06   4.1015625e+01
   6.0057280e+06   5.9814453e+01
   6.0057400e+06   3.8085938e+01
   6.0057610e+06   7.0068359e+01
   6.0057830e+06   6.2622070e+01
   6.0057940e+06   4.3334961e+01
   6.0058140e+06   8.0383301e+01
   6.0058380e+06   6.3720703e+01
   6.0058760e+06   4.9560547e+01
   6.0059030e+06   5.5236816e+01
   6.0059280e+06   7.4340820e+01
   6.0059390e+06   6.3415527e+01
   6.0059950e+06   4.0893555e+01
   6.0060580e+06   4.0405273e+01
   6.0061000e+06   3.8635254e+01
   6.0062130e+06   4.4799805e+01
   6.0063250e+06   4.2907715e+01
   6.0064190e+06   5.4870605e+01
   6.0067070e+06   4.0588379e+01
   6.0072460e+06   3.8940430e+01
   6.0749320e+06   3.8818359e+01
   6.2546890e+06   3.9184570e+01
   6.5140810e+06   3.8635254e+01
   6.5141560e+06   3.8146973e+01
   6.5141790e+06   4.7058105e+01
   6.5142270e+06   3.9672852e+01
   6.5142510e+06   6.5551758e+01
   6.5142720e+06   5.5480957e+01
   6.5142960e+06   4.7790527e+01
   6.5143100e+06   5.1940918e+01
   6.5143370e+06   4.9011230e+01
   6.5143630e+06   4.0832520e+01
   6.5143760e+06   7.0739746e+01
   6.5144350e+06   3.8085938e+01
   6.5144810e+06   4.3457031e+01
   6.5145500e+06   5.2734375e+01
   6.5145800e+06   4.6752930e+01
   6.5146310e+06   3.8757324e+01
   6.5146700e+06   3.9855957e+01
   6.5147380e+06   4.1381836e+01
   6.5147950e+06   4.0161133e+01
   6.5148460e+06   4.2541504e+01
   6.5152780e+06   4.0954590e+01
   6.5155600e+06   4.7119141e+01
   6.5157610e+06   4.8156738e+01
   6.5164820e+06   4.0771484e+01
   6.5291050e+06   3.8024902e+01
   6.5292740e+06   3.8330078e+01
   6.5302110e+06   3.9489746e+01
   6.5304070e+06   3.8208008e+01
   6.5310550e+06   4.4799805e+01
   6.5317090e+06   4.1931152e+01
   6.5321390e+06   3.8085938e+01
   6.5325080e+06   3.8085938e+01
   6.5325320e+06   4.0466309e+01
   6.5325600e+06   1.0748291e+02
   6.5325980e+06   6.9885254e+01
   6.5326160e+06   6.8481445e+01
   6.5326560e+06   7.3425293e+01
   6.5327020e+06   4.2724609e+01
   6.5327500e+06   4.2724609e+01
   6.5328340e+06   3.9978027e+01
   6.5328920e+06   4.8217773e+01
   6.5329190e+06   4.3457031e+01
   6.5329590e+06   4.1870117e+01
   6.5330370e+06   3.9611816e+01
   6.5331900e+06   4.9194336e+01
   6.5332700e+06   4.1870117e+01
   6.5335800e+06   3.8330078e+01
   6.5339020e+06   4.0283203e+01
   6.5851830e+06   3.8513184e+01
   6.5966740e+06   3.8635254e+01
   6.6386570e+06   4.4860840e+01
   6.6386720e+06   3.9611816e+01
   6.6386910e+06   5.1330566e+01
   6.6387160e+06   4.6081543e+01
   6.6387340e+06   4.3823242e+01
   6.6387640e+06   3.9611816e+01
   6.6387870e+06   5.1025391e+01
   6.6388070e+06   6.7199707e+01
   6.6388310e+06   3.9184570e+01
   6.6388660e+06   6.0058594e+01
   6.6389210e+06   4.9011230e+01
   6.6389360e+06   5.3527832e+01
   6.6389670e+06   3.7963867e+01
   6.6390030e+06   3.9428711e+01
   6.6390480e+06   5.3466797e+01
   6.6390910e+06   5.2612305e+01
   6.6391620e+06   4.0222168e+01
   6.6395070e+06   5.4077148e+01
   6.6396230e+06   4.1748047e+01
   6.6404710e+06   3.9062500e+01
   6.6859360e+06   3.8696289e+01
   6.6863410e+06   5.0109863e+01
   6.6863790e+06   4.3579102e+01
   6.6863970e+06   4.6203613e+01
   6.6864290e+06   6.4392090e+01
   6.6864390e+06   7.9711914e+01
   6.6864520e+06   5.8044434e+01
   6.6864970e+06   5.6213379e+01
   6.6865230e+06   4.7607422e+01
   6.6865640e+06   4.2419434e+01
   6.6866100e+06   4.3640137e+01
   6.6866690e+06   4.8522949e+01
   6.6868670e+06   3.9367676e+01
   6.6869220e+06   3.8085938e+01
   6.6870970e+06   4.9499512e+01
   6.6871610e+06   4.6936035e+01
   6.6872580e+06   4.1442871e+01
   6.6872860e+06   3.9428711e+01
   6.6875660e+06   4.2297363e+01
   6.6877640e+06   4.4067383e+01
   6.7351900e+06   3.9062500e+01
   6.7354370e+06   7.1105957e+01
   6.7354490e+06   5.7189941e+01
   6.7354800e+06   5.9387207e+01
   6.7354980e+06   4.1870117e+01
   6.7355200e+06   4.4494629e+01
   6.7355500e+06   5.3283691e+01
   6.7355820e+06   5.4870605e+01
   6.7356990e+06   4.6875000e+01
   6.7357460e+06   4.0100098e+01
   6.7358420e+06   5.0048828e+01
   6.7359030e+06   3.9001465e+01
   6.7359860e+06   3.8391113e+01
   6.7362100e+06   4.6569824e+01
   6.7364150e+06   4.1503906e+01
   6.7364270e+06   4.2968750e+01
   6.7366060e+06   4.4372559e+01
   6.7368790e+06   3.8940430e+01
   6.7850470e+06   3.9062500e+01
   6.7851960e+06   3.8574219e+01
   6.7853060e+06   4.1320801e+01
   6.7853250e+06   4.6630859e+01
   6.7853780e+06   7.6965332e+01
   6.7853920e+06   6.0424805e+01
   6.7854040e+06   5.6945801e+01
   6.7854320e+06   4.5837402e+01
   6.7854650e+06   3.9855957e+01
   6.7854830e+06   6.5246582e+01
   6.7855000e+06   3.7963867e+01
   6.7855420e+06   6.6528320e+01
   6.7855590e+06   5.6152344e+01
   6.7856350e+06   3.8269043e+01
   6.7857170e+06   3.8330078e+01
   6.7862810e+06   4.3640137e+01
   6.7864560e+06   3.9611816e+01
   6.7866800e+06   3.8757324e+01
   6.7872280e+06   3.9550781e+01
   6.8304750e+06   3.8574219e+01
   6.8312000e+06   3.7963867e+01
   6.8312260e+06   6.5185547e+01
   6.8312410e+06   4.8950195e+01
   6.8312690e+06   5.0354004e+01
   6.8312880e+06   6.5795898e+01
   6.8313130e+06   4.3884277e+01
   6.8313380e+06   4.9316406e+01
   6.8313810e+06   5.0109863e+01
   6.8314510e+06   4.0771484e+01
   6.8314900e+06   4.5898438e+01
   6.8315080e+06   4.0466309e+01
   6.8315270e+06   4.9438477e+01
   6.8315760e+06   3.8940430e+01
   6.8316000e+06   4.0649414e+01
   6.8316520e+06   5.1147461e+01
   6.8322020e+06   3.9367676e+01
   6.8322830e+06   4.2114258e+01
   6.8325310e+06   4.0710449e+01
   6.8325990e+06   4.5349121e+01
   6.8342860e+06   4.0100098e+01
   6.8401980e+06   4.1137695e+01
   6.8743050e+06   4.6020508e+01
   6.8747110e+06   4.5166016e+01
   6.8747700e+06   4.7790527e+01
   6.8747870e+06   5.0781250e+01
   6.8748080e+06   4.7180176e+01
   6.8748440e+06   7.8796387e+01
   6.8748640e+06   8.0566406e+01
   6.8748790e+06   5.6762695e+01
   6.8749080e+06   6.5551758e+01
   6.8749280e+06   4.3579102e+01
   6.8749490e+06   4.9743652e+01
   6.8749970e+06   3.9550781e+01
   6.8750130e+06   4.1748047e+01
   6.8750730e+06   4.5166016e+01
   6.8753040e+06   3.8818359e+01
   6.8753560e+06   4.1137695e+01
   6.8754090e+06   3.9672852e+01
   6.8754450e+06   3.9733887e+01
   6.8757220e+06   4.1198730e+01
   6.8758550e+06   4.3762207e+01
   6.8763490e+06   3.9550781e+01
   6.8764720e+06   3.7963867e+01
   7.3356300e+06   3.9184570e+01
   7.5318900e+06   4.1564941e+01
   7.6412470e+06   3.9733887e+01
   7.6659450e+06   3.7963867e+01
   7.6780960e+06   4.1748047e+01
   7.6781310e+06   4.3334961e+01
   7.6781750e+06   8.3740234e+01
   7.6781990e+06   7.7758789e+01
   7.6782260e+06   7.4584961e+01
   7.6782370e+06   5.4992676e+01
   7.6782820e+06   3.8024902e+01
   7.6783530e+06   4.2968750e+01
   7.6784420e+06   4.2297363e+01
   7.6785110e+06   3.8635254e+01
   7.6800890e+06   4.2663574e+01
   7.6806520e+06   4.6020508e+01
   7.6918380e+06   3.8635254e+01
   7.7778440e+06   3.9611816e+01
   7.7896860e+06   5.9875488e+01
   7.7897180e+06   1.0296631e+02
   7.7897360e+06   7.1777344e+01
   7.7897530e+06   6.0180664e+01
   7.7897640e+06   7.2143555e+01
   7.7898130e+06   5.7128906e+01
   7.7898250e+06   4.5349121e+01
   7.7899030e+06   6.4697266e+01
   7.7899240e+06   4.1198730e+01
   7.7899940e+06   4.0039062e+01
   7.7900070e+06   4.5471191e+01
   7.7900460e+06   5.3894043e+01
   7.7900800e+06   3.9062500e+01
   7.7904590e+06   4.2541504e+01
   7.7907690e+06   3.9489746e+01
   7.7913330e+06   3.9123535e+01
   7.7929150e+06   3.9611816e+01
   7.8037890e+06   3.7902832e+01
   7.8434320e+06   3.9916992e+01
   7.8523830e+06   3.8452148e+01
   7.8598620e+06   3.8269043e+01
   7.8600090e+06   4.0832520e+01
   7.8600200e+06   5.9936523e+01
   7.8600350e+06   8.6059570e+01
   7.8600930e+06   4.7851562e+01
   7.8601030e+06   6.7260742e+01
   7.8601210e+06   3.9062500e+01
   7.8601420e+06   4.7241211e+01
   7.8602750e+06   3.8452148e+01
   7.8603490e+06   4.0893555e+01
   7.8603740e+06   3.9123535e+01
   7.8606630e+06   3.8085938e+01
   7.8612260e+06   4.6630859e+01
   7.8614540e+06   4.8950195e+01
   7.9199820e+06   4.4311523e+01
   7.9204790e+06   4.6997070e+01
   7.9205610e+06   4.0893555e+01
   7.9205870e+06   4.2602539e+01
   7.9206060e+06   4.9560547e+01
   7.9206270e+06   8.1604004e+01
   7.9206420e+06   5.6152344e+01
   7.9206600e+06   6.8054199e+01
   7.9206990e+06   5.3222656e+01
   7.9207210e+06   4.0527344e+01
   7.9207720e+06   4.6875000e+01
   7.9207990e+06   4.6081543e+01
   7.9208490e+06   4.1992187e+01
   7.9209030e+06   4.5166016e+01
   7.9209260e+06   4.0161133e+01
   7.9210810e+06   5.2856445e+01
   7.9214700e+06   3.7902832e+01
   7.9216580e+06   4.4311523e+01
   7.9217960e+06   4.3090820e+01
   7.9227660e+06   3.8024902e+01
   7.9243500e+06   4.0222168e+01
   7.9948560e+06   4.0100098e+01
   7.9950350e+06   4.5043945e+01
   7.9950730e+06   3.9733887e+01
   7.9951080e+06   4.6936035e+01
   7.9951280e+06   6.0241699e+01
   7.9951390e+06   4.6020508e+01
   7.9951540e+06   6.3720703e+01
   7.9951960e+06   5.0598145e+01
   7.9952450e+06   4.4433594e+01
   7.9952710e+06   4.1748047e+01
   7.9954070e+06   4.0283203e+01
   7.9954800e+06   4.2297363e+01
   7.9956550e+06   3.9794922e+01
   7.9963290e+06   4.1503906e+01
   7.9963830e+06   3.8635254e+01
   7.9965870e+06   4.0039062e+01
   7.9999870e+06   3.8024902e+01
   8.0771070e+06   3.9978027e+01
   8.0771550e+06   5.1269531e+01
   8.0772030e+06   3.8085938e+01
   8.0772290e+06   5.8105469e+01
   8.0772430e+06   5.1208496e+01
   8.0772840e+06   5.9387207e+01
   8.0773090e+06   4.7058105e+01
   8.0773830e+06   4.5166016e+01
   8.0774390e+06   4.3823242e+01
   8.0774610e+06   4.3151855e+01
   8.0774930e+06   4.1259766e+01
   8.0776070e+06   3.9611816e+01
   8.0779520e+06   4.1870117e+01
   8.0783830e+06   3.8269043e+01
   8.0784300e+06   3.8330078e+01
   8.1301500e+06   3.9550781e+01
   8.4380920e+06   3.8208008e+01
   8.4383170e+06   4.0466309e+01
   8.4383750e+06   3.9855957e+01
   8.4383860e+06   4.4433594e+01
   8.4384080e+06   7.7148438e+01
   8.4384200e+06   8.6914063e+01
   8.4384400e+06   4.5166016e+01
   8.4384620e+06   7.7453613e+01
   8.4384730e+06   5.0964355e+01
   8.4384860e+06   4.8828125e+01
   8.4385080e+06   4.4921875e+01
   8.4385240e+06   4.0161133e+01
   8.4386340e+06   4.7485352e+01
   8.4386810e+06   3.9001465e+01
   8.4387510e+06   5.1818848e+01
   8.4387940e+06   4.1809082e+01
   8.4400900e+06   4.6997070e+01
   8.4401400e+06   3.8635254e+01
   8.6498580e+06   5.2490234e+01
   8.6498750e+06   4.4067383e+01
   8.6499100e+06   9.2651367e+01
   8.6499300e+06   7.4768066e+01
   8.6499510e+06   5.5847168e+01
   8.6499790e+06   7.5988770e+01
   8.6500160e+06   5.0048828e+01
   8.6500620e+06   6.3659668e+01
   8.6501410e+06   4.4433594e+01
   8.6502150e+06   4.0588379e+01
   8.6502580e+06   3.9306641e+01
   8.6503490e+06   4.5104980e+01
   8.6504250e+06   3.8757324e+01
   8.6504360e+06   3.9672852e+01
   8.7465430e+06   3.9489746e+01
   8.7490100e+06   4.3090820e+01
   8.7490350e+06   4.4677734e+01
   8.7490500e+06   4.2663574e+01
   8.7490790e+06   5.8288574e+01
   8.7490890e+06   5.7006836e+01
   8.7491090e+06   6.9763184e+01
   8.7491360e+06   5.0842285e+01
   8.7491600e+06   5.8837891e+01
   8.7492110e+06   8.3984375e+01
   8.7492410e+06   4.7851562e+01
   8.7492670e+06   5.2490234e+01
   8.7492990e+06   5.2734375e+01
   8.7493160e+06   4.8950195e+01
   8.7493640e+06   4.5410156e+01
   8.7494080e+06   3.8146973e+01
   8.7495230e+06   3.8696289e+01
   8.7499100e+06   4.0466309e+01
   8.7499980e+06   3.8879395e+01
   8.7500220e+06   4.5227051e+01
   8.7505820e+06   4.5166016e+01
   8.7507870e+06   3.8940430e+01
   8.7524360e+06   3.7902832e+01
   8.7784000e+06   3.8940430e+01
   8.7972960e+06   3.7902832e+01
   9.2485520e+06   4.2297363e+01
   9.4316140e+06   5.0109863e+01
   9.6111840e+06   4.9316406e+01
   9.6112100e+06   5.0842285e+01
   9.6112280e+06   3.9855957e+01
   9.6112470e+06   4.3823242e+01
   9.6112790e+06   5.4382324e+01
   9.6112960e+06   4.2175293e+01
   9.6113120e+06   4.4128418e+01
   9.6113830e+06   5.6152344e+01
   9.6114100e+06   4.1503906e+01
   9.6114970e+06   4.1442871e+01
   9.6116170e+06   4.0100098e+01
   9.6120360e+06   4.2602539e+01
   9.6121180e+06   4.2236328e+01
   9.6125030e+06   4.7485352e+01
   9.6144150e+06   3.9428711e+01
   9.6146760e+06   3.9123535e+01
   9.6214290e+06   3.9428711e+01
   9.7111890e+06   4.6813965e+01
   9.7113140e+06   5.6518555e+01
   9.7113500e+06   6.6772461e+01
   9.7113840e+06   4.4982910e+01
   9.7114140e+06   4.6020508e+01
   9.7114540e+06   4.3945312e+01
   9.7114770e+06   4.6020508e+01
   9.7115040e+06   5.2185059e+01
   9.7115620e+06   4.4189453e+01
   9.7116340e+06   4.1259766e+01
   9.7116580e+06   4.1198730e+01
   9.7116880e+06   4.3518066e+01
   9.7118280e+06   4.5776367e+01
   9.7660730e+06   4.3334961e+01
   9.7660930e+06   3.9245605e+01
   9.7662310e+06   8.3068848e+01
   9.7662510e+06   4.8339844e+01
   9.7662760e+06   4.8583984e+01
   9.7663230e+06   4.9865723e+01
   9.7663490e+06   5.4260254e+01
   9.7663790e+06   4.2114258e+01
   9.7665520e+06   3.9428711e+01
   9.7672490e+06   5.0415039e+01
   9.7677320e+06   4.2541504e+01
   9.7678400e+06   4.7973633e+01
   9.8363580e+06   4.1748047e+01
   9.8364040e+06   4.5166016e+01
   9.8364360e+06   6.3537598e+01
   9.8364660e+06   4.6386719e+01
   9.8364990e+06   7.2692871e+01
   9.8365190e+06   4.7729492e+01
   9.8365590e+06   5.8105469e+01
   9.8365720e+06   7.9711914e+01
   9.8365890e+06   4.5776367e+01
   9.8366210e+06   5.8410645e+01
   9.8367630e+06   4.7119141e+01
   9.8377000e+06   3.9428711e+01
   9.8377830e+06   3.9489746e+01
   9.8381300e+06   3.9184570e+01
   9.9012210e+06   4.0710449e+01
   9.9016790e+06   3.9550781e+01
   9.9017160e+06   4.7241211e+01
   9.9017610e+06   5.4992676e+01
   9.9017750e+06   5.9997559e+01
   9.9017880e+06   6.1279297e+01
   9.9018280e+06   5.7678223e+01
   9.9018460e+06   4.0649414e+01
   9.9018700e+06   6.8115234e+01
   9.9018970e+06   4.4189453e+01
   9.9019410e+06   6.3110352e+01
   9.9019620e+06   4.5715332e+01
   9.9020270e+06   4.2114258e+01
   9.9021240e+06   3.9001465e+01
   9.9023660e+06   4.0039063e+01
   1.0007408e+07   4.6630859e+01
   1.0007610e+07   4.4433594e+01
   1.0007635e+07   7.4462891e+01
   1.0007661e+07   4.9255371e+01
   1.0007680e+07   6.5734863e+01
   1.0007699e+07   4.2419434e+01
   1.0007730e+07   7.0007324e+01
   1.0007750e+07   4.4921875e+01
   1.0007792e+07   4.4616699e+01
   1.0007805e+07   4.5166016e+01
   1.0007831e+07   5.0537109e+01
   1.0007846e+07   5.2001953e+01
   1.0007893e+07   4.1137695e+01
   1.0008095e+07   4.1687012e+01
   1.0008695e+07   4.5043945e+01
   1.0008976e+07   4.5715332e+01
   1.0086384e+07   4.6020508e+01
   1.0086424e+07   5.4321289e+01
   1.0086438e+07   4.3518066e+01
   1.0086459e+07   7.5561523e+01
   1.0086474e+07   5.6396484e+01
   1.0086492e+07   4.0344238e+01
   1.0086526e+07   4.6508789e+01
   1.0086550e+07   4.4006348e+01
   1.0086583e+07   5.4443359e+01
   1.0086625e+07   4.5532227e+01
   1.0086800e+07   3.9123535e+01
   1.0086825e+07   4.4189453e+01
   1.0087415e+07   4.3212891e+01
   1.0087537e+07   4.0100098e+01
   1.0087577e+07   4.7424316e+01
   1.0087706e+07   4.1564941e+01
   1.0087803e+07   4.2785645e+01
   1.0135284e+07   4.4921875e+01
   1.0135896e+07   4.2541504e+01
   1.0135907e+07   6.2866211e+01
   1.0135944e+07   4.6813965e+01
   1.0135981e+07   4.6142578e+01
   1.0136006e+07   7.8125000e+01
   1.0136020e+07   4.8217773e+01
   1.0136045e+07   4.5471191e+01
   1.0136074e+07   4.1442871e+01
   1.0136117e+07   4.2724609e+01
   1.0136135e+07   3.9916992e+01
   1.0136200e+07   3.9916992e+01
   1.0136294e+07   3.9123535e+01
   1.0136552e+07   4.2419434e+01
   1.0136647e+07   4.2541504e+01
   1.0136730e+07   5.1574707e+01
   1.0136744e+07   4.0588379e+01
   1.0137157e+07   4.2053223e+01
   1.0137361e+07   4.0954590e+01
   1.0189577e+07   5.1574707e+01
   1.0189630e+07   4.9865723e+01
   1.0189658e+07   7.2143555e+01
   1.0189698e+07   6.8054199e+01
   1.0189732e+07   5.0415039e+01
   1.0189769e+07   4.1198730e+01
   1.0189800e+07   6.4941406e+01
   1.0189883e+07   5.1818848e+01
   1.0189927e+07   4.0710449e+01
   1.0190078e+07   3.9794922e+01
   1.0190291e+07   3.9428711e+01
   1.0190832e+07   4.5593262e+01
   1.0210333e+07   4.3884277e+01
   1.0244607e+07   8.7585449e+01
   1.0244625e+07   7.5744629e+01
   1.0244637e+07   6.3720703e+01
   1.0244673e+07   5.1879883e+01
   1.0244712e+07   4.9865723e+01
   1.0244762e+07   4.9865723e+01
   1.0244832e+07   3.9489746e+01
   1.0244965e+07   4.1564941e+01
   1.0245011e+07   4.9804688e+01
   1.0245318e+07   5.1208496e+01
   1.0245405e+07   4.0649414e+01
   1.0245449e+07   4.1625977e+01
   1.0245598e+07   4.4677734e+01
   1.0246031e+07   4.3212891e+01
   1.0700707e+07   4.1198730e+01
   1.0743094e+07   4.0954590e+01
   1.0767447e+07   4.2968750e+01
   1.0771737e+07   4.2175293e+01
   1.0854215e+07   4.0527344e+01
   1.0864804e+07   4.1015625e+01
   1.1177669e+07   3.9001465e+01
   1.1430320e+07   4.2663574e+01
   1.1430345e+07   4.0954590e+01
   1.1430355e+07   5.7373047e+01
   1.1430372e+07   5.9448242e+01
   1.1430388e+07   7.2631836e+01
   1.1430419e+07   4.9743652e+01
   1.1430440e+07   4.4799805e+01
   1.1430450e+07   3.9428711e+01
   1.1430493e+07   3.9916992e+01
   1.1430520e+07   5.6762695e+01
   1.1430617e+07   3.9978027e+01
   1.1430655e+07   4.2236328e+01
   1.1430762e+07   4.1992188e+01
   1.1431248e+07   3.9672852e+01
   1.1431949e+07   3.9001465e+01
   1.1432672e+07   4.2419434e+01
   1.1437464e+07   4.2358398e+01
   1.1438891e+07   4.2236328e+01
   1.1440649e+07   3.9550781e+01
   1.1443489e+07   4.5471191e+01
   1.1575076e+07   3.9245605e+01
   1.1575222e+07   6.7016602e+01
   1.1575240e+07   9.8327637e+01
   1.1575250e+07   9.3139648e+01
   1.1575265e+07   7.5256348e+01
   1.1575289e+07   4.6569824e+01
   1.1575313e+07   4.1625977e+01
   1.1575335e+07   4.9682617e+01
   1.1575387e+07   4.1809082e+01
   1.1575533e+07   4.1870117e+01
   1.1575643e+07   4.2846680e+01
   1.1575781e+07   5.4626465e+01
   1.1576267e+07   4.0710449e+01
   1.1585469e+07   4.2663574e+01
   1.1585722e+07   4.1870117e+01
   1.1585759e+07   5.2978516e+01
   1.1585775e+07   9.0026855e+01
   1.1585814e+07   7.0434570e+01
   1.1585852e+07   4.5776367e+01
   1.1585868e+07   4.3884277e+01
   1.1585917e+07   4.3457031e+01
   1.1586003e+07   4.2358398e+01
   1.1586067e+07   4.1015625e+01
   1.1586361e+07   4.0771484e+01
   1.1586759e+07   4.1259766e+01
   1.1684784e+07   6.1584473e+01
   1.1684832e+07   5.9082031e+01
   1.1684842e+07   5.0964355e+01
   1.1684880e+07   6.6894531e+01
   1.1684890e+07   7.3364258e+01
   1.1685001e+07   4.6020508e+01
   1.1685254e+07   4.6813965e+01
   1.1686517e+07   4.3212891e+01
   1.1686808e+07   4.1564941e+01
   1.1713393e+07   4.1503906e+01
   1.1727359e+07   4.3212891e+01
