   8.9970000e+06   0.0000000e+00
   2.4051800e+05   9.3261719e+01
   2.4055000e+05   4.3212891e+01
   2.4065800e+05   6.9519043e+01
   2.4077500e+05   4.9133301e+01
   2.4089100e+05   4.2724609e+01
   2.4215400e+05   3.7170410e+01
   2.4298700e+05   4.3151855e+01
   2.4356500e+05   3.8635254e+01
   2.4391300e+05   3.8269043e+01
   2.4989800e+05   5.4748535e+01
   2.5013800e+05   3.4973145e+01
   2.5118500e+05   6.9885254e+01
   2.5142800e+05   5.6396484e+01
   2.5177000e+05   4.6447754e+01
   2.5203900e+05   4.2907715e+01
   2.5230100e+05   4.2968750e+01
   2.5251800e+05   3.7231445e+01
   2.5272300e+05   3.8574219e+01
   2.5301200e+05   4.0100098e+01
   2.5372400e+05   4.0649414e+01
   2.5401700e+05   3.7536621e+01
   2.5429600e+05   5.7495117e+01
   2.5463600e+05   4.7668457e+01
   2.5489800e+05   3.6010742e+01
   2.5515200e+05   3.8879395e+01
   2.5546100e+05   3.7414551e+01
   2.5577500e+05   5.0842285e+01
   2.5642400e+05   4.5898438e+01
   2.5678800e+05   4.6386719e+01
   2.5712800e+05   5.1025391e+01
   2.5748000e+05   3.5827637e+01
   2.5781800e+05   4.4860840e+01
   1.1802420e+06   3.5217285e+01
   1.1803300e+06   8.2641602e+01
   1.1803500e+06   4.4555664e+01
   1.1804080e+06   3.6682129e+01
   1.1804560e+06   6.1523438e+01
   1.1805700e+06   4.7241211e+01
   1.1824980e+06   4.3518066e+01
   1.1830140e+06   4.0832520e+01
   1.1833810e+06   4.8950195e+01
   1.1901590e+06   3.6865234e+01
   1.1907360e+06   5.9570312e+01
   1.1910370e+06   5.5908203e+01
   1.1912820e+06   5.0170898e+01
   1.1915090e+06   5.2551270e+01
   1.1917170e+06   4.2602539e+01
   1.1920060e+06   5.4260254e+01
   1.1922810e+06   4.3884277e+01
   1.1925080e+06   4.1198730e+01
   1.1927300e+06   3.6987305e+01
   1.1929860e+06   3.6437988e+01
   1.1932170e+06   4.1137695e+01
   1.1934990e+06   4.4433594e+01
   1.1951040e+06   4.4128418e+01
   1.1953750e+06   4.7485352e+01
   1.1957530e+06   3.9245605e+01
   1.1961820e+06   4.9011230e+01
   1.1965780e+06   3.7719727e+01
   2.1870030e+06   3.8208008e+01
   2.1870520e+06   1.0278320e+02
   2.1871550e+06   3.7048340e+01
   2.1871680e+06   3.7353516e+01
   2.1872740e+06   4.0954590e+01
   2.1873930e+06   3.7170410e+01
   2.1889410e+06   4.5837402e+01
   2.1892290e+06   4.3334961e+01
   2.1894280e+06   4.1687012e+01
   2.1897020e+06   4.4677734e+01
   2.1903620e+06   4.3029785e+01
   2.1966100e+06   3.6865234e+01
   2.1979690e+06   6.4025879e+01
   3.3106490e+06   7.3913574e+01
   3.3107780e+06   5.9570312e+01
   3.3108030e+06   3.7780762e+01
   3.3108860e+06   4.0771484e+01
   3.3126600e+06   3.6376953e+01
   3.3128940e+06   3.5888672e+01
   3.3133600e+06   4.1076660e+01
   3.3136470e+06   4.7241211e+01
   3.3139040e+06   4.4860840e+01
   3.3203600e+06   3.6499023e+01
   3.3208270e+06   6.0302734e+01
   3.3211040e+06   5.9814453e+01
   3.3215440e+06   5.1757813e+01
   3.3218040e+06   4.1442871e+01
   3.3221000e+06   4.2968750e+01
   3.3223790e+06   4.1992188e+01
   3.3226270e+06   3.9978027e+01
   3.3228720e+06   4.7119141e+01
   3.3231360e+06   4.3395996e+01
   3.3234700e+06   4.0039062e+01
   3.3237360e+06   5.2307129e+01
   3.3240390e+06   4.0832520e+01
   3.3243180e+06   3.7719727e+01
   3.3245900e+06   3.9123535e+01
   3.3248560e+06   4.2419434e+01
   3.3256430e+06   4.1625977e+01
   3.3259560e+06   4.9438477e+01
   3.3262500e+06   4.1687012e+01
   3.3265490e+06   3.8574219e+01
   3.3268740e+06   3.7597656e+01
   3.3272570e+06   4.7851562e+01
   3.3276740e+06   5.2001953e+01
   3.3281790e+06   4.5166016e+01
   3.3286240e+06   4.9987793e+01
   3.3289910e+06   3.9428711e+01
   4.1212270e+06   4.0283203e+01
   4.7459240e+06   9.9731445e+01
   4.7459660e+06   3.9855957e+01
   4.7460250e+06   7.3486328e+01
   4.7461260e+06   5.6579590e+01
   4.7483980e+06   4.0222168e+01
   4.7487290e+06   4.4372559e+01
   4.7490140e+06   3.8818359e+01
   4.7493330e+06   4.0100098e+01
   4.7555370e+06   5.8715820e+01
   4.7558990e+06   6.6711426e+01
   4.7564140e+06   5.3649902e+01
   4.7567260e+06   4.9194336e+01
   4.7573340e+06   4.6020508e+01
   4.7575740e+06   6.4025879e+01
   4.7578170e+06   4.9438477e+01
   4.7582930e+06   3.6071777e+01
   4.7585640e+06   4.1015625e+01
   4.7588320e+06   4.6264648e+01
   4.7590970e+06   4.0588379e+01
   4.7593710e+06   3.8146973e+01
   4.7596330e+06   4.4311523e+01
   4.7603740e+06   4.0710449e+01
   4.7607150e+06   3.9062500e+01
   4.7609980e+06   4.6508789e+01
   4.7616460e+06   4.1931152e+01
   4.7620350e+06   3.7109375e+01
   4.7624540e+06   4.9499512e+01
   4.7629290e+06   4.7668457e+01
