   1.1996000e+07   0.0000000e+00
   7.0118300e+05   5.6579590e+01
   8.2485800e+05   6.3049316e+01
   1.3681640e+06   5.5603027e+01
   1.4614250e+06   5.8349609e+01
   1.4891290e+06   5.4748535e+01
   1.5717380e+06   5.9387207e+01
   1.5940110e+06   5.6274414e+01
   1.6086580e+06   5.4870605e+01
   1.6933390e+06   6.8054199e+01
   1.6974160e+06   5.6091309e+01
   1.7945510e+06   5.5603027e+01
   1.8584890e+06   5.6091309e+01
   1.9646710e+06   5.8166504e+01
   2.0631560e+06   6.3293457e+01
   3.4831910e+06   5.5969238e+01
   3.7627790e+06   5.4565430e+01
   4.0456160e+06   5.9020996e+01
   4.0609120e+06   5.4687500e+01
   4.1017190e+06   5.3527832e+01
   4.2541740e+06   5.3588867e+01
   4.2872200e+06   5.8288574e+01
   4.3909990e+06   6.0791016e+01
   4.4539790e+06   5.6213379e+01
   4.5260900e+06   6.3598633e+01
   4.8124800e+06   5.3710938e+01
   4.8487630e+06   5.5175781e+01
   5.5314450e+06   5.4626465e+01
   5.5580730e+06   6.4331055e+01
   5.8339910e+06   8.2153320e+01
   5.8743870e+06   5.5236816e+01
   5.9461570e+06   5.3710938e+01
   6.0125610e+06   5.5603027e+01
   6.4811210e+06   5.5969238e+01
   6.5164040e+06   6.1889648e+01
   6.5493620e+06   6.1218262e+01
   6.8461270e+06   5.5541992e+01
   7.0934750e+06   5.7861328e+01
   7.3667380e+06   6.2377930e+01
   7.4845410e+06   5.8776855e+01
   7.9138480e+06   6.0241699e+01
   8.1448460e+06   6.1767578e+01
   8.1469060e+06   5.8715820e+01
   8.3813450e+06   6.1340332e+01
   8.3814930e+06   6.4575195e+01
   8.6164760e+06   6.1401367e+01
   8.6165000e+06   5.6030273e+01
   8.9533320e+06   6.7077637e+01
   8.9761850e+06   6.3476562e+01
   8.9763830e+06   5.7067871e+01
   9.1708220e+06   7.7087402e+01
   9.1708330e+06   5.5969238e+01
   9.2252430e+06   6.3903809e+01
   9.2470940e+06   5.5480957e+01
   9.2972460e+06   6.2866211e+01
   9.5422590e+06   5.6091309e+01
   9.5427980e+06   6.2744141e+01
   9.5912620e+06   5.4870605e+01
   9.7412350e+06   5.5175781e+01
   9.7829420e+06   6.6101074e+01
   9.9017630e+06   5.6030273e+01
   9.9651370e+06   5.6457520e+01
   1.0188462e+07   5.9692383e+01
   1.0503908e+07   5.5847168e+01
   1.0767712e+07   9.1125488e+01
   1.0826684e+07   5.8044434e+01
   1.0924750e+07   7.0861816e+01
   1.1089737e+07   7.3181152e+01
   1.1581050e+07   6.2744141e+01
   1.1702389e+07   6.6101074e+01
   1.1869336e+07   5.7006836e+01
   1.1869382e+07   5.8532715e+01
   1.1891584e+07   5.7495117e+01
   1.1891760e+07   6.1218262e+01
   1.1964789e+07   5.5114746e+01
