   8.9970000e+06   0.0000000e+00
   1.0172000e+04   3.9306641e+01
   6.2859000e+04   3.6193848e+01
   8.6634000e+04   3.8208008e+01
   9.5156000e+04   4.6752930e+01
   9.8890000e+04   3.8208008e+01
   1.0373600e+05   3.7414551e+01
   1.2445400e+05   4.1076660e+01
   1.3693000e+05   4.0954590e+01
   1.4532500e+05   3.7048340e+01
   1.7023400e+05   3.7536621e+01
   1.8737500e+05   4.3334961e+01
   2.1465900e+05   3.8696289e+01
   2.3766000e+05   4.0893555e+01
   2.8322800e+05   4.3518066e+01
   3.6778600e+05   3.7597656e+01
   3.7072000e+05   3.8757324e+01
   3.9046600e+05   3.5949707e+01
   4.4897100e+05   3.7658691e+01
   4.6824200e+05   4.4860840e+01
   4.7195200e+05   4.2968750e+01
   4.8121900e+05   4.2053223e+01
   4.8140800e+05   4.5471191e+01
   5.2441300e+05   3.8574219e+01
   5.2587000e+05   3.6804199e+01
   5.2854900e+05   3.5766602e+01
   5.3577200e+05   4.6325684e+01
   5.4150100e+05   4.3579102e+01
   5.6772900e+05   3.8085938e+01
   5.7516900e+05   3.7841797e+01
   5.8771800e+05   4.2785645e+01
   6.0131000e+05   3.9550781e+01
   6.2782200e+05   4.2724609e+01
   6.5174800e+05   3.7475586e+01
   6.6028400e+05   4.4860840e+01
   6.6920500e+05   3.5644531e+01
   6.7263200e+05   4.2114258e+01
   6.8931000e+05   3.8085938e+01
   7.0031300e+05   3.6804199e+01
   7.1061800e+05   3.5644531e+01
   7.3396300e+05   3.8757324e+01
   7.3921100e+05   4.2419434e+01
   7.6787300e+05   4.0161133e+01
   7.6954100e+05   3.5522461e+01
   7.7892300e+05   4.6081543e+01
   7.8997000e+05   3.7597656e+01
   7.9123800e+05   3.9916992e+01
   7.9609300e+05   3.9672852e+01
   8.0641800e+05   4.0222168e+01
   8.1521200e+05   4.2663574e+01
   8.2221700e+05   3.8146973e+01
   8.3488400e+05   4.3334961e+01
   8.4915900e+05   3.6621094e+01
   8.7441700e+05   3.7109375e+01
   8.7746200e+05   4.1015625e+01
   8.8775500e+05   3.8391113e+01
   8.9210500e+05   3.6376953e+01
   8.9538100e+05   3.9123535e+01
   9.0830300e+05   4.0100098e+01
   9.3886400e+05   3.9916992e+01
   9.4074300e+05   3.6254883e+01
   9.4614900e+05   4.8217773e+01
   9.5011500e+05   3.8818359e+01
   9.5643300e+05   4.0100098e+01
   9.6402100e+05   3.6987305e+01
   9.6421100e+05   3.6987305e+01
   9.8396600e+05   3.5949707e+01
   9.8526900e+05   3.6010742e+01
   1.0030940e+06   3.5827637e+01
   1.0134150e+06   3.9855957e+01
   1.0384710e+06   3.7475586e+01
   1.0623850e+06   4.7180176e+01
   1.0765710e+06   3.9855957e+01
   1.0841750e+06   3.8940430e+01
   1.0883510e+06   4.0283203e+01
   1.0961240e+06   6.0668945e+01
   1.1208350e+06   3.8391113e+01
   1.1525900e+06   3.7536621e+01
   1.1593620e+06   3.9367676e+01
   1.1640390e+06   3.7109375e+01
   1.1727530e+06   3.9245605e+01
   1.1775720e+06   3.9123535e+01
   1.1825100e+06   3.6254883e+01
   1.1925180e+06   3.9306641e+01
   1.1987890e+06   3.6804199e+01
   1.2024600e+06   4.5776367e+01
   1.2029480e+06   3.6865234e+01
   1.2029800e+06   4.3762207e+01
   1.2029910e+06   4.7973633e+01
   1.2030080e+06   6.6467285e+01
   1.2030320e+06   5.6152344e+01
   1.2030710e+06   7.2753906e+01
   1.2030940e+06   5.6152344e+01
   1.2031100e+06   5.6640625e+01
   1.2031330e+06   6.7016602e+01
   1.2031500e+06   5.5786133e+01
   1.2031830e+06   1.0614014e+02
   1.2032040e+06   3.5522461e+01
   1.2032170e+06   7.0800781e+01
   1.2032550e+06   4.8522949e+01
   1.2032750e+06   3.5522461e+01
   1.2032890e+06   7.3242188e+01
   1.2033020e+06   5.6335449e+01
   1.2033590e+06   9.2346191e+01
   1.2033690e+06   5.6457520e+01
   1.2033910e+06   4.2297363e+01
   1.2034110e+06   4.2480469e+01
   1.2034350e+06   3.9306641e+01
   1.2034530e+06   7.0251465e+01
   1.2034810e+06   6.0180664e+01
   1.2035020e+06   3.6071777e+01
   1.2035280e+06   3.6010742e+01
   1.2035560e+06   6.3049316e+01
   1.2035740e+06   7.3303223e+01
   1.2036130e+06   5.5786133e+01
   1.2036330e+06   5.2246094e+01
   1.2036850e+06   4.0405273e+01
   1.2037100e+06   5.5908203e+01
   1.2037310e+06   3.8085938e+01
   1.2037630e+06   3.8940430e+01
   1.2037930e+06   5.6213379e+01
   1.2038780e+06   4.6447754e+01
   1.2039300e+06   3.5705566e+01
   1.2039630e+06   5.5786133e+01
   1.2040640e+06   4.1442871e+01
   1.2040810e+06   3.6010742e+01
   1.2041270e+06   3.8818359e+01
   1.2042750e+06   6.2622070e+01
   1.2042940e+06   4.0161133e+01
   1.2043480e+06   3.5522461e+01
   1.2044060e+06   3.5827637e+01
   1.2044220e+06   4.3945312e+01
   1.2045010e+06   6.2927246e+01
   1.2045190e+06   3.9916992e+01
   1.2045590e+06   4.8156738e+01
   1.2046170e+06   4.0161133e+01
   1.2046620e+06   4.7119141e+01
   1.2047830e+06   4.7485352e+01
   1.2048450e+06   3.5705566e+01
   1.2048630e+06   5.2795410e+01
   1.2049260e+06   3.5583496e+01
   1.2050130e+06   3.5522461e+01
   1.2050630e+06   4.6936035e+01
   1.2052050e+06   3.8757324e+01
   1.2052390e+06   6.7504883e+01
   1.2053470e+06   5.0354004e+01
   1.2054790e+06   5.3344727e+01
   1.2054980e+06   4.2053223e+01
   1.2055620e+06   3.6743164e+01
   1.2056320e+06   4.7668457e+01
   1.2056460e+06   4.2053223e+01
   1.2056990e+06   3.9672852e+01
   1.2058370e+06   3.9489746e+01
   1.2059150e+06   5.7922363e+01
   1.2059480e+06   4.9804688e+01
   1.2059610e+06   3.6376953e+01
   1.2060100e+06   3.6010742e+01
   1.2061580e+06   6.9213867e+01
   1.2063040e+06   5.8227539e+01
   1.2063580e+06   3.8391113e+01
   1.2067930e+06   5.3771973e+01
   1.2069200e+06   4.6936035e+01
   1.2072210e+06   5.7189941e+01
   1.2073360e+06   3.6193848e+01
   1.2128980e+06   7.2631836e+01
   1.2143290e+06   3.8513184e+01
   1.2144180e+06   4.4372559e+01
   1.2144430e+06   4.2602539e+01
   1.2144640e+06   5.3833008e+01
   1.2145480e+06   4.2480469e+01
   1.2145870e+06   4.3334961e+01
   1.2146320e+06   4.3518066e+01
   1.2146690e+06   7.6171875e+01
   1.2146990e+06   5.1574707e+01
   1.2147170e+06   5.1574707e+01
   1.2148290e+06   3.7475586e+01
   1.2148450e+06   9.0026855e+01
   1.2148800e+06   4.4616699e+01
   1.2149020e+06   8.5144043e+01
   1.2149360e+06   3.5766602e+01
   1.2149510e+06   4.4189453e+01
   1.2149710e+06   4.5288086e+01
   1.2149820e+06   4.7790527e+01
   1.2150060e+06   4.2968750e+01
   1.2150480e+06   5.1818848e+01
   1.2150640e+06   3.7170410e+01
   1.2151620e+06   7.4462891e+01
   1.2151960e+06   5.5053711e+01
   1.2152080e+06   4.4494629e+01
   1.2152360e+06   4.3640137e+01
   1.2152630e+06   3.6437988e+01
   1.2153120e+06   3.9184570e+01
   1.2153460e+06   5.3100586e+01
   1.2153720e+06   6.8908691e+01
   1.2154090e+06   3.7292480e+01
   1.2154270e+06   6.4697266e+01
   1.2154570e+06   6.8725586e+01
   1.2155580e+06   4.3701172e+01
   1.2156040e+06   6.0180664e+01
   1.2156260e+06   4.0832520e+01
   1.2156920e+06   5.2001953e+01
   1.2157030e+06   5.7922363e+01
   1.2157420e+06   7.5988770e+01
   1.2157760e+06   3.8330078e+01
   1.2158140e+06   4.8400879e+01
   1.2158960e+06   4.2968750e+01
   1.2159430e+06   6.1096191e+01
   1.2159680e+06   4.0527344e+01
   1.2159970e+06   6.1035156e+01
   1.2160160e+06   5.7800293e+01
   1.2161580e+06   4.1687012e+01
   1.2161960e+06   7.2143555e+01
   1.2162680e+06   5.5847168e+01
   1.2163260e+06   6.9091797e+01
   1.2164150e+06   6.0546875e+01
   1.2165340e+06   3.8391113e+01
   1.2166300e+06   3.6254883e+01
   1.2167320e+06   7.4401855e+01
   1.2168870e+06   4.9621582e+01
   1.2172150e+06   4.2480469e+01
   1.2172880e+06   3.6071777e+01
   1.2173800e+06   6.2683105e+01
   1.2174100e+06   5.2795410e+01
   1.2174600e+06   4.5959473e+01
   1.2175340e+06   5.0476074e+01
   1.2175730e+06   4.7424316e+01
   1.2176870e+06   4.9072266e+01
   1.2179180e+06   4.1442871e+01
   1.2179400e+06   6.1157227e+01
   1.2180580e+06   4.5227051e+01
   1.2182050e+06   4.4860840e+01
   1.2183500e+06   3.9978027e+01
   1.2184690e+06   5.3161621e+01
   1.2187560e+06   4.9133301e+01
   1.2188230e+06   4.2846680e+01
   1.2197840e+06   3.7780762e+01
   1.2198090e+06   5.7617188e+01
   1.2203350e+06   7.1838379e+01
   1.2203630e+06   3.9978027e+01
   1.2205590e+06   4.0222168e+01
   1.2208270e+06   6.0607910e+01
   1.2209330e+06   5.1330566e+01
   1.2215130e+06   4.0161133e+01
   1.2216450e+06   6.5307617e+01
   1.2217670e+06   3.5705566e+01
   1.2220950e+06   3.7719727e+01
   1.2223860e+06   8.0932617e+01
   1.2224060e+06   4.3151855e+01
   1.2225440e+06   4.1870117e+01
   1.2226670e+06   4.4494629e+01
   1.2227300e+06   3.9062500e+01
   1.2230890e+06   4.4128418e+01
   1.2234840e+06   6.7810059e+01
   1.2563390e+06   3.7292480e+01
   1.2763720e+06   3.6621094e+01
   1.2820360e+06   4.5104980e+01
   1.2829550e+06   4.1198730e+01
   1.2898780e+06   3.6010742e+01
   1.3298310e+06   3.6621094e+01
   1.3343040e+06   3.6376953e+01
   1.3407300e+06   4.1137695e+01
   1.3415360e+06   4.4433594e+01
   1.3421050e+06   3.8940430e+01
   1.3492870e+06   4.8095703e+01
   1.3543390e+06   3.6560059e+01
   1.3662580e+06   3.5583496e+01
   1.3773310e+06   3.9855957e+01
   1.3808220e+06   3.8879395e+01
   1.3821310e+06   4.5471191e+01
   1.3950690e+06   4.3579102e+01
   1.4003480e+06   4.2724609e+01
   1.4059720e+06   3.9306641e+01
   1.4118800e+06   3.7414551e+01
   1.4190290e+06   4.2480469e+01
   1.4308430e+06   3.8940430e+01
   1.4499810e+06   4.0039062e+01
   1.4529980e+06   3.6926270e+01
   1.4580370e+06   3.7658691e+01
   1.4857770e+06   3.8024902e+01
   1.5077200e+06   4.3762207e+01
   1.5205000e+06   3.9733887e+01
   1.5402760e+06   4.0100098e+01
   1.5423340e+06   3.8513184e+01
   1.5461850e+06   3.5827637e+01
   1.5681110e+06   3.6926270e+01
   1.5691450e+06   3.7963867e+01
   1.5830800e+06   4.5410156e+01
   1.5931100e+06   4.1076660e+01
   1.5968240e+06   3.7536621e+01
   1.6040790e+06   3.9794922e+01
   1.6105500e+06   3.7048340e+01
   1.6335740e+06   3.9428711e+01
   1.6349490e+06   3.9428711e+01
   1.6594680e+06   4.1809082e+01
   1.6695970e+06   3.8269043e+01
   1.6712520e+06   3.8940430e+01
   1.6738070e+06   3.6254883e+01
   1.6830830e+06   3.6560059e+01
   1.6995490e+06   3.6315918e+01
   1.7043720e+06   4.0039062e+01
   1.7126430e+06   3.6804199e+01
   1.7178940e+06   4.0405273e+01
   1.7235230e+06   3.9978027e+01
   1.7355700e+06   3.6376953e+01
   1.7438290e+06   3.8269043e+01
   1.7511080e+06   4.5471191e+01
   1.7562440e+06   4.2968750e+01
   1.7758920e+06   3.5827637e+01
   1.7859950e+06   3.6621094e+01
   1.7979940e+06   4.4555664e+01
   1.8341390e+06   3.6193848e+01
   1.8433320e+06   3.7231445e+01
   1.8451320e+06   3.9855957e+01
   1.8487120e+06   3.8574219e+01
   1.8503240e+06   3.7780762e+01
   1.8575190e+06   4.0649414e+01
   1.8701420e+06   5.0659180e+01
   1.8793440e+06   4.2419434e+01
   1.8793690e+06   3.6376953e+01
   1.8793850e+06   5.5419922e+01
   1.8794030e+06   4.1870117e+01
   1.8794320e+06   9.4055176e+01
   1.8794510e+06   5.8044434e+01
   1.8794700e+06   9.1918945e+01
   1.8794840e+06   3.5766602e+01
   1.8795080e+06   4.5776367e+01
   1.8795330e+06   1.1212158e+02
   1.8795470e+06   4.5715332e+01
   1.8795640e+06   6.5063477e+01
   1.8795800e+06   7.4462891e+01
   1.8796040e+06   6.4697266e+01
   1.8796320e+06   4.0161133e+01
   1.8796430e+06   5.4138184e+01
   1.8796900e+06   7.8857422e+01
   1.8797160e+06   3.6804199e+01
   1.8797390e+06   6.0913086e+01
   1.8797560e+06   7.4523926e+01
   1.8797680e+06   4.8828125e+01
   1.8797950e+06   4.4616699e+01
   1.8798270e+06   5.5419922e+01
   1.8798620e+06   3.5644531e+01
   1.8798720e+06   4.4128418e+01
   1.8798950e+06   5.7250977e+01
   1.8799110e+06   3.8391113e+01
   1.8799310e+06   3.9184570e+01
   1.8799570e+06   6.1645508e+01
   1.8800050e+06   3.6865234e+01
   1.8800380e+06   4.0527344e+01
   1.8800480e+06   4.0100098e+01
   1.8800590e+06   3.9855957e+01
   1.8800820e+06   4.4738770e+01
   1.8801150e+06   6.8481445e+01
   1.8801580e+06   5.6030273e+01
   1.8802160e+06   4.2053223e+01
   1.8802830e+06   5.5969238e+01
   1.8803290e+06   5.8105469e+01
   1.8804430e+06   3.6132812e+01
   1.8805190e+06   5.4931641e+01
   1.8806020e+06   4.2175293e+01
   1.8806420e+06   5.7373047e+01
   1.8807250e+06   4.8828125e+01
   1.8807610e+06   5.8288574e+01
   1.8809130e+06   4.8461914e+01
   1.8809300e+06   6.2072754e+01
   1.8810230e+06   3.6437988e+01
   1.8810510e+06   3.5583496e+01
   1.8810730e+06   4.8400879e+01
   1.8811420e+06   4.5593262e+01
   1.8812000e+06   6.5490723e+01
   1.8814290e+06   3.5766602e+01
   1.8814730e+06   6.6162109e+01
   1.8815260e+06   3.5766602e+01
   1.8815930e+06   5.3833008e+01
   1.8816310e+06   5.3894043e+01
   1.8817470e+06   3.7658691e+01
   1.8819640e+06   6.2194824e+01
   1.8819870e+06   3.7902832e+01
   1.8820570e+06   3.7780762e+01
   1.8822270e+06   4.5471191e+01
   1.8825390e+06   4.0771484e+01
   1.8825680e+06   3.6071777e+01
   1.8826700e+06   4.3334961e+01
   1.8827800e+06   4.0588379e+01
   1.8835250e+06   6.3110352e+01
   1.8910440e+06   3.6987305e+01
   1.8917570e+06   6.3476562e+01
   1.8918200e+06   3.7658691e+01
   1.8919040e+06   3.9123535e+01
   1.8919330e+06   4.1748047e+01
   1.8919730e+06   3.6071777e+01
   1.8920200e+06   8.3251953e+01
   1.8921100e+06   4.4311523e+01
   1.8921530e+06   5.7983398e+01
   1.8921710e+06   4.9926758e+01
   1.8921980e+06   7.0861816e+01
   1.8922240e+06   5.7312012e+01
   1.8922370e+06   7.3364258e+01
   1.8922820e+06   3.9001465e+01
   1.8922940e+06   3.9672852e+01
   1.8923130e+06   5.3710938e+01
   1.8923470e+06   4.8217773e+01
   1.8923670e+06   3.6743164e+01
   1.8924060e+06   1.0577393e+02
   1.8924500e+06   5.1513672e+01
   1.8924600e+06   3.9550781e+01
   1.8924800e+06   4.9499512e+01
   1.8924990e+06   3.8085938e+01
   1.8925300e+06   7.4401855e+01
   1.8925480e+06   4.6325684e+01
   1.8925980e+06   3.5949707e+01
   1.8926220e+06   4.3334961e+01
   1.8926370e+06   4.4189453e+01
   1.8926660e+06   5.4504395e+01
   1.8927620e+06   3.8085938e+01
   1.8927910e+06   4.0893555e+01
   1.8928210e+06   4.6936035e+01
   1.8928740e+06   4.4738770e+01
   1.8928950e+06   4.0466309e+01
   1.8929070e+06   4.9865723e+01
   1.8929780e+06   4.0832520e+01
   1.8930340e+06   5.7128906e+01
   1.8930650e+06   3.8513184e+01
   1.8931130e+06   3.7292480e+01
   1.8931470e+06   3.8513184e+01
   1.8931860e+06   6.2133789e+01
   1.8932250e+06   5.2795410e+01
   1.8933020e+06   4.9987793e+01
   1.8933180e+06   3.5949707e+01
   1.8933760e+06   4.1442871e+01
   1.8934140e+06   7.0129395e+01
   1.8934460e+06   4.3945312e+01
   1.8935330e+06   4.5715332e+01
   1.8936050e+06   5.9997559e+01
   1.8936160e+06   6.4331055e+01
   1.8936700e+06   3.6926270e+01
   1.8937970e+06   6.4086914e+01
   1.8939370e+06   6.8664551e+01
   1.8941240e+06   3.6376953e+01
   1.8942050e+06   5.8959961e+01
   1.8943550e+06   3.8330078e+01
   1.8943670e+06   5.6030273e+01
   1.8944150e+06   6.6040039e+01
   1.8944900e+06   3.7353516e+01
   1.8945430e+06   5.8715820e+01
   1.8947220e+06   6.5124512e+01
   1.8947760e+06   5.6213379e+01
   1.8950390e+06   6.6894531e+01
   1.8950730e+06   3.8574219e+01
   1.8951280e+06   3.6376953e+01
   1.8955880e+06   5.1452637e+01
   1.8957080e+06   3.5949707e+01
   1.8958080e+06   4.7424316e+01
   1.8959000e+06   4.6752930e+01
   1.8959550e+06   3.5644531e+01
   1.8960830e+06   3.5522461e+01
   1.8961930e+06   4.1259766e+01
   1.8963570e+06   5.5541992e+01
   1.8971880e+06   5.8166504e+01
   1.8976090e+06   4.1320801e+01
   1.8976380e+06   5.3833008e+01
   1.9072060e+06   4.1625977e+01
   1.9433250e+06   3.5522461e+01
   1.9538520e+06   3.8085938e+01
   1.9646930e+06   4.0832520e+01
   1.9686100e+06   3.6010742e+01
   1.9725560e+06   4.4494629e+01
   1.9758050e+06   4.1015625e+01
   1.9910020e+06   3.7963867e+01
   1.9965460e+06   3.8696289e+01
   2.0006240e+06   3.6254883e+01
   2.0030100e+06   3.5766602e+01
   2.0065660e+06   3.9978027e+01
   2.0069160e+06   3.6560059e+01
   2.0201720e+06   3.5766602e+01
   2.0254050e+06   3.9001465e+01
   2.0307790e+06   3.9245605e+01
   2.0334250e+06   3.9611816e+01
   2.0375480e+06   3.9062500e+01
   2.0446300e+06   3.5583496e+01
   2.0671500e+06   3.6682129e+01
   2.0796770e+06   3.8940430e+01
   2.0937890e+06   4.8645020e+01
   2.0972630e+06   3.7475586e+01
   2.1026660e+06   3.8085938e+01
   2.1075030e+06   3.9733887e+01
   2.1135450e+06   4.9316406e+01
   2.1171830e+06   3.8879395e+01
   2.1287410e+06   3.8879395e+01
   2.1320060e+06   3.9245605e+01
   2.1367950e+06   3.7536621e+01
   2.1641400e+06   3.8513184e+01
   2.1762920e+06   3.9062500e+01
   2.1864690e+06   4.1625977e+01
   2.1970370e+06   3.9855957e+01
   2.2094300e+06   4.8950195e+01
   2.2176040e+06   3.6804199e+01
   2.2203520e+06   3.9306641e+01
   2.2204780e+06   4.1625977e+01
   2.2257120e+06   4.1320801e+01
   2.2370670e+06   3.7475586e+01
   2.2462850e+06   3.8879395e+01
   2.2537220e+06   3.6193848e+01
   2.2749820e+06   4.0161133e+01
   2.2835730e+06   4.1137695e+01
   2.2962250e+06   4.2114258e+01
   2.3078430e+06   3.9062500e+01
   2.3121800e+06   3.8208008e+01
   2.3188090e+06   3.7902832e+01
   2.3222280e+06   4.0039062e+01
   2.3240210e+06   4.4067383e+01
   2.3262410e+06   3.8024902e+01
   2.3657790e+06   3.9428711e+01
   2.3745100e+06   3.7841797e+01
   2.3746950e+06   3.9855957e+01
   2.3920070e+06   3.5705566e+01
   2.4023330e+06   4.3090820e+01
   2.4133340e+06   3.7658691e+01
   2.4276680e+06   4.5043945e+01
   2.4325730e+06   4.1503906e+01
   2.4371350e+06   4.4067383e+01
   2.4453110e+06   3.6437988e+01
   2.4666530e+06   4.2236328e+01
   2.4810410e+06   3.8696289e+01
   2.4952930e+06   3.8391113e+01
   2.5094080e+06   3.7597656e+01
   2.5220720e+06   4.0100098e+01
   2.5283330e+06   4.4982910e+01
   2.5307440e+06   3.9184570e+01
   2.5340450e+06   3.7536621e+01
   2.5468540e+06   4.1259766e+01
   2.5539490e+06   4.1320801e+01
   2.5583270e+06   3.8452148e+01
   2.5632830e+06   3.5888672e+01
   2.5744450e+06   3.5949707e+01
   2.5746210e+06   3.9489746e+01
   2.5865440e+06   3.5522461e+01
   2.5889180e+06   4.2968750e+01
   2.5918500e+06   3.6804199e+01
   2.6108380e+06   3.9001465e+01
   2.6206300e+06   4.8950195e+01
   2.6256650e+06   3.6560059e+01
   2.6270820e+06   3.6926270e+01
   2.6415770e+06   3.6193848e+01
   2.6608830e+06   4.0161133e+01
   2.6611380e+06   3.5949707e+01
   2.6675460e+06   3.5827637e+01
   2.6675570e+06   4.3273926e+01
   2.6675880e+06   4.6508789e+01
   2.6676030e+06   5.0964355e+01
   2.6676140e+06   5.3588867e+01
   2.6676400e+06   4.4128418e+01
   2.6676720e+06   9.2224121e+01
   2.6676870e+06   7.3364258e+01
   2.6677170e+06   4.4738770e+01
   2.6677690e+06   6.0424805e+01
   2.6677790e+06   9.4726562e+01
   2.6678020e+06   6.9274902e+01
   2.6678260e+06   4.4677734e+01
   2.6678720e+06   6.5612793e+01
   2.6678910e+06   1.0211182e+02
   2.6679020e+06   5.1208496e+01
   2.6679340e+06   3.6987305e+01
   2.6679500e+06   8.3984375e+01
   2.6679730e+06   5.7128906e+01
   2.6680030e+06   6.1889648e+01
   2.6680490e+06   5.1879883e+01
   2.6680900e+06   3.6315918e+01
   2.6681110e+06   4.2175293e+01
   2.6681260e+06   6.6406250e+01
   2.6681480e+06   5.3527832e+01
   2.6682140e+06   6.6162109e+01
   2.6682440e+06   4.8889160e+01
   2.6683350e+06   6.2927246e+01
   2.6683520e+06   7.2448730e+01
   2.6684470e+06   4.8278809e+01
   2.6684580e+06   5.1818848e+01
   2.6685710e+06   4.3640137e+01
   2.6686030e+06   4.0649414e+01
   2.6686340e+06   4.1625977e+01
   2.6686800e+06   5.5847168e+01
   2.6687010e+06   5.2978516e+01
   2.6688020e+06   3.8024902e+01
   2.6688220e+06   6.8847656e+01
   2.6688470e+06   4.0771484e+01
   2.6689590e+06   5.0720215e+01
   2.6689790e+06   5.8166504e+01
   2.6691190e+06   5.4626465e+01
   2.6691390e+06   4.0832520e+01
   2.6691970e+06   7.0068359e+01
   2.6693060e+06   5.3344727e+01
   2.6694260e+06   3.8024902e+01
   2.6694680e+06   3.9001465e+01
   2.6694890e+06   3.8391113e+01
   2.6695520e+06   5.5664062e+01
   2.6696730e+06   4.5593262e+01
   2.6697190e+06   4.8217773e+01
   2.6699550e+06   7.9223633e+01
   2.6700080e+06   3.7414551e+01
   2.6700780e+06   3.6437988e+01
   2.6702620e+06   3.5522461e+01
   2.6703810e+06   3.8024902e+01
   2.6705770e+06   4.1992188e+01
   2.6706460e+06   4.6325684e+01
   2.6709290e+06   7.0495605e+01
   2.6713620e+06   3.8146973e+01
   2.6752460e+06   3.5644531e+01
   2.6798120e+06   5.4443359e+01
   2.6798590e+06   5.6091309e+01
   2.6798700e+06   5.1208496e+01
   2.6799030e+06   3.7780762e+01
   2.6799240e+06   6.5124512e+01
   2.6799510e+06   4.9255371e+01
   2.6799780e+06   3.9916992e+01
   2.6799920e+06   3.8391113e+01
   2.6800130e+06   4.5532227e+01
   2.6800540e+06   3.9794922e+01
   2.6800720e+06   5.8715820e+01
   2.6801150e+06   3.7231445e+01
   2.6801450e+06   7.2021484e+01
   2.6801570e+06   4.3457031e+01
   2.6801880e+06   7.4707031e+01
   2.6802180e+06   5.1391602e+01
   2.6802500e+06   4.5532227e+01
   2.6802720e+06   4.0100098e+01
   2.6802840e+06   7.7331543e+01
   2.6803250e+06   3.7597656e+01
   2.6803620e+06   8.9599609e+01
   2.6803790e+06   4.1076660e+01
   2.6804030e+06   3.9611816e+01
   2.6804230e+06   3.6804199e+01
   2.6804630e+06   5.4443359e+01
   2.6805300e+06   7.1594238e+01
   2.6805460e+06   3.7231445e+01
   2.6805810e+06   4.4799805e+01
   2.6806070e+06   4.5654297e+01
   2.6806460e+06   8.7402344e+01
   2.6806950e+06   5.7434082e+01
   2.6807150e+06   3.6987305e+01
   2.6807690e+06   3.8146973e+01
   2.6808350e+06   6.0119629e+01
   2.6808730e+06   3.6071777e+01
   2.6809050e+06   3.7963867e+01
   2.6809370e+06   5.8837891e+01
   2.6809540e+06   7.2021484e+01
   2.6810270e+06   3.9672852e+01
   2.6810940e+06   5.6274414e+01
   2.6811390e+06   3.6865234e+01
   2.6811840e+06   5.5847168e+01
   2.6812320e+06   4.0588379e+01
   2.6813330e+06   7.4951172e+01
   2.6814410e+06   3.6926270e+01
   2.6814570e+06   6.6040039e+01
   2.6815060e+06   3.6804199e+01
   2.6815590e+06   5.0476074e+01
   2.6816040e+06   3.6804199e+01
   2.6816690e+06   7.1289062e+01
   2.6816970e+06   3.6560059e+01
   2.6817480e+06   4.0527344e+01
   2.6817930e+06   6.2988281e+01
   2.6819380e+06   5.0598145e+01
   2.6819630e+06   3.7963867e+01
   2.6819810e+06   5.4626465e+01
   2.6820360e+06   3.6499023e+01
   2.6821700e+06   5.4382324e+01
   2.6822130e+06   3.6132812e+01
   2.6823280e+06   5.3222656e+01
   2.6824940e+06   3.9428711e+01
   2.6825360e+06   5.9692383e+01
   2.6830130e+06   6.5795898e+01
   2.6832090e+06   5.0354004e+01
   2.6834220e+06   5.3283691e+01
   2.6835500e+06   5.4687500e+01
   2.6835970e+06   3.7658691e+01
   2.6837170e+06   5.3222656e+01
   2.6838960e+06   4.4006348e+01
   2.6841650e+06   3.8574219e+01
   2.6842360e+06   3.6132812e+01
   2.6844390e+06   3.9916992e+01
   2.6844520e+06   7.1350098e+01
   2.6855430e+06   4.2297363e+01
   2.6860050e+06   4.1198730e+01
   2.6867510e+06   5.6152344e+01
   2.6868970e+06   4.0405273e+01
   2.6869990e+06   3.6437988e+01
   2.6871300e+06   4.2480469e+01
   2.6873810e+06   4.2663574e+01
   2.6877210e+06   5.8349609e+01
   2.6877680e+06   3.6010742e+01
   2.6879700e+06   3.6926270e+01
   2.6881470e+06   5.2490234e+01
   2.6882320e+06   5.0415039e+01
   2.6883130e+06   6.7443848e+01
   2.6887500e+06   7.8002930e+01
   2.6893650e+06   4.0039062e+01
   2.6897630e+06   3.7170410e+01
   2.7433300e+06   3.7170410e+01
   2.7477660e+06   3.7963867e+01
   2.7486580e+06   3.7963867e+01
   2.7574040e+06   4.0710449e+01
   2.7619500e+06   3.9672852e+01
   2.7644820e+06   4.1259766e+01
   2.7694250e+06   3.6071777e+01
   2.7821970e+06   3.5827637e+01
   2.7912510e+06   3.8696289e+01
   2.7949680e+06   3.9367676e+01
   2.7976380e+06   4.1870117e+01
   2.7997590e+06   3.8085938e+01
   2.8034540e+06   3.7841797e+01
   2.8098340e+06   3.5644531e+01
   2.8128610e+06   4.1809082e+01
   2.8212320e+06   3.7109375e+01
   2.8273270e+06   3.9978027e+01
   2.8345720e+06   3.6071777e+01
   2.8379010e+06   3.6254883e+01
   2.8436350e+06   3.9245605e+01
   2.8516810e+06   3.6193848e+01
   2.8731180e+06   3.9123535e+01
   2.8860670e+06   4.4982910e+01
   2.8889710e+06   4.0222168e+01
   2.9074810e+06   4.0222168e+01
   2.9103030e+06   3.6376953e+01
   2.9183970e+06   3.7109375e+01
   2.9190140e+06   3.5827637e+01
   2.9377900e+06   4.2053223e+01
   2.9471570e+06   3.6743164e+01
   2.9563940e+06   4.0466309e+01
   2.9691210e+06   3.6682129e+01
   2.9797200e+06   4.1992188e+01
   2.9887500e+06   3.6437988e+01
   2.9890330e+06   3.8208008e+01
   2.9944890e+06   4.1381836e+01
   3.0004110e+06   3.9245605e+01
   3.0163290e+06   3.9550781e+01
   3.0198980e+06   3.5827637e+01
   3.0211520e+06   3.5339355e+01
   3.0425140e+06   3.6315918e+01
   3.0464160e+06   4.1748047e+01
   3.0488270e+06   4.0283203e+01
   3.0633730e+06   3.8574219e+01
   3.0691400e+06   3.6743164e+01
   3.0845540e+06   3.8696289e+01
   3.0875830e+06   3.6437988e+01
   3.0923770e+06   4.1381836e+01
   3.1115080e+06   3.5156250e+01
   3.1154960e+06   4.1320801e+01
   3.1293410e+06   4.6386719e+01
   3.1526700e+06   4.6569824e+01
   3.1530410e+06   3.6560059e+01
   3.1531090e+06   3.5278320e+01
   3.1531290e+06   7.4157715e+01
   3.1531410e+06   4.6997070e+01
   3.1531720e+06   4.4555664e+01
   3.1532190e+06   9.7229004e+01
   3.1532520e+06   8.8439941e+01
   3.1532810e+06   5.7128906e+01
   3.1532930e+06   5.2856445e+01
   3.1533180e+06   9.9060059e+01
   3.1533290e+06   1.0675049e+02
   3.1533610e+06   9.2163086e+01
   3.1533790e+06   4.4189453e+01
   3.1534120e+06   5.0842285e+01
   3.1534260e+06   4.9987793e+01
   3.1534410e+06   8.8012695e+01
   3.1534510e+06   3.8452148e+01
   3.1534690e+06   4.5166016e+01
   3.1534980e+06   7.9406738e+01
   3.1535130e+06   4.6142578e+01
   3.1535440e+06   7.1777344e+01
   3.1535720e+06   4.9133301e+01
   3.1535890e+06   5.5786133e+01
   3.1536040e+06   5.1147461e+01
   3.1536380e+06   7.6416016e+01
   3.1536540e+06   4.3029785e+01
   3.1536670e+06   5.3466797e+01
   3.1537100e+06   3.6743164e+01
   3.1537300e+06   4.1198730e+01
   3.1537750e+06   3.8391113e+01
   3.1537870e+06   5.7678223e+01
   3.1538300e+06   3.7292480e+01
   3.1538780e+06   3.6987305e+01
   3.1539180e+06   8.3923340e+01
   3.1539590e+06   3.7963867e+01
   3.1539870e+06   4.1748047e+01
   3.1540590e+06   6.0119629e+01
   3.1540770e+06   4.5104980e+01
   3.1541860e+06   4.9865723e+01
   3.1542400e+06   6.1279297e+01
   3.1542590e+06   4.4616699e+01
   3.1543160e+06   3.7658691e+01
   3.1543800e+06   5.9631348e+01
   3.1544060e+06   3.5278320e+01
   3.1545130e+06   6.5673828e+01
   3.1545380e+06   5.0231934e+01
   3.1546280e+06   5.3955078e+01
   3.1546860e+06   5.0903320e+01
   3.1548010e+06   4.6936035e+01
   3.1548710e+06   5.3649902e+01
   3.1548850e+06   3.6437988e+01
   3.1549440e+06   3.9672852e+01
   3.1550180e+06   4.2114258e+01
   3.1551530e+06   3.7170410e+01
   3.1553200e+06   3.6682129e+01
   3.1553620e+06   3.5278320e+01
   3.1555170e+06   4.5349121e+01
   3.1555450e+06   3.6987305e+01
   3.1556730e+06   3.6621094e+01
   3.1557030e+06   4.6508789e+01
   3.1557440e+06   6.5979004e+01
   3.1561070e+06   3.6437988e+01
   3.1566330e+06   3.5827637e+01
   3.1569060e+06   4.1076660e+01
   3.1627510e+06   6.0119629e+01
   3.1661180e+06   5.7495117e+01
   3.1672540e+06   4.1687012e+01
   3.1674970e+06   6.4025879e+01
   3.1679460e+06   3.7109375e+01
   3.1680350e+06   3.9550781e+01
   3.1680630e+06   4.7424316e+01
   3.1681070e+06   7.1411133e+01
   3.1681200e+06   3.8696289e+01
   3.1681750e+06   1.1425781e+02
   3.1681880e+06   4.0466309e+01
   3.1682240e+06   4.5104980e+01
   3.1682530e+06   4.5654297e+01
   3.1682680e+06   4.6997070e+01
   3.1683000e+06   8.9843750e+01
   3.1683270e+06   4.8950195e+01
   3.1683400e+06   5.7067871e+01
   3.1683640e+06   7.3242188e+01
   3.1683800e+06   4.9011230e+01
   3.1684020e+06   3.5522461e+01
   3.1684170e+06   3.9916992e+01
   3.1684500e+06   8.1970215e+01
   3.1684780e+06   3.5827637e+01
   3.1684990e+06   4.4189453e+01
   3.1685140e+06   4.8583984e+01
   3.1685630e+06   4.0954590e+01
   3.1686120e+06   8.3007812e+01
   3.1686300e+06   3.7170410e+01
   3.1686520e+06   3.5766602e+01
   3.1686870e+06   4.6203613e+01
   3.1687440e+06   4.7424316e+01
   3.1687800e+06   7.0495605e+01
   3.1687960e+06   7.9589844e+01
   3.1688170e+06   4.5410156e+01
   3.1688610e+06   5.4931641e+01
   3.1689230e+06   4.9560547e+01
   3.1689390e+06   4.3518066e+01
   3.1689780e+06   6.6406250e+01
   3.1690460e+06   3.8879395e+01
   3.1690770e+06   4.5471191e+01
   3.1691200e+06   3.5156250e+01
   3.1691490e+06   3.7780762e+01
   3.1692250e+06   3.9367676e+01
   3.1692360e+06   4.2907715e+01
   3.1692720e+06   3.9306641e+01
   3.1693510e+06   5.0476074e+01
   3.1693820e+06   6.9091797e+01
   3.1694290e+06   3.5522461e+01
   3.1694970e+06   4.2846680e+01
   3.1695850e+06   6.6833496e+01
   3.1696180e+06   3.9794922e+01
   3.1697410e+06   4.8339844e+01
   3.1698330e+06   4.1198730e+01
   3.1698810e+06   6.1462402e+01
   3.1698910e+06   5.7922363e+01
   3.1699590e+06   3.6132812e+01
   3.1700140e+06   5.7006836e+01
   3.1700750e+06   4.1320801e+01
   3.1702150e+06   5.8776855e+01
   3.1702770e+06   3.7658691e+01
   3.1703220e+06   4.0100098e+01
   3.1703610e+06   4.5104980e+01
   3.1703840e+06   7.0739746e+01
   3.1704280e+06   4.0283203e+01
   3.1706220e+06   3.5339355e+01
   3.1706480e+06   3.8208008e+01
   3.1707130e+06   5.2307129e+01
   3.1708340e+06   3.6071777e+01
   3.1708730e+06   6.3781738e+01
   3.1711140e+06   3.8940430e+01
   3.1711270e+06   5.5847168e+01
   3.1712890e+06   3.9978027e+01
   3.1715120e+06   5.9082031e+01
   3.1718260e+06   6.1096191e+01
   3.1722310e+06   3.7353516e+01
   3.1897040e+06   5.2062988e+01
   3.2037860e+06   3.6254883e+01
   3.2109620e+06   3.5339355e+01
   3.2126130e+06   5.7739258e+01
   3.2200610e+06   3.5827637e+01
   3.2263540e+06   3.9489746e+01
   3.2268090e+06   3.6437988e+01
   3.2375790e+06   4.2297363e+01
   3.2404210e+06   7.1838379e+01
   3.2471590e+06   4.3090820e+01
   3.2502380e+06   3.9184570e+01
   3.2547760e+06   3.5888672e+01
   3.2590170e+06   4.4311523e+01
   3.2617560e+06   3.9062500e+01
   3.2639210e+06   7.0922852e+01
   3.2648430e+06   3.6804199e+01
   3.2665710e+06   3.5705566e+01
   3.2694400e+06   4.3579102e+01
   3.2697860e+06   3.6865234e+01
   3.2856860e+06   3.5644531e+01
   3.2884640e+06   4.4616699e+01
   3.2922010e+06   6.5307617e+01
   3.2934000e+06   4.2053223e+01
   3.3005080e+06   3.6804199e+01
   3.3034490e+06   3.6254883e+01
   3.3077500e+06   3.8391113e+01
   3.3120020e+06   4.3029785e+01
   3.3196180e+06   3.5156250e+01
   3.3244600e+06   3.7719727e+01
   3.3493860e+06   3.7353516e+01
   3.3622420e+06   3.7536621e+01
   3.3709510e+06   4.5043945e+01
   3.3739350e+06   4.1564941e+01
   3.3960440e+06   4.0039062e+01
   3.3993640e+06   3.6193848e+01
   3.4271550e+06   3.5583496e+01
   3.4345710e+06   3.8024902e+01
   3.4354300e+06   3.6987305e+01
   3.4387930e+06   3.5888672e+01
   3.4480390e+06   4.0527344e+01
   3.4614440e+06   3.5278320e+01
   3.4650560e+06   3.6071777e+01
   3.4652120e+06   3.8146973e+01
   3.4729070e+06   3.9001465e+01
   3.4827230e+06   3.6132813e+01
   3.4941530e+06   3.9123535e+01
   3.5129050e+06   4.1137695e+01
   3.5149880e+06   3.7780762e+01
   3.5205890e+06   4.0344238e+01
   3.5256930e+06   4.4616699e+01
   3.5295430e+06   3.7841797e+01
   3.5361090e+06   3.6560059e+01
   3.5439340e+06   3.6987305e+01
   3.5498210e+06   4.1381836e+01
   3.5544840e+06   3.8513184e+01
   3.5592080e+06   3.7719727e+01
   3.5802390e+06   4.1198730e+01
   3.5842010e+06   3.5644531e+01
   3.5928700e+06   3.5827637e+01
   3.6151960e+06   3.5766602e+01
   3.6239230e+06   4.2297363e+01
   3.6333130e+06   3.8146973e+01
   3.6484110e+06   5.1147461e+01
   3.6644130e+06   4.2236328e+01
   3.6699860e+06   4.2663574e+01
   3.6729770e+06   3.7048340e+01
   3.6763650e+06   3.8940430e+01
   3.6861020e+06   4.0710449e+01
   3.6931010e+06   3.5949707e+01
   3.7027800e+06   4.3334961e+01
   3.7030310e+06   3.5461426e+01
   3.7070740e+06   3.6987305e+01
   3.7253990e+06   3.7719727e+01
   3.7389190e+06   4.0893555e+01
   3.7390800e+06   4.0649414e+01
   3.7391220e+06   4.8156738e+01
   3.7391490e+06   4.6203613e+01
   3.7391650e+06   3.6437988e+01
   3.7391830e+06   3.6499023e+01
   3.7391970e+06   4.2236328e+01
   3.7392240e+06   7.3974609e+01
   3.7392550e+06   7.2937012e+01
   3.7392670e+06   6.7993164e+01
   3.7392890e+06   6.8908691e+01
   3.7393160e+06   1.0156250e+02
   3.7393460e+06   5.6823730e+01
   3.7393670e+06   5.3527832e+01
   3.7393890e+06   4.6386719e+01
   3.7394030e+06   4.0649414e+01
   3.7394200e+06   8.3251953e+01
   3.7394450e+06   7.5256348e+01
   3.7394580e+06   5.6030273e+01
   3.7394880e+06   7.8613281e+01
   3.7395170e+06   5.8532715e+01
   3.7395300e+06   6.5917969e+01
   3.7395560e+06   3.6010742e+01
   3.7395710e+06   3.8146973e+01
   3.7395950e+06   6.8603516e+01
   3.7396300e+06   5.0476074e+01
   3.7396540e+06   6.3232422e+01
   3.7396810e+06   6.4086914e+01
   3.7397120e+06   4.5349121e+01
   3.7397240e+06   4.2297363e+01
   3.7397370e+06   5.3833008e+01
   3.7397660e+06   8.3496094e+01
   3.7398480e+06   3.9062500e+01
   3.7398590e+06   5.2307129e+01
   3.7398940e+06   4.9072266e+01
   3.7399120e+06   3.8818359e+01
   3.7399400e+06   4.4982910e+01
   3.7399760e+06   3.9428711e+01
   3.7400210e+06   5.9631348e+01
   3.7400770e+06   5.7189941e+01
   3.7400920e+06   4.1015625e+01
   3.7401280e+06   4.0466309e+01
   3.7401970e+06   5.4870605e+01
   3.7402210e+06   3.8391113e+01
   3.7402820e+06   4.2602539e+01
   3.7403110e+06   4.0832520e+01
   3.7403210e+06   3.5522461e+01
   3.7403810e+06   5.0109863e+01
   3.7404000e+06   3.9855957e+01
   3.7404550e+06   5.9631348e+01
   3.7405050e+06   5.1391602e+01
   3.7405220e+06   4.8034668e+01
   3.7405500e+06   6.7749023e+01
   3.7406990e+06   4.0710449e+01
   3.7407850e+06   4.8217773e+01
   3.7408050e+06   5.9387207e+01
   3.7408200e+06   3.6743164e+01
   3.7408830e+06   5.0781250e+01
   3.7408930e+06   6.4514160e+01
   3.7410550e+06   3.5400391e+01
   3.7411560e+06   3.8452148e+01
   3.7412990e+06   4.2114258e+01
   3.7413100e+06   4.1137695e+01
   3.7414350e+06   7.5012207e+01
   3.7416240e+06   4.3518066e+01
   3.7416890e+06   4.5043945e+01
   3.7417250e+06   4.7668457e+01
   3.7418270e+06   4.1198730e+01
   3.7418670e+06   3.6743164e+01
   3.7419430e+06   3.8635254e+01
   3.7424730e+06   3.7353516e+01
   3.7425880e+06   5.4382324e+01
   3.7427670e+06   5.0659180e+01
   3.7432560e+06   4.1503906e+01
   3.7508640e+06   4.3029785e+01
   3.7514220e+06   6.1035156e+01
   3.7516030e+06   4.2419434e+01
   3.7517120e+06   3.7780762e+01
   3.7517360e+06   7.1350098e+01
   3.7517600e+06   5.4870605e+01
   3.7517840e+06   4.4982910e+01
   3.7518180e+06   7.6110840e+01
   3.7518460e+06   5.8410645e+01
   3.7518790e+06   6.9824219e+01
   3.7518980e+06   4.5104980e+01
   3.7519350e+06   5.7250977e+01
   3.7519610e+06   4.3090820e+01
   3.7519720e+06   7.5988770e+01
   3.7519900e+06   3.5949707e+01
   3.7520030e+06   4.6386719e+01
   3.7520190e+06   7.1228027e+01
   3.7520320e+06   3.7719727e+01
   3.7520590e+06   6.9885254e+01
   3.7521180e+06   4.0161133e+01
   3.7521500e+06   3.7780762e+01
   3.7521830e+06   8.0749512e+01
   3.7522260e+06   5.4565430e+01
   3.7522440e+06   6.8237305e+01
   3.7522560e+06   7.4707031e+01
   3.7522910e+06   7.2814941e+01
   3.7523530e+06   3.6743164e+01
   3.7523770e+06   3.8452148e+01
   3.7523880e+06   6.0546875e+01
   3.7524350e+06   7.3486328e+01
   3.7524590e+06   3.8696289e+01
   3.7524710e+06   3.7902832e+01
   3.7525180e+06   4.1809082e+01
   3.7525780e+06   6.7321777e+01
   3.7526490e+06   7.2692871e+01
   3.7526600e+06   6.9213867e+01
   3.7527070e+06   6.9519043e+01
   3.7528020e+06   4.4433594e+01
   3.7528160e+06   4.2846680e+01
   3.7528490e+06   3.6376953e+01
   3.7528830e+06   5.1391602e+01
   3.7529080e+06   9.3383789e+01
   3.7529830e+06   4.2602539e+01
   3.7530100e+06   3.9123535e+01
   3.7530590e+06   4.0649414e+01
   3.7531060e+06   5.3466797e+01
   3.7531680e+06   4.4738770e+01
   3.7532350e+06   5.4382324e+01
   3.7532910e+06   3.7841797e+01
   3.7533100e+06   5.4626465e+01
   3.7533460e+06   3.5339355e+01
   3.7533910e+06   4.2907715e+01
   3.7534280e+06   4.0649414e+01
   3.7534400e+06   6.5307617e+01
   3.7535780e+06   4.9621582e+01
   3.7536800e+06   3.5766602e+01
   3.7538080e+06   4.9377441e+01
   3.7538940e+06   4.8889160e+01
   3.7539910e+06   4.4006348e+01
   3.7540250e+06   4.0222168e+01
   3.7541980e+06   4.7973633e+01
   3.7542310e+06   3.6437988e+01
   3.7542500e+06   3.9245605e+01
   3.7545330e+06   6.9458008e+01
   3.7545510e+06   3.8146973e+01
   3.7545890e+06   3.8818359e+01
   3.7547400e+06   5.1879883e+01
   3.7551120e+06   5.5847168e+01
   3.7552090e+06   4.6020508e+01
   3.7552920e+06   5.9204102e+01
   3.7556320e+06   3.9489746e+01
   3.7812940e+06   6.4880371e+01
   3.8007940e+06   3.6926270e+01
   3.8104300e+06   6.5673828e+01
   3.8142780e+06   4.4311523e+01
   3.8211090e+06   3.9306641e+01
   3.8216030e+06   7.2448730e+01
   3.8255080e+06   3.9489746e+01
   3.8274940e+06   3.5278320e+01
   3.8318960e+06   3.9489746e+01
   3.8329180e+06   4.4616699e+01
   3.8364260e+06   3.5583496e+01
   3.8394920e+06   3.5705566e+01
   3.8398150e+06   3.8391113e+01
   3.8417790e+06   3.5156250e+01
   3.8437170e+06   3.8879395e+01
   3.8492900e+06   3.5644531e+01
   3.8511420e+06   3.5461426e+01
   3.8581910e+06   3.8208008e+01
   3.8619050e+06   3.6376953e+01
   3.8664820e+06   3.6499023e+01
   3.8724240e+06   4.7790527e+01
   3.8760460e+06   3.6804199e+01
   3.8809720e+06   4.4006348e+01
   3.8853270e+06   4.0710449e+01
   3.8890460e+06   3.5827637e+01
   3.8959530e+06   3.6987305e+01
   3.9077990e+06   3.6437988e+01
   3.9130020e+06   3.9062500e+01
   3.9137910e+06   3.7048340e+01
   3.9171380e+06   3.8208008e+01
   3.9176900e+06   3.6987305e+01
   3.9255040e+06   4.0771484e+01
   3.9298060e+06   3.7841797e+01
   3.9299760e+06   3.5156250e+01
   3.9520830e+06   3.6132813e+01
   3.9590210e+06   3.6437988e+01
   3.9720740e+06   3.7780762e+01
   3.9751780e+06   4.1320801e+01
   3.9825400e+06   3.9672852e+01
   3.9871390e+06   4.0039062e+01
   4.0041370e+06   3.6315918e+01
   4.0139850e+06   3.7353516e+01
   4.0174790e+06   3.5644531e+01
   4.0221910e+06   4.2114258e+01
   4.0253950e+06   3.6437988e+01
   4.0355050e+06   3.6560059e+01
   4.0427120e+06   4.3151855e+01
   4.0533570e+06   3.8940430e+01
   4.0682260e+06   3.7109375e+01
   4.0741360e+06   3.6804199e+01
   4.0817170e+06   3.6621094e+01
   4.0870300e+06   3.7353516e+01
   4.1085640e+06   4.0832520e+01
   4.1151440e+06   3.5339355e+01
   4.1288090e+06   3.5278320e+01
   4.1298280e+06   4.0527344e+01
   4.1317310e+06   3.8208008e+01
   4.1350970e+06   4.9743652e+01
   4.1355570e+06   3.6865234e+01
   4.1508100e+06   3.6010742e+01
   4.1577750e+06   4.3334961e+01
   4.1590760e+06   3.6865234e+01
   4.1630040e+06   3.5888672e+01
   4.1759080e+06   4.1381836e+01
   4.1772580e+06   3.6376953e+01
   4.1795960e+06   3.7536621e+01
   4.1873880e+06   3.6926270e+01
   4.1922070e+06   3.7414551e+01
   4.2001750e+06   3.7475586e+01
   4.2071090e+06   4.6508789e+01
   4.2220790e+06   3.5217285e+01
   4.2336800e+06   4.2114258e+01
   4.2396180e+06   3.6743164e+01
   4.2429990e+06   4.6142578e+01
   4.2472860e+06   4.4189453e+01
   4.2542590e+06   3.6193848e+01
   4.2691040e+06   3.5278320e+01
   4.2768120e+06   4.1259766e+01
   4.2769610e+06   4.0893555e+01
   4.2827260e+06   4.0893555e+01
   4.2906130e+06   3.6071777e+01
   4.3026610e+06   4.5471191e+01
   4.3033030e+06   3.7048340e+01
   4.3111640e+06   4.1564941e+01
   4.3125940e+06   3.5827637e+01
   4.3287840e+06   3.6926270e+01
   4.3333390e+06   3.8635254e+01
   4.3380640e+06   3.5339355e+01
   4.3582740e+06   4.0100098e+01
   4.3661610e+06   4.0405273e+01
   4.3703040e+06   3.5949707e+01
   4.3730950e+06   3.7841797e+01
   4.3843160e+06   3.6682129e+01
   4.3943070e+06   3.6132812e+01
   4.4036020e+06   3.7414551e+01
   4.4098940e+06   3.8269043e+01
   4.4168420e+06   3.8940430e+01
   4.4315580e+06   4.0161133e+01
   4.4361150e+06   3.6865234e+01
   4.4431620e+06   4.2724609e+01
   4.4555780e+06   3.8208008e+01
   4.4626880e+06   4.8645020e+01
   4.4652940e+06   3.6010742e+01
   4.4678510e+06   4.3823242e+01
   4.4720160e+06   3.7414551e+01
   4.4818340e+06   4.1931152e+01
   4.4869020e+06   3.6437988e+01
   4.5129360e+06   3.7475586e+01
   4.5197980e+06   4.1625977e+01
   4.5319170e+06   4.1992188e+01
   4.5419590e+06   3.6376953e+01
   4.5469720e+06   3.6560059e+01
   4.5526400e+06   4.5043945e+01
   4.5590590e+06   3.9306641e+01
   4.5617590e+06   3.5400391e+01
   4.5744860e+06   3.8208008e+01
   4.5780240e+06   3.7292480e+01
   4.6048900e+06   3.9794922e+01
   4.6093420e+06   4.2602539e+01
   4.6126790e+06   4.1442871e+01
   4.6192410e+06   3.6010742e+01
   4.6232470e+06   4.5776367e+01
   4.6274600e+06   3.6865234e+01
   4.6305480e+06   3.7902832e+01
   4.6381910e+06   3.9184570e+01
   4.6494040e+06   4.1931152e+01
   4.6549420e+06   4.1015625e+01
   4.6588480e+06   3.7780762e+01
   4.6655120e+06   5.4565430e+01
   4.6688830e+06   4.2236328e+01
   4.6759550e+06   3.5339355e+01
   4.6806510e+06   3.9001465e+01
   4.6855920e+06   3.6010742e+01
   4.6894720e+06   3.7109375e+01
   4.6947250e+06   3.5766602e+01
   4.7019270e+06   3.6315918e+01
   4.7072010e+06   4.1809082e+01
   4.7090600e+06   3.8024902e+01
   4.7116570e+06   3.8208008e+01
   4.7147620e+06   3.8757324e+01
   4.7148110e+06   4.5776367e+01
   4.7148500e+06   3.6926270e+01
   4.7148910e+06   9.6130371e+01
   4.7149200e+06   4.7973633e+01
   4.7149360e+06   6.7687988e+01
   4.7149600e+06   7.8918457e+01
   4.7149890e+06   5.4809570e+01
   4.7150020e+06   6.4575195e+01
   4.7150360e+06   8.0200195e+01
   4.7150480e+06   3.9184570e+01
   4.7150730e+06   4.0283203e+01
   4.7150860e+06   4.5166016e+01
   4.7151130e+06   5.2246094e+01
   4.7151340e+06   3.8879395e+01
   4.7151570e+06   4.1442871e+01
   4.7151770e+06   5.8715820e+01
   4.7152130e+06   6.9641113e+01
   4.7152400e+06   4.4616699e+01
   4.7152750e+06   3.8146973e+01
   4.7152880e+06   7.8735352e+01
   4.7153160e+06   4.4250488e+01
   4.7153410e+06   4.4921875e+01
   4.7153580e+06   6.5124512e+01
   4.7154080e+06   4.1442871e+01
   4.7154190e+06   6.7504883e+01
   4.7154790e+06   4.6752930e+01
   4.7155240e+06   4.0466309e+01
   4.7155410e+06   5.0292969e+01
   4.7155660e+06   4.4860840e+01
   4.7156510e+06   5.9997559e+01
   4.7156610e+06   5.3771973e+01
   4.7157370e+06   6.0241699e+01
   4.7157810e+06   4.3029785e+01
   4.7158250e+06   5.6884766e+01
   4.7158510e+06   4.0100098e+01
   4.7159450e+06   5.9570313e+01
   4.7160550e+06   5.4321289e+01
   4.7160670e+06   5.0720215e+01
   4.7161800e+06   3.9428711e+01
   4.7162320e+06   4.2968750e+01
   4.7162950e+06   4.3884277e+01
   4.7163380e+06   3.7963867e+01
   4.7163550e+06   4.3945312e+01
   4.7163950e+06   5.2490234e+01
   4.7165020e+06   3.6499023e+01
   4.7165190e+06   5.3344727e+01
   4.7166700e+06   6.2683105e+01
   4.7167500e+06   4.0649414e+01
   4.7169200e+06   4.9133301e+01
   4.7170480e+06   3.7292480e+01
   4.7170730e+06   4.1259766e+01
   4.7170830e+06   3.9794922e+01
   4.7172460e+06   4.4677734e+01
   4.7173300e+06   4.7851562e+01
   4.7174780e+06   5.4321289e+01
   4.7175610e+06   4.0771484e+01
   4.7176550e+06   3.6621094e+01
   4.7176840e+06   3.7780762e+01
   4.7192040e+06   3.8452148e+01
   4.7196720e+06   3.7353516e+01
   4.7206900e+06   3.5217285e+01
   4.7262010e+06   3.6499023e+01
   4.7262720e+06   3.8818359e+01
   4.7262910e+06   7.6782227e+01
   4.7263310e+06   6.3049316e+01
   4.7263610e+06   3.5217285e+01
   4.7263900e+06   3.8391113e+01
   4.7264200e+06   4.9926758e+01
   4.7264400e+06   3.6499023e+01
   4.7264610e+06   4.1198730e+01
   4.7264760e+06   4.2114258e+01
   4.7265020e+06   3.9489746e+01
   4.7265250e+06   4.3640137e+01
   4.7265660e+06   6.2377930e+01
   4.7265950e+06   4.9743652e+01
   4.7266120e+06   3.9428711e+01
   4.7266610e+06   1.0345459e+02
   4.7266910e+06   3.6193848e+01
   4.7267180e+06   7.1594238e+01
   4.7267310e+06   3.7902832e+01
   4.7267570e+06   5.2001953e+01
   4.7267910e+06   4.1259766e+01
   4.7268150e+06   4.8400879e+01
   4.7268790e+06   5.0598145e+01
   4.7269220e+06   6.3049316e+01
   4.7269380e+06   3.7719727e+01
   4.7269830e+06   3.6987305e+01
   4.7270210e+06   8.6486816e+01
   4.7270340e+06   3.5705566e+01
   4.7271140e+06   4.8034668e+01
   4.7271660e+06   4.1992188e+01
   4.7272090e+06   4.1687012e+01
   4.7272440e+06   3.7780762e+01
   4.7272830e+06   4.6447754e+01
   4.7272980e+06   8.0200195e+01
   4.7273790e+06   3.7109375e+01
   4.7274230e+06   6.7382812e+01
   4.7274470e+06   3.9855957e+01
   4.7274890e+06   6.0180664e+01
   4.7275140e+06   4.8950195e+01
   4.7276660e+06   6.2500000e+01
   4.7276850e+06   4.1625977e+01
   4.7277240e+06   4.4677734e+01
   4.7278050e+06   4.2236328e+01
   4.7278340e+06   4.8583984e+01
   4.7279360e+06   3.8024902e+01
   4.7279500e+06   4.3090820e+01
   4.7280420e+06   4.4067383e+01
   4.7280740e+06   4.3579102e+01
   4.7281070e+06   3.9062500e+01
   4.7281630e+06   5.2124023e+01
   4.7281980e+06   4.2541504e+01
   4.7282770e+06   5.1818848e+01
   4.7284000e+06   4.3090820e+01
   4.7284880e+06   4.3701172e+01
   4.7287300e+06   5.7861328e+01
   4.7288590e+06   3.9245605e+01
   4.7288760e+06   3.7902832e+01
   4.7288990e+06   4.6936035e+01
   4.7289720e+06   5.3833008e+01
   4.7292160e+06   5.3466797e+01
   4.7294400e+06   5.3100586e+01
   4.7294760e+06   3.7353516e+01
   4.7297030e+06   5.6213379e+01
   4.7300110e+06   5.5053711e+01
   4.7304080e+06   5.5664062e+01
   4.7307910e+06   4.0161133e+01
   4.7312850e+06   6.6833496e+01
   4.7317780e+06   5.6091309e+01
   4.7328140e+06   5.4504395e+01
   4.7330060e+06   4.3884277e+01
   4.7508710e+06   6.2744141e+01
   4.7665000e+06   4.5410156e+01
   4.7710480e+06   3.7963867e+01
   4.7729380e+06   3.6010742e+01
   4.7786700e+06   3.5522461e+01
   4.7795250e+06   3.9733887e+01
   4.7880980e+06   3.5156250e+01
   4.7922570e+06   3.8818359e+01
   4.7965430e+06   3.5766602e+01
   4.8014680e+06   4.4128418e+01
   4.8031070e+06   4.0771484e+01
   4.8084960e+06   3.7841797e+01
   4.8106240e+06   3.8818359e+01
   4.8137850e+06   6.5307617e+01
   4.8195000e+06   3.8696289e+01
   4.8210840e+06   3.8696289e+01
   4.8260990e+06   4.1625977e+01
   4.8350170e+06   3.6010742e+01
   4.8382460e+06   4.0588379e+01
   4.8434790e+06   3.6560059e+01
   4.8436920e+06   3.5827637e+01
   4.8471640e+06   3.5156250e+01
   4.8583570e+06   3.9672852e+01
   4.8663150e+06   3.6499023e+01
   4.8693910e+06   3.5522461e+01
   4.8784300e+06   3.6926270e+01
   4.8894720e+06   3.5339355e+01
   4.8940670e+06   3.5583496e+01
   4.9079110e+06   4.2419434e+01
   4.9328510e+06   3.8696289e+01
   4.9347240e+06   3.8208008e+01
   4.9434150e+06   3.5888672e+01
   4.9549540e+06   3.9611816e+01
   4.9644060e+06   3.6193848e+01
   4.9674110e+06   3.6743164e+01
   4.9701160e+06   3.9916992e+01
   4.9825000e+06   4.0710449e+01
   4.9874910e+06   3.5644531e+01
   4.9903280e+06   3.7231445e+01
   4.9953070e+06   4.3090820e+01
   5.0053220e+06   4.3640137e+01
   5.0076270e+06   3.5217285e+01
   5.0148670e+06   3.9062500e+01
   5.0208490e+06   4.1198730e+01
   5.0239290e+06   3.6682129e+01
   5.0429220e+06   3.7231445e+01
   5.0461520e+06   3.9611816e+01
   5.0583840e+06   3.6193848e+01
   5.0624560e+06   3.5949707e+01
   5.0719620e+06   4.0588379e+01
   5.0762360e+06   3.6315918e+01
   5.0794530e+06   3.6621094e+01
   5.0912740e+06   3.8696289e+01
   5.0916760e+06   3.7536621e+01
   5.1035510e+06   3.6926270e+01
   5.1082110e+06   4.0893555e+01
   5.1144360e+06   3.7597656e+01
   5.1171630e+06   3.5400391e+01
   5.1275630e+06   3.5766602e+01
   5.1367430e+06   4.1809082e+01
   5.1386630e+06   3.5888672e+01
   5.1442350e+06   3.6682129e+01
   5.1461340e+06   3.9855957e+01
   5.1577980e+06   4.2358398e+01
   5.1731230e+06   3.7475586e+01
   5.1945790e+06   3.8879395e+01
   5.2009680e+06   3.7902832e+01
   5.2036500e+06   4.5104980e+01
   5.2050280e+06   3.6132812e+01
   5.2147430e+06   3.8208008e+01
   5.2196010e+06   4.0527344e+01
   5.2418450e+06   3.6071777e+01
   5.2514870e+06   4.4555664e+01
   5.2551010e+06   3.5278320e+01
   5.2693240e+06   3.8513184e+01
   5.2737410e+06   3.7963867e+01
   5.2857620e+06   3.6071777e+01
   5.2885630e+06   4.2785645e+01
   5.2997230e+06   3.9855957e+01
   5.3033210e+06   4.0649414e+01
   5.3081240e+06   3.5522461e+01
   5.3082090e+06   6.6589355e+01
   5.3082330e+06   4.9316406e+01
   5.3082580e+06   3.6193848e+01
   5.3082860e+06   9.0332031e+01
   5.3083000e+06   8.6608887e+01
   5.3083180e+06   3.8757324e+01
   5.3083650e+06   3.7353516e+01
   5.3083790e+06   9.1979980e+01
   5.3083970e+06   8.3557129e+01
   5.3084230e+06   5.8410645e+01
   5.3084520e+06   5.4504395e+01
   5.3084670e+06   3.6560059e+01
   5.3084890e+06   5.2795410e+01
   5.3085070e+06   5.3710938e+01
   5.3085200e+06   9.7351074e+01
   5.3085540e+06   7.0434570e+01
   5.3085650e+06   6.7138672e+01
   5.3086160e+06   7.7148438e+01
   5.3086360e+06   4.8583984e+01
   5.3086630e+06   9.9853516e+01
   5.3086950e+06   4.1137695e+01
   5.3087250e+06   7.0190430e+01
   5.3087580e+06   3.5888672e+01
   5.3087890e+06   3.5766602e+01
   5.3088040e+06   6.3781738e+01
   5.3088140e+06   3.5766602e+01
   5.3088750e+06   5.2429199e+01
   5.3089020e+06   3.8513184e+01
   5.3089360e+06   8.6914062e+01
   5.3090080e+06   6.2866211e+01
   5.3090710e+06   4.1259766e+01
   5.3090810e+06   5.0903320e+01
   5.3091200e+06   5.6030273e+01
   5.3091480e+06   3.6071777e+01
   5.3091990e+06   4.4189453e+01
   5.3092540e+06   4.9560547e+01
   5.3092860e+06   4.8522949e+01
   5.3092990e+06   7.5195312e+01
   5.3094230e+06   3.5644531e+01
   5.3094480e+06   5.8227539e+01
   5.3095090e+06   5.7617188e+01
   5.3095350e+06   3.8208008e+01
   5.3096360e+06   6.5307617e+01
   5.3097430e+06   3.6010742e+01
   5.3097710e+06   3.7170410e+01
   5.3097910e+06   4.1687012e+01
   5.3099950e+06   4.2663574e+01
   5.3100570e+06   3.5156250e+01
   5.3101200e+06   5.1818848e+01
   5.3101800e+06   4.4372559e+01
   5.3102710e+06   3.6071777e+01
   5.3102880e+06   4.6691895e+01
   5.3103220e+06   3.9367676e+01
   5.3103590e+06   4.2114258e+01
   5.3104420e+06   6.9702148e+01
   5.3105340e+06   4.8217773e+01
   5.3106680e+06   5.1269531e+01
   5.3108170e+06   4.1442871e+01
   5.3109020e+06   3.8818359e+01
   5.3109260e+06   3.9123535e+01
   5.3114150e+06   3.8085938e+01
   5.3114330e+06   4.4189453e+01
   5.3122140e+06   4.0832520e+01
   5.3201620e+06   3.6743164e+01
   5.3202360e+06   4.0649414e+01
   5.3202610e+06   6.7443848e+01
   5.3202790e+06   3.5522461e+01
   5.3203100e+06   6.9519043e+01
   5.3203210e+06   6.4086914e+01
   5.3203360e+06   4.7668457e+01
   5.3203610e+06   5.6945801e+01
   5.3203850e+06   4.4738770e+01
   5.3204120e+06   4.8034668e+01
   5.3204340e+06   8.7524414e+01
   5.3204700e+06   3.6132813e+01
   5.3205030e+06   5.5297852e+01
   5.3205570e+06   6.4758301e+01
   5.3205670e+06   6.7504883e+01
   5.3205940e+06   4.1015625e+01
   5.3206180e+06   4.2968750e+01
   5.3206350e+06   1.1206055e+02
   5.3206810e+06   4.2663574e+01
   5.3207010e+06   5.1757812e+01
   5.3207150e+06   6.8298340e+01
   5.3207360e+06   4.4128418e+01
   5.3207640e+06   7.6782227e+01
   5.3208200e+06   3.7902832e+01
   5.3208400e+06   4.1748047e+01
   5.3208590e+06   3.9550781e+01
   5.3208850e+06   3.8818359e+01
   5.3208950e+06   6.5734863e+01
   5.3209210e+06   5.5419922e+01
   5.3209440e+06   5.2673340e+01
   5.3209640e+06   3.6315918e+01
   5.3209870e+06   3.6804199e+01
   5.3210210e+06   7.0678711e+01
   5.3210520e+06   7.3181152e+01
   5.3210790e+06   3.8269043e+01
   5.3211180e+06   5.2429199e+01
   5.3211590e+06   5.4809570e+01
   5.3211760e+06   6.1584473e+01
   5.3212560e+06   4.4311523e+01
   5.3212690e+06   4.3518066e+01
   5.3213000e+06   6.3659668e+01
   5.3213300e+06   4.7363281e+01
   5.3213860e+06   7.1228027e+01
   5.3214920e+06   5.6274414e+01
   5.3215580e+06   3.6193848e+01
   5.3215960e+06   4.7912598e+01
   5.3216560e+06   3.9733887e+01
   5.3217760e+06   7.6599121e+01
   5.3218030e+06   4.8522949e+01
   5.3218420e+06   4.4067383e+01
   5.3219100e+06   3.7963867e+01
   5.3219380e+06   4.2236328e+01
   5.3220850e+06   3.7353516e+01
   5.3221000e+06   8.4289551e+01
   5.3222060e+06   3.5461426e+01
   5.3222700e+06   5.9448242e+01
   5.3223000e+06   5.2551270e+01
   5.3223920e+06   6.2683105e+01
   5.3226000e+06   4.2968750e+01
   5.3227850e+06   6.4331055e+01
   5.3230940e+06   3.6499023e+01
   5.3232050e+06   3.9245605e+01
   5.3233820e+06   6.3415527e+01
   5.3235470e+06   4.4555664e+01
   5.3236010e+06   6.5368652e+01
   5.3236980e+06   3.6193848e+01
   5.3239590e+06   6.9580078e+01
   5.3242340e+06   4.2724609e+01
   5.3252590e+06   3.9123535e+01
   5.3254240e+06   3.6682129e+01
   5.3261000e+06   3.6743164e+01
   5.3271410e+06   5.8410645e+01
   5.3272580e+06   5.0476074e+01
   5.3417500e+06   6.0546875e+01
   5.3485670e+06   6.2622070e+01
   5.3579870e+06   3.6804199e+01
   5.3600430e+06   3.5583496e+01
   5.3761090e+06   3.6865234e+01
   5.3777900e+06   4.0771484e+01
   5.3807360e+06   3.8269043e+01
   5.3859830e+06   3.5217285e+01
   5.3895710e+06   6.4331055e+01
   5.3905660e+06   3.6254883e+01
   5.3923100e+06   3.9306641e+01
   5.3980830e+06   5.9204102e+01
   5.4013790e+06   3.5766602e+01
   5.4194200e+06   3.7536621e+01
   5.4209290e+06   3.8208008e+01
   5.4230010e+06   3.6132812e+01
   5.4269600e+06   4.1992188e+01
   5.4293450e+06   3.7475586e+01
   5.4326270e+06   4.0588379e+01
   5.4357780e+06   3.6865234e+01
   5.4411820e+06   4.1809082e+01
   5.4494750e+06   3.7902832e+01
   5.4618810e+06   4.0771484e+01
   5.4648690e+06   3.7170410e+01
   5.4654200e+06   3.5949707e+01
   5.4743920e+06   3.6254883e+01
   5.4926730e+06   3.8818359e+01
   5.5024070e+06   3.5949707e+01
   5.5078430e+06   4.3395996e+01
   5.5147550e+06   3.7048340e+01
   5.5277630e+06   4.5898438e+01
   5.5474770e+06   3.6743164e+01
   5.5556920e+06   3.5766602e+01
   5.5624680e+06   4.3518066e+01
   5.5634020e+06   3.7536621e+01
   5.5733190e+06   3.8818359e+01
   5.5806050e+06   3.6987305e+01
   5.5952770e+06   3.5156250e+01
   5.5988580e+06   4.0405273e+01
   5.6061880e+06   3.6071777e+01
   5.6098010e+06   3.5400391e+01
   5.6123310e+06   4.0222168e+01
   5.6203640e+06   3.8024902e+01
   5.6239650e+06   3.7597656e+01
   5.6367300e+06   4.1687012e+01
   5.6452620e+06   4.8645020e+01
   5.6514060e+06   5.0292969e+01
   5.6544560e+06   3.8696289e+01
   5.6725110e+06   4.0710449e+01
   5.6725650e+06   3.7231445e+01
   5.6804930e+06   3.6621094e+01
   5.6855880e+06   3.6376953e+01
   5.6935190e+06   4.4128418e+01
   5.6968830e+06   3.5461426e+01
   5.7004570e+06   4.1564941e+01
   5.7131060e+06   3.7109375e+01
   5.7137410e+06   4.3212891e+01
   5.7306100e+06   3.6193848e+01
   5.7355950e+06   3.6071777e+01
   5.7462010e+06   4.3334961e+01
   5.7483510e+06   4.3334961e+01
   5.7491620e+06   6.6162109e+01
   5.7523480e+06   3.6254883e+01
   5.7525460e+06   4.1442871e+01
   5.7765090e+06   4.0893555e+01
   5.7815790e+06   4.1687012e+01
   5.7859780e+06   4.1137695e+01
   5.7960960e+06   3.7170410e+01
   5.8135890e+06   4.2358398e+01
   5.8177740e+06   4.2541504e+01
   5.8219410e+06   3.5156250e+01
   5.8268340e+06   4.1625977e+01
   5.8309520e+06   3.7170410e+01
   5.8347390e+06   3.5583496e+01
   5.8554200e+06   3.7292480e+01
   5.8593030e+06   3.7414551e+01
   5.8616220e+06   3.7292480e+01
   5.8652030e+06   4.4311523e+01
   5.8669170e+06   3.7231445e+01
   5.8752780e+06   3.9367676e+01
   5.8837970e+06   3.6926270e+01
   5.8924470e+06   4.1442871e+01
   5.9008560e+06   3.6376953e+01
   5.9036390e+06   3.8330078e+01
   5.9050570e+06   3.6621094e+01
   5.9112090e+06   4.0344238e+01
   5.9146440e+06   4.4860840e+01
   5.9219210e+06   3.8269043e+01
   5.9280130e+06   3.8635254e+01
   5.9332610e+06   3.6804199e+01
   5.9336150e+06   3.5949707e+01
   5.9377800e+06   4.1015625e+01
   5.9479840e+06   3.9978027e+01
   5.9575860e+06   3.8146973e+01
   5.9612950e+06   4.7180176e+01
   5.9678410e+06   4.0466309e+01
   5.9708650e+06   3.8024902e+01
   5.9741760e+06   5.7312012e+01
   5.9811120e+06   3.5156250e+01
   5.9811330e+06   3.6254883e+01
   5.9918000e+06   3.7292480e+01
   5.9954800e+06   3.8574219e+01
   5.9988770e+06   4.0466309e+01
   6.0016700e+06   3.6376953e+01
   6.0053830e+06   3.7658691e+01
   6.0118380e+06   3.6621094e+01
   6.0146930e+06   3.8208008e+01
   6.0178800e+06   4.1442871e+01
   6.0326170e+06   3.7597656e+01
   6.0430040e+06   3.6865234e+01
   6.0468190e+06   3.8574219e+01
   6.0549620e+06   3.7414551e+01
   6.0570210e+06   3.9428711e+01
   6.0626420e+06   3.6315918e+01
   6.0662900e+06   3.6987305e+01
   6.0694580e+06   4.1931152e+01
   6.0734270e+06   3.9855957e+01
   6.0792010e+06   4.0954590e+01
   6.0797030e+06   3.8757324e+01
   6.0830490e+06   4.2785645e+01
   6.0878880e+06   3.7292480e+01
   6.0921900e+06   3.7719727e+01
   6.0959900e+06   4.2053223e+01
   6.0999300e+06   3.7536621e+01
   6.1041820e+06   4.1015625e+01
   6.1064780e+06   4.7912598e+01
   6.1124950e+06   3.8269043e+01
   6.1140080e+06   3.6682129e+01
   6.1185950e+06   3.7658691e+01
   6.1234250e+06   3.8146973e+01
   6.1306840e+06   3.8208008e+01
   6.1392210e+06   3.5888672e+01
   6.1443460e+06   4.5593262e+01
   6.1465750e+06   6.2622070e+01
   6.1499390e+06   3.8452148e+01
   6.1534090e+06   3.9489746e+01
   6.1544200e+06   4.1625977e+01
   6.1570230e+06   4.3029785e+01
   6.1604120e+06   4.0283203e+01
   6.1673190e+06   3.6315918e+01
   6.1755070e+06   3.6010742e+01
   6.1758710e+06   3.6865234e+01
   6.1789790e+06   3.5705566e+01
   6.1953150e+06   3.6437988e+01
   6.1982670e+06   3.8513184e+01
   6.2217360e+06   3.8818359e+01
   6.2271390e+06   3.5644531e+01
   6.2349240e+06   3.9428711e+01
   6.2383360e+06   4.3151855e+01
   6.2508060e+06   3.5766602e+01
   6.2561320e+06   3.8452148e+01
   6.2612560e+06   3.8879395e+01
   6.2694550e+06   4.0283203e+01
   6.2739740e+06   4.1198730e+01
   6.2765640e+06   3.8818359e+01
   6.2831560e+06   3.8452148e+01
   6.2900360e+06   3.5705566e+01
   6.2974010e+06   3.8940430e+01
   6.2988950e+06   3.7780762e+01
   6.3004400e+06   5.5297852e+01
   6.3093190e+06   3.9855957e+01
   6.3129510e+06   3.7841797e+01
   6.3278050e+06   7.1105957e+01
   6.3348680e+06   3.6804199e+01
   6.3478640e+06   3.8146973e+01
   6.3495390e+06   3.9489746e+01
   6.3586440e+06   3.5644531e+01
   6.3612840e+06   3.8024902e+01
   6.3714560e+06   4.5288086e+01
   6.3718750e+06   6.4392090e+01
   6.3792770e+06   3.6865234e+01
   6.3840520e+06   3.6010742e+01
   6.3925850e+06   3.6560059e+01
   6.3972010e+06   4.0466309e+01
   6.4071130e+06   4.0588379e+01
   6.4071510e+06   3.5888672e+01
   6.4098040e+06   3.7170410e+01
   6.4140780e+06   3.7719727e+01
   6.4164380e+06   6.2927246e+01
   6.4205560e+06   3.8818359e+01
   6.4247360e+06   3.5339355e+01
   6.4342160e+06   3.8024902e+01
   6.4398600e+06   3.5461426e+01
   6.4542750e+06   3.5766602e+01
   6.4669340e+06   3.6193848e+01
   6.4684000e+06   4.0161133e+01
   6.4697890e+06   3.6315918e+01
   6.4726560e+06   4.0405273e+01
   6.4749680e+06   3.5339355e+01
   6.4810840e+06   4.0710449e+01
   6.4843270e+06   3.7902832e+01
   6.4861850e+06   4.2480469e+01
   6.4893120e+06   4.0649414e+01
   6.4935930e+06   3.5827637e+01
   6.5085920e+06   6.2316895e+01
   6.5101890e+06   3.6682129e+01
   6.5121380e+06   3.5888672e+01
   6.5145930e+06   3.5339355e+01
   6.5160360e+06   4.4982910e+01
   6.5160900e+06   3.5583496e+01
   6.5293260e+06   3.9428711e+01
   6.5326120e+06   3.7841797e+01
   6.5363970e+06   3.6987305e+01
   6.5403450e+06   3.6071777e+01
   6.5444340e+06   3.7719727e+01
   6.5480200e+06   3.6437988e+01
   6.5573180e+06   3.6743164e+01
   6.5645320e+06   3.6071777e+01
   6.5733840e+06   3.6010742e+01
   6.5833050e+06   3.8696289e+01
   6.5899380e+06   3.7536621e+01
   6.5985510e+06   3.9672852e+01
   6.5996860e+06   4.3334961e+01
   6.5996980e+06   5.4870605e+01
   6.5997210e+06   4.7973633e+01
   6.5997610e+06   4.9499512e+01
   6.5997760e+06   7.3852539e+01
   6.5997950e+06   7.3547363e+01
   6.5998250e+06   3.9855957e+01
   6.5998430e+06   5.8959961e+01
   6.5998590e+06   8.3618164e+01
   6.5998910e+06   7.3974609e+01
   6.5999100e+06   7.6721191e+01
   6.5999370e+06   5.1330566e+01
   6.5999780e+06   9.7045898e+01
   6.6000010e+06   6.8176270e+01
   6.6000180e+06   7.7087402e+01
   6.6000370e+06   7.0983887e+01
   6.6000620e+06   4.3701172e+01
   6.6000910e+06   6.0913086e+01
   6.6001120e+06   3.7292480e+01
   6.6001460e+06   5.8776855e+01
   6.6001830e+06   3.8940430e+01
   6.6001960e+06   5.8166504e+01
   6.6002310e+06   4.0283203e+01
   6.6002540e+06   5.6396484e+01
   6.6002710e+06   3.5644531e+01
   6.6002940e+06   3.7231445e+01
   6.6003150e+06   8.3007812e+01
   6.6003570e+06   3.5400391e+01
   6.6004090e+06   4.3579102e+01
   6.6004270e+06   6.6345215e+01
   6.6004840e+06   5.4870605e+01
   6.6005490e+06   4.5715332e+01
   6.6005640e+06   4.9011230e+01
   6.6005840e+06   3.8940430e+01
   6.6006130e+06   3.9550781e+01
   6.6006300e+06   4.3212891e+01
   6.6007420e+06   5.0170898e+01
   6.6007560e+06   4.8706055e+01
   6.6008210e+06   4.8217773e+01
   6.6008530e+06   3.5583496e+01
   6.6008970e+06   3.7719727e+01
   6.6009130e+06   5.2368164e+01
   6.6009920e+06   3.5461426e+01
   6.6010380e+06   3.7536621e+01
   6.6010570e+06   6.4025879e+01
   6.6011780e+06   4.5104980e+01
   6.6012240e+06   6.5856934e+01
   6.6013110e+06   3.6437988e+01
   6.6013770e+06   3.7841797e+01
   6.6016100e+06   6.3232422e+01
   6.6017300e+06   4.5104980e+01
   6.6017770e+06   3.9611816e+01
   6.6018250e+06   6.0852051e+01
   6.6020430e+06   5.8898926e+01
   6.6021050e+06   3.6987305e+01
   6.6021810e+06   4.0588379e+01
   6.6023080e+06   5.6823730e+01
   6.6023370e+06   3.7536621e+01
   6.6023500e+06   3.9367676e+01
   6.6027140e+06   5.7434082e+01
   6.6029450e+06   3.7109375e+01
   6.6030540e+06   5.2062988e+01
   6.6032430e+06   3.9916992e+01
   6.6038390e+06   3.7780762e+01
   6.6042160e+06   3.8940430e+01
   6.6046260e+06   3.7231445e+01
   6.6081980e+06   3.5522461e+01
   6.6083530e+06   4.3029785e+01
   6.6084110e+06   5.2673340e+01
   6.6085480e+06   3.8696289e+01
   6.6086060e+06   5.2856445e+01
   6.6086230e+06   3.7414551e+01
   6.6086410e+06   3.8024902e+01
   6.6086800e+06   4.1381836e+01
   6.6086930e+06   3.7536621e+01
   6.6087260e+06   5.8898926e+01
   6.6087870e+06   3.5583496e+01
   6.6088210e+06   4.1259766e+01
   6.6088790e+06   4.9255371e+01
   6.6089080e+06   4.4616699e+01
   6.6089460e+06   3.8635254e+01
   6.6089640e+06   6.1828613e+01
   6.6090040e+06   4.8095703e+01
   6.6090480e+06   6.3110352e+01
   6.6090820e+06   4.3334961e+01
   6.6091110e+06   5.4565430e+01
   6.6091330e+06   4.2358398e+01
   6.6091500e+06   3.6804199e+01
   6.6091760e+06   5.6945801e+01
   6.6092000e+06   4.5715332e+01
   6.6092310e+06   6.4147949e+01
   6.6092950e+06   4.1687012e+01
   6.6093060e+06   4.2968750e+01
   6.6093800e+06   5.1574707e+01
   6.6094070e+06   4.5654297e+01
   6.6094320e+06   6.1218262e+01
   6.6094630e+06   4.1687012e+01
   6.6094810e+06   4.0100098e+01
   6.6094990e+06   6.1096191e+01
   6.6095320e+06   4.0344238e+01
   6.6095960e+06   5.3771973e+01
   6.6096150e+06   3.7353516e+01
   6.6096350e+06   6.1462402e+01
   6.6096520e+06   3.6987305e+01
   6.6096820e+06   5.0598145e+01
   6.6097190e+06   4.5593262e+01
   6.6097610e+06   5.4138184e+01
   6.6098230e+06   3.8879395e+01
   6.6098500e+06   7.1350098e+01
   6.6098810e+06   6.0607910e+01
   6.6099500e+06   3.6560059e+01
   6.6099940e+06   3.6437988e+01
   6.6100170e+06   6.0546875e+01
   6.6101040e+06   3.6804199e+01
   6.6101380e+06   4.6875000e+01
   6.6101670e+06   3.5949707e+01
   6.6102660e+06   3.9916992e+01
   6.6102850e+06   4.9316406e+01
   6.6103370e+06   3.5461426e+01
   6.6103920e+06   4.7241211e+01
   6.6104990e+06   4.0039062e+01
   6.6105130e+06   4.8461914e+01
   6.6106910e+06   4.6020508e+01
   6.6107610e+06   3.5949707e+01
   6.6108700e+06   4.4677734e+01
   6.6109810e+06   3.5705566e+01
   6.6111330e+06   5.0964355e+01
   6.6111680e+06   6.5979004e+01
   6.6113160e+06   5.7922363e+01
   6.6115250e+06   5.3771973e+01
   6.6115990e+06   3.6071777e+01
   6.6118580e+06   5.2795410e+01
   6.6122720e+06   4.0100098e+01
   6.6123330e+06   4.7058105e+01
   6.6127620e+06   3.9733887e+01
   6.6129320e+06   6.4086914e+01
   6.6136430e+06   4.3579102e+01
   6.6143370e+06   6.3476562e+01
   6.6148470e+06   6.2255859e+01
   6.6150610e+06   4.7485352e+01
   6.6150990e+06   4.1625977e+01
   6.6151930e+06   3.7963867e+01
   6.6153790e+06   6.9763184e+01
   6.6154120e+06   3.7536621e+01
   6.6155720e+06   3.9367676e+01
   6.6156480e+06   3.6682129e+01
   6.6158850e+06   6.6101074e+01
   6.6160450e+06   3.9733887e+01
   6.6165380e+06   6.0607910e+01
   6.6170160e+06   4.4799805e+01
   6.6175600e+06   5.9936523e+01
   6.6179350e+06   5.9326172e+01
   6.6181340e+06   4.9682617e+01
   6.6182350e+06   5.2734375e+01
   6.6189690e+06   5.5480957e+01
   6.6190180e+06   6.1401367e+01
   6.6449900e+06   4.7302246e+01
   6.6508480e+06   4.0405273e+01
   6.6575910e+06   4.0771484e+01
   6.6581330e+06   3.6499023e+01
   6.6630280e+06   4.1076660e+01
   6.6646210e+06   3.5461426e+01
   6.6646890e+06   6.5734863e+01
   6.6684120e+06   3.6254883e+01
   6.6712390e+06   3.5705566e+01
   6.6756080e+06   3.5339355e+01
   6.6788360e+06   3.6804199e+01
   6.6796330e+06   5.7739258e+01
   6.6829610e+06   3.5705566e+01
   6.6881630e+06   3.9794922e+01
   6.6935340e+06   4.1564941e+01
   6.6964840e+06   3.9978027e+01
   6.6969510e+06   3.5339355e+01
   6.6999760e+06   3.5522461e+01
   6.7011370e+06   4.4067383e+01
   6.7036190e+06   4.1137695e+01
   6.7097610e+06   3.9489746e+01
   6.7110550e+06   4.0588379e+01
   6.7154250e+06   3.5766602e+01
   6.7174210e+06   3.5461426e+01
   6.7197090e+06   4.5593262e+01
   6.7230330e+06   4.4616699e+01
   6.7240840e+06   3.7658691e+01
   6.7296740e+06   3.8391113e+01
   6.7319050e+06   3.6315918e+01
   6.7417700e+06   3.7292480e+01
   6.7445220e+06   4.0222168e+01
   6.7446410e+06   4.1442871e+01
   6.7476500e+06   3.7841797e+01
   6.7491690e+06   3.6132812e+01
   6.7505440e+06   3.5888672e+01
   6.7525520e+06   3.8330078e+01
   6.7582620e+06   3.6865234e+01
   6.7636930e+06   4.0649414e+01
   6.7709660e+06   4.1320801e+01
   6.7734670e+06   4.1931152e+01
   6.7743760e+06   3.6499023e+01
   6.7747930e+06   6.9824219e+01
   6.7883850e+06   3.7170410e+01
   6.7923940e+06   3.8513184e+01
   6.7971850e+06   3.6071777e+01
   6.8005510e+06   3.8269043e+01
   6.8006150e+06   3.5705566e+01
   6.8031920e+06   4.1442871e+01
   6.8103130e+06   4.6936035e+01
   6.8155170e+06   3.6865234e+01
   6.8350030e+06   3.5339355e+01
   6.8411320e+06   4.1198730e+01
   6.8487640e+06   3.9916992e+01
   6.8552670e+06   4.0710449e+01
   6.8603450e+06   3.5339355e+01
   6.8677320e+06   3.7902832e+01
   6.8749800e+06   4.1442871e+01
   6.8788610e+06   4.1381836e+01
   6.8895920e+06   4.2114258e+01
   6.9059760e+06   4.0466309e+01
   6.9107700e+06   4.0893555e+01
   6.9149940e+06   3.5461426e+01
   6.9208170e+06   3.7719727e+01
   6.9237890e+06   5.9753418e+01
   6.9238830e+06   3.9001465e+01
   6.9284670e+06   4.1015625e+01
   6.9332300e+06   7.4218750e+01
   6.9333720e+06   3.5644531e+01
   6.9392620e+06   3.9855957e+01
   6.9435150e+06   3.7475586e+01
   6.9478870e+06   3.8818359e+01
   6.9501030e+06   3.6682129e+01
   6.9530150e+06   3.6254883e+01
   6.9648990e+06   3.6437988e+01
   6.9727590e+06   4.0161133e+01
   6.9859440e+06   3.5522461e+01
   6.9910510e+06   3.6499023e+01
   6.9970850e+06   3.6987305e+01
   7.0039770e+06   3.6437988e+01
   7.0278120e+06   3.8757324e+01
   7.0366200e+06   3.5583496e+01
   7.0477690e+06   3.7109375e+01
   7.0494970e+06   4.3945312e+01
   7.0517370e+06   4.0893555e+01
   7.0544370e+06   4.5043945e+01
   7.0597640e+06   3.5339355e+01
   7.0605620e+06   6.7749023e+01
   7.0609770e+06   4.3457031e+01
   7.0675740e+06   3.8391113e+01
   7.0735340e+06   4.1076660e+01
   7.0776930e+06   3.8269043e+01
   7.0800180e+06   4.2724609e+01
   7.0824190e+06   3.5583496e+01
   7.0851610e+06   3.7841797e+01
   7.0902850e+06   3.6865234e+01
   7.1048430e+06   4.7302246e+01
   7.1079270e+06   3.9428711e+01
   7.1080980e+06   3.7170410e+01
   7.1117260e+06   3.9062500e+01
   7.1190700e+06   5.9143066e+01
   7.1207850e+06   3.6987305e+01
   7.1240130e+06   6.7443848e+01
   7.1241190e+06   3.5705566e+01
   7.1275230e+06   3.9184570e+01
   7.1344380e+06   3.5888672e+01
   7.1397290e+06   3.5705566e+01
   7.1430990e+06   6.8237305e+01
   7.1459760e+06   3.5339355e+01
   7.1577780e+06   4.4433594e+01
   7.1614890e+06   5.5603027e+01
   7.1624030e+06   4.6203613e+01
   7.1758990e+06   3.8269043e+01
   7.1791900e+06   3.5583496e+01
   7.1876130e+06   3.9001465e+01
   7.1943810e+06   3.6437988e+01
   7.1987420e+06   3.9062500e+01
   7.2000240e+06   4.3212891e+01
   7.2015390e+06   4.0161133e+01
   7.2045390e+06   4.1320801e+01
   7.2102390e+06   5.9509277e+01
   7.2140290e+06   3.8330078e+01
   7.2167750e+06   7.1166992e+01
   7.2195110e+06   3.9611816e+01
   7.2276230e+06   3.8574219e+01
   7.2314980e+06   3.8574219e+01
   7.2387610e+06   3.7048340e+01
   7.2393210e+06   3.6193848e+01
   7.2493710e+06   3.9062500e+01
   7.2518970e+06   3.7780762e+01
   7.2565130e+06   3.5522461e+01
   7.2644550e+06   6.3354492e+01
   7.2658520e+06   3.6743164e+01
   7.2703860e+06   3.7170410e+01
   7.2722960e+06   3.8635254e+01
   7.2743620e+06   3.6315918e+01
   7.2904080e+06   3.8146973e+01
   7.2910560e+06   6.9091797e+01
   7.2946290e+06   3.6254883e+01
   7.2962260e+06   7.3303223e+01
   7.3023920e+06   3.5949707e+01
   7.3046350e+06   3.5705566e+01
   7.3090520e+06   3.5339355e+01
   7.3116760e+06   3.7292480e+01
   7.3141000e+06   3.7353516e+01
   7.3175400e+06   6.7810059e+01
   7.3203120e+06   3.7231445e+01
   7.3248810e+06   4.2602539e+01
   7.3401370e+06   4.0405273e+01
   7.3411150e+06   3.7963867e+01
   7.3446130e+06   6.5490723e+01
   7.3446660e+06   3.8024902e+01
   7.3477330e+06   3.6193848e+01
   7.3527320e+06   3.6804199e+01
   7.3624090e+06   3.5400391e+01
   7.3702450e+06   3.6437988e+01
   7.3705700e+06   3.6926270e+01
   7.3724040e+06   3.6743164e+01
   7.3760810e+06   3.6132812e+01
   7.3781220e+06   3.5583496e+01
   7.3850600e+06   3.8452148e+01
   7.3888740e+06   4.5043945e+01
   7.3985060e+06   3.6010742e+01
   7.3988440e+06   7.0556641e+01
   7.4021610e+06   3.7902832e+01
   7.4079920e+06   6.5734863e+01
   7.4100710e+06   3.8574219e+01
   7.4165380e+06   3.6499023e+01
   7.4197060e+06   3.9245605e+01
   7.4237860e+06   3.6621094e+01
   7.4240560e+06   6.6589355e+01
   7.4327440e+06   3.9001465e+01
   7.4356860e+06   3.7292480e+01
   7.4385200e+06   3.8208008e+01
   7.4449100e+06   3.7109375e+01
   7.4491480e+06   4.1198730e+01
   7.4507510e+06   3.6804199e+01
   7.4573270e+06   3.7963867e+01
   7.4589160e+06   6.1706543e+01
   7.4648000e+06   4.1137695e+01
   7.4681220e+06   4.6142578e+01
   7.4699620e+06   4.1992188e+01
   7.4740070e+06   4.3457031e+01
   7.4749070e+06   4.1809082e+01
   7.4793830e+06   3.6437988e+01
   7.4801950e+06   3.8146973e+01
   7.4826560e+06   3.8146973e+01
   7.4854520e+06   3.7536621e+01
   7.4883810e+06   3.9672852e+01
   7.4925950e+06   3.6315918e+01
   7.5043250e+06   3.7902832e+01
   7.5069160e+06   7.8430176e+01
   7.5090190e+06   3.8696289e+01
   7.5209800e+06   3.6621094e+01
   7.5235870e+06   3.6010742e+01
   7.5264750e+06   6.7749023e+01
   7.5267920e+06   4.1137695e+01
   7.5378070e+06   6.1035156e+01
   7.5392150e+06   3.9062500e+01
   7.5421990e+06   3.6987305e+01
   7.5474780e+06   3.5644531e+01
   7.5493780e+06   3.5461426e+01
   7.5502180e+06   6.0058594e+01
   7.5538760e+06   3.7353516e+01
   7.5558030e+06   4.2175293e+01
   7.5570070e+06   3.8391113e+01
   7.5593710e+06   4.6447754e+01
   7.5632460e+06   6.3842773e+01
   7.5725940e+06   3.9733887e+01
   7.5726310e+06   4.1259766e+01
   7.5726610e+06   5.7006836e+01
   7.5726720e+06   6.3720703e+01
   7.5726990e+06   8.0261230e+01
   7.5727270e+06   4.7607422e+01
   7.5727420e+06   6.6955566e+01
   7.5727740e+06   8.1115723e+01
   7.5727860e+06   9.7229004e+01
   7.5727970e+06   1.2158203e+02
   7.5728410e+06   3.5949707e+01
   7.5728760e+06   4.5898438e+01
   7.5728980e+06   6.6711426e+01
   7.5729250e+06   4.9377441e+01
   7.5729640e+06   4.6691895e+01
   7.5729990e+06   4.6081543e+01
   7.5730110e+06   3.8513184e+01
   7.5730270e+06   4.1564941e+01
   7.5730680e+06   8.5937500e+01
   7.5730840e+06   4.6142578e+01
   7.5731720e+06   7.5439453e+01
   7.5732090e+06   5.2856445e+01
   7.5732300e+06   3.6437988e+01
   7.5732610e+06   6.0241699e+01
   7.5732950e+06   3.8330078e+01
   7.5733120e+06   3.9306641e+01
   7.5733370e+06   6.3720703e+01
   7.5734080e+06   3.8085938e+01
   7.5734340e+06   3.5827637e+01
   7.5734710e+06   5.9387207e+01
   7.5735270e+06   5.2429199e+01
   7.5736530e+06   6.1279297e+01
   7.5736770e+06   4.5776367e+01
   7.5737400e+06   3.7963867e+01
   7.5737950e+06   6.8298340e+01
   7.5738470e+06   4.9316406e+01
   7.5739230e+06   5.1757812e+01
   7.5740240e+06   4.1198730e+01
   7.5740750e+06   5.2673340e+01
   7.5740940e+06   6.8359375e+01
   7.5741660e+06   4.1442871e+01
   7.5741910e+06   6.4331055e+01
   7.5744090e+06   5.3344727e+01
   7.5745850e+06   4.0771484e+01
   7.5746360e+06   3.6560059e+01
   7.5746870e+06   7.1228027e+01
   7.5749060e+06   4.6508789e+01
   7.5749600e+06   4.3029785e+01
   7.5750190e+06   4.5471191e+01
   7.5751960e+06   4.6508789e+01
   7.5752500e+06   4.4067383e+01
   7.5752930e+06   3.5583496e+01
   7.5764230e+06   3.8574219e+01
   7.5771050e+06   4.1687012e+01
   7.5774780e+06   3.9794922e+01
   7.5779870e+06   3.7597656e+01
   7.5788070e+06   3.7963867e+01
   7.5814560e+06   3.6315918e+01
   7.5814870e+06   3.5583496e+01
   7.5822580e+06   5.6579590e+01
   7.5823300e+06   4.2114258e+01
   7.5823930e+06   4.1564941e+01
   7.5824080e+06   4.4067383e+01
   7.5824400e+06   4.1137695e+01
   7.5824600e+06   3.5644531e+01
   7.5824800e+06   3.7109375e+01
   7.5824980e+06   5.7739258e+01
   7.5825300e+06   4.4372559e+01
   7.5825540e+06   4.2541504e+01
   7.5825950e+06   4.0344238e+01
   7.5826070e+06   5.8837891e+01
   7.5826230e+06   4.2785645e+01
   7.5826930e+06   3.6804199e+01
   7.5827130e+06   3.7475586e+01
   7.5827560e+06   5.6335449e+01
   7.5827880e+06   6.4025879e+01
   7.5828050e+06   5.9753418e+01
   7.5828670e+06   4.2297363e+01
   7.5829120e+06   4.7729492e+01
   7.5829280e+06   7.0861816e+01
   7.5829410e+06   4.2724609e+01
   7.5829770e+06   3.5522461e+01
   7.5830230e+06   4.0283203e+01
   7.5830640e+06   5.7006836e+01
   7.5830820e+06   4.0893555e+01
   7.5831110e+06   6.2438965e+01
   7.5831220e+06   3.5583496e+01
   7.5831470e+06   4.8767090e+01
   7.5832940e+06   5.3710938e+01
   7.5833250e+06   6.4086914e+01
   7.5833470e+06   6.2255859e+01
   7.5833920e+06   4.5776367e+01
   7.5834240e+06   4.8706055e+01
   7.5834610e+06   4.0588379e+01
   7.5834880e+06   3.7170410e+01
   7.5835060e+06   3.7231445e+01
   7.5835180e+06   3.5644531e+01
   7.5835680e+06   6.0791016e+01
   7.5835800e+06   3.8024902e+01
   7.5836810e+06   3.6499023e+01
   7.5837190e+06   5.4565430e+01
   7.5837780e+06   6.6589355e+01
   7.5838020e+06   3.5766602e+01
   7.5839120e+06   7.0373535e+01
   7.5841910e+06   3.7048340e+01
   7.5842590e+06   4.3090820e+01
   7.5843240e+06   4.9072266e+01
   7.5845080e+06   3.7963867e+01
   7.5845510e+06   5.8532715e+01
   7.5846180e+06   3.9855957e+01
   7.5847450e+06   6.9885254e+01
   7.5850510e+06   5.3833008e+01
   7.5851590e+06   4.1381836e+01
   7.5854400e+06   4.9255371e+01
   7.5856340e+06   5.1513672e+01
   7.5864620e+06   4.9011230e+01
   7.5869840e+06   5.5847168e+01
   7.5876210e+06   5.5969238e+01
   7.5881800e+06   5.4382324e+01
   7.6048600e+06   5.2917480e+01
   7.6089410e+06   7.4707031e+01
   7.6103770e+06   3.7780762e+01
   7.6162320e+06   6.2622070e+01
   7.6249270e+06   3.8085938e+01
   7.6252180e+06   3.7780762e+01
   7.6277600e+06   4.0344238e+01
   7.6321930e+06   3.7109375e+01
   7.6356680e+06   4.2358398e+01
   7.6373040e+06   6.3476563e+01
   7.6505390e+06   3.9184570e+01
   7.6519730e+06   3.5400391e+01
   7.6526130e+06   3.6193848e+01
   7.6560550e+06   3.6804199e+01
   7.6582600e+06   3.9001465e+01
   7.6633550e+06   4.1259766e+01
   7.6693300e+06   4.1625977e+01
   7.6705220e+06   6.4086914e+01
   7.6723370e+06   3.6926270e+01
   7.6742770e+06   3.6926270e+01
   7.6795370e+06   4.2236328e+01
   7.6850280e+06   4.0649414e+01
   7.6863250e+06   3.8696289e+01
   7.6884200e+06   5.8288574e+01
   7.6896780e+06   3.6132812e+01
   7.6902760e+06   4.3029785e+01
   7.6954610e+06   3.6987305e+01
   7.7002010e+06   3.5583496e+01
   7.7018860e+06   3.5888672e+01
   7.7019880e+06   3.9367676e+01
   7.7026980e+06   4.3518066e+01
   7.7099530e+06   3.6193848e+01
   7.7210980e+06   3.8940430e+01
   7.7248410e+06   3.7536621e+01
   7.7280980e+06   4.1076660e+01
   7.7301750e+06   3.7109375e+01
   7.7376910e+06   4.0710449e+01
   7.7434730e+06   3.8208008e+01
   7.7487800e+06   3.5827637e+01
   7.7527400e+06   4.6386719e+01
   7.7568290e+06   3.8879395e+01
   7.7606980e+06   3.7902832e+01
   7.7612810e+06   4.3090820e+01
   7.7644220e+06   4.0649414e+01
   7.7676440e+06   3.8818359e+01
   7.7814340e+06   3.6376953e+01
   7.7892200e+06   4.2419434e+01
   7.7925570e+06   3.8696289e+01
   7.7977990e+06   3.6499023e+01
   7.8003140e+06   3.7170410e+01
   7.8057660e+06   4.0832520e+01
   7.8109370e+06   3.8085938e+01
   7.8175170e+06   3.6010742e+01
   7.8250370e+06   3.5522461e+01
   7.8256870e+06   3.6865234e+01
   7.8284960e+06   4.2175293e+01
   7.8384820e+06   3.7902832e+01
   7.8395130e+06   5.5908203e+01
   7.8485860e+06   3.6926270e+01
   7.8605950e+06   3.7109375e+01
   7.8801670e+06   4.0283203e+01
   7.8811540e+06   4.0893555e+01
   7.8837830e+06   3.8635254e+01
   7.8948770e+06   3.8940430e+01
   7.8952720e+06   3.6254883e+01
   7.9010750e+06   4.1198730e+01
   7.9044570e+06   4.1015625e+01
   7.9075950e+06   4.2785645e+01
   7.9139510e+06   3.8513184e+01
   7.9157610e+06   3.8879395e+01
   7.9211180e+06   3.7414551e+01
   7.9250790e+06   4.1687012e+01
   7.9384290e+06   4.0222168e+01
   7.9387370e+06   4.3090820e+01
   7.9426410e+06   4.8278809e+01
   7.9454190e+06   4.2419434e+01
   7.9478820e+06   5.7434082e+01
   7.9562930e+06   3.6621094e+01
   7.9624450e+06   3.6254883e+01
   7.9675900e+06   3.7170410e+01
   7.9712250e+06   3.5400391e+01
   7.9777980e+06   3.9611816e+01
   7.9859820e+06   5.6518555e+01
   7.9914880e+06   3.7475586e+01
   7.9960100e+06   3.9428711e+01
   8.0019780e+06   3.6437988e+01
   8.0030350e+06   3.8757324e+01
   8.0043600e+06   3.9916992e+01
   8.0123840e+06   4.2907715e+01
   8.0148420e+06   3.5461426e+01
   8.0177090e+06   3.6193848e+01
   8.0220450e+06   3.5644531e+01
   8.0288820e+06   4.1687012e+01
   8.0377520e+06   4.6386719e+01
   8.0391190e+06   3.6315918e+01
   8.0503100e+06   3.5644531e+01
   8.0529400e+06   3.7109375e+01
   8.0543910e+06   4.0344238e+01
   8.0591860e+06   3.6071777e+01
   8.0639540e+06   3.6010742e+01
   8.0693210e+06   3.5461426e+01
   8.0732850e+06   3.8879395e+01
   8.0737890e+06   3.7292480e+01
   8.0792010e+06   4.2907715e+01
   8.0941560e+06   3.7475586e+01
   8.0967910e+06   3.5705566e+01
   8.1040490e+06   4.3701172e+01
   8.1095660e+06   3.9123535e+01
   8.1135940e+06   3.9428711e+01
   8.1175930e+06   3.5583496e+01
   8.1182610e+06   4.1076660e+01
   8.1236970e+06   6.2866211e+01
   8.1240130e+06   3.7536621e+01
   8.1323210e+06   3.8024902e+01
   8.1394800e+06   3.9794922e+01
   8.1454460e+06   4.0771484e+01
   8.1484920e+06   5.0231934e+01
   8.1554860e+06   3.5766602e+01
   8.1601340e+06   4.1503906e+01
   8.1634670e+06   4.2602539e+01
   8.1668210e+06   3.9184570e+01
   8.1696800e+06   4.2114258e+01
   8.1734560e+06   3.8757324e+01
   8.1766160e+06   3.8879395e+01
   8.1797740e+06   7.7758789e+01
   8.1916880e+06   3.9062500e+01
   8.2014940e+06   3.6926270e+01
   8.2045190e+06   3.6865234e+01
   8.2117030e+06   3.8391113e+01
   8.2183140e+06   3.8208008e+01
   8.2229400e+06   4.2297363e+01
   8.2268170e+06   4.3457031e+01
   8.2299320e+06   3.5583496e+01
   8.2305170e+06   4.6203613e+01
   8.2327490e+06   3.7353516e+01
   8.2387580e+06   3.7353516e+01
   8.2455400e+06   3.6560059e+01
   8.2473110e+06   7.3303223e+01
   8.2544470e+06   3.8574219e+01
   8.2593270e+06   3.5827637e+01
   8.2596700e+06   3.9184570e+01
   8.2627640e+06   6.8603516e+01
   8.2671210e+06   3.6621094e+01
   8.2688570e+06   3.7353516e+01
   8.2697830e+06   3.6804199e+01
   8.2769670e+06   3.5949707e+01
   8.2781450e+06   3.6315918e+01
   8.2803890e+06   3.7902832e+01
   8.2834090e+06   3.8757324e+01
   8.2866110e+06   3.7597656e+01
   8.2908970e+06   6.4941406e+01
   8.2991910e+06   3.6437988e+01
   8.3003370e+06   3.6560059e+01
   8.3060910e+06   3.6376953e+01
   8.3181480e+06   3.5644531e+01
   8.3216280e+06   3.5400391e+01
   8.3244170e+06   4.1137695e+01
   8.3273970e+06   3.7597656e+01
   8.3308700e+06   3.6071777e+01
   8.3332550e+06   3.8330078e+01
   8.3334090e+06   3.7475586e+01
   8.3443230e+06   3.9184570e+01
   8.3466780e+06   7.0495605e+01
   8.3487490e+06   3.9855957e+01
   8.3518320e+06   4.3151855e+01
   8.3528630e+06   3.5522461e+01
   8.3531690e+06   5.1940918e+01
   8.3557850e+06   3.7536621e+01
   8.3584830e+06   3.7231445e+01
   8.3585510e+06   3.6743164e+01
   8.3612250e+06   4.4677734e+01
   8.3652310e+06   3.7170410e+01
   8.3745210e+06   3.9062500e+01
   8.3815650e+06   6.1157227e+01
   8.3849560e+06   4.1381836e+01
   8.3977950e+06   3.5949707e+01
   8.4019650e+06   3.6437988e+01
   8.4040310e+06   3.9978027e+01
   8.4098420e+06   3.7414551e+01
   8.4136300e+06   5.6884766e+01
   8.4197870e+06   3.6315918e+01
   8.4323910e+06   5.8837891e+01
   8.4338000e+06   3.9306641e+01
   8.4361040e+06   3.9550781e+01
   8.4465160e+06   3.6132812e+01
   8.4557880e+06   6.3232422e+01
   8.4613890e+06   3.8574219e+01
   8.4658220e+06   6.6528320e+01
   8.4674590e+06   3.9733887e+01
   8.4773210e+06   4.1748047e+01
   8.4852090e+06   3.7536621e+01
   8.4907580e+06   4.4250488e+01
   8.4946810e+06   3.5522461e+01
   8.5048070e+06   3.7170410e+01
   8.5061460e+06   4.0466309e+01
   8.5071820e+06   5.9692383e+01
   8.5164450e+06   3.5461426e+01
   8.5169760e+06   3.9184570e+01
   8.5184890e+06   6.5551758e+01
   8.5219900e+06   3.8085938e+01
   8.5310160e+06   3.6254883e+01
   8.5325960e+06   6.4453125e+01
   8.5391440e+06   4.3090820e+01
   8.5393330e+06   4.4250488e+01
   8.5427280e+06   3.8208008e+01
   8.5459260e+06   3.6743164e+01
   8.5528830e+06   6.4575195e+01
   8.5539890e+06   3.6560059e+01
   8.5697840e+06   4.2053223e+01
   8.5717630e+06   3.7536621e+01
   8.5753970e+06   3.6682129e+01
   8.5782540e+06   4.2358398e+01
   8.5814700e+06   3.9672852e+01
   8.5847770e+06   6.6833496e+01
   8.5886560e+06   3.5949707e+01
   8.5909300e+06   3.6376953e+01
   8.5946870e+06   3.9489746e+01
   8.6027600e+06   3.5949707e+01
   8.6048240e+06   6.3598633e+01
   8.6072080e+06   3.5339355e+01
   8.6093100e+06   4.0527344e+01
   8.6104190e+06   6.1035156e+01
   8.6116400e+06   3.6437988e+01
   8.6135170e+06   4.6630859e+01
   8.6135550e+06   5.8227539e+01
   8.6135980e+06   3.8635254e+01
   8.6136200e+06   9.6801758e+01
   8.6136330e+06   8.7158203e+01
   8.6136720e+06   5.3710938e+01
   8.6136890e+06   5.4138184e+01
   8.6137130e+06   7.6049805e+01
   8.6137440e+06   6.8908691e+01
   8.6137600e+06   6.9030762e+01
   8.6137830e+06   4.1259766e+01
   8.6138010e+06   3.8513184e+01
   8.6138150e+06   6.3537598e+01
   8.6138320e+06   7.7880859e+01
   8.6138560e+06   5.3588867e+01
   8.6138720e+06   4.6508789e+01
   8.6139030e+06   4.7424316e+01
   8.6139260e+06   6.2072754e+01
   8.6139360e+06   4.0771484e+01
   8.6139570e+06   4.3884277e+01
   8.6140000e+06   3.9184570e+01
   8.6140210e+06   6.0791016e+01
   8.6140470e+06   4.8522949e+01
   8.6140960e+06   5.4443359e+01
   8.6141230e+06   3.7780762e+01
   8.6141510e+06   4.4799805e+01
   8.6141690e+06   3.8024902e+01
   8.6142100e+06   3.7231445e+01
   8.6142280e+06   6.0241699e+01
   8.6142400e+06   3.8940430e+01
   8.6142660e+06   3.6071777e+01
   8.6143320e+06   4.9194336e+01
   8.6143690e+06   4.1503906e+01
   8.6144400e+06   3.8208008e+01
   8.6144960e+06   4.7241211e+01
   8.6145120e+06   5.3222656e+01
   8.6145730e+06   4.0039062e+01
   8.6146510e+06   3.8696289e+01
   8.6147820e+06   4.6203613e+01
   8.6148900e+06   3.8757324e+01
   8.6149450e+06   6.0668945e+01
   8.6149700e+06   3.5339355e+01
   8.6149820e+06   3.8452148e+01
   8.6150380e+06   5.5603027e+01
   8.6150990e+06   3.9123535e+01
   8.6152000e+06   6.6528320e+01
   8.6152300e+06   4.7424316e+01
   8.6153650e+06   3.9916992e+01
   8.6154540e+06   3.6193848e+01
   8.6154910e+06   3.7292480e+01
   8.6155580e+06   4.4921875e+01
   8.6156800e+06   4.0100098e+01
   8.6157120e+06   3.8879395e+01
   8.6157670e+06   6.2011719e+01
   8.6158010e+06   3.9306641e+01
   8.6159660e+06   4.3884277e+01
   8.6161330e+06   6.8603516e+01
   8.6162080e+06   3.6987305e+01
   8.6163320e+06   5.8898926e+01
   8.6164370e+06   3.9855957e+01
   8.6169090e+06   3.9306641e+01
   8.6171690e+06   4.0100098e+01
   8.6174730e+06   3.5583496e+01
   8.6178440e+06   4.3273926e+01
   8.6215860e+06   5.9753418e+01
   8.6225530e+06   4.0100098e+01
   8.6225760e+06   3.5644531e+01
   8.6230070e+06   3.6499023e+01
   8.6232790e+06   3.7780762e+01
   8.6232940e+06   7.9589844e+01
   8.6233200e+06   5.9753418e+01
   8.6233390e+06   6.9580078e+01
   8.6233510e+06   3.6499023e+01
   8.6234170e+06   4.3273926e+01
   8.6234600e+06   6.7565918e+01
   8.6235450e+06   4.3701172e+01
   8.6235570e+06   4.6997070e+01
   8.6235780e+06   5.0415039e+01
   8.6236740e+06   6.1035156e+01
   8.6237430e+06   7.2448730e+01
   8.6237550e+06   6.5124512e+01
   8.6237870e+06   5.0170898e+01
   8.6238230e+06   3.6437988e+01
   8.6238350e+06   5.2551270e+01
   8.6238570e+06   6.8481445e+01
   8.6238900e+06   3.6132812e+01
   8.6239150e+06   3.6682129e+01
   8.6239370e+06   4.9621582e+01
   8.6239470e+06   3.5766602e+01
   8.6240140e+06   5.3710938e+01
   8.6240410e+06   4.4067383e+01
   8.6240640e+06   4.8095703e+01
   8.6240810e+06   5.1330566e+01
   8.6241270e+06   4.1564941e+01
   8.6241720e+06   5.7922363e+01
   8.6241950e+06   4.8583984e+01
   8.6242090e+06   4.2175293e+01
   8.6242560e+06   4.0832520e+01
   8.6242770e+06   6.2744141e+01
   8.6243270e+06   3.6499023e+01
   8.6243820e+06   6.4453125e+01
   8.6244310e+06   5.4992676e+01
   8.6244690e+06   4.9926758e+01
   8.6245540e+06   8.5266113e+01
   8.6246140e+06   6.8176270e+01
   8.6247610e+06   3.5583496e+01
   8.6247830e+06   4.0222168e+01
   8.6248080e+06   5.0354004e+01
   8.6248940e+06   6.1462402e+01
   8.6249480e+06   5.5664062e+01
   8.6249810e+06   3.6437988e+01
   8.6251300e+06   5.8410645e+01
   8.6253410e+06   6.3903809e+01
   8.6253920e+06   4.3457031e+01
   8.6254550e+06   3.7536621e+01
   8.6255510e+06   5.8105469e+01
   8.6257120e+06   3.9123535e+01
   8.6259910e+06   4.6325684e+01
   8.6264170e+06   5.2673340e+01
   8.6266900e+06   6.0668945e+01
   8.6271340e+06   3.5766602e+01
   8.6273100e+06   5.5236816e+01
   8.6315740e+06   6.5063477e+01
   8.6321840e+06   5.7373047e+01
   8.6409620e+06   6.7016602e+01
   8.6442710e+06   5.7678223e+01
   8.6491470e+06   5.7922363e+01
   8.6569050e+06   6.0974121e+01
   8.6581160e+06   3.8330078e+01
   8.6630470e+06   6.5063477e+01
   8.6646170e+06   3.7902832e+01
   8.6684550e+06   6.0913086e+01
   8.6762580e+06   6.5063477e+01
   8.6766380e+06   3.7841797e+01
   8.6779690e+06   3.8513184e+01
   8.6789420e+06   6.2133789e+01
   8.6817970e+06   3.8574219e+01
   8.6846250e+06   3.7658691e+01
   8.6851830e+06   6.7626953e+01
   8.6920980e+06   6.6101074e+01
   8.6927510e+06   3.9062500e+01
   8.6960280e+06   5.2856445e+01
   8.6966040e+06   4.2358398e+01
   8.6990970e+06   3.6621094e+01
   8.7016090e+06   4.9133301e+01
   8.7022340e+06   4.2175293e+01
   8.7043820e+06   3.8146973e+01
   8.7099610e+06   4.1015625e+01
   8.7136010e+06   6.4941406e+01
   8.7157930e+06   3.5339355e+01
   8.7174510e+06   3.7170410e+01
   8.7258440e+06   3.7780762e+01
   8.7301280e+06   3.7597656e+01
   8.7320270e+06   3.5766602e+01
   8.7352520e+06   3.8085938e+01
   8.7388700e+06   6.4514160e+01
   8.7414720e+06   4.1076660e+01
   8.7450250e+06   4.3457031e+01
   8.7529680e+06   4.0588379e+01
   8.7576070e+06   3.7841797e+01
   8.7616130e+06   4.2114258e+01
   8.7655170e+06   3.6376953e+01
   8.7706670e+06   4.2114258e+01
   8.7747180e+06   3.8085938e+01
   8.7777730e+06   5.8593750e+01
   8.7786720e+06   3.5583496e+01
   8.7819840e+06   3.6987305e+01
   8.7850950e+06   3.7597656e+01
   8.7905460e+06   3.5827637e+01
   8.7930770e+06   4.2907715e+01
   8.7997940e+06   3.7353516e+01
   8.8054510e+06   4.0649414e+01
   8.8084420e+06   5.8654785e+01
   8.8115860e+06   3.7170410e+01
   8.8164400e+06   3.6132812e+01
   8.8201750e+06   3.5583496e+01
   8.8262500e+06   3.8818359e+01
   8.8282150e+06   3.9428711e+01
   8.8304560e+06   3.7902832e+01
   8.8388250e+06   3.5339355e+01
   8.8415160e+06   3.6437988e+01
   8.8521500e+06   3.5949707e+01
   8.8581460e+06   4.0527344e+01
   8.8616260e+06   3.6926270e+01
   8.8657140e+06   3.6926270e+01
   8.8660260e+06   3.8330078e+01
   8.8701040e+06   4.0466309e+01
   8.8736550e+06   5.8593750e+01
   8.8758110e+06   3.7536621e+01
   8.8765670e+06   4.0283203e+01
   8.8774780e+06   3.6193848e+01
   8.8810010e+06   3.6682129e+01
   8.8825060e+06   3.8940430e+01
   8.8895570e+06   5.4931641e+01
   8.8969190e+06   4.7668457e+01
   8.8975900e+06   3.7475586e+01
   8.9029610e+06   5.1208496e+01
   8.9085340e+06   3.8269043e+01
   8.9104160e+06   3.8085938e+01
   8.9112990e+06   3.8452148e+01
   8.9131160e+06   3.6926270e+01
   8.9147270e+06   6.7749023e+01
   8.9166860e+06   3.8391113e+01
   8.9225860e+06   4.5104980e+01
   8.9253410e+06   4.8583984e+01
   8.9277130e+06   5.5847168e+01
   8.9373310e+06   3.7292480e+01
   8.9411370e+06   3.6010742e+01
   8.9428180e+06   4.1137695e+01
   8.9483760e+06   4.0100098e+01
   8.9533310e+06   3.9062500e+01
   8.9540220e+06   4.3945313e+01
   8.9621970e+06   3.6254883e+01
   8.9658620e+06   4.0588379e+01
   8.9675160e+06   6.8237305e+01
   8.9714560e+06   3.9428711e+01
   8.9744930e+06   3.7353516e+01
   8.9778850e+06   6.8176270e+01
   8.9803820e+06   4.5837402e+01
   8.9813380e+06   4.1076660e+01
   8.9857920e+06   3.7536621e+01
   8.9863350e+06   3.6010742e+01
   8.9897620e+06   3.6804199e+01
   8.9951710e+06   4.0161133e+01
