   8.9970000e+06   0.0000000e+00
   7.0562000e+04   3.6376953e+01
   5.8180600e+05   3.7536621e+01
   6.4057700e+05   6.4331055e+01
   7.0761000e+05   3.7414551e+01
   7.5699400e+05   7.4279785e+01
   1.1744150e+06   4.1137695e+01
   1.1811460e+06   8.3251953e+01
   1.2025360e+06   6.5429688e+01
   1.2026130e+06   7.1716309e+01
   1.2026380e+06   3.8757324e+01
   1.2026720e+06   6.6711426e+01
   1.2026840e+06   5.2307129e+01
   1.2027100e+06   1.3037109e+02
   1.2027370e+06   6.8298340e+01
   1.2027490e+06   9.2956543e+01
   1.2027780e+06   6.2744141e+01
   1.2027970e+06   4.5471191e+01
   1.2028310e+06   4.2724609e+01
   1.2028610e+06   6.5673828e+01
   1.2028870e+06   4.1992188e+01
   1.2029030e+06   6.3781738e+01
   1.2029240e+06   4.4860840e+01
   1.2029630e+06   6.5551758e+01
   1.2029740e+06   3.5766602e+01
   1.2030080e+06   4.4677734e+01
   1.2030360e+06   6.9030762e+01
   1.2030630e+06   3.5339355e+01
   1.2030990e+06   3.7231445e+01
   1.2031480e+06   5.3527832e+01
   1.2031640e+06   5.8654785e+01
   1.2032360e+06   5.8105469e+01
   1.2032650e+06   4.9316406e+01
   1.2032900e+06   5.4565430e+01
   1.2033650e+06   3.6315918e+01
   1.2034340e+06   4.1198730e+01
   1.2034530e+06   4.5410156e+01
   1.2034940e+06   3.6804199e+01
   1.2035470e+06   4.2419434e+01
   1.2035800e+06   5.7983398e+01
   1.2036580e+06   4.9926758e+01
   1.2036900e+06   4.0832520e+01
   1.2038180e+06   3.6254883e+01
   1.2038350e+06   4.9743652e+01
   1.2038610e+06   4.3701172e+01
   1.2038780e+06   3.8146973e+01
   1.2039360e+06   4.3090820e+01
   1.2039870e+06   3.7048340e+01
   1.2040540e+06   4.6203613e+01
   1.2041720e+06   5.7373047e+01
   1.2042980e+06   7.4462891e+01
   1.2044450e+06   7.7575684e+01
   1.2044830e+06   4.2236328e+01
   1.2046170e+06   4.8278809e+01
   1.2047070e+06   3.7780762e+01
   1.2047250e+06   3.6682129e+01
   1.2047410e+06   3.5278320e+01
   1.2047810e+06   4.5410156e+01
   1.2048810e+06   4.2907715e+01
   1.2049470e+06   4.3273926e+01
   1.2050990e+06   3.6804199e+01
   1.2051380e+06   5.2368164e+01
   1.2052930e+06   3.5400391e+01
   1.2053370e+06   6.9335938e+01
   1.2053720e+06   5.4199219e+01
   1.2055750e+06   4.5410156e+01
   1.2055950e+06   5.8715820e+01
   1.2057140e+06   5.1940918e+01
   1.2058120e+06   5.7128906e+01
   1.2059330e+06   4.3579102e+01
   1.2060040e+06   4.1198730e+01
   1.2063280e+06   4.3518066e+01
   1.2065050e+06   5.2124023e+01
   1.2065520e+06   5.4626465e+01
   1.2067380e+06   4.7119141e+01
   1.2069130e+06   5.4504395e+01
   1.2071860e+06   4.4982910e+01
   1.2072090e+06   3.8818359e+01
   1.2077820e+06   5.1147461e+01
   1.2078030e+06   4.1381836e+01
   1.2082900e+06   5.1208496e+01
   1.2083090e+06   4.0527344e+01
   1.2089060e+06   4.4067383e+01
   1.2089330e+06   4.0588379e+01
   1.2095420e+06   5.9326172e+01
   1.2095700e+06   4.1015625e+01
   1.2102780e+06   5.9997559e+01
   1.2103070e+06   4.3701172e+01
   1.2106840e+06   5.5175781e+01
   1.2108950e+06   4.1015625e+01
   1.2110600e+06   6.1035156e+01
   1.2110720e+06   6.3476563e+01
   1.2110870e+06   5.2062988e+01
   1.2113730e+06   5.7922363e+01
   1.2115260e+06   7.5622559e+01
   1.2115890e+06   5.9570312e+01
   1.2116110e+06   3.5217285e+01
   1.2116420e+06   4.7058105e+01
   1.2116590e+06   4.0649414e+01
   1.2117650e+06   4.9316406e+01
   1.2118410e+06   3.8696289e+01
   1.2118950e+06   4.3640137e+01
   1.2119710e+06   5.9875488e+01
   1.2119870e+06   4.7912598e+01
   1.2120610e+06   4.8706055e+01
   1.2120760e+06   3.7719727e+01
   1.2121220e+06   4.5104980e+01
   1.2121340e+06   4.6264648e+01
   1.2121620e+06   7.0251465e+01
   1.2122580e+06   3.5461426e+01
   1.2122850e+06   5.6579590e+01
   1.2123430e+06   5.5236816e+01
   1.2123700e+06   5.3283691e+01
   1.2124420e+06   3.6071777e+01
   1.2124630e+06   4.5776367e+01
   1.2124970e+06   3.8635254e+01
   1.2125120e+06   6.1523438e+01
   1.2125330e+06   4.2114258e+01
   1.2125720e+06   4.2602539e+01
   1.2125880e+06   3.9611816e+01
   1.2126240e+06   5.4687500e+01
   1.2126730e+06   6.3720703e+01
   1.2127200e+06   5.2368164e+01
   1.2127850e+06   5.2429199e+01
   1.2128080e+06   5.6823730e+01
   1.2128890e+06   4.3395996e+01
   1.2129110e+06   3.5156250e+01
   1.2129570e+06   9.3017578e+01
   1.2129750e+06   3.6682129e+01
   1.2130860e+06   4.7058105e+01
   1.2131520e+06   3.7536621e+01
   1.2132630e+06   6.0485840e+01
   1.2133290e+06   4.0222168e+01
   1.2133800e+06   5.2673340e+01
   1.2134910e+06   6.2744141e+01
   1.2135350e+06   4.2724609e+01
   1.2136700e+06   4.0405273e+01
   1.2137470e+06   3.6010742e+01
   1.2138450e+06   3.8879395e+01
   1.2139140e+06   3.6010742e+01
   1.2139310e+06   6.0363770e+01
   1.2139600e+06   3.7475586e+01
   1.2141690e+06   5.5236816e+01
   1.2143300e+06   3.7170410e+01
   1.2144210e+06   4.3395996e+01
   1.2144400e+06   3.8513184e+01
   1.2145030e+06   6.7138672e+01
   1.2146400e+06   3.7902832e+01
   1.2147190e+06   4.3273926e+01
   1.2148170e+06   3.9062500e+01
   1.2150300e+06   4.0039063e+01
   1.2151970e+06   3.5156250e+01
   1.2152200e+06   3.8940430e+01
   1.2152780e+06   6.5307617e+01
   1.2154690e+06   4.2846680e+01
   1.2156220e+06   5.7006836e+01
   1.2156500e+06   4.3457031e+01
   1.2157960e+06   3.7536621e+01
   1.2158570e+06   3.9978027e+01
   1.2159400e+06   7.2082520e+01
   1.2161170e+06   3.7231445e+01
   1.2165310e+06   4.1198730e+01
   1.2166520e+06   6.7321777e+01
   1.2166780e+06   3.8696289e+01
   1.2168240e+06   3.5888672e+01
   1.2170050e+06   5.4138184e+01
   1.2171840e+06   4.2358398e+01
   1.2174890e+06   4.3273926e+01
   1.2176550e+06   6.8176270e+01
   1.2177120e+06   4.7912598e+01
   1.2178590e+06   4.8034668e+01
   1.2178940e+06   4.4677734e+01
   1.2181460e+06   4.6997070e+01
   1.2182220e+06   4.1015625e+01
   1.2183430e+06   3.6376953e+01
   1.2188050e+06   4.5227051e+01
   1.2191010e+06   3.6376953e+01
   1.2193010e+06   5.3588867e+01
   1.2194320e+06   4.0344238e+01
   1.2198920e+06   4.3273926e+01
   1.2201390e+06   3.7963867e+01
   1.2201700e+06   5.8776855e+01
   1.2201830e+06   3.8452148e+01
   1.2202100e+06   3.5827637e+01
   1.2205490e+06   4.2053223e+01
   1.2206310e+06   6.1523438e+01
   1.2208190e+06   3.7170410e+01
   1.2209810e+06   4.7424316e+01
   1.2214470e+06   4.2236328e+01
   1.2214730e+06   4.7607422e+01
   1.2216560e+06   7.3303223e+01
   1.2216720e+06   3.5400391e+01
   1.2220520e+06   5.6823730e+01
   1.2227630e+06   5.9875488e+01
   1.2228000e+06   5.6823730e+01
   1.2228790e+06   3.6254883e+01
   1.2232130e+06   5.2368164e+01
   1.2236030e+06   4.0710449e+01
   1.5352010e+06   7.4401855e+01
   1.5834320e+06   5.8593750e+01
   1.6069060e+06   7.3425293e+01
   1.7013960e+06   6.4941406e+01
   1.7309000e+06   7.1289062e+01
   1.7314860e+06   7.6599121e+01
   1.8610010e+06   6.1157227e+01
   1.8788430e+06   5.8898926e+01
   1.8789200e+06   6.4697266e+01
   1.8789580e+06   5.7617188e+01
   1.8789760e+06   3.6010742e+01
   1.8790210e+06   6.2438965e+01
   1.8790400e+06   1.0156250e+02
   1.8790500e+06   4.1687012e+01
   1.8790790e+06   8.5083008e+01
   1.8790910e+06   1.3275146e+02
   1.8791140e+06   8.0383301e+01
   1.8791360e+06   3.7841797e+01
   1.8791630e+06   3.9550781e+01
   1.8791830e+06   4.9499512e+01
   1.8792170e+06   5.5847168e+01
   1.8792830e+06   6.4514160e+01
   1.8792960e+06   8.5754395e+01
   1.8793260e+06   4.2663574e+01
   1.8793570e+06   5.7312012e+01
   1.8793910e+06   4.4067383e+01
   1.8794150e+06   6.4941406e+01
   1.8794250e+06   3.7231445e+01
   1.8794360e+06   3.6865234e+01
   1.8794500e+06   3.5827637e+01
   1.8794820e+06   5.4260254e+01
   1.8795140e+06   3.5583496e+01
   1.8795270e+06   4.6020508e+01
   1.8795380e+06   5.5297852e+01
   1.8795880e+06   4.0771484e+01
   1.8796130e+06   4.1320801e+01
   1.8796410e+06   3.8879395e+01
   1.8796530e+06   5.3039551e+01
   1.8797280e+06   4.7058105e+01
   1.8797930e+06   6.1645508e+01
   1.8798750e+06   5.0537109e+01
   1.8798930e+06   4.7607422e+01
   1.8799320e+06   3.7170410e+01
   1.8799670e+06   6.4697266e+01
   1.8800220e+06   4.1931152e+01
   1.8800430e+06   5.1208496e+01
   1.8801200e+06   6.2805176e+01
   1.8802290e+06   6.4758301e+01
   1.8802420e+06   5.0109863e+01
   1.8803480e+06   5.8349609e+01
   1.8803590e+06   4.7546387e+01
   1.8804400e+06   3.7109375e+01
   1.8804690e+06   6.3842773e+01
   1.8805160e+06   4.6752930e+01
   1.8806220e+06   5.8898926e+01
   1.8806550e+06   3.8879395e+01
   1.8806680e+06   3.7048340e+01
   1.8807610e+06   5.0720215e+01
   1.8807930e+06   4.6569824e+01
   1.8808490e+06   4.6203613e+01
   1.8808750e+06   3.5888672e+01
   1.8808880e+06   3.6010742e+01
   1.8810250e+06   3.8757324e+01
   1.8810600e+06   7.1533203e+01
   1.8810710e+06   4.5593262e+01
   1.8811950e+06   5.4565430e+01
   1.8812960e+06   6.8542480e+01
   1.8814650e+06   5.6152344e+01
   1.8815040e+06   4.6447754e+01
   1.8815370e+06   4.4616699e+01
   1.8816670e+06   3.7902832e+01
   1.8816920e+06   5.7800293e+01
   1.8817890e+06   3.7780762e+01
   1.8818010e+06   3.8452148e+01
   1.8818490e+06   5.2551270e+01
   1.8821040e+06   3.6926270e+01
   1.8821660e+06   5.2001953e+01
   1.8824510e+06   4.0283203e+01
   1.8828290e+06   4.3640137e+01
   1.8832740e+06   4.4189453e+01
   1.8837670e+06   4.9133301e+01
   1.8837880e+06   3.7597656e+01
   1.8842800e+06   6.6406250e+01
   1.8843090e+06   3.9062500e+01
   1.8848970e+06   8.0322266e+01
   1.8849420e+06   3.5766602e+01
   1.8853870e+06   7.3242188e+01
   1.8854580e+06   3.9001465e+01
   1.8863580e+06   8.7707520e+01
   1.8874390e+06   5.7983398e+01
   1.8876490e+06   8.8317871e+01
   1.8877110e+06   6.2011719e+01
   1.8877430e+06   6.0668945e+01
   1.8878270e+06   3.6376953e+01
   1.8878700e+06   3.5217285e+01
   1.8879060e+06   6.4147949e+01
   1.8879450e+06   5.6152344e+01
   1.8879560e+06   4.0710449e+01
   1.8879830e+06   6.1401367e+01
   1.8880820e+06   4.1687012e+01
   1.8881070e+06   8.2885742e+01
   1.8881340e+06   3.8330078e+01
   1.8882220e+06   8.4838867e+01
   1.8882340e+06   5.4626465e+01
   1.8883100e+06   5.1574707e+01
   1.8883470e+06   3.9428711e+01
   1.8883570e+06   6.2805176e+01
   1.8883940e+06   4.1259766e+01
   1.8884540e+06   4.4799805e+01
   1.8884650e+06   5.2856445e+01
   1.8885080e+06   6.3598633e+01
   1.8885490e+06   4.1564941e+01
   1.8885830e+06   4.3579102e+01
   1.8886280e+06   6.8420410e+01
   1.8887280e+06   4.4616699e+01
   1.8887850e+06   7.2265625e+01
   1.8888400e+06   4.3518066e+01
   1.8888520e+06   4.7729492e+01
   1.8888800e+06   4.2602539e+01
   1.8889210e+06   6.3110352e+01
   1.8889790e+06   4.4433594e+01
   1.8889920e+06   4.8767090e+01
   1.8890240e+06   4.8767090e+01
   1.8890950e+06   3.5095215e+01
   1.8891410e+06   4.9194336e+01
   1.8891580e+06   5.0476074e+01
   1.8892160e+06   3.6499023e+01
   1.8892890e+06   6.9274902e+01
   1.8893270e+06   4.5654297e+01
   1.8893440e+06   4.9316406e+01
   1.8893660e+06   4.9682617e+01
   1.8893870e+06   3.9062500e+01
   1.8893980e+06   5.7312012e+01
   1.8894190e+06   3.6560059e+01
   1.8894670e+06   3.5644531e+01
   1.8895030e+06   5.1879883e+01
   1.8895340e+06   5.0354004e+01
   1.8895760e+06   3.5949707e+01
   1.8895980e+06   3.7902832e+01
   1.8896500e+06   6.5917969e+01
   1.8896630e+06   3.6132812e+01
   1.8898080e+06   3.5766602e+01
   1.8898330e+06   5.6091309e+01
   1.8898690e+06   3.5827637e+01
   1.8899230e+06   3.7048340e+01
   1.8899750e+06   5.3649902e+01
   1.8900860e+06   4.1137695e+01
   1.8901120e+06   3.9001465e+01
   1.8901320e+06   4.1687012e+01
   1.8901650e+06   5.3649902e+01
   1.8903070e+06   4.8767090e+01
   1.8903200e+06   4.0283203e+01
   1.8903430e+06   4.7180176e+01
   1.8905540e+06   4.1564941e+01
   1.8905850e+06   5.6335449e+01
   1.8907420e+06   5.0476074e+01
   1.8907820e+06   3.5400391e+01
   1.8908570e+06   5.4382324e+01
   1.8910570e+06   3.9489746e+01
   1.8911130e+06   3.7475586e+01
   1.8911450e+06   3.9245605e+01
   1.8911810e+06   4.0771484e+01
   1.8912560e+06   4.3518066e+01
   1.8914730e+06   4.5532227e+01
   1.8915480e+06   5.5786133e+01
   1.8915850e+06   3.6926270e+01
   1.8916820e+06   4.0893555e+01
   1.8919330e+06   4.6203613e+01
   1.8919740e+06   3.7902832e+01
   1.8920020e+06   5.0476074e+01
   1.8923900e+06   4.2968750e+01
   1.8925060e+06   5.4199219e+01
   1.8926300e+06   3.9733887e+01
   1.8930420e+06   4.2663574e+01
   1.8934230e+06   3.9428711e+01
   1.8935310e+06   3.8330078e+01
   1.8938000e+06   4.8645020e+01
   1.8941660e+06   7.9223633e+01
   1.8944600e+06   4.3151855e+01
   1.8947410e+06   4.7119141e+01
   1.8953250e+06   4.5837402e+01
   1.8953820e+06   5.4809570e+01
   1.8956450e+06   3.6865234e+01
   1.8956720e+06   3.6193848e+01
   1.8957720e+06   3.9062500e+01
   1.8958880e+06   4.0771484e+01
   1.8959250e+06   7.0373535e+01
   1.8959360e+06   3.7353516e+01
   1.8961920e+06   3.5339355e+01
   1.8962880e+06   6.5063477e+01
   1.8964640e+06   4.4799805e+01
   1.8966260e+06   4.6020508e+01
   1.8966430e+06   7.4340820e+01
   1.8971080e+06   3.6682129e+01
   1.8972020e+06   5.0842285e+01
   1.8979930e+06   6.5307617e+01
   1.9227490e+06   3.6132812e+01
   1.9395010e+06   3.6437988e+01
   1.9584670e+06   3.5583496e+01
   2.0961280e+06   3.8024902e+01
   2.1293200e+06   4.0283203e+01
   2.3208920e+06   5.4809570e+01
   2.3544780e+06   6.0668945e+01
   2.3551780e+06   6.1157227e+01
   2.3850350e+06   4.7973633e+01
   2.4316890e+06   6.8664551e+01
   2.4911970e+06   6.5673828e+01
   2.5176550e+06   6.1645508e+01
   2.5361510e+06   6.4270020e+01
   2.5505910e+06   5.5908203e+01
   2.5614250e+06   5.9448242e+01
   2.6012210e+06   5.8959961e+01
   2.6207990e+06   6.8176270e+01
   2.6641970e+06   6.9824219e+01
   2.6671730e+06   5.0781250e+01
   2.6671980e+06   5.7312012e+01
   2.6672320e+06   4.1442871e+01
   2.6672800e+06   8.2031250e+01
   2.6673040e+06   3.9367676e+01
   2.6673320e+06   1.0192871e+02
   2.6673470e+06   1.4306641e+02
   2.6673710e+06   4.6508789e+01
   2.6673850e+06   5.9814453e+01
   2.6673970e+06   7.0678711e+01
   2.6674230e+06   5.1757812e+01
   2.6674350e+06   3.7902832e+01
   2.6674550e+06   6.4270020e+01
   2.6674760e+06   7.7270508e+01
   2.6675120e+06   5.9448242e+01
   2.6675250e+06   4.9194336e+01
   2.6675590e+06   9.3627930e+01
   2.6675770e+06   5.5786133e+01
   2.6675880e+06   4.0588379e+01
   2.6676120e+06   6.7993164e+01
   2.6676240e+06   4.6081543e+01
   2.6676590e+06   6.8481445e+01
   2.6676700e+06   5.4016113e+01
   2.6677240e+06   7.3547363e+01
   2.6677610e+06   4.1442871e+01
   2.6678200e+06   3.9916992e+01
   2.6678460e+06   3.8452148e+01
   2.6678640e+06   4.8767090e+01
   2.6678820e+06   3.5339355e+01
   2.6679050e+06   3.5522461e+01
   2.6679180e+06   4.6997070e+01
   2.6679660e+06   6.4697266e+01
   2.6679830e+06   4.7363281e+01
   2.6680380e+06   4.5227051e+01
   2.6680650e+06   4.0039062e+01
   2.6680880e+06   3.6376953e+01
   2.6681040e+06   4.6386719e+01
   2.6681830e+06   4.0588379e+01
   2.6682320e+06   3.5949707e+01
   2.6683040e+06   4.9255371e+01
   2.6683680e+06   6.6101074e+01
   2.6684960e+06   5.6335449e+01
   2.6685890e+06   5.4870605e+01
   2.6686240e+06   3.8452148e+01
   2.6687350e+06   6.2866211e+01
   2.6687890e+06   3.7048340e+01
   2.6688670e+06   5.6335449e+01
   2.6689550e+06   3.7109375e+01
   2.6690170e+06   3.5339355e+01
   2.6690580e+06   5.9814453e+01
   2.6691200e+06   3.5705566e+01
   2.6691770e+06   7.1411133e+01
   2.6691890e+06   4.7363281e+01
   2.6693640e+06   4.6813965e+01
   2.6693800e+06   5.2978516e+01
   2.6694940e+06   3.9001465e+01
   2.6695330e+06   4.1931152e+01
   2.6697260e+06   5.2795410e+01
   2.6697600e+06   4.6569824e+01
   2.6697830e+06   5.5786133e+01
   2.6700230e+06   4.9621582e+01
   2.6701810e+06   5.5847168e+01
   2.6703540e+06   3.8085938e+01
   2.6707040e+06   4.9438477e+01
   2.6708470e+06   4.0100098e+01
   2.6710380e+06   3.8757324e+01
   2.6710630e+06   3.9062500e+01
   2.6714590e+06   3.5461426e+01
   2.6714790e+06   3.6437988e+01
   2.6718820e+06   5.3771973e+01
   2.6719130e+06   4.5043945e+01
   2.6724160e+06   4.3029785e+01
   2.6724470e+06   3.7231445e+01
   2.6728720e+06   6.5551758e+01
   2.6729070e+06   4.3579102e+01
   2.6734530e+06   7.1472168e+01
   2.6735030e+06   3.5461426e+01
   2.6743430e+06   7.4462891e+01
   2.6743840e+06   4.9194336e+01
   2.6751690e+06   7.3425293e+01
   2.6752330e+06   4.2724609e+01
   2.6754060e+06   3.5766602e+01
   2.6754660e+06   3.5949707e+01
   2.6754840e+06   5.0537109e+01
   2.6755710e+06   6.2133789e+01
   2.6756670e+06   6.0607910e+01
   2.6758020e+06   4.9804688e+01
   2.6758300e+06   8.0383301e+01
   2.6758560e+06   3.8452148e+01
   2.6759070e+06   5.5969238e+01
   2.6759500e+06   4.8156738e+01
   2.6759720e+06   5.3039551e+01
   2.6760030e+06   4.3212891e+01
   2.6760320e+06   5.0231934e+01
   2.6760620e+06   4.2480469e+01
   2.6760960e+06   4.1015625e+01
   2.6761090e+06   6.8786621e+01
   2.6761500e+06   5.5358887e+01
   2.6761620e+06   6.1950684e+01
   2.6762300e+06   3.5400391e+01
   2.6762770e+06   5.3649902e+01
   2.6762880e+06   8.3190918e+01
   2.6763220e+06   3.6193848e+01
   2.6763570e+06   3.7292480e+01
   2.6763950e+06   5.7922363e+01
   2.6764120e+06   3.9978027e+01
   2.6764330e+06   4.3884277e+01
   2.6765120e+06   4.1503906e+01
   2.6765290e+06   5.0109863e+01
   2.6765560e+06   4.5471191e+01
   2.6766130e+06   5.1879883e+01
   2.6766710e+06   4.4311523e+01
   2.6766860e+06   6.5063477e+01
   2.6767070e+06   3.7475586e+01
   2.6767500e+06   3.9245605e+01
   2.6767840e+06   6.5612793e+01
   2.6768000e+06   4.4616699e+01
   2.6768450e+06   4.7912598e+01
   2.6768760e+06   3.8452148e+01
   2.6768940e+06   3.8208008e+01
   2.6769340e+06   3.7902832e+01
   2.6769740e+06   3.9489746e+01
   2.6770450e+06   6.5307617e+01
   2.6771030e+06   4.0527344e+01
   2.6771670e+06   3.7109375e+01
   2.6771800e+06   3.9367676e+01
   2.6772150e+06   5.0476074e+01
   2.6772510e+06   4.6264648e+01
   2.6773180e+06   5.3710938e+01
   2.6773640e+06   5.3649902e+01
   2.6774380e+06   6.2377930e+01
   2.6774770e+06   3.6804199e+01
   2.6775540e+06   3.6987305e+01
   2.6776030e+06   5.6213379e+01
   2.6776580e+06   5.1391602e+01
   2.6776790e+06   3.5461426e+01
   2.6777250e+06   4.2724609e+01
   2.6777570e+06   4.9316406e+01
   2.6778720e+06   3.5583496e+01
   2.6779050e+06   4.0466309e+01
   2.6779310e+06   4.5227051e+01
   2.6780180e+06   3.5522461e+01
   2.6780580e+06   3.6865234e+01
   2.6781380e+06   3.7414551e+01
   2.6782290e+06   5.4077148e+01
   2.6782420e+06   4.3457031e+01
   2.6783460e+06   3.7170410e+01
   2.6784380e+06   3.7597656e+01
   2.6784580e+06   4.2785645e+01
   2.6785000e+06   5.7373047e+01
   2.6786020e+06   3.6010742e+01
   2.6786870e+06   3.5644531e+01
   2.6787920e+06   6.1401367e+01
   2.6791150e+06   3.5522461e+01
   2.6791900e+06   5.4443359e+01
   2.6793380e+06   4.7119141e+01
   2.6793840e+06   3.9672852e+01
   2.6794510e+06   4.2053223e+01
   2.6794780e+06   5.9020996e+01
   2.6797290e+06   4.4738770e+01
   2.6797740e+06   4.0832520e+01
   2.6798670e+06   5.4809570e+01
   2.6800400e+06   4.4921875e+01
   2.6801470e+06   5.1208496e+01
   2.6802240e+06   3.7170410e+01
   2.6803800e+06   4.0710449e+01
   2.6805760e+06   4.6752930e+01
   2.6808010e+06   4.7424316e+01
   2.6809320e+06   3.7292480e+01
   2.6814130e+06   4.9621582e+01
   2.6815670e+06   3.9489746e+01
   2.6817280e+06   3.5766602e+01
   2.6825100e+06   5.8227539e+01
   2.6826020e+06   4.2236328e+01
   2.6827720e+06   3.5827637e+01
   2.6828760e+06   7.3852539e+01
   2.6830920e+06   4.0954590e+01
   2.6832480e+06   5.2124023e+01
   2.6835780e+06   5.3649902e+01
   2.6836630e+06   3.5339355e+01
   2.6837480e+06   4.2297363e+01
   2.6844740e+06   3.9611816e+01
   2.6845120e+06   4.3395996e+01
   2.6847630e+06   3.5095215e+01
   2.6849430e+06   3.5339355e+01
   2.6849560e+06   5.8166504e+01
   2.6853050e+06   4.9865723e+01
   2.6853810e+06   4.1259766e+01
   2.6854130e+06   6.9519043e+01
   2.6858520e+06   3.7353516e+01
   2.6859350e+06   5.5603027e+01
   2.6860910e+06   5.0476074e+01
   2.6861590e+06   4.4799805e+01
   2.6863150e+06   5.5480957e+01
   2.6869870e+06   4.1748047e+01
   2.6870410e+06   3.5400391e+01
   2.6872690e+06   6.0119629e+01
   2.6878530e+06   6.3110352e+01
   2.6881310e+06   3.8574219e+01
   2.6882370e+06   5.5297852e+01
   2.6884200e+06   3.5644531e+01
   2.7803580e+06   3.7414551e+01
   2.9936510e+06   5.7312012e+01
   3.0789070e+06   6.2011719e+01
   3.1526670e+06   6.4575195e+01
   3.1527030e+06   4.7058105e+01
   3.1527280e+06   5.8776855e+01
   3.1527430e+06   4.8767090e+01
   3.1527800e+06   4.4311523e+01
   3.1527980e+06   4.2480469e+01
   3.1528170e+06   5.3100586e+01
   3.1528510e+06   1.4953613e+02
   3.1528750e+06   8.3557129e+01
   3.1529000e+06   5.9204102e+01
   3.1529240e+06   5.3039551e+01
   3.1529460e+06   4.6508789e+01
   3.1529740e+06   4.0893555e+01
   3.1529910e+06   4.8522949e+01
   3.1530060e+06   5.5664062e+01
   3.1530160e+06   6.5185547e+01
   3.1530310e+06   4.7973633e+01
   3.1530560e+06   5.7800293e+01
   3.1530680e+06   7.5744629e+01
   3.1530920e+06   4.3395996e+01
   3.1531020e+06   3.8269043e+01
   3.1531330e+06   6.8603516e+01
   3.1531500e+06   3.7902832e+01
   3.1531670e+06   5.7189941e+01
   3.1531930e+06   3.8757324e+01
   3.1532090e+06   7.6049805e+01
   3.1532240e+06   4.9011230e+01
   3.1532790e+06   7.7392578e+01
   3.1533000e+06   4.8461914e+01
   3.1533340e+06   4.4677734e+01
   3.1533570e+06   4.5715332e+01
   3.1534030e+06   5.9082031e+01
   3.1534320e+06   4.3090820e+01
   3.1534520e+06   4.2663574e+01
   3.1534790e+06   7.0556641e+01
   3.1535400e+06   4.3823242e+01
   3.1535630e+06   3.6315918e+01
   3.1536490e+06   5.1513672e+01
   3.1536920e+06   6.7932129e+01
   3.1537270e+06   5.7556152e+01
   3.1538070e+06   4.0161133e+01
   3.1539230e+06   5.0964355e+01
   3.1539330e+06   3.6193848e+01
   3.1540480e+06   4.2785645e+01
   3.1541850e+06   5.3527832e+01
   3.1542340e+06   3.6499023e+01
   3.1542790e+06   4.3029785e+01
   3.1543110e+06   7.7148438e+01
   3.1544240e+06   4.7058105e+01
   3.1544380e+06   7.5317383e+01
   3.1544500e+06   3.6193848e+01
   3.1545860e+06   3.7353516e+01
   3.1546340e+06   7.0434570e+01
   3.1546760e+06   5.8593750e+01
   3.1547890e+06   4.2785645e+01
   3.1548010e+06   4.8583984e+01
   3.1549560e+06   4.7302246e+01
   3.1549800e+06   4.6997070e+01
   3.1551530e+06   3.8208008e+01
   3.1552080e+06   4.4738770e+01
   3.1552850e+06   3.6376953e+01
   3.1554040e+06   6.6772461e+01
   3.1554730e+06   4.4006348e+01
   3.1555870e+06   5.4809570e+01
   3.1559000e+06   3.7048340e+01
   3.1559480e+06   4.5837402e+01
   3.1562790e+06   3.9550781e+01
   3.1563050e+06   4.5654297e+01
   3.1566820e+06   4.7119141e+01
   3.1571230e+06   4.9560547e+01
   3.1571580e+06   3.8391113e+01
   3.1576300e+06   6.9519043e+01
   3.1576790e+06   4.4677734e+01
   3.1582620e+06   6.9763184e+01
   3.1583530e+06   4.0222168e+01
   3.1590750e+06   7.7636719e+01
   3.1604570e+06   9.2224121e+01
   3.1619090e+06   6.8603516e+01
   3.1621700e+06   4.7485352e+01
   3.1621990e+06   6.4636230e+01
   3.1622370e+06   3.8085938e+01
   3.1622640e+06   5.7495117e+01
   3.1622880e+06   4.0100098e+01
   3.1623250e+06   4.2907715e+01
   3.1623560e+06   6.2377930e+01
   3.1623670e+06   9.5031738e+01
   3.1623820e+06   5.9509277e+01
   3.1623970e+06   6.1340332e+01
   3.1624070e+06   4.8706055e+01
   3.1624200e+06   3.7170410e+01
   3.1624710e+06   4.0100098e+01
   3.1625240e+06   5.2124023e+01
   3.1625340e+06   4.7058105e+01
   3.1625660e+06   4.8339844e+01
   3.1625920e+06   4.9499512e+01
   3.1626080e+06   3.6804199e+01
   3.1626560e+06   6.3232422e+01
   3.1626770e+06   4.7180176e+01
   3.1627010e+06   5.2856445e+01
   3.1627490e+06   4.8767090e+01
   3.1627730e+06   3.7536621e+01
   3.1628040e+06   7.5927734e+01
   3.1628140e+06   5.0720215e+01
   3.1628760e+06   3.7048340e+01
   3.1629060e+06   5.8288574e+01
   3.1629200e+06   5.1147461e+01
   3.1629500e+06   3.9916992e+01
   3.1629710e+06   4.3334961e+01
   3.1630260e+06   5.5419922e+01
   3.1630480e+06   3.7719727e+01
   3.1630670e+06   4.6264648e+01
   3.1631240e+06   5.4748535e+01
   3.1631900e+06   4.1625977e+01
   3.1632160e+06   3.9794922e+01
   3.1632420e+06   3.6682129e+01
   3.1632780e+06   4.3579102e+01
   3.1632960e+06   4.3090820e+01
   3.1633060e+06   4.6447754e+01
   3.1633270e+06   3.7902832e+01
   3.1633390e+06   5.2124023e+01
   3.1633870e+06   3.7353516e+01
   3.1634570e+06   3.8085938e+01
   3.1634830e+06   4.3945312e+01
   3.1635080e+06   3.6254883e+01
   3.1635880e+06   5.5541992e+01
   3.1636170e+06   4.5593262e+01
   3.1636770e+06   5.1086426e+01
   3.1637080e+06   6.9885254e+01
   3.1638030e+06   4.9926758e+01
   3.1638430e+06   5.3405762e+01
   3.1638900e+06   4.8400879e+01
   3.1639520e+06   3.9306641e+01
   3.1639730e+06   4.2968750e+01
   3.1640190e+06   8.0810547e+01
   3.1640830e+06   3.7109375e+01
   3.1641070e+06   3.5888672e+01
   3.1641700e+06   4.7302246e+01
   3.1643270e+06   5.6335449e+01
   3.1643920e+06   4.0283203e+01
   3.1646070e+06   4.9621582e+01
   3.1646280e+06   6.0180664e+01
   3.1648860e+06   5.8166504e+01
   3.1649060e+06   3.7719727e+01
   3.1649380e+06   5.5541992e+01
   3.1651780e+06   4.7851562e+01
   3.1653400e+06   3.7597656e+01
   3.1653830e+06   5.1208496e+01
   3.1655390e+06   4.4433594e+01
   3.1657740e+06   4.8950195e+01
   3.1658160e+06   4.9072266e+01
   3.1659250e+06   3.6804199e+01
   3.1660090e+06   4.6325684e+01
   3.1660920e+06   4.8400879e+01
   3.1663170e+06   4.7485352e+01
   3.1666030e+06   4.6813965e+01
   3.1668060e+06   7.0556641e+01
   3.1668320e+06   3.8818359e+01
   3.1670150e+06   3.6621094e+01
   3.1675530e+06   4.6691895e+01
   3.1683550e+06   4.7485352e+01
   3.1683800e+06   5.7067871e+01
   3.1686790e+06   5.1025391e+01
   3.1687510e+06   3.6560059e+01
   3.1687720e+06   3.8208008e+01
   3.1688290e+06   3.8879395e+01
   3.1689890e+06   6.5856934e+01
   3.1691920e+06   3.6499023e+01
   3.1692910e+06   3.5827637e+01
   3.1693750e+06   5.2246094e+01
   3.1695080e+06   5.9204102e+01
   3.1697010e+06   6.0363770e+01
   3.1699790e+06   4.6752930e+01
   3.1700560e+06   7.0861816e+01
   3.1704550e+06   5.5114746e+01
   3.1705920e+06   5.0903320e+01
   3.1706480e+06   3.5827637e+01
   3.1707510e+06   4.7119141e+01
   3.1710090e+06   5.1757813e+01
   3.1716190e+06   6.2561035e+01
   3.1720720e+06   5.9814453e+01
   3.2154930e+06   4.0466309e+01
   3.2896560e+06   3.6071777e+01
   3.6854840e+06   6.7321777e+01
   3.7325910e+06   3.5888672e+01
   3.7387660e+06   7.1960449e+01
   3.7387960e+06   4.9621582e+01
   3.7388340e+06   7.8247070e+01
   3.7388570e+06   5.6762695e+01
   3.7388850e+06   3.8330078e+01
   3.7389060e+06   6.0668945e+01
   3.7389200e+06   1.2445068e+02
   3.7389530e+06   6.3537598e+01
   3.7389640e+06   4.9194336e+01
   3.7389870e+06   4.3273926e+01
   3.7390040e+06   7.4768066e+01
   3.7390170e+06   6.5734863e+01
   3.7390270e+06   1.1932373e+02
   3.7390610e+06   5.7617188e+01
   3.7390880e+06   4.6936035e+01
   3.7391160e+06   5.4931641e+01
   3.7391520e+06   4.0222168e+01
   3.7391760e+06   6.8542480e+01
   3.7391860e+06   4.6997070e+01
   3.7391960e+06   4.0954590e+01
   3.7392190e+06   5.0048828e+01
   3.7392360e+06   5.0903320e+01
   3.7392670e+06   4.0588379e+01
   3.7392910e+06   4.3457031e+01
   3.7393530e+06   4.3701172e+01
   3.7393660e+06   3.9428711e+01
   3.7393970e+06   4.2175293e+01
   3.7394140e+06   4.6142578e+01
   3.7394510e+06   4.2907715e+01
   3.7395230e+06   5.2429199e+01
   3.7395470e+06   3.7475586e+01
   3.7395670e+06   4.1320801e+01
   3.7396030e+06   5.2368164e+01
   3.7396260e+06   4.4372559e+01
   3.7396700e+06   3.7475586e+01
   3.7397010e+06   3.5827637e+01
   3.7397450e+06   5.0598145e+01
   3.7398260e+06   4.1320801e+01
   3.7398570e+06   5.0781250e+01
   3.7399090e+06   4.2297363e+01
   3.7399470e+06   3.7353516e+01
   3.7399820e+06   5.2490234e+01
   3.7400900e+06   5.2612305e+01
   3.7401510e+06   4.0222168e+01
   3.7401650e+06   3.8330078e+01
   3.7402040e+06   4.9804688e+01
   3.7402850e+06   3.7963867e+01
   3.7403200e+06   4.9743652e+01
   3.7404280e+06   5.2734375e+01
   3.7404790e+06   5.6152344e+01
   3.7405570e+06   5.0598145e+01
   3.7405940e+06   4.4677734e+01
   3.7407060e+06   3.8330078e+01
   3.7407220e+06   3.6926270e+01
   3.7407610e+06   5.3527832e+01
   3.7409340e+06   4.0405273e+01
   3.7409780e+06   5.1879883e+01
   3.7411890e+06   5.7128906e+01
   3.7412180e+06   3.6804199e+01
   3.7412320e+06   5.1452637e+01
   3.7413940e+06   6.7626953e+01
   3.7414740e+06   4.3273926e+01
   3.7415630e+06   4.0527344e+01
   3.7416050e+06   4.3640137e+01
   3.7417060e+06   3.6254883e+01
   3.7418700e+06   4.6813965e+01
   3.7421940e+06   6.6223145e+01
   3.7426250e+06   5.6762695e+01
   3.7427220e+06   4.0283203e+01
   3.7431710e+06   5.7128906e+01
   3.7436490e+06   5.9204102e+01
   3.7436950e+06   3.8940430e+01
   3.7442410e+06   6.5979004e+01
   3.7442990e+06   4.4189453e+01
   3.7448390e+06   6.8664551e+01
   3.7449100e+06   4.2907715e+01
   3.7455340e+06   6.6650391e+01
   3.7470610e+06   6.2072754e+01
   3.7473320e+06   5.0292969e+01
   3.7473690e+06   7.2326660e+01
   3.7474430e+06   6.7016602e+01
   3.7474920e+06   4.6875000e+01
   3.7475180e+06   6.4331055e+01
   3.7475430e+06   5.6213379e+01
   3.7475750e+06   4.3334961e+01
   3.7476240e+06   6.9519043e+01
   3.7476680e+06   3.8513184e+01
   3.7476930e+06   4.7119141e+01
   3.7477150e+06   5.0598145e+01
   3.7477280e+06   4.3334961e+01
   3.7477590e+06   5.8593750e+01
   3.7477750e+06   3.6193848e+01
   3.7478110e+06   3.7048340e+01
   3.7478350e+06   5.2185059e+01
   3.7478560e+06   3.9978027e+01
   3.7478840e+06   3.8940430e+01
   3.7479120e+06   6.9213867e+01
   3.7479310e+06   7.5073242e+01
   3.7479410e+06   4.1015625e+01
   3.7479620e+06   4.1259766e+01
   3.7479890e+06   4.7485352e+01
   3.7480210e+06   4.1564941e+01
   3.7480350e+06   5.1513672e+01
   3.7480450e+06   4.8767090e+01
   3.7481360e+06   5.7800293e+01
   3.7481790e+06   6.4392090e+01
   3.7482150e+06   5.4931641e+01
   3.7482410e+06   4.5471191e+01
   3.7482660e+06   4.1870117e+01
   3.7482910e+06   5.6274414e+01
   3.7483820e+06   3.7658691e+01
   3.7484020e+06   5.0903320e+01
   3.7484170e+06   3.6315918e+01
   3.7484970e+06   4.9560547e+01
   3.7485240e+06   3.7841797e+01
   3.7485600e+06   4.7912598e+01
   3.7486020e+06   4.1442871e+01
   3.7486320e+06   5.8776855e+01
   3.7486800e+06   4.3457031e+01
   3.7487160e+06   4.6020508e+01
   3.7487870e+06   5.8288574e+01
   3.7488230e+06   3.8696289e+01
   3.7488630e+06   5.5419922e+01
   3.7489160e+06   4.0954590e+01
   3.7489640e+06   3.8574219e+01
   3.7489920e+06   6.9641113e+01
   3.7490030e+06   4.0283203e+01
   3.7490390e+06   3.8452148e+01
   3.7491170e+06   5.3161621e+01
   3.7491860e+06   4.4250488e+01
   3.7492320e+06   5.5480957e+01
   3.7493160e+06   4.4494629e+01
   3.7493820e+06   3.8940430e+01
   3.7495520e+06   6.5551758e+01
   3.7495780e+06   4.1198730e+01
   3.7496370e+06   3.8818359e+01
   3.7497270e+06   5.1391602e+01
   3.7497470e+06   6.4147949e+01
   3.7497940e+06   3.9306641e+01
   3.7498460e+06   3.5888672e+01
   3.7499270e+06   4.4494629e+01
   3.7500470e+06   4.2236328e+01
   3.7501810e+06   4.2480469e+01
   3.7502340e+06   5.2185059e+01
   3.7502790e+06   4.7546387e+01
   3.7504840e+06   3.6254883e+01
   3.7505230e+06   4.6447754e+01
   3.7506190e+06   5.1086426e+01
   3.7508870e+06   4.2785645e+01
   3.7509650e+06   6.4025879e+01
   3.7511110e+06   3.8391113e+01
   3.7512210e+06   3.8391113e+01
   3.7518020e+06   4.1625977e+01
   3.7518510e+06   3.6193848e+01
   3.7519960e+06   4.3884277e+01
   3.7521190e+06   5.7983398e+01
   3.7524940e+06   3.8452148e+01
   3.7530130e+06   6.1706543e+01
   3.7535350e+06   5.8410645e+01
   3.7536480e+06   3.7780762e+01
   3.7539820e+06   6.3110352e+01
   3.7544220e+06   6.5673828e+01
   3.7546650e+06   5.6579590e+01
   3.7548980e+06   4.3334961e+01
   3.7552940e+06   5.1452637e+01
   3.7557910e+06   7.2143555e+01
   3.7562050e+06   5.0842285e+01
   3.7564470e+06   4.2907715e+01
   3.7565940e+06   4.2968750e+01
   3.7566450e+06   5.7128906e+01
   3.7571020e+06   5.4809570e+01
   3.7571190e+06   6.0302734e+01
   3.7575320e+06   5.1818848e+01
   3.7575520e+06   4.9682617e+01
   3.7578890e+06   4.4982910e+01
   3.7950570e+06   5.2551270e+01
   3.8621520e+06   3.6499023e+01
   3.9075840e+06   6.0302734e+01
   3.9434740e+06   7.1533203e+01
   4.0096520e+06   5.7434082e+01
   4.0986580e+06   6.8786621e+01
   4.1057350e+06   5.7067871e+01
   4.1806500e+06   5.1452637e+01
   4.2011560e+06   6.6223145e+01
   4.2023570e+06   7.9895020e+01
   4.2551920e+06   6.5307617e+01
   4.2785990e+06   6.0241699e+01
   4.3150290e+06   6.0546875e+01
   4.3634120e+06   5.2368164e+01
   4.4085660e+06   6.3049316e+01
   4.4185640e+06   6.0058594e+01
   4.4501430e+06   5.4077148e+01
   4.4731610e+06   6.0058594e+01
   4.4864870e+06   6.6406250e+01
   4.5991170e+06   5.2795410e+01
   4.6275530e+06   6.8054199e+01
   4.6356740e+06   6.7932129e+01
   4.6508900e+06   7.7697754e+01
   4.6744220e+06   7.2082520e+01
   4.6749450e+06   3.6193848e+01
   4.6928190e+06   6.1462402e+01
   4.6943140e+06   6.5917969e+01
   4.7018120e+06   7.1960449e+01
   4.7123570e+06   6.8725586e+01
   4.7135200e+06   7.2082520e+01
   4.7135650e+06   5.6884766e+01
   4.7136950e+06   6.2255859e+01
   4.7138190e+06   6.5246582e+01
   4.7139040e+06   4.7607422e+01
   4.7139610e+06   4.3151855e+01
   4.7139740e+06   7.8186035e+01
   4.7140020e+06   1.5692139e+02
   4.7140350e+06   4.0649414e+01
   4.7140480e+06   7.5683594e+01
   4.7140730e+06   4.8156738e+01
   4.7140860e+06   8.2885742e+01
   4.7141230e+06   9.8510742e+01
   4.7141500e+06   7.6416016e+01
   4.7141610e+06   4.5288086e+01
   4.7141720e+06   5.2124023e+01
   4.7141900e+06   5.6335449e+01
   4.7142310e+06   4.2785645e+01
   4.7142430e+06   5.6823730e+01
   4.7142700e+06   6.1401367e+01
   4.7142810e+06   6.0974121e+01
   4.7143250e+06   3.6437988e+01
   4.7143410e+06   6.0913086e+01
   4.7143600e+06   4.2541504e+01
   4.7143920e+06   5.8898926e+01
   4.7144300e+06   3.8635254e+01
   4.7144460e+06   6.9946289e+01
   4.7144670e+06   5.5664062e+01
   4.7144910e+06   4.1198730e+01
   4.7145060e+06   5.1208496e+01
   4.7145340e+06   3.7170410e+01
   4.7145640e+06   6.5917969e+01
   4.7145970e+06   3.6254883e+01
   4.7146160e+06   4.5959473e+01
   4.7146340e+06   5.4504395e+01
   4.7146670e+06   3.5888672e+01
   4.7147110e+06   3.8513184e+01
   4.7147650e+06   5.2795410e+01
   4.7148550e+06   4.4250488e+01
   4.7149130e+06   5.3771973e+01
   4.7149470e+06   3.9672852e+01
   4.7150020e+06   3.6193848e+01
   4.7150180e+06   4.6569824e+01
   4.7151210e+06   4.3579102e+01
   4.7151700e+06   3.6437988e+01
   4.7152200e+06   7.3059082e+01
   4.7153220e+06   4.0710449e+01
   4.7153650e+06   5.7556152e+01
   4.7154590e+06   3.9489746e+01
   4.7154920e+06   7.5317383e+01
   4.7155440e+06   4.4677734e+01
   4.7156340e+06   4.7973633e+01
   4.7156690e+06   3.7719727e+01
   4.7157850e+06   3.6987305e+01
   4.7158420e+06   6.2866211e+01
   4.7159760e+06   5.3588867e+01
   4.7160630e+06   5.5114746e+01
   4.7161200e+06   3.8635254e+01
   4.7161680e+06   4.4128418e+01
   4.7162300e+06   6.2622070e+01
   4.7163510e+06   3.6804199e+01
   4.7163860e+06   5.3894043e+01
   4.7164060e+06   6.5917969e+01
   4.7165720e+06   3.6132812e+01
   4.7165980e+06   5.4382324e+01
   4.7166600e+06   5.1757812e+01
   4.7167810e+06   5.7006836e+01
   4.7168800e+06   5.3833008e+01
   4.7169870e+06   3.6193848e+01
   4.7171210e+06   5.0720215e+01
   4.7172400e+06   3.6621094e+01
   4.7172650e+06   3.5827637e+01
   4.7173750e+06   7.1960449e+01
   4.7183840e+06   3.5888672e+01
   4.7184150e+06   3.8635254e+01
   4.7184570e+06   4.0954590e+01
   4.7188770e+06   4.8645020e+01
   4.7192910e+06   4.7668457e+01
   4.7193570e+06   3.6315918e+01
   4.7197970e+06   4.7485352e+01
   4.7198360e+06   3.9489746e+01
   4.7203300e+06   5.1757812e+01
   4.7208800e+06   6.0241699e+01
   4.7209440e+06   4.0466309e+01
   4.7214520e+06   3.9672852e+01
   4.7222460e+06   3.9184570e+01
   4.7223070e+06   4.1564941e+01
   4.7225760e+06   6.0058594e+01
   4.7226260e+06   6.6467285e+01
   4.7227690e+06   5.9631348e+01
   4.7228030e+06   3.6743164e+01
   4.7228670e+06   6.3415527e+01
   4.7228860e+06   5.8959961e+01
   4.7229410e+06   3.6071777e+01
   4.7230460e+06   4.5471191e+01
   4.7230980e+06   3.7414551e+01
   4.7231140e+06   4.9438477e+01
   4.7231750e+06   5.7067871e+01
   4.7233070e+06   4.8156738e+01
   4.7233480e+06   5.3405762e+01
   4.7233650e+06   4.1870117e+01
   4.7233880e+06   5.5480957e+01
   4.7235210e+06   9.2407227e+01
   4.7236560e+06   4.4128418e+01
   4.7237120e+06   5.2612305e+01
   4.7237380e+06   5.0415039e+01
   4.7237600e+06   3.9367676e+01
   4.7238380e+06   3.9978027e+01
   4.7238840e+06   6.4392090e+01
   4.7238990e+06   5.3405762e+01
   4.7239470e+06   4.0344238e+01
   4.7240770e+06   3.9489746e+01
   4.7241260e+06   4.6264648e+01
   4.7241490e+06   4.7912598e+01
   4.7241720e+06   5.4199219e+01
   4.7242160e+06   5.1330566e+01
   4.7243160e+06   4.0771484e+01
   4.7243500e+06   6.5917969e+01
   4.7243770e+06   4.2968750e+01
   4.7245160e+06   5.0476074e+01
   4.7245420e+06   7.0068359e+01
   4.7247640e+06   4.2236328e+01
   4.7248050e+06   7.2509766e+01
   4.7250020e+06   4.4494629e+01
   4.7250310e+06   6.9885254e+01
   4.7251480e+06   4.4311523e+01
   4.7252040e+06   3.6865234e+01
   4.7252220e+06   5.9082031e+01
   4.7252600e+06   4.0954590e+01
   4.7254430e+06   6.1767578e+01
   4.7255020e+06   3.8330078e+01
   4.7256520e+06   3.9916992e+01
   4.7256950e+06   5.0231934e+01
   4.7258220e+06   4.9621582e+01
   4.7259640e+06   3.8513184e+01
   4.7260760e+06   3.6743164e+01
   4.7261620e+06   3.6499023e+01
   4.7261960e+06   4.7973633e+01
   4.7262270e+06   5.0537109e+01
   4.7263550e+06   3.7780762e+01
   4.7264880e+06   5.0231934e+01
   4.7266170e+06   6.0852051e+01
   4.7267370e+06   4.6813965e+01
   4.7268150e+06   3.7292480e+01
   4.7269640e+06   4.7363281e+01
   4.7270400e+06   3.6499023e+01
   4.7271600e+06   4.0893555e+01
   4.7274320e+06   4.2297363e+01
   4.7277730e+06   6.1706543e+01
   4.7279870e+06   4.1625977e+01
   4.7280570e+06   3.6010742e+01
   4.7286690e+06   5.2246094e+01
   4.7292280e+06   7.2387695e+01
   4.7293120e+06   3.6132812e+01
   4.7307270e+06   6.5551758e+01
   4.7310190e+06   3.6315918e+01
   4.7310510e+06   4.4433594e+01
   4.7311260e+06   5.6152344e+01
   4.7311590e+06   4.2236328e+01
   4.7315280e+06   6.3049316e+01
   4.7315600e+06   4.1870117e+01
   4.7315870e+06   3.6560059e+01
   4.7316470e+06   3.5949707e+01
   4.7316690e+06   4.5654297e+01
   4.7316950e+06   4.2053223e+01
   4.7317260e+06   4.5654297e+01
   4.7318820e+06   5.4382324e+01
   4.7320650e+06   4.3823242e+01
   4.7321860e+06   4.6203613e+01
   4.7322680e+06   7.6171875e+01
   4.7324260e+06   4.4189453e+01
   4.7325840e+06   3.8269043e+01
   4.7326040e+06   5.1147461e+01
   4.7328660e+06   3.8635254e+01
   4.7331260e+06   5.0842285e+01
   4.7338070e+06   6.3293457e+01
   4.7344340e+06   6.2500000e+01
   4.7378280e+06   4.9255371e+01
   4.7451060e+06   4.5532227e+01
   4.7512800e+06   6.3293457e+01
   4.7519000e+06   6.3171387e+01
   4.7601110e+06   6.6345215e+01
   4.7616550e+06   6.1279297e+01
   4.7638770e+06   5.6457520e+01
   4.8386660e+06   7.5561523e+01
   4.9340250e+06   5.9387207e+01
   4.9346980e+06   6.6040039e+01
   4.9466890e+06   3.7353516e+01
   4.9789670e+06   6.3720703e+01
   4.9949940e+06   5.8410645e+01
   5.0552790e+06   6.7871094e+01
   5.0715120e+06   3.9550781e+01
   5.1385350e+06   5.9204102e+01
   5.1559930e+06   6.7687988e+01
   5.1585000e+06   7.3425293e+01
   5.1893320e+06   7.3364258e+01
   5.2140500e+06   6.3964844e+01
   5.2214160e+06   6.2866211e+01
   5.2603170e+06   5.7006836e+01
   5.2955030e+06   5.6823730e+01
   5.3081550e+06   5.4016113e+01
   5.3082020e+06   6.5307617e+01
   5.3082220e+06   4.5410156e+01
   5.3082440e+06   6.2316895e+01
   5.3082700e+06   4.2907715e+01
   5.3083020e+06   5.8959961e+01
   5.3083130e+06   8.9355469e+01
   5.3083470e+06   1.5740967e+02
   5.3083730e+06   6.1096191e+01
   5.3084130e+06   3.8879395e+01
   5.3084260e+06   6.8420410e+01
   5.3084630e+06   5.8288574e+01
   5.3084890e+06   6.2133789e+01
   5.3085080e+06   6.0363770e+01
   5.3085310e+06   5.3588867e+01
   5.3085600e+06   3.8818359e+01
   5.3085770e+06   5.1147461e+01
   5.3085900e+06   3.9916992e+01
   5.3086280e+06   5.9020996e+01
   5.3086430e+06   6.3354492e+01
   5.3086780e+06   4.7424316e+01
   5.3086950e+06   5.2124023e+01
   5.3087530e+06   5.9326172e+01
   5.3087690e+06   4.6447754e+01
   5.3087790e+06   6.2988281e+01
   5.3088060e+06   3.6254883e+01
   5.3088290e+06   4.4494629e+01
   5.3088670e+06   6.1218262e+01
   5.3088770e+06   4.2968750e+01
   5.3089120e+06   3.9916992e+01
   5.3089430e+06   5.7617188e+01
   5.3089640e+06   4.5898438e+01
   5.3090030e+06   6.2194824e+01
   5.3090300e+06   3.8635254e+01
   5.3090600e+06   4.9560547e+01
   5.3091010e+06   3.9062500e+01
   5.3091230e+06   8.6059570e+01
   5.3091930e+06   3.6010742e+01
   5.3092120e+06   4.8767090e+01
   5.3092350e+06   3.6987305e+01
   5.3093300e+06   5.3588867e+01
   5.3093710e+06   7.0190430e+01
   5.3093860e+06   3.8330078e+01
   5.3094950e+06   5.3527832e+01
   5.3095480e+06   4.8889160e+01
   5.3095850e+06   4.1564941e+01
   5.3096070e+06   3.6499023e+01
   5.3096890e+06   3.6071777e+01
   5.3097280e+06   3.7658691e+01
   5.3098310e+06   3.8818359e+01
   5.3098550e+06   3.6437988e+01
   5.3098840e+06   5.4138184e+01
   5.3099820e+06   4.2114258e+01
   5.3100200e+06   4.4799805e+01
   5.3100530e+06   3.6987305e+01
   5.3101840e+06   4.9499512e+01
   5.3101980e+06   4.6325684e+01
   5.3103480e+06   4.8217773e+01
   5.3104840e+06   4.4738770e+01
   5.3105340e+06   4.8889160e+01
   5.3106680e+06   4.4799805e+01
   5.3107080e+06   3.7292480e+01
   5.3107300e+06   4.6936035e+01
   5.3110650e+06   4.4250488e+01
   5.3110970e+06   4.3884277e+01
   5.3111530e+06   3.6315918e+01
   5.3111780e+06   3.5888672e+01
   5.3114150e+06   5.9326172e+01
   5.3119520e+06   3.7292480e+01
   5.3119730e+06   3.9978027e+01
   5.3120270e+06   5.6640625e+01
   5.3123640e+06   5.0170898e+01
   5.3127660e+06   4.1442871e+01
   5.3128080e+06   4.1137695e+01
   5.3132570e+06   7.4890137e+01
   5.3138150e+06   7.1777344e+01
   5.3145290e+06   8.5998535e+01
   5.3156840e+06   5.9875488e+01
   5.3158040e+06   7.3913574e+01
   5.3158510e+06   5.6152344e+01
   5.3159760e+06   7.0007324e+01
   5.3160810e+06   5.6640625e+01
   5.3162110e+06   5.6762695e+01
   5.3162400e+06   5.8044434e+01
   5.3163750e+06   7.3120117e+01
   5.3164040e+06   4.1992188e+01
   5.3164550e+06   8.0200195e+01
   5.3164730e+06   6.2377930e+01
   5.3166000e+06   5.3222656e+01
   5.3166400e+06   7.3608398e+01
   5.3166600e+06   3.7902832e+01
   5.3167190e+06   5.2246094e+01
   5.3168060e+06   6.7077637e+01
   5.3168200e+06   5.9082031e+01
   5.3168500e+06   4.2236328e+01
   5.3169380e+06   6.9946289e+01
   5.3169920e+06   3.8818359e+01
   5.3170710e+06   4.5654297e+01
   5.3170910e+06   6.1218262e+01
   5.3171150e+06   5.0598145e+01
   5.3171400e+06   3.6682129e+01
   5.3171570e+06   4.1076660e+01
   5.3172110e+06   6.0241699e+01
   5.3172450e+06   4.7302246e+01
   5.3172700e+06   3.6437988e+01
   5.3173320e+06   5.5175781e+01
   5.3173620e+06   5.6396484e+01
   5.3174310e+06   5.1940918e+01
   5.3174600e+06   3.7719727e+01
   5.3174720e+06   3.9245605e+01
   5.3175010e+06   8.8745117e+01
   5.3175830e+06   4.4555664e+01
   5.3176360e+06   5.8227539e+01
   5.3176660e+06   4.3701172e+01
   5.3177060e+06   3.7780762e+01
   5.3177720e+06   3.6437988e+01
   5.3178120e+06   5.9387207e+01
   5.3179390e+06   4.5715332e+01
   5.3179760e+06   5.2490234e+01
   5.3179910e+06   4.1320801e+01
   5.3180870e+06   3.9184570e+01
   5.3182270e+06   5.7922363e+01
   5.3184150e+06   5.8105469e+01
   5.3184450e+06   6.1340332e+01
   5.3185390e+06   3.7292480e+01
   5.3186530e+06   1.1169434e+02
   5.3187280e+06   3.9306641e+01
   5.3189290e+06   5.8715820e+01
   5.3191970e+06   5.5175781e+01
   5.3193130e+06   4.5532227e+01
   5.3196650e+06   4.3823242e+01
   5.3199300e+06   4.3518066e+01
   5.3199810e+06   5.1086426e+01
   5.3200420e+06   4.6630859e+01
   5.3203840e+06   4.1442871e+01
   5.3215400e+06   6.4147949e+01
   5.3226550e+06   5.2551270e+01
   5.3230660e+06   5.7739258e+01
   5.3230860e+06   5.9204102e+01
   5.3230960e+06   3.7658691e+01
   5.3234830e+06   5.4992676e+01
   5.3236520e+06   3.9245605e+01
   5.3239380e+06   6.7565918e+01
   5.3240820e+06   3.8757324e+01
   5.3243250e+06   6.5307617e+01
   5.3244320e+06   4.3029785e+01
   5.3246380e+06   3.5827637e+01
   5.3247560e+06   3.8757324e+01
   5.3248100e+06   5.7434082e+01
   5.3249860e+06   4.1687012e+01
   5.3252490e+06   5.7983398e+01
   5.3253400e+06   4.0466309e+01
   5.3256990e+06   5.3771973e+01
   5.3268060e+06   3.9489746e+01
   5.3357200e+06   6.3598633e+01
   5.3380270e+06   4.2968750e+01
   5.3444770e+06   4.2602539e+01
   5.3475280e+06   5.5908203e+01
   5.3517660e+06   6.8481445e+01
   5.3670670e+06   4.9255371e+01
   5.4175690e+06   5.8105469e+01
   5.4357580e+06   6.2194824e+01
   5.4564550e+06   6.9091797e+01
   5.5025780e+06   3.7109375e+01
   5.5431770e+06   5.5786133e+01
   5.5560750e+06   3.5888672e+01
   5.5560910e+06   6.6711426e+01
   5.6678630e+06   6.9091797e+01
   5.7263340e+06   5.8898926e+01
   5.7340160e+06   6.4514160e+01
   5.7654640e+06   6.2744141e+01
   5.7905170e+06   5.8288574e+01
   5.7926800e+06   6.7626953e+01
   5.8144150e+06   6.1645508e+01
   5.8298960e+06   5.0903320e+01
   5.8429640e+06   6.5124512e+01
   5.8527370e+06   5.5053711e+01
   5.8530690e+06   6.1401367e+01
   5.8746930e+06   7.3669434e+01
   5.8893670e+06   5.7556152e+01
   5.8961180e+06   5.6335449e+01
   5.9140270e+06   6.7993164e+01
   5.9190060e+06   6.8603516e+01
   5.9370480e+06   6.8176270e+01
   5.9427910e+06   6.8054199e+01
   5.9434620e+06   7.3242188e+01
   5.9451680e+06   3.8146973e+01
   5.9452820e+06   5.1513672e+01
   5.9531890e+06   3.8452148e+01
   5.9703740e+06   3.7780762e+01
   5.9762100e+06   6.8725586e+01
   5.9870320e+06   6.7749023e+01
   5.9898280e+06   5.1757812e+01
   6.0144330e+06   6.1096191e+01
   6.0185670e+06   6.8054199e+01
   6.0233680e+06   4.9987793e+01
   6.0466530e+06   6.9335938e+01
   6.0652240e+06   5.1147461e+01
   6.0655740e+06   7.0739746e+01
   6.0854280e+06   5.7128906e+01
   6.0861270e+06   6.5551758e+01
   6.0866970e+06   1.4263916e+02
   6.0870920e+06   1.3220215e+02
   6.0874800e+06   1.2023926e+02
   6.0876740e+06   6.7504883e+01
   6.0878890e+06   1.1169434e+02
   6.0884780e+06   1.1535645e+02
   6.0887900e+06   1.0864258e+02
   6.0888390e+06   6.1157227e+01
   6.0891060e+06   1.1108398e+02
   6.0895280e+06   9.9426270e+01
   6.0900180e+06   1.0821533e+02
   6.0903700e+06   1.0375977e+02
   6.0909120e+06   1.0681152e+02
   6.0915820e+06   1.1230469e+02
   6.0943890e+06   7.9589844e+01
   6.1271270e+06   6.4270020e+01
   6.1359470e+06   6.5856934e+01
   6.1399710e+06   6.6162109e+01
   6.1596090e+06   5.9387207e+01
   6.1619370e+06   7.2021484e+01
   6.1625840e+06   3.7292480e+01
   6.1645200e+06   7.7941895e+01
   6.1859640e+06   7.0556641e+01
   6.1886190e+06   6.9641113e+01
   6.2119660e+06   6.0241699e+01
   6.2124790e+06   8.1604004e+01
   6.2274980e+06   6.0974121e+01
   6.2331110e+06   7.2204590e+01
   6.2432750e+06   3.9306641e+01
   6.2533820e+06   5.8776855e+01
   6.2540350e+06   6.7810059e+01
   6.2772780e+06   6.0913086e+01
   6.2793990e+06   7.0983887e+01
   6.2948690e+06   7.4279785e+01
   6.3035980e+06   3.7048340e+01
   6.3171160e+06   7.1289062e+01
   6.3196070e+06   5.4565430e+01
   6.3296940e+06   7.2692871e+01
   6.3390600e+06   6.9396973e+01
   6.3565550e+06   7.8002930e+01
   6.3597250e+06   5.9448242e+01
   6.3676710e+06   6.0913086e+01
   6.3735580e+06   3.8146973e+01
   6.3817930e+06   6.9274902e+01
   6.3821830e+06   6.4697266e+01
   6.3974640e+06   3.7475586e+01
   6.4058020e+06   7.1838379e+01
   6.4592010e+06   6.9274902e+01
   6.4823860e+06   6.1401367e+01
   6.4923740e+06   6.9763184e+01
   6.5109540e+06   7.0068359e+01
   6.5188990e+06   6.4514160e+01
   6.5260760e+06   6.7199707e+01
   6.5453760e+06   5.6213379e+01
   6.5463240e+06   7.2265625e+01
   6.5555310e+06   6.3171387e+01
   6.5569660e+06   7.4340820e+01
   6.5700540e+06   7.2143555e+01
   6.5730480e+06   6.9885254e+01
   6.5827640e+06   6.5795898e+01
   6.5954970e+06   6.4453125e+01
   6.5991220e+06   8.0383301e+01
   6.5996620e+06   8.2275391e+01
   6.5996820e+06   5.5969238e+01
   6.5997370e+06   5.2673340e+01
   6.5997730e+06   9.2163086e+01
   6.5997940e+06   6.3354492e+01
   6.5998100e+06   9.2590332e+01
   6.5998300e+06   1.4202881e+02
   6.5998440e+06   8.4106445e+01
   6.5998630e+06   9.5886230e+01
   6.5998810e+06   4.0710449e+01
   6.5999090e+06   4.9377441e+01
   6.5999310e+06   6.9763184e+01
   6.5999470e+06   4.4128418e+01
   6.5999740e+06   4.6875000e+01
   6.5999910e+06   7.7087402e+01
   6.6000210e+06   7.0434570e+01
   6.6000350e+06   5.1025391e+01
   6.6000510e+06   3.7475586e+01
   6.6000620e+06   3.7048340e+01
   6.6000980e+06   4.3395996e+01
   6.6001180e+06   3.9794922e+01
   6.6001420e+06   4.9255371e+01
   6.6001850e+06   4.9865723e+01
   6.6002110e+06   5.7250977e+01
   6.6002310e+06   3.6987305e+01
   6.6002660e+06   4.0771484e+01
   6.6002930e+06   4.3884277e+01
   6.6003530e+06   4.3273926e+01
   6.6003830e+06   3.8513184e+01
   6.6004030e+06   4.4555664e+01
   6.6004730e+06   5.5114746e+01
   6.6004830e+06   4.0893555e+01
   6.6005270e+06   5.3527832e+01
   6.6006030e+06   4.7302246e+01
   6.6006680e+06   5.1513672e+01
   6.6007520e+06   5.3955078e+01
   6.6008200e+06   5.5664062e+01
   6.6009150e+06   5.4931641e+01
   6.6010240e+06   4.3518066e+01
   6.6010700e+06   4.0161133e+01
   6.6011650e+06   5.1879883e+01
   6.6012310e+06   4.4982910e+01
   6.6012530e+06   4.1809082e+01
   6.6013350e+06   3.6560059e+01
   6.6013900e+06   5.0537109e+01
   6.6014570e+06   3.8757324e+01
   6.6015190e+06   4.3579102e+01
   6.6016630e+06   3.9733887e+01
   6.6016980e+06   4.3334961e+01
   6.6017240e+06   5.3527832e+01
   6.6017760e+06   3.6804199e+01
   6.6018090e+06   3.9123535e+01
   6.6018870e+06   5.4931641e+01
   6.6019280e+06   3.7170410e+01
   6.6019590e+06   4.1320801e+01
   6.6020220e+06   6.6284180e+01
   6.6021960e+06   4.9926758e+01
   6.6022450e+06   6.1340332e+01
   6.6023430e+06   4.3273926e+01
   6.6023620e+06   4.9438477e+01
   6.6024410e+06   6.0607910e+01
   6.6025080e+06   3.7841797e+01
   6.6025530e+06   6.0119629e+01
   6.6026400e+06   5.0231934e+01
   6.6026980e+06   4.2419434e+01
   6.6027510e+06   4.4433594e+01
   6.6029770e+06   4.4189453e+01
   6.6037260e+06   5.0048828e+01
   6.6040230e+06   5.6457520e+01
   6.6041330e+06   4.4372559e+01
   6.6045260e+06   4.3395996e+01
   6.6049850e+06   5.0170898e+01
   6.6050160e+06   3.9550781e+01
   6.6054850e+06   5.2978516e+01
   6.6060200e+06   3.9855957e+01
   6.6065670e+06   4.5166016e+01
   6.6070540e+06   4.8706055e+01
   6.6070870e+06   4.0527344e+01
   6.6072190e+06   4.6020508e+01
   6.6075620e+06   9.1735840e+01
   6.6076990e+06   3.7780762e+01
   6.6078220e+06   7.1533203e+01
   6.6078470e+06   6.7016602e+01
   6.6081200e+06   6.3171387e+01
   6.6082000e+06   4.5776367e+01
   6.6082850e+06   4.4006348e+01
   6.6083490e+06   5.6640625e+01
   6.6083760e+06   5.4748535e+01
   6.6085150e+06   6.3049316e+01
   6.6086040e+06   6.3537598e+01
   6.6086930e+06   4.7912598e+01
   6.6088140e+06   4.4738770e+01
   6.6088290e+06   5.4626465e+01
   6.6089320e+06   4.2236328e+01
   6.6089740e+06   4.9743652e+01
   6.6090040e+06   3.6682129e+01
   6.6091010e+06   5.5603027e+01
   6.6091870e+06   4.5104980e+01
   6.6093240e+06   4.9743652e+01
   6.6093530e+06   7.4462891e+01
   6.6094050e+06   3.7048340e+01
   6.6094660e+06   6.1523438e+01
   6.6095350e+06   5.3527832e+01
   6.6096300e+06   4.2175293e+01
   6.6096640e+06   7.4340820e+01
   6.6098000e+06   4.6447754e+01
   6.6098150e+06   3.8696289e+01
   6.6098690e+06   4.6630859e+01
   6.6099830e+06   4.8095703e+01
   6.6100390e+06   4.8889160e+01
   6.6101160e+06   4.4494629e+01
   6.6102120e+06   5.7006836e+01
   6.6102400e+06   4.0100098e+01
   6.6102960e+06   6.0180664e+01
   6.6104010e+06   5.1086426e+01
   6.6105710e+06   4.8583984e+01
   6.6107500e+06   4.0588379e+01
   6.6107750e+06   4.9987793e+01
   6.6110430e+06   3.7780762e+01
   6.6110870e+06   3.7902832e+01
   6.6112210e+06   4.5288086e+01
   6.6112380e+06   5.6640625e+01
   6.6114240e+06   4.2541504e+01
   6.6115610e+06   5.8166504e+01
   6.6117420e+06   5.2185059e+01
   6.6120210e+06   3.6560059e+01
   6.6122560e+06   4.0588379e+01
   6.6123400e+06   3.7231445e+01
   6.6130200e+06   5.1086426e+01
   6.6131790e+06   7.2082520e+01
   6.6135830e+06   4.0283203e+01
   6.6136500e+06   6.1767578e+01
   6.6137390e+06   3.9184570e+01
   6.6138660e+06   3.8208008e+01
   6.6140290e+06   4.4860840e+01
   6.6141260e+06   6.8725586e+01
   6.6142410e+06   4.3762207e+01
   6.6142670e+06   4.2907715e+01
   6.6143190e+06   3.6926270e+01
   6.6143880e+06   5.4016113e+01
   6.6145330e+06   4.2236328e+01
   6.6147350e+06   4.4982910e+01
   6.6147740e+06   3.6682129e+01
   6.6148400e+06   5.0903320e+01
   6.6151240e+06   5.8898926e+01
   6.6151800e+06   5.1208496e+01
   6.6154050e+06   4.2236328e+01
   6.6156590e+06   6.1950684e+01
   6.6158020e+06   4.9072266e+01
   6.6160030e+06   5.0415039e+01
   6.6165080e+06   5.1147461e+01
   6.6165420e+06   5.4992676e+01
   6.6171260e+06   4.5043945e+01
   6.6171930e+06   5.4687500e+01
   6.6172390e+06   5.4687500e+01
   6.6181490e+06   6.2500000e+01
   6.6263860e+06   5.7006836e+01
   6.6283200e+06   5.7861328e+01
   6.6299740e+06   5.9814453e+01
   6.6311990e+06   5.9692383e+01
   6.6347600e+06   6.2744141e+01
   6.6354600e+06   5.7312012e+01
   6.6366810e+06   5.7373047e+01
   6.6421610e+06   6.1584473e+01
   6.6465720e+06   6.7504883e+01
   6.6513100e+06   5.8227539e+01
   6.6534800e+06   6.3354492e+01
   6.6579490e+06   7.1777344e+01
   6.6613450e+06   5.8410645e+01
   6.6691600e+06   5.7250977e+01
   6.6725190e+06   3.8208008e+01
   6.6822350e+06   4.6386719e+01
   6.6901780e+06   5.6762695e+01
   6.6980090e+06   7.0922852e+01
   6.7028920e+06   7.0617676e+01
   6.7478470e+06   6.4575195e+01
   6.7726960e+06   5.4077148e+01
   6.8043590e+06   5.3405762e+01
   6.8421560e+06   4.0954590e+01
   6.8635780e+06   4.7424316e+01
   6.8644040e+06   7.3547363e+01
   6.9137060e+06   7.0739746e+01
   6.9344690e+06   7.3669434e+01
   6.9492820e+06   5.3588867e+01
   6.9689750e+06   5.9753418e+01
   6.9865730e+06   7.4584961e+01
   6.9890000e+06   7.2570801e+01
   6.9914300e+06   7.6232910e+01
   7.0095080e+06   6.1096191e+01
   7.0150670e+06   6.7199707e+01
   7.0175550e+06   6.7749023e+01
   7.0428580e+06   5.9570312e+01
   7.0545800e+06   6.7687988e+01
   7.0680530e+06   7.2143555e+01
   7.0813570e+06   6.4636230e+01
   7.0813980e+06   3.7780762e+01
   7.0829760e+06   5.6518555e+01
   7.1004230e+06   8.1726074e+01
   7.1206790e+06   6.3049316e+01
   7.1295100e+06   6.4453125e+01
   7.1340240e+06   6.9885254e+01
   7.1369190e+06   6.6955566e+01
   7.1604140e+06   7.8857422e+01
   7.1781230e+06   7.2387695e+01
   7.1784620e+06   6.4270020e+01
   7.1876330e+06   7.4523926e+01
   7.2018200e+06   3.7292480e+01
   7.2023820e+06   7.5683594e+01
   7.2031940e+06   7.4645996e+01
   7.2195990e+06   6.6650391e+01
   7.2348450e+06   6.6284180e+01
   7.2446960e+06   6.5124512e+01
   7.2523590e+06   7.1411133e+01
   7.2549750e+06   6.8542480e+01
   7.2633170e+06   5.9326172e+01
   7.2681330e+06   7.7941895e+01
   7.2889620e+06   8.8684082e+01
   7.2906100e+06   6.0974121e+01
   7.3055170e+06   7.4157715e+01
   7.3066840e+06   7.6049805e+01
   7.3088690e+06   7.2753906e+01
   7.3175510e+06   6.8176270e+01
   7.3244860e+06   5.8715820e+01
   7.3324480e+06   6.4453125e+01
   7.3378080e+06   7.5134277e+01
   7.3409330e+06   6.2072754e+01
   7.3472310e+06   6.4147949e+01
   7.3478480e+06   6.9763184e+01
   7.3548850e+06   5.8837891e+01
   7.3567370e+06   6.9396973e+01
   7.3636020e+06   5.4382324e+01
   7.3641460e+06   5.4260254e+01
   7.3672400e+06   7.6782227e+01
   7.3816790e+06   6.7749023e+01
   7.3896460e+06   6.0424805e+01
   7.3903550e+06   7.1899414e+01
   7.3927790e+06   6.5551758e+01
   7.3979990e+06   6.1096191e+01
   7.4053270e+06   6.8542480e+01
   7.4098620e+06   3.7292480e+01
   7.4098800e+06   6.9580078e+01
   7.4203770e+06   6.5307617e+01
   7.4224900e+06   6.6040039e+01
   7.4325270e+06   6.3537598e+01
   7.4376680e+06   7.3120117e+01
   7.4491960e+06   7.1594238e+01
   7.4526280e+06   6.7932129e+01
   7.4688300e+06   7.1960449e+01
   7.4785070e+06   6.1096191e+01
   7.4818060e+06   7.9345703e+01
   7.5033350e+06   6.9091797e+01
   7.5165250e+06   7.8308105e+01
   7.5190700e+06   7.4829102e+01
   7.5251230e+06   5.2368164e+01
   7.5275140e+06   7.0434570e+01
   7.5325960e+06   6.9396973e+01
   7.5359870e+06   6.7321777e+01
   7.5499250e+06   7.2387695e+01
   7.5500770e+06   7.9406738e+01
   7.5577210e+06   6.9213867e+01
   7.5618440e+06   3.8879395e+01
   7.5659590e+06   7.6110840e+01
   7.5697300e+06   7.1350098e+01
   7.5718330e+06   5.7556152e+01
   7.5722910e+06   5.5786133e+01
   7.5723220e+06   7.2143555e+01
   7.5723430e+06   3.7719727e+01
   7.5723750e+06   5.1208496e+01
   7.5724040e+06   8.5388184e+01
   7.5724210e+06   4.7973633e+01
   7.5724460e+06   6.7443848e+01
   7.5724600e+06   7.6110840e+01
   7.5724750e+06   1.4398193e+02
   7.5725050e+06   4.7607422e+01
   7.5725210e+06   6.6589355e+01
   7.5725560e+06   6.7260742e+01
   7.5725700e+06   8.5693359e+01
   7.5726030e+06   6.7871094e+01
   7.5726290e+06   4.9072266e+01
   7.5726490e+06   6.1401367e+01
   7.5726770e+06   3.7658691e+01
   7.5727080e+06   4.5043945e+01
   7.5727230e+06   6.6467285e+01
   7.5727630e+06   4.9499512e+01
   7.5727790e+06   4.2541504e+01
   7.5728090e+06   5.6335449e+01
   7.5728890e+06   6.0913086e+01
   7.5729340e+06   4.1503906e+01
   7.5729640e+06   3.9184570e+01
   7.5730100e+06   5.4260254e+01
   7.5730290e+06   4.5654297e+01
   7.5730620e+06   4.2541504e+01
   7.5731050e+06   4.2907715e+01
   7.5731180e+06   4.0710449e+01
   7.5731440e+06   3.8757324e+01
   7.5731810e+06   4.4799805e+01
   7.5732700e+06   4.8828125e+01
   7.5732890e+06   4.5776367e+01
   7.5733100e+06   3.7353516e+01
   7.5733610e+06   5.9265137e+01
   7.5734250e+06   4.9621582e+01
   7.5735150e+06   5.7312012e+01
   7.5736030e+06   3.9062500e+01
   7.5736280e+06   4.9926758e+01
   7.5737060e+06   4.1137695e+01
   7.5737270e+06   5.8593750e+01
   7.5737660e+06   3.6926270e+01
   7.5738300e+06   7.2265625e+01
   7.5738820e+06   4.1503906e+01
   7.5739440e+06   3.8574219e+01
   7.5740810e+06   3.7109375e+01
   7.5740930e+06   6.1584473e+01
   7.5741930e+06   4.8522949e+01
   7.5742160e+06   7.1960449e+01
   7.5743040e+06   4.7485352e+01
   7.5743270e+06   6.3293457e+01
   7.5744400e+06   4.4738770e+01
   7.5744600e+06   4.1259766e+01
   7.5744960e+06   5.2856445e+01
   7.5746040e+06   4.8706055e+01
   7.5746610e+06   4.0710449e+01
   7.5747600e+06   4.8339844e+01
   7.5749480e+06   4.3212891e+01
   7.5749910e+06   4.9682617e+01
   7.5751940e+06   4.8339844e+01
   7.5753880e+06   5.5358887e+01
   7.5756260e+06   4.2175293e+01
   7.5756490e+06   3.8696289e+01
   7.5761950e+06   4.8767090e+01
   7.5767380e+06   4.7851563e+01
   7.5767650e+06   4.1015625e+01
   7.5771680e+06   4.8034668e+01
   7.5775620e+06   4.8950195e+01
   7.5780750e+06   5.9387207e+01
   7.5781220e+06   3.8696289e+01
   7.5785530e+06   5.4260254e+01
   7.5786040e+06   3.9184570e+01
   7.5790780e+06   5.6823730e+01
   7.5791310e+06   3.7475586e+01
   7.5796090e+06   4.9438477e+01
   7.5797310e+06   7.3120117e+01
   7.5799930e+06   7.1044922e+01
   7.5800690e+06   5.9448242e+01
   7.5801320e+06   4.6630859e+01
   7.5802760e+06   4.6020508e+01
   7.5803180e+06   5.4748535e+01
   7.5803370e+06   3.9123535e+01
   7.5804220e+06   5.2551270e+01
   7.5804920e+06   6.4086914e+01
   7.5805790e+06   6.1279297e+01
   7.5806070e+06   4.7607422e+01
   7.5806530e+06   4.5593262e+01
   7.5806790e+06   3.7963867e+01
   7.5808040e+06   6.9519043e+01
   7.5809250e+06   4.6325684e+01
   7.5809470e+06   4.9377441e+01
   7.5809870e+06   3.8024902e+01
   7.5810700e+06   5.2307129e+01
   7.5811250e+06   5.7434082e+01
   7.5811570e+06   3.8574219e+01
   7.5811750e+06   4.5898438e+01
   7.5812700e+06   7.6904297e+01
   7.5812910e+06   3.6621094e+01
   7.5814290e+06   5.1391602e+01
   7.5815620e+06   6.0974121e+01
   7.5815970e+06   4.0344238e+01
   7.5816960e+06   4.9194336e+01
   7.5817280e+06   4.9743652e+01
   7.5818720e+06   4.0710449e+01
   7.5818940e+06   3.9489746e+01
   7.5819130e+06   5.0354004e+01
   7.5819330e+06   4.0832520e+01
   7.5820860e+06   5.6518555e+01
   7.5821470e+06   4.8461914e+01
   7.5822720e+06   6.6101074e+01
   7.5823980e+06   4.8583984e+01
   7.5824480e+06   6.4086914e+01
   7.5825340e+06   4.1931152e+01
   7.5826470e+06   5.5358887e+01
   7.5826660e+06   4.0832520e+01
   7.5828220e+06   3.7109375e+01
   7.5828580e+06   4.8645020e+01
   7.5829410e+06   4.2480469e+01
   7.5829560e+06   4.1381836e+01
   7.5831300e+06   6.0058594e+01
   7.5832070e+06   3.8024902e+01
   7.5834200e+06   5.7312012e+01
   7.5836860e+06   4.1564941e+01
   7.5837610e+06   5.1330566e+01
   7.5841060e+06   4.3395996e+01
   7.5844370e+06   5.2612305e+01
   7.5850700e+06   6.1157227e+01
   7.5851860e+06   5.6884766e+01
   7.5853020e+06   4.6081543e+01
   7.5858040e+06   4.4189453e+01
   7.5859090e+06   3.7841797e+01
   7.5860250e+06   6.1523438e+01
   7.5865310e+06   5.0842285e+01
   7.5875800e+06   5.3344727e+01
   7.5876120e+06   4.8767090e+01
   7.5876320e+06   4.0710449e+01
   7.5878170e+06   3.7353516e+01
   7.5878380e+06   5.8959961e+01
   7.5881970e+06   5.6701660e+01
   7.5883210e+06   4.8889160e+01
   7.5883790e+06   3.6743164e+01
   7.5884910e+06   5.4077148e+01
   7.5887760e+06   6.5307617e+01
   7.5887920e+06   4.8828125e+01
   7.5889830e+06   4.2846680e+01
   7.5890030e+06   3.8269043e+01
   7.5890360e+06   6.3903809e+01
   7.5894370e+06   3.6865234e+01
   7.5895080e+06   4.6081543e+01
   7.5896630e+06   4.3151855e+01
   7.5898220e+06   3.6926270e+01
   7.5902420e+06   5.6274414e+01
   7.5903650e+06   5.3527832e+01
   7.5906820e+06   4.8034668e+01
   7.5920310e+06   5.7800293e+01
   7.5968950e+06   5.9753418e+01
   7.5989270e+06   4.7302246e+01
   7.6002970e+06   6.5734863e+01
   7.6012310e+06   5.1513672e+01
   7.6038980e+06   6.9641113e+01
   7.6058800e+06   7.3364258e+01
   7.6075500e+06   6.6955566e+01
   7.6081580e+06   6.5979004e+01
   7.6092210e+06   5.9082031e+01
   7.6115750e+06   6.2316895e+01
   7.6149330e+06   6.4514160e+01
   7.6153470e+06   5.9875488e+01
   7.6173110e+06   5.7861328e+01
   7.6241310e+06   7.1716309e+01
   7.6265960e+06   6.0363770e+01
   7.6360480e+06   5.9692383e+01
   7.6384950e+06   7.1289062e+01
   7.6413930e+06   5.7861328e+01
   7.6505880e+06   5.7189941e+01
   7.6552850e+06   3.6804199e+01
   7.6659830e+06   6.3964844e+01
   7.6820270e+06   5.6945801e+01
   7.6964430e+06   7.0373535e+01
   7.7079250e+06   5.1513672e+01
   7.7489190e+06   6.2561035e+01
   7.7748140e+06   5.2490234e+01
   7.8673860e+06   5.4992676e+01
   7.8980400e+06   6.8603516e+01
   7.9048940e+06   5.7006836e+01
   7.9246500e+06   5.2368164e+01
   7.9253010e+06   6.9946289e+01
   7.9412160e+06   3.9001465e+01
   7.9477500e+06   4.2297363e+01
   7.9560510e+06   5.1574707e+01
   7.9661110e+06   6.8115234e+01
   7.9837230e+06   7.4462891e+01
   8.0208660e+06   7.2265625e+01
   8.0510040e+06   7.1289062e+01
   8.0554200e+06   5.2062988e+01
   8.0572170e+06   6.0852051e+01
   8.0573760e+06   3.7048340e+01
   8.0740840e+06   3.8391113e+01
   8.0742150e+06   6.3354492e+01
   8.0778380e+06   7.2937012e+01
   8.0927050e+06   6.0913086e+01
   8.0980480e+06   6.9213867e+01
   8.1003010e+06   5.9509277e+01
   8.1131140e+06   7.6049805e+01
   8.1150910e+06   4.9743652e+01
   8.1243300e+06   5.8776855e+01
   8.1332670e+06   6.7260742e+01
   8.1335920e+06   7.4890137e+01
   8.1394420e+06   6.3171387e+01
   8.1422440e+06   6.4575195e+01
   8.1512170e+06   7.8979492e+01
   8.1648420e+06   7.2998047e+01
   8.1778090e+06   5.7067871e+01
   8.1791310e+06   5.7312012e+01
   8.1831220e+06   7.1899414e+01
   8.1906590e+06   7.0861816e+01
   8.1920680e+06   5.6518555e+01
   8.1927000e+06   5.7983398e+01
   8.2019060e+06   5.0659180e+01
   8.2100440e+06   6.4941406e+01
   8.2121470e+06   6.9274902e+01
   8.2207360e+06   3.9245605e+01
   8.2256910e+06   7.5134277e+01
   8.2463790e+06   5.5419922e+01
   8.2579830e+06   7.0007324e+01
   8.2591500e+06   6.5063477e+01
   8.2708160e+06   5.3588867e+01
   8.2727670e+06   6.6406250e+01
   8.2750730e+06   6.6833496e+01
   8.2913680e+06   7.1289062e+01
   8.2998660e+06   6.3293457e+01
   8.3039290e+06   8.0993652e+01
   8.3061280e+06   5.8593750e+01
   8.3193230e+06   7.1289062e+01
   8.3373030e+06   6.9580078e+01
   8.3395590e+06   6.8969727e+01
   8.3431730e+06   8.0749512e+01
   8.3529960e+06   3.9306641e+01
   8.3608360e+06   5.9875488e+01
   8.3638250e+06   7.1105957e+01
   8.3671340e+06   5.2307129e+01
   8.3772820e+06   5.7739258e+01
   8.3786920e+06   6.8359375e+01
   8.3838960e+06   6.0363770e+01
   8.3851110e+06   6.4270020e+01
   8.3925090e+06   6.7077637e+01
   8.4037850e+06   7.2509766e+01
   8.4097300e+06   5.3955078e+01
   8.4102880e+06   6.2438965e+01
   8.4181080e+06   6.2316895e+01
   8.4228550e+06   6.5185547e+01
   8.4346510e+06   6.8359375e+01
   8.4399660e+06   4.2297363e+01
   8.4479530e+06   5.4382324e+01
   8.4545800e+06   7.5805664e+01
   8.4571030e+06   6.5307617e+01
   8.4632590e+06   6.2133789e+01
   8.4689430e+06   7.2937012e+01
   8.4774360e+06   5.8227539e+01
   8.4850250e+06   7.4768066e+01
   8.4854100e+06   6.8969727e+01
   8.4908180e+06   6.5185547e+01
   8.5043270e+06   7.2448730e+01
   8.5045390e+06   6.2927246e+01
   8.5075900e+06   6.6284180e+01
   8.5140250e+06   5.7922363e+01
   8.5142100e+06   3.8208008e+01
   8.5252710e+06   6.9824219e+01
   8.5300940e+06   6.7626953e+01
   8.5353640e+06   5.9326172e+01
   8.5372420e+06   3.6743164e+01
   8.5464570e+06   7.1350098e+01
   8.5493130e+06   7.4768066e+01
   8.5605750e+06   6.6162109e+01
   8.5638680e+06   5.8532715e+01
   8.5714720e+06   6.8786621e+01
   8.5717510e+06   7.1899414e+01
   8.5748510e+06   6.6345215e+01
   8.5766530e+06   6.4331055e+01
   8.5855580e+06   7.6416016e+01
   8.5922670e+06   6.6894531e+01
   8.5971030e+06   8.0871582e+01
   8.6077580e+06   5.5908203e+01
   8.6092570e+06   4.0527344e+01
   8.6127100e+06   6.9335938e+01
   8.6131570e+06   6.2866211e+01
   8.6132900e+06   4.9377441e+01
   8.6133380e+06   4.6752930e+01
   8.6133630e+06   6.9702148e+01
   8.6133810e+06   4.3273926e+01
   8.6133910e+06   3.9550781e+01
   8.6134100e+06   4.0344238e+01
   8.6134380e+06   9.9792480e+01
   8.6134540e+06   1.4709473e+02
   8.6134740e+06   4.5043945e+01
   8.6135130e+06   3.7170410e+01
   8.6135450e+06   9.0270996e+01
   8.6135590e+06   8.1420898e+01
   8.6135750e+06   5.4992676e+01
   8.6136160e+06   4.3090820e+01
   8.6136320e+06   4.6875000e+01
   8.6136670e+06   6.1523438e+01
   8.6137080e+06   5.2795410e+01
   8.6137370e+06   5.3100586e+01
   8.6137840e+06   5.5847168e+01
   8.6137950e+06   5.1696777e+01
   8.6138370e+06   5.4809570e+01
   8.6138860e+06   4.1320801e+01
   8.6139370e+06   3.8574219e+01
   8.6139550e+06   5.3894043e+01
   8.6139750e+06   4.1809082e+01
   8.6139910e+06   4.7912598e+01
   8.6140790e+06   4.3090820e+01
   8.6141240e+06   4.0710449e+01
   8.6143300e+06   4.8950195e+01
   8.6143920e+06   3.8574219e+01
   8.6144240e+06   4.9255371e+01
   8.6145130e+06   5.5908203e+01
   8.6146090e+06   6.7810059e+01
   8.6146400e+06   4.7363281e+01
   8.6147160e+06   6.0546875e+01
   8.6148010e+06   3.8574219e+01
   8.6148360e+06   4.8400879e+01
   8.6149070e+06   4.3395996e+01
   8.6150100e+06   4.6203613e+01
   8.6150320e+06   4.0710449e+01
   8.6151280e+06   6.8725586e+01
   8.6151550e+06   5.1879883e+01
   8.6152430e+06   3.7719727e+01
   8.6152830e+06   3.7292480e+01
   8.6152940e+06   6.1096191e+01
   8.6154100e+06   3.8269043e+01
   8.6154400e+06   5.6823730e+01
   8.6155940e+06   4.7363281e+01
   8.6157250e+06   6.6589355e+01
   8.6157750e+06   5.9570313e+01
   8.6159110e+06   4.7729492e+01
   8.6160110e+06   3.9245605e+01
   8.6162070e+06   4.5227051e+01
   8.6163040e+06   3.9978027e+01
   8.6164500e+06   4.2480469e+01
   8.6165000e+06   6.1889648e+01
   8.6167290e+06   5.0231934e+01
   8.6169020e+06   3.8146973e+01
   8.6169690e+06   4.1748047e+01
   8.6170080e+06   5.5053711e+01
   8.6172320e+06   3.7353516e+01
   8.6175890e+06   4.0527344e+01
   8.6179990e+06   4.2602539e+01
   8.6184020e+06   4.6813965e+01
   8.6184440e+06   3.8757324e+01
   8.6188300e+06   4.2602539e+01
   8.6192810e+06   5.6701660e+01
   8.6193170e+06   3.7658691e+01
   8.6198690e+06   6.3476562e+01
   8.6203490e+06   5.0903320e+01
   8.6204020e+06   6.8603516e+01
   8.6209690e+06   5.1940918e+01
   8.6211090e+06   4.5715332e+01
   8.6214290e+06   3.9733887e+01
   8.6214500e+06   5.3771973e+01
   8.6214830e+06   5.3466797e+01
   8.6214950e+06   7.0190430e+01
   8.6216360e+06   4.8156738e+01
   8.6216590e+06   5.6945801e+01
   8.6216830e+06   4.8583984e+01
   8.6217300e+06   3.7902832e+01
   8.6217670e+06   4.8400879e+01
   8.6218500e+06   6.2194824e+01
   8.6218740e+06   5.0903320e+01
   8.6219210e+06   3.7109375e+01
   8.6219310e+06   4.1687012e+01
   8.6219940e+06   4.2968750e+01
   8.6220310e+06   4.2968750e+01
   8.6220990e+06   4.0893555e+01
   8.6221420e+06   8.1420898e+01
   8.6221900e+06   5.3405762e+01
   8.6222130e+06   3.7841797e+01
   8.6222610e+06   3.7109375e+01
   8.6222980e+06   3.6743164e+01
   8.6223350e+06   3.6682129e+01
   8.6223620e+06   5.0415039e+01
   8.6224120e+06   3.9672852e+01
   8.6224660e+06   3.7109375e+01
   8.6224770e+06   5.2612305e+01
   8.6225860e+06   4.8828125e+01
   8.6226370e+06   4.9926758e+01
   8.6227650e+06   4.6691895e+01
   8.6228120e+06   6.2866211e+01
   8.6229410e+06   4.7912598e+01
   8.6229570e+06   4.1992188e+01
   8.6230210e+06   4.2907715e+01
   8.6230660e+06   3.8391113e+01
   8.6231050e+06   5.1696777e+01
   8.6232090e+06   4.0832520e+01
   8.6233300e+06   8.8012695e+01
   8.6234010e+06   4.1076660e+01
   8.6234950e+06   4.9255371e+01
   8.6237580e+06   6.8664551e+01
   8.6238180e+06   4.2053223e+01
   8.6239540e+06   4.4006348e+01
   8.6239730e+06   5.2124023e+01
   8.6240040e+06   3.7597656e+01
   8.6241710e+06   4.1625977e+01
   8.6242140e+06   5.6335449e+01
   8.6244180e+06   3.9916992e+01
   8.6244770e+06   5.5847168e+01
   8.6246420e+06   4.0344238e+01
   8.6249300e+06   4.7424316e+01
   8.6249660e+06   6.2500000e+01
   8.6258520e+06   3.6804199e+01
   8.6259990e+06   4.8400879e+01
   8.6288700e+06   4.9072266e+01
   8.6289250e+06   3.9123535e+01
   8.6290290e+06   4.7485352e+01
   8.6291770e+06   5.5908203e+01
   8.6294750e+06   6.9702148e+01
   8.6296260e+06   3.7902832e+01
   8.6297510e+06   4.8889160e+01
   8.6300450e+06   5.1879883e+01
   8.6301300e+06   4.1625977e+01
   8.6301980e+06   3.9062500e+01
   8.6302820e+06   4.4067383e+01
   8.6304360e+06   5.5908203e+01
   8.6304840e+06   6.4636230e+01
   8.6305210e+06   3.7231445e+01
   8.6306210e+06   5.2062988e+01
   8.6306640e+06   3.6621094e+01
   8.6307080e+06   6.2927246e+01
   8.6307810e+06   3.9550781e+01
   8.6308460e+06   4.5654297e+01
   8.6310320e+06   3.9367676e+01
   8.6310580e+06   3.8085938e+01
   8.6311820e+06   3.7719727e+01
   8.6312810e+06   3.6743164e+01
   8.6313840e+06   7.0556641e+01
   8.6316970e+06   5.0170898e+01
   8.6317930e+06   4.0161133e+01
   8.6320370e+06   5.9265137e+01
   8.6374540e+06   6.1340332e+01
   8.6381570e+06   6.0974121e+01
   8.6386310e+06   5.0292969e+01
   8.6393270e+06   5.1513672e+01
   8.6411780e+06   5.5847168e+01
   8.6424300e+06   5.3222656e+01
   8.6431020e+06   5.1391602e+01
   8.6437720e+06   5.6823730e+01
   8.6445770e+06   4.7302246e+01
   8.6459970e+06   5.6823730e+01
   8.6466640e+06   5.0598145e+01
   8.6475320e+06   6.9030762e+01
   8.6486030e+06   6.4208984e+01
   8.6496320e+06   7.0312500e+01
   8.6502320e+06   4.6691895e+01
   8.6518360e+06   5.8349609e+01
   8.6526810e+06   6.1096191e+01
   8.6537410e+06   5.4321289e+01
   8.6569180e+06   4.2114258e+01
   8.6575940e+06   5.5664063e+01
   8.6590060e+06   5.6579590e+01
   8.6596850e+06   5.7250977e+01
   8.6611630e+06   4.8889160e+01
   8.6619360e+06   5.3283691e+01
   8.6671390e+06   6.2072754e+01
   8.6687000e+06   5.1147461e+01
   8.6714140e+06   6.2988281e+01
   8.6752080e+06   6.6345215e+01
   8.6765080e+06   5.4260254e+01
   8.6820220e+06   4.6386719e+01
   8.6857600e+06   5.3588867e+01
   8.6923380e+06   5.3100586e+01
   8.6957750e+06   6.7687988e+01
   8.6990540e+06   5.4321289e+01
   8.7027100e+06   7.5988770e+01
   8.7061920e+06   5.6274414e+01
   8.7151580e+06   6.0852051e+01
   8.7271660e+06   4.8156738e+01
   8.7315170e+06   6.1279297e+01
   8.7401830e+06   6.6345215e+01
   8.7561160e+06   6.4880371e+01
   8.7632450e+06   3.7963867e+01
   8.7692480e+06   5.5053711e+01
   8.7823940e+06   6.3659668e+01
   8.8158380e+06   6.3842773e+01
   8.8198980e+06   5.2490234e+01
   8.8353930e+06   5.8227539e+01
   8.8447790e+06   5.1147461e+01
   8.8499190e+06   7.1411133e+01
   8.8526440e+06   7.7758789e+01
   8.8528110e+06   6.6650391e+01
   8.8762650e+06   5.6396484e+01
   8.8933930e+06   6.1218262e+01
   8.9043910e+06   3.7048340e+01
   8.9086120e+06   5.3405762e+01
   8.9092820e+06   5.9326172e+01
   8.9170240e+06   6.6467285e+01
   8.9267440e+06   6.5795898e+01
   8.9311200e+06   3.7963867e+01
   8.9415300e+06   6.5856934e+01
   8.9514690e+06   7.7575684e+01
   8.9535550e+06   5.9326172e+01
   8.9562420e+06   5.4321289e+01
   8.9683480e+06   5.1818848e+01
   8.9688360e+06   8.6425781e+01
   8.9775570e+06   5.6823730e+01
   8.9829820e+06   7.5134277e+01
   8.9955380e+06   4.7607422e+01
