   8.9970000e+06   0.0000000e+00
   2.3230300e+05   3.4484863e+01
   2.8288400e+05   3.5644531e+01
   5.9512000e+05   3.4545898e+01
   7.8552200e+05   3.7292480e+01
   8.6814500e+05   3.4118652e+01
   1.0162380e+06   3.5888672e+01
   1.0272890e+06   3.6132812e+01
   1.2026090e+06   1.1663818e+02
   1.2026220e+06   3.4790039e+01
   1.2026720e+06   5.5297852e+01
   1.2026920e+06   8.8012695e+01
   1.2027340e+06   3.6499023e+01
   1.2027750e+06   9.5153809e+01
   1.2028010e+06   8.6669922e+01
   1.2028130e+06   3.6437988e+01
   1.2028420e+06   5.6030273e+01
   1.2028730e+06   4.4921875e+01
   1.2029030e+06   3.7353516e+01
   1.2029240e+06   8.5632324e+01
   1.2029360e+06   3.5827637e+01
   1.2029720e+06   3.8330078e+01
   1.2030590e+06   3.8757324e+01
   1.2030840e+06   5.6701660e+01
   1.2030970e+06   3.8452148e+01
   1.2031980e+06   3.9978027e+01
   1.2034180e+06   5.1269531e+01
   1.2035170e+06   3.3996582e+01
   1.2037620e+06   6.6223145e+01
   1.2038030e+06   3.5644531e+01
   1.2045270e+06   3.3813477e+01
   1.2050450e+06   3.4912109e+01
   1.2052770e+06   3.7475586e+01
   1.2059470e+06   3.9001465e+01
   1.2064120e+06   3.7536621e+01
   1.2074510e+06   3.3630371e+01
   1.2083350e+06   4.0893555e+01
   1.2094260e+06   3.3874512e+01
   1.2095420e+06   7.3364258e+01
   1.2101370e+06   7.5805664e+01
   1.2104700e+06   3.4667969e+01
   1.2106990e+06   7.2937012e+01
   1.2110830e+06   3.6804199e+01
   1.2114430e+06   4.1809082e+01
   1.2114820e+06   6.8237305e+01
   1.2117110e+06   3.5278320e+01
   1.2119220e+06   9.4116211e+01
   1.2120260e+06   3.6071777e+01
   1.2121950e+06   3.3630371e+01
   1.2125230e+06   6.2561035e+01
   1.2127300e+06   3.4301758e+01
   1.2129420e+06   3.6743164e+01
   1.2131420e+06   5.9875488e+01
   1.2136870e+06   3.6071777e+01
   1.2140070e+06   4.6264648e+01
   1.2161140e+06   7.0739746e+01
   1.2190990e+06   6.5063477e+01
   1.2199090e+06   5.5114746e+01
   1.2204020e+06   4.2358398e+01
   1.2228010e+06   6.5368652e+01
   1.4881960e+06   3.3996582e+01
   1.8668940e+06   3.8513184e+01
   1.8783090e+06   3.5156250e+01
   1.8789850e+06   1.1425781e+02
   1.8790290e+06   3.5522461e+01
   1.8790720e+06   1.0675049e+02
   1.8791020e+06   3.6315918e+01
   1.8791130e+06   7.5195312e+01
   1.8791580e+06   7.5317383e+01
   1.8792350e+06   7.9345703e+01
   1.8792460e+06   3.4423828e+01
   1.8792730e+06   6.1584473e+01
   1.8793350e+06   6.7382812e+01
   1.8793740e+06   3.6193848e+01
   1.8794270e+06   4.7973633e+01
   1.8794370e+06   5.9997559e+01
   1.8795470e+06   5.9875488e+01
   1.8795680e+06   3.5217285e+01
   1.8795820e+06   3.5217285e+01
   1.8798000e+06   4.4250488e+01
   1.8800620e+06   3.5705566e+01
   1.8801300e+06   5.5847168e+01
   1.8801490e+06   3.5583496e+01
   1.8802830e+06   3.5461426e+01
   1.8804770e+06   8.0139160e+01
   1.8811150e+06   3.5583496e+01
   1.8812550e+06   3.7109375e+01
   1.8849740e+06   3.5461426e+01
   1.8853940e+06   3.4118652e+01
   1.8856640e+06   3.5217285e+01
   1.8860440e+06   4.1503906e+01
   1.8864380e+06   3.7841797e+01
   1.8866460e+06   4.1748047e+01
   1.8869330e+06   4.5166016e+01
   1.8872600e+06   3.9733887e+01
   1.8874990e+06   4.1381836e+01
   1.8877360e+06   9.8205566e+01
   1.8879330e+06   3.3874512e+01
   1.8881260e+06   4.7302246e+01
   1.8881560e+06   8.2580566e+01
   1.8882670e+06   3.9001465e+01
   1.8883150e+06   3.6315918e+01
   1.8884570e+06   3.7353516e+01
   1.8884910e+06   3.8085938e+01
   1.8885470e+06   3.4851074e+01
   1.8890520e+06   4.0527344e+01
   1.8890930e+06   4.0832520e+01
   1.8892670e+06   7.9345703e+01
   1.8893030e+06   3.4118652e+01
   1.8895250e+06   3.5644531e+01
   1.8898670e+06   3.9184570e+01
   1.8906940e+06   5.2062988e+01
   1.8909390e+06   5.9814453e+01
   1.8918120e+06   5.3161621e+01
   1.8932060e+06   6.7260742e+01
   1.8938260e+06   6.5185547e+01
   1.8943510e+06   5.7006836e+01
   1.8947840e+06   5.8227539e+01
   1.8953810e+06   6.2500000e+01
   1.8959670e+06   6.9030762e+01
   1.8968660e+06   5.8410645e+01
   1.8979260e+06   5.6335449e+01
   1.9973610e+06   3.3630371e+01
   2.2112790e+06   3.7170410e+01
   2.2519150e+06   3.7475586e+01
   2.3164020e+06   3.4484863e+01
   2.3948390e+06   3.7231445e+01
   2.4792600e+06   3.3691406e+01
   2.4859340e+06   3.5461426e+01
   2.5098000e+06   3.6682129e+01
   2.5701090e+06   3.4301758e+01
   2.5800470e+06   3.4912109e+01
   2.6672690e+06   1.2884521e+02
   2.6673120e+06   3.4606934e+01
   2.6673430e+06   1.0894775e+02
   2.6673980e+06   3.5217285e+01
   2.6674210e+06   6.5612793e+01
   2.6674460e+06   7.4218750e+01
   2.6675150e+06   6.5612793e+01
   2.6675270e+06   4.3395996e+01
   2.6675530e+06   6.1523438e+01
   2.6675950e+06   3.3752441e+01
   2.6676210e+06   6.6467285e+01
   2.6676750e+06   4.5166016e+01
   2.6677290e+06   5.1269531e+01
   2.6677460e+06   3.5644531e+01
   2.6678030e+06   3.7719727e+01
   2.6678990e+06   3.7109375e+01
   2.6679900e+06   4.8706055e+01
   2.6680870e+06   3.5461426e+01
   2.6681990e+06   5.1696777e+01
   2.6684100e+06   5.1330566e+01
   2.6686340e+06   3.4729004e+01
   2.6686600e+06   5.4992676e+01
   2.6687630e+06   3.4790039e+01
   2.6689030e+06   3.5644531e+01
   2.6690980e+06   6.0241699e+01
   2.6692230e+06   3.3813477e+01
   2.6692690e+06   3.7658691e+01
   2.6694260e+06   3.3935547e+01
   2.6695550e+06   3.4301758e+01
   2.6697400e+06   3.6071777e+01
   2.6699320e+06   3.6193848e+01
   2.6718590e+06   3.3996582e+01
   2.6721410e+06   6.8481445e+01
   2.6727320e+06   6.1889648e+01
   2.6733420e+06   3.7719727e+01
   2.6733570e+06   6.0729980e+01
   2.6735320e+06   3.3691406e+01
   2.6740190e+06   6.2255859e+01
   2.6741030e+06   3.5827637e+01
   2.6745290e+06   4.3457031e+01
   2.6745590e+06   6.7443848e+01
   2.6747150e+06   4.2663574e+01
   2.6749790e+06   4.2663574e+01
   2.6751310e+06   5.6945801e+01
   2.6751790e+06   4.4494629e+01
   2.6753870e+06   4.5166016e+01
   2.6755790e+06   5.0476074e+01
   2.6756780e+06   4.2480469e+01
   2.6759510e+06   3.5766602e+01
   2.6759940e+06   7.0434570e+01
   2.6760890e+06   3.4179688e+01
   2.6762860e+06   3.5400391e+01
   2.6763820e+06   6.2011719e+01
   2.6764440e+06   3.6132812e+01
   2.6767200e+06   5.3710938e+01
   2.6768990e+06   4.2968750e+01
   2.6771070e+06   5.0170898e+01
   2.6774700e+06   5.5175781e+01
   2.6775000e+06   4.0771484e+01
   2.6777310e+06   3.3874512e+01
   2.6780130e+06   5.4992676e+01
   2.6782480e+06   4.3090820e+01
   2.6785130e+06   5.0964355e+01
   2.6793800e+06   5.7434082e+01
   2.6798560e+06   5.2368164e+01
   2.6803230e+06   4.3518066e+01
   2.6808570e+06   5.8837891e+01
   2.6814620e+06   4.8950195e+01
   2.6823300e+06   4.7485352e+01
   2.6829150e+06   5.2246094e+01
   2.6834800e+06   4.2846680e+01
   2.6845150e+06   4.8034668e+01
   2.6854200e+06   4.1992188e+01
   2.6862360e+06   5.6091309e+01
   2.8010910e+06   8.8134766e+01
   3.0025580e+06   3.4667969e+01
   3.1432370e+06   3.4362793e+01
   3.1527120e+06   3.4851074e+01
   3.1527310e+06   9.5947266e+01
   3.1527430e+06   8.5815430e+01
   3.1528220e+06   9.6557617e+01
   3.1528450e+06   4.3762207e+01
   3.1528950e+06   7.7270508e+01
   3.1529180e+06   1.0284424e+02
   3.1530020e+06   8.1115723e+01
   3.1530300e+06   7.2814941e+01
   3.1531000e+06   6.4208984e+01
   3.1531290e+06   3.5522461e+01
   3.1531640e+06   3.7475586e+01
   3.1531910e+06   6.4880371e+01
   3.1533080e+06   3.8024902e+01
   3.1533280e+06   5.7006836e+01
   3.1534260e+06   4.0710449e+01
   3.1535350e+06   6.7016602e+01
   3.1537940e+06   4.6508789e+01
   3.1539990e+06   5.1818848e+01
   3.1541090e+06   4.5166016e+01
   3.1542810e+06   6.5002441e+01
   3.1544280e+06   4.0466309e+01
   3.1544570e+06   3.5705566e+01
   3.1546020e+06   3.6254883e+01
   3.1549000e+06   5.4565430e+01
   3.1551970e+06   3.9794922e+01
   3.1555670e+06   3.3935547e+01
   3.1558630e+06   3.7170410e+01
   3.1564930e+06   3.6621094e+01
   3.1570870e+06   4.1320801e+01
   3.1578380e+06   3.4484863e+01
   3.1586250e+06   3.6071777e+01
   3.1588210e+06   3.6682129e+01
   3.1604670e+06   7.3059082e+01
   3.1620090e+06   9.7351074e+01
   3.1621690e+06   8.1359863e+01
   3.1623330e+06   1.1584473e+02
   3.1625170e+06   4.7241211e+01
   3.1626850e+06   5.8959961e+01
   3.1628650e+06   3.5156250e+01
   3.1629410e+06   4.7302246e+01
   3.1630420e+06   5.7800293e+01
   3.1631200e+06   5.3222656e+01
   3.1632630e+06   3.4545898e+01
   3.1634910e+06   6.1645508e+01
   3.1636380e+06   3.4423828e+01
   3.1638530e+06   4.6936035e+01
   3.1643850e+06   5.5541992e+01
   3.1646340e+06   4.3029785e+01
   3.1651420e+06   4.4616699e+01
   3.1668440e+06   6.7199707e+01
   3.1687200e+06   3.6315918e+01
   3.1687710e+06   6.5124512e+01
   3.1695930e+06   6.4025879e+01
   3.1701610e+06   6.4392090e+01
   3.1709540e+06   5.8349609e+01
   3.1718210e+06   6.1706543e+01
   3.3501860e+06   3.6193848e+01
   3.6260030e+06   3.6315918e+01
   3.7387330e+06   3.9367676e+01
   3.7388070e+06   9.6862793e+01
   3.7388320e+06   8.7951660e+01
   3.7389040e+06   9.8693848e+01
   3.7389410e+06   3.4545898e+01
   3.7389750e+06   7.9833984e+01
   3.7389870e+06   1.0083008e+02
   3.7390130e+06   3.8208008e+01
   3.7390420e+06   3.6560059e+01
   3.7390790e+06   7.1228027e+01
   3.7391300e+06   6.3354492e+01
   3.7391520e+06   4.7485352e+01
   3.7391660e+06   4.0161133e+01
   3.7392530e+06   6.3415527e+01
   3.7392820e+06   5.1147461e+01
   3.7393870e+06   4.9072266e+01
   3.7394250e+06   3.7902832e+01
   3.7394680e+06   3.4973145e+01
   3.7395510e+06   3.7780762e+01
   3.7396080e+06   3.6437988e+01
   3.7396570e+06   3.4729004e+01
   3.7398150e+06   3.8269043e+01
   3.7398320e+06   5.0415039e+01
   3.7399560e+06   3.9306641e+01
   3.7399710e+06   3.4545898e+01
   3.7401150e+06   4.8278809e+01
   3.7402750e+06   4.2541504e+01
   3.7404770e+06   6.5551758e+01
   3.7406310e+06   4.0222168e+01
   3.7407770e+06   3.4484863e+01
   3.7409550e+06   5.3833008e+01
   3.7411170e+06   4.1503906e+01
   3.7412640e+06   4.6997070e+01
   3.7414240e+06   3.6926270e+01
   3.7415610e+06   3.4118652e+01
   3.7419020e+06   3.6865234e+01
   3.7453150e+06   3.4973145e+01
   3.7455660e+06   3.4790039e+01
   3.7460750e+06   3.4240723e+01
   3.7462980e+06   3.8635254e+01
   3.7466910e+06   8.3557129e+01
   3.7470890e+06   5.4992676e+01
   3.7472740e+06   9.7717285e+01
   3.7474160e+06   3.4790039e+01
   3.7475740e+06   3.4667969e+01
   3.7477220e+06   1.0034180e+02
   3.7479520e+06   4.1381836e+01
   3.7481170e+06   6.8847656e+01
   3.7481590e+06   3.4545898e+01
   3.7482580e+06   4.3273926e+01
   3.7491250e+06   3.7658691e+01
   3.7493560e+06   3.6499023e+01
   3.7524070e+06   3.5705566e+01
   3.7536310e+06   6.5002441e+01
   3.7541350e+06   7.0983887e+01
   3.7558550e+06   6.5612793e+01
   3.7567640e+06   3.4667969e+01
   3.7570370e+06   7.0556641e+01
   3.9027740e+06   8.1481934e+01
   4.6434880e+06   3.7048340e+01
   4.6846380e+06   3.5888672e+01
   4.7138700e+06   3.8452148e+01
   4.7138830e+06   1.2976074e+02
   4.7139560e+06   1.2585449e+02
   4.7139740e+06   4.1870117e+01
   4.7140500e+06   8.9233398e+01
   4.7140700e+06   7.7392578e+01
   4.7140950e+06   3.5400391e+01
   4.7141570e+06   7.1960449e+01
   4.7142480e+06   7.7819824e+01
   4.7143370e+06   5.7678223e+01
   4.7143780e+06   4.2785645e+01
   4.7144150e+06   5.0720215e+01
   4.7144530e+06   3.6193848e+01
   4.7145780e+06   4.8034668e+01
   4.7147570e+06   3.5339355e+01
   4.7148350e+06   4.3090820e+01
   4.7149560e+06   3.4667969e+01
   4.7150220e+06   5.1696777e+01
   4.7151470e+06   4.9682617e+01
   4.7153830e+06   3.4301758e+01
   4.7154280e+06   4.3273926e+01
   4.7154950e+06   3.4790039e+01
   4.7156880e+06   3.4118652e+01
   4.7158170e+06   3.8940430e+01
   4.7164680e+06   3.5827637e+01
   4.7170550e+06   5.8532715e+01
   4.7172800e+06   3.7780762e+01
   4.7178210e+06   5.6640625e+01
   4.7194180e+06   6.9763184e+01
   4.7198920e+06   6.6833496e+01
   4.7203700e+06   5.8349609e+01
   4.7209900e+06   4.6630859e+01
   4.7214120e+06   5.6640625e+01
   4.7219630e+06   4.8767090e+01
   4.7222020e+06   3.8208008e+01
   4.7223700e+06   7.0678711e+01
   4.7224150e+06   3.4179688e+01
   4.7228210e+06   3.6376953e+01
   4.7229770e+06   3.7963867e+01
   4.7232430e+06   6.3171387e+01
   4.7232960e+06   4.9438477e+01
   4.7234220e+06   3.4179688e+01
   4.7236370e+06   5.0842285e+01
   4.7237630e+06   3.4484863e+01
   4.7241320e+06   5.1452637e+01
   4.7245550e+06   4.0466309e+01
   4.7249270e+06   5.4748535e+01
   4.7250850e+06   6.1157227e+01
   4.7258050e+06   4.3212891e+01
   4.7274260e+06   5.2062988e+01
   4.7282510e+06   4.6264648e+01
   4.7288400e+06   6.0424805e+01
   4.7295780e+06   4.7973633e+01
   4.7303110e+06   5.1208496e+01
   4.7310450e+06   5.4626465e+01
   4.7317020e+06   5.8166504e+01
   4.7671660e+06   7.4890137e+01
   4.8154180e+06   9.4360352e+01
   4.8221960e+06   7.6782227e+01
   4.8471740e+06   8.1115723e+01
   4.9386450e+06   3.7109375e+01
   5.1599030e+06   3.3996582e+01
   5.3082530e+06   1.4611816e+02
   5.3082740e+06   3.6926270e+01
   5.3083300e+06   1.1932373e+02
   5.3083590e+06   3.8757324e+01
   5.3083890e+06   6.8237305e+01
   5.3084300e+06   7.9711914e+01
   5.3084450e+06   4.5288086e+01
   5.3084830e+06   3.5583496e+01
   5.3085250e+06   6.6345215e+01
   5.3086530e+06   6.8664551e+01
   5.3087720e+06   5.5236816e+01
   5.3088190e+06   4.9743652e+01
   5.3088780e+06   3.6132812e+01
   5.3089830e+06   4.3029785e+01
   5.3090560e+06   3.4667969e+01
   5.3091990e+06   4.9316406e+01
   5.3092470e+06   4.9133301e+01
   5.3094230e+06   3.6010742e+01
   5.3094970e+06   4.8828125e+01
   5.3095960e+06   5.3405762e+01
   5.3097400e+06   5.6396484e+01
   5.3098910e+06   5.3710938e+01
   5.3099300e+06   3.8391113e+01
   5.3100840e+06   4.1381836e+01
   5.3102280e+06   4.6325684e+01
   5.3103920e+06   3.7597656e+01
   5.3105490e+06   4.2297363e+01
   5.3106930e+06   4.1137695e+01
   5.3116180e+06   3.3935547e+01
   5.3120700e+06   3.4912109e+01
   5.3135240e+06   3.4667969e+01
   5.3137140e+06   3.5278320e+01
   5.3156090e+06   3.4851074e+01
   5.3158940e+06   7.4218750e+01
   5.3162800e+06   5.9631348e+01
   5.3163970e+06   3.8879395e+01
   5.3166240e+06   6.6040039e+01
   5.3169800e+06   6.3842773e+01
   5.3173220e+06   6.2255859e+01
   5.3176230e+06   3.6499023e+01
   5.3176350e+06   3.4240723e+01
   5.3178180e+06   5.4199219e+01
   5.3181650e+06   3.7963867e+01
   5.3184110e+06   6.4636230e+01
   5.3184880e+06   3.6987305e+01
   5.3191700e+06   4.9133301e+01
   5.3194030e+06   5.1391602e+01
   5.3200190e+06   6.0485840e+01
   5.3204540e+06   5.9204102e+01
   5.3209720e+06   4.6508789e+01
   5.3217380e+06   4.6875000e+01
   5.3223710e+06   5.2917480e+01
   5.3230740e+06   5.6213379e+01
   5.3238420e+06   4.5898438e+01
   5.3244010e+06   3.4545898e+01
   5.3246760e+06   4.9621582e+01
   5.3259520e+06   4.9194336e+01
   5.3270090e+06   5.8593750e+01
   5.3600630e+06   8.2336426e+01
   5.4131510e+06   9.5031738e+01
   5.4154720e+06   3.9367676e+01
   5.4403450e+06   8.4960937e+01
   5.4421180e+06   3.4301758e+01
   5.5861640e+06   3.3935547e+01
   5.6395150e+06   3.5644531e+01
   5.7206480e+06   3.3996582e+01
   5.7333420e+06   3.4179688e+01
   5.8641190e+06   8.6059570e+01
   5.9092190e+06   3.5949707e+01
   6.0741780e+06   3.6010742e+01
   6.1415700e+06   3.4057617e+01
   6.4202920e+06   3.3935547e+01
   6.4275180e+06   3.3996582e+01
   6.5280290e+06   3.4790039e+01
   6.5669480e+06   3.7048340e+01
   6.5905180e+06   3.4301758e+01
   6.5996930e+06   1.0156250e+02
   6.5997090e+06   3.6376953e+01
   6.5997270e+06   1.3061523e+02
   6.5998080e+06   9.9670410e+01
   6.5998510e+06   8.8317871e+01
   6.5999020e+06   9.0393066e+01
   6.5999340e+06   4.1564941e+01
   6.5999610e+06   4.0588379e+01
   6.5999710e+06   5.8532715e+01
   6.6000320e+06   5.9570313e+01
   6.6000530e+06   4.4738770e+01
   6.6001010e+06   5.1452637e+01
   6.6002150e+06   5.4260254e+01
   6.6002340e+06   3.6132812e+01
   6.6002570e+06   3.4118652e+01
   6.6002890e+06   4.2114258e+01
   6.6003730e+06   3.4118652e+01
   6.6005770e+06   3.4118652e+01
   6.6009140e+06   5.5908203e+01
   6.6012400e+06   3.8757324e+01
   6.6014900e+06   3.7048340e+01
   6.6017580e+06   3.9672852e+01
   6.6022060e+06   3.5766602e+01
   6.6024300e+06   7.0739746e+01
   6.6027470e+06   3.5095215e+01
   6.6029100e+06   6.7687988e+01
   6.6049350e+06   6.8237305e+01
   6.6056490e+06   6.1889648e+01
   6.6060590e+06   5.6030273e+01
   6.6065200e+06   5.5236816e+01
   6.6068400e+06   3.6865234e+01
   6.6069570e+06   5.7922363e+01
   6.6070730e+06   3.7963867e+01
   6.6072310e+06   3.9489746e+01
   6.6074540e+06   5.7617188e+01
   6.6079320e+06   5.4809570e+01
   6.6083910e+06   5.2551270e+01
   6.6086920e+06   3.7963867e+01
   6.6087700e+06   3.4179688e+01
   6.6088100e+06   5.2185059e+01
   6.6089260e+06   4.9804688e+01
   6.6092480e+06   5.0842285e+01
   6.6094090e+06   3.8879395e+01
   6.6097000e+06   5.0903320e+01
   6.6097570e+06   3.5888672e+01
   6.6100960e+06   5.6945801e+01
   6.6104370e+06   3.4057617e+01
   6.6107570e+06   4.0771484e+01
   6.6112180e+06   5.2368164e+01
   6.6131400e+06   4.2968750e+01
   6.6137190e+06   4.9133301e+01
   6.6143180e+06   4.3029785e+01
   6.6147020e+06   4.6447754e+01
   6.6153460e+06   4.4372559e+01
   6.6159640e+06   4.7729492e+01
   6.6165740e+06   5.7739258e+01
   6.6173400e+06   4.4982910e+01
   6.6642580e+06   8.6425781e+01
   6.7254410e+06   3.5461426e+01
   6.7661890e+06   7.8979492e+01
   6.7790880e+06   3.6499023e+01
   6.8376380e+06   8.4960938e+01
   6.9534720e+06   9.2346191e+01
   7.0696150e+06   3.4057617e+01
   7.2719840e+06   8.9782715e+01
   7.2838220e+06   3.4240723e+01
   7.3796110e+06   3.5705566e+01
   7.4133270e+06   3.4484863e+01
   7.5068190e+06   3.3996582e+01
   7.5723480e+06   3.7353516e+01
   7.5723620e+06   1.3098145e+02
   7.5723780e+06   8.7768555e+01
   7.5724320e+06   9.1918945e+01
   7.5724480e+06   3.6621094e+01
   7.5724650e+06   3.7719727e+01
   7.5725030e+06   7.2937012e+01
   7.5725540e+06   3.6193848e+01
   7.5725780e+06   5.7922363e+01
   7.5725960e+06   4.1503906e+01
   7.5727160e+06   5.7983398e+01
   7.5727700e+06   4.7302246e+01
   7.5727840e+06   4.8034668e+01
   7.5728080e+06   3.8696289e+01
   7.5729350e+06   4.0344238e+01
   7.5729750e+06   5.4260254e+01
   7.5730600e+06   3.7719727e+01
   7.5730790e+06   3.9062500e+01
   7.5731370e+06   3.7658691e+01
   7.5732120e+06   3.6926270e+01
   7.5732950e+06   3.9245605e+01
   7.5734700e+06   3.3996582e+01
   7.5737060e+06   3.5156250e+01
   7.5737460e+06   4.5837402e+01
   7.5742890e+06   4.3884277e+01
   7.5744940e+06   3.5156250e+01
   7.5749410e+06   3.9611816e+01
   7.5751360e+06   3.4179688e+01
   7.5782750e+06   3.7963867e+01
   7.5785140e+06   3.5461426e+01
   7.5786990e+06   3.4973145e+01
   7.5790540e+06   6.9091797e+01
   7.5790700e+06   3.5888672e+01
   7.5795310e+06   3.8208008e+01
   7.5796070e+06   7.2753906e+01
   7.5797470e+06   3.8940430e+01
   7.5801110e+06   7.0129395e+01
   7.5804070e+06   4.7668457e+01
   7.5808820e+06   6.3232422e+01
   7.5809650e+06   3.5217285e+01
   7.5811740e+06   3.5949707e+01
   7.5812440e+06   5.6823730e+01
   7.5814000e+06   3.4606934e+01
   7.5816210e+06   3.4301758e+01
   7.5817120e+06   5.7189941e+01
   7.5821500e+06   4.6630859e+01
   7.5825900e+06   5.5480957e+01
   7.5830830e+06   5.3771973e+01
   7.5835410e+06   5.2307129e+01
   7.5840510e+06   5.3100586e+01
   7.5846170e+06   5.1025391e+01
   7.5851310e+06   5.9020996e+01
   7.5860260e+06   4.7119141e+01
   7.5866570e+06   4.5776367e+01
   7.5872600e+06   5.6152344e+01
   7.5877010e+06   5.2734375e+01
   7.5885600e+06   4.7729492e+01
   7.5894510e+06   5.1452637e+01
   7.6145930e+06   8.3374023e+01
   7.6265660e+06   8.2336426e+01
   7.6385390e+06   8.1115723e+01
   7.6698120e+06   8.4838867e+01
   7.6798120e+06   9.2041016e+01
   7.7083720e+06   8.2641602e+01
   7.7273360e+06   7.9162598e+01
   7.7806350e+06   8.2641602e+01
   7.7937750e+06   7.4707031e+01
   7.9569080e+06   3.7902832e+01
   7.9986590e+06   3.9672852e+01
   8.0781090e+06   3.5034180e+01
   8.2193100e+06   3.7231445e+01
   8.3919820e+06   3.5583496e+01
   8.4139570e+06   3.7902832e+01
   8.6133240e+06   1.2060547e+02
   8.6133540e+06   9.4421387e+01
   8.6133890e+06   1.1151123e+02
   8.6134380e+06   4.1198730e+01
   8.6134770e+06   7.4401855e+01
   8.6135260e+06   3.9672852e+01
   8.6135400e+06   7.9650879e+01
   8.6135930e+06   5.1818848e+01
   8.6136030e+06   5.5603027e+01
   8.6136420e+06   3.5156250e+01
   8.6136840e+06   4.6508789e+01
   8.6137030e+06   3.6071777e+01
   8.6137680e+06   3.7658691e+01
   8.6138020e+06   4.5227051e+01
   8.6138300e+06   6.0485840e+01
   8.6138910e+06   3.4545898e+01
   8.6139430e+06   3.4118652e+01
   8.6139730e+06   3.8696289e+01
   8.6140330e+06   3.6682129e+01
   8.6141520e+06   3.4545898e+01
   8.6143580e+06   4.3090820e+01
   8.6144130e+06   3.3935547e+01
   8.6145210e+06   3.4606934e+01
   8.6146370e+06   3.5034180e+01
   8.6147330e+06   3.5095215e+01
   8.6150610e+06   3.6437988e+01
   8.6153850e+06   5.1696777e+01
   8.6154930e+06   3.5949707e+01
   8.6156810e+06   3.5156250e+01
   8.6157980e+06   3.5583496e+01
   8.6166960e+06   3.5583496e+01
   8.6173000e+06   3.7353516e+01
   8.6194190e+06   3.8452148e+01
   8.6195780e+06   3.3935547e+01
   8.6197650e+06   4.0771484e+01
   8.6201500e+06   4.1748047e+01
   8.6203840e+06   4.0527344e+01
   8.6206170e+06   3.7170410e+01
   8.6209550e+06   4.5349121e+01
   8.6212340e+06   4.1137695e+01
   8.6214640e+06   3.5156250e+01
   8.6216550e+06   3.9123535e+01
   8.6216830e+06   6.8237305e+01
   8.6218590e+06   4.5898438e+01
   8.6220980e+06   5.2185059e+01
   8.6221750e+06   3.6376953e+01
   8.6223940e+06   4.0588379e+01
   8.6224980e+06   6.2438965e+01
   8.6226360e+06   3.8940430e+01
   8.6228540e+06   5.0537109e+01
   8.6229360e+06   4.8461914e+01
   8.6229620e+06   3.9306641e+01
   8.6231640e+06   3.8818359e+01
   8.6233670e+06   3.8635254e+01
   8.6234500e+06   5.4138184e+01
   8.6239310e+06   6.6345215e+01
   8.6245050e+06   5.8837891e+01
   8.6249810e+06   5.9692383e+01
   8.6254720e+06   5.4565430e+01
   8.6260110e+06   5.4992676e+01
   8.6270470e+06   5.2307129e+01
   8.6278070e+06   4.3762207e+01
   8.6288200e+06   7.1838379e+01
   8.6301480e+06   9.9426270e+01
   8.6302090e+06   5.7128906e+01
   8.6305110e+06   8.5876465e+01
   8.6308810e+06   5.3833008e+01
   8.6662450e+06   8.7341309e+01
   8.6823030e+06   8.3251953e+01
   8.6925500e+06   8.6730957e+01
   8.7084150e+06   7.5683594e+01
   8.7285240e+06   7.5744629e+01
   8.7676790e+06   8.5510254e+01
   8.7871100e+06   7.9162598e+01
   8.8583270e+06   8.1237793e+01
