   1.1996000e+07   0.0000000e+00
   1.3763600e+05   3.1066895e+01
   1.3769000e+05   3.5644531e+01
   1.3775400e+05   4.0161133e+01
   1.3784100e+05   3.4851074e+01
   1.3789800e+05   3.3203125e+01
   1.4998100e+05   3.3874512e+01
   1.5002600e+05   3.3447266e+01
   1.5006400e+05   4.1809082e+01
   1.5008600e+05   3.7841797e+01
   1.5013500e+05   3.4240723e+01
   1.5015600e+05   3.1250000e+01
   1.5019300e+05   3.4667969e+01
   1.5028800e+05   3.1799316e+01
   1.5037100e+05   3.3752441e+01
   1.5055000e+05   3.3081055e+01
   2.3695400e+05   3.2653809e+01
   2.3700500e+05   3.3203125e+01
   2.3703600e+05   4.5715332e+01
   2.3716600e+05   3.6621094e+01
   2.3717700e+05   3.3813477e+01
   2.3721500e+05   3.6926270e+01
   2.3731000e+05   3.0395508e+01
   2.3737000e+05   3.4545898e+01
   3.4018500e+05   3.3142090e+01
   3.4021700e+05   3.3447266e+01
   3.4023800e+05   3.1250000e+01
   3.4025300e+05   3.3203125e+01
   3.4031000e+05   3.8452148e+01
   3.4033200e+05   3.5766602e+01
   3.4069300e+05   3.3630371e+01
   3.4089500e+05   3.4484863e+01
   3.5271200e+05   3.1250000e+01
   3.5273600e+05   3.2592773e+01
   3.5278100e+05   3.0822754e+01
   3.5281500e+05   3.3508301e+01
   3.5282600e+05   3.2958984e+01
   3.5287600e+05   3.7231445e+01
   3.5298600e+05   3.4484863e+01
   3.5302000e+05   3.0944824e+01
   4.5318200e+05   3.8757324e+01
   4.5321100e+05   3.0944824e+01
   4.5324000e+05   3.4240723e+01
   4.5329600e+05   3.6132812e+01
   4.5339300e+05   3.6132813e+01
   4.5343000e+05   3.1982422e+01
   4.5351500e+05   3.0578613e+01
   4.7120400e+05   3.1311035e+01
   4.7127200e+05   3.2836914e+01
   4.7132200e+05   3.1860352e+01
   4.7140500e+05   3.8146973e+01
   4.7142600e+05   3.7841797e+01
   4.7145100e+05   3.0700684e+01
   4.7155100e+05   3.3752441e+01
   4.7192700e+05   3.0578613e+01
   5.7601400e+05   3.4362793e+01
   5.7604700e+05   3.1738281e+01
   5.7608800e+05   4.5043945e+01
   5.7612700e+05   3.4118652e+01
   5.7616200e+05   3.2714844e+01
   5.7620700e+05   3.7292480e+01
   5.7624600e+05   3.7170410e+01
   5.7633200e+05   3.2043457e+01
   5.7643000e+05   3.3447266e+01
   5.7645600e+05   3.0578613e+01
   5.8967300e+05   3.1005859e+01
   5.8977500e+05   3.7170410e+01
   5.8984300e+05   3.8452148e+01
   5.8986800e+05   5.0476074e+01
   5.8990800e+05   3.6254883e+01
   5.9006300e+05   3.3386230e+01
   5.9026900e+05   3.2226563e+01
   5.9039200e+05   3.3386230e+01
   6.7804500e+05   3.2043457e+01
   6.7815500e+05   3.8696289e+01
   6.7819300e+05   3.1372070e+01
   6.7821600e+05   3.4240723e+01
   6.7823800e+05   3.6804199e+01
   6.7826400e+05   3.3020020e+01
   6.7830800e+05   5.0537109e+01
   6.7838400e+05   3.5034180e+01
   6.7839800e+05   3.6315918e+01
   6.7843700e+05   3.3081055e+01
   6.7851600e+05   3.3691406e+01
   6.9839000e+05   3.0395508e+01
   6.9849000e+05   4.6264648e+01
   6.9851000e+05   3.5217285e+01
   6.9856400e+05   3.5644531e+01
   6.9861400e+05   3.3996582e+01
   7.4812100e+05   3.3203125e+01
   7.4816000e+05   3.2043457e+01
   7.4821800e+05   3.1066895e+01
   7.4825600e+05   3.7475586e+01
   7.4828000e+05   3.0700684e+01
   7.4829100e+05   4.0405273e+01
   7.4832900e+05   3.4606934e+01
   7.4836000e+05   3.2104492e+01
   7.4859700e+05   3.6743164e+01
   7.5601400e+05   3.3142090e+01
   7.5626800e+05   3.4545898e+01
   7.6420200e+05   3.0639648e+01
   7.6434100e+05   3.2104492e+01
   7.6456400e+05   3.1433105e+01
   7.6458000e+05   3.8085938e+01
   7.6483500e+05   3.1555176e+01
   7.6497400e+05   3.3508301e+01
   7.7132000e+05   3.0639648e+01
   7.7946100e+05   4.2053223e+01
   7.7955500e+05   3.4729004e+01
   7.7961600e+05   3.6071777e+01
   7.7979700e+05   3.3203125e+01
   7.7984400e+05   3.6682129e+01
   7.7986500e+05   3.1250000e+01
   7.7996700e+05   3.3020020e+01
   7.8908900e+05   3.0822754e+01
   8.0581200e+05   3.2226562e+01
   8.1468300e+05   3.1372070e+01
   8.4578700e+05   3.3813477e+01
   8.7358200e+05   3.5156250e+01
   8.7367200e+05   3.2470703e+01
   8.8879700e+05   3.0395508e+01
   9.6774800e+05   3.5278320e+01
   9.6795800e+05   3.1372070e+01
   1.0489150e+06   3.1738281e+01
   1.0491190e+06   3.4057617e+01
   1.0900090e+06   3.4729004e+01
   1.0901510e+06   3.8635254e+01
   1.1154670e+06   3.0578613e+01
   1.2814070e+06   3.0822754e+01
   1.3095590e+06   3.0761719e+01
   1.9446500e+06   3.0761719e+01
   2.3392960e+06   3.3569336e+01
   2.3604910e+06   3.7414551e+01
   2.6829560e+06   3.6804199e+01
   2.8513040e+06   3.6865234e+01
   2.8518040e+06   3.5827637e+01
   2.8528290e+06   3.3630371e+01
   2.8649280e+06   3.1005859e+01
   2.8649650e+06   3.3264160e+01
   2.8649810e+06   3.2714844e+01
   2.8650290e+06   3.5156250e+01
   2.8650640e+06   3.3813477e+01
   2.8651850e+06   3.1555176e+01
   2.8652410e+06   3.0517578e+01
   2.8652940e+06   3.3386230e+01
   2.8653540e+06   3.1188965e+01
   3.0258910e+06   4.1076660e+01
   3.0259220e+06   3.4423828e+01
   3.0259750e+06   3.1127930e+01
   3.0260030e+06   3.2958984e+01
   3.0260310e+06   4.2785645e+01
   3.0261290e+06   4.1137695e+01
   3.0262010e+06   3.1188965e+01
   3.0262110e+06   3.1616211e+01
   3.0264480e+06   3.0822754e+01
   3.0377780e+06   3.7536621e+01
   3.0378520e+06   3.6743164e+01
   3.0378830e+06   3.3203125e+01
   3.0378940e+06   3.5644531e+01
   3.0379320e+06   3.0639648e+01
   3.0902840e+06   3.1250000e+01
   3.0903330e+06   3.7536621e+01
   3.0903690e+06   3.7414551e+01
   3.0903980e+06   3.1555176e+01
   3.0904340e+06   3.3508301e+01
   3.0904470e+06   3.5827637e+01
   3.0904870e+06   3.7048340e+01
   3.0905470e+06   3.3386230e+01
   3.0908790e+06   3.1005859e+01
   3.1639680e+06   3.4729004e+01
   3.1640360e+06   3.3752441e+01
   3.1640470e+06   3.4179688e+01
   3.1640630e+06   3.4423828e+01
   3.1640760e+06   3.0944824e+01
   3.1641500e+06   3.2531738e+01
   3.1641720e+06   3.4301758e+01
   3.1641880e+06   3.2470703e+01
   3.1642470e+06   3.2531738e+01
   3.1643020e+06   3.2287598e+01
   3.1829490e+06   3.3020020e+01
   3.1829730e+06   3.2043457e+01
   3.1830330e+06   3.6254883e+01
   3.1830510e+06   3.3508301e+01
   3.1831130e+06   3.7109375e+01
   3.1831230e+06   3.3874512e+01
   3.1831630e+06   3.8940430e+01
   3.1831950e+06   3.5766602e+01
   3.1832480e+06   3.0944824e+01
   3.2406950e+06   4.4372559e+01
   3.2407420e+06   3.8024902e+01
   3.2408010e+06   3.3020020e+01
   3.2408160e+06   4.1870117e+01
   3.2408570e+06   3.1982422e+01
   3.2408710e+06   3.2409668e+01
   3.2409880e+06   3.1127930e+01
   3.2412230e+06   3.4240723e+01
   3.2412670e+06   3.4362793e+01
   3.2425180e+06   3.0700684e+01
   3.2449050e+06   3.1127930e+01
   3.2593630e+06   3.9672852e+01
   3.2594300e+06   3.4851074e+01
   3.2594610e+06   4.1992188e+01
   3.2594780e+06   3.1066895e+01
   3.2595170e+06   3.9306641e+01
   3.2595520e+06   3.3264160e+01
   3.2595680e+06   3.2104492e+01
   3.2595940e+06   3.2226562e+01
   3.2596310e+06   3.3630371e+01
   3.2597200e+06   3.3691406e+01
   3.2597360e+06   3.6560059e+01
   3.2771160e+06   3.1982422e+01
   3.2771510e+06   3.1799316e+01
   3.2771640e+06   3.3569336e+01
   3.2773830e+06   3.1066895e+01
   3.2774060e+06   3.4484863e+01
   3.2774170e+06   3.0761719e+01
   3.2938350e+06   3.3386230e+01
   3.2938720e+06   3.0578613e+01
   3.2941200e+06   3.1066895e+01
   3.2944210e+06   3.2043457e+01
   3.2945890e+06   3.4667969e+01
   3.3065060e+06   3.5217285e+01
   3.3066040e+06   3.1005859e+01
   3.3228870e+06   3.1921387e+01
   3.3230690e+06   3.2653809e+01
   3.3231150e+06   3.2775879e+01
   3.3231540e+06   3.6376953e+01
   3.3232260e+06   3.0883789e+01
   3.3352040e+06   3.0639648e+01
   3.3352940e+06   3.4118652e+01
   3.3353290e+06   3.2531738e+01
   3.3353900e+06   3.7658691e+01
   3.3355610e+06   3.5827637e+01
   3.3572140e+06   3.3630371e+01
   3.3831910e+06   3.4179688e+01
   3.3833630e+06   3.1433105e+01
   3.4045910e+06   3.2165527e+01
   3.4047060e+06   3.0822754e+01
   3.4047470e+06   3.4118652e+01
   3.4164830e+06   3.1738281e+01
   3.5171130e+06   3.1860352e+01
   3.5410020e+06   3.1555176e+01
   4.0619660e+06   3.0639648e+01
   4.9663930e+06   3.2714844e+01
   5.6069590e+06   3.3691406e+01
   5.6070160e+06   3.0944824e+01
   5.6072690e+06   3.0883789e+01
   5.6073520e+06   3.2409668e+01
   5.6073810e+06   3.0822754e+01
   5.6074200e+06   3.9245605e+01
   5.6074560e+06   3.0578613e+01
   5.6075700e+06   3.1372070e+01
   5.6076270e+06   3.4729004e+01
   5.6077690e+06   3.3325195e+01
   5.6202600e+06   3.0700684e+01
   5.6203070e+06   3.5461426e+01
   5.6203320e+06   3.1616211e+01
   5.6203750e+06   3.1311035e+01
   5.6204400e+06   3.3569336e+01
   5.6204850e+06   3.4240723e+01
   5.6208180e+06   3.2653809e+01
   5.6208670e+06   3.2043457e+01
   5.6217810e+06   3.0456543e+01
   5.7205840e+06   3.0578613e+01
   5.7206290e+06   3.1677246e+01
   5.7206490e+06   3.0395508e+01
   5.7206820e+06   3.0700684e+01
   5.7207450e+06   4.5654297e+01
   5.7207600e+06   3.2226562e+01
   5.7208160e+06   3.1066895e+01
   5.7209360e+06   3.4851074e+01
   5.7584460e+06   3.1616211e+01
   5.7584670e+06   4.1809082e+01
   5.7585070e+06   3.5827637e+01
   5.7585390e+06   3.4912109e+01
   5.7585910e+06   3.8452148e+01
   5.7586290e+06   3.0578613e+01
   5.7586600e+06   3.3996582e+01
   5.7587700e+06   3.5217285e+01
   5.7923030e+06   3.2714844e+01
   5.7923700e+06   3.5339355e+01
   5.7923830e+06   3.7719727e+01
   5.7924100e+06   3.8818359e+01
   5.7924430e+06   3.4484863e+01
   5.7924840e+06   3.5339355e+01
   5.7925130e+06   3.0822754e+01
   5.7925510e+06   3.0517578e+01
   5.8127640e+06   3.0822754e+01
   5.8128650e+06   3.4912109e+01
   5.8128840e+06   3.4240723e+01
   5.8129180e+06   3.2470703e+01
   5.8130560e+06   3.0517578e+01
   5.8130660e+06   3.7841797e+01
   5.8131440e+06   3.4973145e+01
   5.8131750e+06   3.1738281e+01
   5.8132110e+06   3.5278320e+01
   5.8132920e+06   3.0883789e+01
   5.8133080e+06   3.4790039e+01
   5.8133730e+06   3.1066895e+01
   5.8325520e+06   3.1982422e+01
   5.8326740e+06   3.6071777e+01
   5.8327180e+06   3.3142090e+01
   5.8327500e+06   3.1799316e+01
   5.8328270e+06   3.2104492e+01
   5.8328440e+06   3.2836914e+01
   5.8328660e+06   3.1250000e+01
   5.8329140e+06   3.1799316e+01
   5.8330110e+06   3.1005859e+01
   5.8330420e+06   3.1250000e+01
   5.8331820e+06   3.1921387e+01
   5.8335570e+06   3.3569336e+01
   5.8480260e+06   3.2287598e+01
   5.8481950e+06   3.1921387e+01
   5.8482380e+06   3.2348633e+01
   5.8483500e+06   3.1982422e+01
   5.8487090e+06   3.4851074e+01
   5.8644500e+06   3.0517578e+01
   5.8644940e+06   3.5766602e+01
   5.8645300e+06   3.3264160e+01
   5.8646080e+06   3.1005859e+01
   5.8646980e+06   3.4179688e+01
   5.8647450e+06   3.9367676e+01
   5.8649590e+06   3.4484863e+01
   5.8650590e+06   3.1982422e+01
   5.8656460e+06   3.0456543e+01
   5.8789560e+06   3.0517578e+01
   5.8789830e+06   3.1799316e+01
   5.8789950e+06   3.1921387e+01
   5.8790150e+06   3.2348633e+01
   5.8791040e+06   3.9672852e+01
   5.8791450e+06   3.1311035e+01
   5.8793390e+06   3.0883789e+01
   5.8979090e+06   3.1982422e+01
   5.8980240e+06   3.0639648e+01
   5.8980650e+06   3.2531738e+01
   5.8981090e+06   3.0883789e+01
   5.8982200e+06   3.4179688e+01
   5.8983100e+06   3.7292480e+01
   5.8984310e+06   3.0944824e+01
   5.8985450e+06   3.3996582e+01
   5.8986130e+06   3.0456543e+01
   5.9115280e+06   3.1311035e+01
   5.9115660e+06   3.2165527e+01
   5.9117030e+06   3.0944824e+01
   5.9268750e+06   3.3142090e+01
   5.9269900e+06   3.1005859e+01
   5.9270660e+06   3.0700684e+01
   5.9270770e+06   3.2592773e+01
   5.9271180e+06   3.4057617e+01
   5.9271930e+06   3.6315918e+01
   5.9273040e+06   3.1555176e+01
   5.9402930e+06   3.1311035e+01
   5.9542920e+06   3.3874512e+01
   5.9683380e+06   3.2043457e+01
   5.9862900e+06   3.5400391e+01
   5.9864760e+06   4.5654297e+01
   5.9867400e+06   3.2836914e+01
   6.9498100e+06   3.1799316e+01
   6.9498470e+06   3.3325195e+01
   6.9498750e+06   3.2653809e+01
   6.9499360e+06   3.1860352e+01
   6.9499750e+06   3.1921387e+01
   6.9500380e+06   3.0944824e+01
   6.9500690e+06   3.0700684e+01
   6.9500810e+06   3.2653809e+01
   6.9502800e+06   3.1982422e+01
   6.9503350e+06   3.3142090e+01
   6.9505630e+06   3.2653809e+01
   6.9572950e+06   3.1860352e+01
   6.9645700e+06   3.8024902e+01
   6.9645910e+06   3.8330078e+01
   6.9647050e+06   3.8818359e+01
   6.9647950e+06   3.1250000e+01
   6.9648110e+06   3.6621094e+01
   6.9648680e+06   3.5034180e+01
   6.9651320e+06   3.3081055e+01
   6.9652230e+06   3.4423828e+01
   7.0137070e+06   3.5217285e+01
   7.0137790e+06   4.2175293e+01
   7.0138180e+06   3.2165527e+01
   7.0138560e+06   3.5766602e+01
   7.0138880e+06   4.8095703e+01
   7.0139660e+06   4.3457031e+01
   7.0140880e+06   3.3447266e+01
   7.0141020e+06   3.5522461e+01
   7.0144240e+06   3.1311035e+01
   7.0144710e+06   3.3386230e+01
   7.0152680e+06   3.2531738e+01
   7.0797450e+06   3.0700684e+01
   7.0797950e+06   4.8645020e+01
   7.0798670e+06   3.4057617e+01
   7.0798920e+06   4.2358398e+01
   7.0799120e+06   3.1433105e+01
   7.0799350e+06   3.2287598e+01
   7.0799770e+06   3.1188965e+01
   7.0801730e+06   3.6682129e+01
   7.0803100e+06   3.8085938e+01
   7.1285820e+06   3.8696289e+01
   7.1286070e+06   3.2470703e+01
   7.1286270e+06   3.6376953e+01
   7.1287850e+06   3.2897949e+01
   7.1288460e+06   3.1188965e+01
   7.1289500e+06   3.6499023e+01
   7.1602360e+06   3.1188965e+01
   7.1602830e+06   3.4301758e+01
   7.1603540e+06   4.6081543e+01
   7.1604010e+06   3.3081055e+01
   7.1604190e+06   3.9672852e+01
   7.1604490e+06   3.0639648e+01
   7.1604960e+06   3.3813477e+01
   7.1605270e+06   3.0517578e+01
   7.1607320e+06   3.2653809e+01
   7.1607800e+06   3.0639648e+01
   7.1618050e+06   3.0761719e+01
   7.1916820e+06   3.1311035e+01
   7.1917870e+06   3.4423828e+01
   7.1918250e+06   3.4118652e+01
   7.1918560e+06   4.0527344e+01
   7.1919040e+06   3.7231445e+01
   7.1919260e+06   3.7231445e+01
   7.1919450e+06   3.7597656e+01
   7.1919610e+06   3.1616211e+01
   7.1919740e+06   3.1555176e+01
   7.1920440e+06   3.2165527e+01
   7.1926400e+06   3.3386230e+01
   7.2167130e+06   3.3996582e+01
   7.2167900e+06   3.3752441e+01
   7.2168530e+06   3.3447266e+01
   7.2168680e+06   3.3325195e+01
   7.2168840e+06   4.0649414e+01
   7.2169340e+06   3.2409668e+01
   7.2169760e+06   3.3020020e+01
   7.2172670e+06   3.2531738e+01
   7.2374510e+06   3.0822754e+01
   7.2375450e+06   3.0700684e+01
   7.2375890e+06   3.4729004e+01
   7.2376620e+06   3.7780762e+01
   7.2383470e+06   3.1372070e+01
   7.2383690e+06   3.1982422e+01
   7.2567340e+06   3.7902832e+01
   7.2567810e+06   3.1372070e+01
   7.2568150e+06   3.4362793e+01
   7.2568390e+06   4.3090820e+01
   7.2568940e+06   3.7048340e+01
   7.2569910e+06   3.1250000e+01
   7.2570960e+06   3.1921387e+01
   7.2571620e+06   3.1188965e+01
   7.2573190e+06   3.0639648e+01
   7.2775010e+06   3.3081055e+01
   7.2775430e+06   3.4240723e+01
   7.2775810e+06   3.4362793e+01
   7.2776820e+06   3.1616211e+01
   7.2777280e+06   3.2897949e+01
   7.2978650e+06   3.2043457e+01
   7.2979660e+06   3.1555176e+01
   7.2980590e+06   3.2165527e+01
   7.3141220e+06   3.0822754e+01
   7.3142820e+06   3.1188965e+01
   7.3143310e+06   3.0822754e+01
   7.3271980e+06   3.1127930e+01
   7.3273750e+06   3.1982422e+01
   7.3275560e+06   3.2836914e+01
   7.3278820e+06   3.1738281e+01
   7.3280230e+06   3.1372070e+01
   7.3424620e+06   3.0883789e+01
   7.3426190e+06   3.2653809e+01
   7.3428740e+06   3.4118652e+01
   7.3429130e+06   3.3325195e+01
   7.3561300e+06   3.6926270e+01
   7.3708710e+06   3.2104492e+01
   7.4442300e+06   3.8269043e+01
   7.4560240e+06   3.1921387e+01
   7.4700150e+06   3.7292480e+01
   8.6991360e+06   3.2836914e+01
   9.0147140e+06   3.1188965e+01
   9.0148180e+06   3.1555176e+01
   9.0149270e+06   3.1433105e+01
   9.0149470e+06   3.0822754e+01
   9.0150350e+06   3.0456543e+01
   9.0150560e+06   3.4667969e+01
   9.0151970e+06   3.1066895e+01
   9.0305320e+06   3.1921387e+01
   9.0305440e+06   3.2653809e+01
   9.0305830e+06   3.1982422e+01
   9.0306170e+06   3.0822754e+01
   9.0306570e+06   3.3996582e+01
   9.0307250e+06   3.2226562e+01
   9.0307450e+06   3.0334473e+01
   9.0307910e+06   3.0456543e+01
   9.0308950e+06   3.2165527e+01
   9.0309460e+06   3.1738281e+01
   9.0309950e+06   3.6804199e+01
   9.0310440e+06   3.5583496e+01
   9.0310870e+06   3.2531738e+01
   9.0312570e+06   3.0944824e+01
   9.0470190e+06   3.2531738e+01
   9.0472110e+06   3.1738281e+01
   9.0472720e+06   3.2165527e+01
   9.0473270e+06   3.5217285e+01
   9.0474210e+06   3.6804199e+01
   9.0475060e+06   3.5461426e+01
   9.0476250e+06   3.1616211e+01
   9.0477590e+06   3.5888672e+01
   9.0479220e+06   3.1188965e+01
   9.0654010e+06   3.6254883e+01
   9.0654490e+06   3.0212402e+01
   9.0655010e+06   3.4667969e+01
   9.0656020e+06   3.0151367e+01
   9.0656550e+06   3.0883789e+01
   9.0657850e+06   3.0456543e+01
   9.0659590e+06   3.2836914e+01
   9.0835070e+06   3.5766602e+01
   9.0835660e+06   3.1860352e+01
   9.0836070e+06   4.6752930e+01
   9.0836470e+06   3.1372070e+01
   9.0837480e+06   3.0944824e+01
   9.0838050e+06   3.1921387e+01
   9.0841470e+06   3.2043457e+01
   9.1005860e+06   3.0639648e+01
   9.1009330e+06   3.1982422e+01
   9.1011070e+06   3.6682129e+01
   9.1011500e+06   3.7780762e+01
   9.1174530e+06   3.0151367e+01
   9.1175770e+06   3.3569336e+01
   9.1176110e+06   3.0151367e+01
   9.1178360e+06   3.0944824e+01
   9.1466820e+06   3.0334473e+01
   9.1723090e+06   3.1616211e+01
   9.1867540e+06   3.1250000e+01
   9.2009090e+06   3.0395508e+01
   9.2365140e+06   3.0822754e+01
   9.2914840e+06   3.0151367e+01
   9.2999690e+06   3.2836914e+01
   9.3361590e+06   3.1372070e+01
   9.4518600e+06   3.0395508e+01
   9.5852770e+06   3.0639648e+01
   9.6587480e+06   3.0517578e+01
   1.0135108e+07   3.1066895e+01
   1.0483583e+07   3.0761719e+01
   1.0483817e+07   3.0273438e+01
   1.0483851e+07   3.5766602e+01
   1.0483957e+07   3.6193848e+01
   1.0483992e+07   3.3081055e+01
   1.0484066e+07   3.0761719e+01
   1.0484255e+07   3.7963867e+01
   1.0965703e+07   3.1982422e+01
   1.1510002e+07   3.5461426e+01
   1.1510060e+07   3.4484863e+01
   1.1510105e+07   3.3813477e+01
   1.1510122e+07   3.8208008e+01
   1.1510139e+07   3.0761719e+01
   1.1510169e+07   4.1748047e+01
   1.1510185e+07   3.7963867e+01
   1.1510238e+07   3.4057617e+01
   1.1510403e+07   3.3264160e+01
   1.1578057e+07   3.0151367e+01
   1.1578283e+07   3.5156250e+01
   1.1578386e+07   3.9001465e+01
   1.1578496e+07   3.2958984e+01
   1.1578647e+07   3.0700684e+01
   1.1682755e+07   3.1005859e+01
   1.1683110e+07   3.6010742e+01
   1.1813111e+07   3.1860352e+01
   1.1937974e+07   3.1921387e+01
