   1.1996000e+07   0.0000000e+00
   3.3332540e+06   1.0864258e+01
   3.8559550e+06   1.1230469e+01
   4.8563080e+06   1.1047363e+01
   5.3197810e+06   1.0986328e+01
   5.8290140e+06   1.1352539e+01
   6.0487860e+06   1.0742188e+01
   6.1587930e+06   1.0681152e+01
   6.1617740e+06   1.0864258e+01
   7.6562060e+06   1.1352539e+01
   8.1471230e+06   1.0620117e+01
   8.3337420e+06   1.0681152e+01
   8.7979300e+06   1.0559082e+01
   1.0241155e+07   1.0803223e+01
   1.0608778e+07   1.0559082e+01
   1.1227699e+07   1.0559082e+01
