   8.9970000e+06   0.0000000e+00
   7.6800000e+02   3.5095215e+01
   1.1260000e+03   3.6010742e+01
   4.8880000e+04   3.3386230e+01
   4.9549000e+04   3.9733887e+01
   4.9983000e+04   3.8757324e+01
   5.0276000e+04   4.1625977e+01
   2.8773800e+05   3.4484863e+01
   1.1015950e+06   3.6010742e+01
   1.6825230e+06   3.6071777e+01
   1.6829370e+06   3.3447266e+01
   1.6832560e+06   3.3691406e+01
   1.6834850e+06   3.5949707e+01
   1.6837570e+06   3.4729004e+01
   1.6842280e+06   3.3447266e+01
   2.0102550e+06   3.3264160e+01
   2.0106890e+06   3.3569336e+01
   2.0110760e+06   3.6560059e+01
   2.0125630e+06   3.4423828e+01
   2.1790650e+06   3.6926270e+01
   2.1794120e+06   3.3630371e+01
   2.1797040e+06   3.7475586e+01
   2.1799800e+06   3.4118652e+01
   2.1807410e+06   3.5278320e+01
   3.1762750e+06   3.4973145e+01
   4.0413090e+06   3.3508301e+01
   4.2777020e+06   4.0344238e+01
   4.2780480e+06   3.6682129e+01
   4.2783140e+06   3.9550781e+01
   4.2794660e+06   3.5766602e+01
   4.2801330e+06   3.3691406e+01
   4.8118340e+06   3.6193848e+01
   4.8121800e+06   3.4240723e+01
   4.8128900e+06   3.4973145e+01
   4.8131960e+06   3.3874512e+01
   4.8138940e+06   3.5278320e+01
   4.8143530e+06   3.4423828e+01
   4.8154690e+06   3.5400391e+01
   5.2883620e+06   3.9489746e+01
   5.2896550e+06   3.8635254e+01
   5.2905720e+06   3.3630371e+01
   6.5726630e+06   3.9916992e+01
   6.5732980e+06   3.5156250e+01
   6.5736380e+06   3.5034180e+01
   6.5746130e+06   3.6499023e+01
   6.5750840e+06   3.6315918e+01
   6.5756970e+06   3.7414551e+01
   7.1472680e+06   3.6865234e+01
   7.1477070e+06   3.6926270e+01
   7.1480550e+06   3.5583496e+01
   7.1484690e+06   3.8024902e+01
