   8.9970000e+06   0.0000000e+00
   1.7350000e+03   3.9062500e+01
   3.1570000e+03   3.3264160e+01
   3.9190000e+03   3.4240723e+01
   4.9290000e+03   3.1555176e+01
   5.1105000e+04   4.0466309e+01
   5.2610000e+04   3.7597656e+01
   5.3914000e+04   3.7658691e+01
   1.3888600e+05   3.2226562e+01
   1.6837630e+06   3.7963867e+01
   1.6840140e+06   3.9550781e+01
   1.6845920e+06   3.5339355e+01
   1.6850360e+06   3.3508301e+01
   1.6868820e+06   3.4179688e+01
   2.0126460e+06   3.3386230e+01
   2.0129720e+06   3.7658691e+01
   2.0141600e+06   3.7719727e+01
   2.1072920e+06   3.1860352e+01
   2.1802310e+06   3.3325195e+01
   2.1803710e+06   3.2348633e+01
   2.1815600e+06   3.5400391e+01
   3.3570070e+06   3.2592773e+01
   4.2780540e+06   3.6804199e+01
   4.2786260e+06   3.3630371e+01
   4.2790070e+06   3.8879395e+01
   4.8123580e+06   4.2663574e+01
   4.8129660e+06   4.0588379e+01
   5.2901730e+06   3.5522461e+01
   5.2905610e+06   3.7780762e+01
   6.5731270e+06   3.6865234e+01
   6.5739750e+06   3.6621094e+01
   6.5746270e+06   4.1198730e+01
   6.5759500e+06   3.3386230e+01
   7.1478770e+06   3.3874512e+01
   7.1483410e+06   4.2236328e+01
   7.1494150e+06   3.5644531e+01
