   8.9970000e+06   0.0000000e+00
   1.0080000e+03   3.6376953e+01
   1.5460000e+03   3.5522461e+01
   2.0660000e+03   3.3020020e+01
   3.1180000e+03   3.3142090e+01
   4.8893000e+04   3.5217285e+01
   4.9564000e+04   3.5644531e+01
   1.6826770e+06   4.1809082e+01
   1.6830300e+06   3.6743164e+01
   1.6833830e+06   3.5827637e+01
   1.7401010e+06   3.4057617e+01
   1.8010880e+06   3.6254883e+01
   2.0104090e+06   3.3325195e+01
   2.0107440e+06   3.5278320e+01
   2.0118900e+06   3.7170410e+01
   2.0127710e+06   3.6010742e+01
   2.0133810e+06   3.6560059e+01
   2.1787030e+06   3.7536621e+01
   2.1791240e+06   4.1870117e+01
   2.1799640e+06   3.3996582e+01
   4.2775360e+06   4.7241211e+01
   4.2779140e+06   4.1687012e+01
   4.2782460e+06   3.9550781e+01
   4.2786020e+06   3.5034180e+01
   4.8115770e+06   4.5227051e+01
   4.8124380e+06   3.2897949e+01
   4.8137010e+06   3.4057617e+01
   5.2882950e+06   4.0344238e+01
   5.2892450e+06   3.2836914e+01
   5.2902300e+06   3.4118652e+01
   5.2909380e+06   3.8513184e+01
   5.2915280e+06   3.3752441e+01
   6.0358980e+06   3.3081055e+01
   6.5724410e+06   3.8146973e+01
   6.5728610e+06   3.4912109e+01
   6.5731850e+06   3.2897949e+01
   7.1473180e+06   3.9306641e+01
   7.1477520e+06   3.8024902e+01
   7.1481810e+06   3.2958984e+01
