   1.1996000e+07   0.0000000e+00
   3.7871000e+04   4.1381836e+01
   6.5045000e+04   4.3457031e+01
   3.4794200e+05   4.1870117e+01
   3.7480400e+05   4.4555664e+01
   3.7483300e+05   4.7851562e+01
   3.7484900e+05   1.0308838e+02
   3.7488600e+05   8.7036133e+01
   3.7489700e+05   1.1236572e+02
   3.7491700e+05   6.3598633e+01
   3.7492900e+05   1.2048340e+02
   3.7495000e+05   6.4086914e+01
   3.7496000e+05   1.2060547e+02
   3.7498500e+05   1.0791016e+02
   3.7500300e+05   1.0375977e+02
   3.7503100e+05   1.0620117e+02
   3.7505400e+05   6.4758301e+01
   3.7507200e+05   4.5715332e+01
   3.7508500e+05   6.1340332e+01
   3.7510400e+05   8.1481934e+01
   3.7513600e+05   7.1411133e+01
   3.7515500e+05   4.7912598e+01
   3.7519300e+05   5.1879883e+01
   3.7523300e+05   8.5632324e+01
   3.7526100e+05   4.6081543e+01
   3.7532000e+05   9.6374512e+01
   3.7540200e+05   8.3129883e+01
   3.7549900e+05   9.8083496e+01
   3.7559500e+05   1.0235596e+02
   3.7570200e+05   9.4909668e+01
   3.7582300e+05   9.0637207e+01
   3.7596200e+05   9.1186523e+01
   3.8878500e+05   4.0527344e+01
   4.6887400e+05   4.1137695e+01
   5.8112200e+05   4.2968750e+01
   7.0953700e+05   5.1330566e+01
   7.0958800e+05   7.0617676e+01
   7.0960600e+05   4.9072266e+01
   7.0962200e+05   2.3492432e+02
   7.0964400e+05   1.0400391e+02
   7.0966700e+05   9.8693848e+01
   7.0968700e+05   9.6008301e+01
   7.0970900e+05   1.0137939e+02
   7.0973400e+05   6.5307617e+01
   7.0975500e+05   7.8063965e+01
   7.0976600e+05   6.2255859e+01
   7.0977900e+05   5.8898926e+01
   7.0981500e+05   9.9914551e+01
   7.0983800e+05   5.1635742e+01
   7.0985800e+05   7.4523926e+01
   7.0988300e+05   1.1181641e+02
   7.0992600e+05   6.0119629e+01
   7.0995700e+05   9.4482422e+01
   7.0997600e+05   4.4860840e+01
   7.1000300e+05   4.1870117e+01
   7.1003700e+05   7.8247070e+01
   7.1011500e+05   7.6782227e+01
   7.1019300e+05   9.9182129e+01
   7.1028200e+05   7.5805664e+01
   7.1037100e+05   1.0247803e+02
   7.1047400e+05   1.0675049e+02
   7.1058500e+05   9.9792480e+01
   7.2467900e+05   4.0161133e+01
   7.2486400e+05   9.2529297e+01
   7.2494900e+05   4.3212891e+01
   7.2497300e+05   6.6711426e+01
   7.2501200e+05   4.8461914e+01
   7.2503100e+05   5.5480957e+01
   7.2505100e+05   7.0373535e+01
   7.2507100e+05   1.3226318e+02
   7.2510100e+05   1.7059326e+02
   7.2511900e+05   4.4433594e+01
   7.2513700e+05   1.5826416e+02
   7.2516600e+05   8.0627441e+01
   7.2517900e+05   9.5703125e+01
   7.2521100e+05   6.1218262e+01
   7.2522900e+05   1.0327148e+02
   7.2527500e+05   7.3364258e+01
   7.2529000e+05   4.9560547e+01
   7.2530700e+05   6.3293457e+01
   7.2534900e+05   5.3649902e+01
   7.2536300e+05   1.5338135e+02
   7.2538800e+05   7.6904297e+01
   7.2540300e+05   6.4392090e+01
   7.2542600e+05   1.3812256e+02
   7.2545000e+05   4.6508789e+01
   7.2546600e+05   6.9580078e+01
   7.2550000e+05   1.6186523e+02
   7.2552200e+05   4.1076660e+01
   7.2554100e+05   5.4443359e+01
   7.2557300e+05   1.2554932e+02
   7.2559000e+05   6.4636230e+01
   7.2561900e+05   1.3226318e+02
   7.2563300e+05   1.2115479e+02
   7.2566300e+05   6.4331055e+01
   7.2568200e+05   5.2307129e+01
   7.2569400e+05   1.0321045e+02
   7.2574300e+05   4.5349121e+01
   7.2577000e+05   6.7016602e+01
   7.2578800e+05   4.6325684e+01
   7.2583400e+05   1.1572266e+02
   7.2585600e+05   7.1472168e+01
   7.2586900e+05   5.8044434e+01
   7.2591300e+05   4.0283203e+01
   7.2594300e+05   7.6293945e+01
   7.2596200e+05   9.4970703e+01
   7.2603800e+05   8.8806152e+01
   7.2606500e+05   6.1584473e+01
   7.2610300e+05   4.0710449e+01
   7.2612300e+05   1.0137939e+02
   7.2614100e+05   7.8796387e+01
   7.2619500e+05   4.9438477e+01
   7.2623100e+05   1.1993408e+02
   7.2625500e+05   4.5593262e+01
   7.2627700e+05   4.5593262e+01
   7.2642200e+05   4.1076660e+01
   7.4534800e+05   4.4311523e+01
   7.4556200e+05   4.3457031e+01
   7.4559100e+05   9.0332031e+01
   7.4560300e+05   4.4799805e+01
   7.4565300e+05   6.5124512e+01
   7.4568900e+05   5.6030273e+01
   7.4571700e+05   1.0046387e+02
   7.4573100e+05   4.9621582e+01
   7.4574500e+05   8.9111328e+01
   7.4576900e+05   6.9030762e+01
   7.4578500e+05   4.9499512e+01
   7.4580500e+05   9.5642090e+01
   7.4583200e+05   8.0383301e+01
   7.4584300e+05   4.8767090e+01
   7.4585400e+05   7.4707031e+01
   7.4588800e+05   1.4465332e+02
   7.4590000e+05   8.5571289e+01
   7.4593800e+05   1.1724854e+02
   7.4595100e+05   7.3059082e+01
   7.4598000e+05   5.0842285e+01
   7.4599200e+05   1.0540771e+02
   7.4601500e+05   4.2846680e+01
   7.4605000e+05   1.1865234e+02
   7.4606300e+05   4.6875000e+01
   7.4608800e+05   7.6965332e+01
   7.4610100e+05   4.5959473e+01
   7.4612300e+05   5.1391602e+01
   7.4613400e+05   8.6059570e+01
   7.4617100e+05   7.5256348e+01
   7.4619500e+05   5.5114746e+01
   7.4622400e+05   6.2927246e+01
   7.4623700e+05   8.2885742e+01
   7.4627300e+05   5.2001953e+01
   7.4632000e+05   4.7180176e+01
   7.4634300e+05   6.9091797e+01
   7.4637200e+05   4.7607422e+01
   7.4640000e+05   4.2785645e+01
   7.4641000e+05   7.4035645e+01
   7.4643000e+05   4.4067383e+01
   7.4644300e+05   4.2053223e+01
   7.4648300e+05   5.1208496e+01
   7.4650500e+05   6.4086914e+01
   7.4651500e+05   4.1870117e+01
   7.4655600e+05   5.8715820e+01
   7.4658400e+05   4.9865723e+01
   7.4661400e+05   4.5654297e+01
   7.4665000e+05   6.6772461e+01
   7.4671300e+05   5.0415039e+01
   7.4676700e+05   1.0961914e+02
   7.4682000e+05   5.5053711e+01
   7.4686800e+05   7.1899414e+01
   7.4690400e+05   6.3659668e+01
   7.4692600e+05   4.2541504e+01
   7.4697400e+05   5.1452637e+01
   7.4700200e+05   4.0588379e+01
   7.4707300e+05   4.2968750e+01
   7.4714200e+05   5.9448242e+01
   7.4755100e+05   8.2641602e+01
   7.7144600e+05   8.4777832e+01
   7.7148700e+05   1.3903809e+02
   7.7152700e+05   4.0954590e+01
   7.7154000e+05   4.5654297e+01
   7.7156500e+05   1.2359619e+02
   7.7158800e+05   4.1381836e+01
   7.7162300e+05   5.0842285e+01
   7.7164700e+05   4.6936035e+01
   7.7167000e+05   4.4982910e+01
   7.7169400e+05   1.6784668e+02
   7.7172600e+05   5.8654785e+01
   7.7174800e+05   4.1137695e+01
   7.7175800e+05   5.8715820e+01
   7.7177800e+05   1.4605713e+02
   7.7179500e+05   1.0040283e+02
   7.7182700e+05   1.1151123e+02
   7.7184000e+05   1.4215088e+02
   7.7186200e+05   1.1779785e+02
   7.7188200e+05   9.1369629e+01
   7.7191700e+05   1.0339355e+02
   7.7193100e+05   1.2591553e+02
   7.7195000e+05   9.9914551e+01
   7.7196200e+05   5.6091309e+01
   7.7198400e+05   4.9255371e+01
   7.7200800e+05   6.9091797e+01
   7.7201900e+05   5.9509277e+01
   7.7204900e+05   5.3833008e+01
   7.7207200e+05   6.5307617e+01
   7.7208200e+05   6.5429688e+01
   7.7211400e+05   5.3405762e+01
   7.7212700e+05   7.5622559e+01
   7.7216200e+05   7.0556641e+01
   7.7218900e+05   4.3640137e+01
   7.7221200e+05   5.9692383e+01
   7.7223400e+05   4.2419434e+01
   7.7225900e+05   6.8542480e+01
   7.7227500e+05   4.6081543e+01
   7.7230600e+05   4.3701172e+01
   7.7232200e+05   5.2001953e+01
   7.7234900e+05   4.5837402e+01
   7.7236600e+05   6.2561035e+01
   7.7240200e+05   5.0354004e+01
   7.7242400e+05   6.2133789e+01
   7.7244100e+05   4.0649414e+01
   7.7246400e+05   4.6447754e+01
   7.7248200e+05   4.2175293e+01
   7.7251000e+05   4.2236328e+01
   7.7253400e+05   4.4860840e+01
   7.7256600e+05   6.5002441e+01
   7.7257600e+05   5.1086426e+01
   7.7260500e+05   4.1320801e+01
   7.7264100e+05   6.1584473e+01
   7.7265100e+05   4.3212891e+01
   7.7268900e+05   4.3884277e+01
   7.7270900e+05   5.5358887e+01
   7.7273200e+05   4.1442871e+01
   7.7278100e+05   5.2795410e+01
   7.7287600e+05   6.5917969e+01
   7.7288800e+05   4.4982910e+01
   7.7290700e+05   4.1625977e+01
   7.7296200e+05   5.8776855e+01
   7.7304100e+05   4.3823242e+01
   7.7306000e+05   7.1838379e+01
   7.7312100e+05   4.6630859e+01
   7.7320800e+05   7.4645996e+01
   7.7332900e+05   7.4645996e+01
   7.7356200e+05   4.2297363e+01
   7.7474500e+05   4.0222168e+01
   7.7577200e+05   4.3090820e+01
   7.9646900e+05   4.3823242e+01
   7.9656700e+05   3.9978027e+01
   7.9662600e+05   1.4312744e+02
   7.9665300e+05   5.9387207e+01
   7.9668700e+05   1.3708496e+02
   7.9670600e+05   1.0241699e+02
   7.9674800e+05   4.7363281e+01
   7.9676200e+05   9.1674805e+01
   7.9679500e+05   6.3232422e+01
   7.9681400e+05   1.3305664e+02
   7.9683700e+05   1.3183594e+02
   7.9686700e+05   1.0992432e+02
   7.9688600e+05   5.5114746e+01
   7.9691700e+05   6.6162109e+01
   7.9693000e+05   1.1035156e+02
   7.9696100e+05   1.0955811e+02
   7.9697300e+05   4.5715332e+01
   7.9700700e+05   8.3190918e+01
   7.9703400e+05   7.0861816e+01
   7.9704500e+05   6.6589355e+01
   7.9705700e+05   8.5021973e+01
   7.9707500e+05   6.8237305e+01
   7.9710300e+05   4.7302246e+01
   7.9713000e+05   6.9030762e+01
   7.9714600e+05   5.3161621e+01
   7.9715600e+05   4.9316406e+01
   7.9718100e+05   4.4616699e+01
   7.9720400e+05   6.3537598e+01
   7.9723800e+05   6.8176270e+01
   7.9726600e+05   4.1625977e+01
   7.9728900e+05   4.0649414e+01
   7.9733500e+05   4.3701172e+01
   7.9736200e+05   8.4594727e+01
   7.9737500e+05   4.3273926e+01
   7.9741200e+05   4.1992188e+01
   7.9743700e+05   4.1625977e+01
   7.9745600e+05   4.1442871e+01
   7.9746900e+05   5.1696777e+01
   7.9748700e+05   4.6325684e+01
   7.9752500e+05   5.4443359e+01
   7.9756200e+05   6.6589355e+01
   7.9758200e+05   4.8522949e+01
   7.9759500e+05   4.3212891e+01
   7.9763500e+05   6.3232422e+01
   7.9770400e+05   6.3720703e+01
   7.9772000e+05   5.2185059e+01
   7.9778100e+05   6.5856934e+01
   7.9781200e+05   5.4443359e+01
   7.9787100e+05   8.2458496e+01
   7.9791500e+05   4.0283203e+01
   7.9796000e+05   6.7993164e+01
   7.9797400e+05   4.2480469e+01
   7.9804900e+05   6.6711426e+01
   7.9813700e+05   5.7861328e+01
   7.9815900e+05   8.0627441e+01
   7.9826300e+05   7.3791504e+01
   7.9830000e+05   4.2785645e+01
   7.9838000e+05   6.7199707e+01
   7.9873300e+05   6.6162109e+01
   7.9910600e+05   7.6049805e+01
   7.9932300e+05   4.2053223e+01
   7.9971200e+05   4.2907715e+01
   8.2594300e+05   4.1503906e+01
   8.2595300e+05   1.4184570e+02
   8.2600600e+05   1.3348389e+02
   8.2602500e+05   4.7302246e+01
   8.2605500e+05   1.2792969e+02
   8.2606700e+05   5.5419922e+01
   8.2608400e+05   1.0113525e+02
   8.2611300e+05   1.3336182e+02
   8.2613400e+05   1.2585449e+02
   8.2614700e+05   5.2062988e+01
   8.2616700e+05   4.2480469e+01
   8.2618900e+05   9.9365234e+01
   8.2620200e+05   9.8693848e+01
   8.2623200e+05   9.8022461e+01
   8.2625400e+05   7.9956055e+01
   8.2626800e+05   1.3879395e+02
   8.2630800e+05   7.4096680e+01
   8.2633300e+05   1.1804199e+02
   8.2634700e+05   4.5410156e+01
   8.2636800e+05   8.8806152e+01
   8.2638800e+05   9.4299316e+01
   8.2641100e+05   4.7241211e+01
   8.2642900e+05   7.4584961e+01
   8.2643900e+05   8.4838867e+01
   8.2646600e+05   6.3598633e+01
   8.2647700e+05   4.2541504e+01
   8.2651100e+05   4.5166016e+01
   8.2652700e+05   5.6152344e+01
   8.2654100e+05   7.7758789e+01
   8.2656300e+05   4.2968750e+01
   8.2659500e+05   4.0771484e+01
   8.2662900e+05   4.7363281e+01
   8.2665700e+05   5.0537109e+01
   8.2668500e+05   5.7434082e+01
   8.2671300e+05   7.2204590e+01
   8.2673100e+05   4.1931152e+01
   8.2676500e+05   4.0771484e+01
   8.2677700e+05   5.5419922e+01
   8.2683300e+05   4.6875000e+01
   8.2684400e+05   6.3110352e+01
   8.2688400e+05   7.3913574e+01
   8.2691600e+05   4.2297363e+01
   8.2701100e+05   6.7016602e+01
   8.2710200e+05   4.2297363e+01
   8.2717100e+05   6.7565918e+01
   8.2722100e+05   5.0048828e+01
   8.2727100e+05   7.1899414e+01
   8.2737300e+05   7.5378418e+01
   8.2741100e+05   4.9133301e+01
   8.2763500e+05   6.3354492e+01
   8.2788000e+05   7.0251465e+01
   8.2806100e+05   4.3701172e+01
   8.3011000e+05   4.1137695e+01
   8.4476800e+05   4.1442871e+01
   8.5937500e+05   4.0344238e+01
   8.5939300e+05   5.5541992e+01
   8.5942800e+05   4.5288086e+01
   8.5945400e+05   4.6997070e+01
   8.5946400e+05   5.2001953e+01
   8.5948400e+05   1.0668945e+02
   8.5950700e+05   5.3283691e+01
   8.5953700e+05   1.1053467e+02
   8.5956100e+05   4.6386719e+01
   8.5959200e+05   1.7248535e+02
   8.5960500e+05   4.6813965e+01
   8.5963800e+05   1.4111328e+02
   8.5966700e+05   1.5551758e+02
   8.5969200e+05   1.0180664e+02
   8.5970900e+05   1.4434814e+02
   8.5972800e+05   9.7290039e+01
   8.5975100e+05   1.2194824e+02
   8.5977500e+05   8.3007812e+01
   8.5980700e+05   1.1688232e+02
   8.5983100e+05   1.1376953e+02
   8.5984300e+05   1.5142822e+02
   8.5985900e+05   7.3242188e+01
   8.5987000e+05   8.6364746e+01
   8.5989000e+05   4.1076660e+01
   8.5990700e+05   8.0200195e+01
   8.5992200e+05   9.5642090e+01
   8.5995300e+05   7.4645996e+01
   8.5998200e+05   9.6557617e+01
   8.6000100e+05   6.6833496e+01
   8.6002500e+05   4.2419434e+01
   8.6003900e+05   4.9377441e+01
   8.6006600e+05   5.4565430e+01
   8.6009000e+05   1.0107422e+02
   8.6010900e+05   5.9631348e+01
   8.6012200e+05   5.0109863e+01
   8.6015200e+05   4.9804688e+01
   8.6016400e+05   4.1687012e+01
   8.6019400e+05   8.6303711e+01
   8.6023200e+05   4.5715332e+01
   8.6024800e+05   5.0903320e+01
   8.6026500e+05   6.7871094e+01
   8.6028900e+05   4.3640137e+01
   8.6033200e+05   5.1696777e+01
   8.6037500e+05   5.4138184e+01
   8.6040100e+05   4.7668457e+01
   8.6045700e+05   6.2194824e+01
   8.6054400e+05   6.3964844e+01
   8.6065400e+05   7.0129395e+01
   8.6077000e+05   7.0556641e+01
   8.6110000e+05   7.7026367e+01
   9.2991500e+05   6.8725586e+01
   9.2998200e+05   4.2053223e+01
   9.3003700e+05   4.1076660e+01
   9.3007700e+05   8.7219238e+01
   9.3010200e+05   5.8715820e+01
   9.3011300e+05   6.2866211e+01
   9.3013500e+05   9.9304199e+01
   9.3018300e+05   7.7880859e+01
   9.3021100e+05   5.9387207e+01
   9.3025200e+05   4.6081543e+01
   9.3028600e+05   7.0312500e+01
   9.3038300e+05   5.4382324e+01
   9.3039700e+05   1.3665771e+02
   9.3041600e+05   6.7810059e+01
   9.3047200e+05   4.5532227e+01
   9.3049600e+05   5.7495117e+01
   9.3055800e+05   5.1147461e+01
   9.3057100e+05   5.5053711e+01
   9.3069100e+05   1.2628174e+02
   9.3080900e+05   4.0893555e+01
   9.3082600e+05   4.4555664e+01
   9.3096100e+05   1.1553955e+02
   9.3097700e+05   4.0893555e+01
   9.3114400e+05   4.1809082e+01
   9.3132000e+05   1.0650635e+02
   9.3146900e+05   9.3505859e+01
   9.4860900e+05   1.6430664e+02
   9.4865000e+05   1.4495850e+02
   9.4868400e+05   4.7851563e+01
   9.4871800e+05   6.4208984e+01
   9.4873400e+05   1.2500000e+02
   9.4875000e+05   4.9011230e+01
   9.4877600e+05   4.8522949e+01
   9.4879400e+05   5.0292969e+01
   9.4884800e+05   4.0893555e+01
   9.4892500e+05   1.3275146e+02
   9.4894800e+05   4.0161133e+01
   9.4899900e+05   4.0710449e+01
   9.4902500e+05   6.3049316e+01
   9.4905000e+05   1.4465332e+02
   9.4915000e+05   1.2500000e+02
   9.4921000e+05   4.8522949e+01
   9.4922900e+05   4.6264648e+01
   9.4930700e+05   4.1870117e+01
   9.4936000e+05   1.1242676e+02
   9.4944400e+05   1.1077881e+02
   9.4959700e+05   1.0333252e+02
   9.4968600e+05   4.3701172e+01
   9.4970900e+05   1.1730957e+02
   9.5000400e+05   4.4250488e+01
   9.5015500e+05   1.1248779e+02
   9.5024200e+05   9.0209961e+01
   9.5034200e+05   8.9294434e+01
   9.5053000e+05   9.1552734e+01
   9.5066200e+05   9.1369629e+01
   9.5077000e+05   7.5195312e+01
   9.5088400e+05   6.7443848e+01
   9.5098500e+05   4.1015625e+01
   9.5106800e+05   4.7729492e+01
   9.5108500e+05   4.7668457e+01
   9.5118300e+05   4.9316406e+01
   9.5134200e+05   8.0810547e+01
   9.5142900e+05   5.9143066e+01
   9.5146500e+05   4.2602539e+01
   9.5163900e+05   9.4299316e+01
   9.5174000e+05   4.5166016e+01
   9.5177000e+05   4.4128418e+01
   9.5178900e+05   4.3579102e+01
   9.5181500e+05   4.1320801e+01
   9.5188400e+05   4.1320801e+01
   9.5193400e+05   5.1696777e+01
   9.5208300e+05   4.3640137e+01
   9.5216600e+05   4.6997070e+01
   9.5241700e+05   7.9040527e+01
   9.5270900e+05   6.1523438e+01
   9.5276900e+05   4.2419434e+01
   9.5301800e+05   4.5227051e+01
   9.5335400e+05   4.0466309e+01
   9.5368000e+05   4.8278809e+01
   9.5406000e+05   8.5327148e+01
   9.5408900e+05   4.1625977e+01
   9.5412000e+05   4.6081543e+01
   9.5441500e+05   6.4941406e+01
   9.5467200e+05   7.0251465e+01
   9.5475800e+05   4.4982910e+01
   9.5477700e+05   4.1015625e+01
   9.5491400e+05   4.4921875e+01
   9.5523700e+05   6.1523438e+01
   9.5536800e+05   4.5349121e+01
   9.5557500e+05   5.8471680e+01
   9.5566500e+05   4.0466309e+01
   9.5603700e+05   7.1594238e+01
   9.5611400e+05   4.0161133e+01
   9.5617500e+05   4.1809082e+01
   9.5701800e+05   7.4951172e+01
   9.5715800e+05   4.8278809e+01
   9.5740500e+05   7.6538086e+01
   9.7340800e+05   6.0363770e+01
   9.7342500e+05   3.9978027e+01
   9.7344900e+05   1.2268066e+02
   9.7348100e+05   4.9255371e+01
   9.7349500e+05   6.4575195e+01
   9.7352600e+05   1.1425781e+02
   9.7355800e+05   6.1279297e+01
   9.7357000e+05   4.8339844e+01
   9.7358700e+05   4.1381836e+01
   9.7361300e+05   8.2336426e+01
   9.7363700e+05   4.3884277e+01
   9.7366500e+05   6.0668945e+01
   9.7368300e+05   4.1442871e+01
   9.7373400e+05   7.3425293e+01
   9.7379200e+05   1.0461426e+02
   9.7384300e+05   4.5898438e+01
   9.7385700e+05   8.2519531e+01
   9.7389100e+05   4.5104980e+01
   9.7396000e+05   9.1125488e+01
   9.7399400e+05   4.7973633e+01
   9.7402800e+05   4.4128418e+01
   9.7404600e+05   6.9213867e+01
   9.7410100e+05   4.0893555e+01
   9.7411400e+05   4.0710449e+01
   9.7417800e+05   6.2316895e+01
   9.7423800e+05   5.9020996e+01
   9.7430000e+05   4.9743652e+01
   9.7443500e+05   5.1879883e+01
   9.7446400e+05   4.0710449e+01
   9.7452100e+05   4.7424316e+01
   9.7459100e+05   4.2236328e+01
   9.7477800e+05   4.4860840e+01
   9.7487600e+05   4.0954590e+01
   9.7545200e+05   4.0527344e+01
   9.7557000e+05   4.5532227e+01
   9.7628700e+05   4.1198730e+01
   9.7653400e+05   4.0100098e+01
   9.7830400e+05   6.4086914e+01
   9.7846300e+05   4.2663574e+01
   9.7886500e+05   4.9072266e+01
   1.0055290e+06   5.3466797e+01
   1.0055410e+06   5.2368164e+01
   1.0055650e+06   9.6191406e+01
   1.0055980e+06   9.9914551e+01
   1.0056130e+06   5.2185059e+01
   1.0056320e+06   5.2673340e+01
   1.0056580e+06   5.1025391e+01
   1.0056740e+06   1.1553955e+02
   1.0056980e+06   8.2702637e+01
   1.0057300e+06   4.6264648e+01
   1.0057440e+06   4.4799805e+01
   1.0057620e+06   4.3029785e+01
   1.0057930e+06   4.8583984e+01
   1.0058030e+06   4.1198730e+01
   1.0058720e+06   4.9499512e+01
   1.0059170e+06   5.0537109e+01
   1.0059740e+06   4.3334961e+01
   1.0060270e+06   4.9743652e+01
   1.0060900e+06   4.6569824e+01
   1.0061270e+06   4.0405273e+01
   1.0061550e+06   5.8837891e+01
   1.0062220e+06   4.4372559e+01
   1.0063310e+06   4.7546387e+01
   1.0063790e+06   4.1015625e+01
   1.0065350e+06   5.4809570e+01
   1.0065650e+06   4.5654297e+01
   1.0065850e+06   4.0039062e+01
   1.0066410e+06   4.0771484e+01
   1.0069240e+06   4.5349121e+01
   1.0070400e+06   4.6936035e+01
   1.0076540e+06   4.1015625e+01
   1.0081690e+06   4.0466309e+01
   1.0100890e+06   4.2785645e+01
   1.0103460e+06   5.2307129e+01
   1.0106340e+06   4.0100098e+01
   1.0109290e+06   4.5959473e+01
   1.0122210e+06   1.0986328e+02
   1.0122830e+06   4.0161133e+01
   1.0245580e+06   1.2341309e+02
   1.0246000e+06   1.0992432e+02
   1.0246310e+06   4.5104980e+01
   1.0246580e+06   4.8767090e+01
   1.0246750e+06   5.0598145e+01
   1.0246990e+06   8.2885742e+01
   1.0247160e+06   5.6091309e+01
   1.0247430e+06   4.7424316e+01
   1.0247630e+06   5.9020996e+01
   1.0247780e+06   5.7189941e+01
   1.0248030e+06   4.1137695e+01
   1.0248240e+06   9.5092773e+01
   1.0248660e+06   5.1391602e+01
   1.0248840e+06   4.6875000e+01
   1.0248980e+06   5.1879883e+01
   1.0249330e+06   4.6081543e+01
   1.0249800e+06   5.3649902e+01
   1.0250130e+06   4.2724609e+01
   1.0250230e+06   4.5593262e+01
   1.0251520e+06   4.2236328e+01
   1.0252090e+06   4.0100098e+01
   1.0252560e+06   4.1137695e+01
   1.0252940e+06   4.1137695e+01
   1.0253950e+06   4.2175293e+01
   1.0256200e+06   5.0842285e+01
   1.0257090e+06   4.2358398e+01
   1.0257860e+06   4.7790527e+01
   1.0260530e+06   4.4128418e+01
   1.0265080e+06   4.0100098e+01
   1.0282480e+06   6.0913086e+01
   1.0282860e+06   4.2846680e+01
   1.0293550e+06   4.8950195e+01
   1.0293790e+06   4.3029785e+01
   1.0295680e+06   5.3161621e+01
   1.0431830e+06   1.6241455e+02
   1.0432410e+06   4.3395996e+01
   1.0432850e+06   4.7851562e+01
   1.0433070e+06   4.5593262e+01
   1.0433290e+06   5.8715820e+01
   1.0433500e+06   5.1757812e+01
   1.0433670e+06   5.5419922e+01
   1.0433870e+06   4.2724609e+01
   1.0434040e+06   4.0954590e+01
   1.0434210e+06   4.6447754e+01
   1.0434400e+06   4.5471191e+01
   1.0434510e+06   4.6447754e+01
   1.0434740e+06   9.3200684e+01
   1.0434910e+06   4.8156738e+01
   1.0435420e+06   4.9072266e+01
   1.0435520e+06   5.5175781e+01
   1.0435810e+06   4.0344238e+01
   1.0436810e+06   4.1564941e+01
   1.0437300e+06   4.9682617e+01
   1.0437570e+06   4.0954590e+01
   1.0438530e+06   4.8767090e+01
   1.0439000e+06   4.3029785e+01
   1.0439290e+06   4.5532227e+01
   1.0439830e+06   4.5959473e+01
   1.0440640e+06   5.3527832e+01
   1.0441780e+06   4.1870117e+01
   1.0442550e+06   4.2297363e+01
   1.0445540e+06   4.1259766e+01
   1.0445840e+06   4.0344238e+01
   1.0454290e+06   4.1687012e+01
   1.0468150e+06   4.0039062e+01
   1.0470530e+06   4.0710449e+01
   1.0475170e+06   6.6894531e+01
   1.0701440e+06   5.0476074e+01
   1.0701840e+06   5.0476074e+01
   1.0702080e+06   4.1625977e+01
   1.0702180e+06   9.8632812e+01
   1.0702370e+06   4.7668457e+01
   1.0702520e+06   7.7514648e+01
   1.0702860e+06   4.8767090e+01
   1.0703180e+06   4.0161133e+01
   1.0703310e+06   5.4870605e+01
   1.0703680e+06   4.6875000e+01
   1.0703780e+06   4.8522949e+01
   1.0704140e+06   5.8288574e+01
   1.0704420e+06   4.4860840e+01
   1.0704620e+06   4.5898438e+01
   1.0705450e+06   4.1687012e+01
   1.0705650e+06   5.4504395e+01
   1.0706060e+06   4.6997070e+01
   1.0706250e+06   4.4982910e+01
   1.0706740e+06   4.3640137e+01
   1.0708000e+06   4.4738770e+01
   1.0708260e+06   4.5349121e+01
   1.0709250e+06   7.0678711e+01
   1.0709440e+06   4.4067383e+01
   1.0710210e+06   4.2297363e+01
   1.0712340e+06   4.6508789e+01
   1.0725880e+06   3.9978027e+01
   1.0726960e+06   4.0893555e+01
   1.0730500e+06   4.1748047e+01
   1.0734000e+06   4.1870117e+01
   1.0734330e+06   4.0710449e+01
   1.0736420e+06   4.5898438e+01
   1.0758560e+06   4.0039062e+01
   1.0760540e+06   4.8217773e+01
   1.0761020e+06   4.2968750e+01
   1.0766130e+06   6.2500000e+01
   1.0766750e+06   4.3151855e+01
   1.0768200e+06   5.4199219e+01
   1.0939960e+06   4.8034668e+01
   1.0940460e+06   4.2907715e+01
   1.0940730e+06   4.8767090e+01
   1.0940960e+06   8.3068848e+01
   1.0941230e+06   5.0842285e+01
   1.0941370e+06   5.0292969e+01
   1.0941650e+06   4.9621582e+01
   1.0941760e+06   4.7668457e+01
   1.0941950e+06   5.0476074e+01
   1.0942310e+06   1.0363770e+02
   1.0942550e+06   4.9377441e+01
   1.0942800e+06   4.4860840e+01
   1.0943160e+06   4.3579102e+01
   1.0943360e+06   4.9865723e+01
   1.0943580e+06   4.3029785e+01
   1.0944000e+06   4.2602539e+01
   1.0944270e+06   4.4372559e+01
   1.0944490e+06   4.1503906e+01
   1.0944980e+06   4.0893555e+01
   1.0945360e+06   4.0527344e+01
   1.0945660e+06   4.6081543e+01
   1.0947600e+06   4.1992188e+01
   1.0947700e+06   4.8645020e+01
   1.0949210e+06   4.1503906e+01
   1.0950140e+06   4.2541504e+01
   1.0950740e+06   3.9978027e+01
   1.0951770e+06   4.0832520e+01
   1.0953390e+06   4.5288086e+01
   1.0960800e+06   4.2968750e+01
   1.0966560e+06   4.0466309e+01
   1.0971210e+06   4.3762207e+01
   1.0978260e+06   4.6569824e+01
   1.0994340e+06   5.3466797e+01
   1.5407460e+06   1.1169434e+02
   1.5407770e+06   8.3007812e+01
   1.5408000e+06   6.1523438e+01
   1.5408200e+06   9.8327637e+01
   1.5408350e+06   1.8029785e+02
   1.5408540e+06   1.0333252e+02
   1.5408680e+06   1.3787842e+02
   1.5409120e+06   6.7443848e+01
   1.5409330e+06   7.4768066e+01
   1.5409550e+06   7.3608398e+01
   1.5409680e+06   4.9560547e+01
   1.5409850e+06   4.0466309e+01
   1.5409980e+06   7.2692871e+01
   1.5410290e+06   5.1513672e+01
   1.5410460e+06   4.9316406e+01
   1.5410880e+06   7.6843262e+01
   1.5411260e+06   4.5532227e+01
   1.5411790e+06   9.3688965e+01
   1.5412160e+06   4.5959473e+01
   1.5412750e+06   8.8623047e+01
   1.5413780e+06   9.0881348e+01
   1.5414840e+06   8.6303711e+01
   1.5416330e+06   9.7778320e+01
   1.5519270e+06   4.4494629e+01
   1.6260970e+06   4.2846680e+01
   1.9070950e+06   8.7219238e+01
   1.9071090e+06   4.5898438e+01
   1.9071270e+06   1.0681152e+02
   1.9071520e+06   1.3330078e+02
   1.9071840e+06   1.3610840e+02
   1.9071960e+06   8.0993652e+01
   1.9072060e+06   6.4941406e+01
   1.9072370e+06   8.3557129e+01
   1.9072740e+06   8.6608887e+01
   1.9072860e+06   5.8288574e+01
   1.9073040e+06   8.0078125e+01
   1.9073160e+06   5.3405762e+01
   1.9073390e+06   4.6264648e+01
   1.9073600e+06   7.9772949e+01
   1.9073960e+06   4.0283203e+01
   1.9074320e+06   7.9528809e+01
   1.9074650e+06   5.1452637e+01
   1.9075040e+06   9.9548340e+01
   1.9075780e+06   7.3242188e+01
   1.9076560e+06   7.3059082e+01
   1.9076990e+06   4.8522949e+01
   1.9077430e+06   8.2824707e+01
   1.9078290e+06   1.0186768e+02
   1.9079090e+06   9.2834473e+01
   1.9080010e+06   8.5144043e+01
   1.9080900e+06   8.5449219e+01
   1.9081900e+06   8.3007812e+01
   1.9353100e+06   9.3566895e+01
   1.9353360e+06   4.2663574e+01
   1.9353660e+06   8.3496094e+01
   1.9353790e+06   8.9355469e+01
   1.9354030e+06   1.6894531e+02
   1.9354290e+06   8.0322266e+01
   1.9354520e+06   9.9914551e+01
   1.9354630e+06   8.1176758e+01
   1.9354780e+06   7.1655273e+01
   1.9354880e+06   5.9204102e+01
   1.9355090e+06   7.4951172e+01
   1.9355260e+06   5.9570312e+01
   1.9355530e+06   4.8095703e+01
   1.9355630e+06   5.1269531e+01
   1.9355760e+06   6.6711426e+01
   1.9355970e+06   7.1960449e+01
   1.9356330e+06   4.5898438e+01
   1.9356430e+06   5.4687500e+01
   1.9356570e+06   7.0312500e+01
   1.9356690e+06   4.2236328e+01
   1.9357040e+06   1.4923096e+02
   1.9357150e+06   5.8410645e+01
   1.9357340e+06   8.7036133e+01
   1.9357650e+06   5.9509277e+01
   1.9358070e+06   1.0070801e+02
   1.9358270e+06   7.2082520e+01
   1.9358450e+06   4.5654297e+01
   1.9358660e+06   5.6884766e+01
   1.9358930e+06   4.0832520e+01
   1.9359220e+06   6.9946289e+01
   1.9359500e+06   5.1025391e+01
   1.9359740e+06   7.9528809e+01
   1.9360150e+06   4.1259766e+01
   1.9360270e+06   6.6406250e+01
   1.9360470e+06   7.7209473e+01
   1.9360910e+06   4.3762207e+01
   1.9361020e+06   1.0638428e+02
   1.9361270e+06   9.5397949e+01
   1.9361770e+06   6.0119629e+01
   1.9361920e+06   4.1992188e+01
   1.9362110e+06   1.7431641e+02
   1.9362730e+06   1.0894775e+02
   1.9362960e+06   6.1950684e+01
   1.9363840e+06   8.8684082e+01
   1.9364080e+06   4.0405273e+01
   1.9364320e+06   1.2170410e+02
   1.9364820e+06   8.1970215e+01
   1.9365850e+06   9.3505859e+01
   1.9367860e+06   1.4636230e+02
   1.9370610e+06   4.1809082e+01
   1.9555500e+06   5.5480957e+01
   1.9555740e+06   1.2347412e+02
   1.9556080e+06   1.0705566e+02
   1.9556180e+06   1.3385010e+02
   1.9556440e+06   8.6486816e+01
   1.9556610e+06   7.3852539e+01
   1.9556770e+06   1.2048340e+02
   1.9556990e+06   9.7167969e+01
   1.9557410e+06   9.9548340e+01
   1.9557550e+06   4.6203613e+01
   1.9557670e+06   5.8654785e+01
   1.9557970e+06   1.4184570e+02
   1.9558110e+06   4.2846680e+01
   1.9558360e+06   8.7524414e+01
   1.9558500e+06   1.2213135e+02
   1.9558700e+06   6.6345215e+01
   1.9559050e+06   1.1248779e+02
   1.9559150e+06   7.1228027e+01
   1.9559350e+06   6.9396973e+01
   1.9559540e+06   1.1102295e+02
   1.9559640e+06   6.7993164e+01
   1.9559800e+06   6.4270020e+01
   1.9560000e+06   1.0473633e+02
   1.9560130e+06   6.7138672e+01
   1.9560260e+06   5.1269531e+01
   1.9560360e+06   6.7871094e+01
   1.9560740e+06   4.3273926e+01
   1.9560980e+06   7.2509766e+01
   1.9561130e+06   4.3395996e+01
   1.9561380e+06   8.2885742e+01
   1.9561770e+06   4.2053223e+01
   1.9562060e+06   6.7871094e+01
   1.9562320e+06   4.7363281e+01
   1.9562450e+06   5.8593750e+01
   1.9562580e+06   5.0476074e+01
   1.9563150e+06   5.3710938e+01
   1.9563380e+06   4.0832520e+01
   1.9563700e+06   5.5114746e+01
   1.9563870e+06   6.5551758e+01
   1.9564080e+06   5.2673340e+01
   1.9564190e+06   4.6508789e+01
   1.9564590e+06   5.5114746e+01
   1.9564960e+06   5.6640625e+01
   1.9565260e+06   7.7880859e+01
   1.9565360e+06   6.0974121e+01
   1.9565620e+06   4.1748047e+01
   1.9565990e+06   4.9316406e+01
   1.9566160e+06   9.2468262e+01
   1.9566560e+06   5.0109863e+01
   1.9567000e+06   5.3161621e+01
   1.9567200e+06   5.2673340e+01
   1.9567750e+06   4.7912598e+01
   1.9568050e+06   6.8237305e+01
   1.9568370e+06   4.0954590e+01
   1.9569000e+06   9.6130371e+01
   1.9569120e+06   5.0415039e+01
   1.9569880e+06   5.8959961e+01
   1.9570870e+06   5.1818848e+01
   1.9572080e+06   1.0034180e+02
   1.9572370e+06   5.7373047e+01
   1.9574170e+06   4.9377441e+01
   1.9575930e+06   4.0222168e+01
   1.9869820e+06   1.4044189e+02
   1.9869930e+06   6.0974121e+01
   1.9870190e+06   4.9011230e+01
   1.9870360e+06   8.6608887e+01
   1.9870690e+06   3.4680176e+02
   1.9870980e+06   1.2481689e+02
   1.9871300e+06   1.2603760e+02
   1.9871550e+06   1.3238525e+02
   1.9871780e+06   4.1931152e+01
   1.9872060e+06   1.2945557e+02
   1.9872200e+06   7.0983887e+01
   1.9872370e+06   6.6284180e+01
   1.9872620e+06   1.4770508e+02
   1.9872900e+06   9.2834473e+01
   1.9873110e+06   1.2518311e+02
   1.9873280e+06   5.5786133e+01
   1.9873570e+06   7.9345703e+01
   1.9873800e+06   6.9213867e+01
   1.9874110e+06   7.8186035e+01
   1.9874220e+06   6.3659668e+01
   1.9874420e+06   6.0546875e+01
   1.9874520e+06   7.5988770e+01
   1.9874750e+06   4.7363281e+01
   1.9874950e+06   5.5541992e+01
   1.9875090e+06   6.3842773e+01
   1.9875310e+06   5.3283691e+01
   1.9875550e+06   5.4382324e+01
   1.9875670e+06   5.2368164e+01
   1.9875840e+06   4.0893555e+01
   1.9876060e+06   4.7607422e+01
   1.9876380e+06   4.5043945e+01
   1.9876560e+06   4.2602539e+01
   1.9876840e+06   7.0434570e+01
   1.9877060e+06   5.8105469e+01
   1.9877560e+06   6.6406250e+01
   1.9877730e+06   4.9804688e+01
   1.9878150e+06   4.9804688e+01
   1.9878440e+06   5.1757812e+01
   1.9878670e+06   4.0649414e+01
   1.9878800e+06   7.2387695e+01
   1.9879050e+06   4.2663574e+01
   1.9879320e+06   4.1931152e+01
   1.9879520e+06   5.0048828e+01
   1.9879980e+06   5.3039551e+01
   1.9880240e+06   6.7321777e+01
   1.9880620e+06   4.2724609e+01
   1.9880730e+06   4.9072266e+01
   1.9880870e+06   4.9621582e+01
   1.9881130e+06   7.4462891e+01
   1.9881460e+06   5.3039551e+01
   1.9882050e+06   7.3120117e+01
   1.9883160e+06   1.0290527e+02
   1.9883410e+06   4.7485352e+01
   1.9883750e+06   4.1564941e+01
   1.9883990e+06   4.9804688e+01
   1.9884300e+06   7.3486328e+01
   1.9885230e+06   5.4138184e+01
   1.9885570e+06   7.3181152e+01
   1.9886140e+06   4.6081543e+01
   1.9886270e+06   4.2785645e+01
   1.9887140e+06   4.3518066e+01
   1.9887710e+06   4.6997070e+01
   1.9888450e+06   4.0100098e+01
   1.9908000e+06   4.2236328e+01
   1.9913380e+06   4.2236328e+01
   2.0244930e+06   6.4941406e+01
   2.0245450e+06   1.4483643e+02
   2.0245910e+06   4.1442871e+01
   2.0246080e+06   6.8725586e+01
   2.0246330e+06   7.6599121e+01
   2.0246470e+06   2.6159668e+02
   2.0246860e+06   2.0910645e+02
   2.0246980e+06   5.3222656e+01
   2.0247140e+06   9.3261719e+01
   2.0247370e+06   9.3322754e+01
   2.0247570e+06   7.6538086e+01
   2.0247700e+06   7.6049805e+01
   2.0247890e+06   8.8256836e+01
   2.0248190e+06   7.8186035e+01
   2.0248490e+06   9.5825195e+01
   2.0248810e+06   5.3894043e+01
   2.0249090e+06   1.1718750e+02
   2.0249210e+06   5.8715820e+01
   2.0249330e+06   6.3293457e+01
   2.0249560e+06   6.0668945e+01
   2.0249720e+06   5.7617188e+01
   2.0249920e+06   6.2744141e+01
   2.0250070e+06   5.5786133e+01
   2.0250280e+06   4.1931152e+01
   2.0250410e+06   4.3457031e+01
   2.0250770e+06   6.2377930e+01
   2.0251000e+06   4.1564941e+01
   2.0251130e+06   5.6823730e+01
   2.0251230e+06   4.2175293e+01
   2.0251570e+06   7.0861816e+01
   2.0251790e+06   5.1147461e+01
   2.0251980e+06   7.5439453e+01
   2.0252170e+06   7.2021484e+01
   2.0252480e+06   5.3222656e+01
   2.0252660e+06   4.8278809e+01
   2.0252850e+06   7.5744629e+01
   2.0253120e+06   5.9143066e+01
   2.0253560e+06   8.8378906e+01
   2.0253660e+06   4.7058105e+01
   2.0254000e+06   4.1442871e+01
   2.0254100e+06   4.4128418e+01
   2.0254290e+06   6.7260742e+01
   2.0254600e+06   5.7434082e+01
   2.0254990e+06   5.1452637e+01
   2.0255390e+06   6.0974121e+01
   2.0255720e+06   7.1899414e+01
   2.0256180e+06   7.5744629e+01
   2.0256530e+06   5.9631348e+01
   2.0256730e+06   4.3762207e+01
   2.0257300e+06   4.0405273e+01
   2.0257410e+06   6.5917969e+01
   2.0257710e+06   4.0893555e+01
   2.0258460e+06   6.9519043e+01
   2.0259720e+06   6.9091797e+01
   2.0261040e+06   4.8461914e+01
   2.0261540e+06   4.9865723e+01
   2.0262110e+06   4.2358398e+01
   2.0263300e+06   4.2785645e+01
   2.0286450e+06   4.5104980e+01
   2.0296890e+06   4.2724609e+01
   2.0754590e+06   4.2236328e+01
   2.0755700e+06   4.3090820e+01
   2.0756710e+06   7.7697754e+01
   2.0757240e+06   4.0405273e+01
   2.0757380e+06   1.1004639e+02
   2.0757700e+06   5.2734375e+01
   2.0757860e+06   1.0046387e+02
   2.0758230e+06   4.2236328e+01
   2.0758450e+06   1.2115479e+02
   2.0758560e+06   8.0444336e+01
   2.0758790e+06   4.5227051e+01
   2.0758980e+06   1.1694336e+02
   2.0759190e+06   4.1442871e+01
   2.0759320e+06   1.2597656e+02
   2.0759530e+06   8.3862305e+01
   2.0759700e+06   1.4147949e+02
   2.0760030e+06   5.9509277e+01
   2.0760270e+06   1.3964844e+02
   2.0760430e+06   6.6772461e+01
   2.0760650e+06   9.4177246e+01
   2.0760850e+06   1.4471436e+02
   2.0761100e+06   1.4892578e+02
   2.0761200e+06   8.3496094e+01
   2.0761510e+06   7.2021484e+01
   2.0761630e+06   5.4199219e+01
   2.0761790e+06   5.9082031e+01
   2.0762100e+06   6.8298340e+01
   2.0762260e+06   1.1840820e+02
   2.0762420e+06   5.5053711e+01
   2.0762620e+06   6.1218262e+01
   2.0762770e+06   7.1960449e+01
   2.0762990e+06   1.1560059e+02
   2.0763150e+06   4.1137695e+01
   2.0763260e+06   4.4982910e+01
   2.0763400e+06   5.3466797e+01
   2.0763690e+06   6.8054199e+01
   2.0763980e+06   6.7199707e+01
   2.0764200e+06   5.7067871e+01
   2.0764450e+06   8.3129883e+01
   2.0764710e+06   9.5947266e+01
   2.0765030e+06   7.2082520e+01
   2.0765300e+06   5.6457520e+01
   2.0765410e+06   4.1320801e+01
   2.0765770e+06   4.3395996e+01
   2.0766090e+06   6.5795898e+01
   2.0766220e+06   4.3334961e+01
   2.0766840e+06   6.8176270e+01
   2.0767300e+06   6.0546875e+01
   2.0767630e+06   6.6894531e+01
   2.0767890e+06   5.2734375e+01
   2.0768420e+06   5.8593750e+01
   2.0768570e+06   4.3090820e+01
   2.0769130e+06   5.1635742e+01
   2.0769380e+06   6.8542480e+01
   2.0770260e+06   8.1787109e+01
   2.0770420e+06   4.0222168e+01
   2.0771710e+06   8.6303711e+01
   2.0772930e+06   7.4523926e+01
   2.0774190e+06   8.0627441e+01
   2.1279600e+06   4.2663574e+01
   2.1281930e+06   4.0588379e+01
   2.1282190e+06   1.8328857e+02
   2.1282780e+06   7.4401855e+01
   2.1283270e+06   1.3006592e+02
   2.1283540e+06   5.0231934e+01
   2.1284040e+06   1.5960693e+02
   2.1284240e+06   4.1931152e+01
   2.1284360e+06   4.1809082e+01
   2.1284680e+06   9.2407227e+01
   2.1284940e+06   5.7006836e+01
   2.1285120e+06   1.0406494e+02
   2.1285380e+06   1.3183594e+02
   2.1285590e+06   5.0231934e+01
   2.1285830e+06   8.2580566e+01
   2.1285950e+06   5.3466797e+01
   2.1286350e+06   1.4495850e+02
   2.1287280e+06   9.2346191e+01
   2.1287430e+06   6.2316895e+01
   2.1287680e+06   7.7514648e+01
   2.1287870e+06   4.0954590e+01
   2.1288070e+06   4.1259766e+01
   2.1288440e+06   4.2114258e+01
   2.1288620e+06   6.8542480e+01
   2.1289260e+06   1.1914062e+02
   2.1289550e+06   5.2062988e+01
   2.1289910e+06   7.7941895e+01
   2.1290240e+06   6.2866211e+01
   2.1290990e+06   4.1809082e+01
   2.1291130e+06   4.4311523e+01
   2.1291330e+06   4.7119141e+01
   2.1292070e+06   4.2602539e+01
   2.1292730e+06   4.8339844e+01
   2.1293900e+06   4.0771484e+01
   2.1294340e+06   1.4062500e+02
   2.1296520e+06   4.3334961e+01
   2.1299160e+06   1.2310791e+02
   2.2959500e+06   8.2458496e+01
   2.2960070e+06   4.1931152e+01
   2.2960220e+06   1.3641357e+02
   2.2960520e+06   4.0344238e+01
   2.2960710e+06   1.7437744e+02
   2.2961040e+06   9.1064453e+01
   2.2961240e+06   9.0026855e+01
   2.2961430e+06   7.3547363e+01
   2.2961550e+06   7.0617676e+01
   2.2961830e+06   9.4787598e+01
   2.2961990e+06   1.2243652e+02
   2.2962240e+06   5.4687500e+01
   2.2962380e+06   7.1289062e+01
   2.2962610e+06   7.3730469e+01
   2.2962710e+06   6.6284180e+01
   2.2963150e+06   5.3588867e+01
   2.2963330e+06   5.9326172e+01
   2.2963640e+06   4.0710449e+01
   2.2964440e+06   8.8928223e+01
   2.2965150e+06   4.9255371e+01
   2.2966120e+06   9.1064453e+01
   2.3042160e+06   4.2846680e+01
   2.3753180e+06   1.0986328e+02
   3.2087000e+06   4.6325684e+01
   3.2522540e+06   4.7790527e+01
   3.2523860e+06   8.4960938e+01
   3.2525210e+06   8.1665039e+01
   3.2525970e+06   4.3029785e+01
   3.2527130e+06   8.7829590e+01
   3.2527300e+06   5.6762695e+01
   3.2527580e+06   6.8847656e+01
   3.2527940e+06   7.2021484e+01
   3.2528090e+06   5.8349609e+01
   3.2528240e+06   7.0861816e+01
   3.2528410e+06   1.3897705e+02
   3.2528590e+06   6.6040039e+01
   3.2528760e+06   2.2467041e+02
   3.2529010e+06   9.6069336e+01
   3.2529160e+06   1.4001465e+02
   3.2529260e+06   6.4941406e+01
   3.2529510e+06   7.0129395e+01
   3.2529610e+06   6.4453125e+01
   3.2529870e+06   6.6101074e+01
   3.2530060e+06   7.8735352e+01
   3.2530230e+06   5.0109863e+01
   3.2530490e+06   6.7504883e+01
   3.2530680e+06   5.0292969e+01
   3.2531120e+06   4.1564941e+01
   3.2531350e+06   7.6232910e+01
   3.2532100e+06   7.1044922e+01
   3.2532230e+06   1.6387939e+02
   3.2532850e+06   7.4645996e+01
   3.2533620e+06   8.9233398e+01
   3.2534390e+06   9.5581055e+01
   3.2535200e+06   8.3435059e+01
   3.2536060e+06   8.3679199e+01
   3.2536960e+06   8.8317871e+01
   3.2537930e+06   8.5632324e+01
   3.2539110e+06   7.9467773e+01
   3.2606710e+06   4.2175293e+01
   3.2698880e+06   4.3212891e+01
   3.2700690e+06   9.1491699e+01
   3.2700840e+06   4.2541504e+01
   3.2701420e+06   4.3212891e+01
   3.2701650e+06   4.4433594e+01
   3.2701760e+06   9.9548340e+01
   3.2702000e+06   5.9387207e+01
   3.2702110e+06   5.4077148e+01
   3.2702450e+06   9.3688965e+01
   3.2702760e+06   1.4617920e+02
   3.2702980e+06   5.6274414e+01
   3.2703150e+06   1.6192627e+02
   3.2703490e+06   8.5815430e+01
   3.2703650e+06   6.0302734e+01
   3.2703750e+06   7.3974609e+01
   3.2703930e+06   9.6740723e+01
   3.2704180e+06   6.6284180e+01
   3.2704470e+06   6.6589355e+01
   3.2704690e+06   6.1889648e+01
   3.2704840e+06   5.8593750e+01
   3.2705010e+06   4.3518066e+01
   3.2705200e+06   1.5942383e+02
   3.2705300e+06   6.5734863e+01
   3.2705670e+06   1.1920166e+02
   3.2705780e+06   7.9772949e+01
   3.2706060e+06   4.3701172e+01
   3.2706220e+06   1.3098145e+02
   3.2706490e+06   9.9182129e+01
   3.2706630e+06   1.1260986e+02
   3.2706760e+06   6.4636230e+01
   3.2707110e+06   1.2060547e+02
   3.2707220e+06   6.5734863e+01
   3.2707740e+06   5.3283691e+01
   3.2708070e+06   1.0772705e+02
   3.2708440e+06   6.7749023e+01
   3.2708550e+06   4.5043945e+01
   3.2709160e+06   8.5876465e+01
   3.2709300e+06   5.0964355e+01
   3.2709490e+06   6.5856934e+01
   3.2709880e+06   6.6040039e+01
   3.2710110e+06   4.2358398e+01
   3.2710420e+06   1.1523438e+02
   3.2710670e+06   7.2509766e+01
   3.2711160e+06   4.1748047e+01
   3.2711390e+06   4.2480469e+01
   3.2711490e+06   7.4340820e+01
   3.2711780e+06   5.6213379e+01
   3.2711970e+06   4.2602539e+01
   3.2712210e+06   4.1381836e+01
   3.2712390e+06   9.1491699e+01
   3.2713480e+06   1.0186768e+02
   3.2713820e+06   4.2419434e+01
   3.2713980e+06   5.5969238e+01
   3.2714440e+06   7.3364258e+01
   3.2715380e+06   7.7514648e+01
   3.2716350e+06   4.5898438e+01
   3.2716520e+06   5.9631348e+01
   3.2736380e+06   4.7058105e+01
   3.2744830e+06   4.3457031e+01
   3.2747050e+06   4.2236328e+01
   3.2958530e+06   4.0527344e+01
   3.3544360e+06   4.1381836e+01
   3.3855510e+06   1.2164307e+02
   3.5579090e+06   1.2493896e+02
   3.6105550e+06   4.1076660e+01
   3.6105720e+06   1.3311768e+02
   3.6105830e+06   6.3537598e+01
   3.6106200e+06   1.4996338e+02
   3.6106400e+06   6.9091797e+01
   3.6106570e+06   9.0698242e+01
   3.6106780e+06   8.4655762e+01
   3.6107050e+06   7.4584961e+01
   3.6107220e+06   7.7331543e+01
   3.6107450e+06   8.5327148e+01
   3.6107560e+06   7.4157715e+01
   3.6107950e+06   1.4227295e+02
   3.6108100e+06   1.0375977e+02
   3.6108340e+06   6.2072754e+01
   3.6108560e+06   4.9560547e+01
   3.6108720e+06   6.7565918e+01
   3.6109000e+06   1.6571045e+02
   3.6109140e+06   4.5166016e+01
   3.6109450e+06   7.5500488e+01
   3.6109790e+06   4.7302246e+01
   3.6109990e+06   4.3762207e+01
   3.6110130e+06   8.9660645e+01
   3.6110520e+06   4.6447754e+01
   3.6110860e+06   1.1999512e+02
   3.6111050e+06   1.3244629e+02
   3.6111580e+06   8.0566406e+01
   3.6111940e+06   4.1625977e+01
   3.6112390e+06   8.3068848e+01
   3.6112700e+06   4.6875000e+01
   3.6113190e+06   9.1369629e+01
   3.6113970e+06   8.3984375e+01
   3.6114860e+06   8.9843750e+01
   3.6115790e+06   1.6363525e+02
   3.6116780e+06   8.5876465e+01
   3.6574720e+06   4.1259766e+01
   3.8103980e+06   4.8645020e+01
   4.0922210e+06   1.0620117e+02
   4.1936980e+06   4.0832520e+01
   4.1937600e+06   4.6142578e+01
   4.1937870e+06   1.3067627e+02
   4.1938210e+06   5.7006836e+01
   4.1938530e+06   1.3726807e+02
   4.1938790e+06   1.1206055e+02
   4.1939090e+06   1.3299561e+02
   4.1939310e+06   8.1542969e+01
   4.1939510e+06   7.3730469e+01
   4.1939620e+06   5.5541992e+01
   4.1939780e+06   9.0087891e+01
   4.1939990e+06   7.0983887e+01
   4.1940200e+06   6.2500000e+01
   4.1940300e+06   8.4960938e+01
   4.1940430e+06   4.2297363e+01
   4.1940580e+06   4.3029785e+01
   4.1940710e+06   8.2458496e+01
   4.1941000e+06   7.2082520e+01
   4.1941280e+06   2.0013428e+02
   4.1941550e+06   7.8063965e+01
   4.1941760e+06   4.6325684e+01
   4.1942060e+06   4.8278809e+01
   4.1942230e+06   8.2641602e+01
   4.1942610e+06   4.1625977e+01
   4.1942900e+06   8.6914062e+01
   4.1943570e+06   8.8500977e+01
   4.1943880e+06   6.2133789e+01
   4.1944020e+06   1.6949463e+02
   4.1944260e+06   8.1787109e+01
   4.1944990e+06   8.0078125e+01
   4.1945730e+06   8.6608887e+01
   4.1946530e+06   7.7575684e+01
   4.1947600e+06   9.9060059e+01
   4.1948600e+06   9.3688965e+01
   4.1949480e+06   8.2031250e+01
   4.1950480e+06   7.6110840e+01
   4.2101280e+06   4.2053223e+01
   4.2183610e+06   7.8002930e+01
   4.2184220e+06   7.5256348e+01
   4.2184640e+06   4.0466309e+01
   4.2184750e+06   1.4624023e+02
   4.2185030e+06   2.1575928e+02
   4.2185150e+06   1.1541748e+02
   4.2185360e+06   9.3139648e+01
   4.2185470e+06   8.5937500e+01
   4.2185810e+06   9.6984863e+01
   4.2186010e+06   7.4096680e+01
   4.2186200e+06   9.1125488e+01
   4.2186360e+06   5.3344727e+01
   4.2186650e+06   4.6936035e+01
   4.2186760e+06   5.9692383e+01
   4.2187010e+06   1.2274170e+02
   4.2187190e+06   8.9660645e+01
   4.2187470e+06   7.4157715e+01
   4.2187620e+06   6.7138672e+01
   4.2187760e+06   8.0505371e+01
   4.2187930e+06   8.0749512e+01
   4.2188110e+06   1.1480713e+02
   4.2188250e+06   4.3579102e+01
   4.2188480e+06   1.1486816e+02
   4.2188700e+06   5.4260254e+01
   4.2189200e+06   1.2261963e+02
   4.2189680e+06   1.2573242e+02
   4.2189880e+06   4.6569824e+01
   4.2190350e+06   4.8889160e+01
   4.2190680e+06   4.6691895e+01
   4.2191010e+06   4.9011230e+01
   4.2191730e+06   7.6171875e+01
   4.2191840e+06   4.1748047e+01
   4.2192420e+06   5.6335449e+01
   4.2192700e+06   4.1564941e+01
   4.2193000e+06   4.3395996e+01
   4.2193240e+06   6.2316895e+01
   4.2193940e+06   4.7546387e+01
   4.2194530e+06   4.2236328e+01
   4.2194820e+06   8.4228516e+01
   4.2195620e+06   8.8439941e+01
   4.2196300e+06   5.6640625e+01
   4.2196460e+06   7.0373535e+01
   4.2196840e+06   5.8898926e+01
   4.2197460e+06   7.2570801e+01
   4.2198020e+06   5.0354004e+01
   4.2198610e+06   7.4096680e+01
   4.2199130e+06   4.7363281e+01
   4.2199560e+06   7.7514648e+01
   4.2200120e+06   4.6203613e+01
   4.2200570e+06   4.3334961e+01
   4.2200740e+06   6.9030762e+01
   4.2201980e+06   1.3250732e+02
   4.2225310e+06   4.0344238e+01
   4.2494370e+06   5.4016113e+01
   4.2494790e+06   5.0109863e+01
   4.2495360e+06   4.6936035e+01
   4.2495530e+06   4.6508789e+01
   4.2495900e+06   8.0566406e+01
   4.2496110e+06   4.1809082e+01
   4.2496360e+06   4.6142578e+01
   4.2496610e+06   5.0354004e+01
   4.2496830e+06   9.7473145e+01
   4.2497460e+06   1.1614990e+02
   4.2497580e+06   1.3427734e+02
   4.2497880e+06   7.9040527e+01
   4.2498070e+06   1.5185547e+02
   4.2498270e+06   1.1114502e+02
   4.2498570e+06   1.1267090e+02
   4.2498780e+06   1.0833740e+02
   4.2498910e+06   7.6171875e+01
   4.2499130e+06   1.4056396e+02
   4.2499340e+06   1.5716553e+02
   4.2499510e+06   5.8593750e+01
   4.2499800e+06   9.3017578e+01
   4.2500030e+06   7.6416016e+01
   4.2500350e+06   4.5715332e+01
   4.2500470e+06   6.7443848e+01
   4.2500760e+06   9.1613770e+01
   4.2500980e+06   6.1889648e+01
   4.2501260e+06   5.4077148e+01
   4.2501410e+06   7.5378418e+01
   4.2501620e+06   6.4086914e+01
   4.2501750e+06   5.0781250e+01
   4.2501960e+06   4.7851562e+01
   4.2502170e+06   4.9194336e+01
   4.2502330e+06   7.1228027e+01
   4.2502550e+06   6.9763184e+01
   4.2502660e+06   8.5083008e+01
   4.2503050e+06   5.4809570e+01
   4.2503220e+06   4.8828125e+01
   4.2503500e+06   7.5866699e+01
   4.2504030e+06   5.3039551e+01
   4.2504180e+06   4.3457031e+01
   4.2504590e+06   9.8266602e+01
   4.2505040e+06   4.8522949e+01
   4.2505210e+06   5.8837891e+01
   4.2505550e+06   4.3395996e+01
   4.2505900e+06   5.4809570e+01
   4.2506220e+06   4.4616699e+01
   4.2506460e+06   4.9072266e+01
   4.2506680e+06   4.8583984e+01
   4.2506810e+06   4.1259766e+01
   4.2507360e+06   7.8613281e+01
   4.2507520e+06   4.3029785e+01
   4.2507850e+06   4.9499512e+01
   4.2508060e+06   5.9204102e+01
   4.2508280e+06   4.6936035e+01
   4.2508670e+06   4.0893555e+01
   4.2508840e+06   5.0537109e+01
   4.2509520e+06   4.5959473e+01
   4.2509620e+06   6.6101074e+01
   4.2509760e+06   4.3701172e+01
   4.2510370e+06   6.1096191e+01
   4.2510600e+06   4.0466309e+01
   4.2511210e+06   4.2724609e+01
   4.2511340e+06   4.5898438e+01
   4.2511690e+06   4.2541504e+01
   4.2512230e+06   7.5195312e+01
   4.2512360e+06   4.2907715e+01
   4.2513170e+06   7.0068359e+01
   4.2513720e+06   6.0180664e+01
   4.2514090e+06   5.8349609e+01
   4.2514530e+06   4.1381836e+01
   4.2514750e+06   4.8339844e+01
   4.2515090e+06   9.7656250e+01
   4.2516140e+06   5.0903320e+01
   4.2516270e+06   7.0617676e+01
   4.2517320e+06   4.4372559e+01
   4.2517730e+06   7.4401855e+01
   4.2531990e+06   4.9621582e+01
   4.2547680e+06   4.2602539e+01
   4.2552460e+06   4.8095703e+01
   4.2782100e+06   4.3029785e+01
   4.2783240e+06   4.7302246e+01
   4.2783480e+06   4.0771484e+01
   4.2783880e+06   1.4135742e+02
   4.2784350e+06   4.0893555e+01
   4.2784450e+06   1.0760498e+02
   4.2785080e+06   1.0986328e+02
   4.2785660e+06   1.1810303e+02
   4.2785810e+06   4.0527344e+01
   4.2786440e+06   1.2286377e+02
   4.2786560e+06   6.4941406e+01
   4.2786780e+06   4.4799805e+01
   4.2787020e+06   1.1431885e+02
   4.2787230e+06   1.0394287e+02
   4.2787620e+06   5.4260254e+01
   4.2787890e+06   1.0552979e+02
   4.2788010e+06   1.2896729e+02
   4.2788130e+06   1.6278076e+02
   4.2788410e+06   8.8623047e+01
   4.2788600e+06   9.2407227e+01
   4.2788870e+06   1.6448975e+02
   4.2789020e+06   7.0190430e+01
   4.2789230e+06   7.7514648e+01
   4.2789330e+06   9.6862793e+01
   4.2789600e+06   7.7758789e+01
   4.2789810e+06   5.6640625e+01
   4.2789940e+06   1.0687256e+02
   4.2790160e+06   6.3110352e+01
   4.2790390e+06   4.0344238e+01
   4.2790500e+06   5.4382324e+01
   4.2790600e+06   7.8979492e+01
   4.2790890e+06   7.1105957e+01
   4.2791020e+06   6.2072754e+01
   4.2791240e+06   5.8837891e+01
   4.2791600e+06   5.6884766e+01
   4.2791870e+06   6.7199707e+01
   4.2792000e+06   4.7363281e+01
   4.2792210e+06   4.3640137e+01
   4.2792500e+06   5.4992676e+01
   4.2792620e+06   5.7983398e+01
   4.2792970e+06   5.3833008e+01
   4.2793170e+06   4.2724609e+01
   4.2793340e+06   7.0800781e+01
   4.2793470e+06   5.5969238e+01
   4.2793570e+06   6.2438965e+01
   4.2793880e+06   6.9702148e+01
   4.2794100e+06   4.2663574e+01
   4.2794410e+06   6.4025879e+01
   4.2794560e+06   5.9570312e+01
   4.2794660e+06   5.2062988e+01
   4.2794980e+06   5.3710938e+01
   4.2795550e+06   6.4331055e+01
   4.2795660e+06   4.2419434e+01
   4.2795960e+06   4.2236328e+01
   4.2796290e+06   5.9204102e+01
   4.2796600e+06   5.0292969e+01
   4.2796730e+06   5.1879883e+01
   4.2797220e+06   4.2724609e+01
   4.2797330e+06   4.7729492e+01
   4.2797750e+06   4.1198730e+01
   4.2797850e+06   7.1899414e+01
   4.2798270e+06   4.7302246e+01
   4.2798510e+06   6.4941406e+01
   4.2798810e+06   7.3059082e+01
   4.2799270e+06   5.3344727e+01
   4.2799370e+06   4.8461914e+01
   4.2799740e+06   4.0771484e+01
   4.2800050e+06   5.8837891e+01
   4.2800180e+06   4.1748047e+01
   4.2800880e+06   4.2602539e+01
   4.2801310e+06   4.5776367e+01
   4.2802340e+06   4.9743652e+01
   4.2802730e+06   6.0424805e+01
   4.2803340e+06   7.1838379e+01
   4.2806280e+06   4.7851562e+01
   4.2806420e+06   4.2175293e+01
   4.2807050e+06   7.0617676e+01
   4.2830960e+06   8.0993652e+01
   4.2836650e+06   5.2978516e+01
   4.3132930e+06   4.5593262e+01
   4.3134280e+06   1.4221191e+02
   4.3134640e+06   5.2795410e+01
   4.3134810e+06   1.2408447e+02
   4.3135290e+06   9.8999023e+01
   4.3135940e+06   1.0778809e+02
   4.3136370e+06   4.5898438e+01
   4.3136640e+06   1.1682129e+02
   4.3137270e+06   1.4672852e+02
   4.3137600e+06   4.0588379e+01
   4.3138050e+06   1.0229492e+02
   4.3138710e+06   4.3518066e+01
   4.3139340e+06   1.1120605e+02
   4.3139670e+06   8.4106445e+01
   4.3139920e+06   1.1346436e+02
   4.3140140e+06   1.0589600e+02
   4.3140280e+06   1.1596680e+02
   4.3140490e+06   9.4604492e+01
   4.3140650e+06   4.3518066e+01
   4.3140820e+06   1.3232422e+02
   4.3141030e+06   8.6364746e+01
   4.3141190e+06   1.0467529e+02
   4.3141520e+06   1.9311523e+02
   4.3141680e+06   6.5185547e+01
   4.3141970e+06   7.6721191e+01
   4.3142240e+06   1.2969971e+02
   4.3142440e+06   8.8256836e+01
   4.3142580e+06   6.5673828e+01
   4.3142920e+06   4.8828125e+01
   4.3143050e+06   6.7138672e+01
   4.3143220e+06   6.2988281e+01
   4.3143350e+06   4.2236328e+01
   4.3143450e+06   5.3222656e+01
   4.3143810e+06   8.8806152e+01
   4.3143990e+06   7.8735352e+01
   4.3144090e+06   6.0913086e+01
   4.3144310e+06   6.7443848e+01
   4.3144410e+06   5.2124023e+01
   4.3144640e+06   5.5114746e+01
   4.3144870e+06   7.6843262e+01
   4.3145130e+06   4.3151855e+01
   4.3145250e+06   9.6435547e+01
   4.3145520e+06   5.1269531e+01
   4.3145820e+06   4.9011230e+01
   4.3145950e+06   4.3762207e+01
   4.3146250e+06   5.8105469e+01
   4.3146410e+06   4.2114258e+01
   4.3146680e+06   4.9011230e+01
   4.3146940e+06   5.1696777e+01
   4.3147110e+06   4.3090820e+01
   4.3147630e+06   4.5410156e+01
   4.3147800e+06   5.5969238e+01
   4.3148400e+06   8.2031250e+01
   4.3148650e+06   4.8767090e+01
   4.3149030e+06   7.5805664e+01
   4.3149750e+06   5.7373047e+01
   4.3150150e+06   4.7851562e+01
   4.3150390e+06   5.5419922e+01
   4.3151180e+06   4.6081543e+01
   4.3151550e+06   4.7790527e+01
   4.3151930e+06   6.2316895e+01
   4.3152760e+06   4.8461914e+01
   4.3153680e+06   6.1523438e+01
   4.3153860e+06   4.3884277e+01
   4.3154410e+06   4.8828125e+01
   4.3154740e+06   6.4575195e+01
   4.3155920e+06   4.4433594e+01
   4.3167550e+06   4.0649414e+01
   4.3169180e+06   4.2907715e+01
   4.3171170e+06   4.2602539e+01
   4.3172880e+06   4.1931152e+01
   4.3342660e+06   4.3457031e+01
   4.3374080e+06   4.0588379e+01
   4.3401010e+06   6.9274902e+01
   4.3401800e+06   1.5594482e+02
   4.3402400e+06   4.5959473e+01
   4.3402610e+06   1.2847900e+02
   4.3403540e+06   1.2145996e+02
   4.3404480e+06   1.3116455e+02
   4.3405400e+06   1.2481689e+02
   4.3406400e+06   1.0125732e+02
   4.3406850e+06   4.2297363e+01
   4.3498860e+06   4.2541504e+01
   4.3499030e+06   4.3029785e+01
   4.3499340e+06   4.7790527e+01
   4.3499870e+06   1.0821533e+02
   4.3500030e+06   4.0466309e+01
   4.3500420e+06   9.6069336e+01
   4.3500980e+06   4.3334961e+01
   4.3501110e+06   4.2602539e+01
   4.3501350e+06   4.2114258e+01
   4.3501580e+06   8.2031250e+01
   4.3502120e+06   5.7861328e+01
   4.3502310e+06   1.4794922e+02
   4.3502540e+06   1.1035156e+02
   4.3503070e+06   4.9560547e+01
   4.3503170e+06   1.0980225e+02
   4.3503430e+06   4.1687012e+01
   4.3503770e+06   7.8247070e+01
   4.3503950e+06   6.4147949e+01
   4.3504170e+06   9.5336914e+01
   4.3504430e+06   5.3283691e+01
   4.3505070e+06   9.1308594e+01
   4.3505280e+06   9.0820312e+01
   4.3505420e+06   8.8623047e+01
   4.3505630e+06   4.4555664e+01
   4.3505770e+06   7.6171875e+01
   4.3506100e+06   8.6914063e+01
   4.3506380e+06   5.1513672e+01
   4.3506620e+06   9.9731445e+01
   4.3506820e+06   5.5541992e+01
   4.3506990e+06   1.0040283e+02
   4.3507350e+06   5.3771973e+01
   4.3507550e+06   6.4331055e+01
   4.3507680e+06   5.8593750e+01
   4.3507990e+06   6.8725586e+01
   4.3508150e+06   7.7697754e+01
   4.3508320e+06   5.1513672e+01
   4.3508570e+06   6.5612793e+01
   4.3508780e+06   8.6547852e+01
   4.3509080e+06   1.0168457e+02
   4.3509200e+06   4.3518066e+01
   4.3509400e+06   6.4697266e+01
   4.3509640e+06   6.5551758e+01
   4.3509830e+06   6.5734863e+01
   4.3510140e+06   6.9335938e+01
   4.3510320e+06   6.8481445e+01
   4.3510510e+06   4.1625977e+01
   4.3510680e+06   6.1889648e+01
   4.3510940e+06   5.7312012e+01
   4.3511120e+06   7.2265625e+01
   4.3511740e+06   8.6242676e+01
   4.3512040e+06   4.7241211e+01
   4.3512300e+06   6.5734863e+01
   4.3512540e+06   4.9926758e+01
   4.3512780e+06   4.6630859e+01
   4.3512990e+06   4.6508789e+01
   4.3513170e+06   5.3771973e+01
   4.3513770e+06   6.7199707e+01
   4.3513930e+06   5.4443359e+01
   4.3514600e+06   5.2124023e+01
   4.3515380e+06   4.8950195e+01
   4.3515480e+06   4.8645020e+01
   4.3516010e+06   5.3100586e+01
   4.3516490e+06   4.8339844e+01
   4.3534850e+06   4.1809082e+01
   4.3982940e+06   4.2175293e+01
   4.4453080e+06   4.6325684e+01
   4.4770780e+06   4.0649414e+01
   4.4771390e+06   4.3945312e+01
   4.4771500e+06   1.1004639e+02
   4.4771840e+06   4.5227051e+01
   4.4772090e+06   8.6364746e+01
   4.4772390e+06   4.1564941e+01
   4.4772600e+06   5.9814453e+01
   4.4772720e+06   4.9743652e+01
   4.4772950e+06   1.1444092e+02
   4.4773190e+06   8.5876465e+01
   4.4773320e+06   1.0076904e+02
   4.4773520e+06   1.6522217e+02
   4.4773700e+06   1.0882568e+02
   4.4773990e+06   1.0040283e+02
   4.4774240e+06   1.1071777e+02
   4.4774350e+06   5.8776855e+01
   4.4774540e+06   4.4616699e+01
   4.4774850e+06   1.0620117e+02
   4.4775250e+06   1.1499023e+02
   4.4775650e+06   9.1125488e+01
   4.4775910e+06   1.1352539e+02
   4.4776520e+06   4.9072266e+01
   4.4776850e+06   4.7607422e+01
   4.4777540e+06   1.1175537e+02
   4.4777870e+06   4.6691895e+01
   4.4778120e+06   4.4799805e+01
   4.4778630e+06   4.0405273e+01
   4.4779330e+06   1.0906982e+02
   4.4780670e+06   4.7302246e+01
   4.4781890e+06   9.7473145e+01
   4.8281720e+06   4.2480469e+01
   4.8282300e+06   4.2602539e+01
   4.8282600e+06   5.7739258e+01
   4.8282720e+06   4.6997070e+01
   4.8282820e+06   6.6955566e+01
   4.8283080e+06   1.6320801e+02
   4.8283290e+06   1.1712646e+02
   4.8283550e+06   1.6186523e+02
   4.8283750e+06   7.9895020e+01
   4.8283980e+06   1.3989258e+02
   4.8284110e+06   5.7617188e+01
   4.8284400e+06   7.4890137e+01
   4.8284540e+06   6.0485840e+01
   4.8284810e+06   8.7280273e+01
   4.8285210e+06   5.1940918e+01
   4.8285800e+06   7.5317383e+01
   4.8286040e+06   4.2602539e+01
   4.8286550e+06   4.1442871e+01
   4.8287460e+06   9.8876953e+01
   4.8288610e+06   8.8134766e+01
   4.8289730e+06   9.1491699e+01
   4.8367790e+06   4.5715332e+01
   4.9157020e+06   1.0937500e+02
   4.9157220e+06   5.5541992e+01
   4.9157480e+06   9.7595215e+01
   4.9157650e+06   1.3604736e+02
   4.9157820e+06   8.4960938e+01
   4.9157980e+06   1.5002441e+02
   4.9158240e+06   9.0148926e+01
   4.9158350e+06   4.9194336e+01
   4.9158530e+06   5.4077148e+01
   4.9158680e+06   9.9426270e+01
   4.9158780e+06   9.0698242e+01
   4.9159070e+06   6.0241699e+01
   4.9159410e+06   8.1787109e+01
   4.9159650e+06   9.3383789e+01
   4.9159960e+06   5.4016113e+01
   4.9160110e+06   5.9387207e+01
   4.9160420e+06   5.4016113e+01
   4.9160530e+06   1.5576172e+02
   4.9160820e+06   6.7810059e+01
   4.9161040e+06   4.9560547e+01
   4.9161140e+06   4.4433594e+01
   4.9161430e+06   4.1259766e+01
   4.9161540e+06   7.0007324e+01
   4.9162340e+06   8.0139160e+01
   4.9162610e+06   4.5715332e+01
   4.9163150e+06   8.6059570e+01
   4.9164160e+06   8.4472656e+01
   4.9165080e+06   7.8735352e+01
   4.9166040e+06   7.1472168e+01
   4.9167130e+06   8.5815430e+01
   4.9593690e+06   9.3933105e+01
   4.9594520e+06   5.8471680e+01
   4.9594700e+06   6.1889648e+01
   4.9594820e+06   5.2124023e+01
   4.9595040e+06   4.1259766e+01
   4.9595240e+06   1.9439697e+02
   4.9595470e+06   1.5063477e+02
   4.9595580e+06   1.3128662e+02
   4.9595770e+06   1.0241699e+02
   4.9595950e+06   7.0678711e+01
   4.9596200e+06   6.7138672e+01
   4.9596340e+06   5.6579590e+01
   4.9596660e+06   5.8471680e+01
   4.9596850e+06   8.2519531e+01
   4.9597010e+06   6.5002441e+01
   4.9597190e+06   5.9448242e+01
   4.9597430e+06   1.3500977e+02
   4.9597660e+06   1.1621094e+02
   4.9598210e+06   1.4910889e+02
   4.9598320e+06   6.3293457e+01
   4.9598760e+06   1.0253906e+02
   4.9598910e+06   1.4190674e+02
   4.9599170e+06   4.2053223e+01
   4.9599340e+06   8.5388184e+01
   4.9599450e+06   1.5417480e+02
   4.9599740e+06   5.2795410e+01
   4.9600080e+06   1.4196777e+02
   4.9600520e+06   5.6091309e+01
   4.9600700e+06   8.1481934e+01
   4.9600940e+06   9.0332031e+01
   4.9601400e+06   6.6101074e+01
   4.9601520e+06   5.4016113e+01
   4.9601650e+06   1.2353516e+02
   4.9602080e+06   8.5693359e+01
   4.9602440e+06   4.3518066e+01
   4.9602830e+06   6.9335938e+01
   4.9603630e+06   1.1572266e+02
   4.9604310e+06   7.5683594e+01
   4.9604780e+06   4.0832520e+01
   4.9605090e+06   7.0007324e+01
   4.9605540e+06   4.6997070e+01
   4.9605900e+06   9.6435547e+01
   4.9606850e+06   7.5256348e+01
   4.9607770e+06   4.6142578e+01
   4.9607950e+06   1.0559082e+02
   4.9608900e+06   8.0627441e+01
   4.9609990e+06   1.3006592e+02
   4.9614570e+06   4.1137695e+01
   4.9632380e+06   4.1687012e+01
   4.9806860e+06   4.3884277e+01
   5.0363850e+06   4.4189453e+01
   5.0515650e+06   6.6467285e+01
   5.4087580e+06   4.2480469e+01
   5.4088130e+06   8.4533691e+01
   5.4088240e+06   5.5664062e+01
   5.4088460e+06   5.1391602e+01
   5.4088580e+06   7.7270508e+01
   5.4088680e+06   1.4874268e+02
   5.4088830e+06   4.7851562e+01
   5.4088990e+06   1.5588379e+02
   5.4089320e+06   7.7453613e+01
   5.4089570e+06   5.3405762e+01
   5.4089670e+06   4.8461914e+01
   5.4089780e+06   5.9875488e+01
   5.4090140e+06   1.0198975e+02
   5.4090260e+06   7.9284668e+01
   5.4090580e+06   8.0749512e+01
   5.4090830e+06   8.3435059e+01
   5.4090940e+06   4.8645020e+01
   5.4091240e+06   6.7687988e+01
   5.4091480e+06   7.9650879e+01
   5.4091710e+06   4.9499512e+01
   5.4092000e+06   4.1870117e+01
   5.4092200e+06   9.7778320e+01
   5.4092400e+06   4.3273926e+01
   5.4092610e+06   5.2734375e+01
   5.4092950e+06   9.7961426e+01
   5.4093690e+06   8.2946777e+01
   5.4094250e+06   5.8410645e+01
   5.4094450e+06   1.0192871e+02
   5.4094820e+06   8.1176758e+01
   5.4095240e+06   7.3059082e+01
   5.4095580e+06   4.2236328e+01
   5.4096140e+06   8.7646484e+01
   5.4097270e+06   8.5021973e+01
   5.4098410e+06   8.9416504e+01
   5.4099500e+06   8.7036133e+01
   5.4685730e+06   9.1003418e+01
   5.4686160e+06   7.4951172e+01
   5.4686320e+06   2.3797607e+02
   5.4686470e+06   1.0040283e+02
   5.4686650e+06   1.1761475e+02
   5.4686870e+06   1.1633301e+02
   5.4687090e+06   1.2133789e+02
   5.4687230e+06   5.2307129e+01
   5.4687340e+06   5.9204102e+01
   5.4687660e+06   8.7280273e+01
   5.4688150e+06   9.1125488e+01
   5.4688350e+06   1.0626221e+02
   5.4688600e+06   5.3649902e+01
   5.4688700e+06   7.5378418e+01
   5.4688840e+06   4.5043945e+01
   5.4689130e+06   1.8829346e+02
   5.4689330e+06   8.8623047e+01
   5.4689690e+06   1.7242432e+02
   5.4689850e+06   8.0810547e+01
   5.4690300e+06   4.4128418e+01
   5.4690510e+06   1.0430908e+02
   5.4690610e+06   5.1086426e+01
   5.4690780e+06   5.3405762e+01
   5.4690900e+06   5.4870605e+01
   5.4691210e+06   1.2866211e+02
   5.4691410e+06   9.4787598e+01
   5.4691910e+06   7.5378418e+01
   5.4692040e+06   6.4392090e+01
   5.4692320e+06   5.0048828e+01
   5.4692600e+06   7.3608398e+01
   5.4692860e+06   4.1320801e+01
   5.4693010e+06   1.0974121e+02
   5.4693330e+06   9.3017578e+01
   5.4693540e+06   6.2438965e+01
   5.4693730e+06   4.3212891e+01
   5.4693850e+06   4.9499512e+01
   5.4694080e+06   9.5336914e+01
   5.4694310e+06   4.5471191e+01
   5.4694570e+06   4.1442871e+01
   5.4694840e+06   7.9772949e+01
   5.4694940e+06   1.0375977e+02
   5.4695200e+06   8.0261230e+01
   5.4695620e+06   7.4890137e+01
   5.4695720e+06   4.2236328e+01
   5.4696370e+06   4.2114258e+01
   5.4696480e+06   9.4604492e+01
   5.4697370e+06   7.6843262e+01
   5.4698120e+06   9.2041016e+01
   5.4698650e+06   1.0162354e+02
   5.4699220e+06   7.4401855e+01
   5.4700180e+06   7.2692871e+01
   5.4701280e+06   7.7514648e+01
   5.4702700e+06   4.2053223e+01
   5.4729980e+06   4.0344238e+01
   5.8691950e+06   4.2785645e+01
   6.1248220e+06   5.0720215e+01
   6.1411300e+06   4.0832520e+01
   6.4848290e+06   4.4555664e+01
   6.4848500e+06   4.7729492e+01
   7.1561730e+06   4.0222168e+01
   7.4547620e+06   4.0954590e+01
   8.0059020e+06   1.0302734e+02
   8.1138860e+06   4.0771484e+01
   8.3465570e+06   4.6508789e+01
   8.3465720e+06   1.1444092e+02
   8.3466030e+06   1.3580322e+02
   8.3466330e+06   6.9458008e+01
   8.3466560e+06   8.4472656e+01
   8.3466790e+06   9.0698242e+01
   8.3467060e+06   5.6091309e+01
   8.3467240e+06   8.0688477e+01
   8.3467360e+06   4.8339844e+01
   8.3467610e+06   1.6156006e+02
   8.3467820e+06   7.4829102e+01
   8.3467940e+06   4.6997070e+01
   8.3468170e+06   1.8066406e+02
   8.3468360e+06   7.2326660e+01
   8.3468650e+06   1.6333008e+02
   8.3468770e+06   8.1176758e+01
   8.3469140e+06   1.0211182e+02
   8.3469370e+06   8.4106445e+01
   8.3469590e+06   5.3649902e+01
   8.3469890e+06   6.4636230e+01
   8.3470020e+06   9.7412109e+01
   8.3470260e+06   1.1022949e+02
   8.3470450e+06   5.0354004e+01
   8.3470610e+06   1.1956787e+02
   8.3470850e+06   4.3640137e+01
   8.3471220e+06   9.3566895e+01
   8.3471810e+06   7.8735352e+01
   8.3472040e+06   1.2414551e+02
   8.3472380e+06   4.8461914e+01
   8.3472510e+06   4.2846680e+01
   8.3473100e+06   7.4523926e+01
   8.3473790e+06   7.5439453e+01
   8.3474260e+06   5.4748535e+01
   8.3474460e+06   8.0261230e+01
   8.3475120e+06   8.9904785e+01
   8.3475850e+06   6.9824219e+01
   8.3476550e+06   8.7219238e+01
   8.3477210e+06   9.3200684e+01
   8.3477650e+06   4.0527344e+01
   8.3477830e+06   7.2265625e+01
   8.3478540e+06   6.8420410e+01
   8.3479270e+06   7.1472168e+01
   8.3480100e+06   8.0505371e+01
   8.3480940e+06   8.5876465e+01
   8.3481690e+06   7.1289062e+01
   8.3482580e+06   6.9458008e+01
   8.3483480e+06   7.3608398e+01
   8.3495880e+06   4.1503906e+01
   8.3557590e+06   4.6752930e+01
   8.3709850e+06   4.1992188e+01
   8.4140050e+06   4.2053223e+01
   8.4466100e+06   4.7058105e+01
   8.5444840e+06   4.4921875e+01
   8.5445170e+06   9.9182129e+01
   8.5445280e+06   1.6027832e+02
   8.5445550e+06   2.0550537e+02
   8.5445820e+06   9.1125488e+01
   8.5446040e+06   1.0076904e+02
   8.5446260e+06   7.9895020e+01
   8.5446480e+06   1.6796875e+02
   8.5446600e+06   4.2114258e+01
   8.5446860e+06   6.8298340e+01
   8.5446970e+06   1.0217285e+02
   8.5447270e+06   9.0270996e+01
   8.5447480e+06   1.1657715e+02
   8.5447590e+06   5.5053711e+01
   8.5447930e+06   1.2475586e+02
   8.5448060e+06   5.2978516e+01
   8.5448170e+06   4.4677734e+01
   8.5448370e+06   5.1086426e+01
   8.5448660e+06   1.4099121e+02
   8.5448890e+06   4.0100098e+01
   8.5449130e+06   6.0668945e+01
   8.5449300e+06   7.3547363e+01
   8.5449450e+06   5.4260254e+01
   8.5449680e+06   7.0495605e+01
   8.5449920e+06   9.7412109e+01
   8.5450430e+06   5.3588867e+01
   8.5450560e+06   7.0007324e+01
   8.5450690e+06   4.7973633e+01
   8.5451210e+06   8.3496094e+01
   8.5451570e+06   5.1086426e+01
   8.5451850e+06   9.2834473e+01
   8.5452260e+06   5.2673340e+01
   8.5452410e+06   4.4067383e+01
   8.5452520e+06   9.3200684e+01
   8.5452760e+06   4.2541504e+01
   8.5452860e+06   4.9072266e+01
   8.5453170e+06   8.4045410e+01
   8.5453790e+06   9.2285156e+01
   8.5454490e+06   7.5012207e+01
   8.5454670e+06   4.2358398e+01
   8.5455180e+06   7.1777344e+01
   8.5455860e+06   8.0993652e+01
   8.5456570e+06   7.4645996e+01
   8.5457380e+06   4.2053223e+01
   8.5458210e+06   7.2875977e+01
   8.5458580e+06   4.7851562e+01
   8.5459320e+06   7.8369141e+01
   8.5460580e+06   4.0039062e+01
   8.5650680e+06   4.0161133e+01
   8.5748940e+06   1.5386963e+02
   8.5751820e+06   1.2127686e+02
   8.5752280e+06   4.5898438e+01
   8.5752750e+06   1.4416504e+02
   8.5753710e+06   5.4504395e+01
   8.5754340e+06   5.5419922e+01
   8.5754940e+06   4.0405273e+01
   8.5755240e+06   1.2969971e+02
   8.5755380e+06   4.9316406e+01
   8.5755570e+06   4.0954590e+01
   8.5755800e+06   4.2236328e+01
   8.5756220e+06   1.1822510e+02
   8.5756450e+06   1.1029053e+02
   8.5756780e+06   4.2053223e+01
   8.5756920e+06   1.9897461e+02
   8.5757270e+06   6.3720703e+01
   8.5757550e+06   1.1279297e+02
   8.5757720e+06   1.0937500e+02
   8.5757920e+06   9.8632812e+01
   8.5758120e+06   1.3732910e+02
   8.5758410e+06   9.5520020e+01
   8.5758570e+06   7.7514648e+01
   8.5758750e+06   8.2458496e+01
   8.5759090e+06   1.1431885e+02
   8.5759230e+06   4.5471191e+01
   8.5759400e+06   4.0222168e+01
   8.5759570e+06   6.3659668e+01
   8.5759700e+06   5.9387207e+01
   8.5759960e+06   5.3466797e+01
   8.5760080e+06   7.4768066e+01
   8.5760420e+06   4.5227051e+01
   8.5760720e+06   5.0781250e+01
   8.5760970e+06   5.3161621e+01
   8.5761390e+06   4.5471191e+01
   8.5761510e+06   6.2438965e+01
   8.5761810e+06   5.0781250e+01
   8.5762080e+06   5.9387207e+01
   8.5762200e+06   4.4189453e+01
   8.5762470e+06   5.6518555e+01
   8.5762680e+06   4.9499512e+01
   8.5763000e+06   5.4138184e+01
   8.5763220e+06   4.1015625e+01
   8.5763550e+06   4.9011230e+01
   8.5763850e+06   4.2785645e+01
   8.5764720e+06   7.3181152e+01
   8.5765100e+06   5.1391602e+01
   8.5765370e+06   5.0598145e+01
   8.5765940e+06   8.0200195e+01
   8.5766080e+06   3.9978027e+01
   8.5766560e+06   5.9448242e+01
   8.5767200e+06   7.5439453e+01
   8.5767480e+06   4.1748047e+01
   8.5767860e+06   5.9326172e+01
   8.5768100e+06   5.4260254e+01
   8.5768590e+06   5.0476074e+01
   8.5768700e+06   4.1015625e+01
   8.5769220e+06   4.4311523e+01
   8.5769540e+06   4.0283203e+01
   8.5769950e+06   9.9121094e+01
   8.5770090e+06   4.0527344e+01
   8.5770620e+06   4.5410156e+01
   8.5770800e+06   5.9997559e+01
   8.5770960e+06   4.0161133e+01
   8.5771320e+06   4.3090820e+01
   8.5771600e+06   7.3791504e+01
   8.5772200e+06   4.3640137e+01
   8.5772420e+06   6.0852051e+01
   8.5772910e+06   5.6152344e+01
   8.5773320e+06   5.9143066e+01
   8.5773540e+06   4.5837402e+01
   8.5774170e+06   6.5612793e+01
   8.5774390e+06   4.8889160e+01
   8.5774730e+06   4.0710449e+01
   8.5774880e+06   5.6152344e+01
   8.5775110e+06   5.5236816e+01
   8.5775210e+06   4.8828125e+01
   8.5775710e+06   3.9978027e+01
   8.5776100e+06   7.3364258e+01
   8.5776280e+06   4.4494629e+01
   8.5776570e+06   4.3395996e+01
   8.5777040e+06   5.8959961e+01
   8.5777210e+06   5.3833008e+01
   8.5778790e+06   4.8095703e+01
   8.5779480e+06   4.4677734e+01
   8.5780720e+06   4.0710449e+01
   8.5782510e+06   5.3649902e+01
   8.5793440e+06   4.5349121e+01
   8.5796370e+06   4.3640137e+01
   8.5959640e+06   4.7058105e+01
   8.6096380e+06   4.0222168e+01
   8.6141640e+06   4.1870117e+01
   8.6150050e+06   4.5593262e+01
   8.6150240e+06   4.0161133e+01
   8.6151000e+06   4.8339844e+01
   8.6151870e+06   1.5808105e+02
   8.6153220e+06   1.3671875e+02
   8.6153690e+06   1.2670898e+02
   8.6153940e+06   1.3098145e+02
   8.6154190e+06   1.5521240e+02
   8.6154310e+06   7.4340820e+01
   8.6154580e+06   8.0871582e+01
   8.6154710e+06   2.2229004e+02
   8.6155040e+06   1.0467529e+02
   8.6155290e+06   8.9111328e+01
   8.6155420e+06   4.5959473e+01
   8.6155650e+06   6.8237305e+01
   8.6155770e+06   5.8166504e+01
   8.6155930e+06   8.0566406e+01
   8.6156050e+06   4.4738770e+01
   8.6156470e+06   7.9040527e+01
   8.6156710e+06   6.2072754e+01
   8.6156970e+06   8.4594727e+01
   8.6157260e+06   7.0129395e+01
   8.6157530e+06   6.0302734e+01
   8.6157710e+06   4.4433594e+01
   8.6157940e+06   6.1462402e+01
   8.6158150e+06   4.9499512e+01
   8.6158390e+06   5.0598145e+01
   8.6158640e+06   5.3588867e+01
   8.6158920e+06   5.0903320e+01
   8.6159060e+06   6.7382812e+01
   8.6159260e+06   5.6823730e+01
   8.6159660e+06   4.6691895e+01
   8.6159780e+06   5.8105469e+01
   8.6160100e+06   4.9499512e+01
   8.6160220e+06   4.8034668e+01
   8.6160740e+06   6.6162109e+01
   8.6160920e+06   5.0598145e+01
   8.6161140e+06   4.7851563e+01
   8.6161330e+06   4.8034668e+01
   8.6161920e+06   8.8500977e+01
   8.6162120e+06   4.3212891e+01
   8.6162300e+06   4.4067383e+01
   8.6162480e+06   4.4128418e+01
   8.6162720e+06   4.3395996e+01
   8.6163190e+06   8.0932617e+01
   8.6163770e+06   4.2358398e+01
   8.6164420e+06   6.5795898e+01
   8.6164620e+06   6.7687988e+01
   8.6164940e+06   4.1259766e+01
   8.6165200e+06   6.3049316e+01
   8.6165920e+06   4.1748047e+01
   8.6166100e+06   5.4504395e+01
   8.6166440e+06   4.3090820e+01
   8.6166750e+06   7.5439453e+01
   8.6167520e+06   4.9255371e+01
   8.6168060e+06   4.4250488e+01
   8.6168360e+06   5.4931641e+01
   8.6168870e+06   4.9804688e+01
   8.6169100e+06   4.9621582e+01
   8.6169770e+06   4.0832520e+01
   8.6170040e+06   8.0139160e+01
   8.6170950e+06   5.2795410e+01
   8.6171070e+06   6.8969727e+01
   8.6171300e+06   4.4799805e+01
   8.6171900e+06   5.7922363e+01
   8.6172120e+06   7.2692871e+01
   8.6173150e+06   7.2021484e+01
   8.6173410e+06   4.3640137e+01
   8.6174640e+06   6.9702148e+01
   8.6174980e+06   5.0720215e+01
   8.6177130e+06   4.0344238e+01
   8.6177340e+06   4.3395996e+01
   8.6179430e+06   5.1574707e+01
   8.6179660e+06   4.0161133e+01
   8.6181400e+06   4.1625977e+01
   8.6194510e+06   3.9916992e+01
   8.6218950e+06   5.5969238e+01
   8.6273840e+06   8.6791992e+01
   8.6280040e+06   9.0759277e+01
   8.6654910e+06   1.7126465e+02
   8.6655410e+06   4.6508789e+01
   8.6656230e+06   4.4982910e+01
   8.6657210e+06   1.1309814e+02
   8.6657940e+06   1.2310791e+02
   8.6659820e+06   1.3427734e+02
   8.6660990e+06   5.1757812e+01
   8.6661960e+06   1.2548828e+02
   8.6735080e+06   4.3457031e+01
   8.6735390e+06   1.4532471e+02
   8.6791180e+06   5.6335449e+01
   8.6791740e+06   1.2268066e+02
   8.6792350e+06   1.2347412e+02
   8.6792920e+06   9.1430664e+01
   8.6793280e+06   4.6752930e+01
   8.6793540e+06   1.1566162e+02
   8.6794150e+06   8.8317871e+01
   8.6794840e+06   9.2163086e+01
   8.6795050e+06   5.0659180e+01
   8.6795260e+06   8.2702637e+01
   8.6795480e+06   9.6923828e+01
   8.6795730e+06   1.0791016e+02
   8.6796000e+06   4.1320801e+01
   8.6796200e+06   4.9255371e+01
   8.6796360e+06   9.6923828e+01
   8.6796550e+06   9.3872070e+01
   8.6796880e+06   4.4372559e+01
   8.6797050e+06   1.2805176e+02
   8.6797420e+06   7.7819824e+01
   8.6797640e+06   9.6435547e+01
   8.6797760e+06   4.0466309e+01
   8.6798110e+06   7.4951172e+01
   8.6798460e+06   1.5698242e+02
   8.6798710e+06   1.0058594e+02
   8.6798940e+06   1.1260986e+02
   8.6799110e+06   1.1132812e+02
   8.6799360e+06   1.1401367e+02
   8.6799460e+06   8.7402344e+01
   8.6799770e+06   7.6782227e+01
   8.6800030e+06   8.9660645e+01
   8.6800230e+06   4.9804688e+01
   8.6800410e+06   1.6717529e+02
   8.6800660e+06   6.7321777e+01
   8.6800800e+06   6.9702148e+01
   8.6800910e+06   4.9499512e+01
   8.6801230e+06   7.0373535e+01
   8.6801360e+06   4.9865723e+01
   8.6801660e+06   4.3701172e+01
   8.6801760e+06   4.1503906e+01
   8.6801870e+06   6.1218262e+01
   8.6802060e+06   5.5908203e+01
   8.6802360e+06   6.1767578e+01
   8.6802540e+06   5.2429199e+01
   8.6802840e+06   5.1147461e+01
   8.6803340e+06   6.0424805e+01
   8.6803550e+06   7.3364258e+01
   8.6803940e+06   5.8776855e+01
   8.6804260e+06   6.2683105e+01
   8.6804510e+06   4.3334961e+01
   8.6804620e+06   6.4208984e+01
   8.6804840e+06   4.7424316e+01
   8.6805050e+06   5.0659180e+01
   8.6805310e+06   5.4260254e+01
   8.6805480e+06   4.2053223e+01
   8.6805610e+06   4.6936035e+01
   8.6806070e+06   4.9865723e+01
   8.6806370e+06   4.0588379e+01
   8.6806710e+06   4.3945313e+01
   8.6806900e+06   9.0270996e+01
   8.6807630e+06   8.6181641e+01
   8.6808450e+06   6.5368652e+01
   8.6808770e+06   4.6630859e+01
   8.6809030e+06   4.0344238e+01
   8.6809280e+06   7.6721191e+01
   8.6809650e+06   4.9621582e+01
   8.6810130e+06   6.9580078e+01
   8.6810970e+06   6.4819336e+01
   8.6811830e+06   6.8969727e+01
   8.6812280e+06   6.3110352e+01
   8.6814790e+06   4.7668457e+01
   8.6817690e+06   4.1381836e+01
   8.6864940e+06   4.3640137e+01
   8.9883340e+06   1.0913086e+02
   9.1874840e+06   4.1442871e+01
   9.1875540e+06   8.4960938e+01
   9.1875750e+06   7.7880859e+01
   9.1875940e+06   2.0703125e+02
   9.1876180e+06   1.3366699e+02
   9.1876320e+06   5.4626465e+01
   9.1876600e+06   1.0693359e+02
   9.1876860e+06   5.6457520e+01
   9.1877080e+06   7.5500488e+01
   9.1877230e+06   5.9326172e+01
   9.1877480e+06   5.9143066e+01
   9.1877590e+06   4.0710449e+01
   9.1877710e+06   6.9885254e+01
   9.1877830e+06   4.6875000e+01
   9.1878080e+06   1.8426514e+02
   9.1878240e+06   5.0842285e+01
   9.1878420e+06   5.1635742e+01
   9.1878620e+06   6.8115234e+01
   9.1878890e+06   4.4799805e+01
   9.1879020e+06   4.7241211e+01
   9.1879280e+06   1.0198975e+02
   9.1879570e+06   8.1787109e+01
   9.1879770e+06   7.9528809e+01
   9.1879980e+06   8.5266113e+01
   9.1880350e+06   3.9794922e+01
   9.1880660e+06   7.6599121e+01
   9.1880840e+06   4.7668457e+01
   9.1881420e+06   8.0322266e+01
   9.1881980e+06   6.8481445e+01
   9.1882150e+06   7.4035645e+01
   9.1882990e+06   9.2895508e+01
   9.1883920e+06   1.4483643e+02
   9.1884340e+06   3.9367676e+01
   9.1884710e+06   6.5673828e+01
   9.1885590e+06   7.6904297e+01
   9.1886510e+06   1.0131836e+02
   9.1886950e+06   1.4996338e+02
   9.1887540e+06   7.4218750e+01
   9.1888550e+06   8.2458496e+01
   9.1889520e+06   7.2326660e+01
   9.1890620e+06   9.6374512e+01
   9.1891700e+06   7.6843262e+01
   9.2016510e+06   4.0710449e+01
   9.2134190e+06   4.6386719e+01
   9.2184910e+06   4.2480469e+01
   9.2457730e+06   4.8889160e+01
   9.2458360e+06   1.0498047e+02
   9.2458930e+06   6.9763184e+01
   9.2459090e+06   4.5349121e+01
   9.2459500e+06   7.8979492e+01
   9.2459700e+06   2.1319580e+02
   9.2459920e+06   1.6772461e+02
   9.2460060e+06   1.0565186e+02
   9.2460200e+06   1.2219238e+02
   9.2460530e+06   9.1003418e+01
   9.2460760e+06   6.0974121e+01
   9.2461010e+06   7.9650879e+01
   9.2461150e+06   4.1076660e+01
   9.2461340e+06   1.1218262e+02
   9.2461500e+06   5.5175781e+01
   9.2461660e+06   5.4077148e+01
   9.2461910e+06   1.0583496e+02
   9.2462140e+06   1.0247803e+02
   9.2462250e+06   6.0546875e+01
   9.2462400e+06   4.4372559e+01
   9.2462640e+06   1.6510010e+02
   9.2462890e+06   5.9936523e+01
   9.2463130e+06   1.2982178e+02
   9.2463260e+06   6.2500000e+01
   9.2463390e+06   5.0415039e+01
   9.2463580e+06   4.3151855e+01
   9.2463860e+06   7.6232910e+01
   9.2464430e+06   6.9824219e+01
   9.2464600e+06   4.1198730e+01
   9.2464750e+06   4.1076660e+01
   9.2465070e+06   9.0148926e+01
   9.2465340e+06   5.0292969e+01
   9.2465700e+06   6.7687988e+01
   9.2465950e+06   5.5725098e+01
   9.2466360e+06   8.6242676e+01
   9.2466740e+06   4.9377441e+01
   9.2467050e+06   6.1035156e+01
   9.2467480e+06   4.1381836e+01
   9.2467710e+06   9.5153809e+01
   9.2467950e+06   4.1564941e+01
   9.2468400e+06   5.4870605e+01
   9.2468850e+06   4.8095703e+01
   9.2469140e+06   7.5805664e+01
   9.2469420e+06   6.3842773e+01
   9.2469870e+06   7.9589844e+01
   9.2470320e+06   4.4616699e+01
   9.2470650e+06   7.4829102e+01
   9.2471090e+06   5.3894043e+01
   9.2471500e+06   6.9641113e+01
   9.2472210e+06   4.3823242e+01
   9.2472350e+06   6.6345215e+01
   9.2473250e+06   6.7565918e+01
   9.2473490e+06   4.3518066e+01
   9.2474340e+06   7.5561523e+01
   9.2475260e+06   1.1322021e+02
   9.2476230e+06   8.0993652e+01
   9.2477630e+06   7.8796387e+01
   9.2478730e+06   8.6059570e+01
   9.2500100e+06   4.8767090e+01
   9.2519500e+06   4.3395996e+01
   9.2524180e+06   4.4799805e+01
   9.2574140e+06   3.9672852e+01
   9.6421380e+06   4.6264648e+01
   9.6730350e+06   1.0546875e+02
   9.6847610e+06   4.2236328e+01
   9.6848350e+06   9.1674805e+01
   9.6848470e+06   5.3405762e+01
   9.6848780e+06   8.4533691e+01
   9.6848920e+06   1.7950439e+02
   9.6849150e+06   7.9101562e+01
   9.6849280e+06   5.9387207e+01
   9.6849490e+06   1.0296631e+02
   9.6849630e+06   4.9560547e+01
   9.6849870e+06   6.2805176e+01
   9.6850060e+06   5.7617188e+01
   9.6850250e+06   1.0430908e+02
   9.6850550e+06   6.2316895e+01
   9.6850650e+06   5.2978516e+01
   9.6850890e+06   7.5500488e+01
   9.6851130e+06   4.8278809e+01
   9.6851290e+06   6.4453125e+01
   9.6851520e+06   7.1350098e+01
   9.6851790e+06   6.8603516e+01
   9.6851910e+06   6.6162109e+01
   9.6852140e+06   5.6213379e+01
   9.6852830e+06   9.2834473e+01
   9.6852930e+06   4.1809082e+01
   9.6853040e+06   4.2297363e+01
   9.6853310e+06   4.2175293e+01
   9.6853530e+06   7.8613281e+01
   9.6853810e+06   1.7419434e+02
   9.6854220e+06   7.1655273e+01
   9.6855030e+06   1.3073730e+02
   9.6855340e+06   5.6701660e+01
   9.6855970e+06   8.4106445e+01
   9.6856730e+06   1.3635254e+02
   9.6857640e+06   5.0964355e+01
   9.6858510e+06   5.2917480e+01
   9.6859540e+06   7.6599121e+01
   9.6861090e+06   1.2554932e+02
   9.6867110e+06   4.2480469e+01
   9.7049730e+06   4.0954590e+01
   9.7449340e+06   3.9611816e+01
   9.7884430e+06   1.0162354e+02
   9.7884630e+06   4.7790527e+01
   9.7884910e+06   7.8308105e+01
   9.7885110e+06   1.1749268e+02
   9.7885220e+06   1.4471436e+02
   9.7885450e+06   1.1950684e+02
   9.7885640e+06   9.1796875e+01
   9.7885890e+06   1.1358643e+02
   9.7886140e+06   8.1542969e+01
   9.7886460e+06   5.4321289e+01
   9.7886740e+06   9.2224121e+01
   9.7886870e+06   5.3039551e+01
   9.7887000e+06   5.3344727e+01
   9.7887180e+06   8.8439941e+01
   9.7887310e+06   6.3293457e+01
   9.7887580e+06   1.9512939e+02
   9.7887710e+06   6.1584473e+01
   9.7887980e+06   1.0620117e+02
   9.7888090e+06   6.2805176e+01
   9.7888400e+06   1.5112305e+02
   9.7888540e+06   6.3903809e+01
   9.7888760e+06   7.7270508e+01
   9.7889050e+06   1.7803955e+02
   9.7889210e+06   4.9255371e+01
   9.7889400e+06   9.2590332e+01
   9.7889550e+06   1.4733887e+02
   9.7889740e+06   4.1259766e+01
   9.7889910e+06   4.2785645e+01
   9.7890070e+06   5.7250977e+01
   9.7890310e+06   1.0247803e+02
   9.7890740e+06   4.7241211e+01
   9.7890850e+06   6.8664551e+01
   9.7891000e+06   1.2243652e+02
   9.7891500e+06   1.0437012e+02
   9.7891890e+06   8.4350586e+01
   9.7892190e+06   7.3608398e+01
   9.7892920e+06   5.9814453e+01
   9.7893110e+06   8.1481934e+01
   9.7893240e+06   4.3762207e+01
   9.7893680e+06   7.5561523e+01
   9.7894210e+06   4.0710449e+01
   9.7894440e+06   9.2163086e+01
   9.7894740e+06   4.6508789e+01
   9.7895190e+06   7.0678711e+01
   9.7896000e+06   6.7565918e+01
   9.7896580e+06   5.7739258e+01
   9.7896800e+06   7.7819824e+01
   9.7897670e+06   7.8857422e+01
   9.7898490e+06   7.5317383e+01
   9.7899380e+06   8.1237793e+01
   9.7900280e+06   7.5317383e+01
   9.7954340e+06   3.9672852e+01
   9.9959730e+06   4.2663574e+01
   1.0157421e+07   4.9316406e+01
   1.0423530e+07   4.2358398e+01
   1.0816999e+07   3.9794922e+01
   1.0922295e+07   3.9733887e+01
   1.0922318e+07   7.4584961e+01
   1.0922344e+07   6.6284180e+01
   1.0922364e+07   1.5319824e+02
   1.0922396e+07   1.1529541e+02
   1.0922413e+07   6.6528320e+01
   1.0922428e+07   6.1340332e+01
   1.0922452e+07   5.2734375e+01
   1.0922479e+07   7.0678711e+01
   1.0922489e+07   7.5927734e+01
   1.0922518e+07   4.9316406e+01
   1.0922541e+07   7.5988770e+01
   1.0922570e+07   1.6809082e+02
   1.0922587e+07   3.9978027e+01
   1.0922603e+07   5.3466797e+01
   1.0922629e+07   1.9982910e+02
   1.0922646e+07   5.6701660e+01
   1.0922678e+07   1.4660645e+02
   1.0922705e+07   5.3588867e+01
   1.0922732e+07   4.7424316e+01
   1.0922745e+07   8.1359863e+01
   1.0922762e+07   5.2856445e+01
   1.0922793e+07   4.8950195e+01
   1.0922806e+07   1.1535645e+02
   1.0922835e+07   7.3547363e+01
   1.0922875e+07   9.2285156e+01
   1.0922892e+07   1.2377930e+02
   1.0922919e+07   5.9570313e+01
   1.0922940e+07   7.9040527e+01
   1.0922956e+07   1.0852051e+02
   1.0922969e+07   4.9865723e+01
   1.0923007e+07   9.8083496e+01
   1.0923078e+07   7.5012207e+01
   1.0923098e+07   8.8684082e+01
   1.0923140e+07   8.3984375e+01
   1.0923174e+07   8.8378906e+01
   1.0923204e+07   6.9396973e+01
   1.0923223e+07   5.6701660e+01
   1.0923275e+07   7.7697754e+01
   1.0923301e+07   1.1267090e+02
   1.0923350e+07   7.4096680e+01
   1.0923431e+07   6.9763184e+01
   1.0923511e+07   9.4848633e+01
   1.0923595e+07   1.6601562e+02
   1.0939705e+07   4.2053223e+01
   1.1241212e+07   3.9855957e+01
   1.1241240e+07   4.1931152e+01
   1.1241265e+07   9.7778320e+01
   1.1241289e+07   1.1663818e+02
   1.1241300e+07   1.1437988e+02
   1.1241315e+07   6.1096191e+01
   1.1241331e+07   8.7707520e+01
   1.1241366e+07   9.9792480e+01
   1.1241396e+07   9.6313477e+01
   1.1241418e+07   8.1542969e+01
   1.1241441e+07   6.9274902e+01
   1.1241461e+07   1.6003418e+02
   1.1241487e+07   4.0710449e+01
   1.1241513e+07   9.5886230e+01
   1.1241536e+07   1.7431641e+02
   1.1241566e+07   1.0870361e+02
   1.1241586e+07   1.2402344e+02
   1.1241616e+07   8.8439941e+01
   1.1241636e+07   1.0290527e+02
   1.1241666e+07   4.5471191e+01
   1.1241678e+07   6.6589355e+01
   1.1241697e+07   1.1547852e+02
   1.1241736e+07   4.9926758e+01
   1.1241765e+07   1.4111328e+02
   1.1241783e+07   4.6630859e+01
   1.1241817e+07   6.3537598e+01
   1.1241834e+07   3.9794922e+01
   1.1241873e+07   1.3153076e+02
   1.1241884e+07   8.7463379e+01
   1.1241904e+07   4.0100098e+01
   1.1241919e+07   4.2297363e+01
   1.1241950e+07   7.4829102e+01
   1.1241979e+07   6.6711426e+01
   1.1242015e+07   8.4350586e+01
   1.1242046e+07   4.0100098e+01
   1.1242087e+07   9.0332031e+01
   1.1242130e+07   1.2005615e+02
   1.1242158e+07   7.9833984e+01
   1.1242221e+07   4.2846680e+01
   1.1242234e+07   8.5815430e+01
   1.1242264e+07   3.9672852e+01
   1.1242314e+07   7.0861816e+01
   1.1242362e+07   1.1065674e+02
   1.1242393e+07   7.4890137e+01
   1.1242471e+07   6.5490723e+01
   1.1242557e+07   7.5134277e+01
   1.1242641e+07   7.8552246e+01
   1.1242731e+07   8.5693359e+01
   1.1242827e+07   8.7341309e+01
   1.1242935e+07   8.5327148e+01
   1.1243046e+07   8.5998535e+01
   1.1243153e+07   8.1848145e+01
   1.1243400e+07   4.2175293e+01
   1.1244892e+07   4.0283203e+01
   1.1264462e+07   4.0283203e+01
   1.1271158e+07   3.9672852e+01
   1.1298246e+07   3.9611816e+01
   1.1696793e+07   4.0649414e+01
   1.1717067e+07   4.1015625e+01
   1.1837939e+07   5.0842285e+01
