   1.1996000e+07   0.0000000e+00
   1.9543800e+05   3.5461426e+01
   3.7484700e+05   3.5949707e+01
   3.7489400e+05   3.6926270e+01
   3.7492000e+05   3.8085938e+01
   3.7496500e+05   3.7048340e+01
   3.7498800e+05   3.7963867e+01
   3.7500800e+05   5.2246094e+01
   3.7502200e+05   3.9672852e+01
   3.7508300e+05   4.9072266e+01
   3.7513700e+05   3.6865234e+01
   3.7700800e+05   3.7231445e+01
   7.0949400e+05   3.4118652e+01
   7.0956200e+05   4.2846680e+01
   7.0959500e+05   6.3842773e+01
   7.0963200e+05   3.6743164e+01
   7.0966400e+05   3.6743164e+01
   7.0967900e+05   4.2053223e+01
   7.0973100e+05   3.4362793e+01
   7.0985100e+05   3.9550781e+01
   7.1000700e+05   3.5278320e+01
   7.1025500e+05   4.0405273e+01
   7.1034200e+05   3.7109375e+01
   7.1040900e+05   3.4057617e+01
   7.1126500e+05   3.6437988e+01
   7.1232100e+05   3.7048340e+01
   7.1629800e+05   3.6071777e+01
   7.2474300e+05   4.1687012e+01
   7.2492000e+05   4.4860840e+01
   7.2495000e+05   3.5705566e+01
   7.2501300e+05   3.4790039e+01
   7.2506900e+05   3.6499023e+01
   7.2508000e+05   4.6997070e+01
   7.2511200e+05   3.9855957e+01
   7.2513600e+05   4.1198730e+01
   7.2516100e+05   4.3579102e+01
   7.2518300e+05   4.8583984e+01
   7.2519700e+05   3.5217285e+01
   7.2522100e+05   3.9489746e+01
   7.2527100e+05   3.4973145e+01
   7.2528100e+05   3.7048340e+01
   7.2575400e+05   3.6621094e+01
   7.2685100e+05   3.9306641e+01
   7.2789400e+05   3.6437988e+01
   7.2834300e+05   3.4057617e+01
   7.4542500e+05   3.6376953e+01
   7.4558900e+05   4.0222168e+01
   7.4562200e+05   4.2236328e+01
   7.4563800e+05   3.8757324e+01
   7.4565800e+05   4.6813965e+01
   7.4568100e+05   4.2236328e+01
   7.4570500e+05   4.8950195e+01
   7.4576800e+05   3.4118652e+01
   7.4578600e+05   3.7292480e+01
   7.4581200e+05   3.4606934e+01
   7.4584000e+05   5.6274414e+01
   7.4586800e+05   3.7475586e+01
   7.4589500e+05   4.3823242e+01
   7.4596900e+05   3.5339355e+01
   7.4600500e+05   3.6987305e+01
   7.4606500e+05   3.5217285e+01
   7.4610700e+05   3.4729004e+01
   7.4613600e+05   3.7536621e+01
   7.4620800e+05   3.5949707e+01
   7.4634600e+05   3.5156250e+01
   7.4646300e+05   3.5339355e+01
   7.4651500e+05   3.6254883e+01
   7.4671900e+05   3.6499023e+01
   7.4770800e+05   3.3996582e+01
   7.7169700e+05   3.4545898e+01
   7.7174200e+05   3.5034180e+01
   7.7175400e+05   3.9367676e+01
   7.7183000e+05   3.4240723e+01
   7.7186500e+05   3.9306641e+01
   7.7190000e+05   3.8146973e+01
   7.7196300e+05   3.6743164e+01
   7.7198900e+05   4.0405273e+01
   7.7200300e+05   5.3405762e+01
   7.7202400e+05   3.7231445e+01
   7.7205900e+05   3.5644531e+01
   7.7208800e+05   3.6437988e+01
   7.7210000e+05   4.1870117e+01
   7.7218200e+05   5.3649902e+01
   7.7222400e+05   3.5156250e+01
   7.7232400e+05   3.6499023e+01
   7.7248900e+05   3.5034180e+01
   7.7256000e+05   4.6081543e+01
   7.7263100e+05   3.5522461e+01
   7.7314800e+05   3.6743164e+01
   7.7325300e+05   3.9123535e+01
   7.7340300e+05   3.8635254e+01
   7.7348500e+05   3.6804199e+01
   7.9687300e+05   3.7658691e+01
   7.9690100e+05   3.4790039e+01
   7.9692500e+05   3.8818359e+01
   7.9693900e+05   3.9978027e+01
   7.9697300e+05   3.8635254e+01
   7.9699800e+05   3.7963867e+01
   7.9702000e+05   4.6020508e+01
   7.9703000e+05   3.6437988e+01
   7.9705200e+05   3.4484863e+01
   7.9706900e+05   3.8513184e+01
   7.9709400e+05   4.1198730e+01
   7.9712100e+05   5.7434082e+01
   7.9714800e+05   4.2358398e+01
   7.9717600e+05   5.1391602e+01
   7.9721600e+05   4.0588379e+01
   7.9750000e+05   3.8024902e+01
   7.9753400e+05   3.5217285e+01
   7.9780600e+05   3.4606934e+01
   7.9784500e+05   3.5461426e+01
   7.9859800e+05   3.4423828e+01
   8.2602100e+05   3.4667969e+01
   8.2605700e+05   3.8696289e+01
   8.2617200e+05   3.9611816e+01
   8.2619600e+05   3.8330078e+01
   8.2624000e+05   3.7475586e+01
   8.2626500e+05   4.3395996e+01
   8.2628300e+05   4.0954590e+01
   8.2631000e+05   4.8706055e+01
   8.2632500e+05   4.2358398e+01
   8.2635800e+05   3.9184570e+01
   8.2637100e+05   4.6142578e+01
   8.2640900e+05   3.5400391e+01
   8.2642000e+05   3.7841797e+01
   8.2643300e+05   3.7963867e+01
   8.2646800e+05   4.0161133e+01
   8.2656900e+05   3.6010742e+01
   8.2664100e+05   3.6376953e+01
   8.2667600e+05   4.0527344e+01
   8.2675100e+05   3.5095215e+01
   8.2695900e+05   4.1137695e+01
   8.2709600e+05   3.7109375e+01
   8.5970800e+05   3.7597656e+01
   8.5976600e+05   3.4240723e+01
   8.5978500e+05   3.4912109e+01
   8.5981700e+05   3.6376953e+01
   8.5984700e+05   4.2846680e+01
   8.5986100e+05   4.2419434e+01
   8.5987700e+05   3.6621094e+01
   8.5989700e+05   4.0954590e+01
   8.5992600e+05   4.2053223e+01
   8.5995800e+05   3.6682129e+01
   8.6020100e+05   3.6682129e+01
   8.6031400e+05   4.6569824e+01
   8.6056100e+05   3.4606934e+01
   9.3019300e+05   3.4179688e+01
   9.3031100e+05   4.2846680e+01
   9.4866300e+05   3.8208008e+01
   9.4894100e+05   4.1625977e+01
   9.5481800e+05   3.4057617e+01
   1.0055720e+06   3.4545898e+01
   1.0057040e+06   4.0832520e+01
   1.0057770e+06   3.7902832e+01
   1.0057960e+06   3.4362793e+01
   1.0063460e+06   3.9611816e+01
   1.0247850e+06   3.8879395e+01
   1.0248510e+06   3.5949707e+01
   1.0251430e+06   3.5888672e+01
   1.0434810e+06   3.4179688e+01
   1.0435320e+06   3.4790039e+01
   1.0435960e+06   3.6132812e+01
   1.0704310e+06   4.0283203e+01
   1.0704430e+06   4.4006348e+01
   1.0763280e+06   3.6560059e+01
   1.5406850e+06   3.5156250e+01
   1.5407220e+06   3.4729004e+01
   1.5408130e+06   3.6560059e+01
   1.5408500e+06   3.5095215e+01
   1.5408610e+06   4.8828125e+01
   1.5408720e+06   4.8767090e+01
   1.5408990e+06   5.2185059e+01
   1.5409290e+06   4.6081543e+01
   1.5409550e+06   4.0649414e+01
   1.5410030e+06   4.4006348e+01
   1.5412260e+06   3.5522461e+01
   1.9070180e+06   3.4118652e+01
   1.9070620e+06   4.1564941e+01
   1.9070960e+06   4.7058105e+01
   1.9071250e+06   3.5156250e+01
   1.9071590e+06   4.3945312e+01
   1.9071740e+06   3.7963867e+01
   1.9072300e+06   4.4067383e+01
   1.9072590e+06   4.1625977e+01
   1.9073070e+06   4.6325684e+01
   1.9073380e+06   5.0292969e+01
   1.9079650e+06   3.4973145e+01
   1.9082050e+06   3.5705566e+01
   1.9083840e+06   3.5522461e+01
   1.9087530e+06   3.4606934e+01
   1.9350980e+06   3.5888672e+01
   1.9352460e+06   3.3996582e+01
   1.9353290e+06   3.8024902e+01
   1.9353400e+06   4.3395996e+01
   1.9353690e+06   3.4362793e+01
   1.9353850e+06   3.7902832e+01
   1.9354080e+06   3.8696289e+01
   1.9354200e+06   4.4433594e+01
   1.9354480e+06   4.3029785e+01
   1.9354760e+06   4.3701172e+01
   1.9355020e+06   5.3466797e+01
   1.9355260e+06   3.8818359e+01
   1.9355580e+06   3.5400391e+01
   1.9356850e+06   3.4057617e+01
   1.9358250e+06   4.0344238e+01
   1.9359150e+06   4.5471191e+01
   1.9359670e+06   4.1564941e+01
   1.9361120e+06   3.9306641e+01
   1.9362070e+06   3.8146973e+01
   1.9363550e+06   4.3945312e+01
   1.9364550e+06   3.6010742e+01
   1.9367510e+06   3.3996582e+01
   1.9371280e+06   3.9733887e+01
   1.9388460e+06   3.5949707e+01
   1.9391480e+06   3.3996582e+01
   1.9397000e+06   3.4912109e+01
   1.9553180e+06   3.5217285e+01
   1.9555720e+06   3.6437988e+01
   1.9556000e+06   3.8879395e+01
   1.9556260e+06   3.7048340e+01
   1.9556400e+06   3.6743164e+01
   1.9557240e+06   3.4118652e+01
   1.9557720e+06   3.4057617e+01
   1.9558040e+06   4.4677734e+01
   1.9558300e+06   3.5217285e+01
   1.9558920e+06   4.9255371e+01
   1.9559330e+06   3.7414551e+01
   1.9559430e+06   3.8513184e+01
   1.9559810e+06   3.7719727e+01
   1.9560800e+06   4.1015625e+01
   1.9561490e+06   4.3029785e+01
   1.9564610e+06   3.4912109e+01
   1.9565250e+06   3.4545898e+01
   1.9566740e+06   4.0588379e+01
   1.9567970e+06   3.7231445e+01
   1.9568350e+06   3.4667969e+01
   1.9569230e+06   3.4179688e+01
   1.9571110e+06   3.3996582e+01
   1.9580240e+06   3.4179688e+01
   1.9856550e+06   3.5156250e+01
   1.9870440e+06   3.4912109e+01
   1.9870900e+06   3.4790039e+01
   1.9871210e+06   4.1137695e+01
   1.9871480e+06   4.6203613e+01
   1.9871770e+06   4.0283203e+01
   1.9872060e+06   3.5644531e+01
   1.9872300e+06   3.9245605e+01
   1.9872720e+06   3.4973145e+01
   1.9873350e+06   3.5522461e+01
   1.9876560e+06   3.5278320e+01
   1.9881040e+06   3.8696289e+01
   1.9883040e+06   3.8879395e+01
   1.9885510e+06   3.3996582e+01
   1.9888250e+06   3.4851074e+01
   2.0246210e+06   3.8024902e+01
   2.0246770e+06   3.3996582e+01
   2.0247330e+06   3.5339355e+01
   2.0247680e+06   3.9245605e+01
   2.0247850e+06   3.6315918e+01
   2.0248180e+06   4.0161133e+01
   2.0248450e+06   3.6010742e+01
   2.0251040e+06   3.4729004e+01
   2.0251320e+06   3.4729004e+01
   2.0252050e+06   3.8940430e+01
   2.0252250e+06   3.8391113e+01
   2.0252860e+06   3.9123535e+01
   2.0256800e+06   4.1992188e+01
   2.0258580e+06   3.5827637e+01
   2.0261260e+06   3.5644531e+01
   2.0265020e+06   3.4606934e+01
   2.0270370e+06   3.6071777e+01
   2.0279130e+06   3.7536621e+01
   2.0754520e+06   3.7841797e+01
   2.0757080e+06   3.5034180e+01
   2.0757550e+06   3.5766602e+01
   2.0760520e+06   5.4809570e+01
   2.0760730e+06   3.4179688e+01
   2.0760880e+06   4.2358398e+01
   2.0761220e+06   3.5949707e+01
   2.0761830e+06   3.9916992e+01
   2.0762090e+06   3.9794922e+01
   2.0762390e+06   4.4067383e+01
   2.0762610e+06   3.7841797e+01
   2.0763110e+06   3.5949707e+01
   2.0763220e+06   4.0771484e+01
   2.0765740e+06   3.6071777e+01
   2.0766470e+06   3.5034180e+01
   2.0768420e+06   3.4423828e+01
   2.0774040e+06   5.0170898e+01
   2.0775810e+06   3.4179688e+01
   2.0776270e+06   4.1320801e+01
   2.1284240e+06   3.4912109e+01
   2.1285580e+06   3.7597656e+01
   2.1287060e+06   3.4423828e+01
   2.1287530e+06   3.8024902e+01
   2.1288920e+06   3.4179688e+01
   2.1290840e+06   3.9367676e+01
   2.1294630e+06   3.9611816e+01
   2.2958980e+06   4.1870117e+01
   2.2959630e+06   3.6071777e+01
   2.2960260e+06   3.9428711e+01
   2.2960480e+06   5.7617188e+01
   2.2960690e+06   3.4484863e+01
   2.2961140e+06   3.5583496e+01
   2.2961630e+06   3.6560059e+01
   2.2962360e+06   3.7231445e+01
   2.2966370e+06   3.5583496e+01
   2.2967100e+06   3.4851074e+01
   2.2969420e+06   3.4484863e+01
   2.3152790e+06   3.4362793e+01
   3.2526730e+06   3.3752441e+01
   3.2527040e+06   3.8330078e+01
   3.2527180e+06   4.7851563e+01
   3.2527380e+06   3.3325195e+01
   3.2527930e+06   3.5034180e+01
   3.2528340e+06   3.5949707e+01
   3.2528810e+06   4.3518066e+01
   3.2529200e+06   3.3325195e+01
   3.2529820e+06   3.4423828e+01
   3.2545290e+06   4.0039062e+01
   3.2545870e+06   3.5888672e+01
   3.2547370e+06   3.5400391e+01
   3.2555310e+06   3.3386230e+01
   3.2564870e+06   3.4179688e+01
   3.2695540e+06   3.6926270e+01
   3.2699490e+06   3.6621094e+01
   3.2700000e+06   4.3457031e+01
   3.2700910e+06   3.8269043e+01
   3.2701690e+06   3.9306641e+01
   3.2702410e+06   5.0781250e+01
   3.2702600e+06   3.8146973e+01
   3.2702890e+06   4.0100098e+01
   3.2703140e+06   4.0161133e+01
   3.2703390e+06   3.5278320e+01
   3.2703640e+06   4.7668457e+01
   3.2704000e+06   4.6264648e+01
   3.2704350e+06   3.3447266e+01
   3.2704620e+06   3.3569336e+01
   3.2704880e+06   3.9489746e+01
   3.2705590e+06   3.7353516e+01
   3.2705990e+06   3.4667969e+01
   3.2707860e+06   3.5949707e+01
   3.2708100e+06   3.5034180e+01
   3.2708440e+06   3.4790039e+01
   3.2709260e+06   3.6926270e+01
   3.2709960e+06   3.4423828e+01
   3.2710580e+06   3.3752441e+01
   3.2712200e+06   3.6987305e+01
   3.2715890e+06   3.6743164e+01
   3.2717430e+06   3.3996582e+01
   3.2719420e+06   3.4973145e+01
   3.2736070e+06   3.3447266e+01
   3.2989300e+06   3.4179688e+01
   3.3211360e+06   3.4545898e+01
   3.3425650e+06   3.3874512e+01
   3.6104630e+06   3.4240723e+01
   3.6105350e+06   3.5034180e+01
   3.6105580e+06   3.6132812e+01
   3.6105880e+06   4.0893555e+01
   3.6106060e+06   3.8696289e+01
   3.6106190e+06   3.6987305e+01
   3.6106450e+06   3.8452148e+01
   3.6106590e+06   3.9672852e+01
   3.6106840e+06   4.8706055e+01
   3.6106940e+06   5.3894043e+01
   3.6107280e+06   4.0161133e+01
   3.6107590e+06   4.3029785e+01
   3.6108460e+06   4.1015625e+01
   3.6111570e+06   3.7231445e+01
   3.6115460e+06   3.3386230e+01
   3.6117930e+06   3.4057617e+01
   3.6119610e+06   3.6926270e+01
   3.6120020e+06   3.4484863e+01
   3.6129580e+06   4.1198730e+01
   3.6137540e+06   3.5217285e+01
   3.6769210e+06   3.3569336e+01
   4.1937610e+06   3.3508301e+01
   4.1937870e+06   3.7658691e+01
   4.1937980e+06   3.4301758e+01
   4.1938430e+06   4.7607422e+01
   4.1938580e+06   3.4179688e+01
   4.1938970e+06   3.5644531e+01
   4.1939140e+06   5.0842285e+01
   4.1939240e+06   3.5278320e+01
   4.1939360e+06   4.4616699e+01
   4.1939840e+06   4.2175293e+01
   4.1940080e+06   5.6884766e+01
   4.1940270e+06   3.4790039e+01
   4.1940470e+06   4.2602539e+01
   4.1940780e+06   4.2297363e+01
   4.1941380e+06   3.8879395e+01
   4.1942380e+06   3.4912109e+01
   4.1944540e+06   3.4118652e+01
   4.1947650e+06   3.7902832e+01
   4.1950400e+06   3.5461426e+01
   4.1950830e+06   3.9001465e+01
   4.1952190e+06   3.3508301e+01
   4.1953300e+06   3.7353516e+01
   4.1953790e+06   3.4667969e+01
   4.1956520e+06   3.8024902e+01
   4.1956790e+06   3.3508301e+01
   4.1969470e+06   3.3386230e+01
   4.1982970e+06   3.3386230e+01
   4.2183360e+06   3.9489746e+01
   4.2184600e+06   4.9377441e+01
   4.2184790e+06   4.0283203e+01
   4.2185100e+06   3.5156250e+01
   4.2185220e+06   3.5461426e+01
   4.2185510e+06   5.5603027e+01
   4.2185810e+06   3.8513184e+01
   4.2186120e+06   4.4250488e+01
   4.2186330e+06   4.1137695e+01
   4.2186530e+06   4.0466309e+01
   4.2186840e+06   3.8330078e+01
   4.2187040e+06   3.5522461e+01
   4.2187570e+06   3.9245605e+01
   4.2188300e+06   3.3752441e+01
   4.2189180e+06   4.1198730e+01
   4.2189630e+06   3.3630371e+01
   4.2190820e+06   3.7780762e+01
   4.2191200e+06   3.3569336e+01
   4.2191920e+06   4.2907715e+01
   4.2193320e+06   3.4423828e+01
   4.2193650e+06   3.7902832e+01
   4.2194910e+06   3.3813477e+01
   4.2198310e+06   3.5766602e+01
   4.2200780e+06   3.6621094e+01
   4.2201690e+06   3.3996582e+01
   4.2203990e+06   3.6499023e+01
   4.2205800e+06   3.5278320e+01
   4.2211780e+06   3.5400391e+01
   4.2288470e+06   3.4423828e+01
   4.2454870e+06   3.3508301e+01
   4.2498200e+06   3.5705566e+01
   4.2498540e+06   3.9916992e+01
   4.2499450e+06   4.8278809e+01
   4.2499720e+06   4.0405273e+01
   4.2499980e+06   4.2907715e+01
   4.2500430e+06   4.6875000e+01
   4.2500580e+06   5.2734375e+01
   4.2500850e+06   5.5664062e+01
   4.2500950e+06   3.7719727e+01
   4.2501550e+06   4.0710449e+01
   4.2501740e+06   3.3691406e+01
   4.2501960e+06   4.1992188e+01
   4.2502070e+06   3.3447266e+01
   4.2502880e+06   3.5583496e+01
   4.2503540e+06   3.4667969e+01
   4.2504500e+06   3.4912109e+01
   4.2504790e+06   3.6560059e+01
   4.2506620e+06   3.7719727e+01
   4.2506980e+06   3.5095215e+01
   4.2509560e+06   3.8635254e+01
   4.2511160e+06   3.4423828e+01
   4.2513460e+06   4.1076660e+01
   4.2515670e+06   3.4240723e+01
   4.2519730e+06   3.9428711e+01
   4.2545130e+06   3.6682129e+01
   4.2579510e+06   3.3691406e+01
   4.2788130e+06   3.7658691e+01
   4.2788720e+06   4.5349121e+01
   4.2789270e+06   4.6203613e+01
   4.2789550e+06   4.4067383e+01
   4.2789840e+06   4.9743652e+01
   4.2789950e+06   3.8208008e+01
   4.2790200e+06   4.0283203e+01
   4.2790580e+06   3.8085938e+01
   4.2790720e+06   5.1086426e+01
   4.2791260e+06   3.5827637e+01
   4.2791470e+06   3.8085938e+01
   4.2791710e+06   3.3569336e+01
   4.2791890e+06   3.8146973e+01
   4.2792160e+06   3.6560059e+01
   4.2792600e+06   3.9611816e+01
   4.2792710e+06   3.7658691e+01
   4.2793570e+06   3.7109375e+01
   4.2794060e+06   4.1931152e+01
   4.2795330e+06   3.3752441e+01
   4.2796160e+06   4.0283203e+01
   4.2797300e+06   3.4057617e+01
   4.2798060e+06   3.3508301e+01
   4.2803670e+06   3.3996582e+01
   4.2804070e+06   3.5034180e+01
   4.3143630e+06   4.2053223e+01
   4.3144020e+06   3.9001465e+01
   4.3144330e+06   3.4240723e+01
   4.3144610e+06   3.4912109e+01
   4.3144950e+06   3.3935547e+01
   4.3145440e+06   3.6071777e+01
   4.3145790e+06   3.5339355e+01
   4.3146060e+06   3.5156250e+01
   4.3147720e+06   3.4973145e+01
   4.3148500e+06   3.9367676e+01
   4.3148820e+06   3.7414551e+01
   4.3150100e+06   3.4851074e+01
   4.3150370e+06   3.7536621e+01
   4.3152300e+06   3.5034180e+01
   4.3153340e+06   3.5888672e+01
   4.3156290e+06   3.3386230e+01
   4.3161900e+06   3.4057617e+01
   4.3507140e+06   3.5400391e+01
   4.3507610e+06   3.3386230e+01
   4.3508040e+06   4.1870117e+01
   4.3508380e+06   3.5278320e+01
   4.3508770e+06   3.6621094e+01
   4.3508920e+06   3.6743164e+01
   4.3509340e+06   4.0161133e+01
   4.3509720e+06   4.4860840e+01
   4.3510520e+06   3.6804199e+01
   4.3510790e+06   3.4118652e+01
   4.3512160e+06   4.3884277e+01
   4.3512790e+06   3.6315918e+01
   4.3517310e+06   4.1198730e+01
   4.3520130e+06   3.3691406e+01
   4.3528640e+06   3.3874512e+01
   4.4771550e+06   3.4790039e+01
   4.4772220e+06   4.5471191e+01
   4.4772640e+06   3.5034180e+01
   4.4773350e+06   3.8818359e+01
   4.4773650e+06   3.9672852e+01
   4.4773800e+06   3.6560059e+01
   4.4774030e+06   5.6518555e+01
   4.4774220e+06   3.9367676e+01
   4.4774380e+06   4.4372559e+01
   4.4775020e+06   4.1870117e+01
   4.4775360e+06   3.5339355e+01
   4.4778520e+06   3.6010742e+01
   4.8281450e+06   3.5583496e+01
   4.8282160e+06   4.4311523e+01
   4.8282580e+06   3.7963867e+01
   4.8282840e+06   4.3090820e+01
   4.8283160e+06   4.5898438e+01
   4.8283340e+06   4.1381836e+01
   4.8283660e+06   4.3945312e+01
   4.8283890e+06   4.2785645e+01
   4.8284220e+06   3.5339355e+01
   4.8284440e+06   4.9865723e+01
   4.8284760e+06   3.7048340e+01
   4.8285240e+06   3.8024902e+01
   4.8287050e+06   3.7414551e+01
   4.8288350e+06   3.6376953e+01
   4.8289390e+06   3.4667969e+01
   4.8289910e+06   3.3630371e+01
   4.8293900e+06   3.5949707e+01
   4.9156300e+06   3.6743164e+01
   4.9157040e+06   4.6081543e+01
   4.9157360e+06   4.3029785e+01
   4.9157550e+06   3.9916992e+01
   4.9157680e+06   3.4790039e+01
   4.9158030e+06   4.7119141e+01
   4.9158190e+06   3.8940430e+01
   4.9158550e+06   3.5766602e+01
   4.9158750e+06   3.4606934e+01
   4.9159070e+06   3.8940430e+01
   4.9159250e+06   3.4179688e+01
   4.9159850e+06   3.7292480e+01
   4.9160760e+06   4.2541504e+01
   4.9164210e+06   3.4240723e+01
   4.9166970e+06   3.4057617e+01
   4.9168080e+06   3.4179688e+01
   4.9168500e+06   3.8757324e+01
   4.9173300e+06   4.2602539e+01
   4.9177490e+06   3.5278320e+01
   4.9181660e+06   3.6499023e+01
   4.9593060e+06   4.1687012e+01
   4.9593240e+06   3.5888672e+01
   4.9594630e+06   3.5156250e+01
   4.9594870e+06   5.3222656e+01
   4.9595150e+06   3.3447266e+01
   4.9595570e+06   4.8950195e+01
   4.9595820e+06   4.6142578e+01
   4.9595930e+06   3.9733887e+01
   4.9596270e+06   5.6091309e+01
   4.9596610e+06   4.4921875e+01
   4.9596960e+06   4.2602539e+01
   4.9597240e+06   3.8696289e+01
   4.9597700e+06   4.0649414e+01
   4.9598090e+06   4.4250488e+01
   4.9598790e+06   3.5522461e+01
   4.9599910e+06   3.7902832e+01
   4.9600770e+06   3.7048340e+01
   4.9601580e+06   4.6691895e+01
   4.9602220e+06   3.6132812e+01
   4.9603860e+06   3.5827637e+01
   4.9605120e+06   3.3325195e+01
   4.9607080e+06   3.3813477e+01
   4.9610130e+06   3.6987305e+01
   4.9610900e+06   4.0893555e+01
   4.9616040e+06   3.8208008e+01
   4.9619330e+06   3.6254883e+01
   4.9621840e+06   3.5156250e+01
   4.9678390e+06   4.6447754e+01
   4.9686650e+06   3.5522461e+01
   5.4088360e+06   4.3579102e+01
   5.4088480e+06   4.2846680e+01
   5.4088940e+06   5.7495117e+01
   5.4089050e+06   3.7292480e+01
   5.4089480e+06   4.0100098e+01
   5.4090170e+06   3.4362793e+01
   5.4090380e+06   3.6621094e+01
   5.4090770e+06   3.3325195e+01
   5.4091150e+06   3.4667969e+01
   5.4091330e+06   4.2114258e+01
   5.4094220e+06   3.4118652e+01
   5.4095260e+06   3.6315918e+01
   5.4101070e+06   3.6071777e+01
   5.4102210e+06   3.7475586e+01
   5.4106300e+06   3.3386230e+01
   5.4111580e+06   3.4179688e+01
   5.4116900e+06   3.7475586e+01
   5.4573920e+06   3.3752441e+01
   5.4684990e+06   3.7658691e+01
   5.4685550e+06   4.3334961e+01
   5.4685850e+06   3.3691406e+01
   5.4686190e+06   4.0893555e+01
   5.4686360e+06   4.9438477e+01
   5.4686530e+06   4.2358398e+01
   5.4686810e+06   3.3691406e+01
   5.4687000e+06   5.1513672e+01
   5.4687420e+06   3.9428711e+01
   5.4687610e+06   3.5705566e+01
   5.4687870e+06   3.3691406e+01
   5.4688200e+06   3.9794922e+01
   5.4688690e+06   4.7424316e+01
   5.4688950e+06   4.1687012e+01
   5.4689500e+06   3.4790039e+01
   5.4690060e+06   3.7475586e+01
   5.4691110e+06   3.3447266e+01
   5.4691290e+06   4.3640137e+01
   5.4691980e+06   3.8940430e+01
   5.4693830e+06   3.3447266e+01
   5.4694520e+06   3.9489746e+01
   5.4699560e+06   3.3752441e+01
   5.4700200e+06   3.7414551e+01
   5.4705690e+06   3.5522461e+01
   5.4747170e+06   3.3996582e+01
   5.4785030e+06   3.4851074e+01
   8.3465430e+06   3.7536621e+01
   8.3465630e+06   3.5522461e+01
   8.3466150e+06   3.9733887e+01
   8.3466360e+06   3.9855957e+01
   8.3466490e+06   4.2907715e+01
   8.3466750e+06   3.6132812e+01
   8.3467010e+06   4.7424316e+01
   8.3467390e+06   3.6743164e+01
   8.3467490e+06   3.9367676e+01
   8.3467890e+06   3.6621094e+01
   8.3468020e+06   3.9062500e+01
   8.3468400e+06   4.8767090e+01
   8.3468830e+06   3.5461426e+01
   8.3470360e+06   3.9123535e+01
   8.3473580e+06   3.5034180e+01
   8.3474530e+06   4.0161133e+01
   8.3475830e+06   4.2419434e+01
   8.3476380e+06   4.9377441e+01
   8.3478910e+06   4.2846680e+01
   8.3486590e+06   3.3935547e+01
   8.3497390e+06   3.5156250e+01
   8.3508540e+06   4.3518066e+01
   8.3514630e+06   3.4057617e+01
   8.5150070e+06   3.4057617e+01
   8.5444280e+06   4.5654297e+01
   8.5444680e+06   4.4860840e+01
   8.5444910e+06   3.5827637e+01
   8.5445130e+06   3.7353516e+01
   8.5445350e+06   4.4372559e+01
   8.5445540e+06   3.6865234e+01
   8.5445700e+06   3.6376953e+01
   8.5445870e+06   5.2062988e+01
   8.5446120e+06   3.6743164e+01
   8.5446400e+06   3.3813477e+01
   8.5446660e+06   4.0588379e+01
   8.5446900e+06   3.5522461e+01
   8.5447230e+06   3.6071777e+01
   8.5447750e+06   3.7170410e+01
   8.5448030e+06   3.4301758e+01
   8.5449640e+06   3.9001465e+01
   8.5451400e+06   3.4179687e+01
   8.5451940e+06   3.5705566e+01
   8.5452630e+06   3.5339355e+01
   8.5453270e+06   4.2602539e+01
   8.5453910e+06   4.1442871e+01
   8.5454040e+06   3.9916992e+01
   8.5455080e+06   3.5278320e+01
   8.5455750e+06   3.4484863e+01
   8.5470700e+06   3.7780762e+01
   8.5514470e+06   3.3813477e+01
   8.5590950e+06   3.3874512e+01
   8.5757750e+06   3.5827637e+01
   8.5758850e+06   3.6987305e+01
   8.5759080e+06   3.9245605e+01
   8.5759370e+06   4.5410156e+01
   8.5759590e+06   3.9062500e+01
   8.5759780e+06   3.3935547e+01
   8.5759990e+06   3.4667969e+01
   8.5760160e+06   5.0598145e+01
   8.5761130e+06   4.0283203e+01
   8.5761370e+06   3.8330078e+01
   8.5761950e+06   3.8696289e+01
   8.5763080e+06   3.9306641e+01
   8.5763370e+06   3.7658691e+01
   8.5764920e+06   3.6865234e+01
   8.5765780e+06   3.5461426e+01
   8.5766290e+06   3.4423828e+01
   8.5767070e+06   3.5339355e+01
   8.5767410e+06   3.4729004e+01
   8.5770000e+06   3.4667969e+01
   8.5775420e+06   3.6437988e+01
   8.5776410e+06   3.5949707e+01
   8.5780980e+06   3.7048340e+01
   8.5783310e+06   4.2480469e+01
   8.5788480e+06   3.5156250e+01
   8.5813550e+06   3.5827637e+01
   8.5837230e+06   3.5766602e+01
   8.6155300e+06   3.7658691e+01
   8.6155760e+06   4.6813965e+01
   8.6156070e+06   4.1564941e+01
   8.6156310e+06   4.9804688e+01
   8.6156770e+06   4.8217773e+01
   8.6156970e+06   4.4799805e+01
   8.6157230e+06   3.7536621e+01
   8.6157720e+06   3.7658691e+01
   8.6158200e+06   3.4423828e+01
   8.6158960e+06   3.4545898e+01
   8.6159130e+06   3.9428711e+01
   8.6159440e+06   3.9550781e+01
   8.6159910e+06   4.3884277e+01
   8.6160410e+06   3.6010742e+01
   8.6160810e+06   3.4851074e+01
   8.6162490e+06   3.5583496e+01
   8.6164630e+06   3.7475586e+01
   8.6165650e+06   3.6315918e+01
   8.6165980e+06   3.6254883e+01
   8.6166290e+06   3.4973145e+01
   8.6169150e+06   3.8269043e+01
   8.6180720e+06   3.5522461e+01
   8.6242700e+06   3.5583496e+01
   8.6799870e+06   3.3996582e+01
   8.6800520e+06   3.5339355e+01
   8.6800720e+06   4.7607422e+01
   8.6801700e+06   3.5766602e+01
   8.6801930e+06   3.5278320e+01
   8.6802030e+06   3.8940430e+01
   8.6802540e+06   4.0100098e+01
   8.6802780e+06   3.7536621e+01
   8.6802950e+06   3.6560059e+01
   8.6803260e+06   3.6743164e+01
   8.6803510e+06   4.0222168e+01
   8.6803670e+06   4.4860840e+01
   8.6804270e+06   3.5583496e+01
   8.6805720e+06   4.1870117e+01
   8.6808240e+06   3.8085938e+01
   8.6809690e+06   4.1442871e+01
   8.6812460e+06   3.6560059e+01
   8.6812750e+06   4.3151855e+01
   8.6812900e+06   3.4545898e+01
   8.6815380e+06   4.0649414e+01
   8.6817000e+06   3.6865234e+01
   8.6817860e+06   3.5888672e+01
   8.6844120e+06   3.4118652e+01
   9.1874410e+06   3.4179688e+01
   9.1875680e+06   3.5888672e+01
   9.1876050e+06   3.5400391e+01
   9.1876250e+06   3.5461426e+01
   9.1876450e+06   4.5715332e+01
   9.1876840e+06   5.3283691e+01
   9.1876990e+06   3.8330078e+01
   9.1877270e+06   4.8400879e+01
   9.1877490e+06   4.5227051e+01
   9.1877660e+06   3.7719727e+01
   9.1878630e+06   3.8574219e+01
   9.1878950e+06   3.7292480e+01
   9.1879540e+06   4.0100098e+01
   9.1879830e+06   3.4545898e+01
   9.1884510e+06   4.3151855e+01
   9.1885200e+06   3.9001465e+01
   9.1887840e+06   3.8818359e+01
   9.1892780e+06   3.8452148e+01
   9.1897560e+06   3.4301758e+01
   9.1901040e+06   3.7597656e+01
   9.1905120e+06   3.6010742e+01
   9.2457070e+06   3.4484863e+01
   9.2457780e+06   3.5644531e+01
   9.2457880e+06   3.5705566e+01
   9.2458470e+06   4.1198730e+01
   9.2459340e+06   3.9306641e+01
   9.2459570e+06   4.1809082e+01
   9.2459820e+06   4.1259766e+01
   9.2460150e+06   3.9428711e+01
   9.2460330e+06   3.6193848e+01
   9.2460530e+06   3.5949707e+01
   9.2460750e+06   4.9987793e+01
   9.2461940e+06   3.3996582e+01
   9.2462770e+06   3.4606934e+01
   9.2464190e+06   3.8513184e+01
   9.2465060e+06   4.4860840e+01
   9.2465610e+06   3.5766602e+01
   9.2467050e+06   3.4057617e+01
   9.2467480e+06   4.0222168e+01
   9.2468390e+06   3.7658691e+01
   9.2470710e+06   3.4973145e+01
   9.2470930e+06   3.8269043e+01
   9.2472280e+06   3.5156250e+01
   9.2475760e+06   3.4912109e+01
   9.2476580e+06   3.6071777e+01
   9.2484380e+06   3.4545898e+01
   9.2498360e+06   3.5461426e+01
   9.2501790e+06   4.3884277e+01
   9.6848630e+06   3.7536621e+01
   9.6848860e+06   3.6865234e+01
   9.6849070e+06   5.1452637e+01
   9.6849340e+06   3.5400391e+01
   9.6849520e+06   3.7475586e+01
   9.6850080e+06   4.6936035e+01
   9.6850290e+06   3.5888672e+01
   9.6850730e+06   4.4860840e+01
   9.6851540e+06   3.3752441e+01
   9.6852850e+06   3.4606934e+01
   9.6853720e+06   4.1687012e+01
   9.6854720e+06   3.8330078e+01
   9.6855410e+06   4.1137695e+01
   9.6855840e+06   3.7048340e+01
   9.6856330e+06   3.6987305e+01
   9.6858710e+06   3.8269043e+01
   9.6859530e+06   3.7780762e+01
   9.6861380e+06   3.4729004e+01
   9.6861970e+06   3.8269043e+01
   9.6863580e+06   3.8635254e+01
   9.6864580e+06   4.1564941e+01
   9.6868760e+06   3.3874512e+01
   9.6884860e+06   3.6315918e+01
   9.6889780e+06   3.4545898e+01
   9.6952560e+06   3.4912109e+01
   9.7883820e+06   4.4799805e+01
   9.7884410e+06   5.0781250e+01
   9.7884680e+06   3.8024902e+01
   9.7885170e+06   4.2968750e+01
   9.7885410e+06   6.2561035e+01
   9.7885510e+06   3.6193848e+01
   9.7885810e+06   3.4790039e+01
   9.7885910e+06   3.4912109e+01
   9.7886240e+06   3.9062500e+01
   9.7886530e+06   4.0222168e+01
   9.7886910e+06   3.9428711e+01
   9.7887110e+06   3.5949707e+01
   9.7887490e+06   3.5827637e+01
   9.7887850e+06   3.4362793e+01
   9.7888670e+06   4.0954590e+01
   9.7889700e+06   3.4667969e+01
   9.7891440e+06   3.5339355e+01
   9.7893400e+06   3.5339355e+01
   9.7893820e+06   3.5339355e+01
   9.7894290e+06   3.6010742e+01
   9.7896720e+06   3.3752441e+01
   9.7901850e+06   3.4851074e+01
   9.7902450e+06   4.3090820e+01
   9.7903750e+06   4.6386719e+01
   9.7904580e+06   3.5217285e+01
   9.7907580e+06   3.5034180e+01
   9.7907700e+06   3.7902832e+01
   9.7909380e+06   3.9062500e+01
   9.7932740e+06   3.5522461e+01
   9.7936560e+06   3.4301758e+01
   9.7979700e+06   3.6437988e+01
   9.9764240e+06   3.3630371e+01
   1.0922198e+07   3.5034180e+01
   1.0922253e+07   3.5339355e+01
   1.0922300e+07   3.5278320e+01
   1.0922322e+07   3.9367676e+01
   1.0922368e+07   3.5705566e+01
   1.0922391e+07   3.9184570e+01
   1.0922402e+07   4.9011230e+01
   1.0922420e+07   3.9794922e+01
   1.0922472e+07   4.2236328e+01
   1.0922503e+07   4.1442871e+01
   1.0922527e+07   3.9550781e+01
   1.0922549e+07   3.7292480e+01
   1.0922581e+07   3.4667969e+01
   1.0922639e+07   4.1625977e+01
   1.0922691e+07   3.4973145e+01
   1.0922767e+07   3.4484863e+01
   1.0923363e+07   3.5461426e+01
   1.0923446e+07   3.6560059e+01
   1.0923483e+07   3.7719727e+01
   1.0923556e+07   3.4606934e+01
   1.0923939e+07   3.4179688e+01
   1.0924002e+07   4.0405273e+01
   1.0925572e+07   4.0222168e+01
   1.0926894e+07   3.4912109e+01
   1.0927732e+07   3.4423828e+01
   1.0967746e+07   3.3874512e+01
   1.1241123e+07   4.0100098e+01
   1.1241174e+07   4.7668457e+01
   1.1241202e+07   3.4362793e+01
   1.1241226e+07   3.3630371e+01
   1.1241251e+07   3.8818359e+01
   1.1241270e+07   3.4606934e+01
   1.1241313e+07   3.4973145e+01
   1.1241331e+07   5.2185059e+01
   1.1241351e+07   3.7658691e+01
   1.1241389e+07   3.6560059e+01
   1.1241408e+07   3.7048340e+01
   1.1241426e+07   4.2968750e+01
   1.1241454e+07   3.9916992e+01
   1.1241480e+07   3.9794922e+01
   1.1241523e+07   3.4240723e+01
   1.1241605e+07   3.3752441e+01
   1.1241627e+07   3.4667969e+01
   1.1241970e+07   3.4790039e+01
   1.1242015e+07   3.6865234e+01
   1.1242153e+07   3.9489746e+01
   1.1242199e+07   3.6315918e+01
   1.1242245e+07   3.7597656e+01
   1.1242334e+07   3.6560059e+01
   1.1242376e+07   4.1076660e+01
   1.1242529e+07   3.9550781e+01
   1.1242624e+07   3.5400391e+01
   1.1242657e+07   3.5156250e+01
   1.1242831e+07   3.4912109e+01
   1.1242996e+07   3.8757324e+01
   1.1243468e+07   3.7353516e+01
   1.1247626e+07   3.7231445e+01
