   1.1996000e+07   0.0000000e+00
   3.7494100e+05   3.7597656e+01
   7.0958300e+05   3.2714844e+01
   7.4571100e+05   3.6193848e+01
   7.4573100e+05   3.2287598e+01
   1.9071580e+06   3.2958984e+01
   1.9557460e+06   3.3020020e+01
   2.0246920e+06   3.5217285e+01
   2.0247520e+06   3.7170410e+01
   3.1761890e+06   3.2409668e+01
   3.2528670e+06   3.1982422e+01
   3.6106270e+06   3.2531738e+01
   4.3146320e+06   3.3813477e+01
   4.4768090e+06   3.1738281e+01
   4.8284460e+06   3.1860352e+01
   6.1181980e+06   3.3996582e+01
   7.0070360e+06   3.1616211e+01
   8.1816440e+06   3.5034180e+01
   8.5447610e+06   3.3020020e+01
   8.5760890e+06   3.7902832e+01
   8.6800590e+06   3.4301758e+01
   9.1883960e+06   3.3142090e+01
   9.6849300e+06   3.2958984e+01
   9.6850250e+06   3.2897949e+01
   1.1083181e+07   3.4240723e+01
   1.1286256e+07   3.2653809e+01
