   1.1996000e+07   0.0000000e+00
   4.1531000e+04   3.5095215e+01
   4.8679000e+04   3.1677246e+01
   6.0246000e+04   3.1494141e+01
   9.7212000e+04   3.2775879e+01
   1.3373600e+05   3.4301758e+01
   1.7753700e+05   4.0405273e+01
   2.2875900e+05   3.9123535e+01
   2.3161000e+05   3.2653809e+01
   2.4614400e+05   3.7902832e+01
   2.9071600e+05   3.3203125e+01
   3.7480900e+05   3.8696289e+01
   3.7486500e+05   4.6936035e+01
   3.7488500e+05   3.2897949e+01
   3.7492500e+05   3.9367676e+01
   4.4147700e+05   3.7780762e+01
   5.6791400e+05   4.0771484e+01
   6.3299400e+05   4.0649414e+01
   6.7007500e+05   3.9062500e+01
   7.0963100e+05   3.2409668e+01
   7.0967200e+05   3.4423828e+01
   7.0969800e+05   5.4199219e+01
   7.0974200e+05   4.5898438e+01
   7.0979000e+05   3.5766602e+01
   7.0981300e+05   3.1433105e+01
   7.1018100e+05   3.7170410e+01
   7.2491100e+05   3.1616211e+01
   7.2500000e+05   3.7841797e+01
   7.2504900e+05   4.0039062e+01
   7.2509500e+05   4.1870117e+01
   7.2515600e+05   3.5339355e+01
   7.2522200e+05   4.5288086e+01
   7.2542300e+05   3.2470703e+01
   7.2618400e+05   3.3569336e+01
   7.2669500e+05   3.5095215e+01
   7.4572600e+05   3.4179688e+01
   7.4576500e+05   3.3386230e+01
   7.4580400e+05   3.5644531e+01
   7.4583100e+05   3.7780762e+01
   7.4584500e+05   4.1870117e+01
   7.4598300e+05   3.1738281e+01
   7.4603600e+05   3.3386230e+01
   7.4616200e+05   3.3874512e+01
   7.4642500e+05   4.1503906e+01
   7.4742900e+05   3.6743164e+01
   7.7176100e+05   3.4851074e+01
   7.7180400e+05   3.9733887e+01
   7.7184900e+05   3.7048340e+01
   7.7189900e+05   3.8879395e+01
   7.7193500e+05   3.7597656e+01
   7.7197500e+05   3.3386230e+01
   7.7201800e+05   4.1687012e+01
   7.7204400e+05   3.2287598e+01
   7.7213400e+05   3.8391113e+01
   7.7225700e+05   3.2775879e+01
   7.7408400e+05   3.1433105e+01
   7.9663800e+05   3.6499023e+01
   7.9679500e+05   3.6376953e+01
   7.9682500e+05   4.1015625e+01
   7.9685500e+05   3.9550781e+01
   7.9690200e+05   3.5766602e+01
   7.9694900e+05   3.7048340e+01
   7.9697400e+05   4.5959473e+01
   7.9716000e+05   4.0466309e+01
   7.9787300e+05   3.2592773e+01
   8.2600100e+05   3.6315918e+01
   8.2613200e+05   3.6010742e+01
   8.2617500e+05   4.0100098e+01
   8.2622400e+05   3.3020020e+01
   8.2625400e+05   3.4606934e+01
   8.2628500e+05   3.1738281e+01
   8.2633900e+05   3.8269043e+01
   8.2673100e+05   3.2531738e+01
   8.5957300e+05   3.1982422e+01
   8.5962700e+05   3.7109375e+01
   8.5967600e+05   3.3020020e+01
   8.5977800e+05   3.8696289e+01
   8.5982000e+05   3.9123535e+01
   8.5986200e+05   3.2226562e+01
   8.5987800e+05   3.3813477e+01
   8.5995600e+05   3.4240723e+01
   8.6012600e+05   3.4179688e+01
   8.6049700e+05   3.3142090e+01
   9.2997200e+05   3.3691406e+01
   9.3016800e+05   4.1870117e+01
   9.3031000e+05   3.8391113e+01
   9.3035500e+05   3.8574219e+01
   9.3050400e+05   4.0954590e+01
   9.3087800e+05   3.3020020e+01
   9.3115900e+05   3.2531738e+01
   9.4859800e+05   3.8269043e+01
   9.4874700e+05   4.0222168e+01
   9.4950500e+05   3.4790039e+01
   9.7335700e+05   3.9611816e+01
   9.7351900e+05   5.0354004e+01
   9.7366800e+05   3.3996582e+01
   9.7382500e+05   3.1616211e+01
   1.0056100e+06   3.2348633e+01
   1.0057240e+06   3.6254883e+01
   1.0058880e+06   4.2114258e+01
   1.0061580e+06   3.2592773e+01
   1.0248850e+06   3.2287598e+01
   1.0253600e+06   3.2653809e+01
   1.0435150e+06   3.3752441e+01
   1.0436150e+06   3.7109375e+01
   1.0437610e+06   3.6621094e+01
   1.0440290e+06   4.2480469e+01
   1.0702460e+06   3.6254883e+01
   1.0705280e+06   3.8513184e+01
   1.0708550e+06   3.3630371e+01
   1.0709690e+06   3.3508301e+01
   1.0942540e+06   3.6376953e+01
   1.0943410e+06   3.7475586e+01
   1.0944830e+06   4.4250488e+01
   1.0946190e+06   3.6499023e+01
   1.1638450e+06   3.2104492e+01
   1.2105270e+06   3.2165527e+01
   1.2308170e+06   4.2541504e+01
   1.2358410e+06   3.8574219e+01
   1.2825410e+06   3.3813477e+01
   1.3449310e+06   3.3996582e+01
   1.3524300e+06   3.4912109e+01
   1.3563540e+06   3.6193848e+01
   1.3946470e+06   3.6682129e+01
   1.4727500e+06   3.9245605e+01
   1.5350060e+06   3.9733887e+01
   1.5407010e+06   3.8269043e+01
   1.5407640e+06   4.2724609e+01
   1.5408770e+06   3.3203125e+01
   1.5413700e+06   3.2287598e+01
   1.5625400e+06   3.5766602e+01
   1.6393150e+06   4.1015625e+01
   1.7058050e+06   3.3874512e+01
   1.8874010e+06   3.4545898e+01
   1.8922660e+06   3.6376953e+01
   1.9021940e+06   3.5400391e+01
   1.9070090e+06   3.1677246e+01
   1.9070540e+06   3.8391113e+01
   1.9071090e+06   3.4606934e+01
   1.9071560e+06   4.7424316e+01
   1.9353560e+06   3.2043457e+01
   1.9353950e+06   4.4555664e+01
   1.9354120e+06   3.8879395e+01
   1.9354280e+06   3.6865234e+01
   1.9354690e+06   3.4179688e+01
   1.9354960e+06   3.6437988e+01
   1.9355100e+06   3.6560059e+01
   1.9355290e+06   3.6743164e+01
   1.9355540e+06   3.9672852e+01
   1.9357160e+06   3.8330078e+01
   1.9361270e+06   4.2114258e+01
   1.9366390e+06   3.2897949e+01
   1.9373970e+06   3.5278320e+01
   1.9556690e+06   3.1555176e+01
   1.9556950e+06   3.6193848e+01
   1.9557280e+06   4.5776367e+01
   1.9557410e+06   3.9489746e+01
   1.9558230e+06   3.5217285e+01
   1.9558400e+06   3.6987305e+01
   1.9559300e+06   3.3508301e+01
   1.9560590e+06   4.0344238e+01
   1.9569730e+06   3.3081055e+01
   1.9871390e+06   3.8452148e+01
   1.9871700e+06   4.0893555e+01
   1.9872210e+06   3.3813477e+01
   1.9872470e+06   4.0710449e+01
   1.9872870e+06   3.3020020e+01
   1.9873080e+06   3.5522461e+01
   1.9875460e+06   3.5278320e+01
   1.9878400e+06   4.4311523e+01
   1.9881960e+06   3.2714844e+01
   1.9898090e+06   4.0405273e+01
   2.0247280e+06   4.7485352e+01
   2.0247580e+06   4.5349121e+01
   2.0247840e+06   3.5888672e+01
   2.0248090e+06   4.8278809e+01
   2.0248370e+06   3.9367676e+01
   2.0249230e+06   3.1799316e+01
   2.0251280e+06   3.4423828e+01
   2.0251460e+06   3.3447266e+01
   2.0259050e+06   3.5888672e+01
   2.0263180e+06   3.3752441e+01
   2.0759950e+06   3.9672852e+01
   2.0760610e+06   3.8085938e+01
   2.0760940e+06   4.0161133e+01
   2.0761530e+06   3.5217285e+01
   2.0761780e+06   3.2409668e+01
   2.0761980e+06   4.1564941e+01
   2.0762690e+06   3.2409668e+01
   2.0763030e+06   4.1259766e+01
   2.0766840e+06   3.2531738e+01
   2.0773910e+06   3.6376953e+01
   2.0776080e+06   3.3386230e+01
   2.1285310e+06   3.7231445e+01
   2.1286630e+06   3.8146973e+01
   2.1289440e+06   3.2653809e+01
   2.1290480e+06   3.1433105e+01
   2.1293310e+06   3.4118652e+01
   2.1296940e+06   3.3142090e+01
   2.1297670e+06   3.1677246e+01
   2.2553690e+06   3.5339355e+01
   2.2960450e+06   3.3447266e+01
   2.2961230e+06   3.3630371e+01
   2.2965110e+06   3.5461426e+01
   2.4254620e+06   3.2409668e+01
   2.4991310e+06   3.2348633e+01
   2.5252130e+06   3.1860352e+01
   2.5493290e+06   3.7841797e+01
   2.5590180e+06   3.6254883e+01
   2.5795910e+06   3.3081055e+01
   2.6790260e+06   3.2653809e+01
   2.8048670e+06   3.2897949e+01
   2.8220710e+06   3.1372070e+01
   2.9047280e+06   3.1982422e+01
   3.0031960e+06   3.1738281e+01
   3.0522020e+06   3.1677246e+01
   3.0666920e+06   3.4240723e+01
   3.1340730e+06   3.7353516e+01
   3.1564340e+06   3.4057617e+01
   3.2527000e+06   3.9001465e+01
   3.2527530e+06   3.4057617e+01
   3.2528160e+06   4.5654297e+01
   3.2528590e+06   3.8635254e+01
   3.2534860e+06   3.1982422e+01
   3.2700160e+06   4.0039062e+01
   3.2701410e+06   3.1127930e+01
   3.2701920e+06   3.8574219e+01
   3.2702040e+06   3.2165527e+01
   3.2702490e+06   3.5095215e+01
   3.2702970e+06   3.3996582e+01
   3.2703190e+06   5.1147461e+01
   3.2703610e+06   3.3935547e+01
   3.2704680e+06   3.5644531e+01
   3.4959830e+06   3.6987305e+01
   3.5412470e+06   3.2348633e+01
   3.6106010e+06   4.9926758e+01
   3.6106290e+06   3.7048340e+01
   3.6106560e+06   4.7241211e+01
   3.6106870e+06   4.3212891e+01
   3.6107220e+06   3.1066895e+01
   3.6113790e+06   3.5461426e+01
   3.7362260e+06   3.4790039e+01
   3.7492200e+06   3.1250000e+01
   3.7701800e+06   3.5827637e+01
   3.7889130e+06   3.8024902e+01
   3.8147380e+06   3.1066895e+01
   3.8753950e+06   3.4912109e+01
   3.9090480e+06   3.5278320e+01
   3.9414050e+06   3.4667969e+01
   3.9850100e+06   3.5339355e+01
   4.1325730e+06   3.8452148e+01
   4.1936960e+06   3.3142090e+01
   4.1937950e+06   3.5217285e+01
   4.1938440e+06   3.4729004e+01
   4.1938620e+06   3.2897949e+01
   4.1939200e+06   3.4362793e+01
   4.1940390e+06   3.8330078e+01
   4.1944780e+06   3.1433105e+01
   4.2184070e+06   3.7597656e+01
   4.2184830e+06   3.3996582e+01
   4.2185190e+06   4.0283203e+01
   4.2185510e+06   5.1940918e+01
   4.2185790e+06   3.7414551e+01
   4.2186000e+06   4.8461914e+01
   4.2186600e+06   3.2897949e+01
   4.2187100e+06   3.3508301e+01
   4.2496960e+06   3.1616211e+01
   4.2497160e+06   3.9245605e+01
   4.2497720e+06   3.2409668e+01
   4.2498440e+06   5.9265137e+01
   4.2499610e+06   3.8024902e+01
   4.2499930e+06   4.0161133e+01
   4.2500150e+06   3.8269043e+01
   4.2500850e+06   3.9672852e+01
   4.2510330e+06   3.1616211e+01
   4.2512270e+06   3.6987305e+01
   4.2518150e+06   3.3447266e+01
   4.2786000e+06   3.8085938e+01
   4.2786660e+06   4.0588379e+01
   4.2787580e+06   3.3874512e+01
   4.2787890e+06   4.8461914e+01
   4.2788070e+06   4.1137695e+01
   4.2788660e+06   3.2775879e+01
   4.2791720e+06   3.2958984e+01
   4.2795650e+06   3.2287598e+01
   4.2802240e+06   3.3996582e+01
   4.2952050e+06   3.1250000e+01
   4.3137710e+06   3.3569336e+01
   4.3138390e+06   4.1259766e+01
   4.3138990e+06   3.1066895e+01
   4.3141040e+06   4.4921875e+01
   4.3141240e+06   3.8696289e+01
   4.3141510e+06   3.7536621e+01
   4.3141900e+06   3.2287598e+01
   4.3142770e+06   3.8818359e+01
   4.3143300e+06   3.5705566e+01
   4.3145150e+06   3.5949707e+01
   4.3146810e+06   3.3386230e+01
   4.3153070e+06   3.3996582e+01
   4.3406600e+06   3.1982422e+01
   4.3408920e+06   3.7536621e+01
   4.3410240e+06   3.2409668e+01
   4.3502420e+06   3.5766602e+01
   4.3503050e+06   3.6743164e+01
   4.3503790e+06   3.5339355e+01
   4.3507240e+06   3.4973145e+01
   4.3507880e+06   3.4301758e+01
   4.3508680e+06   3.1250000e+01
   4.3511620e+06   3.3508301e+01
   4.3517450e+06   3.2653809e+01
   4.4772110e+06   3.3203125e+01
   4.4772920e+06   3.2287598e+01
   4.4773290e+06   3.5888672e+01
   4.4774050e+06   3.5217285e+01
   4.4777770e+06   3.4240723e+01
   4.8186770e+06   3.2226562e+01
   4.8281090e+06   3.3264160e+01
   4.8282310e+06   3.4851074e+01
   4.8282750e+06   3.2409668e+01
   4.8282990e+06   3.2897949e+01
   4.8286670e+06   3.6193848e+01
   4.8645680e+06   3.7353516e+01
   4.9060740e+06   3.3203125e+01
   4.9157710e+06   3.1066895e+01
   4.9158110e+06   4.0893555e+01
   4.9158490e+06   3.3325195e+01
   4.9158750e+06   3.4057617e+01
   4.9158960e+06   3.7536621e+01
   4.9159300e+06   3.2958984e+01
   4.9594240e+06   3.7292480e+01
   4.9594960e+06   3.3752441e+01
   4.9595080e+06   4.2114258e+01
   4.9595310e+06   4.0954590e+01
   4.9596520e+06   4.4738770e+01
   4.9596630e+06   3.2226562e+01
   4.9596850e+06   3.4912109e+01
   4.9597390e+06   3.6010742e+01
   4.9606130e+06   3.1127930e+01
   4.9900030e+06   3.1066895e+01
   5.1205490e+06   4.1381836e+01
   5.1318660e+06   3.5034180e+01
   5.3777420e+06   4.1870117e+01
   5.4087210e+06   3.3935547e+01
   5.4087600e+06   3.2531738e+01
   5.4088020e+06   4.2419434e+01
   5.4088320e+06   4.1809082e+01
   5.4088650e+06   3.7597656e+01
   5.4088750e+06   3.3996582e+01
   5.4089000e+06   4.6447754e+01
   5.4089750e+06   3.2348633e+01
   5.4095220e+06   3.2470703e+01
   5.4685700e+06   4.2236328e+01
   5.4686420e+06   4.1076660e+01
   5.4686580e+06   4.5715332e+01
   5.4687160e+06   3.4362793e+01
   5.4687350e+06   3.3386230e+01
   5.4688160e+06   3.3691406e+01
   5.4688380e+06   3.6071777e+01
   5.4708630e+06   3.8269043e+01
   5.5680060e+06   3.2409668e+01
   5.6220220e+06   3.3630371e+01
   5.6284120e+06   4.1931152e+01
   5.6577520e+06   3.3264160e+01
   5.6752950e+06   4.5043945e+01
   5.7327080e+06   4.1259766e+01
   5.7783040e+06   3.1066895e+01
   5.8079650e+06   3.8085938e+01
   5.9629570e+06   3.7414551e+01
   6.2124410e+06   4.0893555e+01
   6.2713000e+06   3.3874512e+01
   6.4260560e+06   3.3081055e+01
   6.4384640e+06   3.7353516e+01
   6.4624950e+06   3.2592773e+01
   6.4669230e+06   4.3701172e+01
   6.4998170e+06   3.1188965e+01
   6.5298520e+06   3.5827637e+01
   6.5440510e+06   4.0222168e+01
   6.5518040e+06   3.2592773e+01
   6.6223540e+06   3.2897949e+01
   6.7050650e+06   3.6193848e+01
   6.7556590e+06   3.3874512e+01
   6.9152820e+06   3.8879395e+01
   6.9580320e+06   3.3386230e+01
   6.9694390e+06   3.3020020e+01
   6.9993170e+06   3.3630371e+01
   7.0965240e+06   3.3508301e+01
   7.3364240e+06   3.2531738e+01
   7.3832620e+06   3.9489746e+01
   7.4191010e+06   3.3386230e+01
   7.4318020e+06   3.4484863e+01
   7.4373370e+06   3.5522461e+01
   7.4714120e+06   3.2653809e+01
   7.4839250e+06   3.3447266e+01
   7.5480440e+06   3.6376953e+01
   7.6897530e+06   3.3874512e+01
   7.7565010e+06   3.1311035e+01
   7.7666960e+06   3.2592773e+01
   7.8183580e+06   3.9184570e+01
   7.9722250e+06   3.7536621e+01
   8.0623400e+06   3.1616211e+01
   8.0863430e+06   3.6254883e+01
   8.1815610e+06   3.4851074e+01
   8.2039830e+06   3.4790039e+01
   8.2851470e+06   3.6132813e+01
   8.3464890e+06   3.7719727e+01
   8.3465570e+06   3.1616211e+01
   8.3465820e+06   3.1616211e+01
   8.3466260e+06   3.3691406e+01
   8.3466530e+06   3.5034180e+01
   8.3466990e+06   3.1250000e+01
   8.3467400e+06   3.2348633e+01
   8.3468670e+06   3.1311035e+01
   8.3471620e+06   3.2836914e+01
   8.3482120e+06   3.4606934e+01
   8.3505080e+06   3.4667969e+01
   8.4913940e+06   3.3325195e+01
   8.5037690e+06   3.5278320e+01
   8.5147090e+06   3.6132812e+01
   8.5399270e+06   3.7048340e+01
   8.5444810e+06   3.3752441e+01
   8.5445080e+06   4.1015625e+01
   8.5445400e+06   3.7353516e+01
   8.5445710e+06   3.3935547e+01
   8.5445900e+06   3.2226562e+01
   8.5446160e+06   3.2592773e+01
   8.5446420e+06   3.1188965e+01
   8.5447570e+06   3.9794922e+01
   8.5456540e+06   3.2409668e+01
   8.5752730e+06   3.2470703e+01
   8.5754460e+06   3.5583496e+01
   8.5755000e+06   3.2714844e+01
   8.5755630e+06   3.1860352e+01
   8.5756370e+06   3.3508301e+01
   8.5756580e+06   3.6743164e+01
   8.5757050e+06   3.4362793e+01
   8.5757350e+06   4.1381836e+01
   8.5757750e+06   4.0893555e+01
   8.5758700e+06   3.2592773e+01
   8.5759020e+06   3.5522461e+01
   8.5759990e+06   4.3273926e+01
   8.5760860e+06   3.3813477e+01
   8.5762190e+06   3.3935547e+01
   8.5776140e+06   3.1982422e+01
   8.6152450e+06   4.6508789e+01
   8.6153400e+06   4.7424316e+01
   8.6154010e+06   3.2470703e+01
   8.6155000e+06   3.6254883e+01
   8.6155410e+06   3.1250000e+01
   8.6156130e+06   3.9978027e+01
   8.6157700e+06   3.9123535e+01
   8.6158600e+06   4.2663574e+01
   8.6661260e+06   3.1677246e+01
   8.6662950e+06   3.4912109e+01
   8.6666900e+06   3.6010742e+01
   8.6793360e+06   3.4179688e+01
   8.6795680e+06   3.4179688e+01
   8.6796450e+06   3.8330078e+01
   8.6797650e+06   3.8696289e+01
   8.6799110e+06   3.1311035e+01
   8.6799980e+06   3.8452148e+01
   8.6801480e+06   3.1188965e+01
   8.6802010e+06   3.1311035e+01
   8.6804370e+06   4.2358398e+01
   8.7923580e+06   3.3874512e+01
   8.8137520e+06   3.9550781e+01
   9.1014750e+06   3.9978027e+01
   9.1875830e+06   3.5339355e+01
   9.1876080e+06   3.5827637e+01
   9.1876410e+06   4.3334961e+01
   9.1876570e+06   3.1311035e+01
   9.1876710e+06   4.2175293e+01
   9.1876990e+06   3.7231445e+01
   9.1877640e+06   3.3996582e+01
   9.1881220e+06   3.3203125e+01
   9.2459100e+06   3.9733887e+01
   9.2459890e+06   4.3640137e+01
   9.2460180e+06   3.4729004e+01
   9.2460430e+06   3.4973145e+01
   9.2461000e+06   3.3447266e+01
   9.2855290e+06   3.9855957e+01
   9.3050850e+06   3.3142090e+01
   9.3279980e+06   3.6804199e+01
   9.3994230e+06   3.4790039e+01
   9.6404950e+06   3.4301758e+01
   9.6846900e+06   3.3081055e+01
   9.6847850e+06   3.8696289e+01
   9.6848200e+06   3.5156250e+01
   9.6848430e+06   4.7546387e+01
   9.6848670e+06   4.5410156e+01
   9.6849140e+06   3.5705566e+01
   9.6849530e+06   3.2775879e+01
   9.6849950e+06   4.0527344e+01
   9.6851000e+06   3.1188965e+01
   9.6853800e+06   3.3935547e+01
   9.6855520e+06   4.1137695e+01
   9.7060910e+06   3.3691406e+01
   9.7884490e+06   4.2358398e+01
   9.7885180e+06   5.0048828e+01
   9.7885620e+06   3.1250000e+01
   9.7886460e+06   4.9621582e+01
   9.7887220e+06   3.3813477e+01
   9.7895780e+06   3.4179688e+01
   9.7900950e+06   3.2470703e+01
   9.7912400e+06   3.2348633e+01
   9.9299110e+06   3.7719727e+01
   1.0070501e+07   3.2165527e+01
   1.0229168e+07   3.7780762e+01
   1.0503666e+07   3.3081055e+01
   1.0793731e+07   3.7170410e+01
   1.0891563e+07   4.5959473e+01
   1.0922267e+07   4.2480469e+01
   1.0922314e+07   3.4973145e+01
   1.0922348e+07   3.4667969e+01
   1.0922361e+07   3.4057617e+01
   1.0922372e+07   3.5278320e+01
   1.0922388e+07   3.1250000e+01
   1.0922476e+07   4.4494629e+01
   1.1071179e+07   4.0344238e+01
   1.1075304e+07   3.3508301e+01
   1.1241180e+07   3.4790039e+01
   1.1241204e+07   3.2897949e+01
   1.1241238e+07   3.6926270e+01
   1.1241273e+07   3.8757324e+01
   1.1241290e+07   3.4545898e+01
   1.1241345e+07   3.3081055e+01
   1.1241663e+07   3.1311035e+01
   1.1242443e+07   3.5156250e+01
   1.1357510e+07   3.1555176e+01
   1.1365188e+07   3.7841797e+01
   1.1379084e+07   3.2836914e+01
   1.1634690e+07   3.4973145e+01
   1.1915777e+07   3.2531738e+01
   1.1981158e+07   3.2348633e+01
