   1.1990000e+07   0.0000000e+00
   1.3220000e+03   4.4189453e+01
   1.3503000e+04   4.3334961e+01
   2.7778000e+04   4.4616699e+01
   6.7681000e+04   3.9855957e+01
   8.5985000e+04   4.0649414e+01
   1.1313600e+05   4.0893555e+01
   1.3953600e+05   3.9062500e+01
   1.4023100e+05   3.9062500e+01
   1.5118200e+05   3.8757324e+01
   1.5275400e+05   3.7841797e+01
   1.6239000e+05   3.8330078e+01
   1.6660300e+05   4.1381836e+01
   1.8305200e+05   4.5837402e+01
   2.0924300e+05   4.1687012e+01
   2.2623200e+05   4.4860840e+01
   2.4662000e+05   3.8879395e+01
   2.8804200e+05   3.7841797e+01
   2.9202200e+05   4.2541504e+01
   2.9988900e+05   3.9306641e+01
   3.3523600e+05   3.8757324e+01
   3.4038000e+05   4.1320801e+01
   3.4062200e+05   3.8391113e+01
   3.4999700e+05   3.8879395e+01
   3.8123500e+05   3.9123535e+01
   3.8880700e+05   4.0344238e+01
   3.9216100e+05   3.8024902e+01
   3.9240100e+05   4.1137695e+01
   3.9255200e+05   4.0222168e+01
   3.9282800e+05   7.1960449e+01
   3.9287700e+05   9.3872070e+01
   3.9297300e+05   6.2805176e+01
   3.9310600e+05   8.4533691e+01
   3.9312700e+05   3.7902832e+01
   3.9324500e+05   4.6203613e+01
   3.9336800e+05   4.2968750e+01
   3.9338500e+05   4.1687012e+01
   3.9340900e+05   5.3405762e+01
   3.9349200e+05   7.7270508e+01
   3.9370200e+05   4.5410156e+01
   3.9381500e+05   4.0954590e+01
   3.9385300e+05   7.2814941e+01
   3.9387300e+05   5.1208496e+01
   3.9393800e+05   3.7841797e+01
   3.9406700e+05   5.3405762e+01
   3.9422700e+05   4.0771484e+01
   3.9426200e+05   4.5898438e+01
   3.9484600e+05   4.3273926e+01
   3.9524600e+05   3.8330078e+01
   3.9539500e+05   6.2561035e+01
   4.0507200e+05   4.1625977e+01
   4.1020000e+05   5.4687500e+01
   4.1296500e+05   3.9001465e+01
   4.2661000e+05   3.7963867e+01
   4.2749300e+05   3.9367676e+01
   4.2807600e+05   4.1259766e+01
   4.3514700e+05   4.2236328e+01
   4.4132200e+05   3.7841797e+01
   4.4404800e+05   3.8146973e+01
   4.4440400e+05   3.8269043e+01
   4.4630300e+05   3.9367676e+01
   4.5166000e+05   3.9123535e+01
   4.5267400e+05   5.5541992e+01
   4.5458700e+05   3.7963867e+01
   4.5492600e+05   5.3771973e+01
   4.5762800e+05   4.2358398e+01
   4.5830600e+05   4.0832520e+01
   4.5901100e+05   4.4250488e+01
   4.5934600e+05   1.0009766e+02
   4.5940500e+05   3.9306641e+01
   4.5942800e+05   4.8706055e+01
   4.5951000e+05   3.7780762e+01
   4.5954900e+05   7.5012207e+01
   4.5964800e+05   5.2185059e+01
   4.5967600e+05   4.0832520e+01
   4.5985700e+05   4.4738770e+01
   4.6002700e+05   4.8645020e+01
   4.6025400e+05   5.1635742e+01
   4.6110200e+05   3.9916992e+01
   4.7241700e+05   4.2541504e+01
   4.7303000e+05   3.9306641e+01
   4.7546900e+05   3.7780762e+01
   4.7731800e+05   4.2846680e+01
   4.8185800e+05   3.8696289e+01
   4.8639100e+05   3.7963867e+01
   4.9896900e+05   3.9794922e+01
   5.0383000e+05   4.4128418e+01
   5.0490900e+05   6.1157227e+01
   5.0524800e+05   3.9855957e+01
   5.0539600e+05   5.0292969e+01
   5.0600900e+05   5.4931641e+01
   5.0636000e+05   4.0832520e+01
   5.0678700e+05   4.8706055e+01
   5.0755300e+05   4.0344238e+01
   5.0810000e+05   4.1076660e+01
   5.0813200e+05   4.5715332e+01
   5.0815200e+05   3.8940430e+01
   5.0817700e+05   3.8696289e+01
   5.0820100e+05   4.0710449e+01
   5.0824600e+05   8.3679199e+01
   5.0841000e+05   6.5612793e+01
   5.0855700e+05   7.3486328e+01
   5.0870000e+05   4.4494629e+01
   5.0893100e+05   3.8696289e+01
   5.0897800e+05   5.2978516e+01
   5.0908400e+05   4.0344238e+01
   5.0929200e+05   4.2053223e+01
   5.0958700e+05   4.0893555e+01
   5.0962600e+05   5.1208496e+01
   5.1095300e+05   4.9072266e+01
   5.2420400e+05   4.1992188e+01
   5.2628500e+05   4.7241211e+01
   5.2647800e+05   6.2072754e+01
   5.2651100e+05   3.9672852e+01
   5.2699700e+05   5.1574707e+01
   5.2754800e+05   4.4555664e+01
   5.2806500e+05   6.1706543e+01
   5.2851600e+05   3.9184570e+01
   5.2854100e+05   4.6875000e+01
   5.2915300e+05   4.7912598e+01
   5.4094700e+05   3.8146973e+01
   5.4568200e+05   4.0710449e+01
   5.4633700e+05   4.0222168e+01
   5.4714600e+05   3.9550781e+01
   5.4807900e+05   4.5471191e+01
   5.4852100e+05   4.3090820e+01
   5.4866200e+05   4.1442871e+01
   5.4889900e+05   3.8757324e+01
   5.4897600e+05   5.7861328e+01
   5.4932100e+05   5.4992676e+01
   5.4982300e+05   4.6875000e+01
   5.5064200e+05   3.9184570e+01
   5.5080700e+05   4.1076660e+01
   5.5117500e+05   6.4331055e+01
   5.6687600e+05   3.9062500e+01
   5.6861200e+05   5.2856445e+01
   5.8685000e+05   4.2114258e+01
   5.8735200e+05   5.5603027e+01
   5.8736700e+05   4.3273926e+01
   5.8797200e+05   5.3344727e+01
   5.8800500e+05   3.8452148e+01
   5.8874200e+05   5.4382324e+01
   5.8972600e+05   3.8146973e+01
   5.9782000e+05   4.1381836e+01
   6.0303600e+05   3.8635254e+01
   6.0436100e+05   3.8574219e+01
   6.1601300e+05   4.0222168e+01
   6.1659800e+05   3.9489746e+01
   6.1903900e+05   4.0832520e+01
   6.2519200e+05   3.8269043e+01
   6.2764500e+05   4.0649414e+01
   6.2882900e+05   4.0710449e+01
   6.2950200e+05   5.2368164e+01
   6.3040000e+05   4.4799805e+01
   6.3088600e+05   5.1147461e+01
   6.3126400e+05   3.8635254e+01
   6.3386000e+05   4.0405273e+01
   6.4963400e+05   4.4250488e+01
   6.5256200e+05   4.0222168e+01
   6.5987300e+05   4.1320801e+01
   6.5996900e+05   4.4616699e+01
   6.6040100e+05   5.1208496e+01
   6.6053700e+05   3.8208008e+01
   6.6307500e+05   3.8452148e+01
   6.8484900e+05   4.7668457e+01
   7.1376100e+05   4.1992188e+01
   7.4805900e+05   3.8696289e+01
   7.5618100e+05   4.0100098e+01
   7.8859400e+05   4.4128418e+01
   8.0486500e+05   4.0466309e+01
   8.4537600e+05   4.2663574e+01
   8.4984200e+05   4.0344238e+01
   8.5903700e+05   3.8818359e+01
   8.5946400e+05   4.3823242e+01
   9.0823500e+05   4.1564941e+01
   9.2262900e+05   3.9916992e+01
   9.2698600e+05   4.6264648e+01
   9.4627200e+05   3.8085938e+01
   9.6424700e+05   4.0100098e+01
   9.7308400e+05   4.1320801e+01
   9.7448200e+05   4.1992188e+01
   9.8739500e+05   4.2419434e+01
   9.9005100e+05   4.1809082e+01
   9.9147700e+05   4.0832520e+01
   1.0199900e+06   3.8452148e+01
   1.0232480e+06   3.7841797e+01
   1.0237060e+06   4.0283203e+01
   1.0387010e+06   4.0039062e+01
   1.0802730e+06   4.1748047e+01
   1.0832090e+06   3.7780762e+01
   1.0950950e+06   3.8452148e+01
   1.1076910e+06   3.9489746e+01
   1.1158630e+06   4.1503906e+01
   1.1271320e+06   3.8085938e+01
   1.1273910e+06   3.9062500e+01
   1.1491330e+06   4.2724609e+01
   1.1643620e+06   3.9001465e+01
   1.1782240e+06   3.8452148e+01
   1.1874700e+06   3.9428711e+01
   1.2110730e+06   4.0893555e+01
   1.2190810e+06   4.3029785e+01
   1.2226350e+06   3.7597656e+01
   1.2252190e+06   3.8085938e+01
   1.2347500e+06   3.8879395e+01
   1.2358800e+06   3.7475586e+01
   1.2419420e+06   3.7475586e+01
   1.2445750e+06   4.0405273e+01
   1.2472460e+06   3.7536621e+01
   1.2546280e+06   3.8330078e+01
   1.2626930e+06   3.9306641e+01
   1.2803240e+06   4.2907715e+01
   1.2805470e+06   4.6325684e+01
   1.2806990e+06   5.0109863e+01
   1.2808500e+06   6.3293457e+01
   1.2808640e+06   8.5327148e+01
   1.2809260e+06   3.9184570e+01
   1.2810180e+06   6.6223145e+01
   1.2810480e+06   4.6386719e+01
   1.2810630e+06   3.9550781e+01
   1.2811420e+06   8.7219238e+01
   1.2812610e+06   3.8513184e+01
   1.2813430e+06   3.9245605e+01
   1.2814000e+06   1.0461426e+02
   1.2814750e+06   4.3640137e+01
   1.2815880e+06   5.0964355e+01
   1.2816410e+06   5.2612305e+01
   1.2818190e+06   6.8725586e+01
   1.2818340e+06   3.8635254e+01
   1.2819880e+06   4.5898438e+01
   1.2821260e+06   3.7780762e+01
   1.2821880e+06   4.5104980e+01
   1.2823090e+06   7.6171875e+01
   1.2827090e+06   7.3669434e+01
   1.2830940e+06   9.2651367e+01
   1.2834360e+06   7.0983887e+01
   1.2838670e+06   6.3537598e+01
   1.2839470e+06   3.9489746e+01
   1.2841910e+06   7.2631836e+01
   1.2845700e+06   6.8786621e+01
   1.2850210e+06   6.6345215e+01
   1.2854370e+06   6.3293457e+01
   1.2858340e+06   5.6579590e+01
   1.2861840e+06   4.2846680e+01
   1.2866570e+06   6.1767578e+01
   1.2870650e+06   6.4453125e+01
   1.2880650e+06   5.8898926e+01
   1.2885160e+06   5.1513672e+01
   1.2890490e+06   5.9143066e+01
   1.2894730e+06   6.3171387e+01
   1.2898990e+06   5.9570313e+01
   1.2903190e+06   5.0842285e+01
   1.2904410e+06   5.0964355e+01
   1.2910720e+06   4.1381836e+01
   1.2916620e+06   4.5043945e+01
   1.2923540e+06   5.1269531e+01
   1.2932460e+06   4.2236328e+01
   1.2979450e+06   3.9001465e+01
   1.2987850e+06   4.1687012e+01
   1.2988390e+06   5.9936523e+01
   1.3002980e+06   4.1931152e+01
   1.3028290e+06   4.4433594e+01
   1.3056120e+06   4.7485352e+01
   1.3109660e+06   4.0771484e+01
   1.3126720e+06   3.7536621e+01
   1.3130130e+06   4.1137695e+01
   1.3148670e+06   4.2114258e+01
   1.3148930e+06   3.9123535e+01
   1.3149610e+06   3.8513184e+01
   1.3153590e+06   3.9489746e+01
   1.3177970e+06   4.1442871e+01
   1.3215620e+06   3.8391113e+01
   1.3229460e+06   3.8452148e+01
   1.3282840e+06   4.0222168e+01
   1.3284070e+06   3.7536621e+01
   1.3289750e+06   5.1330566e+01
   1.3327970e+06   4.2602539e+01
   1.3329180e+06   3.7780762e+01
   1.3335890e+06   4.0039062e+01
   1.3336480e+06   9.4543457e+01
   1.3336900e+06   6.2316895e+01
   1.3338860e+06   7.0495605e+01
   1.3340760e+06   7.0190430e+01
   1.3341470e+06   7.3181152e+01
   1.3342970e+06   5.0231934e+01
   1.3344400e+06   6.8725586e+01
   1.3344530e+06   3.8085938e+01
   1.3347630e+06   3.7475586e+01
   1.3348230e+06   5.0720215e+01
   1.3351450e+06   5.4931641e+01
   1.3465600e+06   3.8146973e+01
   1.3499120e+06   3.9428711e+01
   1.3508140e+06   3.7719727e+01
   1.3525710e+06   4.5837402e+01
   1.3528280e+06   6.2683105e+01
   1.3534390e+06   4.5288086e+01
   1.3640510e+06   3.9123535e+01
   1.3647090e+06   5.8410645e+01
   1.3648080e+06   3.8330078e+01
   1.3648800e+06   3.9672852e+01
   1.3650810e+06   5.7495117e+01
   1.3705620e+06   3.7780762e+01
   1.3707590e+06   4.8156738e+01
   1.3753840e+06   4.2663574e+01
   1.3756900e+06   3.8330078e+01
   1.3758380e+06   5.9143066e+01
   1.3816060e+06   3.9489746e+01
   1.3829190e+06   4.3273926e+01
   1.3832650e+06   4.6936035e+01
   1.3957890e+06   3.8452148e+01
   1.3970600e+06   4.1870117e+01
   1.3985140e+06   4.0893555e+01
   1.3986620e+06   4.9804688e+01
   1.3991190e+06   3.9245605e+01
   1.3993720e+06   5.6518555e+01
   1.4002990e+06   3.8452148e+01
   1.4006910e+06   4.2602539e+01
   1.4020760e+06   4.5227051e+01
   1.4021540e+06   4.5288086e+01
   1.4024030e+06   4.4738770e+01
   1.4025450e+06   9.3994141e+01
   1.4025860e+06   4.0771484e+01
   1.4026510e+06   3.8208008e+01
   1.4026740e+06   4.2907715e+01
   1.4027770e+06   6.4636230e+01
   1.4029730e+06   7.7880859e+01
   1.4030220e+06   4.8522949e+01
   1.4032160e+06   5.0415039e+01
   1.4034050e+06   3.9672852e+01
   1.4034590e+06   5.0720215e+01
   1.4035430e+06   8.7707520e+01
   1.4036890e+06   5.3649902e+01
   1.4039940e+06   6.2805176e+01
   1.4041640e+06   4.2541504e+01
   1.4043170e+06   4.2480469e+01
   1.4045360e+06   4.3090820e+01
   1.4178500e+06   4.5654297e+01
   1.4181800e+06   4.4921875e+01
   1.4184770e+06   3.9367676e+01
   1.4191570e+06   4.8767090e+01
   1.4199310e+06   5.1025391e+01
   1.4205070e+06   4.6508789e+01
   1.4212630e+06   4.6447754e+01
   1.4218020e+06   4.0771484e+01
   1.4223090e+06   4.4494629e+01
   1.4233300e+06   5.2062988e+01
   1.4367930e+06   4.4799805e+01
   1.4368210e+06   4.7363281e+01
   1.4398110e+06   3.8391113e+01
   1.4512780e+06   3.9489746e+01
   1.4522240e+06   3.8452148e+01
   1.4530520e+06   5.4687500e+01
   1.4542480e+06   3.7536621e+01
   1.4550470e+06   5.4931641e+01
   1.4556720e+06   4.7912598e+01
   1.4599720e+06   4.6447754e+01
   1.4701790e+06   3.7902832e+01
   1.4716320e+06   5.9143066e+01
   1.4722580e+06   5.2062988e+01
   1.4866430e+06   5.6030273e+01
   1.4871660e+06   5.1452637e+01
   1.4876110e+06   4.7424316e+01
   1.4883110e+06   5.7800293e+01
   1.4894910e+06   3.9489746e+01
   1.4910890e+06   5.4077148e+01
   1.5005060e+06   4.0405273e+01
   1.5007580e+06   5.0842285e+01
   1.5007690e+06   6.3415527e+01
   1.5012230e+06   4.2663574e+01
   1.5019460e+06   4.5837402e+01
   1.5029370e+06   3.9733887e+01
   1.5161540e+06   4.5166016e+01
   1.5308640e+06   3.9550781e+01
   1.5309210e+06   3.9367676e+01
   1.5309960e+06   4.9011230e+01
   1.5332800e+06   3.7719727e+01
   1.5418810e+06   3.8208008e+01
   1.5487510e+06   4.1137695e+01
   1.5487650e+06   3.9123535e+01
   1.5490630e+06   3.9794922e+01
   1.5491990e+06   5.5725098e+01
   1.5517540e+06   4.6569824e+01
   1.5517660e+06   3.9855957e+01
   1.5524430e+06   3.8330078e+01
   1.5528720e+06   5.3283691e+01
   1.5529120e+06   4.3762207e+01
   1.5529360e+06   4.2358398e+01
   1.5529810e+06   7.1044922e+01
   1.5531210e+06   4.5471191e+01
   1.5531590e+06   3.7841797e+01
   1.5533170e+06   4.5410156e+01
   1.5533610e+06   4.5471191e+01
   1.5534060e+06   5.7556152e+01
   1.5534320e+06   8.0505371e+01
   1.5534870e+06   6.0668945e+01
   1.5536170e+06   3.9978027e+01
   1.5538060e+06   5.7189941e+01
   1.5538850e+06   4.4921875e+01
   1.5540250e+06   5.9570313e+01
   1.5544140e+06   5.0720215e+01
   1.5551420e+06   5.0292969e+01
   1.5695070e+06   4.3029785e+01
   1.5699490e+06   4.0527344e+01
   1.5751180e+06   3.8391113e+01
   1.5978600e+06   4.0588379e+01
   1.6027160e+06   3.8452148e+01
   1.6124090e+06   4.8889160e+01
   1.6155850e+06   4.2785645e+01
   1.6160040e+06   4.2053223e+01
   1.6165050e+06   4.9804688e+01
   1.6167980e+06   4.3945312e+01
   1.6173250e+06   3.8269043e+01
   1.6182240e+06   3.9978027e+01
   1.6195290e+06   4.1687012e+01
   1.6251230e+06   4.0954590e+01
   1.6261890e+06   3.9733887e+01
   1.6318770e+06   3.7658691e+01
   1.6335000e+06   4.1687012e+01
   1.6368340e+06   3.9367676e+01
   1.6379540e+06   3.8330078e+01
   1.6382570e+06   4.3273926e+01
   1.6382820e+06   5.7373047e+01
   1.6392060e+06   7.2082520e+01
   1.6395360e+06   4.2236328e+01
   1.6583460e+06   3.8574219e+01
   1.6610920e+06   3.7780762e+01
   1.6758030e+06   4.1320801e+01
   1.6762420e+06   4.3701172e+01
   1.6870690e+06   3.7597656e+01
   1.6923180e+06   4.0710449e+01
   1.6962520e+06   3.7475586e+01
   1.7065910e+06   4.1198730e+01
   1.7169410e+06   3.9001465e+01
   1.7296200e+06   4.2236328e+01
   1.7311250e+06   3.8452148e+01
   1.7337850e+06   3.9123535e+01
   1.7436340e+06   3.7963867e+01
   1.7510560e+06   4.0222168e+01
   1.7616540e+06   4.0893555e+01
   1.7756370e+06   3.7719727e+01
   1.7868110e+06   4.0649414e+01
   1.7911140e+06   4.3151855e+01
   1.8091900e+06   3.9978027e+01
   1.8329140e+06   3.7597656e+01
   1.8400810e+06   3.9916992e+01
   1.8520580e+06   3.9001465e+01
   1.8580930e+06   3.7902832e+01
   1.8657040e+06   4.1259766e+01
   1.8660980e+06   3.7719727e+01
   1.8689650e+06   3.7597656e+01
   1.8758290e+06   3.8208008e+01
   1.8876620e+06   4.0283203e+01
   1.9029110e+06   4.2053223e+01
   1.9174890e+06   3.8085938e+01
   1.9233410e+06   4.0588379e+01
   1.9305340e+06   4.5898438e+01
   1.9340290e+06   3.9550781e+01
   1.9447350e+06   4.3457031e+01
   1.9449220e+06   6.5429688e+01
   1.9449950e+06   3.8330078e+01
   1.9450250e+06   4.1320801e+01
   1.9452280e+06   3.8146973e+01
   1.9452550e+06   9.8510742e+01
   1.9453990e+06   4.4860840e+01
   1.9455060e+06   9.6008301e+01
   1.9455330e+06   4.9255371e+01
   1.9455620e+06   4.5837402e+01
   1.9455750e+06   4.5288086e+01
   1.9456200e+06   4.2724609e+01
   1.9456970e+06   5.3466797e+01
   1.9457490e+06   3.8024902e+01
   1.9457960e+06   8.4350586e+01
   1.9459650e+06   4.5349121e+01
   1.9461160e+06   7.9406738e+01
   1.9462030e+06   4.4860840e+01
   1.9464500e+06   6.1645508e+01
   1.9466990e+06   5.6091309e+01
   1.9470190e+06   4.1198730e+01
   1.9473850e+06   8.5144043e+01
   1.9474640e+06   4.1748047e+01
   1.9479430e+06   4.0527344e+01
   1.9498870e+06   3.9184570e+01
   1.9627640e+06   3.8513184e+01
   1.9632440e+06   3.9978027e+01
   1.9634210e+06   1.0961914e+02
   1.9636180e+06   4.3457031e+01
   1.9636770e+06   4.9682617e+01
   1.9638470e+06   4.5776367e+01
   1.9640040e+06   4.0344238e+01
   1.9641630e+06   7.7758789e+01
   1.9642260e+06   6.0363770e+01
   1.9644870e+06   3.7719727e+01
   1.9648050e+06   5.4870605e+01
   1.9653550e+06   4.2358398e+01
   1.9656700e+06   3.7841797e+01
   1.9739690e+06   4.7973633e+01
   1.9775770e+06   4.0466309e+01
   1.9786230e+06   3.9794922e+01
   1.9789710e+06   3.8818359e+01
   1.9815700e+06   3.8452148e+01
   1.9816320e+06   4.2724609e+01
   1.9904830e+06   3.8330078e+01
   1.9948690e+06   4.3701172e+01
   1.9956440e+06   3.8940430e+01
   1.9965290e+06   3.9855957e+01
   2.0079480e+06   3.8452148e+01
   2.0254490e+06   3.7841797e+01
   2.0277460e+06   4.5715332e+01
   2.0279490e+06   4.5043945e+01
   2.0280130e+06   8.4167480e+01
   2.0280710e+06   4.7180176e+01
   2.0281150e+06   3.9184570e+01
   2.0281910e+06   4.3518066e+01
   2.0282260e+06   4.7180176e+01
   2.0282630e+06   4.1137695e+01
   2.0283780e+06   8.4228516e+01
   2.0284680e+06   6.0180664e+01
   2.0287020e+06   5.2124023e+01
   2.0288100e+06   6.9030762e+01
   2.0290350e+06   6.4086914e+01
   2.0293680e+06   5.3894043e+01
   2.0293930e+06   7.6843262e+01
   2.0297220e+06   5.3100586e+01
   2.0298690e+06   7.6171875e+01
   2.0301300e+06   5.8898926e+01
   2.0312360e+06   5.3161621e+01
   2.0463500e+06   3.9733887e+01
   2.0533750e+06   4.0161133e+01
   2.0554590e+06   5.1086426e+01
   2.0633290e+06   4.2663574e+01
   2.0706880e+06   3.7841797e+01
   2.0809750e+06   4.1198730e+01
   2.0810920e+06   4.9377441e+01
   2.0954020e+06   3.8391113e+01
   2.0991810e+06   5.0170898e+01
   2.0994220e+06   3.9855957e+01
   2.0996070e+06   1.0131836e+02
   2.0996200e+06   4.0527344e+01
   2.0997690e+06   5.1635742e+01
   2.0997850e+06   5.1086426e+01
   2.0999320e+06   7.0251465e+01
   2.0999820e+06   4.8950195e+01
   2.1000510e+06   5.1574707e+01
   2.1001820e+06   4.6813965e+01
   2.1002160e+06   4.3273926e+01
   2.1003050e+06   3.7902832e+01
   2.1003930e+06   4.1748047e+01
   2.1004090e+06   4.1503906e+01
   2.1009430e+06   4.4067383e+01
   2.1014660e+06   4.5349121e+01
   2.1183680e+06   4.1076660e+01
   2.1188370e+06   3.7780762e+01
   2.1256590e+06   3.7902832e+01
   2.1330830e+06   4.2724609e+01
   2.1356540e+06   4.5898438e+01
   2.1389210e+06   3.7780762e+01
   2.1402710e+06   4.0893555e+01
   2.1487230e+06   3.7902832e+01
   2.1518220e+06   3.7536621e+01
   2.1581150e+06   3.8146973e+01
   2.1653540e+06   3.9855957e+01
   2.1782560e+06   3.9550781e+01
   2.1857130e+06   3.9062500e+01
   2.1940140e+06   3.7963867e+01
   2.1977130e+06   3.9184570e+01
   2.2053740e+06   3.9733887e+01
   2.2061040e+06   4.4738770e+01
   2.2098340e+06   4.1076660e+01
   2.2352850e+06   4.0710449e+01
   2.2376360e+06   3.9062500e+01
   2.2507840e+06   4.0466309e+01
   2.2639630e+06   4.4860840e+01
   2.2717160e+06   3.8452148e+01
   2.2796110e+06   3.7536621e+01
   2.2849040e+06   3.7719727e+01
   2.2887000e+06   3.7902832e+01
   2.2973880e+06   4.2053223e+01
   2.3095720e+06   4.4067383e+01
   2.3138910e+06   3.8757324e+01
   2.3235600e+06   3.8696289e+01
   2.3353710e+06   4.0527344e+01
   2.3644740e+06   4.0161133e+01
   2.3686390e+06   3.8085938e+01
   2.3691610e+06   3.7536621e+01
   2.4037810e+06   4.0710449e+01
   2.4270270e+06   3.9062500e+01
   2.4319870e+06   4.1320801e+01
   2.4360570e+06   4.0161133e+01
   2.4412280e+06   4.1381836e+01
   2.4706550e+06   4.0649414e+01
   2.4707240e+06   4.4799805e+01
   2.4739210e+06   4.2236328e+01
   2.4823040e+06   4.1625977e+01
   2.5116230e+06   4.1442871e+01
   2.5259650e+06   4.0283203e+01
   2.5504130e+06   4.4311523e+01
   2.5665540e+06   4.0039062e+01
   2.5684250e+06   4.7485352e+01
   2.5914920e+06   4.2724609e+01
   2.5960450e+06   4.2602539e+01
   2.6194460e+06   4.4494629e+01
   2.6195450e+06   5.1208496e+01
   2.6195960e+06   8.8378906e+01
   2.6196700e+06   3.9733887e+01
   2.6197440e+06   6.7077637e+01
   2.6197730e+06   4.1748047e+01
   2.6197990e+06   4.0832520e+01
   2.6198380e+06   4.4799805e+01
   2.6199090e+06   3.9123535e+01
   2.6199390e+06   6.4697266e+01
   2.6199910e+06   4.5532227e+01
   2.6200640e+06   5.3771973e+01
   2.6202720e+06   5.4931641e+01
   2.6204270e+06   4.4982910e+01
   2.6206090e+06   8.9782715e+01
   2.6206300e+06   5.7495117e+01
   2.6209930e+06   5.5358887e+01
   2.6210980e+06   3.9794922e+01
   2.6212900e+06   6.6650391e+01
   2.6214830e+06   5.5297852e+01
   2.6215360e+06   4.0405273e+01
   2.6217070e+06   7.8125000e+01
   2.6221540e+06   5.7373047e+01
   2.6221940e+06   5.1513672e+01
   2.6224700e+06   3.9672852e+01
   2.6225700e+06   4.1381836e+01
   2.6230820e+06   6.0607910e+01
   2.6236900e+06   6.2500000e+01
   2.6242580e+06   6.3903809e+01
   2.6247090e+06   6.0791016e+01
   2.6252940e+06   6.7321777e+01
   2.6351350e+06   4.1992188e+01
   2.6367350e+06   5.2124023e+01
   2.6398870e+06   5.5664062e+01
   2.6415150e+06   4.5959473e+01
   2.6429030e+06   5.1025391e+01
   2.6473500e+06   4.2968750e+01
   2.6643100e+06   4.0527344e+01
   2.6650180e+06   5.2368164e+01
   2.6655740e+06   5.1696777e+01
   2.6661060e+06   4.9560547e+01
   2.6689760e+06   3.9611816e+01
   2.6690500e+06   4.8645020e+01
   2.6690600e+06   1.0052490e+02
   2.6692370e+06   7.8125000e+01
   2.6693200e+06   6.2133789e+01
   2.6694510e+06   4.0771484e+01
   2.6695610e+06   4.5654297e+01
   2.6697190e+06   6.4941406e+01
   2.6698300e+06   4.9316406e+01
   2.6700630e+06   5.9326172e+01
   2.6704110e+06   7.8979492e+01
   2.6704290e+06   4.0832520e+01
   2.6706380e+06   3.9611816e+01
   2.6709750e+06   4.5471191e+01
   2.6722080e+06   4.9255371e+01
   2.6864090e+06   4.7363281e+01
   2.6871260e+06   5.7495117e+01
   2.6878060e+06   4.7607422e+01
   2.6963430e+06   4.8095703e+01
   2.6971430e+06   5.4382324e+01
   2.6976620e+06   5.5969238e+01
   2.7093640e+06   4.9133301e+01
   2.7097100e+06   3.9672852e+01
   2.7100160e+06   4.0039062e+01
   2.7107450e+06   3.9978027e+01
   2.7114020e+06   4.9499512e+01
   2.7116940e+06   5.0354004e+01
   2.7135380e+06   3.9123535e+01
   2.7137040e+06   4.1870117e+01
   2.7141470e+06   4.6813965e+01
   2.7141990e+06   4.6508789e+01
   2.7143910e+06   8.5815430e+01
   2.7144320e+06   3.9367676e+01
   2.7144910e+06   4.1320801e+01
   2.7146380e+06   4.1870117e+01
   2.7146580e+06   7.8430176e+01
   2.7147080e+06   5.5603027e+01
   2.7147530e+06   4.8278809e+01
   2.7150550e+06   7.6782227e+01
   2.7150670e+06   5.6457520e+01
   2.7153330e+06   4.1259766e+01
   2.7155560e+06   4.8217773e+01
   2.7156370e+06   7.2631836e+01
   2.7162250e+06   4.7485352e+01
   2.7166570e+06   4.1625977e+01
   2.7170820e+06   4.1076660e+01
   2.7302520e+06   3.9550781e+01
   2.7376040e+06   4.1625977e+01
   2.7526670e+06   4.7973633e+01
   2.7633850e+06   4.0832520e+01
   2.7641440e+06   4.0222168e+01
   2.7668470e+06   5.0231934e+01
   2.7704890e+06   5.4199219e+01
   2.7714070e+06   4.6813965e+01
   2.7721940e+06   4.8645020e+01
   2.7794950e+06   4.1442871e+01
   2.7932210e+06   5.0964355e+01
   2.7935350e+06   5.4809570e+01
   2.7936200e+06   4.3762207e+01
   2.7948290e+06   5.5786133e+01
   2.7950370e+06   4.1259766e+01
   2.7951960e+06   4.1137695e+01
   2.7965890e+06   6.2805176e+01
   2.7968040e+06   9.6984863e+01
   2.7971960e+06   7.3669434e+01
   2.7973700e+06   5.6152344e+01
   2.7975720e+06   6.6650391e+01
   2.7977100e+06   5.1635742e+01
   2.7978710e+06   4.6203613e+01
   2.7983030e+06   4.6936035e+01
   2.7983580e+06   4.2602539e+01
   2.7989320e+06   4.2663574e+01
   2.7996400e+06   4.4799805e+01
   2.8346000e+06   4.0161133e+01
   2.8350790e+06   4.3029785e+01
   2.8358470e+06   5.2429199e+01
   2.8371480e+06   3.9367676e+01
   2.8381410e+06   5.5603027e+01
   2.8391300e+06   6.2622070e+01
   2.8392760e+06   4.3273926e+01
   2.8393260e+06   9.1247559e+01
   2.8394170e+06   6.0607910e+01
   2.8394480e+06   3.9916992e+01
   2.8395770e+06   3.9855957e+01
   2.8397290e+06   5.0659180e+01
   2.8399400e+06   5.2612305e+01
   2.8400920e+06   4.4982910e+01
   2.8405280e+06   4.7485352e+01
   2.8408420e+06   4.6203613e+01
   2.8413840e+06   4.5532227e+01
   2.8549690e+06   4.3701172e+01
   2.8557910e+06   5.6335449e+01
   2.8800720e+06   4.1259766e+01
   2.8834210e+06   5.4504395e+01
   2.8926940e+06   4.5104980e+01
   2.8932290e+06   5.2062988e+01
   2.8936640e+06   5.4748535e+01
   2.8941910e+06   4.0344238e+01
   2.8949670e+06   4.4494629e+01
   2.8968610e+06   4.2602539e+01
   2.8971120e+06   4.7729492e+01
   2.8973380e+06   3.9794922e+01
   2.8980330e+06   4.6569824e+01
   2.8984230e+06   8.4716797e+01
   2.8985850e+06   3.9489746e+01
   2.8987930e+06   4.5593262e+01
   2.8991730e+06   4.7912598e+01
   2.8993140e+06   8.6547852e+01
   2.8994470e+06   5.5664062e+01
   2.8997590e+06   4.1992188e+01
   2.9000480e+06   4.5043945e+01
   2.9000830e+06   5.0598145e+01
   2.9006150e+06   5.4748535e+01
   2.9011980e+06   4.5104980e+01
   2.9140040e+06   4.1870117e+01
   2.9163740e+06   5.3955078e+01
   2.9284790e+06   4.0710449e+01
   2.9425060e+06   4.1076660e+01
   2.9435780e+06   5.1513672e+01
   2.9547150e+06   4.5227051e+01
   2.9555150e+06   6.6772461e+01
   2.9557440e+06   4.8889160e+01
   2.9563590e+06   3.9428711e+01
   2.9700270e+06   4.1381836e+01
   2.9772570e+06   4.1076660e+01
   2.9775880e+06   4.1687012e+01
   2.9776790e+06   3.9733887e+01
   3.0126150e+06   4.0100098e+01
   3.0170190e+06   4.0344238e+01
   3.0182050e+06   3.9794922e+01
   3.0244080e+06   5.7617188e+01
   3.0258110e+06   6.0241699e+01
   3.0658740e+06   3.9733887e+01
   3.1058120e+06   4.0039062e+01
   3.1132590e+06   3.9428711e+01
   3.1215370e+06   3.9550781e+01
   3.1348330e+06   4.0344238e+01
   3.1389470e+06   3.9733887e+01
   3.1861360e+06   4.1320801e+01
   3.1945860e+06   4.0832520e+01
   3.2033140e+06   4.2907715e+01
   3.2459560e+06   4.3579102e+01
   3.2989690e+06   4.0039062e+01
   3.3216170e+06   3.9611816e+01
   3.3283190e+06   4.0832520e+01
   3.3327060e+06   4.3273926e+01
   3.3580650e+06   4.0283203e+01
   3.3645660e+06   3.9672852e+01
   3.3702330e+06   4.5288086e+01
   3.3874940e+06   3.9672852e+01
   3.3948520e+06   4.1137695e+01
   3.3952320e+06   4.0039062e+01
   3.4201250e+06   4.2358398e+01
   3.4260840e+06   4.2480469e+01
   3.4311850e+06   4.3334961e+01
   3.4341750e+06   4.0710449e+01
   3.4348300e+06   3.9855957e+01
   3.4349200e+06   4.7607422e+01
   3.4349370e+06   4.3823242e+01
   3.4350820e+06   5.2124023e+01
   3.4351060e+06   8.7524414e+01
   3.4351870e+06   5.1025391e+01
   3.4353090e+06   4.1259766e+01
   3.4353290e+06   4.3945312e+01
   3.4353660e+06   4.4921875e+01
   3.4354450e+06   7.8002930e+01
   3.4355090e+06   7.1655273e+01
   3.4356640e+06   5.3466797e+01
   3.4356750e+06   5.3283691e+01
   3.4357410e+06   7.0983887e+01
   3.4358050e+06   5.6701660e+01
   3.4358150e+06   4.3029785e+01
   3.4359470e+06   4.8339844e+01
   3.4359840e+06   5.3710938e+01
   3.4360980e+06   5.1208496e+01
   3.4362640e+06   7.5195313e+01
   3.4364000e+06   5.8654785e+01
   3.4365420e+06   4.7729492e+01
   3.4365700e+06   3.9062500e+01
   3.4367560e+06   6.4697266e+01
   3.4370250e+06   4.3762207e+01
   3.4371080e+06   4.7851562e+01
   3.4371960e+06   6.3903809e+01
   3.4375710e+06   6.2438965e+01
   3.4376110e+06   4.1015625e+01
   3.4378900e+06   6.9763184e+01
   3.4382430e+06   6.0058594e+01
   3.4385600e+06   6.2133789e+01
   3.4389160e+06   6.1279297e+01
   3.4393330e+06   5.6335449e+01
   3.4398280e+06   5.5236816e+01
   3.4403930e+06   5.3710938e+01
   3.4410660e+06   6.1096191e+01
   3.4415570e+06   4.8645020e+01
   3.4419990e+06   5.9143066e+01
   3.4425050e+06   5.1391602e+01
   3.4429330e+06   4.1870117e+01
   3.4432940e+06   5.5358887e+01
   3.4439370e+06   4.7973633e+01
   3.4444780e+06   5.8288574e+01
   3.4503570e+06   4.2358398e+01
   3.4504830e+06   4.0222168e+01
   3.4539550e+06   4.1198730e+01
   3.4541740e+06   4.9743652e+01
   3.4543400e+06   4.0710449e+01
   3.4543970e+06   7.5500488e+01
   3.4546820e+06   5.0109863e+01
   3.4553560e+06   3.9794922e+01
   3.4725990e+06   4.2541504e+01
   3.4754680e+06   4.1259766e+01
   3.4773380e+06   4.2846680e+01
   3.5014490e+06   3.9794922e+01
   3.5037690e+06   4.2114258e+01
   3.5086690e+06   4.0222168e+01
   3.5090670e+06   4.1198730e+01
   3.5091390e+06   4.4677734e+01
   3.5162640e+06   4.0832520e+01
   3.5308520e+06   4.7973633e+01
   3.5384290e+06   4.0405273e+01
   3.5396880e+06   3.9916992e+01
   3.5750360e+06   4.2907715e+01
   3.5768010e+06   4.2724609e+01
   3.5823860e+06   3.9306641e+01
   3.5977590e+06   4.0466309e+01
   3.6148840e+06   4.0466309e+01
   3.6471070e+06   4.1381836e+01
   3.6668170e+06   4.1625977e+01
   3.7020400e+06   4.5043945e+01
   3.7049430e+06   4.1870117e+01
   3.7389550e+06   4.1198730e+01
   3.7567310e+06   4.0283203e+01
   3.7775090e+06   4.1198730e+01
   3.7930050e+06   4.2663574e+01
   3.8003830e+06   4.1625977e+01
   3.8025750e+06   4.3701172e+01
   3.8109460e+06   4.3090820e+01
   3.8220320e+06   4.5166016e+01
   3.8381300e+06   4.0405273e+01
   3.8396700e+06   4.2785645e+01
   3.8448740e+06   4.2114258e+01
   3.8514950e+06   4.3212891e+01
   3.8807840e+06   4.3945312e+01
   3.8989660e+06   4.2358398e+01
   3.9186400e+06   3.9978027e+01
   3.9258130e+06   4.4006348e+01
   3.9280420e+06   4.0344238e+01
   3.9676290e+06   4.2236328e+01
   3.9808020e+06   4.5043945e+01
   4.0469470e+06   4.1076660e+01
   4.0493880e+06   4.3457031e+01
   4.0693500e+06   4.1320801e+01
   4.0766750e+06   4.0527344e+01
   4.0874130e+06   4.0954590e+01
   4.0959250e+06   4.4128418e+01
   4.1280370e+06   4.1320801e+01
   4.1284900e+06   4.5654297e+01
   4.1384640e+06   4.4128418e+01
   4.1541310e+06   5.3222656e+01
   4.1543190e+06   4.4982910e+01
   4.1543910e+06   4.2358398e+01
   4.1544540e+06   8.3435059e+01
   4.1544790e+06   7.6354980e+01
   4.1545640e+06   4.5227051e+01
   4.1545920e+06   5.8227539e+01
   4.1546310e+06   7.7575684e+01
   4.1546430e+06   4.5715332e+01
   4.1546650e+06   4.6386719e+01
   4.1547450e+06   4.5227051e+01
   4.1547890e+06   6.6772461e+01
   4.1548480e+06   4.7363281e+01
   4.1549950e+06   4.9926758e+01
   4.1550460e+06   7.1472168e+01
   4.1551660e+06   4.2480469e+01
   4.1553150e+06   4.5837402e+01
   4.1553850e+06   7.3974609e+01
   4.1554930e+06   4.5837402e+01
   4.1556360e+06   6.2438965e+01
   4.1558530e+06   4.1076660e+01
   4.1559330e+06   6.9641113e+01
   4.1559940e+06   5.1452637e+01
   4.1562550e+06   6.5307617e+01
   4.1563310e+06   4.0893555e+01
   4.1565510e+06   6.5368652e+01
   4.1568420e+06   7.1655273e+01
   4.1571620e+06   5.9204102e+01
   4.1574550e+06   5.0415039e+01
   4.1577840e+06   5.2856445e+01
   4.1580450e+06   6.2805176e+01
   4.1583970e+06   5.8349609e+01
   4.1587980e+06   4.4372559e+01
   4.1592060e+06   6.5673828e+01
   4.1596290e+06   6.5246582e+01
   4.1600120e+06   6.4880371e+01
   4.1605160e+06   5.1513672e+01
   4.1608080e+06   5.1513672e+01
   4.1611930e+06   4.5104980e+01
   4.1615220e+06   5.4931641e+01
   4.1623260e+06   4.2541504e+01
   4.1626260e+06   4.8217773e+01
   4.1689290e+06   4.5532227e+01
   4.1760120e+06   4.7607422e+01
   4.1872360e+06   4.1442871e+01
   4.1882800e+06   4.0405273e+01
   4.2109790e+06   4.0283203e+01
   4.2119480e+06   4.0954590e+01
   4.2184620e+06   3.9978027e+01
   4.2229730e+06   4.9377441e+01
   4.2238430e+06   4.1137695e+01
   4.2244410e+06   4.1015625e+01
   4.2247880e+06   5.5664062e+01
   4.2254680e+06   5.0476074e+01
   4.2261810e+06   4.1015625e+01
   4.2264640e+06   4.2114258e+01
   4.2266840e+06   4.4555664e+01
   4.2267110e+06   4.9377441e+01
   4.2268200e+06   8.5327148e+01
   4.2269280e+06   4.7668457e+01
   4.2269610e+06   7.0434570e+01
   4.2269760e+06   4.4372559e+01
   4.2270670e+06   4.7424316e+01
   4.2271550e+06   4.0649414e+01
   4.2272150e+06   4.8828125e+01
   4.2273560e+06   6.7077637e+01
   4.2274730e+06   5.6579590e+01
   4.2277670e+06   7.4768066e+01
   4.2279110e+06   5.0231934e+01
   4.2284850e+06   6.3415527e+01
   4.2413710e+06   4.0588379e+01
   4.2445510e+06   4.0100098e+01
   4.2513790e+06   4.2236328e+01
   4.2546140e+06   4.2175293e+01
   4.2550360e+06   4.0039062e+01
   4.2553780e+06   4.1748047e+01
   4.2622450e+06   4.2053223e+01
   4.2665080e+06   6.0852051e+01
   4.2744970e+06   4.2602539e+01
   4.2867740e+06   4.0893555e+01
   4.2883730e+06   4.0588379e+01
   4.2923010e+06   4.4494629e+01
   4.2925450e+06   6.2255859e+01
   4.2955750e+06   4.4433594e+01
   4.2960030e+06   4.3090820e+01
   4.2960750e+06   8.8562012e+01
   4.2961680e+06   5.8715820e+01
   4.2962530e+06   7.7636719e+01
   4.2963390e+06   6.5307617e+01
   4.2963600e+06   4.4189453e+01
   4.2965380e+06   5.5969238e+01
   4.2965650e+06   6.3476562e+01
   4.2966100e+06   4.1564941e+01
   4.2969890e+06   4.9011230e+01
   4.2970320e+06   4.0649414e+01
   4.2971390e+06   5.7373047e+01
   4.2972150e+06   4.6020508e+01
   4.2977520e+06   5.2490234e+01
   4.2982010e+06   4.4433594e+01
   4.3187600e+06   4.1320801e+01
   4.3297370e+06   4.0649414e+01
   4.3401130e+06   4.0039062e+01
   4.3488340e+06   4.7485352e+01
   4.3488700e+06   6.1218262e+01
   4.3489130e+06   8.6914062e+01
   4.3491460e+06   5.1269531e+01
   4.3491920e+06   7.8613281e+01
   4.3492820e+06   4.1809082e+01
   4.3493540e+06   4.6569824e+01
   4.3495330e+06   4.8156738e+01
   4.3496300e+06   4.1198730e+01
   4.3498450e+06   5.1757812e+01
   4.3501080e+06   5.2490234e+01
   4.3503600e+06   4.1381836e+01
   4.3505020e+06   6.9763184e+01
   4.3505190e+06   5.7250977e+01
   4.3509920e+06   5.7678223e+01
   4.3513960e+06   4.3518066e+01
   4.3670940e+06   4.1687012e+01
   4.3767070e+06   4.0527344e+01
   4.3790640e+06   4.1442871e+01
   4.3911680e+06   4.1198730e+01
   4.3925380e+06   4.1625977e+01
   4.3926130e+06   7.3425293e+01
   4.3931050e+06   6.3232422e+01
   4.3935120e+06   5.2551270e+01
   4.3942910e+06   4.6020508e+01
   4.3944270e+06   5.5358887e+01
   4.3944650e+06   4.0954590e+01
   4.3945990e+06   4.5166016e+01
   4.3946750e+06   5.1696777e+01
   4.3947810e+06   7.2875977e+01
   4.3948380e+06   4.2114258e+01
   4.3948600e+06   4.3945313e+01
   4.3949350e+06   5.2001953e+01
   4.3950940e+06   4.2541504e+01
   4.3952280e+06   6.0913086e+01
   4.3955260e+06   5.3649902e+01
   4.3963670e+06   4.9560547e+01
   4.3964840e+06   4.1870117e+01
   4.4228880e+06   4.0527344e+01
   4.4258090e+06   5.8532715e+01
   4.4265950e+06   3.9978027e+01
   4.4389420e+06   4.6447754e+01
   4.4507830e+06   5.2734375e+01
   4.4593380e+06   4.1320801e+01
   4.4715190e+06   4.1625977e+01
   4.4849580e+06   4.2480469e+01
   4.5018030e+06   4.0344238e+01
   4.5062260e+06   4.0771484e+01
   4.5273590e+06   4.0100098e+01
   4.5394540e+06   4.4677734e+01
   4.5416810e+06   4.1748047e+01
   4.5616680e+06   3.9978027e+01
   4.5705840e+06   4.3884277e+01
   4.5990540e+06   4.0100098e+01
   4.5995620e+06   4.1564941e+01
   4.6005080e+06   4.0100098e+01
   4.6234090e+06   4.4250488e+01
   4.6448160e+06   4.4372559e+01
   4.6934270e+06   4.1503906e+01
   4.7046300e+06   4.0222168e+01
   4.7449850e+06   4.0466309e+01
   4.7547070e+06   4.1320801e+01
   4.7577280e+06   4.2724609e+01
   4.7637190e+06   4.0100098e+01
   4.7736440e+06   4.3762207e+01
   4.8075290e+06   3.8818359e+01
   4.8264310e+06   4.4311523e+01
   4.8369780e+06   4.0344238e+01
   4.8590620e+06   4.6875000e+01
   4.8676270e+06   4.4067383e+01
   4.8784760e+06   4.1442871e+01
   4.8883450e+06   3.9306641e+01
   4.9100080e+06   3.8879395e+01
   4.9103510e+06   3.9794922e+01
   4.9135450e+06   3.9611816e+01
   4.9308850e+06   4.0710449e+01
   4.9328570e+06   4.0832520e+01
   4.9378110e+06   4.1870117e+01
   4.9455410e+06   4.1503906e+01
   4.9497550e+06   3.8818359e+01
   4.9529460e+06   3.8696289e+01
   4.9770090e+06   4.2663574e+01
   4.9816920e+06   4.1198730e+01
   4.9892530e+06   4.2785645e+01
   4.9927130e+06   4.1015625e+01
   5.0150890e+06   4.3212891e+01
   5.0422380e+06   4.0222168e+01
   5.0479550e+06   4.8156738e+01
   5.0559760e+06   4.3701172e+01
   5.0684470e+06   4.4494629e+01
   5.0776210e+06   3.9489746e+01
   5.0880360e+06   4.2541504e+01
   5.1062180e+06   4.2602539e+01
   5.1147360e+06   4.0893555e+01
   5.1204720e+06   4.4677734e+01
   5.1348600e+06   4.3884277e+01
   5.1426060e+06   4.0405273e+01
   5.1673460e+06   4.0466309e+01
   5.1895190e+06   4.0710449e+01
   5.1903590e+06   4.0588379e+01
   5.1939170e+06   3.9062500e+01
   5.1989690e+06   4.1564941e+01
   5.2073740e+06   4.0100098e+01
   5.2294710e+06   4.3762207e+01
   5.2355850e+06   3.9550781e+01
   5.2405480e+06   4.4555664e+01
   5.2597020e+06   4.0161133e+01
   5.2644330e+06   4.3273926e+01
   5.2645430e+06   4.4311523e+01
   5.2646220e+06   3.9855957e+01
   5.2646380e+06   4.2663574e+01
   5.2646750e+06   7.7697754e+01
   5.2646850e+06   5.8410645e+01
   5.2647050e+06   3.9855957e+01
   5.2647480e+06   4.1992188e+01
   5.2647630e+06   4.7546387e+01
   5.2648390e+06   9.8327637e+01
   5.2648620e+06   4.0588379e+01
   5.2649760e+06   4.4250488e+01
   5.2650130e+06   6.3293457e+01
   5.2650230e+06   4.7302246e+01
   5.2650580e+06   4.0344238e+01
   5.2651170e+06   4.2480469e+01
   5.2652360e+06   5.7556152e+01
   5.2652480e+06   5.2368164e+01
   5.2653750e+06   4.2846680e+01
   5.2654070e+06   3.9489746e+01
   5.2655210e+06   6.2866211e+01
   5.2657210e+06   3.9489746e+01
   5.2657840e+06   7.1899414e+01
   5.2659010e+06   5.3527832e+01
   5.2659960e+06   4.4677734e+01
   5.2660390e+06   6.6345215e+01
   5.2660750e+06   4.3701172e+01
   5.2661320e+06   4.9499512e+01
   5.2662920e+06   3.9245605e+01
   5.2663240e+06   6.1035156e+01
   5.2664130e+06   4.4799805e+01
   5.2665630e+06   4.3029785e+01
   5.2667790e+06   4.2297363e+01
   5.2668320e+06   5.9265137e+01
   5.2670920e+06   5.0842285e+01
   5.2671740e+06   6.8359375e+01
   5.2674480e+06   4.8156738e+01
   5.2678150e+06   7.4462891e+01
   5.2681090e+06   5.1452637e+01
   5.2684010e+06   5.2734375e+01
   5.2687390e+06   4.9682617e+01
   5.2690740e+06   5.0537109e+01
   5.2694410e+06   6.2988281e+01
   5.2697350e+06   6.1279297e+01
   5.2701620e+06   5.7250977e+01
   5.2705380e+06   6.0241699e+01
   5.2710350e+06   5.6091309e+01
   5.2714480e+06   5.7006836e+01
   5.2718320e+06   5.5664062e+01
   5.2721940e+06   5.4199219e+01
   5.2726510e+06   5.2978516e+01
   5.2731660e+06   5.3833008e+01
   5.2735480e+06   4.8400879e+01
   5.2744990e+06   4.7241211e+01
   5.2748350e+06   3.8940430e+01
   5.2757920e+06   3.8818359e+01
   5.2762380e+06   3.9611816e+01
   5.2769210e+06   3.9001465e+01
   5.2775180e+06   4.0344238e+01
   5.2778640e+06   4.2480469e+01
   5.2784180e+06   4.2297363e+01
   5.2788740e+06   4.5715332e+01
   5.2816320e+06   4.2663574e+01
   5.2852780e+06   4.6508789e+01
   5.3168760e+06   4.3334961e+01
   5.3174140e+06   3.9306641e+01
   5.3183610e+06   5.8593750e+01
   5.3218570e+06   4.1992188e+01
   5.3224510e+06   5.0231934e+01
   5.3226140e+06   4.5959473e+01
   5.3226790e+06   1.0900879e+02
   5.3228130e+06   4.9865723e+01
   5.3229180e+06   1.0412598e+02
   5.3230560e+06   7.0251465e+01
   5.3231630e+06   4.3457031e+01
   5.3232260e+06   7.7697754e+01
   5.3232430e+06   4.9194336e+01
   5.3234840e+06   4.7912598e+01
   5.3235400e+06   6.4880371e+01
   5.3236020e+06   4.2724609e+01
   5.3236930e+06   3.9672852e+01
   5.3237370e+06   5.5664063e+01
   5.3240810e+06   4.5043945e+01
   5.3241000e+06   7.5439453e+01
   5.3248580e+06   4.9011230e+01
   5.3395100e+06   4.8522949e+01
   5.3402160e+06   5.8166504e+01
   5.3414850e+06   5.7617188e+01
   5.3532720e+06   4.0771484e+01
   5.3544960e+06   4.7485352e+01
   5.3553580e+06   4.4128418e+01
   5.3561510e+06   5.4260254e+01
   5.3594940e+06   6.0852051e+01
   5.3599550e+06   6.8603516e+01
   5.3601260e+06   4.2114258e+01
   5.3602600e+06   4.6203613e+01
   5.3604740e+06   5.1879883e+01
   5.3611470e+06   5.2368164e+01
   5.3614940e+06   4.2663574e+01
   5.3615600e+06   4.1381836e+01
   5.3734570e+06   4.6752930e+01
   5.3744060e+06   5.3527832e+01
   5.3778180e+06   4.4128418e+01
   5.3826710e+06   3.9001465e+01
   5.3862370e+06   4.3395996e+01
   5.3890860e+06   5.5114746e+01
   5.3902580e+06   6.3781738e+01
   5.3911370e+06   4.1198730e+01
   5.3920090e+06   4.3579102e+01
   5.3921370e+06   3.9672852e+01
   5.3922200e+06   9.8083496e+01
   5.3922400e+06   5.3161621e+01
   5.3923240e+06   4.2602539e+01
   5.3924010e+06   7.1716309e+01
   5.3924270e+06   3.9306641e+01
   5.3924380e+06   4.4128418e+01
   5.3924710e+06   5.9265137e+01
   5.3926730e+06   5.3100586e+01
   5.3928870e+06   5.5786133e+01
   5.3929930e+06   6.5551758e+01
   5.3930040e+06   4.7607422e+01
   5.3931460e+06   5.0476074e+01
   5.3932610e+06   4.0039062e+01
   5.3932780e+06   3.9245605e+01
   5.3935890e+06   6.6284180e+01
   5.3940280e+06   4.0222168e+01
   5.3940440e+06   4.4067383e+01
   5.3945260e+06   5.4443359e+01
   5.3949070e+06   4.6875000e+01
   5.4007020e+06   4.1442871e+01
   5.4082300e+06   4.3151855e+01
   5.4144520e+06   3.9184570e+01
   5.4153080e+06   3.9062500e+01
   5.4180040e+06   5.9326172e+01
   5.4183400e+06   4.1503906e+01
   5.4187640e+06   5.0781250e+01
   5.4195100e+06   4.0283203e+01
   5.4196780e+06   4.0344238e+01
   5.4198030e+06   4.0161133e+01
   5.4205240e+06   4.1687012e+01
   5.4206490e+06   4.5104980e+01
   5.4206940e+06   4.2724609e+01
   5.4207360e+06   4.7424316e+01
   5.4208430e+06   4.3579102e+01
   5.4209010e+06   9.6679688e+01
   5.4210360e+06   5.2734375e+01
   5.4210760e+06   4.3762207e+01
   5.4212880e+06   4.4372559e+01
   5.4213720e+06   8.1054688e+01
   5.4215500e+06   5.6762695e+01
   5.4218220e+06   4.1931152e+01
   5.4218800e+06   4.1137695e+01
   5.4222570e+06   5.4504395e+01
   5.4227870e+06   5.8715820e+01
   5.4232600e+06   4.0954590e+01
   5.4411780e+06   6.1035156e+01
   5.4413390e+06   4.2846680e+01
   5.4417330e+06   4.8950195e+01
   5.4421400e+06   5.9997559e+01
   5.4423330e+06   3.9794922e+01
   5.4425420e+06   4.9987793e+01
   5.4430400e+06   4.2236328e+01
   5.4430580e+06   3.9367676e+01
   5.4431740e+06   5.2917480e+01
   5.4438970e+06   5.0170898e+01
   5.4553330e+06   4.8034668e+01
   5.4566670e+06   5.3405762e+01
   5.4570730e+06   3.8940430e+01
   5.4574200e+06   5.2856445e+01
   5.4578420e+06   5.8410645e+01
   5.4580830e+06   4.5104980e+01
   5.4586610e+06   5.2978516e+01
   5.4591610e+06   4.3029785e+01
   5.4677290e+06   4.2785645e+01
   5.4727800e+06   3.9245605e+01
   5.4731090e+06   5.9692383e+01
   5.4731640e+06   4.0405273e+01
   5.4734760e+06   4.6936035e+01
   5.4739280e+06   4.0405273e+01
   5.4739470e+06   5.2917480e+01
   5.4743450e+06   4.2053223e+01
   5.4743860e+06   4.3518066e+01
   5.4747240e+06   5.0781250e+01
   5.4748230e+06   9.8083496e+01
   5.4749120e+06   4.6264648e+01
   5.4749370e+06   4.4006348e+01
   5.4751150e+06   5.4931641e+01
   5.4752510e+06   3.9062500e+01
   5.4753770e+06   5.0842285e+01
   5.4754590e+06   4.6752930e+01
   5.4756050e+06   4.5410156e+01
   5.4758300e+06   6.2622070e+01
   5.4761440e+06   5.6396484e+01
   5.4763990e+06   5.1940918e+01
   5.4765590e+06   4.6081543e+01
   5.4768320e+06   4.7912598e+01
   5.4886180e+06   3.9978027e+01
   5.4913650e+06   5.7678223e+01
   5.4922150e+06   5.7067871e+01
   5.5018380e+06   3.9855957e+01
   5.5023140e+06   6.7321777e+01
   5.5030380e+06   3.8879395e+01
   5.5033900e+06   4.7485352e+01
   5.5039640e+06   4.6020508e+01
   5.5043950e+06   4.1076660e+01
   5.5113950e+06   5.0109863e+01
   5.5116160e+06   4.1503906e+01
   5.5127020e+06   5.1574707e+01
   5.5244170e+06   4.0344238e+01
   5.5328300e+06   4.1564941e+01
   5.5392870e+06   6.2866211e+01
   5.5416880e+06   3.8696289e+01
   5.5417620e+06   3.9306641e+01
   5.5418310e+06   6.1645508e+01
   5.5424620e+06   4.4067383e+01
   5.5425420e+06   4.4311523e+01
   5.5426490e+06   5.6152344e+01
   5.5428990e+06   5.5908203e+01
   5.5429270e+06   4.6630859e+01
   5.5431310e+06   8.8134766e+01
   5.5431640e+06   4.5532227e+01
   5.5432330e+06   3.9489746e+01
   5.5433710e+06   5.3344727e+01
   5.5434060e+06   4.3273926e+01
   5.5436190e+06   4.0710449e+01
   5.5436540e+06   6.1584473e+01
   5.5437140e+06   4.1687012e+01
   5.5438490e+06   4.3273926e+01
   5.5439260e+06   4.9377441e+01
   5.5442410e+06   4.1442871e+01
   5.5448480e+06   5.2429199e+01
   5.5644560e+06   4.1137695e+01
   5.5689670e+06   4.2846680e+01
   5.5828420e+06   4.0893555e+01
   5.5968030e+06   4.1015625e+01
   5.6143120e+06   3.8696289e+01
   5.6242990e+06   4.1870117e+01
   5.6264030e+06   3.9184570e+01
   5.6427590e+06   3.9245605e+01
   5.6552910e+06   4.4677734e+01
   5.6735600e+06   4.2114258e+01
   5.6916130e+06   3.9733887e+01
   5.7350520e+06   4.4006348e+01
   5.7502990e+06   3.8818359e+01
   5.7926360e+06   4.0832520e+01
   5.8002660e+06   4.1870117e+01
   5.8062720e+06   3.9916992e+01
   5.8684920e+06   3.9489746e+01
   5.8913630e+06   4.0771484e+01
   5.8973760e+06   3.9184570e+01
   5.9267490e+06   3.9184570e+01
   5.9530460e+06   4.0832520e+01
   5.9584130e+06   3.8940430e+01
   5.9599340e+06   4.1137695e+01
   5.9658250e+06   4.1381836e+01
   5.9845120e+06   3.9672852e+01
   5.9909930e+06   3.9733887e+01
   6.0063410e+06   4.2968750e+01
   6.0313140e+06   3.9733887e+01
   6.0501310e+06   4.3212891e+01
   6.0742080e+06   4.1137695e+01
   6.0758910e+06   4.0161133e+01
   6.0845270e+06   4.3579102e+01
   6.0973230e+06   3.9428711e+01
   6.1030750e+06   4.2053223e+01
   6.1352610e+06   4.6691895e+01
   6.1475090e+06   4.3212891e+01
   6.1483180e+06   3.9428711e+01
   6.1483340e+06   8.2824707e+01
   6.1483910e+06   8.9538574e+01
   6.1484250e+06   3.9489746e+01
   6.1485010e+06   1.0986328e+02
   6.1486300e+06   4.5410156e+01
   6.1486690e+06   4.8522949e+01
   6.1487180e+06   6.9702148e+01
   6.1488160e+06   4.5959473e+01
   6.1489390e+06   7.4645996e+01
   6.1489600e+06   5.1025391e+01
   6.1489890e+06   4.0832520e+01
   6.1490510e+06   3.9733887e+01
   6.1492560e+06   5.6274414e+01
   6.1493070e+06   4.2541504e+01
   6.1495010e+06   4.0405273e+01
   6.1495840e+06   6.3232422e+01
   6.1497320e+06   4.7180176e+01
   6.1499310e+06   5.6396484e+01
   6.1499910e+06   4.4128418e+01
   6.1501890e+06   5.7312012e+01
   6.1504690e+06   5.9509277e+01
   6.1507550e+06   6.1096191e+01
   6.1510140e+06   4.0100098e+01
   6.1513420e+06   5.3527832e+01
   6.1515610e+06   4.9377441e+01
   6.1518200e+06   5.0720215e+01
   6.1520920e+06   5.8410645e+01
   6.1524340e+06   5.6152344e+01
   6.1527190e+06   6.1340332e+01
   6.1530800e+06   4.3334961e+01
   6.1533930e+06   5.3527832e+01
   6.1538230e+06   5.5847168e+01
   6.1541570e+06   5.0659180e+01
   6.1545000e+06   5.1391602e+01
   6.1549100e+06   5.6152344e+01
   6.1552950e+06   4.8034668e+01
   6.1556100e+06   4.4189453e+01
   6.1560500e+06   4.7302246e+01
   6.1564280e+06   4.7119141e+01
   6.1569170e+06   5.4565430e+01
   6.1574720e+06   5.1452637e+01
   6.1580930e+06   5.5358887e+01
   6.1585650e+06   4.2907715e+01
   6.1591790e+06   5.3710938e+01
   6.1596500e+06   4.4006348e+01
   6.1602080e+06   4.1198730e+01
   6.1619600e+06   4.1076660e+01
   6.1783880e+06   3.9978027e+01
   6.1797070e+06   4.0954590e+01
   6.1843850e+06   4.3945312e+01
   6.1995000e+06   4.0832520e+01
   6.1998120e+06   4.0283203e+01
   6.2031650e+06   4.1564941e+01
   6.2053950e+06   4.0771484e+01
   6.2253950e+06   4.2663574e+01
   6.2497000e+06   4.4921875e+01
   6.2520840e+06   4.3090820e+01
   6.2843330e+06   4.3945312e+01
   6.3053530e+06   4.0100098e+01
   6.3054640e+06   5.1147461e+01
   6.3077910e+06   5.9631348e+01
   6.3078510e+06   6.1523438e+01
   6.3079240e+06   4.3823242e+01
   6.3079420e+06   4.2907715e+01
   6.3080230e+06   4.3762207e+01
   6.3080460e+06   7.7880859e+01
   6.3080660e+06   5.1391602e+01
   6.3081270e+06   4.6875000e+01
   6.3081730e+06   3.9733887e+01
   6.3082990e+06   4.0100098e+01
   6.3083400e+06   4.1076660e+01
   6.3083600e+06   6.5185547e+01
   6.3084920e+06   4.9804688e+01
   6.3087910e+06   6.4270020e+01
   6.3089170e+06   5.5541992e+01
   6.3092120e+06   8.0017090e+01
   6.3095420e+06   4.9621582e+01
   6.3218250e+06   4.0466309e+01
   6.3343490e+06   4.0588379e+01
   6.3469300e+06   4.5715332e+01
   6.3645900e+06   4.1198730e+01
   6.3658900e+06   4.2907715e+01
   6.3661400e+06   5.2001953e+01
   6.3670040e+06   4.9377441e+01
   6.3676290e+06   3.9672852e+01
   6.3677200e+06   4.1992188e+01
   6.3678730e+06   4.0161133e+01
   6.3679350e+06   5.0537109e+01
   6.3679550e+06   8.7707520e+01
   6.3680630e+06   5.2429199e+01
   6.3681180e+06   4.4677734e+01
   6.3682840e+06   8.6303711e+01
   6.3683690e+06   5.5847168e+01
   6.3685710e+06   8.2458496e+01
   6.3686080e+06   4.5654297e+01
   6.3688010e+06   4.1625977e+01
   6.3688500e+06   4.9926758e+01
   6.3690660e+06   4.6142578e+01
   6.3692530e+06   4.6936035e+01
   6.3693880e+06   5.1635742e+01
   6.3697430e+06   7.4401855e+01
   6.3699260e+06   4.2785645e+01
   6.3786540e+06   4.1381836e+01
   6.3865700e+06   3.9489746e+01
   6.3922510e+06   4.6203613e+01
   6.3996410e+06   4.1931152e+01
   6.4270970e+06   4.0344238e+01
   6.4286410e+06   4.0161133e+01
   6.4357570e+06   4.1137695e+01
   6.4437780e+06   4.3579102e+01
   6.4491630e+06   4.0039062e+01
   6.4607240e+06   4.0283203e+01
   6.4750700e+06   3.9855957e+01
   6.4832340e+06   4.4738770e+01
   6.4876090e+06   4.3090820e+01
   6.5108750e+06   5.1086426e+01
   6.5502590e+06   4.4860840e+01
   6.5525040e+06   4.0405273e+01
   6.5756030e+06   3.9550781e+01
   6.6033840e+06   4.3518066e+01
   6.6398400e+06   4.3457031e+01
   6.6431110e+06   3.9550781e+01
   6.6668950e+06   4.0405273e+01
   6.6813170e+06   4.0954590e+01
   6.6979620e+06   4.2297363e+01
   6.7148830e+06   4.6875000e+01
   6.7575570e+06   3.9855957e+01
   6.7628460e+06   4.0161133e+01
   6.7638220e+06   4.2297363e+01
   6.7891440e+06   4.3273926e+01
   6.7966250e+06   4.6386719e+01
   6.8021010e+06   4.2114258e+01
   6.8079070e+06   4.0466309e+01
   6.8186520e+06   4.2297363e+01
   6.8272370e+06   4.0039062e+01
   6.8313890e+06   4.2785645e+01
   6.8367210e+06   3.9611816e+01
   6.8377110e+06   5.6030273e+01
   6.8379270e+06   9.3444824e+01
   6.8379380e+06   4.7424316e+01
   6.8379860e+06   5.9753418e+01
   6.8380290e+06   4.6142578e+01
   6.8380940e+06   5.9143066e+01
   6.8381730e+06   6.1767578e+01
   6.8382960e+06   7.4523926e+01
   6.8383190e+06   6.8542480e+01
   6.8384460e+06   6.2438965e+01
   6.8384610e+06   4.1381836e+01
   6.8385790e+06   6.6101074e+01
   6.8386170e+06   4.0954590e+01
   6.8387960e+06   3.9611816e+01
   6.8388270e+06   6.8298340e+01
   6.8388830e+06   4.6264648e+01
   6.8389840e+06   5.5053711e+01
   6.8391650e+06   9.0637207e+01
   6.8395970e+06   7.5012207e+01
   6.8399330e+06   7.1533203e+01
   6.8400600e+06   4.1442871e+01
   6.8402490e+06   6.3415527e+01
   6.8405790e+06   6.4636230e+01
   6.8409230e+06   5.9387207e+01
   6.8412330e+06   6.4880371e+01
   6.8416400e+06   5.4443359e+01
   6.8420200e+06   6.2988281e+01
   6.8423330e+06   5.6091309e+01
   6.8427460e+06   5.3833008e+01
   6.8431960e+06   6.1523438e+01
   6.8435490e+06   4.8645020e+01
   6.8439120e+06   5.8166504e+01
   6.8442860e+06   5.8776855e+01
   6.8447250e+06   5.0964355e+01
   6.8451670e+06   5.6396484e+01
   6.8519710e+06   4.0222168e+01
   6.8531830e+06   4.7302246e+01
   6.8551520e+06   4.6569824e+01
   6.8573740e+06   4.4372559e+01
   6.8578740e+06   4.2663574e+01
   6.8579010e+06   7.4157715e+01
   6.8579670e+06   4.0405273e+01
   6.8583330e+06   7.5378418e+01
   6.8585790e+06   5.9631348e+01
   6.8592700e+06   7.3669434e+01
   6.8597450e+06   4.9255371e+01
   6.8602140e+06   4.9377441e+01
   6.8607980e+06   4.8706055e+01
   6.8715750e+06   4.0344238e+01
   6.8730890e+06   5.4138184e+01
   6.8737430e+06   4.1198730e+01
   6.8741760e+06   4.5104980e+01
   6.8744020e+06   5.2856445e+01
   6.8754170e+06   4.7302246e+01
   6.8768910e+06   4.0771484e+01
   6.8855560e+06   4.2053223e+01
   6.8887780e+06   5.7556152e+01
   6.8892980e+06   5.0476074e+01
   6.8898780e+06   5.2246094e+01
   6.8900110e+06   3.9978027e+01
   6.8918830e+06   4.0832520e+01
   6.8956620e+06   4.0344238e+01
   6.9032940e+06   4.2175293e+01
   6.9037310e+06   4.7912598e+01
   6.9044570e+06   5.1025391e+01
   6.9052570e+06   6.4453125e+01
   6.9059200e+06   4.1748047e+01
   6.9060580e+06   5.6030273e+01
   6.9098990e+06   5.6152344e+01
   6.9224670e+06   5.1208496e+01
   6.9229550e+06   4.1931152e+01
   6.9229650e+06   6.0058594e+01
   6.9233640e+06   5.9265137e+01
   6.9240920e+06   5.6030273e+01
   6.9241790e+06   1.0961914e+02
   6.9242160e+06   4.5532227e+01
   6.9243290e+06   4.5532227e+01
   6.9245050e+06   1.1590576e+02
   6.9245340e+06   4.9804688e+01
   6.9246480e+06   4.0710449e+01
   6.9247620e+06   5.9387207e+01
   6.9248130e+06   9.0698242e+01
   6.9249200e+06   6.6833496e+01
   6.9251520e+06   5.8532715e+01
   6.9252720e+06   4.2907715e+01
   6.9254290e+06   4.1564941e+01
   6.9256770e+06   5.0170898e+01
   6.9256960e+06   6.6650391e+01
   6.9257170e+06   4.3701172e+01
   6.9260170e+06   5.3649902e+01
   6.9261410e+06   4.4555664e+01
   6.9264100e+06   4.1564941e+01
   6.9264350e+06   3.9916992e+01
   6.9413930e+06   3.9611816e+01
   6.9415850e+06   5.7434082e+01
   6.9419530e+06   3.9611816e+01
   6.9420220e+06   3.9611816e+01
   6.9430790e+06   4.5593262e+01
   6.9435310e+06   5.1879883e+01
   6.9442830e+06   5.7067871e+01
   6.9600430e+06   3.9611816e+01
   6.9608030e+06   3.9733887e+01
   6.9610700e+06   5.2429199e+01
   6.9616350e+06   5.4199219e+01
   6.9623200e+06   5.7861328e+01
   6.9628540e+06   5.4809570e+01
   6.9630800e+06   4.8461914e+01
   6.9631840e+06   4.8034668e+01
   6.9634080e+06   3.9794922e+01
   6.9634620e+06   6.6711426e+01
   6.9634790e+06   7.4279785e+01
   6.9635790e+06   4.1015625e+01
   6.9636920e+06   6.2255859e+01
   6.9637240e+06   3.9489746e+01
   6.9638960e+06   8.5144043e+01
   6.9639400e+06   4.2236328e+01
   6.9639810e+06   4.1076660e+01
   6.9640640e+06   3.9733887e+01
   6.9641080e+06   6.9885254e+01
   6.9643630e+06   4.5532227e+01
   6.9646200e+06   3.9550781e+01
   6.9646750e+06   7.1166992e+01
   6.9648900e+06   4.7973633e+01
   6.9650350e+06   4.0954590e+01
   6.9652250e+06   5.5358887e+01
   6.9652370e+06   5.7128906e+01
   6.9656990e+06   4.2175293e+01
   6.9776210e+06   4.1625977e+01
   6.9816300e+06   4.5593262e+01
   6.9868460e+06   4.1931152e+01
   6.9910080e+06   4.4738770e+01
   6.9978880e+06   4.0405273e+01
   7.0044300e+06   4.5166016e+01
   7.0090150e+06   4.3273926e+01
   7.0093560e+06   7.0861816e+01
   7.0095370e+06   5.0781250e+01
   7.0099550e+06   4.3151855e+01
   7.0102900e+06   5.2551270e+01
   7.0111180e+06   4.5654297e+01
   7.0112740e+06   9.0820312e+01
   7.0113180e+06   4.5166016e+01
   7.0114060e+06   5.3405762e+01
   7.0115720e+06   6.9213867e+01
   7.0119420e+06   4.2236328e+01
   7.0119750e+06   1.0009766e+02
   7.0120270e+06   4.4677734e+01
   7.0122480e+06   3.9611816e+01
   7.0122800e+06   4.0710449e+01
   7.0125090e+06   4.6447754e+01
   7.0128510e+06   4.8889160e+01
   7.0129260e+06   4.2907715e+01
   7.0132350e+06   4.3945312e+01
   7.0136510e+06   4.4982910e+01
   7.0487340e+06   4.0954590e+01
   7.0528560e+06   4.2419434e+01
   7.0532520e+06   4.6752930e+01
   7.0533780e+06   5.4199219e+01
   7.0547330e+06   4.4250488e+01
   7.0655280e+06   4.2053223e+01
   7.0661010e+06   3.9794922e+01
   7.0678060e+06   5.5236816e+01
   7.0710460e+06   4.1931152e+01
   7.0923320e+06   4.9804688e+01
   7.0940100e+06   4.4128418e+01
   7.1090600e+06   4.5349121e+01
   7.1152530e+06   4.0771484e+01
   7.1163620e+06   4.6875000e+01
   7.1175160e+06   5.4443359e+01
   7.1180110e+06   4.0161133e+01
   7.1423010e+06   4.0588379e+01
   7.1679530e+06   4.2053223e+01
   7.1750830e+06   4.7241211e+01
   7.1853060e+06   4.3334961e+01
   7.2189980e+06   4.6508789e+01
   7.2507150e+06   4.1198730e+01
   7.2832020e+06   4.2785645e+01
   7.2929330e+06   4.4982910e+01
   7.3101440e+06   4.8645020e+01
   7.3369550e+06   4.7241211e+01
   7.3686480e+06   4.1137695e+01
   7.3950260e+06   4.1198730e+01
   7.4059150e+06   4.2236328e+01
   7.4398030e+06   4.7363281e+01
   7.4573240e+06   4.4189453e+01
   7.4734520e+06   4.1259766e+01
   7.4807150e+06   4.1992188e+01
   7.4990070e+06   4.4982910e+01
   7.5389850e+06   4.3579102e+01
   7.5414960e+06   5.0537109e+01
   7.5416050e+06   4.2663574e+01
   7.5416910e+06   4.5104980e+01
   7.5417210e+06   6.4941406e+01
   7.5417460e+06   9.8937988e+01
   7.5418500e+06   4.7119141e+01
   7.5418790e+06   8.1604004e+01
   7.5419510e+06   5.3222656e+01
   7.5420660e+06   7.0983887e+01
   7.5420770e+06   7.5866699e+01
   7.5421920e+06   5.2856445e+01
   7.5423280e+06   9.6923828e+01
   7.5424840e+06   4.5104980e+01
   7.5426210e+06   5.3039551e+01
   7.5427000e+06   5.7006836e+01
   7.5427990e+06   4.9316406e+01
   7.5429670e+06   5.1757812e+01
   7.5430660e+06   6.4025879e+01
   7.5432270e+06   4.7302246e+01
   7.5434490e+06   7.0190430e+01
   7.5437650e+06   6.3598633e+01
   7.5439880e+06   6.0546875e+01
   7.5440900e+06   4.6875000e+01
   7.5442910e+06   6.2622070e+01
   7.5446250e+06   5.8410645e+01
   7.5449500e+06   5.9204102e+01
   7.5453400e+06   5.1330566e+01
   7.5458240e+06   5.0720215e+01
   7.5461900e+06   5.5297852e+01
   7.5466900e+06   5.3710938e+01
   7.5469450e+06   5.2429199e+01
   7.5472960e+06   6.5063477e+01
   7.5477330e+06   5.1147461e+01
   7.5480960e+06   4.3518066e+01
   7.5486790e+06   4.5471191e+01
   7.5491250e+06   5.6335449e+01
   7.5495830e+06   5.8105469e+01
   7.5501680e+06   4.5654297e+01
   7.5508040e+06   5.4077148e+01
   7.5513190e+06   4.6630859e+01
   7.5517950e+06   6.3598633e+01
   7.5531930e+06   4.4799805e+01
   7.5543290e+06   4.7912598e+01
   7.5560230e+06   4.6997070e+01
   7.5659710e+06   4.1381836e+01
   7.5701890e+06   4.6447754e+01
   7.5772000e+06   4.4982910e+01
   7.5963530e+06   4.7668457e+01
   7.5964620e+06   6.0180664e+01
   7.5965180e+06   4.1320801e+01
   7.6283420e+06   4.3334961e+01
   7.6867720e+06   4.1076660e+01
   7.7087880e+06   4.1870117e+01
   7.7380700e+06   4.3579102e+01
   7.7626650e+06   4.4372559e+01
   7.7834340e+06   4.1625977e+01
   7.8117750e+06   4.2907715e+01
   7.8554420e+06   4.6264648e+01
   7.8568850e+06   4.9072266e+01
   7.8669900e+06   4.0954590e+01
   7.9290660e+06   4.1259766e+01
   7.9322540e+06   4.3212891e+01
   7.9617760e+06   4.5715332e+01
   7.9698730e+06   4.7546387e+01
   7.9850940e+06   4.6020508e+01
   7.9867230e+06   4.1198730e+01
   8.0134490e+06   4.1198730e+01
   8.0339820e+06   4.5288086e+01
   8.0395990e+06   4.3762207e+01
   8.0450640e+06   4.1320801e+01
   8.0515340e+06   4.1503906e+01
   8.0614210e+06   4.3090820e+01
   8.0655620e+06   4.1748047e+01
   8.0796610e+06   4.4372559e+01
   8.0840660e+06   4.3151855e+01
   8.0863850e+06   4.1137695e+01
   8.0882010e+06   4.1137695e+01
   8.0896040e+06   4.2236328e+01
   8.1041960e+06   4.6020508e+01
   8.1104860e+06   4.4006348e+01
   8.1134330e+06   4.1748047e+01
   8.1301270e+06   4.2541504e+01
   8.1419600e+06   5.1391602e+01
   8.1603120e+06   4.1870117e+01
   8.1820900e+06   4.2236328e+01
   8.1846630e+06   4.2114258e+01
   8.2058960e+06   4.3640137e+01
   8.2062010e+06   4.1381836e+01
   8.2071460e+06   5.1391602e+01
   8.2071660e+06   4.2053223e+01
   8.2072140e+06   6.0485840e+01
   8.2072400e+06   8.1787109e+01
   8.2072680e+06   4.2480469e+01
   8.2073610e+06   4.1137695e+01
   8.2073950e+06   9.4909668e+01
   8.2074330e+06   5.5847168e+01
   8.2075260e+06   4.9743652e+01
   8.2075600e+06   7.5927734e+01
   8.2076600e+06   4.5349121e+01
   8.2077470e+06   4.4067383e+01
   8.2079160e+06   6.3476562e+01
   8.2081810e+06   6.8786621e+01
   8.2083950e+06   6.0607910e+01
   8.2084840e+06   4.2602539e+01
   8.2086900e+06   7.4401855e+01
   8.2087220e+06   4.7424316e+01
   8.2090030e+06   6.5307617e+01
   8.2090240e+06   4.9743652e+01
   8.2092460e+06   7.5378418e+01
   8.2095730e+06   5.4504395e+01
   8.2097680e+06   4.2785645e+01
   8.2097950e+06   6.3354492e+01
   8.2101320e+06   5.0231934e+01
   8.2103290e+06   5.7617188e+01
   8.2103440e+06   4.6447754e+01
   8.2109010e+06   5.0903320e+01
   8.2112180e+06   5.3588867e+01
   8.2116110e+06   4.6264648e+01
   8.2119730e+06   4.7485352e+01
   8.2123510e+06   6.1706543e+01
   8.2128650e+06   5.8776855e+01
   8.2132620e+06   4.9133301e+01
   8.2136350e+06   4.8889160e+01
   8.2139650e+06   5.0659180e+01
   8.2142820e+06   6.0485840e+01
   8.2154620e+06   5.2734375e+01
   8.2160420e+06   4.2236328e+01
   8.2168080e+06   4.9194336e+01
   8.2190420e+06   4.9438477e+01
   8.2198580e+06   4.6325684e+01
   8.2270440e+06   4.4006348e+01
   8.2279260e+06   4.9011230e+01
   8.2283780e+06   7.2143555e+01
   8.2285820e+06   5.6640625e+01
   8.2290110e+06   8.6059570e+01
   8.2290900e+06   4.8828125e+01
   8.2294710e+06   4.6997070e+01
   8.2298250e+06   5.3588867e+01
   8.2304730e+06   4.7912598e+01
   8.2413820e+06   4.1809082e+01
   8.2542190e+06   4.3334961e+01
   8.2603540e+06   4.3395996e+01
   8.2620040e+06   4.3151855e+01
   8.2634570e+06   4.4433594e+01
   8.2634700e+06   5.6579590e+01
   8.2642840e+06   4.7607422e+01
   8.2650130e+06   4.5837402e+01
   8.2657350e+06   4.7851562e+01
   8.2659810e+06   9.3017578e+01
   8.2660360e+06   5.2917480e+01
   8.2661130e+06   5.8471680e+01
   8.2663060e+06   6.2377930e+01
   8.2663780e+06   4.2907715e+01
   8.2664950e+06   4.2968750e+01
   8.2666180e+06   8.0932617e+01
   8.2667300e+06   4.1992188e+01
   8.2669210e+06   5.4565430e+01
   8.2670260e+06   6.6833496e+01
   8.2671320e+06   4.7973633e+01
   8.2672030e+06   5.2062988e+01
   8.2674900e+06   5.4931641e+01
   8.2787080e+06   4.1137695e+01
   8.2811020e+06   4.1625977e+01
   8.2899990e+06   5.4748535e+01
   8.2908060e+06   5.3771973e+01
   8.2913670e+06   4.9255371e+01
   8.2975880e+06   4.4189453e+01
   8.3017700e+06   5.1330566e+01
   8.3035350e+06   4.1259766e+01
   8.3057240e+06   9.3994141e+01
   8.3058360e+06   4.9682617e+01
   8.3059530e+06   4.1748047e+01
   8.3059930e+06   7.2448730e+01
   8.3060660e+06   4.1076660e+01
   8.3060850e+06   6.0668945e+01
   8.3062800e+06   7.2448730e+01
   8.3063010e+06   6.9519043e+01
   8.3063560e+06   4.1625977e+01
   8.3065040e+06   5.8288574e+01
   8.3066590e+06   7.0800781e+01
   8.3067690e+06   4.4616699e+01
   8.3071720e+06   5.9936523e+01
   8.3074610e+06   4.7973633e+01
   8.3077740e+06   5.1818848e+01
   8.3083250e+06   4.5043945e+01
   8.3206130e+06   5.9204102e+01
   8.3234050e+06   4.9316406e+01
   8.3348230e+06   6.2500000e+01
   8.3377750e+06   4.3334961e+01
   8.3438770e+06   4.1320801e+01
   8.3462240e+06   4.3029785e+01
   8.3469350e+06   5.2001953e+01
   8.3485450e+06   4.7485352e+01
   8.3491700e+06   4.2968750e+01
   8.3492490e+06   6.6833496e+01
   8.3492670e+06   9.4726562e+01
   8.3493150e+06   4.3029785e+01
   8.3494340e+06   5.7739258e+01
   8.3496390e+06   5.0903320e+01
   8.3496500e+06   4.4921875e+01
   8.3496820e+06   7.9223633e+01
   8.3498680e+06   4.8400879e+01
   8.3500610e+06   4.9438477e+01
   8.3502340e+06   4.6447754e+01
   8.3502500e+06   6.2194824e+01
   8.3503630e+06   4.1503906e+01
   8.3504490e+06   4.1076660e+01
   8.3505470e+06   4.4311523e+01
   8.3508200e+06   4.9194336e+01
   8.3511590e+06   5.9692383e+01
   8.3516330e+06   4.8706055e+01
   8.3655480e+06   4.9560547e+01
   8.3662730e+06   4.8461914e+01
   8.3676510e+06   4.7851562e+01
   8.3774570e+06   4.7973633e+01
   8.3827130e+06   4.2907715e+01
   8.3879510e+06   4.3151855e+01
   8.3991670e+06   4.4433594e+01
   8.3997100e+06   4.0649414e+01
   8.4003180e+06   4.7851562e+01
   8.4008990e+06   4.7424316e+01
   8.4016180e+06   5.6518555e+01
   8.4019170e+06   4.8278809e+01
   8.4019730e+06   9.1003418e+01
   8.4020480e+06   7.3608398e+01
   8.4020960e+06   4.1625977e+01
   8.4022310e+06   5.0048828e+01
   8.4022650e+06   9.5825195e+01
   8.4023770e+06   5.0903320e+01
   8.4024230e+06   4.4738770e+01
   8.4026080e+06   8.2214355e+01
   8.4027520e+06   5.0415039e+01
   8.4028430e+06   4.8950195e+01
   8.4030640e+06   7.0068359e+01
   8.4034630e+06   4.1259766e+01
   8.4038000e+06   4.3457031e+01
   8.4044080e+06   4.8522949e+01
   8.4152140e+06   4.1076660e+01
   8.4259800e+06   5.2001953e+01
   8.4263990e+06   5.0781250e+01
   8.4275660e+06   4.2175293e+01
   8.4277170e+06   5.4809570e+01
   8.4278430e+06   1.0516357e+02
   8.4279840e+06   4.2053223e+01
   8.4280100e+06   4.0466309e+01
   8.4280330e+06   4.4860840e+01
   8.4281070e+06   4.5288086e+01
   8.4282990e+06   5.0842285e+01
   8.4285580e+06   4.6081543e+01
   8.4288350e+06   4.7485352e+01
   8.4288940e+06   4.2724609e+01
   8.4291560e+06   4.4799805e+01
   8.4295270e+06   7.7331543e+01
   8.4298270e+06   4.9316406e+01
   8.4427430e+06   5.9020996e+01
   8.4435650e+06   4.2663574e+01
   8.4566370e+06   4.1320801e+01
   8.4575460e+06   4.9133301e+01
   8.4577050e+06   4.0100098e+01
   8.4580030e+06   5.2429199e+01
   8.4591410e+06   4.4006348e+01
   8.4594770e+06   4.7058105e+01
   8.4599340e+06   6.6650391e+01
   8.4599710e+06   4.4738770e+01
   8.4599920e+06   5.0048828e+01
   8.4600090e+06   7.8186035e+01
   8.4601520e+06   6.4636230e+01
   8.4602650e+06   4.1381836e+01
   8.4603880e+06   4.6508789e+01
   8.4605040e+06   4.3945313e+01
   8.4605950e+06   4.5288086e+01
   8.4606660e+06   8.7219238e+01
   8.4607400e+06   4.0100098e+01
   8.4608270e+06   4.4311523e+01
   8.4611400e+06   4.2419434e+01
   8.4615430e+06   5.1635742e+01
   8.4735380e+06   5.8532715e+01
   8.4739670e+06   5.2062988e+01
   8.4741150e+06   4.2907715e+01
   8.4742080e+06   5.6518555e+01
   8.4746800e+06   5.4504395e+01
   8.4751720e+06   4.6386719e+01
   8.4755680e+06   4.1320801e+01
   8.4757480e+06   4.2480469e+01
   8.5030120e+06   4.8095703e+01
   8.5030770e+06   4.2114258e+01
   8.5035530e+06   5.1635742e+01
   8.5041520e+06   5.5053711e+01
   8.5043990e+06   7.0556641e+01
   8.5046040e+06   6.4392090e+01
   8.5048550e+06   5.8898926e+01
   8.5049670e+06   4.0893555e+01
   8.5050610e+06   9.8999023e+01
   8.5050770e+06   5.1208496e+01
   8.5051470e+06   4.0161133e+01
   8.5053450e+06   5.0109863e+01
   8.5056220e+06   4.3518066e+01
   8.5056360e+06   4.3457031e+01
   8.5058890e+06   4.6875000e+01
   8.5062760e+06   4.7912598e+01
   8.5186980e+06   4.2907715e+01
   8.5190370e+06   5.2124023e+01
   8.5296620e+06   5.4870605e+01
   8.5311540e+06   5.3771973e+01
   8.5313140e+06   4.3151855e+01
   8.5320320e+06   5.9692383e+01
   8.5320480e+06   8.4167480e+01
   8.5322260e+06   4.1870117e+01
   8.5322460e+06   5.1208496e+01
   8.5324320e+06   1.0333252e+02
   8.5324550e+06   5.5480957e+01
   8.5326520e+06   4.3945312e+01
   8.5328940e+06   4.1625977e+01
   8.5335040e+06   4.9072266e+01
   8.5339530e+06   4.3640137e+01
   8.5471250e+06   4.3945312e+01
   8.5495570e+06   6.4392090e+01
   8.5606110e+06   4.1687012e+01
   8.5682780e+06   4.3029785e+01
   8.5713380e+06   4.2236328e+01
   8.5735640e+06   4.7546387e+01
   8.5866670e+06   5.0537109e+01
   8.5873690e+06   4.3395996e+01
   8.6059740e+06   4.2419434e+01
   8.6262390e+06   4.2419434e+01
   8.6610370e+06   4.4616699e+01
   8.6811890e+06   4.6325684e+01
   8.6999250e+06   4.0649414e+01
   8.7023610e+06   4.5532227e+01
   8.7037780e+06   4.5349121e+01
   8.7390390e+06   4.1442871e+01
   8.7671180e+06   4.0771484e+01
   8.7988470e+06   4.0832520e+01
   8.8078370e+06   4.0771484e+01
   8.8430450e+06   4.1259766e+01
   8.8731330e+06   4.3273926e+01
   8.8965700e+06   4.1320801e+01
   8.9081310e+06   4.1076660e+01
   8.9161280e+06   4.0710449e+01
   8.9226210e+06   4.4372559e+01
   8.9309670e+06   4.0527344e+01
   8.9364940e+06   4.0344238e+01
   8.9375770e+06   4.6630859e+01
   8.9480030e+06   4.0893555e+01
   8.9644130e+06   4.0527344e+01
   8.9698320e+06   4.1625977e+01
   8.9716980e+06   4.0100098e+01
   8.9963330e+06   4.4616699e+01
   8.9964750e+06   4.2785645e+01
   9.0033540e+06   4.0588379e+01
   9.0169810e+06   4.0771484e+01
   9.0243780e+06   4.4555664e+01
   9.0288760e+06   4.3090820e+01
   9.0370590e+06   4.0832520e+01
   9.0468930e+06   4.0649414e+01
   9.0627830e+06   4.2053223e+01
   9.0688090e+06   4.4982910e+01
   9.0936270e+06   4.2724609e+01
   9.1170900e+06   4.1442871e+01
   9.1244720e+06   4.1931152e+01
   9.1370600e+06   4.1992188e+01
   9.1576520e+06   4.1564941e+01
   9.1631560e+06   4.1809082e+01
   9.1706090e+06   4.2785645e+01
   9.1881250e+06   4.5532227e+01
   9.2054820e+06   4.4555664e+01
   9.2332410e+06   4.1992188e+01
   9.2468880e+06   4.0405273e+01
   9.2481500e+06   4.0161133e+01
   9.2486310e+06   4.4006348e+01
   9.2509030e+06   5.3894043e+01
   9.2509690e+06   4.2175293e+01
   9.2510290e+06   4.1259766e+01
   9.2510830e+06   4.3457031e+01
   9.2510970e+06   1.0229492e+02
   9.2511240e+06   5.1635742e+01
   9.2511730e+06   4.0893555e+01
   9.2512230e+06   6.1096191e+01
   9.2512550e+06   4.0832520e+01
   9.2513560e+06   4.0222168e+01
   9.2513780e+06   6.0852051e+01
   9.2514290e+06   5.7067871e+01
   9.2515280e+06   4.6691895e+01
   9.2516450e+06   4.6020508e+01
   9.2517200e+06   4.0527344e+01
   9.2517410e+06   4.1809082e+01
   9.2517650e+06   8.2641602e+01
   9.2519200e+06   4.3334961e+01
   9.2520150e+06   6.9519043e+01
   9.2520420e+06   4.3090820e+01
   9.2521060e+06   4.2236328e+01
   9.2521840e+06   5.5541992e+01
   9.2522420e+06   5.1086426e+01
   9.2523830e+06   4.5715332e+01
   9.2525310e+06   6.2377930e+01
   9.2525770e+06   4.3395996e+01
   9.2526840e+06   4.8583984e+01
   9.2527760e+06   4.6630859e+01
   9.2531640e+06   6.0180664e+01
   9.2532060e+06   4.1259766e+01
   9.2536060e+06   5.5480957e+01
   9.2538290e+06   4.3273926e+01
   9.2540990e+06   4.3701172e+01
   9.2543590e+06   4.0161133e+01
   9.2546390e+06   6.0668945e+01
   9.2548600e+06   4.2419434e+01
   9.2551450e+06   4.1198730e+01
   9.2554000e+06   4.9621582e+01
   9.2556740e+06   4.6508789e+01
   9.2560990e+06   4.3762207e+01
   9.2563900e+06   4.6325684e+01
   9.2569640e+06   5.4016113e+01
   9.2573030e+06   4.2846680e+01
   9.2575670e+06   4.0283203e+01
   9.2579220e+06   4.2419434e+01
   9.2589420e+06   4.2419434e+01
   9.2593120e+06   4.6997070e+01
   9.2598260e+06   4.2358398e+01
   9.2606540e+06   5.3710938e+01
   9.2611750e+06   4.3090820e+01
   9.2632340e+06   4.6813965e+01
   9.2647670e+06   4.6203613e+01
   9.2654700e+06   5.5236816e+01
   9.2718810e+06   5.3588867e+01
   9.2719530e+06   4.6203613e+01
   9.2720460e+06   6.1340332e+01
   9.2723640e+06   4.2053223e+01
   9.2725340e+06   5.5236816e+01
   9.2728470e+06   4.2663574e+01
   9.2735040e+06   5.5908203e+01
   9.2939350e+06   4.1992188e+01
   9.2981380e+06   4.3579102e+01
   9.3142670e+06   4.0588379e+01
   9.3259080e+06   5.6457520e+01
   9.3380710e+06   4.0283203e+01
   9.3733360e+06   4.1442871e+01
   9.3744310e+06   4.5776367e+01
   9.3748190e+06   4.4677734e+01
   9.3754040e+06   4.2663574e+01
   9.3758000e+06   4.6264648e+01
   9.3758140e+06   4.3823242e+01
   9.3759170e+06   4.2968750e+01
   9.3760710e+06   8.8928223e+01
   9.3762850e+06   9.3444824e+01
   9.3763650e+06   5.8349609e+01
   9.3764360e+06   4.3334961e+01
   9.3764810e+06   5.5236816e+01
   9.3766000e+06   7.6354980e+01
   9.3766420e+06   5.7739258e+01
   9.3768280e+06   4.7363281e+01
   9.3769990e+06   5.5603027e+01
   9.3770560e+06   5.5603027e+01
   9.3772850e+06   6.8298340e+01
   9.3775470e+06   7.1472168e+01
   9.3776440e+06   4.1992188e+01
   9.3776550e+06   4.9743652e+01
   9.3779600e+06   6.0546875e+01
   9.3780760e+06   4.6630859e+01
   9.3782370e+06   5.4077148e+01
   9.3784310e+06   6.7871094e+01
   9.3787780e+06   5.7800293e+01
   9.3789020e+06   4.0954590e+01
   9.3878530e+06   4.3212891e+01
   9.3966330e+06   4.4128418e+01
   9.4016160e+06   4.0832520e+01
   9.4027740e+06   4.1748047e+01
   9.4117120e+06   4.1809082e+01
   9.4308080e+06   4.0771484e+01
   9.4389500e+06   4.1015625e+01
   9.4390060e+06   4.1442871e+01
   9.4609590e+06   4.5166016e+01
   9.5079560e+06   4.1442871e+01
   9.5096140e+06   4.5349121e+01
   9.5152520e+06   4.5349121e+01
   9.5248090e+06   4.1076660e+01
   9.5284060e+06   4.0771484e+01
   9.5419420e+06   5.5419922e+01
   9.5442830e+06   4.2663574e+01
   9.5838220e+06   4.4555664e+01
   9.5889720e+06   4.3823242e+01
   9.6040720e+06   4.3701172e+01
   9.6233500e+06   4.4006348e+01
   9.6329470e+06   4.4677734e+01
   9.6560030e+06   4.7485352e+01
   9.6924060e+06   4.2175293e+01
   9.7010170e+06   4.1992188e+01
   9.7010550e+06   4.2541504e+01
   9.7013860e+06   4.1320801e+01
   9.7030340e+06   4.1625977e+01
   9.7033850e+06   4.0954590e+01
   9.7035040e+06   4.5166016e+01
   9.7035200e+06   8.4106445e+01
   9.7035330e+06   4.3457031e+01
   9.7036300e+06   4.7485352e+01
   9.7036460e+06   4.0466309e+01
   9.7036800e+06   5.3833008e+01
   9.7036930e+06   4.2480469e+01
   9.7037360e+06   8.4045410e+01
   9.7038000e+06   4.4433594e+01
   9.7038470e+06   4.6142578e+01
   9.7039720e+06   7.8002930e+01
   9.7040190e+06   4.1687012e+01
   9.7041040e+06   4.2907715e+01
   9.7041450e+06   4.6630859e+01
   9.7042080e+06   7.1777344e+01
   9.7043310e+06   5.4382324e+01
   9.7043640e+06   4.6142578e+01
   9.7044240e+06   7.6354980e+01
   9.7045040e+06   4.4311523e+01
   9.7045550e+06   4.7668457e+01
   9.7046960e+06   5.0842285e+01
   9.7047150e+06   4.7729492e+01
   9.7047590e+06   4.2175293e+01
   9.7049050e+06   4.4494629e+01
   9.7050290e+06   6.2194824e+01
   9.7052070e+06   5.6030273e+01
   9.7053250e+06   5.2124023e+01
   9.7054720e+06   4.0588379e+01
   9.7055960e+06   5.2368164e+01
   9.7058830e+06   6.5002441e+01
   9.7061200e+06   5.7556152e+01
   9.7064080e+06   5.8776855e+01
   9.7067430e+06   4.3029785e+01
   9.7070740e+06   4.9987793e+01
   9.7073450e+06   4.8156738e+01
   9.7076600e+06   5.8166504e+01
   9.7079380e+06   5.6579590e+01
   9.7083480e+06   5.3649902e+01
   9.7087720e+06   5.4321289e+01
   9.7092120e+06   5.4504395e+01
   9.7095770e+06   4.4921875e+01
   9.7099570e+06   5.5847168e+01
   9.7105320e+06   5.1635742e+01
   9.7110570e+06   4.7668457e+01
   9.7115570e+06   6.0852051e+01
   9.7120150e+06   5.7617188e+01
   9.7125720e+06   6.3720703e+01
   9.7131110e+06   4.2785645e+01
   9.7136680e+06   4.1870117e+01
   9.7151420e+06   4.2236328e+01
   9.7159950e+06   4.7424316e+01
   9.7259510e+06   4.2541504e+01
   9.7287130e+06   4.4555664e+01
   9.7311220e+06   4.2175293e+01
   9.7490890e+06   4.1870117e+01
   9.7553090e+06   4.7058105e+01
   9.7569320e+06   4.1503906e+01
   9.7680600e+06   4.1870117e+01
   9.7699750e+06   4.5532227e+01
   9.8142650e+06   4.3212891e+01
   9.8238290e+06   4.1931152e+01
   9.8411760e+06   4.9072266e+01
   9.8426530e+06   4.1748047e+01
   9.8427920e+06   4.1931152e+01
   9.8428600e+06   9.3872070e+01
   9.8428970e+06   4.1320801e+01
   9.8429470e+06   5.7312012e+01
   9.8429900e+06   5.3894043e+01
   9.8430590e+06   8.1237793e+01
   9.8431060e+06   4.4677734e+01
   9.8431350e+06   5.7067871e+01
   9.8431750e+06   4.2358398e+01
   9.8431910e+06   4.8583984e+01
   9.8432770e+06   4.7485352e+01
   9.8433290e+06   5.5969238e+01
   9.8434520e+06   5.5297852e+01
   9.8435020e+06   4.3884277e+01
   9.8436400e+06   7.1228027e+01
   9.8436840e+06   5.7983398e+01
   9.8437170e+06   4.7424316e+01
   9.8439220e+06   4.8767090e+01
   9.8440090e+06   7.1777344e+01
   9.8444130e+06   4.6203613e+01
   9.8452670e+06   7.9528809e+01
   9.8691900e+06   4.8217773e+01
   9.9319300e+06   4.1870117e+01
   9.9337570e+06   4.9621582e+01
   9.9399250e+06   4.3640137e+01
   9.9600670e+06   5.6396484e+01
   9.9779000e+06   4.0588379e+01
   9.9928850e+06   4.0893555e+01
   1.0001646e+07   4.1809082e+01
   1.0013075e+07   4.2907715e+01
   1.0023685e+07   4.4921875e+01
   1.0071269e+07   4.6508789e+01
   1.0103126e+07   4.9255371e+01
   1.0127564e+07   4.2602539e+01
   1.0141660e+07   4.5288086e+01
   1.0172189e+07   4.2541504e+01
   1.0179149e+07   4.2968750e+01
   1.0189749e+07   4.2175293e+01
   1.0214497e+07   4.1992188e+01
   1.0214723e+07   4.1198730e+01
   1.0214798e+07   5.0903320e+01
   1.0214844e+07   5.0659180e+01
   1.0214885e+07   4.4433594e+01
   1.0214928e+07   6.5673828e+01
   1.0214961e+07   4.2724609e+01
   1.0214994e+07   5.4260254e+01
   1.0215045e+07   5.6579590e+01
   1.0215110e+07   5.2612305e+01
   1.0215198e+07   5.1696777e+01
   1.0215226e+07   7.4645996e+01
   1.0215318e+07   5.4931641e+01
   1.0215470e+07   5.5725098e+01
   1.0215585e+07   4.4799805e+01
   1.0215642e+07   4.5654297e+01
   1.0215851e+07   8.7829590e+01
   1.0216035e+07   4.0710449e+01
   1.0216373e+07   7.1350098e+01
   1.0216626e+07   5.4931641e+01
   1.0217089e+07   6.3110352e+01
   1.0217357e+07   7.2326660e+01
   1.0217613e+07   6.4147949e+01
   1.0217873e+07   6.2683105e+01
   1.0218189e+07   6.7077637e+01
   1.0218558e+07   5.6091309e+01
   1.0218884e+07   6.3354492e+01
   1.0219222e+07   5.5725098e+01
   1.0219566e+07   6.2927246e+01
   1.0219960e+07   4.8034668e+01
   1.0220423e+07   4.5776367e+01
   1.0220723e+07   5.1147461e+01
   1.0221182e+07   5.1025391e+01
   1.0221649e+07   5.9936523e+01
   1.0222191e+07   4.8034668e+01
   1.0222710e+07   5.6701660e+01
   1.0223162e+07   4.8156738e+01
   1.0223713e+07   5.4748535e+01
   1.0224311e+07   4.5715332e+01
   1.0224919e+07   5.8593750e+01
   1.0225713e+07   5.1269531e+01
   1.0263707e+07   4.4677734e+01
   1.0264057e+07   4.0466309e+01
   1.0264219e+07   4.1320801e+01
   1.0264718e+07   4.0649414e+01
   1.0264884e+07   6.0180664e+01
   1.0267098e+07   4.2968750e+01
   1.0267136e+07   4.1076660e+01
   1.0267263e+07   8.6425781e+01
   1.0267392e+07   5.5541992e+01
   1.0267444e+07   8.9355469e+01
   1.0267556e+07   4.9987793e+01
   1.0267664e+07   4.2724609e+01
   1.0267677e+07   7.6293945e+01
   1.0267731e+07   5.1452637e+01
   1.0267757e+07   5.6030273e+01
   1.0267793e+07   4.3579102e+01
   1.0267894e+07   6.9519043e+01
   1.0267945e+07   5.8593750e+01
   1.0268165e+07   5.1696777e+01
   1.0268209e+07   4.4982910e+01
   1.0268234e+07   6.0241699e+01
   1.0268488e+07   4.5959473e+01
   1.0268644e+07   6.6040039e+01
   1.0268738e+07   6.1889648e+01
   1.0269041e+07   5.7128906e+01
   1.0269131e+07   6.3110352e+01
   1.0269388e+07   4.9133301e+01
   1.0269531e+07   6.7138672e+01
   1.0269783e+07   5.0170898e+01
   1.0282518e+07   4.2724609e+01
   1.0292978e+07   4.2907715e+01
   1.0301993e+07   6.7199707e+01
   1.0302214e+07   4.2785645e+01
   1.0302381e+07   5.2062988e+01
   1.0303839e+07   4.8950195e+01
   1.0305445e+07   4.2419434e+01
   1.0310737e+07   4.6813965e+01
   1.0311961e+07   4.5593262e+01
   1.0312341e+07   4.5410156e+01
   1.0313091e+07   5.2856445e+01
   1.0315640e+07   4.1687012e+01
   1.0322486e+07   4.4921875e+01
   1.0322665e+07   4.7485352e+01
   1.0322860e+07   5.4260254e+01
   1.0323492e+07   6.0302734e+01
   1.0323793e+07   4.3457031e+01
   1.0324738e+07   5.5603027e+01
   1.0324872e+07   8.6608887e+01
   1.0324997e+07   4.2175293e+01
   1.0325072e+07   7.6965332e+01
   1.0325107e+07   7.2143555e+01
   1.0325143e+07   4.9926758e+01
   1.0325174e+07   4.3090820e+01
   1.0325273e+07   4.1870117e+01
   1.0325288e+07   7.2998047e+01
   1.0325480e+07   6.0668945e+01
   1.0325599e+07   6.3903809e+01
   1.0325645e+07   5.3649902e+01
   1.0325742e+07   4.1625977e+01
   1.0325848e+07   4.0588379e+01
   1.0325911e+07   8.1726074e+01
   1.0326120e+07   4.2785645e+01
   1.0326291e+07   4.1931152e+01
   1.0326421e+07   5.5114746e+01
   1.0326510e+07   5.4077148e+01
   1.0326744e+07   4.5715332e+01
   1.0327211e+07   6.1279297e+01
   1.0327230e+07   5.4504395e+01
   1.0327717e+07   4.7973633e+01
   1.0328004e+07   6.1523438e+01
   1.0340226e+07   4.1259766e+01
   1.0356599e+07   4.0466309e+01
   1.0356894e+07   7.1289062e+01
   1.0367154e+07   4.2358398e+01
   1.0367237e+07   5.2551270e+01
   1.0367705e+07   4.0893555e+01
   1.0381534e+07   5.3955078e+01
   1.0395172e+07   6.4086914e+01
   1.0402865e+07   4.2114258e+01
   1.0407119e+07   4.2419434e+01
   1.0407356e+07   5.4382324e+01
   1.0408070e+07   4.0954590e+01
   1.0411721e+07   4.2236328e+01
   1.0434695e+07   4.2297363e+01
   1.0436233e+07   5.8837891e+01
   1.0443483e+07   4.1198730e+01
   1.0454127e+07   4.7546387e+01
   1.0489828e+07   4.1015625e+01
   1.0515924e+07   4.1442871e+01
   1.0518550e+07   4.3579102e+01
   1.0535896e+07   4.4799805e+01
   1.0565972e+07   4.3090820e+01
   1.0566448e+07   4.1625977e+01
   1.0612865e+07   4.1137695e+01
   1.0620918e+07   4.5227051e+01
   1.0627690e+07   4.1259766e+01
   1.0633477e+07   4.5166016e+01
   1.0640534e+07   4.4372559e+01
   1.0662971e+07   4.2846680e+01
   1.0681492e+07   4.6081543e+01
   1.0686621e+07   4.2175293e+01
   1.0714056e+07   4.3029785e+01
   1.0726753e+07   4.2907715e+01
   1.0729618e+07   4.5166016e+01
   1.0735238e+07   4.2663574e+01
   1.0741837e+07   4.1198730e+01
   1.0758322e+07   4.6203613e+01
   1.0774321e+07   4.5288086e+01
   1.0793131e+07   4.3701172e+01
   1.0797392e+07   4.2480469e+01
   1.0809807e+07   4.1381836e+01
   1.0818909e+07   4.1198730e+01
   1.0822690e+07   4.0588379e+01
   1.0827580e+07   4.6875000e+01
   1.0839178e+07   4.1137695e+01
   1.0875776e+07   4.6691895e+01
   1.0878423e+07   4.1198730e+01
   1.0898857e+07   4.0832520e+01
   1.0923597e+07   4.2358398e+01
   1.0928890e+07   4.1137695e+01
   1.0933868e+07   4.0100098e+01
   1.0942286e+07   4.1931152e+01
   1.0945742e+07   4.0588379e+01
   1.0947060e+07   4.4738770e+01
   1.0975434e+07   4.1503906e+01
   1.0981567e+07   4.5654297e+01
   1.0984218e+07   4.0405273e+01
   1.0993517e+07   4.5715332e+01
   1.0995053e+07   4.0771484e+01
   1.0995086e+07   4.9621582e+01
   1.0996145e+07   4.7851562e+01
   1.0996255e+07   4.0832520e+01
   1.0996404e+07   6.1767578e+01
   1.0996449e+07   4.7729492e+01
   1.0996486e+07   1.0717773e+02
   1.0996498e+07   4.2785645e+01
   1.0996563e+07   5.3588867e+01
   1.0996627e+07   4.2053223e+01
   1.0996674e+07   5.5419922e+01
   1.0996804e+07   4.8522949e+01
   1.0996830e+07   9.2346191e+01
   1.0996923e+07   4.6203613e+01
   1.0997093e+07   4.3151855e+01
   1.0997128e+07   4.6997070e+01
   1.0997175e+07   5.8288574e+01
   1.0997245e+07   4.1442871e+01
   1.0997303e+07   4.5654297e+01
   1.0997397e+07   4.4067383e+01
   1.0997471e+07   5.9631348e+01
   1.0997566e+07   4.0954590e+01
   1.0997637e+07   7.1716309e+01
   1.0997698e+07   4.0161133e+01
   1.0997822e+07   6.0913086e+01
   1.0997855e+07   6.5490723e+01
   1.0998105e+07   6.6040039e+01
   1.0998349e+07   6.2377930e+01
   1.0998359e+07   6.3110352e+01
   1.0998571e+07   4.2968750e+01
   1.0998595e+07   6.0058594e+01
   1.0998800e+07   5.6579590e+01
   1.0999042e+07   4.5349121e+01
   1.0999287e+07   4.9011230e+01
   1.0999515e+07   5.2368164e+01
   1.0999733e+07   5.2490234e+01
   1.1000261e+07   4.1137695e+01
   1.1000313e+07   4.6447754e+01
   1.1000587e+07   4.4006348e+01
   1.1000918e+07   5.1879883e+01
   1.1001206e+07   5.1879883e+01
   1.1001522e+07   4.6264648e+01
   1.1001819e+07   5.6152344e+01
   1.1002181e+07   4.4128418e+01
   1.1002507e+07   5.1757812e+01
   1.1002801e+07   4.2114258e+01
   1.1003120e+07   4.7180176e+01
   1.1003611e+07   4.8950195e+01
   1.1004123e+07   5.2001953e+01
   1.1004667e+07   5.1452637e+01
   1.1005050e+07   4.9865723e+01
   1.1005477e+07   4.9499512e+01
   1.1005956e+07   4.0039062e+01
   1.1006576e+07   5.6701660e+01
   1.1007056e+07   4.4006348e+01
   1.1007485e+07   4.8767090e+01
   1.1007998e+07   4.0832520e+01
   1.1008508e+07   4.3579102e+01
   1.1009129e+07   5.2734375e+01
   1.1014144e+07   4.1931152e+01
   1.1016018e+07   5.1879883e+01
   1.1017653e+07   8.4899902e+01
   1.1017750e+07   4.7912598e+01
   1.1017837e+07   4.4189453e+01
   1.1018058e+07   7.0983887e+01
   1.1018523e+07   4.6630859e+01
   1.1018611e+07   5.6213379e+01
   1.1019026e+07   8.3312988e+01
   1.1020255e+07   4.5288086e+01
   1.1033949e+07   4.4616699e+01
   1.1047357e+07   4.2724609e+01
   1.1057029e+07   4.1687012e+01
   1.1057255e+07   6.1523438e+01
   1.1057714e+07   5.6091309e+01
   1.1079340e+07   4.1931152e+01
   1.1081422e+07   4.0832520e+01
   1.1082124e+07   4.1015625e+01
   1.1082407e+07   3.9978027e+01
   1.1082978e+07   6.1767578e+01
   1.1083328e+07   4.0771484e+01
   1.1089678e+07   7.0129395e+01
   1.1090937e+07   4.9499512e+01
   1.1095502e+07   4.2053223e+01
   1.1100825e+07   4.1198730e+01
   1.1111100e+07   6.1889648e+01
   1.1111724e+07   6.1035156e+01
   1.1113211e+07   5.2795410e+01
   1.1113298e+07   6.5124512e+01
   1.1113379e+07   8.5388184e+01
   1.1113400e+07   4.3273926e+01
   1.1113505e+07   4.3945312e+01
   1.1113528e+07   1.2207031e+02
   1.1113696e+07   4.9621582e+01
   1.1113821e+07   8.2519531e+01
   1.1113856e+07   4.1503906e+01
   1.1113911e+07   4.6325684e+01
   1.1114078e+07   7.0678711e+01
   1.1114100e+07   4.0527344e+01
   1.1114114e+07   5.3039551e+01
   1.1114287e+07   4.4860840e+01
   1.1114394e+07   7.4035645e+01
   1.1114539e+07   5.3588867e+01
   1.1114716e+07   6.7626953e+01
   1.1114788e+07   4.1687012e+01
   1.1115031e+07   6.7382812e+01
   1.1115133e+07   4.5166016e+01
   1.1115410e+07   6.1828613e+01
   1.1115454e+07   5.2612305e+01
   1.1115764e+07   7.6293945e+01
   1.1116244e+07   4.1931152e+01
   1.1138144e+07   4.1748047e+01
   1.1141865e+07   4.1625977e+01
   1.1154872e+07   5.2795410e+01
   1.1157112e+07   4.2602539e+01
   1.1157263e+07   4.0954590e+01
   1.1157283e+07   9.5275879e+01
   1.1157434e+07   4.0344238e+01
   1.1157478e+07   9.8815918e+01
   1.1157568e+07   4.2541504e+01
   1.1157800e+07   8.8073730e+01
   1.1157905e+07   4.6875000e+01
   1.1157965e+07   4.6508789e+01
   1.1158092e+07   5.9692383e+01
   1.1158177e+07   7.0739746e+01
   1.1158276e+07   4.8156738e+01
   1.1158659e+07   6.4025879e+01
   1.1158832e+07   4.9438477e+01
   1.1159049e+07   5.6518555e+01
   1.1159292e+07   6.7626953e+01
   1.1159598e+07   5.1635742e+01
   1.1160069e+07   4.7790527e+01
   1.1175745e+07   5.5114746e+01
   1.1176585e+07   4.1564941e+01
   1.1176693e+07   5.5419922e+01
   1.1180249e+07   4.0466309e+01
   1.1181554e+07   4.6936035e+01
   1.1183183e+07   4.7912598e+01
   1.1183887e+07   4.6325684e+01
   1.1192686e+07   4.0893555e+01
   1.1196956e+07   4.7058105e+01
   1.1202742e+07   4.1931152e+01
   1.1204199e+07   5.4016113e+01
   1.1204461e+07   4.1870117e+01
   1.1204625e+07   4.1015625e+01
   1.1205447e+07   4.3395996e+01
   1.1205557e+07   5.3588867e+01
   1.1205626e+07   1.0211182e+02
   1.1205663e+07   5.8105469e+01
   1.1205819e+07   4.3701172e+01
   1.1205865e+07   5.1147461e+01
   1.1205892e+07   8.0749512e+01
   1.1205914e+07   4.5898438e+01
   1.1205987e+07   5.2246094e+01
   1.1206051e+07   4.2358398e+01
   1.1206137e+07   6.0363770e+01
   1.1206168e+07   4.3273926e+01
   1.1206247e+07   5.1452637e+01
   1.1206409e+07   8.0078125e+01
   1.1206721e+07   6.9458008e+01
   1.1206787e+07   4.9865723e+01
   1.1207045e+07   6.1950684e+01
   1.1207085e+07   5.4992676e+01
   1.1207458e+07   5.7800293e+01
   1.1207770e+07   5.3405762e+01
   1.1207905e+07   7.0251465e+01
   1.1208271e+07   4.6997070e+01
   1.1224871e+07   4.0588379e+01
   1.1225089e+07   4.8706055e+01
   1.1225623e+07   4.6752930e+01
   1.1226094e+07   5.2246094e+01
   1.1226311e+07   5.6457520e+01
   1.1226906e+07   4.6630859e+01
   1.1227283e+07   4.0039062e+01
   1.1227370e+07   9.9548340e+01
   1.1227558e+07   5.0170898e+01
   1.1227653e+07   5.4504395e+01
   1.1227841e+07   7.5378418e+01
   1.1227897e+07   4.2541504e+01
   1.1227945e+07   4.5410156e+01
   1.1228251e+07   4.5959473e+01
   1.1228301e+07   4.2602539e+01
   1.1228490e+07   5.4382324e+01
   1.1228599e+07   4.4189453e+01
   1.1228818e+07   4.1137695e+01
   1.1229113e+07   5.6152344e+01
   1.1254297e+07   4.1625977e+01
   1.1254718e+07   4.1503906e+01
   1.1255120e+07   4.0222168e+01
   1.1255282e+07   5.0842285e+01
   1.1255524e+07   4.0100098e+01
   1.1255850e+07   4.2968750e+01
   1.1256251e+07   4.1687012e+01
   1.1256507e+07   4.7058105e+01
   1.1256594e+07   4.3762207e+01
   1.1256675e+07   4.2175293e+01
   1.1256805e+07   8.9294434e+01
   1.1256851e+07   5.1940918e+01
   1.1256928e+07   4.7302246e+01
   1.1257055e+07   6.8908691e+01
   1.1257088e+07   4.3395996e+01
   1.1257335e+07   6.6101074e+01
   1.1257448e+07   6.2438965e+01
   1.1257563e+07   4.1198730e+01
   1.1257615e+07   5.5541992e+01
   1.1257843e+07   4.0161133e+01
   1.1258133e+07   5.3039551e+01
   1.1258418e+07   4.0344238e+01
   1.1258826e+07   5.0231934e+01
   1.1259368e+07   4.7424316e+01
   1.1284185e+07   4.1564941e+01
   1.1289475e+07   1.3250732e+02
   1.1291137e+07   4.3579102e+01
   1.1295309e+07   4.1870117e+01
   1.1304092e+07   4.0527344e+01
   1.1307841e+07   5.0781250e+01
   1.1307883e+07   4.6142578e+01
   1.1317955e+07   4.1503906e+01
   1.1326372e+07   4.1503906e+01
   1.1327765e+07   4.3945312e+01
   1.1341072e+07   4.0405273e+01
   1.1389710e+07   4.1992188e+01
   1.1391374e+07   4.3334961e+01
   1.1457276e+07   4.0771484e+01
   1.1462742e+07   4.0710449e+01
   1.1486957e+07   4.2785645e+01
   1.1491673e+07   4.2541504e+01
   1.1546882e+07   4.0100098e+01
   1.1557156e+07   4.0771484e+01
   1.1591537e+07   4.4555664e+01
   1.1602124e+07   4.3151855e+01
   1.1630070e+07   4.1320801e+01
   1.1631958e+07   4.5043945e+01
   1.1657210e+07   4.1503906e+01
   1.1661759e+07   4.3457031e+01
   1.1672417e+07   4.1381836e+01
   1.1691364e+07   4.4921875e+01
   1.1703484e+07   4.1564941e+01
   1.1705383e+07   4.0832520e+01
   1.1715920e+07   4.4738770e+01
   1.1723193e+07   4.5715332e+01
   1.1733630e+07   4.4982910e+01
   1.1741037e+07   4.0710449e+01
   1.1769156e+07   4.4067383e+01
   1.1770951e+07   4.7424316e+01
   1.1773314e+07   4.2297363e+01
   1.1778840e+07   4.2785645e+01
   1.1789510e+07   4.1381836e+01
   1.1793593e+07   3.9978027e+01
   1.1810563e+07   4.0710449e+01
   1.1814531e+07   4.6081543e+01
   1.1816790e+07   4.0039062e+01
   1.1820050e+07   4.1320801e+01
   1.1820539e+07   4.2358398e+01
   1.1848092e+07   4.1503906e+01
   1.1852945e+07   4.8400879e+01
   1.1869198e+07   4.4250488e+01
   1.1869455e+07   4.4067383e+01
   1.1893739e+07   4.5837402e+01
   1.1897541e+07   4.4860840e+01
   1.1902172e+07   4.5227051e+01
   1.1905986e+07   4.1381836e+01
   1.1908781e+07   4.7302246e+01
   1.1917099e+07   4.1625977e+01
   1.1920297e+07   4.1320801e+01
   1.1925430e+07   4.2785645e+01
   1.1929380e+07   4.4860840e+01
   1.1931205e+07   4.6630859e+01
   1.1931377e+07   4.1015625e+01
   1.1931428e+07   4.6569824e+01
   1.1931528e+07   5.6274414e+01
   1.1931549e+07   4.4555664e+01
   1.1931633e+07   8.2031250e+01
   1.1931720e+07   5.7617188e+01
   1.1931749e+07   5.2368164e+01
   1.1931816e+07   7.7209473e+01
   1.1931829e+07   5.3100586e+01
   1.1931946e+07   4.5166016e+01
   1.1931986e+07   4.4433594e+01
   1.1932005e+07   4.7485352e+01
   1.1932049e+07   6.3293457e+01
   1.1932060e+07   4.7241211e+01
   1.1932143e+07   4.2358398e+01
   1.1932176e+07   4.4677734e+01
   1.1932279e+07   4.9377441e+01
   1.1932291e+07   4.3823242e+01
   1.1932474e+07   4.0832520e+01
   1.1932623e+07   5.1818848e+01
   1.1932661e+07   4.1015625e+01
   1.1932833e+07   6.4086914e+01
   1.1932868e+07   5.3161621e+01
   1.1933031e+07   4.3762207e+01
   1.1933196e+07   5.1147461e+01
   1.1933238e+07   5.3894043e+01
   1.1933467e+07   4.2663574e+01
   1.1933528e+07   5.3222656e+01
   1.1933783e+07   4.2541504e+01
   1.1933818e+07   4.9560547e+01
   1.1934054e+07   4.5959473e+01
   1.1934391e+07   5.2062988e+01
   1.1934648e+07   5.4260254e+01
   1.1934883e+07   5.3955078e+01
   1.1935172e+07   5.2673340e+01
   1.1935456e+07   5.7006836e+01
   1.1935686e+07   4.7119141e+01
   1.1935975e+07   4.5043945e+01
   1.1936301e+07   5.3771973e+01
   1.1936564e+07   5.1025391e+01
   1.1936867e+07   4.0832520e+01
   1.1937156e+07   5.3283691e+01
   1.1937472e+07   5.5541992e+01
   1.1937884e+07   5.4809570e+01
   1.1938216e+07   4.1564941e+01
   1.1938567e+07   4.6752930e+01
   1.1938977e+07   4.8034668e+01
   1.1939344e+07   4.6752930e+01
   1.1939851e+07   4.5837402e+01
   1.1940908e+07   4.2602539e+01
   1.1942751e+07   4.0893555e+01
   1.1943371e+07   4.1198730e+01
   1.1943988e+07   5.5969238e+01
   1.1957302e+07   4.0161133e+01
   1.1958069e+07   4.4860840e+01
   1.1967479e+07   4.1564941e+01
   1.1968373e+07   4.1381836e+01
   1.1971942e+07   4.7241211e+01
   1.1976868e+07   4.4067383e+01
   1.1982875e+07   4.5898438e+01
   1.1982889e+07   5.5419922e+01
   1.1983455e+07   5.1147461e+01
   1.1984017e+07   6.0058594e+01
   1.1984782e+07   4.0222168e+01
   1.1984921e+07   1.0687256e+02
   1.1985079e+07   4.5227051e+01
   1.1985143e+07   4.3212891e+01
   1.1985177e+07   6.5185547e+01
   1.1985346e+07   7.1655273e+01
   1.1985408e+07   6.2255859e+01
   1.1985554e+07   4.1198730e+01
   1.1985591e+07   6.6955566e+01
   1.1985646e+07   4.5166016e+01
   1.1985871e+07   6.9458008e+01
   1.1986161e+07   4.8828125e+01
   1.1986224e+07   6.1767578e+01
   1.1986446e+07   6.1706543e+01
   1.1986593e+07   7.0495605e+01
   1.1986957e+07   5.8959961e+01
   1.1987374e+07   6.0913086e+01
