   1.1990000e+07   0.0000000e+00
   8.7000000e+01   6.3842773e+01
   2.9682100e+05   6.7077637e+01
   5.9619700e+05   7.3974609e+01
   6.7666400e+05   6.4880371e+01
   7.0144100e+05   6.3476562e+01
   1.2778340e+06   6.2377930e+01
   1.2781940e+06   6.0180664e+01
   1.2863390e+06   6.7016602e+01
   1.4474140e+06   6.0607910e+01
   1.5568500e+06   6.1462402e+01
   1.5574010e+06   6.3476562e+01
   1.6343370e+06   8.0383301e+01
   1.6416770e+06   7.0007324e+01
   2.0335380e+06   6.0424805e+01
   2.1822950e+06   6.0302734e+01
   2.5447180e+06   6.5185547e+01
   2.6481030e+06   6.2316895e+01
   2.6570610e+06   5.9509277e+01
   2.9351530e+06   6.0058594e+01
   3.2475870e+06   6.2500000e+01
   3.2486310e+06   5.8776855e+01
   3.2912520e+06   5.8654785e+01
   4.1084200e+06   5.9326172e+01
   4.1787970e+06   5.9204102e+01
   4.1878580e+06   6.2316895e+01
   4.2156600e+06   5.9326172e+01
   4.6704200e+06   6.0852051e+01
   5.1546310e+06   6.1157227e+01
   5.1547830e+06   6.7016602e+01
   6.1505670e+06   6.6650391e+01
   6.2962240e+06   5.8715820e+01
   6.3940160e+06   6.7199707e+01
   6.7855740e+06   5.9265137e+01
   7.0555650e+06   5.9326172e+01
   7.0556520e+06   6.1157227e+01
   7.0601710e+06   5.9143066e+01
   7.1096220e+06   6.2011719e+01
   7.7260930e+06   5.8837891e+01
   7.9092000e+06   6.1645508e+01
   7.9609130e+06   6.8908691e+01
   8.0056550e+06   6.1645508e+01
   8.0301090e+06   5.9204102e+01
   8.1150670e+06   6.3232422e+01
   8.3979700e+06   6.0241699e+01
   8.8354800e+06   6.2316895e+01
   8.9280100e+06   6.1340332e+01
   8.9632180e+06   5.9448242e+01
   8.9948720e+06   6.5124512e+01
   8.9950370e+06   6.3293457e+01
   9.0238340e+06   6.1035156e+01
   9.3631000e+06   5.9753418e+01
   9.7057400e+06   6.2805176e+01
   9.7060630e+06   6.2255859e+01
   1.0059679e+07   5.9875488e+01
   1.0495245e+07   5.9143066e+01
   1.0534415e+07   5.9692383e+01
   1.0675606e+07   6.0607910e+01
   1.0717284e+07   6.0729980e+01
   1.0923706e+07   6.3476562e+01
   1.1013555e+07   6.3232422e+01
   1.1289475e+07   1.1401367e+02
   1.1639748e+07   6.0180664e+01
   1.1640090e+07   6.1035156e+01
   1.1781880e+07   6.4575195e+01
   1.1821597e+07   6.0119629e+01
   1.1933345e+07   6.6650391e+01
