   8.9970000e+06   0.0000000e+00
   1.8675000e+04   3.7658691e+01
   1.8715000e+04   3.9306641e+01
   1.8768000e+04   3.6865234e+01
   1.8809000e+04   3.6560059e+01
   1.8824000e+04   4.0466309e+01
   1.8861000e+04   3.7597656e+01
   1.8888000e+04   4.0466309e+01
   1.8922000e+04   6.2866211e+01
   1.8946000e+04   6.6711426e+01
   1.8964000e+04   4.6447754e+01
   1.8985000e+04   5.8044434e+01
   1.9006000e+04   6.4270020e+01
   1.9028000e+04   3.5888672e+01
   1.9043000e+04   4.0283203e+01
   1.9060000e+04   5.3222656e+01
   1.9072000e+04   4.0283203e+01
   1.9088000e+04   4.2846680e+01
   1.9102000e+04   4.3334961e+01
   1.9118000e+04   5.0964355e+01
   1.9187000e+04   4.5104980e+01
   1.9263000e+04   3.6437988e+01
   1.9443000e+04   3.9184570e+01
   1.9502000e+04   3.5339355e+01
   4.0955000e+04   3.3569336e+01
   4.7360000e+04   3.4179688e+01
   6.2084000e+04   3.4240723e+01
   2.5680900e+05   3.3874512e+01
   3.7597600e+05   3.5766602e+01
   3.7602800e+05   4.6691895e+01
   3.7607700e+05   3.6987305e+01
   3.7609300e+05   6.0913086e+01
   3.7616500e+05   6.1096191e+01
   3.7617600e+05   6.0852051e+01
   3.7620200e+05   5.1757813e+01
   3.7622900e+05   4.1259766e+01
   3.7625700e+05   7.4401855e+01
   3.7627500e+05   4.5166016e+01
   3.7630700e+05   4.6203613e+01
   3.7632000e+05   3.7292480e+01
   3.7633900e+05   3.4301758e+01
   3.7635600e+05   3.4667969e+01
   3.7644300e+05   3.5339355e+01
   3.7646900e+05   3.8452148e+01
   3.7659500e+05   3.5095215e+01
   3.7666900e+05   3.5217285e+01
   3.7669000e+05   3.6010742e+01
   3.7674900e+05   4.7058105e+01
   3.7684000e+05   3.9855957e+01
   3.9821300e+05   6.4453125e+01
   3.9832900e+05   3.6254883e+01
   3.9835100e+05   3.7780762e+01
   3.9836600e+05   5.5541992e+01
   3.9838400e+05   3.7780762e+01
   3.9839700e+05   3.8269043e+01
   3.9842200e+05   4.2785645e+01
   3.9843200e+05   4.4555664e+01
   3.9844800e+05   4.6630859e+01
   3.9847200e+05   5.7312012e+01
   3.9848400e+05   3.7719727e+01
   3.9851900e+05   4.3029785e+01
   3.9854300e+05   3.7231445e+01
   3.9856000e+05   3.6804199e+01
   3.9860900e+05   4.7668457e+01
   3.9869200e+05   4.4433594e+01
   3.9893100e+05   3.4851074e+01
   3.9906800e+05   3.9489746e+01
   3.9924400e+05   3.5583496e+01
   3.9929700e+05   3.4790039e+01
   3.9961200e+05   3.4301758e+01
   4.5860000e+05   3.5644531e+01
   6.3848500e+05   3.5583496e+01
   6.5619000e+05   3.3691406e+01
   7.2592800e+05   3.7719727e+01
   7.7406600e+05   3.8208008e+01
   7.7605800e+05   3.5217285e+01
   7.7891800e+05   3.5705566e+01
   7.8266900e+05   3.3874512e+01
   8.9471900e+05   3.4179688e+01
   9.1898100e+05   3.5888672e+01
   9.7594100e+05   3.6804199e+01
   1.0354810e+06   3.6499023e+01
   1.0355350e+06   5.3771973e+01
   1.0356150e+06   5.0537109e+01
   1.0356410e+06   3.9978027e+01
   1.0356570e+06   3.6437988e+01
   1.0357140e+06   5.1025391e+01
   1.0357420e+06   3.8757324e+01
   1.0357740e+06   4.3151855e+01
   1.0357910e+06   6.2500000e+01
   1.0358090e+06   3.6865234e+01
   1.0358320e+06   4.1870117e+01
   1.0358470e+06   3.6071777e+01
   1.0358870e+06   4.0893555e+01
   1.0359410e+06   3.4484863e+01
   1.0359560e+06   3.8879395e+01
   1.0359890e+06   3.4423828e+01
   1.0362270e+06   3.4423828e+01
   1.0362550e+06   3.4484863e+01
   1.0363420e+06   4.5898438e+01
   1.0363630e+06   3.9550781e+01
   1.0365050e+06   3.7048340e+01
   1.0571310e+06   3.4179688e+01
   1.0573730e+06   3.8696289e+01
   1.0574050e+06   4.2724609e+01
   1.0574230e+06   4.9926758e+01
   1.0574380e+06   5.8654785e+01
   1.0574610e+06   3.3691406e+01
   1.0574850e+06   6.1645508e+01
   1.0574990e+06   3.6804199e+01
   1.0575260e+06   4.0466309e+01
   1.0575740e+06   3.9611816e+01
   1.0576710e+06   3.9672852e+01
   1.0577040e+06   4.3029785e+01
   1.0577540e+06   3.9855957e+01
   1.0578520e+06   4.6752930e+01
   1.0579270e+06   3.5766602e+01
   1.0579370e+06   3.3447266e+01
   1.0579880e+06   3.9978027e+01
   1.0581480e+06   3.5034180e+01
   1.0583150e+06   3.4362793e+01
   1.1156460e+06   3.3569336e+01
   1.3372750e+06   3.4423828e+01
   1.4032500e+06   3.5888672e+01
   1.4251540e+06   3.4912109e+01
   1.4265120e+06   3.3935547e+01
   1.4319470e+06   3.4057617e+01
   1.4822030e+06   3.5095215e+01
   1.4822990e+06   4.3212891e+01
   1.4879060e+06   3.3874512e+01
   1.4915830e+06   3.6437988e+01
   1.5394040e+06   3.5339355e+01
   1.5403710e+06   3.9428711e+01
   1.5472170e+06   3.7414551e+01
   1.5962560e+06   3.7841797e+01
   1.5963070e+06   3.6743164e+01
   1.5963580e+06   3.5461426e+01
   1.5963740e+06   3.7414551e+01
   1.5964250e+06   3.6193848e+01
   1.5964410e+06   4.1442871e+01
   1.5964780e+06   5.4260254e+01
   1.5964930e+06   3.4362793e+01
   1.5965120e+06   4.5776367e+01
   1.5965390e+06   4.2602539e+01
   1.5965890e+06   4.4494629e+01
   1.5966180e+06   4.4860840e+01
   1.5966380e+06   4.3701172e+01
   1.5967250e+06   4.7912598e+01
   1.5967440e+06   3.3874512e+01
   1.5967880e+06   3.6865234e+01
   1.5968490e+06   4.1015625e+01
   1.6205020e+06   3.7597656e+01
   1.6846400e+06   3.4606934e+01
   1.6997550e+06   3.4545898e+01
   1.7657780e+06   4.2297363e+01
   2.2906120e+06   4.1076660e+01
   2.3234510e+06   5.7128906e+01
   2.3234720e+06   3.5095215e+01
   2.3234950e+06   7.0190430e+01
   2.3235130e+06   3.7536621e+01
   2.3235340e+06   6.3720703e+01
   2.3235470e+06   5.0598145e+01
   2.3235600e+06   3.8330078e+01
   2.3235780e+06   3.4790039e+01
   2.3236130e+06   3.6499023e+01
   2.3236360e+06   3.6743164e+01
   2.3236620e+06   4.6325684e+01
   2.3236990e+06   4.7058105e+01
   2.3237660e+06   4.0222168e+01
   2.3238240e+06   3.6987305e+01
   2.3239640e+06   3.6010742e+01
   2.3240030e+06   3.5217285e+01
   2.3240160e+06   3.5888672e+01
   2.3240640e+06   3.7536621e+01
   2.3429740e+06   3.5339355e+01
   2.3431190e+06   3.6254883e+01
   2.3431480e+06   5.6457520e+01
   2.3431610e+06   7.2570801e+01
   2.3431790e+06   3.6621094e+01
   2.3431950e+06   3.9733887e+01
   2.3432240e+06   7.0556641e+01
   2.3432440e+06   4.5410156e+01
   2.3432770e+06   6.0424805e+01
   2.3433000e+06   3.7902832e+01
   2.3433360e+06   3.9367676e+01
   2.3433740e+06   4.0771484e+01
   2.3434130e+06   3.5827637e+01
   2.3435570e+06   4.0405273e+01
   2.3435890e+06   4.6936035e+01
   2.3436310e+06   3.5827637e+01
   2.3436820e+06   3.7536621e+01
   2.3437320e+06   3.6193848e+01
   2.3437730e+06   3.9489746e+01
   2.3439500e+06   4.0100098e+01
   2.3441910e+06   3.5583496e+01
   2.3444050e+06   3.4179688e+01
   2.3446660e+06   3.5339355e+01
   2.4358530e+06   3.5766602e+01
   2.6523810e+06   3.7170410e+01
   2.6559280e+06   3.3508301e+01
   2.7148810e+06   3.5461426e+01
   2.8061940e+06   3.5400391e+01
   2.8064590e+06   3.8696289e+01
   2.8288420e+06   4.1564941e+01
   2.8289120e+06   3.4484863e+01
   2.8289310e+06   4.6264648e+01
   2.8289500e+06   3.9123535e+01
   2.8289970e+06   4.8950195e+01
   2.8290080e+06   6.0363770e+01
   2.8290500e+06   6.4208984e+01
   2.8290720e+06   3.6193848e+01
   2.8290960e+06   5.7250977e+01
   2.8291310e+06   6.1584473e+01
   2.8291470e+06   3.5705566e+01
   2.8291790e+06   4.3579102e+01
   2.8292190e+06   3.7109375e+01
   2.8292370e+06   4.6630859e+01
   2.8292720e+06   3.4484863e+01
   2.8293020e+06   3.6682129e+01
   2.8293480e+06   3.4606934e+01
   2.8294040e+06   3.4667969e+01
   2.8295730e+06   3.9367676e+01
   2.8297340e+06   4.1870117e+01
   2.8299360e+06   3.7292480e+01
   2.8478930e+06   5.0109863e+01
   2.8479130e+06   6.2194824e+01
   2.8479340e+06   3.9062500e+01
   2.8479570e+06   4.8400879e+01
   2.8479810e+06   3.8269043e+01
   2.8480020e+06   3.5400391e+01
   2.8480150e+06   4.3518066e+01
   2.8480340e+06   3.5522461e+01
   2.8480780e+06   3.9306641e+01
   2.8481040e+06   4.4311523e+01
   2.8481280e+06   4.2236328e+01
   2.8481440e+06   3.6010742e+01
   2.8481650e+06   4.0222168e+01
   2.8481810e+06   4.9316406e+01
   2.8482250e+06   3.9001465e+01
   2.8482990e+06   3.6010742e+01
   2.8483200e+06   3.4790039e+01
   2.8483410e+06   3.9611816e+01
   2.8483620e+06   3.4240723e+01
   2.8484280e+06   3.7841797e+01
   2.8485470e+06   3.4484863e+01
   2.8486970e+06   3.8208008e+01
   2.8489990e+06   3.6437988e+01
   2.8490580e+06   3.4545898e+01
   2.9543610e+06   3.4606934e+01
   3.0358940e+06   3.5217285e+01
   3.0692510e+06   3.4484863e+01
   3.0956230e+06   3.3691406e+01
   3.1742280e+06   3.6193848e+01
   3.2129890e+06   3.8513184e+01
   3.2280440e+06   3.4851074e+01
   3.3622730e+06   3.3691406e+01
   3.4054270e+06   3.9001465e+01
   3.4508360e+06   3.3630371e+01
   3.4705110e+06   3.5583496e+01
   3.4958800e+06   3.5461426e+01
   3.5067800e+06   3.9978027e+01
   3.6835400e+06   4.3273926e+01
   3.6835740e+06   4.5898438e+01
   3.6836160e+06   3.3630371e+01
   3.6836660e+06   6.6467285e+01
   3.6836880e+06   4.0100098e+01
   3.6837190e+06   6.5917969e+01
   3.6837340e+06   4.2724609e+01
   3.6837480e+06   3.5949707e+01
   3.6837660e+06   3.4729004e+01
   3.6837790e+06   9.0393066e+01
   3.6838050e+06   4.2663574e+01
   3.6838400e+06   7.0556641e+01
   3.6838740e+06   9.7167969e+01
   3.6838870e+06   4.6142578e+01
   3.6839200e+06   3.7231445e+01
   3.6839690e+06   3.5949707e+01
   3.6840050e+06   3.5705566e+01
   3.6840210e+06   4.9133301e+01
   3.6840830e+06   4.7607422e+01
   3.6841690e+06   3.6376953e+01
   3.6842370e+06   4.3884277e+01
   3.7020210e+06   3.4606934e+01
   3.7149870e+06   3.3630371e+01
   3.7152720e+06   4.5471191e+01
   3.7152990e+06   6.5979004e+01
   3.7153320e+06   7.0678711e+01
   3.7153530e+06   5.8898926e+01
   3.7153890e+06   5.0537109e+01
   3.7154120e+06   5.7006836e+01
   3.7154340e+06   3.4240723e+01
   3.7154650e+06   3.6743164e+01
   3.7155850e+06   3.5156250e+01
   3.7156710e+06   3.3813477e+01
   3.7158190e+06   3.4423828e+01
   3.7159730e+06   3.7475586e+01
   3.7165400e+06   3.5705566e+01
   3.7172510e+06   3.7231445e+01
   3.8337430e+06   3.3996582e+01
   3.8959330e+06   3.5827637e+01
   4.0069170e+06   3.6437988e+01
   4.0308220e+06   3.4484863e+01
   4.0634110e+06   3.4301758e+01
   4.0933630e+06   4.1015625e+01
   4.0937270e+06   3.3691406e+01
   4.1170840e+06   3.5400391e+01
   4.1613500e+06   3.5827637e+01
   4.2452290e+06   3.4423828e+01
   4.2608790e+06   3.3935547e+01
   4.3021700e+06   3.6132812e+01
   4.3912650e+06   3.8513184e+01
   4.3997980e+06   3.3691406e+01
   4.4431260e+06   4.1442871e+01
   4.4432180e+06   4.2114258e+01
   4.4804380e+06   3.3630371e+01
   4.5198990e+06   3.7414551e+01
   4.5419020e+06   3.7902832e+01
   4.5419450e+06   3.4057617e+01
   4.6131380e+06   3.7231445e+01
   4.6132320e+06   3.4118652e+01
   4.6198820e+06   4.1503906e+01
   4.6220920e+06   3.5217285e+01
   4.6623780e+06   3.6376953e+01
   4.7252950e+06   3.4484863e+01
   4.7705650e+06   3.9245605e+01
   4.7769970e+06   3.3569336e+01
   4.8181500e+06   3.4912109e+01
   4.8256620e+06   3.4240723e+01
   4.8666380e+06   3.5705566e+01
   4.9192220e+06   3.4667969e+01
   4.9515730e+06   3.5827637e+01
   4.9777620e+06   3.4729004e+01
   5.1011190e+06   3.7109375e+01
   5.1329190e+06   3.5949707e+01
   5.1545880e+06   3.3569336e+01
   5.2317920e+06   4.0222168e+01
   5.2318370e+06   5.7067871e+01
   5.2318620e+06   4.7851562e+01
   5.2318810e+06   3.9306641e+01
   5.2318970e+06   3.8940430e+01
   5.2319140e+06   4.6142578e+01
   5.2319450e+06   4.9011230e+01
   5.2319550e+06   4.6203613e+01
   5.2319870e+06   4.3395996e+01
   5.2320060e+06   3.8757324e+01
   5.2320170e+06   3.5095215e+01
   5.2320360e+06   3.7841797e+01
   5.2320730e+06   5.1452637e+01
   5.2320920e+06   3.8024902e+01
   5.2321850e+06   3.5339355e+01
   5.2322760e+06   3.9672852e+01
   5.2323650e+06   3.6560059e+01
   5.2324030e+06   3.5583496e+01
   5.2324320e+06   4.0832520e+01
   5.2324800e+06   3.7170410e+01
   5.2326420e+06   3.3752441e+01
   5.2473690e+06   3.5644531e+01
   5.2511920e+06   3.5583496e+01
   5.2524440e+06   3.6437988e+01
   5.2525230e+06   6.3964844e+01
   5.2525450e+06   3.6926270e+01
   5.2525760e+06   5.7739258e+01
   5.2526210e+06   4.3884277e+01
   5.2526420e+06   4.6875000e+01
   5.2526950e+06   4.3151855e+01
   5.2527480e+06   4.5227051e+01
   5.2527750e+06   3.6804199e+01
   5.2527950e+06   4.5532227e+01
   5.2528230e+06   3.7597656e+01
   5.2528450e+06   3.4179688e+01
   5.2528910e+06   3.8574219e+01
   5.2529630e+06   3.8208008e+01
   5.2530150e+06   3.3813477e+01
   5.2531150e+06   4.4067383e+01
   5.2531520e+06   3.6315918e+01
   5.2535690e+06   3.4118652e+01
   5.3399000e+06   3.8513184e+01
   5.4107770e+06   3.3874512e+01
   5.4221190e+06   3.4606934e+01
   5.4337160e+06   3.5827637e+01
   5.6571630e+06   4.4738770e+01
   5.6571870e+06   3.5339355e+01
   5.6572080e+06   3.3630371e+01
   5.6572820e+06   4.2541504e+01
   5.6572930e+06   3.3752441e+01
   5.6573190e+06   4.3640137e+01
   5.6573400e+06   4.1198730e+01
   5.6573600e+06   7.6110840e+01
   5.6573810e+06   4.7302246e+01
   5.6574230e+06   5.2246094e+01
   5.6574920e+06   4.6020508e+01
   5.6575280e+06   3.4240723e+01
   5.6575600e+06   3.7536621e+01
   5.6576030e+06   3.4118652e+01
   5.6576340e+06   3.8024902e+01
   5.6576610e+06   3.4545898e+01
   5.6576830e+06   4.7424316e+01
   5.6577190e+06   3.6621094e+01
   5.6577900e+06   3.5278320e+01
   5.6579160e+06   3.5400391e+01
   5.6931300e+06   3.5644531e+01
   5.6934240e+06   3.6071777e+01
   5.6934540e+06   3.7658691e+01
   5.6934680e+06   6.2255859e+01
   5.6934830e+06   4.5227051e+01
   5.6935090e+06   4.4250488e+01
   5.6935300e+06   4.0954590e+01
   5.6935450e+06   6.0119629e+01
   5.6935700e+06   3.8818359e+01
   5.6936010e+06   3.9123535e+01
   5.6936280e+06   3.4301758e+01
   5.6936830e+06   3.7048340e+01
   5.6937120e+06   4.3212891e+01
   5.6937570e+06   3.5156250e+01
   5.6938040e+06   3.5888672e+01
   5.6938440e+06   3.8452148e+01
   5.6938720e+06   3.6987305e+01
   5.6941410e+06   3.6315918e+01
   5.6943120e+06   3.6987305e+01
   5.7332800e+06   3.5766602e+01
   5.8046130e+06   3.4545898e+01
   5.8450910e+06   3.9184570e+01
   5.8712510e+06   3.5034180e+01
   5.9227980e+06   3.4240723e+01
   6.0084800e+06   3.4301758e+01
   6.0239130e+06   3.5034180e+01
   6.0243300e+06   3.9916992e+01
   6.1128550e+06   3.5339355e+01
   6.1507940e+06   3.3935547e+01
   6.4021900e+06   4.3334961e+01
   6.4022900e+06   4.4311523e+01
   6.4023390e+06   4.6325684e+01
   6.4023990e+06   5.3283691e+01
   6.4024150e+06   6.8542480e+01
   6.4024380e+06   3.9489746e+01
   6.4024570e+06   5.1269531e+01
   6.4024860e+06   5.3466797e+01
   6.4025150e+06   3.6010742e+01
   6.4025810e+06   5.0537109e+01
   6.4026230e+06   5.0964355e+01
   6.4026560e+06   4.0161133e+01
   6.4026730e+06   4.0710449e+01
   6.4027330e+06   3.8085938e+01
   6.4028180e+06   3.9184570e+01
   6.4029630e+06   3.8085938e+01
   6.4031110e+06   3.4545898e+01
   6.4206980e+06   3.5095215e+01
   6.4215540e+06   3.7475586e+01
   6.4225830e+06   3.6071777e+01
   6.4356830e+06   3.4606934e+01
   6.4521850e+06   3.4606934e+01
   6.4795950e+06   3.6682129e+01
   6.4966180e+06   3.3996582e+01
   6.4994700e+06   3.4667969e+01
   6.5041420e+06   3.4423828e+01
   6.5042070e+06   4.2053223e+01
   6.5042270e+06   5.6152344e+01
   6.5042370e+06   4.1076660e+01
   6.5042660e+06   4.9560547e+01
   6.5042870e+06   4.0771484e+01
   6.5043150e+06   4.6264648e+01
   6.5043460e+06   4.9743652e+01
   6.5043800e+06   4.9743652e+01
   6.5044560e+06   3.3813477e+01
   6.5044770e+06   3.3691406e+01
   6.5045680e+06   3.5522461e+01
   6.5045970e+06   3.6499023e+01
   6.5046130e+06   4.0588379e+01
   6.5047280e+06   3.7109375e+01
   6.5048810e+06   3.5827637e+01
   6.5232900e+06   3.5888672e+01
   6.5233150e+06   3.5888672e+01
   6.5233700e+06   4.5532227e+01
   6.5233850e+06   5.0292969e+01
   6.5234430e+06   3.4729004e+01
   6.5234670e+06   4.1809082e+01
   6.5234880e+06   3.7048340e+01
   6.5235000e+06   4.3151855e+01
   6.5235440e+06   4.8828125e+01
   6.5235640e+06   5.6762695e+01
   6.5236040e+06   3.4545898e+01
   6.5236200e+06   3.3630371e+01
   6.5237230e+06   3.3996582e+01
   6.5237370e+06   4.6997070e+01
   6.5237960e+06   3.8757324e+01
   6.5239200e+06   3.6743164e+01
   6.5239810e+06   3.5644531e+01
   6.5241050e+06   3.7414551e+01
   6.5243960e+06   3.5278320e+01
   6.5245390e+06   4.3273926e+01
   6.5574220e+06   3.4667969e+01
   6.5868880e+06   3.5644531e+01
   6.6333800e+06   3.3569336e+01
   6.6465940e+06   3.3691406e+01
   6.7225580e+06   3.5766602e+01
   6.7833520e+06   3.4667969e+01
   6.8317830e+06   3.4423828e+01
   6.9217120e+06   3.6621094e+01
   6.9800090e+06   3.4118652e+01
   6.9801500e+06   3.5156250e+01
   7.0476860e+06   3.5278320e+01
   7.0910600e+06   3.4790039e+01
   7.1858910e+06   3.8024902e+01
   7.2251710e+06   3.6499023e+01
   7.2625470e+06   3.3569336e+01
   7.2625660e+06   4.0710449e+01
   7.2625870e+06   3.9855957e+01
   7.2626060e+06   4.2968750e+01
   7.2626250e+06   4.8278809e+01
   7.2626490e+06   4.0832520e+01
   7.2626610e+06   3.8085938e+01
   7.2626720e+06   5.1879883e+01
   7.2627050e+06   4.5471191e+01
   7.2627230e+06   3.5278320e+01
   7.2627540e+06   3.6682129e+01
   7.2627650e+06   3.8879395e+01
   7.2627900e+06   3.9062500e+01
   7.2628110e+06   3.4423828e+01
   7.2628690e+06   3.5766602e+01
   7.2629500e+06   3.6621094e+01
   7.2629940e+06   3.8574219e+01
   7.2630210e+06   3.3630371e+01
   7.2630840e+06   3.9978027e+01
   7.2631780e+06   4.5410156e+01
   7.2634210e+06   3.6682129e+01
   7.2669260e+06   3.5766602e+01
   7.2822380e+06   3.4057617e+01
   7.2991010e+06   3.5400391e+01
   7.3633320e+06   3.4606934e+01
   7.3976060e+06   3.5888672e+01
   7.4328430e+06   3.3569336e+01
   7.4346590e+06   3.3813477e+01
   7.5295600e+06   3.4057617e+01
   7.7174640e+06   3.8024902e+01
   7.7682450e+06   3.5705566e+01
   7.9245450e+06   3.9978027e+01
   7.9494820e+06   3.6621094e+01
   7.9714440e+06   3.4240723e+01
   7.9727160e+06   3.4240723e+01
   8.0263680e+06   3.3935547e+01
   8.0393830e+06   3.4973145e+01
   8.0513000e+06   3.4912109e+01
   8.0566780e+06   3.3569336e+01
   8.0784680e+06   3.5400391e+01
   8.0784870e+06   3.6437988e+01
   8.0785180e+06   4.6142578e+01
   8.0785390e+06   3.4973145e+01
   8.0785530e+06   3.8818359e+01
   8.0785790e+06   3.9733887e+01
   8.0786000e+06   4.2175293e+01
   8.0786180e+06   3.5278320e+01
   8.0786280e+06   3.9306641e+01
   8.0786710e+06   7.8369141e+01
   8.0786930e+06   4.5471191e+01
   8.0787310e+06   4.0344238e+01
   8.0787570e+06   7.4218750e+01
   8.0787670e+06   3.6071777e+01
   8.0787870e+06   3.6071777e+01
   8.0788370e+06   3.4851074e+01
   8.0788660e+06   3.5278320e+01
   8.0789270e+06   4.3762207e+01
   8.0790030e+06   4.0405273e+01
   8.0791520e+06   3.6132812e+01
   8.0791850e+06   3.6865234e+01
   8.1101180e+06   3.7231445e+01
   8.1102080e+06   3.6987305e+01
   8.1102200e+06   4.2114258e+01
   8.1102370e+06   4.6875000e+01
   8.1102560e+06   6.3293457e+01
   8.1102720e+06   4.9560547e+01
   8.1103020e+06   4.0222168e+01
   8.1103300e+06   5.4687500e+01
   8.1103510e+06   4.5837402e+01
   8.1103820e+06   4.0954590e+01
   8.1104140e+06   4.3457031e+01
   8.1104280e+06   3.5827637e+01
   8.1104480e+06   3.8513184e+01
   8.1105290e+06   4.9499512e+01
   8.1105430e+06   3.4729004e+01
   8.1106300e+06   3.7719727e+01
   8.1106890e+06   3.5339355e+01
   8.1107240e+06   3.9245605e+01
   8.1107540e+06   3.5705566e+01
   8.1107930e+06   4.0832520e+01
   8.1108430e+06   3.5583496e+01
   8.1113250e+06   3.9428711e+01
   8.1958070e+06   3.9428711e+01
   8.2796560e+06   3.5705566e+01
   8.2798000e+06   3.5217285e+01
   8.3667030e+06   3.8574219e+01
   8.3696340e+06   3.4240723e+01
   8.4045990e+06   4.1320801e+01
   8.4722590e+06   3.7475586e+01
   8.5163730e+06   3.4545898e+01
   8.5766890e+06   3.8696289e+01
   8.6098870e+06   3.4423828e+01
   8.6128420e+06   3.5705566e+01
   8.6239370e+06   3.5583496e+01
   8.6642690e+06   3.5400391e+01
   8.7031520e+06   3.4179688e+01
   8.7171850e+06   5.0537109e+01
   8.7455300e+06   3.4912109e+01
   8.7641220e+06   3.3752441e+01
   8.8005610e+06   3.3508301e+01
   8.8221890e+06   4.1809082e+01
   8.8231100e+06   3.4667969e+01
   8.8398960e+06   3.7231445e+01
   8.9092680e+06   4.7180176e+01
   8.9093120e+06   6.7687988e+01
   8.9093260e+06   6.9946289e+01
   8.9093560e+06   3.9978027e+01
   8.9093660e+06   4.1687012e+01
   8.9093910e+06   5.5358887e+01
   8.9094020e+06   4.1870117e+01
   8.9094340e+06   4.0649414e+01
   8.9094440e+06   3.5278320e+01
   8.9094610e+06   3.9855957e+01
   8.9094800e+06   3.6254883e+01
   8.9095080e+06   3.6376953e+01
   8.9095460e+06   3.9367676e+01
   8.9095870e+06   5.3344727e+01
   8.9096460e+06   4.6203613e+01
   8.9096820e+06   3.7658691e+01
   8.9097350e+06   3.3935547e+01
   8.9101640e+06   3.5217285e+01
   8.9309410e+06   3.6254883e+01
   8.9309930e+06   3.6071777e+01
