   8.9970000e+06   0.0000000e+00
   1.9149000e+04   3.3874512e+01
   3.7642600e+05   3.9855957e+01
   3.7659700e+05   3.6682129e+01
   3.9869300e+05   3.5827637e+01
   8.7580800e+05   3.6010742e+01
   1.0358780e+06   3.3325195e+01
   1.0359440e+06   4.7424316e+01
   1.0360550e+06   3.9489746e+01
   1.0361960e+06   3.5522461e+01
   1.0574490e+06   4.0222168e+01
   1.0574740e+06   4.1320801e+01
   1.0576180e+06   3.7475586e+01
   1.0579170e+06   3.4423828e+01
   1.2802160e+06   3.5400391e+01
   1.3345010e+06   3.5278320e+01
   1.4823210e+06   3.4729004e+01
   1.5966020e+06   3.4973145e+01
   1.5966800e+06   3.4790039e+01
   1.7645760e+06   3.4118652e+01
   2.3239950e+06   3.7475586e+01
   2.3434570e+06   4.0405273e+01
   2.3436340e+06   3.5766602e+01
   2.8247070e+06   3.3691406e+01
   2.8289890e+06   3.6987305e+01
   2.8291830e+06   3.5339355e+01
   2.8293000e+06   3.3874512e+01
   2.8480880e+06   3.8330078e+01
   2.8482110e+06   3.8940430e+01
   3.6837210e+06   4.0771484e+01
   3.6837770e+06   3.7719727e+01
   3.6839050e+06   3.6071777e+01
   3.7153470e+06   3.3813477e+01
   3.7156950e+06   3.3691406e+01
   3.9301000e+06   3.6193848e+01
   4.2099540e+06   3.3508301e+01
   4.2366490e+06   3.4118652e+01
   4.2391600e+06   3.4484863e+01
   4.3960190e+06   3.4118652e+01
   4.4807720e+06   3.4423828e+01
   4.5818610e+06   3.5095215e+01
   4.6671270e+06   3.3569336e+01
   5.0776410e+06   3.4179688e+01
   5.2320020e+06   3.4973145e+01
   5.2525640e+06   4.1381836e+01
   5.2526100e+06   3.5888672e+01
   5.2526430e+06   3.3630371e+01
   5.2527190e+06   3.4301758e+01
   5.2529340e+06   3.4057617e+01
   5.6574370e+06   3.6376953e+01
   5.6574800e+06   3.7658691e+01
   5.6574960e+06   3.4301758e+01
   5.6575880e+06   3.5644531e+01
   5.6935010e+06   3.3874512e+01
   5.6935640e+06   3.7231445e+01
   5.6936260e+06   3.4606934e+01
   5.9958830e+06   3.3264160e+01
   6.4025350e+06   4.2602539e+01
   6.4026430e+06   4.3212891e+01
   6.4026930e+06   4.1564941e+01
   6.4213740e+06   3.5888672e+01
   6.5040980e+06   3.5156250e+01
   6.5042240e+06   3.3691406e+01
   6.5043180e+06   3.4790039e+01
   6.5043370e+06   3.4912109e+01
   6.5044370e+06   3.7353516e+01
   6.5234740e+06   4.3212891e+01
   6.5235600e+06   3.5217285e+01
   6.5236700e+06   4.1381836e+01
   6.5448390e+06   3.3508301e+01
   7.2627440e+06   3.3691406e+01
   7.2627920e+06   3.9062500e+01
   8.0784910e+06   3.3874512e+01
   8.0788260e+06   3.4790039e+01
   8.0789900e+06   4.3457031e+01
   8.0791920e+06   3.4729004e+01
   8.1102730e+06   3.7719727e+01
   8.1106160e+06   4.6081543e+01
   8.3857800e+06   3.6376953e+01
   8.5775550e+06   3.3935547e+01
   8.5789140e+06   3.4240723e+01
   8.9094000e+06   3.8940430e+01
   8.9094700e+06   4.1809082e+01
   8.9317190e+06   3.5156250e+01
