   1.1996000e+07   0.0000000e+00
   1.2622600e+05   7.2570801e+01
   1.2627200e+05   7.9223633e+01
   1.2631900e+05   1.2774658e+02
   1.2635200e+05   8.0688477e+01
   1.2639000e+05   1.1328125e+02
   1.2642900e+05   6.2500000e+01
   1.2646100e+05   1.2500000e+02
   1.2656400e+05   9.2407227e+01
   1.2662200e+05   6.2866211e+01
   1.2665000e+05   6.8420410e+01
   1.2671900e+05   6.7993164e+01
   1.2678600e+05   7.0373535e+01
   1.2689800e+05   6.7687988e+01
   1.2783800e+05   6.3110352e+01
   2.8306600e+05   6.4880371e+01
   3.7474000e+05   1.1700439e+02
   3.7477300e+05   7.1228027e+01
   3.7483400e+05   1.1572266e+02
   3.7497700e+05   9.9731445e+01
   3.7505400e+05   7.2143555e+01
   3.7519800e+05   6.5979004e+01
   3.7796900e+05   6.4697266e+01
   5.1952000e+05   6.2683105e+01
   5.1956500e+05   6.3537598e+01
   5.1958700e+05   7.8247070e+01
   5.1960500e+05   6.2133789e+01
   5.1965300e+05   6.7443848e+01
   5.1975800e+05   6.2866211e+01
   5.1980300e+05   6.7077637e+01
   5.1986200e+05   6.7443848e+01
   5.1992900e+05   7.3242188e+01
   5.1998100e+05   6.4331055e+01
   5.2120700e+05   6.2194824e+01
   5.2140500e+05   7.3059082e+01
   5.2202300e+05   6.2927246e+01
   6.1335200e+05   7.4157715e+01
   6.1337000e+05   6.6223145e+01
   6.1341400e+05   7.2082520e+01
   6.1345500e+05   1.3714600e+02
   6.1347000e+05   1.4227295e+02
   6.1350100e+05   7.8979492e+01
   6.1353600e+05   8.0993652e+01
   6.1355400e+05   8.6059570e+01
   6.1483000e+05   7.0190430e+01
   6.1558000e+05   6.2622070e+01
   8.1451600e+05   8.6242676e+01
   8.1456600e+05   7.6904297e+01
   8.1459900e+05   7.5439453e+01
   8.1461100e+05   6.3598633e+01
   8.1467500e+05   9.5092773e+01
   8.1473500e+05   6.6223145e+01
   8.1479300e+05   6.7810059e+01
   8.1482300e+05   6.3293457e+01
   8.1499100e+05   6.6101074e+01
   8.1507600e+05   7.0678711e+01
   8.1510000e+05   6.4208984e+01
   8.1556100e+05   7.2326660e+01
   8.1699000e+05   6.3537598e+01
   9.5301200e+05   7.9040527e+01
   9.5309600e+05   7.3364258e+01
   9.5314400e+05   1.2469482e+02
   9.5322400e+05   6.4758301e+01
   9.5323600e+05   1.2561035e+02
   9.5368100e+05   7.8552246e+01
   9.5429500e+05   6.8115234e+01
   9.5591700e+05   6.3964844e+01
   1.2348220e+06   7.3852539e+01
   1.2348480e+06   9.5336914e+01
   1.2348870e+06   8.0810547e+01
   1.2349030e+06   8.8256836e+01
   1.2349510e+06   1.1291504e+02
   1.2349610e+06   1.1267090e+02
   1.2350090e+06   7.4035645e+01
   1.2350990e+06   7.6171875e+01
   1.2351640e+06   8.9355469e+01
   1.2352500e+06   7.3364258e+01
   1.2356640e+06   6.3354492e+01
   1.2357720e+06   6.8359375e+01
   1.2364190e+06   6.2316895e+01
   1.8717160e+06   6.7077637e+01
   1.8717660e+06   1.0510254e+02
   1.8717870e+06   1.7889404e+02
   1.8718060e+06   6.7016602e+01
   1.8719720e+06   7.3913574e+01
   1.8720260e+06   7.9895020e+01
   1.8720810e+06   9.0942383e+01
   1.8721840e+06   7.3303223e+01
   1.8730320e+06   6.2377930e+01
   1.8733850e+06   7.2265625e+01
   1.8735880e+06   6.5734863e+01
   1.8737820e+06   8.2763672e+01
   1.8740140e+06   7.7026367e+01
   1.8741990e+06   6.3964844e+01
   1.8744370e+06   6.3659668e+01
   2.0637030e+06   6.8725586e+01
   2.0637440e+06   1.1669922e+02
   2.0637760e+06   8.3801270e+01
   2.0639160e+06   7.2875977e+01
   2.0639970e+06   7.1289063e+01
   2.0640120e+06   7.3364258e+01
   2.0640810e+06   7.4584961e+01
   2.0641120e+06   7.9406738e+01
   2.0641570e+06   8.7463379e+01
   2.0641740e+06   6.6467285e+01
   2.0643130e+06   6.1706543e+01
   2.2439980e+06   6.1340332e+01
   3.9070240e+06   1.0095215e+02
   3.9070340e+06   7.6965332e+01
   3.9070680e+06   8.9050293e+01
   3.9072000e+06   6.5734863e+01
   3.9072360e+06   6.3110352e+01
   3.9072790e+06   6.5063477e+01
   3.9073010e+06   6.2011719e+01
   3.9073510e+06   6.2011719e+01
   3.9076920e+06   6.2500000e+01
   3.9079620e+06   7.9895020e+01
   3.9086630e+06   6.2011719e+01
   3.9087930e+06   6.4331055e+01
   3.9098180e+06   6.3232422e+01
   4.7261180e+06   7.9589844e+01
   4.7261530e+06   1.5490723e+02
   4.7261690e+06   7.2631836e+01
   4.7261940e+06   6.9824219e+01
   4.7262190e+06   6.5124512e+01
   4.7262630e+06   8.3190918e+01
   4.7263490e+06   1.0876465e+02
   4.7263910e+06   7.0617676e+01
   4.7264620e+06   6.2622070e+01
   4.7264820e+06   6.6711426e+01
   4.7265310e+06   6.4025879e+01
   4.7275580e+06   6.1584473e+01
   4.7277100e+06   7.0861816e+01
   4.7283430e+06   6.1462402e+01
   4.7285760e+06   7.1655273e+01
   4.8105030e+06   6.5307617e+01
   4.9328790e+06   6.2316895e+01
   5.0092840e+06   7.4035645e+01
   5.0093250e+06   7.7636719e+01
   5.0093390e+06   1.3684082e+02
   5.0094480e+06   7.0251465e+01
   5.0095030e+06   7.2509766e+01
   5.0095430e+06   6.6528320e+01
   5.0095730e+06   7.2937012e+01
   5.0096160e+06   7.1411133e+01
   5.0096680e+06   6.1584473e+01
   5.0101290e+06   6.2316895e+01
   5.0109600e+06   6.4636230e+01
   5.0118770e+06   6.4208984e+01
   5.4441140e+06   6.1218262e+01
   5.4441740e+06   1.3653564e+02
   5.4441950e+06   1.5826416e+02
   5.4443560e+06   8.3557129e+01
   5.4443880e+06   6.2805176e+01
   5.4444410e+06   6.2500000e+01
   5.4445360e+06   8.0749512e+01
   5.4445860e+06   6.3781738e+01
   5.4446230e+06   6.5490723e+01
   5.4449530e+06   6.5002441e+01
   5.4452890e+06   6.5795898e+01
   5.4458170e+06   6.3598633e+01
   5.4460560e+06   6.4636230e+01
   5.4465330e+06   6.2072754e+01
   5.4826060e+06   6.2194824e+01
   5.5498220e+06   6.1218262e+01
   5.7902240e+06   6.3415527e+01
   6.7694020e+06   1.3659668e+02
   6.7694250e+06   1.6400146e+02
   6.7695050e+06   6.5612793e+01
   6.7695640e+06   7.8796387e+01
   6.7696320e+06   7.0312500e+01
   6.7697220e+06   6.8542480e+01
   6.7698930e+06   6.5734863e+01
   6.7703720e+06   6.2744141e+01
   6.7704830e+06   6.1828613e+01
   6.7715050e+06   6.9030762e+01
   6.7723570e+06   6.6772461e+01
   6.9823750e+06   6.6772461e+01
   6.9824220e+06   1.7205811e+02
   6.9824370e+06   8.6853027e+01
   6.9826120e+06   8.8684082e+01
   6.9826540e+06   8.2519531e+01
   6.9827020e+06   8.4838867e+01
   6.9827730e+06   7.2875977e+01
   6.9836390e+06   6.4941406e+01
   6.9838000e+06   6.5246582e+01
   6.9839200e+06   6.7443848e+01
   6.9845220e+06   6.4636230e+01
   7.0282880e+06   7.6904297e+01
   7.0283720e+06   9.5458984e+01
   7.0284160e+06   1.1035156e+02
   7.0284300e+06   1.1236572e+02
   7.0284720e+06   9.4604492e+01
   7.0284920e+06   8.2458496e+01
   7.0285180e+06   1.0107422e+02
   7.0285420e+06   7.1228027e+01
   7.0286310e+06   6.6711426e+01
   7.0286700e+06   7.9101562e+01
   7.0287570e+06   6.6528320e+01
   7.0288030e+06   6.2988281e+01
   7.0295730e+06   6.1889648e+01
   7.0296990e+06   7.1289062e+01
   7.4482290e+06   7.8186035e+01
   7.4482720e+06   7.6416016e+01
   7.4482860e+06   2.1582031e+02
   7.4483120e+06   7.3303223e+01
   7.4484760e+06   7.4523926e+01
   7.4485160e+06   6.2805176e+01
   7.4485600e+06   6.5307617e+01
   7.4486220e+06   6.4697266e+01
   7.4494320e+06   6.1828613e+01
   7.4500320e+06   6.2561035e+01
   7.4619990e+06   6.3964844e+01
   7.4622110e+06   7.2692871e+01
   7.4622250e+06   9.0270996e+01
   7.4623660e+06   7.1166992e+01
   7.4624100e+06   8.0444336e+01
   7.4626290e+06   6.5612793e+01
   7.4627150e+06   7.3608398e+01
   7.4627450e+06   8.0078125e+01
   7.4628030e+06   6.3659668e+01
   7.4631310e+06   6.3354492e+01
   7.4640300e+06   7.0007324e+01
   7.5402730e+06   6.4697266e+01
   7.6927490e+06   7.7270508e+01
   7.6927810e+06   1.3220215e+02
   7.6928030e+06   1.8951416e+02
   7.6928390e+06   7.5988770e+01
   7.6929420e+06   6.8115234e+01
   7.6929790e+06   9.5886230e+01
   7.6930460e+06   7.1533203e+01
   7.6931290e+06   6.2561035e+01
   7.6932090e+06   8.3740234e+01
   7.6935690e+06   6.3415527e+01
   7.6949040e+06   6.3781738e+01
   7.6949710e+06   6.6223145e+01
   7.7088070e+06   6.5856934e+01
   7.7088970e+06   7.9406738e+01
   7.7089090e+06   1.0498047e+02
   7.7089240e+06   9.0637207e+01
   7.7090030e+06   7.2937012e+01
   7.7090370e+06   1.2640381e+02
   7.7090710e+06   6.2805176e+01
   7.7091650e+06   7.4096680e+01
   7.7092890e+06   8.7280273e+01
   7.7094600e+06   8.1848145e+01
   7.7101930e+06   6.2683105e+01
   7.8261990e+06   6.9763184e+01
   7.8262250e+06   8.4716797e+01
   7.8262370e+06   1.3336182e+02
   7.8262910e+06   7.8125000e+01
   7.8264290e+06   9.2407227e+01
   7.8264900e+06   6.9213867e+01
   7.8265470e+06   8.1176758e+01
   7.8267060e+06   6.5551758e+01
   7.8267440e+06   6.3964844e+01
   7.8268420e+06   6.3415527e+01
   7.8270340e+06   6.2683105e+01
   7.8273160e+06   6.2316895e+01
   8.0189500e+06   6.7321777e+01
   8.0189900e+06   7.1838379e+01
   8.0190200e+06   1.8884277e+02
   8.0190410e+06   6.9702148e+01
   8.0190910e+06   1.6082764e+02
   8.0191470e+06   8.3312988e+01
   8.0192480e+06   6.2194824e+01
   8.0193390e+06   8.7097168e+01
   8.0193940e+06   8.9172363e+01
   8.0198920e+06   6.1828613e+01
   8.0200010e+06   7.4218750e+01
   8.0201160e+06   7.1472168e+01
   8.0208720e+06   6.2866211e+01
   8.1930210e+06   1.1578369e+02
   8.1930430e+06   1.3354492e+02
   8.1930660e+06   7.1533203e+01
   8.1930960e+06   8.2397461e+01
   8.1931210e+06   6.6833496e+01
   8.1931770e+06   7.6232910e+01
   8.1932870e+06   9.4421387e+01
   8.1934680e+06   8.0932617e+01
   8.1939750e+06   7.2448730e+01
   8.1943760e+06   7.0617676e+01
   8.6735820e+06   9.1613770e+01
   8.6736240e+06   1.7529297e+02
   8.6736520e+06   1.3360596e+02
   8.6736880e+06   1.2585449e+02
   8.6738360e+06   8.2641602e+01
   8.6739000e+06   8.1420898e+01
   8.6739330e+06   8.8562012e+01
   8.6739890e+06   7.9528809e+01
   8.6749750e+06   6.7687988e+01
   8.6751100e+06   6.4514160e+01
   8.6759160e+06   6.8054199e+01
   8.8632890e+06   6.2316895e+01
   8.8774970e+06   6.2988281e+01
   8.8775620e+06   8.6547852e+01
   8.8775830e+06   1.2103271e+02
   8.8776140e+06   1.0357666e+02
   8.8776350e+06   1.0992432e+02
   8.8777070e+06   6.9152832e+01
   8.8777710e+06   6.7871094e+01
   8.8778280e+06   6.7382812e+01
   8.8778950e+06   6.8664551e+01
   8.8779300e+06   6.6406250e+01
   8.8780050e+06   6.7932129e+01
   8.8784500e+06   9.0148926e+01
   8.8786830e+06   6.5734863e+01
   8.8793450e+06   6.2500000e+01
   8.8795000e+06   6.2866211e+01
   9.0501610e+06   6.4880371e+01
   9.0502100e+06   1.1383057e+02
   9.0502500e+06   1.1798096e+02
   9.0504170e+06   6.1645508e+01
   9.0504700e+06   6.5612793e+01
   9.0505110e+06   6.5795898e+01
   9.0507680e+06   6.6589355e+01
   9.0518570e+06   6.6040039e+01
   9.0524200e+06   6.1767578e+01
   9.0530060e+06   7.4462891e+01
   9.0709800e+06   6.1950684e+01
   9.2168400e+06   1.1749268e+02
   9.2168750e+06   1.7559814e+02
   9.2169460e+06   7.8613281e+01
   9.2169980e+06   7.5073242e+01
   9.2170840e+06   6.9580078e+01
   9.2172080e+06   7.0007324e+01
   9.2176820e+06   6.4819336e+01
   9.2192960e+06   6.4819336e+01
   9.2851990e+06   6.2438965e+01
   9.2853460e+06   1.1212158e+02
   9.2853660e+06   8.4411621e+01
   9.2853800e+06   6.2622070e+01
   9.2854190e+06   1.0021973e+02
   9.2854510e+06   6.4941406e+01
   9.2855370e+06   6.2866211e+01
   9.2856750e+06   8.3557129e+01
   9.2857010e+06   6.6467285e+01
   9.2857760e+06   6.5979004e+01
   9.2860770e+06   7.2326660e+01
   9.2863740e+06   6.5551758e+01
   9.2864770e+06   6.2011719e+01
   9.4262790e+06   8.5815430e+01
   9.4263300e+06   8.1176758e+01
   9.4263570e+06   8.8623047e+01
   9.4263930e+06   1.4288330e+02
   9.4265580e+06   7.2326660e+01
   9.4266840e+06   7.2570801e+01
   9.4271700e+06   7.4035645e+01
   9.4273910e+06   7.8308105e+01
   9.4275150e+06   6.5429688e+01
   9.4275290e+06   6.3537598e+01
   9.4278040e+06   6.5063477e+01
   9.4283450e+06   6.2377930e+01
   9.5657810e+06   7.1350098e+01
   9.5658010e+06   1.4337158e+02
   9.5658300e+06   8.1848145e+01
   9.5658620e+06   1.1968994e+02
   9.5661060e+06   8.0993652e+01
   9.5661840e+06   6.2072754e+01
   9.5662510e+06   6.1889648e+01
   9.5666210e+06   6.3293457e+01
   9.5670270e+06   6.2133789e+01
   9.5673950e+06   7.7636719e+01
   9.5676470e+06   7.0495605e+01
   9.6321270e+06   6.1523438e+01
   9.7956070e+06   7.3669434e+01
   9.7956410e+06   7.4462891e+01
   9.7956910e+06   1.4263916e+02
   9.7957120e+06   6.6223145e+01
   9.7957470e+06   9.6740723e+01
   9.7958080e+06   7.3425293e+01
   9.7959320e+06   7.2631836e+01
   9.7960050e+06   6.3049316e+01
   9.7960320e+06   7.0190430e+01
   9.7963320e+06   6.9824219e+01
   9.7965130e+06   6.6589355e+01
   9.7969490e+06   7.7880859e+01
   9.9166550e+06   7.2998047e+01
   9.9167540e+06   7.1655273e+01
   9.9167740e+06   7.2448730e+01
   9.9168020e+06   1.0992432e+02
   9.9169100e+06   7.2875977e+01
   9.9169740e+06   7.5988770e+01
   9.9170370e+06   6.2500000e+01
   9.9170790e+06   7.0007324e+01
   9.9175100e+06   6.9396973e+01
   9.9176200e+06   7.0617676e+01
   9.9177230e+06   6.6528320e+01
   9.9178510e+06   6.3354492e+01
   9.9180060e+06   6.3049316e+01
   9.9182920e+06   7.2448730e+01
   1.0077908e+07   6.2622070e+01
   1.0077943e+07   7.2021484e+01
   1.0077959e+07   6.4025879e+01
   1.0077995e+07   1.0125732e+02
   1.0078034e+07   9.7778320e+01
   1.0078070e+07   1.0107422e+02
   1.0078241e+07   8.1481934e+01
   1.0078349e+07   7.1472168e+01
   1.0078368e+07   6.4147949e+01
   1.0078886e+07   7.2937012e+01
   1.0079002e+07   7.0312500e+01
   1.0079103e+07   7.5256348e+01
   1.0079375e+07   6.2194824e+01
   1.0079859e+07   6.3232422e+01
   1.0079895e+07   7.1350098e+01
   1.0213246e+07   6.2500000e+01
   1.0329725e+07   6.9152832e+01
   1.0329809e+07   9.3505859e+01
   1.0329838e+07   1.4013672e+02
   1.0329870e+07   1.4270020e+02
   1.0329913e+07   7.3669434e+01
   1.0329996e+07   6.2072754e+01
   1.0330055e+07   6.8908691e+01
   1.0330068e+07   7.5805664e+01
   1.0330682e+07   6.6894531e+01
   1.0330794e+07   6.1889648e+01
   1.0331346e+07   6.1889648e+01
   1.0331466e+07   6.3476562e+01
   1.0692891e+07   6.6345215e+01
   1.0692938e+07   7.8430176e+01
   1.0692959e+07   1.3977051e+02
   1.0692997e+07   1.0070801e+02
   1.0693027e+07   1.4611816e+02
   1.0693037e+07   6.8420410e+01
   1.0693171e+07   6.3293457e+01
   1.0693214e+07   6.4636230e+01
   1.0693272e+07   6.2072754e+01
   1.0693325e+07   6.9824219e+01
   1.0693345e+07   6.1889648e+01
   1.0693775e+07   6.6101074e+01
   1.0694670e+07   6.1706543e+01
   1.0719751e+07   7.0434570e+01
   1.0719850e+07   6.4270020e+01
   1.0719917e+07   7.4340820e+01
   1.0719971e+07   1.0656738e+02
   1.0720021e+07   1.0150146e+02
   1.0720050e+07   1.1865234e+02
   1.0720082e+07   8.7097168e+01
   1.0720135e+07   6.6528320e+01
   1.0720197e+07   7.5927734e+01
   1.0720313e+07   7.6782227e+01
   1.0720463e+07   6.3354492e+01
   1.0720851e+07   6.7016602e+01
   1.0721120e+07   6.7504883e+01
   1.0721372e+07   6.3354492e+01
   1.1199803e+07   6.6833496e+01
   1.1199865e+07   1.6180420e+02
   1.1199912e+07   1.0028076e+02
   1.1200019e+07   6.4514160e+01
   1.1200069e+07   8.3435059e+01
   1.1200113e+07   7.3181152e+01
   1.1200177e+07   6.7993164e+01
   1.1200228e+07   6.9274902e+01
   1.1200915e+07   6.8420410e+01
   1.1203067e+07   6.2438965e+01
   1.1596090e+07   1.1431885e+02
   1.1596129e+07   2.3522949e+02
   1.1596145e+07   6.2927246e+01
   1.1596185e+07   8.8378906e+01
   1.1596286e+07   6.9274902e+01
   1.1596363e+07   6.2377930e+01
   1.1596447e+07   8.2946777e+01
   1.1596496e+07   6.2316895e+01
   1.1597128e+07   6.6650391e+01
   1.1597269e+07   6.2255859e+01
   1.1597583e+07   6.4941406e+01
   1.1598237e+07   6.2316895e+01
   1.1896525e+07   6.9030762e+01
