   1.1996000e+07   0.0000000e+00
   4.8713000e+04   6.2011719e+01
   1.2631100e+05   7.5378418e+01
   1.2641200e+05   7.6232910e+01
   1.2649200e+05   6.0913086e+01
   2.1290100e+05   6.1523438e+01
   2.2800000e+05   6.0546875e+01
   2.4957000e+05   6.8786621e+01
   3.6292500e+05   6.2377930e+01
   3.7472600e+05   9.8449707e+01
   3.7476600e+05   8.0444336e+01
   3.7486600e+05   7.5317383e+01
   5.0425900e+05   6.0546875e+01
   5.1945100e+05   6.6589355e+01
   5.1951600e+05   7.2875977e+01
   5.1956200e+05   6.8115234e+01
   5.1961200e+05   6.1523438e+01
   5.1963900e+05   7.2570801e+01
   6.1345500e+05   6.5612793e+01
   6.1348200e+05   6.6406250e+01
   6.1363800e+05   7.5622559e+01
   6.8501400e+05   6.2805176e+01
   7.8776900e+05   6.1462402e+01
   7.9730600e+05   6.2194824e+01
   8.1454000e+05   8.1359863e+01
   8.1456400e+05   7.0007324e+01
   9.5256700e+05   6.2744141e+01
   9.5305700e+05   6.0913086e+01
   9.5314100e+05   6.4819336e+01
   9.5317900e+05   7.6782227e+01
   9.5319700e+05   7.0739746e+01
   9.5322200e+05   6.1218262e+01
   1.0504660e+06   6.4147949e+01
   1.0638330e+06   6.1523438e+01
   1.1055980e+06   6.1035156e+01
   1.1733860e+06   6.3110352e+01
   1.2348370e+06   6.5551758e+01
   1.2349280e+06   6.1218262e+01
   1.2349990e+06   6.5063477e+01
   1.3300870e+06   6.2072754e+01
   1.3506990e+06   6.3293457e+01
   1.5944420e+06   6.5063477e+01
   1.6234270e+06   6.4514160e+01
   1.8402310e+06   6.2011719e+01
   1.8609440e+06   6.0485840e+01
   1.8717320e+06   6.6040039e+01
   1.8717700e+06   6.2683105e+01
   1.8718000e+06   6.0607910e+01
   1.8718550e+06   6.3659668e+01
   1.8720230e+06   6.6162109e+01
   1.8744450e+06   6.2805176e+01
   1.9222340e+06   6.2255859e+01
   2.0634810e+06   6.5368652e+01
   2.0637150e+06   7.7636719e+01
   2.0637480e+06   6.6040039e+01
   2.3184810e+06   6.2561035e+01
   2.3332600e+06   6.5429688e+01
   2.4861340e+06   6.2377930e+01
   2.5064860e+06   6.3903809e+01
   2.5253880e+06   6.0791016e+01
   2.5800350e+06   7.6049805e+01
   2.9043610e+06   6.6345215e+01
   2.9711150e+06   6.0180664e+01
   3.0421330e+06   6.4758301e+01
   3.0542100e+06   6.4697266e+01
   3.0623360e+06   6.1706543e+01
   3.2296320e+06   6.5795898e+01
   3.3127390e+06   6.1340332e+01
   3.3478710e+06   6.6589355e+01
   3.3655940e+06   6.4819336e+01
   3.3878990e+06   6.2377930e+01
   3.3935600e+06   6.3781738e+01
   3.4782710e+06   6.1279297e+01
   3.5903010e+06   7.0190430e+01
   3.6457820e+06   6.0913086e+01
   3.6761100e+06   6.0852051e+01
   3.8106030e+06   6.3842773e+01
   3.9069710e+06   9.5764160e+01
   3.9070040e+06   9.8388672e+01
   3.9070200e+06   6.7565918e+01
   3.9070410e+06   6.4697266e+01
   3.9070920e+06   6.9030762e+01
   3.9071310e+06   6.5368652e+01
   3.9092210e+06   6.0852051e+01
   3.9781750e+06   6.2072754e+01
   4.0314360e+06   7.0129395e+01
   4.0353160e+06   6.2438965e+01
   4.0961270e+06   6.0913086e+01
   4.1026740e+06   6.4086914e+01
   4.1033880e+06   6.4331055e+01
   4.1256840e+06   6.0913086e+01
   4.1612280e+06   6.3720703e+01
   4.3252560e+06   6.4270020e+01
   4.3562980e+06   6.2438965e+01
   4.3653700e+06   6.5856934e+01
   4.4311630e+06   6.6406250e+01
   4.4889770e+06   6.6284180e+01
   4.5045240e+06   6.3110352e+01
   4.6879440e+06   6.4636230e+01
   4.6983680e+06   6.3110352e+01
   4.7261100e+06   6.6589355e+01
   4.7261380e+06   6.0913086e+01
   4.7261520e+06   8.3251953e+01
   4.7262110e+06   6.8969727e+01
   4.7262540e+06   6.7138672e+01
   4.7276650e+06   6.3354492e+01
   4.7299640e+06   6.1767578e+01
   4.8061710e+06   6.4636230e+01
   4.8063660e+06   6.2011719e+01
   4.8521020e+06   7.2753906e+01
   4.9407130e+06   6.3537598e+01
   4.9639250e+06   6.1767578e+01
   4.9753760e+06   6.5673828e+01
   5.0092760e+06   6.6040039e+01
   5.0093110e+06   7.5744629e+01
   5.0093260e+06   8.0017090e+01
   5.0103300e+06   6.2927246e+01
   5.0488220e+06   6.8420410e+01
   5.0703520e+06   6.2805176e+01
   5.1261050e+06   6.5124512e+01
   5.1458660e+06   6.3049316e+01
   5.3035810e+06   6.2500000e+01
   5.3251180e+06   6.6040039e+01
   5.4193320e+06   6.1096191e+01
   5.4441480e+06   7.9833984e+01
   5.4441770e+06   8.6364746e+01
   5.4442400e+06   7.8125000e+01
   5.4442630e+06   6.0974121e+01
   5.5141680e+06   6.0791016e+01
   5.5216090e+06   6.1340332e+01
   5.5440770e+06   6.0791016e+01
   5.5543800e+06   6.1706543e+01
   5.5812500e+06   7.0983887e+01
   5.6185220e+06   6.1340332e+01
   5.6424020e+06   6.2683105e+01
   5.6954320e+06   6.4453125e+01
   5.7531940e+06   6.8786621e+01
   5.7968030e+06   6.3171387e+01
   5.8215390e+06   6.4392090e+01
   5.8667740e+06   6.2988281e+01
   5.8739860e+06   6.7504883e+01
   5.9050160e+06   7.2937012e+01
   6.0152120e+06   6.7626953e+01
   6.0154830e+06   6.3354492e+01
   6.0439710e+06   6.4147949e+01
   6.2912910e+06   6.1279297e+01
   6.3027510e+06   6.4208984e+01
   6.3551780e+06   5.9875488e+01
   6.3917470e+06   6.5429688e+01
   6.4297920e+06   6.2683105e+01
   6.5233830e+06   5.9875488e+01
   6.5792180e+06   6.4392090e+01
   6.5894020e+06   6.0241699e+01
   6.6117300e+06   6.1157227e+01
   6.6462080e+06   6.4880371e+01
   6.6724440e+06   6.0668945e+01
   6.6862850e+06   6.6894531e+01
   6.7047770e+06   6.2011719e+01
   6.7156680e+06   6.5307617e+01
   6.7582560e+06   6.2255859e+01
   6.7693690e+06   6.2927246e+01
   6.7693820e+06   6.9335938e+01
   6.7694120e+06   1.0028076e+02
   6.7694330e+06   8.2214355e+01
   6.7695090e+06   6.8542480e+01
   6.7695700e+06   6.5856934e+01
   6.7696810e+06   6.2011719e+01
   6.7801890e+06   6.1340332e+01
   6.8309760e+06   6.5307617e+01
   6.8703900e+06   6.3110352e+01
   6.8918470e+06   6.5124512e+01
   6.9301710e+06   6.1157227e+01
   6.9657020e+06   5.9875488e+01
   6.9743060e+06   6.0363770e+01
   6.9757130e+06   6.8237305e+01
   6.9823870e+06   9.0942383e+01
   6.9824050e+06   7.6416016e+01
   6.9824490e+06   6.0363770e+01
   6.9824740e+06   7.0434570e+01
   7.0144920e+06   6.2377930e+01
   7.0149150e+06   6.0058594e+01
   7.0283510e+06   6.1950684e+01
   7.0283860e+06   1.0052490e+02
   7.0284080e+06   7.7270508e+01
   7.0284660e+06   8.4350586e+01
   7.0285180e+06   6.6223145e+01
   7.0285780e+06   6.2805176e+01
   7.0286110e+06   6.3903809e+01
   7.0287240e+06   5.9997559e+01
   7.0317960e+06   7.0617676e+01
   7.0728000e+06   6.9519043e+01
   7.0816390e+06   6.1462402e+01
   7.1455340e+06   6.2805176e+01
   7.1837730e+06   6.9946289e+01
   7.1862190e+06   6.1401367e+01
   7.2343710e+06   6.1523438e+01
   7.2425070e+06   6.3232422e+01
   7.2533620e+06   6.2805176e+01
   7.2880780e+06   6.2988281e+01
   7.3006320e+06   6.3537598e+01
   7.3128530e+06   6.9580078e+01
   7.3133560e+06   6.0424805e+01
   7.3136410e+06   5.9936523e+01
   7.3549140e+06   6.3476562e+01
   7.3583140e+06   6.2133789e+01
   7.3641940e+06   6.2622070e+01
   7.3652280e+06   8.3007812e+01
   7.4482590e+06   9.1491699e+01
   7.4482690e+06   9.1125488e+01
   7.4483070e+06   6.8847656e+01
   7.4483460e+06   8.5937500e+01
   7.4483700e+06   6.1218262e+01
   7.4621740e+06   6.4147949e+01
   7.4622120e+06   8.0139160e+01
   7.4622880e+06   7.1716309e+01
   7.4623210e+06   8.0749512e+01
   7.4624150e+06   7.3425293e+01
   7.4624470e+06   7.9650879e+01
   7.4624620e+06   6.4270020e+01
   7.4625430e+06   6.9641113e+01
   7.5311680e+06   6.2561035e+01
   7.5715500e+06   6.4208984e+01
   7.6483170e+06   6.7810059e+01
   7.6585840e+06   6.0974121e+01
   7.6927600e+06   7.0495605e+01
   7.6927720e+06   8.2580566e+01
   7.6927890e+06   7.9284668e+01
   7.6928590e+06   6.3842773e+01
   7.6929480e+06   6.4941406e+01
   7.6952600e+06   6.6467285e+01
   7.7078540e+06   6.4697266e+01
   7.7088570e+06   6.1340332e+01
   7.7088910e+06   9.6008301e+01
   7.7089340e+06   5.9875488e+01
   7.7343620e+06   6.1035156e+01
   7.7617600e+06   6.4880371e+01
   7.7761120e+06   6.2988281e+01
   7.8261290e+06   6.0119629e+01
   7.8262320e+06   7.4584961e+01
   7.8833310e+06   6.1706543e+01
   7.9254460e+06   6.4941406e+01
   7.9275590e+06   6.2316895e+01
   7.9369290e+06   6.1828613e+01
   7.9390120e+06   6.0607910e+01
   8.0189590e+06   7.1899414e+01
   8.0190140e+06   6.9030762e+01
   8.0190320e+06   6.7871094e+01
   8.0190730e+06   6.9763184e+01
   8.0191010e+06   6.0852051e+01
   8.0542920e+06   6.5124512e+01
   8.0848530e+06   6.3110352e+01
   8.1298390e+06   6.3232422e+01
   8.1440550e+06   6.0852051e+01
   8.1930230e+06   7.8491211e+01
   8.1930340e+06   7.4401855e+01
   8.1931040e+06   6.3415527e+01
   8.1942720e+06   6.5063477e+01
   8.2787680e+06   6.1035156e+01
   8.2914360e+06   7.2509766e+01
   8.3196660e+06   6.1218262e+01
   8.3417070e+06   6.4941406e+01
   8.4264250e+06   6.1218262e+01
   8.4452410e+06   7.3059082e+01
   8.4638240e+06   6.0668945e+01
   8.4901490e+06   6.0485840e+01
   8.5901680e+06   6.1706543e+01
   8.6257830e+06   6.5734863e+01
   8.6523700e+06   6.2316895e+01
   8.6735910e+06   6.1279297e+01
   8.6736160e+06   1.0821533e+02
   8.6736680e+06   6.8847656e+01
   8.6737920e+06   8.1420898e+01
   8.7659450e+06   6.9335938e+01
   8.7675870e+06   6.2072754e+01
   8.7727520e+06   6.3537598e+01
   8.8146240e+06   6.5307617e+01
   8.8254600e+06   6.4941406e+01
   8.8775330e+06   9.5214844e+01
   8.8775600e+06   8.5693359e+01
   8.8775700e+06   6.0180664e+01
   8.9082430e+06   6.1218262e+01
   8.9423200e+06   6.6345215e+01
   8.9606850e+06   6.3171387e+01
   8.9779130e+06   6.1340332e+01
   9.0215260e+06   6.2561035e+01
   9.0392510e+06   6.5612793e+01
   9.0501960e+06   9.5031738e+01
   9.0502080e+06   7.5561523e+01
   9.0502660e+06   6.5979004e+01
   9.0502930e+06   6.5979004e+01
   9.0503490e+06   6.1523438e+01
   9.0504090e+06   6.4941406e+01
   9.1425460e+06   6.3781738e+01
   9.1609950e+06   6.5429688e+01
   9.1616960e+06   6.0852051e+01
   9.2168060e+06   8.0505371e+01
   9.2168720e+06   7.3730469e+01
   9.2168900e+06   6.1523438e+01
   9.2169630e+06   6.7871094e+01
   9.2853110e+06   7.5683594e+01
   9.2853970e+06   6.3049316e+01
   9.2854370e+06   7.0617676e+01
   9.2854690e+06   6.3293457e+01
   9.2855580e+06   6.0729980e+01
   9.3883220e+06   6.6711426e+01
   9.4064730e+06   6.0058594e+01
   9.4204590e+06   6.0668945e+01
   9.4261760e+06   6.5185547e+01
   9.4262610e+06   6.2438965e+01
   9.4262810e+06   6.0729980e+01
   9.4263100e+06   7.3181152e+01
   9.4264070e+06   6.0913086e+01
   9.4264340e+06   6.2744141e+01
   9.4521040e+06   6.1889648e+01
   9.4614350e+06   6.0852051e+01
   9.4964000e+06   6.0546875e+01
   9.5406680e+06   6.8237305e+01
   9.5520240e+06   6.3354492e+01
   9.5655330e+06   6.5307617e+01
   9.5657150e+06   6.6467285e+01
   9.5657340e+06   8.9111328e+01
   9.5657590e+06   7.9040527e+01
   9.5657740e+06   7.9223633e+01
   9.5658010e+06   8.0810547e+01
   9.5658290e+06   6.2255859e+01
   9.5658490e+06   6.0424805e+01
   9.5658690e+06   6.3354492e+01
   9.5659770e+06   6.3720703e+01
   9.6077880e+06   6.5612793e+01
   9.6563570e+06   6.5246582e+01
   9.6861360e+06   6.2011719e+01
   9.7425150e+06   6.1767578e+01
   9.7464200e+06   6.9335938e+01
   9.7628810e+06   6.1279297e+01
   9.7845570e+06   6.2194824e+01
   9.7955500e+06   6.4819336e+01
   9.7955830e+06   6.0791016e+01
   9.7956390e+06   6.1157227e+01
   9.7957220e+06   8.3374023e+01
   9.7957630e+06   6.3720703e+01
   9.7957900e+06   6.9885254e+01
   9.7959510e+06   6.1645508e+01
   9.8542520e+06   6.8908691e+01
   9.8655720e+06   6.0546875e+01
   9.8876080e+06   6.0546875e+01
   9.9063720e+06   6.2988281e+01
   9.9167020e+06   6.4575195e+01
   9.9167490e+06   6.2133789e+01
   9.9167970e+06   7.0556641e+01
   9.9168540e+06   6.2500000e+01
   9.9495550e+06   6.2744141e+01
   9.9780360e+06   6.1950684e+01
   9.9786220e+06   6.6223145e+01
   9.9999850e+06   6.0607910e+01
   1.0042419e+07   6.0668945e+01
   1.0055691e+07   6.0241699e+01
   1.0055878e+07   6.0302734e+01
   1.0077917e+07   6.2500000e+01
   1.0077952e+07   7.7331543e+01
   1.0077973e+07   7.0800781e+01
   1.0078034e+07   6.0119629e+01
   1.0078067e+07   6.3049316e+01
   1.0080832e+07   6.7871094e+01
   1.0083395e+07   6.5124512e+01
   1.0102124e+07   6.0424805e+01
   1.0147097e+07   7.0861816e+01
   1.0148003e+07   6.3293457e+01
   1.0178792e+07   6.0241699e+01
   1.0179782e+07   6.6101074e+01
   1.0187458e+07   6.1340332e+01
   1.0256469e+07   6.1828613e+01
   1.0317332e+07   6.4453125e+01
   1.0329741e+07   6.5429688e+01
   1.0329790e+07   1.0516357e+02
   1.0329802e+07   6.4697266e+01
   1.0329867e+07   6.4331055e+01
   1.0329877e+07   7.2631836e+01
   1.0329909e+07   6.4392090e+01
   1.0329956e+07   6.8420410e+01
   1.0508690e+07   6.5612793e+01
   1.0531075e+07   6.2072754e+01
   1.0576597e+07   6.2316895e+01
   1.0577662e+07   6.0668945e+01
   1.0577965e+07   6.0607910e+01
   1.0625842e+07   6.6955566e+01
   1.0626747e+07   6.3415527e+01
   1.0675426e+07   6.2072754e+01
   1.0690036e+07   6.7871094e+01
   1.0692888e+07   6.4025879e+01
   1.0692926e+07   8.1604004e+01
   1.0692956e+07   7.1411133e+01
   1.0693015e+07   8.5998535e+01
   1.0693068e+07   6.4758301e+01
   1.0719691e+07   6.0058594e+01
   1.0719915e+07   6.4575195e+01
   1.0719972e+07   7.4401855e+01
   1.0720003e+07   7.4951172e+01
   1.0720017e+07   7.1044922e+01
   1.0720179e+07   6.2866211e+01
   1.0754561e+07   6.3964844e+01
   1.0775968e+07   6.5002441e+01
   1.0811966e+07   6.4758301e+01
   1.0877683e+07   6.7626953e+01
   1.0914095e+07   6.4025879e+01
   1.0948681e+07   6.6528320e+01
   1.0987001e+07   6.2438965e+01
   1.1023834e+07   6.0424805e+01
   1.1113160e+07   6.0363770e+01
   1.1126725e+07   7.4707031e+01
   1.1199743e+07   6.2561035e+01
   1.1199799e+07   7.7331543e+01
   1.1199814e+07   6.8847656e+01
   1.1199853e+07   6.2011719e+01
   1.1199864e+07   7.4890137e+01
   1.1199904e+07   7.5317383e+01
   1.1238655e+07   6.4941406e+01
   1.1257483e+07   6.4636230e+01
   1.1291560e+07   6.8908691e+01
   1.1300769e+07   6.2438965e+01
   1.1354112e+07   7.0556641e+01
   1.1366663e+07   6.1706543e+01
   1.1387251e+07   6.5917969e+01
   1.1388040e+07   6.0302734e+01
   1.1389447e+07   6.0302734e+01
   1.1415174e+07   6.1645508e+01
   1.1443308e+07   6.3415527e+01
   1.1526767e+07   6.1523438e+01
   1.1546577e+07   6.9519043e+01
   1.1560900e+07   6.0607910e+01
   1.1594265e+07   6.4392090e+01
   1.1596052e+07   6.4331055e+01
   1.1596107e+07   9.6801758e+01
   1.1596121e+07   6.6162109e+01
   1.1596164e+07   6.2072754e+01
   1.1596207e+07   6.8420410e+01
   1.1596218e+07   6.3354492e+01
   1.1598428e+07   6.0852051e+01
   1.1688106e+07   6.1950684e+01
   1.1740342e+07   6.2622070e+01
   1.1751045e+07   6.1157227e+01
   1.1765035e+07   6.7993164e+01
   1.1772720e+07   6.1767578e+01
   1.1817039e+07   6.3049316e+01
   1.1869431e+07   6.2744141e+01
   1.1889496e+07   6.0607910e+01
   1.1924232e+07   6.6894531e+01
   1.1981411e+07   6.3171387e+01
   1.1987054e+07   6.4514160e+01
