   1.1996000e+07   0.0000000e+00
   1.2613700e+05   5.6152344e+01
   3.7429700e+05   6.8908691e+01
   3.7432100e+05   6.5185547e+01
   6.4254600e+05   5.6152344e+01
   8.1407900e+05   6.3781738e+01
   8.1412000e+05   5.7189941e+01
   2.0641600e+06   5.9631348e+01
   3.6169880e+06   5.8227539e+01
   3.9067460e+06   5.8776855e+01
   4.3406010e+06   5.8410645e+01
   5.0090770e+06   7.3669434e+01
   5.3818980e+06   5.7861328e+01
   6.9821940e+06   5.9997559e+01
   7.6925190e+06   5.7495117e+01
   8.0187360e+06   5.7434082e+01
   8.0187740e+06   5.7373047e+01
   8.1927420e+06   6.5917969e+01
   9.0505260e+06   5.7495117e+01
   9.7772710e+06   5.7739258e+01
   9.7953800e+06   6.6833496e+01
   1.0038838e+07   6.2561035e+01
   1.0692679e+07   5.9692383e+01
   1.0720474e+07   6.5429688e+01
   1.1199601e+07   6.1096191e+01
