   1.1996000e+07   0.0000000e+00
   1.9706000e+04   3.6926270e+01
   1.2571400e+05   4.0405273e+01
   1.2573900e+05   6.4086914e+01
   1.2575600e+05   4.5166016e+01
   1.2580000e+05   6.1706543e+01
   1.2582100e+05   8.0566406e+01
   1.2588000e+05   4.7241211e+01
   1.2590600e+05   3.9733887e+01
   1.2596500e+05   5.3833008e+01
   1.2605400e+05   3.7902832e+01
   1.2803500e+05   4.2297363e+01
   1.2864900e+05   4.1625977e+01
   3.7411700e+05   3.8085938e+01
   3.7421700e+05   5.0415039e+01
   3.7429500e+05   3.5888672e+01
   3.7430500e+05   8.3007812e+01
   3.7432500e+05   3.9794922e+01
   3.7435900e+05   5.5114746e+01
   3.7438900e+05   4.7729492e+01
   3.7440200e+05   3.7963867e+01
   3.7443300e+05   4.8095703e+01
   3.7447800e+05   4.5898438e+01
   3.7451800e+05   5.5908203e+01
   3.7461000e+05   3.6132812e+01
   3.7677400e+05   3.5827637e+01
   5.1892600e+05   3.7170410e+01
   5.1895600e+05   3.6315918e+01
   5.1896900e+05   4.0039062e+01
   5.1898000e+05   4.4799805e+01
   5.1900200e+05   7.8002930e+01
   5.1902200e+05   5.9265137e+01
   5.1909500e+05   4.2175293e+01
   5.1910500e+05   4.7973633e+01
   5.1912000e+05   6.9885254e+01
   5.1914400e+05   3.7231445e+01
   5.1917600e+05   4.6936035e+01
   5.1924200e+05   3.6193848e+01
   5.1927100e+05   3.6132812e+01
   6.1266500e+05   4.1931152e+01
   6.1269400e+05   4.3151855e+01
   6.1271600e+05   7.4096680e+01
   6.1273500e+05   3.9062500e+01
   6.1275200e+05   4.9133301e+01
   6.1277700e+05   5.3894043e+01
   6.1281900e+05   4.4128418e+01
   6.1284500e+05   7.4157715e+01
   6.1289600e+05   5.2185059e+01
   6.1294600e+05   3.6315918e+01
   6.1298800e+05   4.7607422e+01
   6.1300000e+05   4.3334961e+01
   6.1310800e+05   3.6865234e+01
   6.1316400e+05   4.3518066e+01
   8.1398600e+05   3.5949707e+01
   8.1402400e+05   7.8247070e+01
   8.1405400e+05   5.6701660e+01
   8.1407500e+05   3.9550781e+01
   8.1410000e+05   6.0424805e+01
   8.1414600e+05   4.8461914e+01
   8.1420900e+05   4.1992188e+01
   8.1425700e+05   3.6010742e+01
   8.1429800e+05   3.9062500e+01
   8.1441500e+05   3.6560059e+01
   8.1661600e+05   3.6376953e+01
   9.5245600e+05   4.1809082e+01
   9.5254500e+05   4.5654297e+01
   9.5256600e+05   8.9965820e+01
   9.5262200e+05   4.0283203e+01
   9.5265400e+05   6.0363770e+01
   9.5267600e+05   4.1320801e+01
   9.5269700e+05   4.4616699e+01
   9.5273500e+05   4.5349121e+01
   9.5277000e+05   3.8513184e+01
   9.5280100e+05   4.1442871e+01
   1.2350930e+06   4.0771484e+01
   1.2351320e+06   5.9875488e+01
   1.2351640e+06   4.3334961e+01
   1.2351910e+06   7.1472168e+01
   1.2352020e+06   4.4372559e+01
   1.2352480e+06   3.7353516e+01
   1.2352880e+06   4.9194336e+01
   1.2353040e+06   4.2785645e+01
   1.2353290e+06   3.7841797e+01
   1.2353650e+06   3.6621094e+01
   1.2357430e+06   3.6499023e+01
   1.6126010e+06   3.5949707e+01
   1.7830960e+06   3.6743164e+01
   1.8712760e+06   4.3273926e+01
   1.8713520e+06   4.9682617e+01
   1.8713650e+06   7.8369141e+01
   1.8713920e+06   5.8776855e+01
   1.8714030e+06   3.6804199e+01
   1.8714230e+06   4.4067383e+01
   1.8714450e+06   4.9987793e+01
   1.8714580e+06   3.6926270e+01
   1.8714860e+06   4.9987793e+01
   1.8715070e+06   3.6987305e+01
   1.8715800e+06   4.1259766e+01
   1.8716100e+06   3.6560059e+01
   1.8716360e+06   3.7780762e+01
   1.8718260e+06   3.7963867e+01
   2.0189650e+06   3.7231445e+01
   2.0640010e+06   3.6926270e+01
   2.0640450e+06   6.1401367e+01
   2.0640690e+06   5.9814453e+01
   2.0641050e+06   4.6264648e+01
   2.0641150e+06   3.6682129e+01
   2.0641400e+06   5.5664062e+01
   2.0641620e+06   4.8034668e+01
   2.0642060e+06   3.9978027e+01
   2.0642340e+06   3.6376953e+01
   2.0642710e+06   5.6091309e+01
   2.0643110e+06   3.8391113e+01
   2.0644670e+06   3.8513184e+01
   2.0649280e+06   3.7353516e+01
   2.0650760e+06   3.6804199e+01
   2.0658590e+06   4.2419434e+01
   2.0661880e+06   4.6081543e+01
   2.3861900e+06   3.7475586e+01
   3.2202560e+06   6.5124512e+01
   3.9066710e+06   3.6315918e+01
   3.9067040e+06   4.0527344e+01
   3.9067270e+06   9.6679688e+01
   3.9067480e+06   6.5856934e+01
   3.9067710e+06   4.4067383e+01
   3.9068000e+06   3.9672852e+01
   3.9068180e+06   7.3547363e+01
   3.9068700e+06   3.7353516e+01
   3.9069190e+06   3.6071777e+01
   3.9071080e+06   3.6926270e+01
   4.7258220e+06   4.1137695e+01
   4.7258690e+06   5.2185059e+01
   4.7258880e+06   6.6345215e+01
   4.7259090e+06   5.5541992e+01
   4.7259250e+06   6.2133789e+01
   4.7259560e+06   4.5471191e+01
   4.7259770e+06   5.5053711e+01
   4.7259950e+06   3.7414551e+01
   4.7260060e+06   4.6875000e+01
   4.7260770e+06   4.2480469e+01
   4.7260970e+06   3.8146973e+01
   4.7262220e+06   5.0231934e+01
   4.9417440e+06   4.5593262e+01
   4.9813420e+06   3.6315918e+01
   5.0090270e+06   4.5715332e+01
   5.0090440e+06   1.1584473e+02
   5.0090650e+06   7.0617676e+01
   5.0090970e+06   5.5236816e+01
   5.0091260e+06   4.6752930e+01
   5.0091480e+06   3.6560059e+01
   5.0091730e+06   4.0161133e+01
   5.0092110e+06   3.8757324e+01
   5.0092490e+06   3.6193848e+01
   5.0092980e+06   3.5522461e+01
   5.0093640e+06   3.7963867e+01
   5.0099190e+06   3.7658691e+01
   5.4068570e+06   3.8574219e+01
   5.4438470e+06   3.6987305e+01
   5.4438570e+06   3.9855957e+01
   5.4439140e+06   8.1542969e+01
   5.4439330e+06   1.3385010e+02
   5.4439590e+06   4.8400879e+01
   5.4439860e+06   4.6203613e+01
   5.4440060e+06   4.3395996e+01
   5.4440180e+06   4.9316406e+01
   5.4441020e+06   3.8818359e+01
   5.4441230e+06   3.7841797e+01
   5.4441480e+06   4.5837402e+01
   5.4441750e+06   3.5583496e+01
   5.4441940e+06   3.8452148e+01
   5.9062070e+06   3.6010742e+01
   6.7696060e+06   3.9367676e+01
   6.7696180e+06   7.1716309e+01
   6.7696450e+06   3.8635254e+01
   6.7696590e+06   7.0495605e+01
   6.7696740e+06   4.8645020e+01
   6.7697210e+06   4.8400879e+01
   6.7697720e+06   4.0771484e+01
   6.7698090e+06   4.0222168e+01
   6.7699630e+06   4.8034668e+01
   6.7700650e+06   4.6020508e+01
   6.9820400e+06   6.2988281e+01
   6.9821520e+06   4.4006348e+01
   6.9821790e+06   8.4655762e+01
   6.9821920e+06   7.1716309e+01
   6.9822280e+06   6.8481445e+01
   6.9822440e+06   4.5288086e+01
   6.9822600e+06   4.1503906e+01
   6.9822920e+06   4.2236328e+01
   6.9823200e+06   3.9550781e+01
   6.9823470e+06   4.7363281e+01
   6.9823600e+06   4.4250488e+01
   6.9824270e+06   4.1564941e+01
   6.9824790e+06   4.1992188e+01
   6.9847450e+06   3.6743164e+01
   7.0287580e+06   4.3823242e+01
   7.0287780e+06   1.1236572e+02
   7.0287950e+06   6.0363770e+01
   7.0288170e+06   6.0180664e+01
   7.0288380e+06   3.8513184e+01
   7.0288750e+06   3.8024902e+01
   7.0288940e+06   4.2724609e+01
   7.0289070e+06   6.2377930e+01
   7.0289410e+06   5.3710938e+01
   7.0289920e+06   3.6743164e+01
   7.0290960e+06   3.8818359e+01
   7.0300000e+06   4.0344238e+01
   7.0302350e+06   3.7536621e+01
   7.0303800e+06   3.8085938e+01
   7.4479230e+06   6.3537598e+01
   7.4479460e+06   3.7353516e+01
   7.4480030e+06   6.2683105e+01
   7.4480250e+06   7.2082520e+01
   7.4480510e+06   7.0983887e+01
   7.4480810e+06   4.9072266e+01
   7.4480990e+06   3.8330078e+01
   7.4481210e+06   5.2856445e+01
   7.4481780e+06   4.5593262e+01
   7.4482380e+06   4.3457031e+01
   7.4482670e+06   4.4250488e+01
   7.4483020e+06   3.8452148e+01
   7.4483820e+06   3.7109375e+01
   7.4499080e+06   3.8146973e+01
   7.4625760e+06   3.9184570e+01
   7.4625900e+06   5.6091309e+01
   7.4626140e+06   3.7597656e+01
   7.4626420e+06   6.3842773e+01
   7.4626580e+06   3.7353516e+01
   7.4626810e+06   4.6569824e+01
   7.4627010e+06   4.2297363e+01
   7.4627250e+06   3.9001465e+01
   7.4627450e+06   5.4260254e+01
   7.4627670e+06   4.3212891e+01
   7.4627820e+06   6.0119629e+01
   7.4628370e+06   5.0048828e+01
   7.4630880e+06   4.3884277e+01
   7.4637680e+06   4.0344238e+01
   7.4639600e+06   3.7475586e+01
   7.6924310e+06   3.9245605e+01
   7.6925030e+06   5.9265137e+01
   7.6925270e+06   6.6223145e+01
   7.6925430e+06   4.9072266e+01
   7.6925730e+06   3.9367676e+01
   7.6925900e+06   5.4321289e+01
   7.6926230e+06   4.4555664e+01
   7.6926500e+06   4.5898438e+01
   7.6927040e+06   3.7292480e+01
   7.6927310e+06   3.6132813e+01
   7.6927860e+06   3.9123535e+01
   7.6932700e+06   3.6804199e+01
   7.6936700e+06   3.6437988e+01
   7.6945460e+06   4.3823242e+01
   7.7092590e+06   3.9306641e+01
   7.7092910e+06   3.9062500e+01
   7.7093190e+06   7.2692871e+01
   7.7093380e+06   7.8186035e+01
   7.7093560e+06   6.1828613e+01
   7.7093860e+06   5.0781250e+01
   7.7094040e+06   5.4321289e+01
   7.7094250e+06   3.7414551e+01
   7.7094700e+06   4.0039062e+01
   7.7095030e+06   6.6101074e+01
   7.7095590e+06   3.7353516e+01
   7.7095850e+06   4.4799805e+01
   7.7095980e+06   4.6264648e+01
   7.7096450e+06   3.6865234e+01
   7.7101580e+06   3.6499023e+01
   7.7102430e+06   3.6804199e+01
   7.7104480e+06   3.9489746e+01
   7.8258480e+06   5.7189941e+01
   7.8258740e+06   8.4045410e+01
   7.8258970e+06   6.8664551e+01
   7.8259230e+06   5.0659180e+01
   7.8259370e+06   5.5358887e+01
   7.8259470e+06   3.6132812e+01
   7.8259860e+06   4.2968750e+01
   7.8259980e+06   6.3049316e+01
   7.8261080e+06   3.6254883e+01
   7.8262170e+06   3.8513184e+01
   7.9477950e+06   3.6193848e+01
   8.0185750e+06   4.0039062e+01
   8.0186440e+06   5.9753418e+01
   8.0186840e+06   5.1513672e+01
   8.0187120e+06   7.1899414e+01
   8.0187220e+06   9.2895508e+01
   8.0187490e+06   6.7565918e+01
   8.0187800e+06   3.7963867e+01
   8.0188030e+06   6.8176270e+01
   8.0188490e+06   4.7851562e+01
   8.0188730e+06   5.6396484e+01
   8.0190000e+06   3.6865234e+01
   8.0193740e+06   3.8879395e+01
   8.0202310e+06   4.0283203e+01
   8.1925770e+06   6.2744141e+01
   8.1926520e+06   3.6254883e+01
   8.1927010e+06   4.1625977e+01
   8.1927160e+06   7.1960449e+01
   8.1927260e+06   5.2001953e+01
   8.1927450e+06   6.2072754e+01
   8.1927880e+06   4.9377441e+01
   8.1928130e+06   3.7475586e+01
   8.1928510e+06   3.6560059e+01
   8.1928860e+06   3.9611816e+01
   8.1929240e+06   3.6132812e+01
   8.1929910e+06   4.1748047e+01
   8.1930520e+06   4.4860840e+01
   8.1932050e+06   3.7963867e+01
   8.1944770e+06   3.8208008e+01
   8.6733500e+06   7.9101562e+01
   8.6733670e+06   8.5632324e+01
   8.6733820e+06   4.5043945e+01
   8.6734020e+06   3.8085938e+01
   8.6734280e+06   5.5480957e+01
   8.6734390e+06   4.2175293e+01
   8.6734600e+06   5.5664063e+01
   8.6734980e+06   6.2744141e+01
   8.6735320e+06   4.0954590e+01
   8.6737500e+06   4.4616699e+01
   8.8771330e+06   6.0119629e+01
   8.8772640e+06   4.3212891e+01
   8.8772930e+06   7.0007324e+01
   8.8773060e+06   3.7170410e+01
   8.8773390e+06   5.5664062e+01
   8.8773580e+06   6.2194824e+01
   8.8774030e+06   3.8818359e+01
   8.8774350e+06   5.1513672e+01
   8.8774560e+06   3.6987305e+01
   8.8775480e+06   3.6865234e+01
   8.8776330e+06   3.7170410e+01
   8.8776460e+06   3.9245605e+01
   8.9334320e+06   6.5185547e+01
   9.0504390e+06   3.9611816e+01
   9.0504600e+06   9.6496582e+01
   9.0504730e+06   7.3608398e+01
   9.0505220e+06   7.0739746e+01
   9.0505470e+06   5.0964355e+01
   9.0505600e+06   3.7597656e+01
   9.0507200e+06   4.3334961e+01
   9.0507300e+06   3.5888672e+01
   9.0508870e+06   5.1086426e+01
   9.0522240e+06   3.6193848e+01
   9.2164890e+06   5.9814453e+01
   9.2165010e+06   3.6804199e+01
   9.2165330e+06   6.4819336e+01
   9.2165630e+06   1.0552979e+02
   9.2165810e+06   4.3701172e+01
   9.2165980e+06   5.9204102e+01
   9.2166200e+06   4.0527344e+01
   9.2166400e+06   3.6376953e+01
   9.2167350e+06   5.7006836e+01
   9.2168230e+06   4.1809082e+01
   9.2172570e+06   3.8085938e+01
   9.2184130e+06   4.0710449e+01
   9.2856660e+06   4.8645020e+01
   9.2856800e+06   3.6010742e+01
   9.2857180e+06   3.8208008e+01
   9.2857290e+06   5.7434082e+01
   9.2857490e+06   4.8095703e+01
   9.2857680e+06   3.6376953e+01
   9.2858080e+06   4.9438477e+01
   9.2858440e+06   4.2175293e+01
   9.2858970e+06   3.5827637e+01
   9.2859160e+06   5.6823730e+01
   9.2860440e+06   3.8513184e+01
   9.2860640e+06   3.8696289e+01
   9.2861530e+06   3.6621094e+01
   9.4259300e+06   5.0415039e+01
   9.4259580e+06   9.0026855e+01
   9.4259680e+06   5.7128906e+01
   9.4259820e+06   4.3457031e+01
   9.4260110e+06   4.6447754e+01
   9.4260610e+06   5.4748535e+01
   9.4260880e+06   4.1076660e+01
   9.4261400e+06   3.6865234e+01
   9.4261580e+06   3.6865234e+01
   9.4262150e+06   3.6560059e+01
   9.4286050e+06   3.8330078e+01
   9.5073360e+06   3.5827637e+01
   9.5653500e+06   7.2143555e+01
   9.5653650e+06   4.3090820e+01
   9.5653880e+06   8.9355469e+01
   9.5654060e+06   5.0170898e+01
   9.5654190e+06   5.4138184e+01
   9.5654420e+06   3.9428711e+01
   9.5654720e+06   4.0039062e+01
   9.5655090e+06   5.7312012e+01
   9.5655270e+06   4.1137695e+01
   9.5655890e+06   3.7475586e+01
   9.5656090e+06   4.3762207e+01
   9.5656980e+06   3.7719727e+01
   9.5658700e+06   3.7109375e+01
   9.5668810e+06   3.7170410e+01
   9.5674320e+06   3.6621094e+01
   9.7689950e+06   3.8696289e+01
   9.7951910e+06   5.5664062e+01
   9.7953310e+06   9.0515137e+01
   9.7953440e+06   7.1533203e+01
   9.7953660e+06   7.5195312e+01
   9.7953800e+06   5.1696777e+01
   9.7954060e+06   4.9255371e+01
   9.7954340e+06   4.0283203e+01
   9.7954500e+06   6.3415527e+01
   9.7954860e+06   3.7719727e+01
   9.7955580e+06   4.9743652e+01
   9.7956270e+06   3.7597656e+01
   9.7956450e+06   4.3457031e+01
   9.7956700e+06   4.0039062e+01
   9.7958010e+06   3.9489746e+01
   9.9162840e+06   3.9916992e+01
   9.9162970e+06   8.4960938e+01
   9.9163270e+06   8.2580566e+01
   9.9163570e+06   6.2072754e+01
   9.9163790e+06   5.4687500e+01
   9.9163890e+06   9.3872070e+01
   9.9164200e+06   4.0039062e+01
   9.9164520e+06   3.8085938e+01
   9.9164760e+06   3.9489746e+01
   9.9165440e+06   4.0100098e+01
   9.9165900e+06   4.5471191e+01
   9.9166230e+06   3.7719727e+01
   9.9166680e+06   3.6804199e+01
   9.9176040e+06   3.7536621e+01
   9.9177860e+06   4.7973633e+01
   1.0077565e+07   3.5827637e+01
   1.0077577e+07   5.6701660e+01
   1.0077602e+07   4.2724609e+01
   1.0077640e+07   6.2255859e+01
   1.0077652e+07   5.2307129e+01
   1.0077680e+07   6.7871094e+01
   1.0077690e+07   4.5593262e+01
   1.0077710e+07   5.5969238e+01
   1.0077742e+07   6.2805176e+01
   1.0077752e+07   4.8400879e+01
   1.0077872e+07   3.5827637e+01
   1.0077935e+07   4.1992188e+01
   1.0077947e+07   3.6071777e+01
   1.0329050e+07   3.7292480e+01
   1.0329404e+07   4.2053223e+01
   1.0329429e+07   4.9682617e+01
   1.0329455e+07   9.3994141e+01
   1.0329473e+07   5.1513672e+01
   1.0329504e+07   4.8400879e+01
   1.0329536e+07   4.8583984e+01
   1.0329570e+07   4.8583984e+01
   1.0329595e+07   4.6386719e+01
   1.0329707e+07   4.9865723e+01
   1.0331371e+07   4.2480469e+01
   1.0692649e+07   4.2541504e+01
   1.0692659e+07   1.0058594e+02
   1.0692678e+07   4.2724609e+01
   1.0692706e+07   4.8522949e+01
   1.0692742e+07   5.5236816e+01
   1.0692763e+07   5.9448242e+01
   1.0692779e+07   3.9306641e+01
   1.0692810e+07   4.7973633e+01
   1.0692842e+07   4.4738770e+01
   1.0692901e+07   3.6926270e+01
   1.0693155e+07   3.8452148e+01
   1.0720333e+07   3.7048340e+01
   1.0720433e+07   8.5754395e+01
   1.0720458e+07   4.7119141e+01
   1.0720487e+07   7.7453613e+01
   1.0720502e+07   4.0832520e+01
   1.0720529e+07   6.6650391e+01
   1.0720554e+07   4.7729492e+01
   1.0720568e+07   4.1870117e+01
   1.0720592e+07   3.6071777e+01
   1.0720603e+07   3.6132812e+01
   1.0720628e+07   3.8696289e+01
   1.0720651e+07   3.6193848e+01
   1.0720676e+07   3.8085938e+01
   1.0720709e+07   4.3395996e+01
   1.0720739e+07   3.5827637e+01
   1.0720865e+07   3.6865234e+01
   1.0720981e+07   4.0161133e+01
   1.1199486e+07   6.8908691e+01
   1.1199551e+07   5.9020996e+01
   1.1199580e+07   5.2124023e+01
   1.1199621e+07   4.6142578e+01
   1.1199632e+07   3.9306641e+01
   1.1199661e+07   4.1320801e+01
   1.1199689e+07   4.0710449e+01
   1.1199735e+07   3.8208008e+01
   1.1199757e+07   3.8024902e+01
   1.1199775e+07   4.0893555e+01
   1.1199793e+07   4.6813965e+01
   1.1199965e+07   3.8024902e+01
   1.1595793e+07   9.0332031e+01
   1.1595822e+07   3.6132812e+01
   1.1595843e+07   4.6386719e+01
   1.1595866e+07   6.8847656e+01
   1.1595878e+07   4.6020508e+01
   1.1595894e+07   4.1748047e+01
   1.1595919e+07   4.2114258e+01
   1.1595940e+07   4.0588379e+01
   1.1595960e+07   3.6682129e+01
   1.1595987e+07   4.3701172e+01
   1.1596008e+07   3.6132812e+01
   1.1596069e+07   4.1198730e+01
   1.1596103e+07   3.7658691e+01
   1.1596120e+07   3.6071777e+01
   1.1596176e+07   3.7536621e+01
