   8.9970000e+06   0.0000000e+00
   5.1958000e+04   3.5400391e+01
   1.0651070e+06   3.9733887e+01
   1.0665180e+06   3.6743164e+01
   1.3382800e+06   3.6682129e+01
   2.4207950e+06   3.9794922e+01
   2.4209110e+06   3.6682129e+01
   2.4210400e+06   3.6315918e+01
   2.4313950e+06   3.5949707e+01
   2.4319730e+06   3.6499023e+01
   2.4434700e+06   3.6193848e+01
   3.1645460e+06   4.1320801e+01
   3.1651040e+06   3.6193848e+01
   3.1749590e+06   3.6254883e+01
   3.1869610e+06   3.7658691e+01
   3.3319110e+06   3.5339355e+01
   3.8853420e+06   3.8330078e+01
   3.8857270e+06   3.5217285e+01
   4.3057070e+06   3.6499023e+01
   4.3057910e+06   3.7963867e+01
   4.3919750e+06   3.6132812e+01
   4.3921120e+06   3.5583496e+01
   4.3921760e+06   3.6010742e+01
   4.3930440e+06   3.6376953e+01
   4.4255940e+06   3.6010742e+01
   4.5049520e+06   3.6132812e+01
   4.5388780e+06   3.5766602e+01
   4.8226330e+06   3.7963867e+01
   5.1674270e+06   3.7658691e+01
   5.3532920e+06   3.6071777e+01
   5.3540910e+06   3.7231445e+01
   5.3649750e+06   3.7353516e+01
   5.3667410e+06   3.7475586e+01
   5.6780170e+06   3.6071777e+01
   6.2659850e+06   3.6071777e+01
   7.3982670e+06   4.0344238e+01
   7.4016120e+06   3.7292480e+01
   8.4142580e+06   3.6376953e+01
