   8.9970000e+06   0.0000000e+00
   1.3170000e+05   3.7109375e+01
   1.4917200e+05   3.6682129e+01
   1.8689000e+05   3.6804199e+01
   2.0815700e+05   3.6926270e+01
   2.3535600e+05   3.8940430e+01
   2.4972400e+05   4.1137695e+01
   3.1052700e+05   3.6376953e+01
   3.2079300e+05   6.0607910e+01
   3.5870500e+05   5.4199219e+01
   3.6869300e+05   3.9367676e+01
   4.2636800e+05   4.0344238e+01
   4.4948000e+05   3.6560059e+01
   4.6674600e+05   3.9733887e+01
   4.7845700e+05   3.7780762e+01
   4.9327700e+05   5.4809570e+01
   5.3812600e+05   3.9550781e+01
   5.4809600e+05   4.8095703e+01
   6.5599800e+05   5.9265137e+01
   6.6336000e+05   5.1025391e+01
   6.6982900e+05   3.6804199e+01
   6.7024300e+05   3.9611816e+01
   7.3571400e+05   3.9672852e+01
   7.5115300e+05   3.7109375e+01
   7.6710400e+05   4.6508789e+01
   7.8973500e+05   3.7780762e+01
   7.9792000e+05   6.4453125e+01
   8.3622800e+05   5.8593750e+01
   8.6456400e+05   4.1687012e+01
   8.8328200e+05   4.2846680e+01
   8.9145800e+05   6.1462402e+01
   8.9958200e+05   3.6560059e+01
   9.3177300e+05   3.7536621e+01
   9.5258300e+05   3.6621094e+01
   9.5942500e+05   5.0537109e+01
   1.0027940e+06   4.5288086e+01
   1.0247090e+06   3.7048340e+01
   1.0535550e+06   3.7353516e+01
   1.0650100e+06   4.8339844e+01
   1.0650490e+06   4.3395996e+01
   1.0650710e+06   4.8278809e+01
   1.0650970e+06   6.5368652e+01
   1.0651140e+06   4.2846680e+01
   1.0651350e+06   4.5532227e+01
   1.0651520e+06   4.4799805e+01
   1.0651760e+06   6.4392090e+01
   1.0652090e+06   5.0048828e+01
   1.0652280e+06   6.3354492e+01
   1.0652390e+06   5.2856445e+01
   1.0652730e+06   8.2641602e+01
   1.0652870e+06   7.3913574e+01
   1.0652980e+06   5.1574707e+01
   1.0653270e+06   4.2602539e+01
   1.0653500e+06   6.3415527e+01
   1.0653710e+06   6.3354492e+01
   1.0654120e+06   5.4260254e+01
   1.0654260e+06   4.8034668e+01
   1.0654690e+06   6.8420410e+01
   1.0654820e+06   4.8828125e+01
   1.0655020e+06   5.2001953e+01
   1.0655170e+06   4.1625977e+01
   1.0655360e+06   3.7841797e+01
   1.0655860e+06   4.2602539e+01
   1.0656110e+06   4.4860840e+01
   1.0656220e+06   3.8757324e+01
   1.0656780e+06   4.6020508e+01
   1.0657000e+06   3.7170410e+01
   1.0657380e+06   3.9978027e+01
   1.0657800e+06   4.2236328e+01
   1.0657900e+06   3.9550781e+01
   1.0658060e+06   5.3405762e+01
   1.0658750e+06   5.0048828e+01
   1.0659580e+06   3.9428711e+01
   1.0659820e+06   3.9001465e+01
   1.0660000e+06   4.1198730e+01
   1.0660940e+06   4.5532227e+01
   1.0661300e+06   5.0659180e+01
   1.0661680e+06   3.7658691e+01
   1.0662390e+06   4.9316406e+01
   1.0665110e+06   3.8024902e+01
   1.0665580e+06   4.3151855e+01
   1.0666900e+06   5.2551270e+01
   1.0669410e+06   4.1687012e+01
   1.0669920e+06   3.8085938e+01
   1.0671430e+06   4.1442871e+01
   1.0672900e+06   3.6437988e+01
   1.0673120e+06   3.8208008e+01
   1.0673650e+06   3.8269043e+01
   1.0674110e+06   3.7231445e+01
   1.0675590e+06   3.6682129e+01
   1.0675870e+06   3.9794922e+01
   1.0677480e+06   3.7170410e+01
   1.0678790e+06   3.8696289e+01
   1.0679140e+06   4.3640137e+01
   1.0679620e+06   3.6621094e+01
   1.0682610e+06   4.1931152e+01
   1.0682890e+06   3.7902832e+01
   1.0683370e+06   3.8818359e+01
   1.0683700e+06   3.6682129e+01
   1.0684060e+06   4.0466309e+01
   1.0685350e+06   3.9123535e+01
   1.0686570e+06   4.1320801e+01
   1.0687290e+06   3.9978027e+01
   1.0690980e+06   5.9082031e+01
   1.0695300e+06   4.1992188e+01
   1.0697140e+06   3.9550781e+01
   1.0699860e+06   5.4748535e+01
   1.0705980e+06   3.7658691e+01
   1.0775940e+06   3.9978027e+01
   1.0777330e+06   3.6804199e+01
   1.0779490e+06   4.1809082e+01
   1.0780000e+06   6.3720703e+01
   1.0781130e+06   4.5898438e+01
   1.0781540e+06   3.8208008e+01
   1.0781690e+06   4.6203613e+01
   1.0781970e+06   4.7302246e+01
   1.0782590e+06   3.7719727e+01
   1.0783000e+06   1.0491943e+02
   1.0783160e+06   3.7597656e+01
   1.0784090e+06   5.4077148e+01
   1.0784200e+06   5.9692383e+01
   1.0784530e+06   3.9672852e+01
   1.0785040e+06   4.9682617e+01
   1.0785280e+06   4.3273926e+01
   1.0785480e+06   3.6987305e+01
   1.0786610e+06   3.6621094e+01
   1.0786810e+06   5.2307129e+01
   1.0786960e+06   3.7475586e+01
   1.0787260e+06   3.8635254e+01
   1.0787590e+06   3.8940430e+01
   1.0787830e+06   4.3518066e+01
   1.0788400e+06   4.3212891e+01
   1.0788850e+06   3.7658691e+01
   1.0789050e+06   4.6875000e+01
   1.0789180e+06   4.8522949e+01
   1.0789560e+06   4.3701172e+01
   1.0789780e+06   4.3395996e+01
   1.0790010e+06   3.6621094e+01
   1.0790440e+06   4.5776367e+01
   1.0790580e+06   4.3273926e+01
   1.0790980e+06   3.9062500e+01
   1.0791370e+06   3.6804199e+01
   1.0792290e+06   4.2724609e+01
   1.0792610e+06   4.5776367e+01
   1.0793720e+06   4.2663574e+01
   1.0794580e+06   4.4311523e+01
   1.0794910e+06   4.0039062e+01
   1.0796570e+06   4.2663574e+01
   1.0797230e+06   4.3518066e+01
   1.0797470e+06   3.8696289e+01
   1.0799380e+06   4.4799805e+01
   1.0800640e+06   4.7485352e+01
   1.0802710e+06   4.1320801e+01
   1.0805040e+06   3.6865234e+01
   1.0806720e+06   3.7536621e+01
   1.0807440e+06   4.5654297e+01
   1.0808130e+06   4.0344238e+01
   1.0810560e+06   3.6621094e+01
   1.0811820e+06   5.4016113e+01
   1.0812280e+06   4.1259766e+01
   1.0819420e+06   3.7353516e+01
   1.0821960e+06   3.6437988e+01
   1.0824840e+06   4.6569824e+01
   1.0829770e+06   3.7902832e+01
   1.0835220e+06   3.7841797e+01
   1.0837990e+06   4.0710449e+01
   1.1195840e+06   3.7353516e+01
   1.1253370e+06   3.9672852e+01
   1.1365300e+06   4.3212891e+01
   1.1406910e+06   3.6621094e+01
   1.1437560e+06   4.1381836e+01
   1.1542730e+06   5.0109863e+01
   1.1731800e+06   4.1320801e+01
   1.2004070e+06   4.4189453e+01
   1.2230210e+06   3.6499023e+01
   1.2312850e+06   3.7536621e+01
   1.2428560e+06   3.9672852e+01
   1.2717180e+06   3.7292480e+01
   1.2816120e+06   3.7414551e+01
   1.2920240e+06   3.6987305e+01
   1.2920690e+06   3.9978027e+01
   1.3171510e+06   3.6743164e+01
   1.3308300e+06   3.7780762e+01
   1.3767150e+06   3.9123535e+01
   1.3771820e+06   3.8391113e+01
   1.3909370e+06   4.0100098e+01
   1.4061710e+06   4.3273926e+01
   1.4295280e+06   3.7536621e+01
   1.4326220e+06   3.8696289e+01
   1.4657130e+06   3.6804199e+01
   1.5084050e+06   5.2062988e+01
   1.5345310e+06   4.1992188e+01
   1.5369200e+06   3.8146973e+01
   1.5493530e+06   3.6376953e+01
   1.5917880e+06   3.7109375e+01
   1.6073860e+06   4.5288086e+01
   1.6082580e+06   3.7292480e+01
   1.6223470e+06   3.6865234e+01
   1.6265450e+06   4.5715332e+01
   1.6730840e+06   3.7597656e+01
   1.6835440e+06   4.2114258e+01
   1.7093170e+06   3.6437988e+01
   1.7161890e+06   4.1503906e+01
   1.7293150e+06   3.6865234e+01
   1.7352790e+06   3.7536621e+01
   1.7394500e+06   5.2368164e+01
   1.7594470e+06   4.2724609e+01
   1.7710280e+06   3.7048340e+01
   1.7770440e+06   5.4809570e+01
   1.7917480e+06   3.7536621e+01
   1.7999770e+06   4.0100098e+01
   1.8114950e+06   3.8391113e+01
   1.8250730e+06   3.9489746e+01
   1.8368400e+06   4.1259766e+01
   1.8588560e+06   5.2612305e+01
   1.8876110e+06   3.8513184e+01
   1.8982390e+06   3.7658691e+01
   1.8985370e+06   3.8757324e+01
   1.9003760e+06   3.7048340e+01
   1.9092730e+06   3.7109375e+01
   1.9309030e+06   4.8522949e+01
   1.9329720e+06   4.1137695e+01
   1.9390970e+06   3.6560059e+01
   1.9474240e+06   3.7597656e+01
   1.9588500e+06   4.0710449e+01
   1.9663070e+06   4.0649414e+01
   1.9760940e+06   3.7658691e+01
   1.9923690e+06   3.6987305e+01
   2.0194380e+06   3.9794922e+01
   2.0380730e+06   5.5969238e+01
   2.0491170e+06   4.2907715e+01
   2.0521740e+06   3.8879395e+01
   2.0565030e+06   3.8085938e+01
   2.0643220e+06   5.9082031e+01
   2.0751500e+06   3.6376953e+01
   2.0902420e+06   5.3833008e+01
   2.0913720e+06   3.7597656e+01
   2.1102520e+06   4.0893555e+01
   2.1190930e+06   5.1513672e+01
   2.1550700e+06   3.8330078e+01
   2.1607010e+06   3.7231445e+01
   2.1759530e+06   3.7597656e+01
   2.1888370e+06   4.1442871e+01
   2.2005710e+06   5.2368164e+01
   2.2586020e+06   3.6499023e+01
   2.2769650e+06   4.0954590e+01
   2.2944740e+06   3.6743164e+01
   2.3075580e+06   3.9733887e+01
   2.3150700e+06   3.7658691e+01
   2.3288550e+06   3.9428711e+01
   2.3601680e+06   5.4016113e+01
   2.3982650e+06   4.0405273e+01
   2.4081720e+06   4.9438477e+01
   2.4098530e+06   3.8269043e+01
   2.4202400e+06   5.1696777e+01
   2.4205680e+06   4.2236328e+01
   2.4207640e+06   4.2724609e+01
   2.4208030e+06   3.7719727e+01
   2.4208210e+06   4.1564941e+01
   2.4208480e+06   3.8757324e+01
   2.4208620e+06   4.6325684e+01
   2.4208800e+06   1.0052490e+02
   2.4209060e+06   4.0100098e+01
   2.4209210e+06   3.7414551e+01
   2.4209670e+06   6.3415527e+01
   2.4209910e+06   4.7607422e+01
   2.4210220e+06   1.0571289e+02
   2.4210360e+06   6.5307617e+01
   2.4210600e+06   5.9448242e+01
   2.4210840e+06   5.5541992e+01
   2.4211140e+06   5.7067871e+01
   2.4211320e+06   3.9794922e+01
   2.4211420e+06   4.1442871e+01
   2.4211780e+06   5.7373047e+01
   2.4211880e+06   4.3457031e+01
   2.4212230e+06   3.9489746e+01
   2.4212680e+06   3.9611816e+01
   2.4212960e+06   3.9245605e+01
   2.4213160e+06   8.0871582e+01
   2.4213330e+06   4.9072266e+01
   2.4213660e+06   3.6926270e+01
   2.4214220e+06   3.8574219e+01
   2.4215020e+06   4.5410156e+01
   2.4215170e+06   3.6621094e+01
   2.4215790e+06   3.7231445e+01
   2.4216040e+06   4.1564941e+01
   2.4216500e+06   4.3334961e+01
   2.4217090e+06   4.4494629e+01
   2.4218120e+06   4.0039063e+01
   2.4218580e+06   3.7048340e+01
   2.4219830e+06   5.2612305e+01
   2.4221670e+06   3.9672852e+01
   2.4221830e+06   3.9916992e+01
   2.4222430e+06   4.8706055e+01
   2.4223220e+06   3.7292480e+01
   2.4224270e+06   4.1442871e+01
   2.4224740e+06   4.0344238e+01
   2.4226400e+06   4.0954590e+01
   2.4226840e+06   3.7841797e+01
   2.4228810e+06   4.0283203e+01
   2.4229540e+06   3.9062500e+01
   2.4230850e+06   4.5898438e+01
   2.4231500e+06   4.5043945e+01
   2.4231750e+06   4.2297363e+01
   2.4233100e+06   4.5349121e+01
   2.4233320e+06   3.8940430e+01
   2.4234400e+06   4.2358398e+01
   2.4234670e+06   4.3151855e+01
   2.4235230e+06   4.4067383e+01
   2.4239150e+06   4.1076660e+01
   2.4241520e+06   3.9672852e+01
   2.4242320e+06   4.0527344e+01
   2.4244830e+06   4.6997070e+01
   2.4251980e+06   4.6081543e+01
   2.4313530e+06   4.5715332e+01
   2.4315780e+06   5.9753418e+01
   2.4316250e+06   4.7729492e+01
   2.4316630e+06   4.0161133e+01
   2.4317140e+06   4.2175293e+01
   2.4317270e+06   4.4067383e+01
   2.4317390e+06   5.4077148e+01
   2.4317780e+06   3.8330078e+01
   2.4318050e+06   4.8461914e+01
   2.4318190e+06   3.8513184e+01
   2.4318430e+06   4.0100098e+01
   2.4318600e+06   5.9631348e+01
   2.4318910e+06   4.9743652e+01
   2.4319140e+06   3.7841797e+01
   2.4319670e+06   4.3579102e+01
   2.4320040e+06   7.4707031e+01
   2.4320410e+06   4.3090820e+01
   2.4321080e+06   5.8105469e+01
   2.4321340e+06   3.7597656e+01
   2.4321560e+06   3.9855957e+01
   2.4322340e+06   6.2500000e+01
   2.4322450e+06   4.3151855e+01
   2.4322940e+06   4.0283203e+01
   2.4323160e+06   4.5410156e+01
   2.4323470e+06   3.7902832e+01
   2.4323870e+06   4.7180176e+01
   2.4324280e+06   3.8146973e+01
   2.4324500e+06   4.5349121e+01
   2.4324890e+06   5.1147461e+01
   2.4325050e+06   3.8146973e+01
   2.4325560e+06   4.4799805e+01
   2.4326460e+06   3.8024902e+01
   2.4326870e+06   3.7841797e+01
   2.4328480e+06   3.9367676e+01
   2.4328730e+06   6.1767578e+01
   2.4329300e+06   4.1992188e+01
   2.4331340e+06   4.8767090e+01
   2.4332240e+06   3.9123535e+01
   2.4333320e+06   4.3518066e+01
   2.4333890e+06   3.9245605e+01
   2.4339840e+06   3.8635254e+01
   2.4341200e+06   3.8391113e+01
   2.4344280e+06   3.7170410e+01
   2.4344480e+06   4.1137695e+01
   2.4354300e+06   4.0344238e+01
   2.4356230e+06   3.7658691e+01
   2.4359410e+06   3.6621094e+01
   2.4369540e+06   3.7902832e+01
   2.4374660e+06   3.9001465e+01
   2.4378600e+06   4.7363281e+01
   2.4404240e+06   3.6499023e+01
   2.4411360e+06   4.3457031e+01
   2.4412370e+06   4.5227051e+01
   2.4412570e+06   3.8208008e+01
   2.4415910e+06   3.6376953e+01
   2.4417370e+06   4.1259766e+01
   2.4421250e+06   3.8940430e+01
   2.4421700e+06   4.4128418e+01
   2.4421960e+06   3.7109375e+01
   2.4422790e+06   4.3640137e+01
   2.4425770e+06   3.9855957e+01
   2.4426390e+06   4.3151855e+01
   2.4428450e+06   3.6682129e+01
   2.4432860e+06   3.6987305e+01
   2.4436650e+06   3.9855957e+01
   2.4438340e+06   3.7658691e+01
   2.4447050e+06   3.6987305e+01
   2.4451390e+06   3.7597656e+01
   2.4456150e+06   3.7170410e+01
   2.4457770e+06   4.3334961e+01
   2.4460370e+06   3.6926270e+01
   2.4863510e+06   3.8146973e+01
   2.4896130e+06   3.6804199e+01
   2.4997880e+06   4.0466309e+01
   2.5083940e+06   3.9794922e+01
   2.5146860e+06   3.9611816e+01
   2.5158540e+06   4.4433594e+01
   2.5232430e+06   3.7658691e+01
   2.5273910e+06   3.6560059e+01
   2.5380470e+06   3.7170410e+01
   2.5410930e+06   3.6499023e+01
   2.5458120e+06   4.3579102e+01
   2.5655080e+06   3.7170410e+01
   2.5690560e+06   3.6437988e+01
   2.5947910e+06   5.2490234e+01
   2.6219240e+06   4.7119141e+01
   2.6346390e+06   4.5166016e+01
   2.6393930e+06   3.6437988e+01
   2.6459830e+06   3.7719727e+01
   2.6517480e+06   4.0100098e+01
   2.6722200e+06   3.6560059e+01
   2.6779030e+06   4.1320801e+01
   2.6857910e+06   3.9001465e+01
   2.6924240e+06   3.7353516e+01
   2.7070460e+06   3.8452148e+01
   2.7227060e+06   3.6926270e+01
   2.7382710e+06   3.7902832e+01
   2.7480950e+06   4.0161133e+01
   2.7513840e+06   3.9855957e+01
   2.7566310e+06   3.7414551e+01
   2.7878760e+06   4.8339844e+01
   2.7920090e+06   4.1687012e+01
   2.8004400e+06   4.0405273e+01
   2.8020160e+06   3.8208008e+01
   2.8097620e+06   4.1625977e+01
   2.8342050e+06   4.5227051e+01
   2.8392200e+06   4.3273926e+01
   2.8443770e+06   4.0527344e+01
   2.8510620e+06   3.9062500e+01
   2.8554840e+06   3.8574219e+01
   2.8683720e+06   3.7841797e+01
   2.8973440e+06   4.6081543e+01
   2.9071450e+06   3.6865234e+01
   2.9151910e+06   4.5593262e+01
   2.9381800e+06   5.2917480e+01
   2.9763290e+06   3.8879395e+01
   3.0155360e+06   3.7231445e+01
   3.0165100e+06   3.7719727e+01
   3.0272240e+06   4.2724609e+01
   3.0445730e+06   4.3151855e+01
   3.0588150e+06   4.0954590e+01
   3.0811220e+06   3.6682129e+01
   3.0825290e+06   3.9794922e+01
   3.1080890e+06   4.4006348e+01
   3.1170990e+06   3.7597656e+01
   3.1268130e+06   3.8269043e+01
   3.1319890e+06   4.0588379e+01
   3.1373000e+06   4.0222168e+01
   3.1485980e+06   3.8208008e+01
   3.1645430e+06   3.7536621e+01
   3.1645620e+06   5.8532715e+01
   3.1646030e+06   4.6630859e+01
   3.1646340e+06   8.6608887e+01
   3.1646580e+06   5.2429199e+01
   3.1646860e+06   8.8623047e+01
   3.1647110e+06   8.9416504e+01
   3.1647320e+06   4.8339844e+01
   3.1647550e+06   4.5715332e+01
   3.1647860e+06   4.2358398e+01
   3.1648360e+06   4.9682617e+01
   3.1648490e+06   1.0339355e+02
   3.1648730e+06   7.2875977e+01
   3.1649060e+06   6.8054199e+01
   3.1649270e+06   6.8237305e+01
   3.1649820e+06   6.3354492e+01
   3.1649960e+06   4.4555664e+01
   3.1650300e+06   4.1564941e+01
   3.1650610e+06   7.3425293e+01
   3.1650810e+06   5.5786133e+01
   3.1651000e+06   4.8278809e+01
   3.1651560e+06   4.3029785e+01
   3.1651900e+06   4.1931152e+01
   3.1652350e+06   3.7597656e+01
   3.1652890e+06   4.0222168e+01
   3.1653240e+06   4.3395996e+01
   3.1653610e+06   3.8574219e+01
   3.1654000e+06   4.2846680e+01
   3.1654970e+06   3.7353516e+01
   3.1655690e+06   4.1687012e+01
   3.1656090e+06   4.2114258e+01
   3.1656560e+06   4.4006348e+01
   3.1656910e+06   4.4494629e+01
   3.1658420e+06   4.1076660e+01
   3.1658660e+06   3.9978027e+01
   3.1659430e+06   3.7292480e+01
   3.1660340e+06   4.0283203e+01
   3.1661480e+06   3.7902832e+01
   3.1662030e+06   4.3029785e+01
   3.1663690e+06   3.8574219e+01
   3.1666430e+06   4.3090820e+01
   3.1666930e+06   3.8879395e+01
   3.1668330e+06   5.2185059e+01
   3.1671320e+06   3.7963867e+01
   3.1672670e+06   4.0344238e+01
   3.1677190e+06   4.5593262e+01
   3.1677770e+06   3.8513184e+01
   3.1679640e+06   3.7109375e+01
   3.1682540e+06   4.0466309e+01
   3.1753410e+06   4.2358398e+01
   3.1754290e+06   4.1931152e+01
   3.1755450e+06   3.9062500e+01
   3.1755740e+06   5.1574707e+01
   3.1756020e+06   6.5673828e+01
   3.1756250e+06   4.2907715e+01
   3.1756380e+06   4.9438477e+01
   3.1756790e+06   6.2438965e+01
   3.1757240e+06   4.2114258e+01
   3.1758030e+06   8.0749512e+01
   3.1758560e+06   5.7617188e+01
   3.1759070e+06   3.7170410e+01
   3.1759250e+06   5.0964355e+01
   3.1759870e+06   3.9001465e+01
   3.1760280e+06   4.7485352e+01
   3.1760590e+06   5.9326172e+01
   3.1761050e+06   6.0852051e+01
   3.1761350e+06   4.0954590e+01
   3.1761710e+06   4.5104980e+01
   3.1761930e+06   4.5532227e+01
   3.1762740e+06   4.0588379e+01
   3.1763480e+06   5.7434082e+01
   3.1763690e+06   3.7353516e+01
   3.1763980e+06   4.3273926e+01
   3.1765190e+06   4.2724609e+01
   3.1765690e+06   4.7729492e+01
   3.1766340e+06   4.0222168e+01
   3.1766630e+06   3.7231445e+01
   3.1766920e+06   4.3701172e+01
   3.1767090e+06   4.2419434e+01
   3.1768300e+06   3.9916992e+01
   3.1771310e+06   6.2927246e+01
   3.1771710e+06   3.8696289e+01
   3.1772140e+06   4.5837402e+01
   3.1772700e+06   3.7658691e+01
   3.1773460e+06   3.6926270e+01
   3.1773630e+06   4.2419434e+01
   3.1775290e+06   4.2053223e+01
   3.1775870e+06   3.7658691e+01
   3.1776320e+06   5.0048828e+01
   3.1779340e+06   3.6926270e+01
   3.1781670e+06   4.8095703e+01
   3.1783200e+06   4.3640137e+01
   3.1784280e+06   3.7719727e+01
   3.1785160e+06   3.8696289e+01
   3.1786430e+06   4.5227051e+01
   3.1789130e+06   4.5288086e+01
   3.1792050e+06   3.8085938e+01
   3.1796680e+06   3.8940430e+01
   3.1805060e+06   4.4616699e+01
   3.1866680e+06   3.6926270e+01
   3.1866920e+06   5.9020996e+01
   3.1867510e+06   3.7170410e+01
   3.1868180e+06   3.9489746e+01
   3.1868390e+06   3.8635254e+01
   3.1869200e+06   4.0283203e+01
   3.1869820e+06   4.2663574e+01
   3.1870580e+06   3.9672852e+01
   3.1871150e+06   4.3212891e+01
   3.1871660e+06   4.6203613e+01
   3.1871970e+06   6.0546875e+01
   3.1872290e+06   3.6926270e+01
   3.1872760e+06   3.6621094e+01
   3.1873730e+06   3.6743164e+01
   3.1874560e+06   3.7963867e+01
   3.1874980e+06   5.0964355e+01
   3.1877290e+06   3.9978027e+01
   3.1878390e+06   3.8879395e+01
   3.1880400e+06   5.1025391e+01
   3.1881490e+06   4.1015625e+01
   3.1884110e+06   3.6987305e+01
   3.1888370e+06   3.7780762e+01
   3.1889730e+06   3.8635254e+01
   3.1897050e+06   4.1198730e+01
   3.2135060e+06   3.7780762e+01
   3.2171580e+06   4.0588379e+01
   3.2204810e+06   3.7292480e+01
   3.2452310e+06   3.8146973e+01
   3.2511400e+06   3.9550781e+01
   3.2582500e+06   6.0607910e+01
   3.2583580e+06   4.2114258e+01
   3.2718840e+06   3.8757324e+01
   3.2776470e+06   5.0842285e+01
   3.2847270e+06   3.7841797e+01
   3.2978420e+06   3.7170410e+01
   3.3005980e+06   4.3457031e+01
   3.3153880e+06   4.2480469e+01
   3.3253460e+06   3.9306641e+01
   3.3285890e+06   3.7292480e+01
   3.3327560e+06   4.1870117e+01
   3.3461850e+06   4.2053223e+01
   3.3499820e+06   3.7597656e+01
   3.3553900e+06   4.5349121e+01
   3.3629800e+06   4.7851562e+01
   3.3715500e+06   3.6926270e+01
   3.3786280e+06   3.8391113e+01
   3.3813350e+06   5.2673340e+01
   3.3953380e+06   3.6804199e+01
   3.4014600e+06   3.6926270e+01
   3.4025370e+06   5.6579590e+01
   3.4211620e+06   3.6987305e+01
   3.4354890e+06   4.0161133e+01
   3.4559510e+06   4.4067383e+01
   3.4595460e+06   3.6987305e+01
   3.4636450e+06   3.7414551e+01
   3.4739680e+06   3.7597656e+01
   3.4793440e+06   3.7597656e+01
   3.4825100e+06   4.4921875e+01
   3.4949480e+06   3.8635254e+01
   3.5066870e+06   3.9245605e+01
   3.5100560e+06   3.7414551e+01
   3.5128060e+06   4.9987793e+01
   3.5210720e+06   4.2480469e+01
   3.5249510e+06   3.9123535e+01
   3.5366570e+06   5.1940918e+01
   3.5396860e+06   4.7119141e+01
   3.5627320e+06   3.7841797e+01
   3.5680870e+06   6.5307617e+01
   3.5916320e+06   3.8391113e+01
   3.6024170e+06   4.2114258e+01
   3.6121480e+06   4.7546387e+01
   3.6196260e+06   3.8635254e+01
   3.6396720e+06   3.8269043e+01
   3.6447540e+06   4.9743652e+01
   3.6450570e+06   3.8513184e+01
   3.6451470e+06   5.6518555e+01
   3.6456030e+06   5.4138184e+01
   3.6551310e+06   4.9682617e+01
   3.6553000e+06   3.8940430e+01
   3.6720130e+06   3.9428711e+01
   3.6763430e+06   3.8269043e+01
   3.6765610e+06   4.3762207e+01
   3.6900740e+06   3.7902832e+01
   3.6919240e+06   3.6804199e+01
   3.6959600e+06   4.1687012e+01
   3.6989520e+06   3.7597656e+01
   3.7308450e+06   4.3640137e+01
   3.7447550e+06   4.6447754e+01
   3.7536990e+06   6.7321777e+01
   3.7586500e+06   3.7780762e+01
   3.7634780e+06   3.9855957e+01
   3.7731040e+06   3.7353516e+01
   3.7763200e+06   5.3405762e+01
   3.7800000e+06   3.8085938e+01
   3.7814400e+06   3.8635254e+01
   3.7836000e+06   3.7231445e+01
   3.8308380e+06   3.9062500e+01
   3.8362890e+06   3.8757324e+01
   3.8369350e+06   4.2236328e+01
   3.8553850e+06   3.7841797e+01
   3.8571740e+06   4.0588379e+01
   3.8729050e+06   5.3283691e+01
   3.8729280e+06   4.6325684e+01
   3.8729520e+06   4.0283203e+01
   3.8729630e+06   7.5073242e+01
   3.8729820e+06   1.0284424e+02
   3.8730020e+06   6.1279297e+01
   3.8730430e+06   5.7617188e+01
   3.8730650e+06   6.3537598e+01
   3.8730990e+06   6.6711426e+01
   3.8731090e+06   4.8095703e+01
   3.8731320e+06   5.8349609e+01
   3.8731450e+06   5.6274414e+01
   3.8731700e+06   4.0344238e+01
   3.8731870e+06   4.6081543e+01
   3.8732060e+06   8.1115723e+01
   3.8732310e+06   4.1564941e+01
   3.8732610e+06   8.0322266e+01
   3.8733020e+06   4.3273926e+01
   3.8733360e+06   7.8063965e+01
   3.8733810e+06   6.2438965e+01
   3.8733960e+06   6.5795898e+01
   3.8734390e+06   5.0964355e+01
   3.8734510e+06   3.9001465e+01
   3.8734970e+06   4.7241211e+01
   3.8735300e+06   4.2907715e+01
   3.8735790e+06   3.7414551e+01
   3.8736080e+06   4.3701172e+01
   3.8736480e+06   4.4616699e+01
   3.8736620e+06   4.9621582e+01
   3.8736730e+06   3.6682129e+01
   3.8736990e+06   3.9367676e+01
   3.8737920e+06   4.1320801e+01
   3.8738070e+06   5.1147461e+01
   3.8738500e+06   3.7414551e+01
   3.8739150e+06   4.5776367e+01
   3.8739280e+06   4.1259766e+01
   3.8740250e+06   4.1992188e+01
   3.8740510e+06   4.3090820e+01
   3.8741270e+06   4.6875000e+01
   3.8742090e+06   4.4067383e+01
   3.8745690e+06   5.9997559e+01
   3.8747030e+06   3.8269043e+01
   3.8747380e+06   3.8635254e+01
   3.8749890e+06   3.9184570e+01
   3.8750020e+06   3.7719727e+01
   3.8750980e+06   3.8024902e+01
   3.8752350e+06   5.2551270e+01
   3.8753020e+06   3.7170410e+01
   3.8753640e+06   3.7170410e+01
   3.8756480e+06   4.0283203e+01
   3.8760480e+06   3.6865234e+01
   3.8840460e+06   4.7058105e+01
   3.8841500e+06   3.9184570e+01
   3.8841600e+06   4.4311523e+01
   3.8842220e+06   4.2053223e+01
   3.8842840e+06   4.2663574e+01
   3.8843110e+06   3.9123535e+01
   3.8843880e+06   3.7048340e+01
   3.8844190e+06   4.5104980e+01
   3.8844310e+06   3.7597656e+01
   3.8844530e+06   5.2490234e+01
   3.8844810e+06   3.7719727e+01
   3.8844910e+06   4.9560547e+01
   3.8845150e+06   4.9377441e+01
   3.8845820e+06   4.9133301e+01
   3.8846110e+06   5.8776855e+01
   3.8846450e+06   5.0292969e+01
   3.8847030e+06   6.3720703e+01
   3.8847150e+06   4.6447754e+01
   3.8847520e+06   5.2124023e+01
   3.8847770e+06   5.5419922e+01
   3.8848240e+06   3.8269043e+01
   3.8848590e+06   3.7963867e+01
   3.8848900e+06   3.6987305e+01
   3.8849240e+06   5.0415039e+01
   3.8849960e+06   3.7231445e+01
   3.8850250e+06   3.9001465e+01
   3.8850770e+06   5.5114746e+01
   3.8851000e+06   4.1809082e+01
   3.8851390e+06   4.1625977e+01
   3.8851950e+06   3.7597656e+01
   3.8852230e+06   4.5654297e+01
   3.8852440e+06   3.8635254e+01
   3.8853420e+06   3.6621094e+01
   3.8853570e+06   4.2541504e+01
   3.8854420e+06   3.7719727e+01
   3.8855260e+06   3.9367676e+01
   3.8855370e+06   4.9072266e+01
   3.8855670e+06   3.7536621e+01
   3.8855950e+06   4.6936035e+01
   3.8856170e+06   3.8513184e+01
   3.8856740e+06   4.3762207e+01
   3.8857410e+06   4.6386719e+01
   3.8859900e+06   3.7780762e+01
   3.8860320e+06   3.7780762e+01
   3.8861670e+06   4.0649414e+01
   3.8863080e+06   3.6621094e+01
   3.8864070e+06   3.7719727e+01
   3.8867950e+06   3.9367676e+01
   3.8872750e+06   4.1625977e+01
   3.8876570e+06   3.9306641e+01
   3.8878000e+06   3.6743164e+01
   3.8883200e+06   3.6743164e+01
   3.9156040e+06   5.8532715e+01
   3.9354310e+06   3.9367676e+01
   3.9360100e+06   4.5288086e+01
   3.9458550e+06   3.7780762e+01
   3.9467360e+06   4.4921875e+01
   3.9509670e+06   3.7475586e+01
   3.9570460e+06   3.8208008e+01
   3.9600800e+06   3.8635254e+01
   3.9723810e+06   4.4189453e+01
   3.9894810e+06   3.6621094e+01
   3.9975600e+06   4.0283203e+01
   4.0089890e+06   6.1157227e+01
   4.0167820e+06   3.7536621e+01
   4.0169640e+06   3.9428711e+01
   4.0486070e+06   5.4138184e+01
   4.0552890e+06   4.0222168e+01
   4.0726810e+06   3.8208008e+01
   4.0756970e+06   3.8208008e+01
   4.0782220e+06   3.6682129e+01
   4.0839180e+06   3.7292480e+01
   4.0863480e+06   3.9489746e+01
   4.0988780e+06   3.7658691e+01
   4.1187610e+06   4.8522949e+01
   4.1381070e+06   3.7780762e+01
   4.1411760e+06   3.8818359e+01
   4.1546350e+06   3.6621094e+01
   4.1838330e+06   4.3334961e+01
   4.1917190e+06   4.1198730e+01
   4.2001080e+06   3.7597656e+01
   4.2254090e+06   4.2724609e+01
   4.2480890e+06   3.8024902e+01
   4.2589480e+06   3.8879395e+01
   4.2782690e+06   3.8085938e+01
   4.2931050e+06   3.7414551e+01
   4.2941720e+06   3.7231445e+01
   4.3001340e+06   5.1269531e+01
   4.3030910e+06   4.8400879e+01
   4.3056980e+06   3.6682129e+01
   4.3057390e+06   3.7658691e+01
   4.3057540e+06   3.7109375e+01
   4.3057790e+06   3.9916992e+01
   4.3058060e+06   5.4199219e+01
   4.3058180e+06   7.7514648e+01
   4.3058600e+06   5.5114746e+01
   4.3058710e+06   4.8950195e+01
   4.3059130e+06   6.8786621e+01
   4.3059530e+06   6.2316895e+01
   4.3059660e+06   7.9528809e+01
   4.3059950e+06   7.4584961e+01
   4.3060080e+06   7.1777344e+01
   4.3060530e+06   6.1401367e+01
   4.3060630e+06   4.0344238e+01
   4.3061000e+06   6.6589355e+01
   4.3061180e+06   7.3791504e+01
   4.3061390e+06   3.9001465e+01
   4.3061580e+06   4.9255371e+01
   4.3061760e+06   4.7180176e+01
   4.3061940e+06   5.4443359e+01
   4.3062190e+06   4.0649414e+01
   4.3062460e+06   5.7556152e+01
   4.3062880e+06   4.9438477e+01
   4.3063470e+06   6.2072754e+01
   4.3063650e+06   3.9489746e+01
   4.3063790e+06   4.0771484e+01
   4.3064190e+06   3.8269043e+01
   4.3064370e+06   4.2419434e+01
   4.3064880e+06   5.9875488e+01
   4.3065220e+06   3.6743164e+01
   4.3065550e+06   3.6743164e+01
   4.3066160e+06   4.5715332e+01
   4.3066390e+06   3.7414551e+01
   4.3066800e+06   3.6621094e+01
   4.3067040e+06   5.9387207e+01
   4.3068040e+06   4.4921875e+01
   4.3068240e+06   3.6865234e+01
   4.3068760e+06   3.7109375e+01
   4.3070030e+06   4.2297363e+01
   4.3070470e+06   4.0344238e+01
   4.3071500e+06   3.7414551e+01
   4.3072090e+06   3.9367676e+01
   4.3072290e+06   4.0710449e+01
   4.3073830e+06   4.3701172e+01
   4.3074720e+06   3.7719727e+01
   4.3074940e+06   3.7475586e+01
   4.3075220e+06   3.8330078e+01
   4.3076230e+06   4.4189453e+01
   4.3076680e+06   3.7414551e+01
   4.3077200e+06   3.7170410e+01
   4.3077570e+06   5.1513672e+01
   4.3078520e+06   4.2358398e+01
   4.3079370e+06   4.3212891e+01
   4.3079860e+06   4.5715332e+01
   4.3080010e+06   3.6926270e+01
   4.3082470e+06   3.7841797e+01
   4.3083470e+06   3.6743164e+01
   4.3085230e+06   3.9794922e+01
   4.3087790e+06   4.3090820e+01
   4.3091010e+06   3.6682129e+01
   4.3095880e+06   3.7353516e+01
   4.3166600e+06   4.6020508e+01
   4.3167000e+06   6.2316895e+01
   4.3167330e+06   4.1625977e+01
   4.3167620e+06   4.5410156e+01
   4.3168040e+06   3.8146973e+01
   4.3168260e+06   7.7941895e+01
   4.3168570e+06   3.8452148e+01
   4.3168730e+06   7.3547363e+01
   4.3169560e+06   5.1086426e+01
   4.3169730e+06   6.9030762e+01
   4.3170880e+06   4.0954590e+01
   4.3171130e+06   4.8339844e+01
   4.3171240e+06   3.6926270e+01
   4.3171570e+06   3.9855957e+01
   4.3171710e+06   3.6743164e+01
   4.3172270e+06   4.3640137e+01
   4.3172420e+06   6.5673828e+01
   4.3172580e+06   4.2419434e+01
   4.3173340e+06   4.6508789e+01
   4.3173910e+06   4.8950195e+01
   4.3174530e+06   4.9072266e+01
   4.3174990e+06   3.9672852e+01
   4.3175250e+06   3.7170410e+01
   4.3175630e+06   3.7292480e+01
   4.3177620e+06   5.7006836e+01
   4.3178280e+06   5.5358887e+01
   4.3180360e+06   3.9794922e+01
   4.3181590e+06   4.3762207e+01
   4.3183980e+06   5.3588867e+01
   4.3184880e+06   3.7719727e+01
   4.3185100e+06   3.8879395e+01
   4.3185350e+06   3.8391113e+01
   4.3186270e+06   4.4311523e+01
   4.3189230e+06   5.7250977e+01
   4.3189480e+06   3.9978027e+01
   4.3190300e+06   4.8034668e+01
   4.3191200e+06   4.2602539e+01
   4.3194370e+06   4.4860840e+01
   4.3197380e+06   3.9794922e+01
   4.3198300e+06   4.3334961e+01
   4.3273240e+06   3.9611816e+01
   4.3273490e+06   4.6691895e+01
   4.3274130e+06   4.2053223e+01
   4.3274360e+06   3.6682129e+01
   4.3275150e+06   3.9184570e+01
   4.3275820e+06   4.7302246e+01
   4.3275930e+06   4.2053223e+01
   4.3276200e+06   3.7170410e+01
   4.3276330e+06   3.8513184e+01
   4.3276880e+06   3.7536621e+01
   4.3277350e+06   5.4992676e+01
   4.3278650e+06   4.0344238e+01
   4.3279490e+06   4.7729492e+01
   4.3279740e+06   4.3029785e+01
   4.3280150e+06   4.2785645e+01
   4.3281570e+06   5.3710938e+01
   4.3281900e+06   4.1503906e+01
   4.3282110e+06   4.3334961e+01
   4.3282260e+06   5.5603027e+01
   4.3282720e+06   4.8339844e+01
   4.3283710e+06   4.0405273e+01
   4.3284220e+06   4.7485352e+01
   4.3285360e+06   3.9001465e+01
   4.3288890e+06   3.8452148e+01
   4.3289010e+06   3.7902832e+01
   4.3290820e+06   3.6926270e+01
   4.3292520e+06   3.9001465e+01
   4.3292800e+06   3.8513184e+01
   4.3293330e+06   3.9794922e+01
   4.3295960e+06   3.9978027e+01
   4.3297470e+06   4.2907715e+01
   4.3300380e+06   4.1015625e+01
   4.3300790e+06   3.7170410e+01
   4.3304320e+06   3.9245605e+01
   4.3304590e+06   3.9001465e+01
   4.3322440e+06   3.7048340e+01
   4.3350310e+06   5.0109863e+01
   4.3586900e+06   5.2001953e+01
   4.3761580e+06   3.8208008e+01
   4.3888000e+06   3.6804199e+01
   4.3900590e+06   4.2236328e+01
   4.3906180e+06   4.2480469e+01
   4.3918460e+06   4.9377441e+01
   4.3919900e+06   3.8208008e+01
   4.3920060e+06   9.3688965e+01
   4.3920200e+06   4.2907715e+01
   4.3920310e+06   4.6386719e+01
   4.3920690e+06   4.9194336e+01
   4.3920840e+06   6.3476563e+01
   4.3921130e+06   5.3955078e+01
   4.3921370e+06   5.4199219e+01
   4.3921690e+06   5.1513672e+01
   4.3921910e+06   3.9978027e+01
   4.3922210e+06   4.8767090e+01
   4.3922440e+06   5.5480957e+01
   4.3922550e+06   3.8269043e+01
   4.3922770e+06   6.4575195e+01
   4.3923020e+06   5.6762695e+01
   4.3923290e+06   4.4189453e+01
   4.3923660e+06   7.1533203e+01
   4.3923820e+06   7.5683594e+01
   4.3924170e+06   3.7292480e+01
   4.3924300e+06   5.0842285e+01
   4.3924500e+06   3.9672852e+01
   4.3924810e+06   4.4372559e+01
   4.3925430e+06   4.2480469e+01
   4.3925560e+06   6.8725586e+01
   4.3925870e+06   4.7607422e+01
   4.3926210e+06   4.6813965e+01
   4.3926440e+06   4.4555664e+01
   4.3926730e+06   4.6813965e+01
   4.3927120e+06   4.2236328e+01
   4.3927240e+06   3.8269043e+01
   4.3927540e+06   5.4260254e+01
   4.3927650e+06   4.7485352e+01
   4.3927860e+06   4.2541504e+01
   4.3928090e+06   4.0222168e+01
   4.3928420e+06   3.7780762e+01
   4.3928700e+06   4.7241211e+01
   4.3928810e+06   4.7912598e+01
   4.3929550e+06   6.2133789e+01
   4.3929670e+06   4.9133301e+01
   4.3930190e+06   4.0100098e+01
   4.3930710e+06   5.2734375e+01
   4.3930960e+06   3.9123535e+01
   4.3931060e+06   3.8696289e+01
   4.3931340e+06   4.1687012e+01
   4.3931470e+06   3.6926270e+01
   4.3932520e+06   5.2429199e+01
   4.3933530e+06   4.6325684e+01
   4.3933650e+06   4.3823242e+01
   4.3934000e+06   4.5593262e+01
   4.3934330e+06   4.9011230e+01
   4.3934930e+06   3.7353516e+01
   4.3935560e+06   4.4433594e+01
   4.3937820e+06   3.7719727e+01
   4.3938720e+06   5.0048828e+01
   4.3938950e+06   3.8024902e+01
   4.3940450e+06   4.7729492e+01
   4.3940910e+06   5.1330566e+01
   4.3941210e+06   4.1870117e+01
   4.3942320e+06   3.7780762e+01
   4.3943160e+06   4.2297363e+01
   4.3943590e+06   3.7780762e+01
   4.3946400e+06   4.1503906e+01
   4.3949370e+06   3.6621094e+01
   4.3952710e+06   4.0527344e+01
   4.3955780e+06   3.8757324e+01
   4.3956470e+06   3.7048340e+01
   4.3960040e+06   4.2724609e+01
   4.3963930e+06   3.8757324e+01
   4.3968400e+06   4.4982910e+01
   4.3968730e+06   3.8757324e+01
   4.3970920e+06   4.1503906e+01
   4.3972550e+06   4.0405273e+01
   4.3977680e+06   3.8757324e+01
   4.4243290e+06   3.7109375e+01
   4.4244690e+06   4.1870117e+01
   4.4244980e+06   4.4311523e+01
   4.4245170e+06   5.7312012e+01
   4.4245400e+06   1.3702393e+02
   4.4245860e+06   4.0344238e+01
   4.4246020e+06   4.2602539e+01
   4.4246260e+06   5.2673340e+01
   4.4246370e+06   4.7363281e+01
   4.4246770e+06   5.8837891e+01
   4.4247070e+06   4.7668457e+01
   4.4247500e+06   7.5683594e+01
   4.4248130e+06   5.8044434e+01
   4.4248280e+06   4.9377441e+01
   4.4248590e+06   3.6621094e+01
   4.4248880e+06   5.1208496e+01
   4.4248990e+06   3.9306641e+01
   4.4249230e+06   3.6621094e+01
   4.4249530e+06   6.0424805e+01
   4.4249880e+06   3.9367676e+01
   4.4250130e+06   4.7973633e+01
   4.4250780e+06   4.9011230e+01
   4.4251110e+06   8.3984375e+01
   4.4251390e+06   4.5532227e+01
   4.4251800e+06   3.9123535e+01
   4.4251990e+06   5.1940918e+01
   4.4252400e+06   3.9855957e+01
   4.4252510e+06   5.6640625e+01
   4.4253000e+06   4.1809082e+01
   4.4253350e+06   6.0546875e+01
   4.4253590e+06   4.0405273e+01
   4.4253780e+06   4.3762207e+01
   4.4254010e+06   5.0842285e+01
   4.4254120e+06   4.3334961e+01
   4.4254510e+06   4.5715332e+01
   4.4255930e+06   4.4494629e+01
   4.4256460e+06   3.8757324e+01
   4.4256790e+06   3.7902832e+01
   4.4257530e+06   3.6865234e+01
   4.4258210e+06   4.1259766e+01
   4.4260030e+06   3.9794922e+01
   4.4261110e+06   3.8452148e+01
   4.4261220e+06   3.7658691e+01
   4.4261430e+06   3.7536621e+01
   4.4262080e+06   4.0466309e+01
   4.4262360e+06   4.4677734e+01
   4.4264350e+06   3.9428711e+01
   4.4264780e+06   3.7353516e+01
   4.4265570e+06   4.0649414e+01
   4.4267360e+06   3.7414551e+01
   4.4267760e+06   3.8330078e+01
   4.4268270e+06   4.5837402e+01
   4.4270480e+06   3.7109375e+01
   4.4271320e+06   3.8024902e+01
   4.4271940e+06   3.9245605e+01
   4.4273300e+06   3.7048340e+01
   4.4280260e+06   3.7414551e+01
   4.4288930e+06   4.0710449e+01
   4.4401070e+06   4.0161133e+01
   4.4665890e+06   4.4311523e+01
   4.4667080e+06   5.1635742e+01
   4.4667340e+06   5.5725098e+01
   4.4667460e+06   7.1105957e+01
   4.4668130e+06   4.5349121e+01
   4.4668260e+06   6.6101074e+01
   4.4668640e+06   6.2316895e+01
   4.4669050e+06   8.0139160e+01
   4.4669160e+06   3.8879395e+01
   4.4669290e+06   4.3823242e+01
   4.4669750e+06   3.9306641e+01
   4.4669850e+06   3.6804199e+01
   4.4670070e+06   4.7058105e+01
   4.4670300e+06   5.1330566e+01
   4.4670530e+06   5.9143066e+01
   4.4670660e+06   5.3161621e+01
   4.4670870e+06   4.3212891e+01
   4.4671050e+06   4.5654297e+01
   4.4671450e+06   4.7851562e+01
   4.4671860e+06   4.0527344e+01
   4.4672260e+06   6.1218262e+01
   4.4672500e+06   6.1889648e+01
   4.4672740e+06   3.7170410e+01
   4.4672860e+06   4.9011230e+01
   4.4673130e+06   6.3415527e+01
   4.4673420e+06   3.9184570e+01
   4.4674080e+06   4.0100098e+01
   4.4674590e+06   3.9123535e+01
   4.4675360e+06   6.3598633e+01
   4.4675630e+06   5.8410645e+01
   4.4675820e+06   3.8879395e+01
   4.4676240e+06   4.1076660e+01
   4.4676340e+06   3.7231445e+01
   4.4677290e+06   3.8940430e+01
   4.4677470e+06   5.0292969e+01
   4.4677610e+06   5.0476074e+01
   4.4678220e+06   4.5227051e+01
   4.4679160e+06   4.1809082e+01
   4.4679400e+06   6.5612793e+01
   4.4680870e+06   3.9428711e+01
   4.4681570e+06   5.1147461e+01
   4.4681700e+06   4.0893555e+01
   4.4683580e+06   4.9316406e+01
   4.4683830e+06   4.3334961e+01
   4.4684090e+06   4.7424316e+01
   4.4687690e+06   3.9123535e+01
   4.4689250e+06   3.8757324e+01
   4.4689560e+06   4.1320801e+01
   4.4690760e+06   4.4006348e+01
   4.4691290e+06   3.6865234e+01
   4.4692100e+06   4.3701172e+01
   4.4697420e+06   3.8757324e+01
   4.4698110e+06   3.6621094e+01
   4.4699560e+06   3.7902832e+01
   4.4700230e+06   4.4128418e+01
   4.4707500e+06   3.7658691e+01
   4.4712550e+06   4.0832520e+01
   4.5045280e+06   4.2785645e+01
   4.5046390e+06   4.7058105e+01
   4.5046690e+06   4.2785645e+01
   4.5047080e+06   4.2175293e+01
   4.5047210e+06   3.7963867e+01
   4.5047500e+06   5.1635742e+01
   4.5047730e+06   4.0161133e+01
   4.5048050e+06   6.5307617e+01
   4.5048220e+06   6.8481445e+01
   4.5048430e+06   3.7109375e+01
   4.5048640e+06   5.4504395e+01
   4.5049070e+06   5.7617188e+01
   4.5049180e+06   7.9101562e+01
   4.5049630e+06   5.3344727e+01
   4.5050170e+06   3.8085938e+01
   4.5050290e+06   4.1931152e+01
   4.5050520e+06   5.8410645e+01
   4.5050950e+06   3.6621094e+01
   4.5051470e+06   4.3518066e+01
   4.5051590e+06   4.0100098e+01
   4.5051830e+06   4.1748047e+01
   4.5052530e+06   5.6518555e+01
   4.5052690e+06   5.1696777e+01
   4.5053030e+06   4.2846680e+01
   4.5053770e+06   3.8635254e+01
   4.5054040e+06   6.3049316e+01
   4.5054310e+06   4.9560547e+01
   4.5054570e+06   4.1503906e+01
   4.5055000e+06   3.9184570e+01
   4.5055170e+06   5.0598145e+01
   4.5055350e+06   4.0039062e+01
   4.5055730e+06   4.2785645e+01
   4.5056010e+06   3.9916992e+01
   4.5056110e+06   5.2673340e+01
   4.5056720e+06   3.7414551e+01
   4.5057140e+06   7.1655273e+01
   4.5057410e+06   5.1208496e+01
   4.5057530e+06   4.0771484e+01
   4.5057890e+06   3.8879395e+01
   4.5058990e+06   4.0466309e+01
   4.5059250e+06   4.0832520e+01
   4.5059420e+06   4.5654297e+01
   4.5059670e+06   4.5959473e+01
   4.5060150e+06   3.9367676e+01
   4.5060440e+06   3.6865234e+01
   4.5060980e+06   5.1025391e+01
   4.5061570e+06   3.8024902e+01
   4.5061830e+06   4.6752930e+01
   4.5063150e+06   3.8391113e+01
   4.5064180e+06   4.0283203e+01
   4.5064750e+06   4.0222168e+01
   4.5065090e+06   4.1320801e+01
   4.5065730e+06   3.8024902e+01
   4.5066070e+06   3.7719727e+01
   4.5067780e+06   3.7170410e+01
   4.5071070e+06   3.7353516e+01
   4.5071630e+06   3.7414551e+01
   4.5073350e+06   3.9611816e+01
   4.5075060e+06   3.9184570e+01
   4.5076560e+06   3.9184570e+01
   4.5091930e+06   3.9916992e+01
   4.5099600e+06   3.8574219e+01
   4.5372340e+06   3.7170410e+01
   4.5387320e+06   4.3884277e+01
   4.5387530e+06   4.1442871e+01
   4.5388160e+06   3.7841797e+01
   4.5388450e+06   4.5898438e+01
   4.5388760e+06   4.8828125e+01
   4.5389030e+06   5.6335449e+01
   4.5389150e+06   4.4616699e+01
   4.5389430e+06   4.3823242e+01
   4.5389710e+06   5.5358887e+01
   4.5389970e+06   6.2866211e+01
   4.5390240e+06   4.5410156e+01
   4.5390670e+06   3.8391113e+01
   4.5391030e+06   4.0832520e+01
   4.5391220e+06   6.4086914e+01
   4.5391330e+06   4.7729492e+01
   4.5391630e+06   4.1992188e+01
   4.5391860e+06   4.0161133e+01
   4.5392660e+06   5.6396484e+01
   4.5392760e+06   6.3537598e+01
   4.5393070e+06   4.4433594e+01
   4.5393310e+06   5.2307129e+01
   4.5393500e+06   4.6691895e+01
   4.5394180e+06   4.4738770e+01
   4.5394560e+06   6.6467285e+01
   4.5394860e+06   3.7658691e+01
   4.5395080e+06   5.2917480e+01
   4.5395360e+06   4.7363281e+01
   4.5395760e+06   4.1809082e+01
   4.5396110e+06   3.7536621e+01
   4.5396570e+06   4.0954590e+01
   4.5397020e+06   5.2917480e+01
   4.5397490e+06   4.5837402e+01
   4.5398100e+06   4.2419434e+01
   4.5398370e+06   3.8818359e+01
   4.5398610e+06   3.7048340e+01
   4.5399400e+06   4.4128418e+01
   4.5399690e+06   4.5288086e+01
   4.5399800e+06   4.9194336e+01
   4.5400220e+06   3.7780762e+01
   4.5401420e+06   5.2978516e+01
   4.5401680e+06   4.4067383e+01
   4.5402110e+06   3.7719727e+01
   4.5402630e+06   4.2297363e+01
   4.5403750e+06   4.8889160e+01
   4.5404300e+06   3.8085938e+01
   4.5404680e+06   3.8391113e+01
   4.5405130e+06   4.3395996e+01
   4.5406290e+06   4.1015625e+01
   4.5407200e+06   3.7658691e+01
   4.5407440e+06   4.3945312e+01
   4.5408190e+06   4.4616699e+01
   4.5410520e+06   3.8024902e+01
   4.5413800e+06   4.4982910e+01
   4.5414850e+06   3.8085938e+01
   4.5420560e+06   3.8696289e+01
   4.5430120e+06   4.2236328e+01
   4.5435830e+06   3.7902832e+01
   4.5538780e+06   3.8452148e+01
   4.5714330e+06   3.7536621e+01
   4.5724110e+06   4.0283203e+01
   4.5841080e+06   3.8635254e+01
   4.6097640e+06   4.3273926e+01
   4.6127100e+06   3.7902832e+01
   4.6157870e+06   3.8452148e+01
   4.6174500e+06   3.8269043e+01
   4.6193460e+06   4.1625977e+01
   4.6207550e+06   4.0771484e+01
   4.6319180e+06   3.7170410e+01
   4.6453790e+06   3.7536621e+01
   4.6507000e+06   3.8085938e+01
   4.6591530e+06   3.8696289e+01
   4.6639900e+06   4.4433594e+01
   4.6653090e+06   3.6926270e+01
   4.6831600e+06   3.9794922e+01
   4.6883980e+06   3.6804199e+01
   4.7131140e+06   4.3701172e+01
   4.7416890e+06   4.8522949e+01
   4.7475270e+06   3.9184570e+01
   4.7584080e+06   3.6926270e+01
   4.7641140e+06   3.8085938e+01
   4.7753440e+06   3.8757324e+01
   4.7771840e+06   3.8452148e+01
   4.7840500e+06   3.8513184e+01
   4.7925640e+06   3.7353516e+01
   4.7959170e+06   3.8391113e+01
   4.7975410e+06   5.1330566e+01
   4.7980650e+06   4.4372559e+01
   4.8138000e+06   4.0283203e+01
   4.8210280e+06   4.5654297e+01
   4.8259850e+06   3.8391113e+01
   4.8274710e+06   3.9550781e+01
   4.8408490e+06   3.7963867e+01
   4.8520970e+06   4.0527344e+01
   4.8584540e+06   3.8024902e+01
   4.8710630e+06   3.8208008e+01
   4.8796230e+06   3.8208008e+01
   4.8903430e+06   4.0710449e+01
   4.8946150e+06   4.0771484e+01
   4.9006560e+06   3.6621094e+01
   4.9015070e+06   4.1381836e+01
   4.9025200e+06   4.1748047e+01
   4.9059430e+06   3.7475586e+01
   4.9190220e+06   4.0283203e+01
   4.9252990e+06   3.6987305e+01
   4.9266480e+06   4.7851563e+01
   4.9316240e+06   4.3151855e+01
   4.9506450e+06   3.7292480e+01
   4.9726830e+06   3.7231445e+01
   4.9885490e+06   4.2358398e+01
   4.9914360e+06   3.6743164e+01
   4.9934550e+06   3.7109375e+01
   4.9940290e+06   3.6621094e+01
   4.9977990e+06   3.6682129e+01
   5.0071460e+06   3.9367676e+01
   5.0096820e+06   3.8085938e+01
   5.0223210e+06   4.6020508e+01
   5.0356090e+06   3.8940430e+01
   5.0441500e+06   3.7536621e+01
   5.0560130e+06   3.8085938e+01
   5.0688770e+06   4.1198730e+01
   5.0787270e+06   3.7414551e+01
   5.0853420e+06   3.7536621e+01
   5.0877530e+06   4.3273926e+01
   5.0997790e+06   3.6560059e+01
   5.1029780e+06   3.7841797e+01
   5.1076950e+06   3.6804199e+01
   5.1084900e+06   3.7536621e+01
   5.1317890e+06   3.7048340e+01
   5.1330920e+06   3.7658691e+01
   5.1344560e+06   4.0954590e+01
   5.1659290e+06   3.9306641e+01
   5.1715270e+06   4.1931152e+01
   5.1798600e+06   4.1320801e+01
   5.2185280e+06   3.6987305e+01
   5.2274980e+06   3.6865234e+01
   5.2288710e+06   4.5776367e+01
   5.2328420e+06   4.1259766e+01
   5.2427360e+06   3.8879395e+01
   5.2600450e+06   3.6743164e+01
   5.2725110e+06   3.9978027e+01
   5.2844870e+06   5.2124023e+01
   5.3144140e+06   3.7414551e+01
   5.3196900e+06   3.8635254e+01
   5.3243180e+06   3.6682129e+01
   5.3295490e+06   3.7109375e+01
   5.3526100e+06   4.8461914e+01
   5.3532910e+06   4.5410156e+01
   5.3533040e+06   9.4604492e+01
   5.3533280e+06   4.1137695e+01
   5.3533630e+06   5.9631348e+01
   5.3533980e+06   7.0068359e+01
   5.3534220e+06   5.1696777e+01
   5.3534480e+06   4.4494629e+01
   5.3534920e+06   8.9111328e+01
   5.3535280e+06   8.1604004e+01
   5.3535570e+06   6.0791016e+01
   5.3535980e+06   3.9916992e+01
   5.3536300e+06   5.8166504e+01
   5.3536440e+06   7.5073242e+01
   5.3536740e+06   7.9040527e+01
   5.3536880e+06   5.1269531e+01
   5.3537250e+06   4.9438477e+01
   5.3537500e+06   5.1269531e+01
   5.3537820e+06   7.5866699e+01
   5.3538080e+06   4.0771484e+01
   5.3538210e+06   5.9082031e+01
   5.3538510e+06   4.2114258e+01
   5.3538660e+06   3.7597656e+01
   5.3539010e+06   5.4077148e+01
   5.3539250e+06   4.0710449e+01
   5.3539690e+06   4.4921875e+01
   5.3540150e+06   4.7302246e+01
   5.3540410e+06   5.1330566e+01
   5.3540630e+06   4.2114258e+01
   5.3542410e+06   4.8645020e+01
   5.3542780e+06   4.6447754e+01
   5.3544830e+06   4.2724609e+01
   5.3545830e+06   4.4555664e+01
   5.3546510e+06   4.1259766e+01
   5.3547960e+06   4.5227051e+01
   5.3548260e+06   3.7292480e+01
   5.3549920e+06   4.2419434e+01
   5.3551760e+06   4.4799805e+01
   5.3554190e+06   4.7668457e+01
   5.3554870e+06   3.8085938e+01
   5.3556430e+06   4.4982910e+01
   5.3557940e+06   4.0405273e+01
   5.3558570e+06   3.9794922e+01
   5.3560720e+06   3.6987305e+01
   5.3568450e+06   4.3762207e+01
   5.3580370e+06   4.1564941e+01
   5.3647230e+06   3.8452148e+01
   5.3649170e+06   4.0649414e+01
   5.3649580e+06   5.4809570e+01
   5.3649960e+06   4.5776367e+01
   5.3650690e+06   3.6804199e+01
   5.3650800e+06   5.3039551e+01
   5.3651230e+06   4.2053223e+01
   5.3651360e+06   4.2602539e+01
   5.3651550e+06   4.8217773e+01
   5.3651740e+06   3.6987305e+01
   5.3652010e+06   6.0974121e+01
   5.3652470e+06   4.4677734e+01
   5.3653310e+06   4.0405273e+01
   5.3653770e+06   4.0344238e+01
   5.3654030e+06   4.1503906e+01
   5.3654310e+06   6.3781738e+01
   5.3654560e+06   4.0344238e+01
   5.3655020e+06   4.1503906e+01
   5.3655410e+06   3.7292480e+01
   5.3655780e+06   3.9428711e+01
   5.3655980e+06   4.0649414e+01
   5.3656200e+06   6.7749023e+01
   5.3656300e+06   3.9855957e+01
   5.3656500e+06   3.8085938e+01
   5.3656710e+06   4.2663574e+01
   5.3657360e+06   4.9743652e+01
   5.3657670e+06   3.9916992e+01
   5.3657900e+06   4.2236328e+01
   5.3658410e+06   4.5532227e+01
   5.3659930e+06   3.9916992e+01
   5.3660050e+06   4.8461914e+01
   5.3660310e+06   5.7922363e+01
   5.3660500e+06   4.2236328e+01
   5.3660760e+06   4.4677734e+01
   5.3661320e+06   4.2053223e+01
   5.3661690e+06   3.7231445e+01
   5.3662580e+06   3.6865234e+01
   5.3663730e+06   4.1931152e+01
   5.3664240e+06   3.7536621e+01
   5.3664420e+06   3.8024902e+01
   5.3664850e+06   4.0893555e+01
   5.3665640e+06   4.1992188e+01
   5.3666270e+06   4.0344238e+01
   5.3666940e+06   4.6691895e+01
   5.3668830e+06   3.8696289e+01
   5.3669320e+06   4.0649414e+01
   5.3669800e+06   3.8635254e+01
   5.3671680e+06   4.0161133e+01
   5.3672380e+06   4.4128418e+01
   5.3673780e+06   3.8818359e+01
   5.3674600e+06   3.6682129e+01
   5.3674900e+06   3.9245605e+01
   5.3676820e+06   4.0832520e+01
   5.3679510e+06   3.6987305e+01
   5.3682380e+06   4.5166016e+01
   5.3684690e+06   4.1320801e+01
   5.3686450e+06   4.4067383e+01
   5.3691860e+06   4.6508789e+01
   5.3693170e+06   4.2907715e+01
   5.3704420e+06   3.9245605e+01
   5.3985570e+06   3.8085938e+01
   5.4051030e+06   4.7546387e+01
   5.4200100e+06   3.7597656e+01
   5.4209850e+06   3.6682129e+01
   5.4285950e+06   4.3884277e+01
   5.4395030e+06   3.8513184e+01
   5.4403280e+06   3.7719727e+01
   5.4467610e+06   3.9001465e+01
   5.4534570e+06   5.4870605e+01
   5.4548470e+06   3.9367676e+01
   5.4635270e+06   3.7475586e+01
   5.4674160e+06   3.7658691e+01
   5.4699820e+06   3.9794922e+01
   5.4717790e+06   4.0405273e+01
   5.4796790e+06   4.1870117e+01
   5.4812450e+06   3.7597656e+01
   5.5043310e+06   3.9001465e+01
   5.5069880e+06   3.9306641e+01
   5.5241120e+06   4.3640137e+01
   5.5431240e+06   4.2724609e+01
   5.5440610e+06   3.8879395e+01
   5.5474290e+06   3.6987305e+01
   5.5622330e+06   3.9306641e+01
   5.5784760e+06   3.6865234e+01
   5.5785790e+06   4.9804688e+01
   5.5890750e+06   3.8269043e+01
   5.6196480e+06   4.4128418e+01
   5.6207690e+06   5.6640625e+01
   5.6255600e+06   3.6682129e+01
   5.6289780e+06   3.7109375e+01
   5.6341970e+06   3.8635254e+01
   5.7061010e+06   4.8583984e+01
   5.7288590e+06   3.8452148e+01
   5.7503610e+06   5.6457520e+01
   5.7504570e+06   3.7719727e+01
   5.7529080e+06   3.6987305e+01
   5.7640260e+06   4.0893555e+01
   5.7680540e+06   3.6621094e+01
   5.7993710e+06   4.0222168e+01
   5.8200040e+06   3.7414551e+01
   5.8498430e+06   4.6875000e+01
   5.8593210e+06   4.0405273e+01
   5.9054200e+06   5.0964355e+01
   5.9403880e+06   3.6682129e+01
   5.9700990e+06   4.4433594e+01
   6.0045340e+06   5.2978516e+01
   6.0140060e+06   4.4250488e+01
   6.0180430e+06   3.9489746e+01
   6.0669740e+06   3.7109375e+01
   6.0969290e+06   5.5053711e+01
   6.1191540e+06   3.7109375e+01
   6.1363910e+06   3.8879395e+01
   6.1399440e+06   3.9001465e+01
   6.1509400e+06   4.2236328e+01
   6.1763240e+06   4.6691895e+01
   6.1928620e+06   4.1320801e+01
   6.2077750e+06   4.4677734e+01
   6.2191770e+06   3.9978027e+01
   6.2267790e+06   4.8889160e+01
   6.2353330e+06   3.7048340e+01
   6.2390570e+06   4.3518066e+01
   6.2404350e+06   3.6804199e+01
   6.2413790e+06   3.7536621e+01
   6.2617810e+06   4.3273926e+01
   6.2632390e+06   4.4616699e+01
   6.2632740e+06   3.6987305e+01
   6.2633000e+06   3.7353516e+01
   6.2633180e+06   3.7536621e+01
   6.2633330e+06   5.4260254e+01
   6.2633490e+06   5.4138184e+01
   6.2633750e+06   7.3120117e+01
   6.2633930e+06   5.1391602e+01
   6.2634170e+06   3.9184570e+01
   6.2634340e+06   4.1442871e+01
   6.2634440e+06   5.1269531e+01
   6.2634670e+06   7.3547363e+01
   6.2635080e+06   6.9091797e+01
   6.2635270e+06   6.5490723e+01
   6.2635420e+06   5.2246094e+01
   6.2635710e+06   8.0688477e+01
   6.2636070e+06   5.3894043e+01
   6.2636210e+06   6.9335938e+01
   6.2636330e+06   3.8024902e+01
   6.2636620e+06   6.6589355e+01
   6.2636720e+06   6.2438965e+01
   6.2637130e+06   4.9682617e+01
   6.2637370e+06   6.2988281e+01
   6.2637790e+06   6.3659668e+01
   6.2637990e+06   5.7922363e+01
   6.2638180e+06   5.0903320e+01
   6.2639450e+06   4.4006348e+01
   6.2639640e+06   4.2053223e+01
   6.2639870e+06   4.0832520e+01
   6.2641030e+06   4.1381836e+01
   6.2641810e+06   3.7963867e+01
   6.2642030e+06   4.0771484e+01
   6.2642990e+06   3.7292480e+01
   6.2643220e+06   4.0771484e+01
   6.2643390e+06   3.8146973e+01
   6.2644000e+06   4.1442871e+01
   6.2644520e+06   3.7353516e+01
   6.2645360e+06   4.5288086e+01
   6.2645630e+06   4.1137695e+01
   6.2646840e+06   3.7658691e+01
   6.2647370e+06   3.8757324e+01
   6.2648330e+06   3.9489746e+01
   6.2648620e+06   4.3518066e+01
   6.2650150e+06   5.2551270e+01
   6.2650310e+06   5.5969238e+01
   6.2651880e+06   4.6875000e+01
   6.2653630e+06   3.9672852e+01
   6.2654480e+06   3.9794922e+01
   6.2655520e+06   4.0527344e+01
   6.2656430e+06   3.8330078e+01
   6.2660530e+06   3.6926270e+01
   6.2660940e+06   3.6743164e+01
   6.2661470e+06   3.7475586e+01
   6.2661840e+06   3.7597656e+01
   6.2663390e+06   3.7048340e+01
   6.2670520e+06   3.7902832e+01
   6.2688070e+06   4.0649414e+01
   6.2753070e+06   4.9621582e+01
   6.2754010e+06   3.9123535e+01
   6.2754220e+06   3.7963867e+01
   6.2754340e+06   4.3701172e+01
   6.2754660e+06   4.1564941e+01
   6.2754810e+06   4.8156738e+01
   6.2755010e+06   5.1391602e+01
   6.2755430e+06   5.2551270e+01
   6.2755700e+06   3.7719727e+01
   6.2756010e+06   8.4777832e+01
   6.2756210e+06   3.8146973e+01
   6.2756390e+06   3.7597656e+01
   6.2756610e+06   4.5227051e+01
   6.2756920e+06   6.2500000e+01
   6.2757050e+06   3.6865234e+01
   6.2757580e+06   4.1381836e+01
   6.2757840e+06   4.0832520e+01
   6.2758140e+06   3.6743164e+01
   6.2758480e+06   5.6823730e+01
   6.2758670e+06   5.1330566e+01
   6.2758880e+06   3.8635254e+01
   6.2759150e+06   4.9011230e+01
   6.2759320e+06   4.5715332e+01
   6.2760300e+06   5.2001953e+01
   6.2760520e+06   4.7607422e+01
   6.2760660e+06   4.0344238e+01
   6.2760770e+06   5.2795410e+01
   6.2761080e+06   6.2194824e+01
   6.2761330e+06   3.8513184e+01
   6.2761660e+06   3.9978027e+01
   6.2762060e+06   3.7231445e+01
   6.2762570e+06   7.2875977e+01
   6.2763150e+06   3.8635254e+01
   6.2763670e+06   5.1635742e+01
   6.2764950e+06   5.0720215e+01
   6.2765060e+06   3.8940430e+01
   6.2766580e+06   4.0222168e+01
   6.2767080e+06   4.4128418e+01
   6.2767490e+06   4.6752930e+01
   6.2768720e+06   4.1320801e+01
   6.2769170e+06   3.8146973e+01
   6.2770390e+06   4.9804688e+01
   6.2770890e+06   3.8879395e+01
   6.2771100e+06   3.8574219e+01
   6.2771590e+06   3.7170410e+01
   6.2775630e+06   3.9367676e+01
   6.2775740e+06   4.8950195e+01
   6.2778010e+06   4.2053223e+01
   6.2780700e+06   3.9184570e+01
   6.2786340e+06   3.7414551e+01
   6.2787160e+06   4.3579102e+01
   6.2793380e+06   4.1748047e+01
   6.2797280e+06   3.8085938e+01
   6.3023250e+06   3.8940430e+01
   6.3111940e+06   4.0283203e+01
   6.3306820e+06   3.8452148e+01
   6.3345590e+06   3.7231445e+01
   6.3439450e+06   5.5358887e+01
   6.3540480e+06   3.9855957e+01
   6.3576660e+06   5.3894043e+01
   6.3650770e+06   3.6804199e+01
   6.3791270e+06   4.0100098e+01
   6.3835990e+06   3.7536621e+01
   6.3872890e+06   4.8522949e+01
   6.3905680e+06   4.6203613e+01
   6.4115850e+06   3.7902832e+01
   6.4133680e+06   4.5471191e+01
   6.4176600e+06   4.5166016e+01
   6.4181760e+06   4.3823242e+01
   6.4316210e+06   4.1503906e+01
   6.4360780e+06   3.7780762e+01
   6.4377000e+06   4.4311523e+01
   6.4607530e+06   4.1320801e+01
   6.4633090e+06   3.7780762e+01
   6.4752850e+06   5.7189941e+01
   6.4941110e+06   3.7841797e+01
   6.5165570e+06   5.5969238e+01
   6.5229980e+06   3.7170410e+01
   6.5356720e+06   4.2358398e+01
   6.5424210e+06   3.8513184e+01
   6.5551860e+06   3.9550781e+01
   6.5652950e+06   4.1992188e+01
   6.5710700e+06   4.6447754e+01
   6.5775090e+06   3.9062500e+01
   6.5801930e+06   3.9184570e+01
   6.5925160e+06   4.5471191e+01
   6.6125960e+06   3.7597656e+01
   6.6235320e+06   3.9489746e+01
   6.6237830e+06   3.9245605e+01
   6.6251770e+06   3.8452148e+01
   6.6389010e+06   4.0893555e+01
   6.6400560e+06   5.5175781e+01
   6.6443820e+06   3.7780762e+01
   6.6510810e+06   4.9011230e+01
   6.6546310e+06   3.6682129e+01
   6.6696370e+06   3.8574219e+01
   6.6711890e+06   3.6987305e+01
   6.6727820e+06   4.2175293e+01
   6.6979800e+06   3.7109375e+01
   6.7097060e+06   3.8757324e+01
   6.7216620e+06   3.9550781e+01
   6.7297340e+06   3.9184570e+01
   6.7320040e+06   4.5349121e+01
   6.7378810e+06   4.8339844e+01
   6.7392130e+06   3.8330078e+01
   6.7413730e+06   3.7536621e+01
   6.7480490e+06   4.0161133e+01
   6.7522780e+06   3.8635254e+01
   6.7534010e+06   3.8391113e+01
   6.7545060e+06   3.9489746e+01
   6.7663330e+06   3.8330078e+01
   6.7704310e+06   4.0222168e+01
   6.7723500e+06   4.8645020e+01
   6.7772260e+06   3.7658691e+01
   6.7842980e+06   4.1748047e+01
   6.7952020e+06   3.9367676e+01
   6.8043700e+06   3.6743164e+01
   6.8097550e+06   3.7353516e+01
   6.8136850e+06   4.7973633e+01
   6.8143590e+06   3.6926270e+01
   6.8161540e+06   3.9428711e+01
   6.8203540e+06   3.8208008e+01
   6.8219730e+06   3.7780762e+01
   6.8265330e+06   3.8391113e+01
   6.8278980e+06   3.7170410e+01
   6.8372740e+06   3.8696289e+01
   6.8471110e+06   3.8635254e+01
   6.8519020e+06   3.8696289e+01
   6.8697820e+06   3.8330078e+01
   6.8790860e+06   3.7902832e+01
   6.8798420e+06   3.6926270e+01
   6.8837330e+06   4.8339844e+01
   6.8902710e+06   3.8024902e+01
   6.8932530e+06   3.8818359e+01
   6.8993010e+06   3.8330078e+01
   6.9045690e+06   3.6926270e+01
   6.9137020e+06   4.3395996e+01
   6.9190900e+06   3.9489746e+01
   6.9310430e+06   3.8024902e+01
   6.9324160e+06   3.9001465e+01
   6.9337270e+06   3.6987305e+01
   6.9350110e+06   3.7597656e+01
   6.9372290e+06   5.2673340e+01
   6.9396040e+06   4.4006348e+01
   6.9501690e+06   4.2114258e+01
   6.9663920e+06   4.0344238e+01
   6.9798640e+06   3.9978027e+01
   6.9805790e+06   3.9001465e+01
   6.9818540e+06   4.1320801e+01
   6.9861800e+06   4.0222168e+01
   6.9940030e+06   3.8940430e+01
   6.9962180e+06   4.1809082e+01
   6.9977760e+06   3.7048340e+01
   7.0172050e+06   5.6091309e+01
   7.0252220e+06   3.6865234e+01
   7.0341730e+06   3.7170410e+01
   7.0428190e+06   4.1748047e+01
   7.0569890e+06   3.8269043e+01
   7.0726020e+06   3.7414551e+01
   7.0761840e+06   3.7658691e+01
   7.0825860e+06   4.4372559e+01
   7.0829050e+06   5.2490234e+01
   7.0882320e+06   3.9489746e+01
   7.1005900e+06   3.7353516e+01
   7.1298440e+06   4.9499512e+01
   7.1472890e+06   3.7902832e+01
   7.1545030e+06   3.7658691e+01
   7.1558700e+06   3.7048340e+01
   7.1589140e+06   3.8940430e+01
   7.1730630e+06   3.7109375e+01
   7.1846400e+06   3.7475586e+01
   7.1863070e+06   3.9672852e+01
   7.1914790e+06   4.0100098e+01
   7.1915650e+06   3.7475586e+01
   7.1929610e+06   4.1503906e+01
   7.1933810e+06   4.4555664e+01
   7.2010700e+06   3.8269043e+01
   7.2150450e+06   3.9733887e+01
   7.2209910e+06   6.8542480e+01
   7.2238690e+06   3.9794922e+01
   7.2292610e+06   4.0893555e+01
   7.2316760e+06   3.7170410e+01
   7.2487390e+06   5.4504395e+01
   7.2600620e+06   3.6682129e+01
   7.2710890e+06   4.1015625e+01
   7.2719070e+06   3.7231445e+01
   7.2745350e+06   4.8828125e+01
   7.2861480e+06   3.7902832e+01
   7.2905700e+06   3.7109375e+01
   7.3041990e+06   3.9428711e+01
   7.3081030e+06   3.9672852e+01
   7.3087440e+06   4.9621582e+01
   7.3121300e+06   4.0588379e+01
   7.3271210e+06   4.4616699e+01
   7.3365140e+06   3.7536621e+01
   7.3374900e+06   3.8085938e+01
   7.3512940e+06   3.8024902e+01
   7.3514960e+06   3.8269043e+01
   7.3626610e+06   3.7414551e+01
   7.3650410e+06   3.9367676e+01
   7.3816410e+06   3.6926270e+01
   7.3939820e+06   3.6987305e+01
   7.3971520e+06   4.0344238e+01
   7.3976380e+06   4.4616699e+01
   7.3978810e+06   4.3334961e+01
   7.3979450e+06   4.2114258e+01
   7.3980480e+06   5.2978516e+01
   7.3981450e+06   3.9611816e+01
   7.3981660e+06   4.6936035e+01
   7.3981910e+06   5.9020996e+01
   7.3982520e+06   5.7128906e+01
   7.3982780e+06   4.1687012e+01
   7.3982940e+06   4.8034668e+01
   7.3983250e+06   7.9467773e+01
   7.3983550e+06   7.5439453e+01
   7.3983730e+06   6.9641113e+01
   7.3983890e+06   6.1584473e+01
   7.3984090e+06   6.7138672e+01
   7.3984340e+06   6.4819336e+01
   7.3984550e+06   5.7250977e+01
   7.3984800e+06   6.6589355e+01
   7.3984990e+06   5.0415039e+01
   7.3985130e+06   5.2185059e+01
   7.3985340e+06   4.8156738e+01
   7.3985500e+06   5.4016113e+01
   7.3985610e+06   4.4128418e+01
   7.3986020e+06   3.8696289e+01
   7.3986210e+06   4.6325684e+01
   7.3986390e+06   5.6030273e+01
   7.3986510e+06   4.3579102e+01
   7.3986970e+06   4.4128418e+01
   7.3987180e+06   3.7109375e+01
   7.3987460e+06   4.5959473e+01
   7.3987810e+06   3.7780762e+01
   7.3988240e+06   3.8146973e+01
   7.3988500e+06   4.4555664e+01
   7.3988990e+06   4.0710449e+01
   7.3989160e+06   4.0344238e+01
   7.3990890e+06   4.0039062e+01
   7.3991100e+06   4.3029785e+01
   7.3991440e+06   3.7048340e+01
   7.3992250e+06   3.9733887e+01
   7.3993560e+06   3.9123535e+01
   7.3994910e+06   4.2602539e+01
   7.3997340e+06   3.7048340e+01
   7.3998290e+06   4.5715332e+01
   7.3998590e+06   3.6926270e+01
   7.3998760e+06   3.8146973e+01
   7.3999000e+06   3.8452148e+01
   7.4002010e+06   4.0832520e+01
   7.4002680e+06   4.3579102e+01
   7.4003530e+06   3.7292480e+01
   7.4005090e+06   3.9184570e+01
   7.4005620e+06   3.9062500e+01
   7.4007100e+06   3.8024902e+01
   7.4007740e+06   4.3518066e+01
   7.4008260e+06   3.7658691e+01
   7.4010470e+06   4.0771484e+01
   7.4017560e+06   4.6936035e+01
   7.4019910e+06   3.7536621e+01
   7.4020410e+06   3.7536621e+01
   7.4098820e+06   4.4677734e+01
   7.4099070e+06   4.5532227e+01
   7.4099260e+06   3.8940430e+01
   7.4099760e+06   3.9978027e+01
   7.4100060e+06   6.1706543e+01
   7.4100170e+06   6.1218262e+01
   7.4100510e+06   5.0292969e+01
   7.4100700e+06   5.0231934e+01
   7.4100970e+06   9.0698242e+01
   7.4101170e+06   3.8696289e+01
   7.4101780e+06   3.9428711e+01
   7.4102030e+06   4.4555664e+01
   7.4102360e+06   3.7536621e+01
   7.4102930e+06   5.8166504e+01
   7.4103190e+06   4.8217773e+01
   7.4103330e+06   6.0119629e+01
   7.4103630e+06   4.7912598e+01
   7.4104240e+06   3.9062500e+01
   7.4104390e+06   4.3090820e+01
   7.4104880e+06   4.1564941e+01
   7.4105410e+06   4.5776367e+01
   7.4105790e+06   3.7536621e+01
   7.4106660e+06   3.9916992e+01
   7.4106930e+06   4.4494629e+01
   7.4107070e+06   5.4077148e+01
   7.4107540e+06   4.7973633e+01
   7.4108040e+06   3.7048340e+01
   7.4109200e+06   3.8757324e+01
   7.4109700e+06   3.6987305e+01
   7.4110340e+06   5.0354004e+01
   7.4110680e+06   3.8269043e+01
   7.4111060e+06   3.7109375e+01
   7.4112620e+06   3.9428711e+01
   7.4113390e+06   3.6804199e+01
   7.4113660e+06   4.1259766e+01
   7.4114170e+06   4.0527344e+01
   7.4114630e+06   3.7231445e+01
   7.4115440e+06   3.9367676e+01
   7.4115590e+06   3.7780762e+01
   7.4116260e+06   3.6682129e+01
   7.4117960e+06   5.0292969e+01
   7.4120400e+06   3.9001465e+01
   7.4122100e+06   3.8696289e+01
   7.4122940e+06   3.8391113e+01
   7.4124190e+06   3.7719727e+01
   7.4128490e+06   5.1635742e+01
   7.4130040e+06   3.9794922e+01
   7.4131690e+06   3.8024902e+01
   7.4133200e+06   3.7658691e+01
   7.4135680e+06   4.0039062e+01
   7.4140020e+06   4.7424316e+01
   7.4144260e+06   4.3151855e+01
   7.4151890e+06   3.8269043e+01
   7.4552550e+06   4.6142578e+01
   7.4645640e+06   5.3344727e+01
   7.5041600e+06   3.7292480e+01
   7.5152170e+06   4.0039062e+01
   7.5216480e+06   3.8879395e+01
   7.5339960e+06   5.3039551e+01
   7.5427790e+06   4.6875000e+01
   7.5488750e+06   3.9245605e+01
   7.5713690e+06   3.6743164e+01
   7.5717490e+06   4.2358398e+01
   7.5859430e+06   4.0283203e+01
   7.6110780e+06   3.6987305e+01
   7.6443380e+06   3.7292480e+01
   7.6693660e+06   4.9560547e+01
   7.6726850e+06   4.1381836e+01
   7.6833100e+06   3.8330078e+01
   7.6997110e+06   5.2368164e+01
   7.7041650e+06   3.7719727e+01
   7.7280270e+06   4.8156738e+01
   7.7375310e+06   6.0607910e+01
   7.7461000e+06   6.1706543e+01
   7.7772750e+06   3.6682129e+01
   7.7905530e+06   3.8024902e+01
   7.8307860e+06   4.0893555e+01
   7.8358990e+06   5.1391602e+01
   7.8483370e+06   3.7109375e+01
   7.8648500e+06   4.7607422e+01
   7.8706920e+06   3.8269043e+01
   7.8716950e+06   3.9794922e+01
   7.8753130e+06   3.6926270e+01
   7.8899230e+06   3.6865234e+01
   7.8994720e+06   3.7353516e+01
   7.9004130e+06   6.9274902e+01
   7.9016970e+06   3.9489746e+01
   7.9380880e+06   5.1879883e+01
   7.9381670e+06   3.8208008e+01
   7.9405580e+06   3.7170410e+01
   7.9481920e+06   3.8269043e+01
   7.9672510e+06   3.7475586e+01
   7.9757750e+06   4.7851562e+01
   7.9835680e+06   4.5166016e+01
   7.9908330e+06   3.8818359e+01
   7.9914550e+06   4.1870117e+01
   8.0122040e+06   6.3659668e+01
   8.0128200e+06   4.7058105e+01
   8.0305810e+06   3.8574219e+01
   8.0322800e+06   3.9245605e+01
   8.0454590e+06   4.1564941e+01
   8.0588380e+06   4.1259766e+01
   8.0804980e+06   3.8391113e+01
   8.0927120e+06   3.8574219e+01
   8.0957890e+06   4.1198730e+01
   8.1154700e+06   4.9804688e+01
   8.1260530e+06   3.7597656e+01
   8.1280200e+06   4.1503906e+01
   8.1512280e+06   4.0893555e+01
   8.1547840e+06   4.2114258e+01
   8.1681300e+06   3.7841797e+01
   8.1868690e+06   3.6926270e+01
   8.2297450e+06   4.5837402e+01
   8.2407880e+06   3.8146973e+01
   8.2457210e+06   3.9794922e+01
   8.2457710e+06   3.8146973e+01
   8.2600710e+06   3.8330078e+01
   8.2624060e+06   5.6274414e+01
   8.2745640e+06   5.0720215e+01
   8.2894250e+06   4.2175293e+01
   8.3167850e+06   5.0659180e+01
   8.3405190e+06   5.8837891e+01
   8.4015380e+06   4.5532227e+01
   8.4017560e+06   4.4860840e+01
   8.4018700e+06   4.5898438e+01
   8.4019020e+06   6.9580078e+01
   8.4019200e+06   5.3039551e+01
   8.4019380e+06   6.4514160e+01
   8.4019670e+06   6.1889648e+01
   8.4019950e+06   3.8269043e+01
   8.4020310e+06   4.8889160e+01
   8.4020640e+06   6.1767578e+01
   8.4020820e+06   5.4016113e+01
   8.4021050e+06   6.5490723e+01
   8.4021200e+06   4.0771484e+01
   8.4021460e+06   3.7475586e+01
   8.4021660e+06   4.8950195e+01
   8.4021900e+06   4.8217773e+01
   8.4022020e+06   4.5959473e+01
   8.4022200e+06   4.7607422e+01
   8.4022300e+06   7.6965332e+01
   8.4022540e+06   4.6142578e+01
   8.4022650e+06   4.2358398e+01
   8.4022780e+06   4.8461914e+01
   8.4023090e+06   4.4189453e+01
   8.4023250e+06   4.2846680e+01
   8.4023590e+06   6.2927246e+01
   8.4023770e+06   5.1635742e+01
   8.4024050e+06   3.8208008e+01
   8.4024860e+06   3.9550781e+01
   8.4025040e+06   3.7841797e+01
   8.4025200e+06   3.7902832e+01
   8.4025490e+06   3.7719727e+01
   8.4025640e+06   3.9550781e+01
   8.4025940e+06   3.8574219e+01
   8.4027160e+06   3.6743164e+01
   8.4027450e+06   3.9916992e+01
   8.4028860e+06   3.9062500e+01
   8.4029890e+06   4.0588379e+01
   8.4031520e+06   3.7963867e+01
   8.4033370e+06   3.9611816e+01
   8.4034970e+06   3.8330078e+01
   8.4036680e+06   3.9916992e+01
   8.4038600e+06   3.8024902e+01
   8.4039860e+06   3.6865234e+01
   8.4040200e+06   4.1381836e+01
   8.4040600e+06   4.7546387e+01
   8.4045400e+06   3.9550781e+01
   8.4051140e+06   4.1198730e+01
   8.4060680e+06   4.2602539e+01
   8.4139450e+06   3.6865234e+01
   8.4139600e+06   3.9794922e+01
   8.4139880e+06   4.0893555e+01
   8.4140230e+06   4.5959473e+01
   8.4140570e+06   6.0302734e+01
   8.4140690e+06   8.4106445e+01
   8.4140860e+06   3.9001465e+01
   8.4141950e+06   4.4982910e+01
   8.4142310e+06   4.4372559e+01
   8.4142480e+06   4.1381836e+01
   8.4142800e+06   4.1198730e+01
   8.4143080e+06   5.0231934e+01
   8.4143250e+06   5.9326172e+01
   8.4143710e+06   4.2297363e+01
   8.4144290e+06   5.9570312e+01
   8.4145070e+06   4.0710449e+01
   8.4145260e+06   5.7983398e+01
   8.4145440e+06   3.6682129e+01
   8.4145690e+06   3.8330078e+01
   8.4145940e+06   3.9428711e+01
   8.4146080e+06   4.3029785e+01
   8.4146760e+06   5.1757812e+01
   8.4147100e+06   3.8208008e+01
   8.4147770e+06   4.7363281e+01
   8.4148070e+06   4.4494629e+01
   8.4148410e+06   3.9489746e+01
   8.4148900e+06   3.9001465e+01
   8.4149730e+06   4.1259766e+01
   8.4150220e+06   4.7180176e+01
   8.4150330e+06   5.0720215e+01
   8.4151150e+06   4.0283203e+01
   8.4151440e+06   4.2663574e+01
   8.4151740e+06   5.8227539e+01
   8.4151920e+06   4.1137695e+01
   8.4152680e+06   3.8269043e+01
   8.4153010e+06   3.7414551e+01
   8.4153120e+06   3.7353516e+01
   8.4157190e+06   4.9926758e+01
   8.4159800e+06   4.0039062e+01
   8.4160040e+06   3.9489746e+01
   8.4160670e+06   3.8085938e+01
   8.4166410e+06   4.7790527e+01
   8.4169400e+06   4.5898438e+01
   8.4177250e+06   4.0954590e+01
   8.4182630e+06   4.1503906e+01
   8.4191300e+06   3.8513184e+01
   8.4530400e+06   3.7597656e+01
   8.4633240e+06   4.8583984e+01
   8.4684950e+06   3.8391113e+01
   8.4955270e+06   4.9804688e+01
   8.4977220e+06   3.9855957e+01
   8.5003810e+06   3.9184570e+01
   8.5222640e+06   3.9123535e+01
   8.5245550e+06   3.7231445e+01
   8.5301670e+06   3.7292480e+01
   8.5327590e+06   3.7841797e+01
   8.5328870e+06   3.9550781e+01
   8.5378790e+06   3.7475586e+01
   8.5380800e+06   5.7861328e+01
   8.5447800e+06   3.7109375e+01
   8.5503660e+06   4.1198730e+01
   8.5539340e+06   3.7292480e+01
   8.5558050e+06   5.0354004e+01
   8.5588130e+06   4.0954590e+01
   8.5621470e+06   3.7414551e+01
   8.5652150e+06   3.9428711e+01
   8.5718590e+06   3.7170410e+01
   8.5760120e+06   4.5227051e+01
   8.5895130e+06   4.7912598e+01
   8.5939000e+06   5.0170898e+01
   8.6073230e+06   3.9062500e+01
   8.6094060e+06   3.8208008e+01
   8.6191450e+06   3.8146973e+01
   8.6236660e+06   4.0954590e+01
   8.6349460e+06   3.7536621e+01
   8.6476050e+06   3.7292480e+01
   8.6552600e+06   4.2785645e+01
   8.6562020e+06   3.7902832e+01
   8.6712000e+06   3.8879395e+01
   8.6733510e+06   3.8696289e+01
   8.6744590e+06   4.9133301e+01
   8.6892410e+06   3.7719727e+01
   8.6936010e+06   4.4799805e+01
   8.6986740e+06   4.1015625e+01
   8.7038370e+06   3.7231445e+01
   8.7299440e+06   5.1025391e+01
   8.7353240e+06   4.0893555e+01
   8.7377910e+06   3.6743164e+01
   8.7681040e+06   4.0344238e+01
   8.7715520e+06   3.7292480e+01
   8.7753830e+06   3.6865234e+01
   8.7833530e+06   3.7963867e+01
   8.7888780e+06   5.0903320e+01
   8.7935960e+06   3.9306641e+01
   8.8152240e+06   3.7841797e+01
   8.8271900e+06   3.9916992e+01
   8.8461900e+06   5.4321289e+01
   8.8468540e+06   3.8757324e+01
   8.8915450e+06   3.6865234e+01
   8.8968150e+06   4.1442871e+01
   8.9068220e+06   3.9062500e+01
   8.9173150e+06   3.6987305e+01
   8.9177190e+06   6.0729980e+01
   8.9253630e+06   3.9978027e+01
   8.9540190e+06   3.6682129e+01
   8.9558570e+06   3.8940430e+01
   8.9577490e+06   3.9733887e+01
   8.9605700e+06   3.7353516e+01
   8.9666200e+06   3.7841797e+01
   8.9668770e+06   3.7048340e+01
   8.9818660e+06   3.6865234e+01
   8.9825210e+06   4.2480469e+01
   8.9925900e+06   3.6804199e+01
   8.9969300e+06   3.6865234e+01
