   1.1996000e+07   0.0000000e+00
   1.4459000e+04   3.8818359e+01
   5.8794000e+04   3.8391113e+01
   6.0298000e+04   3.7719727e+01
   1.3553900e+05   3.9184570e+01
   1.6008200e+05   3.7841797e+01
   2.7246000e+05   4.3884277e+01
   2.8915500e+05   4.0893555e+01
   3.2748200e+05   3.7841797e+01
   3.3203300e+05   4.1442871e+01
   3.7507700e+05   3.7902832e+01
   4.5975000e+05   4.0100098e+01
   4.9812800e+05   3.9245605e+01
   5.1951800e+05   3.9489746e+01
   5.3345600e+05   3.9794922e+01
   5.7140100e+05   4.4128418e+01
   7.7057000e+05   3.9550781e+01
   8.3776200e+05   4.3273926e+01
   8.7615500e+05   3.7902832e+01
   8.7743700e+05   3.7963867e+01
   8.7746400e+05   4.2602539e+01
   8.7772800e+05   4.4616699e+01
   8.7782000e+05   4.3579102e+01
   8.7793600e+05   4.3212891e+01
   8.7796300e+05   4.4372559e+01
   8.7818000e+05   3.7963867e+01
   8.9492500e+05   3.8513184e+01
   8.9517200e+05   3.7963867e+01
   8.9612900e+05   4.2419434e+01
   9.1472400e+05   3.9916992e+01
   9.2516200e+05   3.9916992e+01
   9.4124200e+05   4.0710449e+01
   9.4128800e+05   4.1442871e+01
   9.4131600e+05   3.8208008e+01
   9.4154700e+05   3.8208008e+01
   9.4174500e+05   4.3518066e+01
   9.4181000e+05   3.9001465e+01
   9.4203500e+05   3.8757324e+01
   9.4258200e+05   3.9306641e+01
   9.4310400e+05   4.0283203e+01
   9.4522400e+05   3.8818359e+01
   9.6138400e+05   3.7597656e+01
   9.6212100e+05   3.9978027e+01
   9.6679700e+05   3.8024902e+01
   9.7338900e+05   3.9245605e+01
   9.7794100e+05   3.7963867e+01
   9.7814300e+05   4.6386719e+01
   9.7816600e+05   4.5349121e+01
   9.7875800e+05   3.7841797e+01
   9.8019100e+05   3.9123535e+01
   9.9808400e+05   3.9672852e+01
   1.0130830e+06   4.0588379e+01
   1.0132500e+06   3.7719727e+01
   1.0134040e+06   4.0710449e+01
   1.0431190e+06   4.0405273e+01
   1.0433420e+06   3.8757324e+01
   1.0435970e+06   4.3273926e+01
   1.0437400e+06   4.0954590e+01
   1.0439190e+06   4.5104980e+01
   1.0444530e+06   3.9611816e+01
   1.0694630e+06   4.1015625e+01
   1.0695630e+06   3.9123535e+01
   1.0697320e+06   3.8269043e+01
   1.0859250e+06   4.1931152e+01
   1.0859930e+06   3.8391113e+01
   1.0862750e+06   3.8940430e+01
   1.1006350e+06   4.1076660e+01
   1.1006660e+06   3.9489746e+01
   1.1007580e+06   4.2724609e+01
   1.1135660e+06   3.9794922e+01
   1.1146790e+06   4.5104980e+01
   1.1147530e+06   4.0222168e+01
   1.1148110e+06   3.7719727e+01
   1.1148670e+06   4.7912598e+01
   1.1149220e+06   3.8452148e+01
   1.1153200e+06   3.9062500e+01
   1.1420090e+06   4.1076660e+01
   1.1426630e+06   3.9794922e+01
   1.1427250e+06   4.0100098e+01
   1.1427900e+06   4.3579102e+01
   1.1573650e+06   3.9428711e+01
   1.1580650e+06   3.9245605e+01
   1.1740350e+06   4.2663574e+01
   1.1740930e+06   4.0039062e+01
   1.1741530e+06   4.0832520e+01
   1.1894380e+06   3.7780762e+01
   1.1897620e+06   3.8696289e+01
   1.1904070e+06   3.8024902e+01
   1.2041380e+06   4.5471191e+01
   1.2041690e+06   3.9123535e+01
   1.2044280e+06   4.0161133e+01
   1.2045440e+06   3.8757324e+01
   1.2048880e+06   3.8208008e+01
   1.3603560e+06   4.0039062e+01
   1.3632590e+06   4.2724609e+01
   1.4011390e+06   3.7597656e+01
   1.4395980e+06   3.9306641e+01
   1.5007170e+06   3.8513184e+01
   1.5467300e+06   3.7841797e+01
   1.6409760e+06   3.9978027e+01
   1.6731210e+06   3.9672852e+01
   1.6913730e+06   3.8635254e+01
   1.7167780e+06   4.4372559e+01
   1.7500740e+06   3.8574219e+01
   1.8191670e+06   3.8146973e+01
   1.8233230e+06   3.9794922e+01
   1.9338580e+06   3.9123535e+01
   2.0178140e+06   3.9916992e+01
   2.1170040e+06   3.8879395e+01
   2.1557170e+06   3.7963867e+01
   2.1812180e+06   3.9916992e+01
   2.1962120e+06   3.9794922e+01
   2.3167840e+06   3.8757324e+01
   2.4012280e+06   3.8757324e+01
   2.4246470e+06   3.8635254e+01
   2.5117060e+06   3.9611816e+01
   2.6656550e+06   3.8208008e+01
   2.6664340e+06   3.8757324e+01
   2.6738110e+06   3.8146973e+01
   2.7627260e+06   3.9062500e+01
   2.8158110e+06   4.0344238e+01
   2.8409580e+06   3.9245605e+01
   2.9122410e+06   4.2053223e+01
   2.9155270e+06   3.9001465e+01
   2.9282890e+06   4.1870117e+01
   2.9368590e+06   3.9245605e+01
   2.9857930e+06   4.1259766e+01
   3.0704550e+06   3.9001465e+01
   3.0711860e+06   3.9733887e+01
   3.0779170e+06   3.8208008e+01
   3.2076730e+06   4.1198730e+01
   3.2077080e+06   4.2419434e+01
   3.2077310e+06   6.2194824e+01
   3.2078060e+06   3.9489746e+01
   3.2078650e+06   4.0466309e+01
   3.2088860e+06   4.2297363e+01
   3.2128230e+06   4.0588379e+01
   3.2254820e+06   3.8452148e+01
   3.2265670e+06   3.9123535e+01
   3.2397120e+06   3.8330078e+01
   3.2546100e+06   3.9123535e+01
   3.2710560e+06   3.8085938e+01
   3.2746320e+06   3.9184570e+01
   3.2746910e+06   4.1625977e+01
   3.2749000e+06   3.9367676e+01
   3.2752830e+06   4.0283203e+01
   3.2753310e+06   3.8818359e+01
   3.2759550e+06   4.0954590e+01
   3.2923700e+06   4.2297363e+01
   3.3158950e+06   3.8391113e+01
   3.3159100e+06   3.9489746e+01
   3.3159990e+06   5.1452637e+01
   3.3160290e+06   3.8208008e+01
   3.3160620e+06   4.0405273e+01
   3.3161760e+06   4.0039062e+01
   3.3168210e+06   3.9489746e+01
   3.3521540e+06   4.0039062e+01
   3.3521700e+06   4.0100098e+01
   3.3523890e+06   3.8391113e+01
   3.3534660e+06   4.1687012e+01
   3.3768600e+06   3.8696289e+01
   3.3769570e+06   4.0039062e+01
   3.3776470e+06   4.0222168e+01
   3.4044240e+06   3.8391113e+01
   3.4044440e+06   5.4016113e+01
   3.4050650e+06   4.0405273e+01
   3.4253800e+06   3.9001465e+01
   3.4453000e+06   3.9001465e+01
   3.4454610e+06   4.9743652e+01
   3.4456690e+06   4.6997070e+01
   3.4461130e+06   3.8940430e+01
   3.4631220e+06   4.0222168e+01
   3.4785970e+06   4.0222168e+01
   3.4793620e+06   4.2236328e+01
   3.5564030e+06   3.8085938e+01
   3.5566120e+06   3.8940430e+01
   3.5772190e+06   4.2480469e+01
   3.5773640e+06   3.8513184e+01
   3.5777410e+06   4.2602539e+01
   3.5782920e+06   4.1015625e+01
   3.6061650e+06   4.0039062e+01
   3.6067370e+06   4.1198730e+01
   3.6075290e+06   4.9560547e+01
   3.9468600e+06   4.1442871e+01
   4.0359510e+06   4.0039062e+01
   4.2877880e+06   4.5837402e+01
   4.2962520e+06   3.8085938e+01
   4.3296350e+06   3.8269043e+01
   4.4808970e+06   3.8757324e+01
   4.5079260e+06   4.2297363e+01
   4.5942910e+06   4.1137695e+01
   4.6392740e+06   3.9489746e+01
   4.6457350e+06   4.2419434e+01
   4.6596270e+06   3.8879395e+01
   4.6910950e+06   3.8574219e+01
   4.6924540e+06   4.0039062e+01
   4.7153710e+06   4.2236328e+01
   4.7227420e+06   3.8330078e+01
   4.7231150e+06   3.9611816e+01
   4.7232780e+06   4.2114258e+01
   4.7370250e+06   3.9978027e+01
   4.7423420e+06   4.1809082e+01
   4.7423870e+06   3.8330078e+01
   4.7430710e+06   4.0161133e+01
   4.7782550e+06   3.8208008e+01
   4.7861590e+06   4.0344238e+01
   4.8048770e+06   4.0466309e+01
   4.8049880e+06   5.0109863e+01
   4.8050160e+06   4.2419434e+01
   4.8050480e+06   3.9428711e+01
   4.8160910e+06   4.1442871e+01
   4.8504290e+06   3.9184570e+01
   4.8669210e+06   3.9245605e+01
   4.8671270e+06   4.1442871e+01
   4.9325970e+06   4.0283203e+01
   4.9326830e+06   3.8574219e+01
   4.9330580e+06   3.9001465e+01
   4.9535500e+06   3.9978027e+01
   4.9884250e+06   3.9184570e+01
   5.0133780e+06   3.8085938e+01
   5.0138950e+06   3.9672852e+01
   5.0140480e+06   3.9611816e+01
   5.0140960e+06   3.9001465e+01
   5.0142650e+06   3.9489746e+01
   5.0153910e+06   4.8706055e+01
   5.1449900e+06   3.9306641e+01
   5.1716650e+06   4.0039062e+01
   5.2232240e+06   3.9001465e+01
   5.3822760e+06   4.2663574e+01
   5.4460400e+06   3.9428711e+01
   5.5505670e+06   4.0771484e+01
   5.5625320e+06   3.8269043e+01
   5.5757990e+06   3.8452148e+01
   5.6369940e+06   3.9428711e+01
   5.7635880e+06   3.9428711e+01
   5.8116230e+06   3.9794922e+01
   5.8968660e+06   3.9733887e+01
   5.9322110e+06   3.8818359e+01
   5.9426300e+06   3.9123535e+01
   6.0959370e+06   3.8330078e+01
   6.1065140e+06   3.9978027e+01
   6.1081050e+06   3.7963867e+01
   6.1235760e+06   3.8879395e+01
   6.1413510e+06   4.0100098e+01
   6.1813800e+06   3.9062500e+01
   6.1961030e+06   3.9062500e+01
   6.2148880e+06   4.0100098e+01
   6.2606870e+06   4.0222168e+01
   6.3110750e+06   4.2785645e+01
   6.3664680e+06   3.9367676e+01
   6.4119060e+06   3.8024902e+01
   6.4162730e+06   3.9489746e+01
   6.4697810e+06   4.3701172e+01
   6.5195450e+06   4.2785645e+01
   6.5276960e+06   3.8208008e+01
   6.5474820e+06   3.9672852e+01
   6.5574610e+06   3.8208008e+01
   6.5828590e+06   4.1076660e+01
   6.5991800e+06   3.8330078e+01
   6.6132920e+06   3.9367676e+01
   6.7164870e+06   4.2175293e+01
   6.7488310e+06   3.9672852e+01
   6.7891920e+06   3.9001465e+01
   6.8207570e+06   3.8391113e+01
   6.8802900e+06   3.9306641e+01
   6.9009120e+06   3.8391113e+01
   6.9257750e+06   3.9062500e+01
   7.0955060e+06   4.0161133e+01
   7.1024300e+06   4.0100098e+01
   7.1338320e+06   4.1381836e+01
   7.1482360e+06   3.8757324e+01
   7.2555750e+06   4.1137695e+01
   7.3446510e+06   3.9489746e+01
   7.3477480e+06   4.1442871e+01
   7.3690110e+06   4.4738770e+01
   7.3690370e+06   3.8085938e+01
   7.3691280e+06   3.8696289e+01
   7.3846040e+06   3.8696289e+01
   7.4298150e+06   3.9184570e+01
   7.4298680e+06   4.6081543e+01
   7.4298820e+06   3.8513184e+01
   7.4299520e+06   3.9062500e+01
   7.4306090e+06   3.8208008e+01
   7.4307660e+06   4.5104980e+01
   7.4731940e+06   3.8513184e+01
   7.5026350e+06   4.1503906e+01
   7.5027250e+06   3.9001465e+01
   7.5027920e+06   4.0588379e+01
   7.5033450e+06   4.0161133e+01
   7.5394070e+06   4.5288086e+01
   7.5398640e+06   4.1870117e+01
   7.5704150e+06   3.8757324e+01
   7.5710880e+06   4.1870117e+01
   7.6019340e+06   3.8146973e+01
   7.6021200e+06   3.9550781e+01
   7.6164540e+06   4.1015625e+01
   7.6177460e+06   3.8574219e+01
   7.6181350e+06   3.8696289e+01
   7.6182710e+06   3.8757324e+01
   7.6331450e+06   4.3273926e+01
   7.6478410e+06   3.9550781e+01
   7.6822320e+06   3.9428711e+01
   7.6828140e+06   3.8024902e+01
   7.9765130e+06   4.3090820e+01
   8.0814710e+06   3.8208008e+01
   8.1674430e+06   3.8269043e+01
   8.2976560e+06   4.1198730e+01
   8.3438370e+06   4.0405273e+01
   8.4008650e+06   3.9733887e+01
   8.4030020e+06   3.8085938e+01
   8.4252430e+06   4.1992188e+01
   8.5315470e+06   3.7963867e+01
   8.5322920e+06   4.4250488e+01
   8.5428790e+06   4.0588379e+01
   8.5516360e+06   3.8391113e+01
   8.5972220e+06   4.0771484e+01
   8.6075850e+06   4.9682617e+01
   8.7159510e+06   3.8452148e+01
   8.7199740e+06   4.0649414e+01
   8.7283640e+06   3.8085938e+01
   8.7336700e+06   4.0344238e+01
   8.7443800e+06   4.2236328e+01
   8.8663390e+06   4.0710449e+01
   8.8913400e+06   4.1442871e+01
   9.0236950e+06   3.8635254e+01
   9.0371470e+06   3.7414551e+01
   9.0397900e+06   3.7658691e+01
   9.0420370e+06   3.8757324e+01
   9.0577870e+06   3.8513184e+01
   9.0975890e+06   3.7719727e+01
   9.1062590e+06   4.0039062e+01
   9.1119700e+06   3.9184570e+01
   9.1298510e+06   3.7170410e+01
   9.1607620e+06   3.7658691e+01
   9.1627860e+06   3.7475586e+01
   9.2206380e+06   3.7597656e+01
   9.2368570e+06   3.6987305e+01
   9.2377620e+06   4.4738770e+01
   9.2381460e+06   5.4443359e+01
   9.2389420e+06   3.9062500e+01
   9.2399190e+06   3.9611816e+01
   9.2541750e+06   4.5959473e+01
   9.2542730e+06   3.7658691e+01
   9.2543820e+06   3.9428711e+01
   9.2544740e+06   3.6987305e+01
   9.3064120e+06   4.2541504e+01
   9.3064780e+06   4.4372559e+01
   9.3065300e+06   4.0161133e+01
   9.3066290e+06   3.9733887e+01
   9.3076200e+06   4.4250488e+01
   9.3077470e+06   3.8879395e+01
   9.3084300e+06   4.0893555e+01
   9.3120200e+06   3.8146973e+01
   9.3436030e+06   3.6926270e+01
   9.3437320e+06   4.3884277e+01
   9.3454260e+06   3.6926270e+01
   9.3764890e+06   3.8757324e+01
   9.3765210e+06   3.9611816e+01
   9.3765420e+06   3.7780762e+01
   9.3766250e+06   4.7119141e+01
   9.3767100e+06   4.1137695e+01
   9.3771280e+06   3.7048340e+01
   9.3771610e+06   3.8452148e+01
   9.3976230e+06   3.8208008e+01
   9.4045430e+06   4.0649414e+01
   9.4271340e+06   3.8818359e+01
   9.4271590e+06   3.8635254e+01
   9.4272110e+06   4.0344238e+01
   9.4272370e+06   3.9306641e+01
   9.4277840e+06   3.9001465e+01
   9.4279330e+06   3.7048340e+01
   9.4469210e+06   4.3579102e+01
   9.4469970e+06   3.7719727e+01
   9.4470520e+06   3.9062500e+01
   9.4471790e+06   4.3762207e+01
   9.4473900e+06   4.0039062e+01
   9.4673410e+06   4.2114258e+01
   9.4675330e+06   3.8208008e+01
   9.4846910e+06   3.6926270e+01
   9.4861450e+06   3.8818359e+01
   9.5131250e+06   4.6325684e+01
   9.5132210e+06   3.7292480e+01
   9.5298390e+06   3.8391113e+01
   9.5298700e+06   3.7292480e+01
   9.5302630e+06   3.8269043e+01
   9.5307690e+06   4.3090820e+01
   9.5467380e+06   4.0893555e+01
   9.5471560e+06   4.3640137e+01
   9.5675150e+06   3.8574219e+01
   9.5857390e+06   4.2480469e+01
   9.6179180e+06   3.7597656e+01
   9.6312090e+06   4.4128418e+01
   9.6313750e+06   3.8818359e+01
   9.6315320e+06   3.9184570e+01
   9.9609780e+06   4.0039062e+01
   9.9949150e+06   3.7658691e+01
   1.0077700e+07   3.7719727e+01
   1.0096405e+07   3.7475586e+01
   1.0252188e+07   4.0588379e+01
   1.0286915e+07   3.7597656e+01
   1.0306536e+07   3.7109375e+01
   1.0348362e+07   3.9550781e+01
   1.0381883e+07   3.9489746e+01
   1.0406170e+07   4.1381836e+01
   1.0474966e+07   3.8391113e+01
   1.0502613e+07   4.0588379e+01
   1.0533213e+07   3.6987305e+01
   1.0556351e+07   3.9794922e+01
   1.0588683e+07   3.7109375e+01
   1.0609558e+07   4.2846680e+01
   1.0609670e+07   3.8330078e+01
   1.0611556e+07   4.4921875e+01
   1.0612482e+07   3.7048340e+01
   1.0613322e+07   4.0344238e+01
   1.0613549e+07   3.7048340e+01
   1.0627177e+07   4.1748047e+01
   1.0631316e+07   3.7841797e+01
   1.0643510e+07   3.9978027e+01
   1.0653341e+07   3.8635254e+01
   1.0704902e+07   3.7414551e+01
   1.0704938e+07   4.4311523e+01
   1.0704993e+07   3.8269043e+01
   1.0705046e+07   4.0161133e+01
   1.0706930e+07   4.2236328e+01
   1.0750530e+07   3.8391113e+01
   1.0768247e+07   3.7170410e+01
   1.0768285e+07   4.7790527e+01
   1.0768891e+07   3.7536621e+01
   1.0769424e+07   3.7780762e+01
   1.0826957e+07   4.3457031e+01
   1.0856237e+07   3.9611816e+01
   1.0866839e+07   3.9611816e+01
   1.0866905e+07   3.7597656e+01
   1.0866915e+07   4.3090820e+01
   1.0866957e+07   3.9306641e+01
   1.0867115e+07   4.0405273e+01
   1.0919166e+07   3.7597656e+01
   1.0920619e+07   4.0283203e+01
   1.0934329e+07   3.6926270e+01
   1.0975478e+07   3.7048340e+01
   1.1030814e+07   4.0954590e+01
   1.1031427e+07   4.4738770e+01
   1.1031462e+07   4.5043945e+01
   1.1031754e+07   4.1198730e+01
   1.1066234e+07   3.7048340e+01
   1.1088977e+07   3.9672852e+01
   1.1089559e+07   3.9733887e+01
   1.1089760e+07   3.9123535e+01
   1.1138432e+07   4.5288086e+01
   1.1138950e+07   4.0405273e+01
   1.1184078e+07   3.7353516e+01
   1.1198938e+07   3.7353516e+01
   1.1235582e+07   3.8391113e+01
   1.1236017e+07   3.9978027e+01
   1.1236417e+07   4.6020508e+01
   1.1236590e+07   3.7963867e+01
   1.1236666e+07   4.0649414e+01
   1.1236773e+07   3.7231445e+01
   1.1237192e+07   4.1625977e+01
   1.1237637e+07   3.8024902e+01
   1.1257215e+07   4.2602539e+01
   1.1257808e+07   4.2053223e+01
   1.1339552e+07   3.9245605e+01
   1.1380141e+07   4.0588379e+01
   1.1420110e+07   3.7292480e+01
   1.1466368e+07   3.7048340e+01
   1.1514653e+07   3.9123535e+01
   1.1549046e+07   3.7658691e+01
   1.1672334e+07   3.6926270e+01
   1.1704022e+07   3.7780762e+01
   1.1744325e+07   3.8940430e+01
   1.1840801e+07   4.1809082e+01
   1.1857374e+07   3.7719727e+01
   1.1910482e+07   4.0100098e+01
   1.1931323e+07   3.8574219e+01
   1.1951450e+07   3.8879395e+01
   1.1958274e+07   3.7475586e+01
   1.1993395e+07   3.9611816e+01
