   1.1996000e+07   0.0000000e+00
   8.3020000e+03   4.2663574e+01
   1.1044000e+04   3.9489746e+01
   1.5285000e+04   7.1899414e+01
   1.9050000e+04   4.1442871e+01
   2.5081000e+04   7.2021484e+01
   2.7372000e+04   5.2429199e+01
   3.0550000e+04   8.0505371e+01
   3.0765000e+04   4.4433594e+01
   3.0802000e+04   6.1157227e+01
   3.2827000e+04   5.3405762e+01
   4.1145000e+04   7.5134277e+01
   4.1216000e+04   4.2968750e+01
   4.1382000e+04   4.2175293e+01
   4.4509000e+04   4.4372559e+01
   5.3089000e+04   6.9946289e+01
   5.8107000e+04   4.5043945e+01
   6.3842000e+04   4.1076660e+01
   7.6808000e+04   4.5104980e+01
   7.9750000e+04   6.3415527e+01
   8.2687000e+04   4.3762207e+01
   9.5195000e+04   7.9711914e+01
   1.0109200e+05   4.1259766e+01
   1.0228000e+05   7.2753906e+01
   1.1089200e+05   4.6081543e+01
   1.1588800e+05   6.6406250e+01
   1.1819000e+05   6.2194824e+01
   1.1901400e+05   4.1015625e+01
   1.2203100e+05   3.8818359e+01
   1.3093300e+05   4.8156738e+01
   1.3306600e+05   7.1533203e+01
   1.4194400e+05   4.3640137e+01
   1.5264500e+05   5.0537109e+01
   1.5337100e+05   6.5734863e+01
   1.5754600e+05   5.5969238e+01
   1.6402500e+05   4.9743652e+01
   1.6880800e+05   4.4250488e+01
   1.8045900e+05   4.4921875e+01
   1.8531100e+05   7.4462891e+01
   1.9296900e+05   6.1462402e+01
   1.9565500e+05   4.4128418e+01
   2.0492700e+05   7.6049805e+01
   2.0526100e+05   5.8898926e+01
   2.0570500e+05   5.2917480e+01
   2.0666200e+05   4.3029785e+01
   2.0864100e+05   4.3029785e+01
   2.0940400e+05   6.4819336e+01
   2.1570900e+05   4.1687012e+01
   2.3012600e+05   4.8034668e+01
   2.3730600e+05   4.6508789e+01
   2.4028100e+05   4.3151855e+01
   2.4247100e+05   7.6538086e+01
   2.5702600e+05   3.9123535e+01
   2.5811500e+05   6.3537598e+01
   2.6258300e+05   3.7780762e+01
   2.6706400e+05   4.0039062e+01
   2.7877300e+05   3.7048340e+01
   2.8019600e+05   7.9406738e+01
   2.8047600e+05   5.6640625e+01
   2.8069400e+05   4.0161133e+01
   2.9588000e+05   4.5227051e+01
   3.0344300e+05   6.4208984e+01
   3.0635500e+05   4.0588379e+01
   3.2490800e+05   5.9204102e+01
   3.2658600e+05   4.9926758e+01
   3.3236000e+05   3.4973145e+01
   3.4103700e+05   6.6528320e+01
   3.4850900e+05   6.3537598e+01
   3.4966400e+05   7.0983887e+01
   3.5003700e+05   5.9326172e+01
   3.5023200e+05   3.8574219e+01
   3.5132300e+05   5.7434082e+01
   3.5805900e+05   5.9753418e+01
   3.6330500e+05   4.5959473e+01
   3.7151500e+05   3.7292480e+01
   3.7817100e+05   4.4555664e+01
   3.7850800e+05   7.5805664e+01
   3.8512900e+05   4.3823242e+01
   3.9611400e+05   6.6711426e+01
   3.9890300e+05   4.8950195e+01
   3.9920000e+05   7.4035645e+01
   3.9963100e+05   6.1645508e+01
   4.1075600e+05   4.4921875e+01
   4.1682600e+05   4.3395996e+01
   4.1967900e+05   7.3059082e+01
   4.2511200e+05   4.3457031e+01
   4.3430900e+05   3.6743164e+01
   4.3638500e+05   5.6091309e+01
   4.3999900e+05   4.1687012e+01
   4.6101500e+05   3.8208008e+01
   4.6743200e+05   4.5288086e+01
   4.7150400e+05   4.0832520e+01
   4.7683300e+05   6.8176270e+01
   4.7855900e+05   3.9855957e+01
   4.9107900e+05   6.6589355e+01
   4.9355700e+05   5.0537109e+01
   4.9627600e+05   6.2438965e+01
   5.0579300e+05   4.0466309e+01
   5.1245000e+05   4.2053223e+01
   5.1337900e+05   7.4218750e+01
   5.1744700e+05   5.1391602e+01
   5.1779300e+05   7.2753906e+01
   5.2197100e+05   6.7687988e+01
   5.2475800e+05   3.8024902e+01
   5.2621500e+05   6.5307617e+01
   5.2698700e+05   6.2927246e+01
   5.3262300e+05   4.1625977e+01
   5.3472500e+05   6.9152832e+01
   5.3745200e+05   7.7026367e+01
   5.3961500e+05   4.8706055e+01
   5.4023600e+05   7.1716309e+01
   5.4788000e+05   7.0983887e+01
   5.4815300e+05   5.2124023e+01
   5.5033900e+05   4.6203613e+01
   5.5619500e+05   4.0100098e+01
   5.6455000e+05   3.7841797e+01
   5.6708300e+05   7.2692871e+01
   5.6969800e+05   6.7932129e+01
   5.6978300e+05   3.9489746e+01
   5.8758000e+05   3.9550781e+01
   5.9353700e+05   3.9733887e+01
   5.9434200e+05   6.1584473e+01
   5.9471100e+05   3.4912109e+01
   5.9480000e+05   4.2053223e+01
   5.9639400e+05   6.4575195e+01
   5.9742100e+05   3.4240723e+01
   5.9745400e+05   5.0415039e+01
   5.9789700e+05   5.8166504e+01
   5.9792200e+05   4.1625977e+01
   5.9809700e+05   3.4301758e+01
   5.9848300e+05   5.1879883e+01
   5.9863700e+05   5.1513672e+01
   5.9896200e+05   5.3833008e+01
   5.9912900e+05   3.4179688e+01
   6.0021500e+05   4.7241211e+01
   6.0270300e+05   5.8410645e+01
   6.0320400e+05   4.4738770e+01
   6.0430100e+05   3.9184570e+01
   6.0872500e+05   3.9123535e+01
   6.5631100e+05   4.5410156e+01
   6.5946600e+05   6.8786621e+01
   6.6990100e+05   3.8635254e+01
   6.7249500e+05   7.5805664e+01
   6.7711400e+05   4.1809082e+01
   6.8343900e+05   6.5673828e+01
   6.9463900e+05   4.2175293e+01
   6.9995900e+05   7.7697754e+01
   7.0053800e+05   5.0170898e+01
   7.0529600e+05   4.9560547e+01
   7.1145300e+05   3.9428711e+01
   7.1358700e+05   8.1237793e+01
   7.1666700e+05   3.4667969e+01
   7.2539500e+05   6.7321777e+01
   7.2735000e+05   7.5866699e+01
   7.3207200e+05   4.6997070e+01
   7.3730600e+05   7.3303223e+01
   7.3781600e+05   6.9763184e+01
   7.3983600e+05   6.1401367e+01
   7.4026500e+05   4.7973633e+01
   7.4428900e+05   4.9255371e+01
   7.5378600e+05   4.5776367e+01
   7.5898000e+05   3.9062500e+01
   7.6096000e+05   6.6284180e+01
   7.6180800e+05   6.5368652e+01
   7.6603200e+05   3.9184570e+01
   7.6859200e+05   6.6772461e+01
   7.7644700e+05   6.8847656e+01
   7.7678000e+05   6.3720703e+01
   7.7738000e+05   5.4016113e+01
   7.8177000e+05   4.2968750e+01
   7.8992100e+05   6.9763184e+01
   7.9038100e+05   6.3842773e+01
   7.9962800e+05   3.5827637e+01
   8.0447000e+05   5.3894043e+01
   8.1035800e+05   4.3212891e+01
   8.1215000e+05   6.7382812e+01
   8.1440100e+05   4.1564941e+01
   8.1762100e+05   7.2814941e+01
   8.2123200e+05   4.1564941e+01
   8.2979100e+05   4.9926758e+01
   8.4027300e+05   4.7546387e+01
   8.4066400e+05   6.8359375e+01
   8.4763100e+05   6.2194824e+01
   8.4821200e+05   4.3579102e+01
   8.4838300e+05   5.7312012e+01
   8.4874300e+05   6.1035156e+01
   8.4899800e+05   4.2541504e+01
   8.4925100e+05   3.6682129e+01
   8.5348800e+05   3.9611816e+01
   8.5753600e+05   6.0791016e+01
   8.6052000e+05   4.6752930e+01
   8.6665000e+05   7.7697754e+01
   8.7402100e+05   6.2683105e+01
   8.7424900e+05   3.6682129e+01
   8.7466600e+05   6.6711426e+01
   8.8145400e+05   4.5043945e+01
   8.9014100e+05   3.8330078e+01
   8.9371200e+05   4.3457031e+01
   8.9408800e+05   6.7260742e+01
   8.9700900e+05   4.7119141e+01
   9.1037400e+05   4.8828125e+01
   9.1623000e+05   4.8645020e+01
   9.1917900e+05   4.1992188e+01
   9.2611000e+05   4.5654297e+01
   9.4039300e+05   4.6630859e+01
   9.4414000e+05   4.2236328e+01
   9.5063100e+05   3.3996582e+01
   9.5304900e+05   7.4645996e+01
   9.5775900e+05   4.5532227e+01
   9.5902900e+05   6.3598633e+01
   9.6632600e+05   4.5349121e+01
   9.6661100e+05   7.8002930e+01
   9.7228100e+05   4.7363281e+01
   9.7903400e+05   5.2124023e+01
   9.8652400e+05   4.4311523e+01
   9.9475500e+05   3.9001465e+01
   9.9910800e+05   4.4921875e+01
   1.0027940e+06   7.2387695e+01
   1.0074020e+06   4.6691895e+01
   1.0125680e+06   4.7851562e+01
   1.0138080e+06   6.5917969e+01
   1.0172160e+06   4.3640137e+01
   1.0202670e+06   7.1777344e+01
   1.0293290e+06   4.4738770e+01
   1.0390820e+06   5.2795410e+01
   1.0428860e+06   3.7536621e+01
   1.0432160e+06   7.6843262e+01
   1.0462270e+06   3.7231445e+01
   1.0472080e+06   6.6162109e+01
   1.0476990e+06   6.1218262e+01
   1.0541250e+06   7.0800781e+01
   1.0544020e+06   5.8349609e+01
   1.0575000e+06   4.3701172e+01
   1.0635520e+06   4.1198730e+01
   1.0650450e+06   7.9589844e+01
   1.0684240e+06   6.0852051e+01
   1.0689980e+06   6.2011719e+01
   1.0705610e+06   5.9326172e+01
   1.0740830e+06   4.5654297e+01
   1.0817740e+06   4.4860840e+01
   1.0869310e+06   4.4433594e+01
   1.0883320e+06   6.0791016e+01
   1.0913720e+06   6.3476562e+01
   1.0919980e+06   6.0302734e+01
   1.0950930e+06   4.2358398e+01
   1.1027480e+06   3.4912109e+01
   1.1146210e+06   7.7941895e+01
   1.1150050e+06   5.6396484e+01
   1.1153200e+06   4.1992188e+01
   1.1214230e+06   4.3640137e+01
   1.1284260e+06   4.7058105e+01
   1.1327830e+06   6.1401367e+01
   1.1331830e+06   6.3537598e+01
   1.1338620e+06   3.5156250e+01
   1.1429290e+06   5.1940918e+01
   1.1475940e+06   4.3823242e+01
   1.1511990e+06   6.8481445e+01
   1.1580920e+06   4.2419434e+01
   1.1667100e+06   7.3669434e+01
   1.1668730e+06   4.0649414e+01
   1.1693060e+06   6.8847656e+01
   1.1721560e+06   4.2663574e+01
   1.1752940e+06   4.7241211e+01
   1.1821770e+06   6.3293457e+01
   1.1842850e+06   4.4738770e+01
   1.1898680e+06   4.0588379e+01
   1.1932600e+06   3.6804199e+01
   1.1936420e+06   6.8420410e+01
   1.1986850e+06   5.1879883e+01
   1.2094660e+06   3.4240723e+01
   1.2097830e+06   6.2561035e+01
   1.2211990e+06   8.4838867e+01
   1.2259050e+06   4.0283203e+01
   1.2268780e+06   6.8603516e+01
   1.2290010e+06   6.8969727e+01
   1.2297510e+06   5.9326172e+01
   1.2299440e+06   4.3334961e+01
   1.2375360e+06   4.7973633e+01
   1.2438240e+06   4.5471191e+01
   1.2451670e+06   6.4636230e+01
   1.2479130e+06   4.0283203e+01
   1.2551050e+06   5.9997559e+01
   1.2560360e+06   5.1086426e+01
   1.2610690e+06   3.6376953e+01
   1.2659250e+06   6.2377930e+01
   1.2781520e+06   4.7485352e+01
   1.2850010e+06   7.0190430e+01
   1.2858080e+06   3.8208008e+01
   1.2940810e+06   4.5410156e+01
   1.2985730e+06   6.5612793e+01
   1.3034220e+06   6.9824219e+01
   1.3150700e+06   6.0302734e+01
   1.3154970e+06   5.6762695e+01
   1.3172390e+06   4.1992188e+01
   1.3197150e+06   6.4147949e+01
   1.3199750e+06   4.9072266e+01
   1.3204200e+06   4.3273926e+01
   1.3204960e+06   5.3649902e+01
   1.3285100e+06   4.9072266e+01
   1.3338270e+06   4.6997070e+01
   1.3370990e+06   4.3945312e+01
   1.3396620e+06   7.3425293e+01
   1.3414040e+06   3.7475586e+01
   1.3421090e+06   6.2561035e+01
   1.3447820e+06   3.9001465e+01
   1.3508810e+06   4.4494629e+01
   1.3553200e+06   7.0373535e+01
   1.3599110e+06   4.5898438e+01
   1.3639050e+06   3.9916992e+01
   1.3735370e+06   6.9396973e+01
   1.3775070e+06   4.7790527e+01
   1.3855070e+06   7.4584961e+01
   1.3914260e+06   4.8522949e+01
   1.4021420e+06   5.1208496e+01
   1.4034960e+06   5.6030273e+01
   1.4038050e+06   5.7189941e+01
   1.4081300e+06   5.0537109e+01
   1.4142680e+06   7.6477051e+01
   1.4160790e+06   4.8706055e+01
   1.4213310e+06   7.5744629e+01
   1.4248400e+06   4.9621582e+01
   1.4291190e+06   7.2753906e+01
   1.4310010e+06   4.9011230e+01
   1.4327180e+06   6.2377930e+01
   1.4344460e+06   5.9753418e+01
   1.4389890e+06   4.3090820e+01
   1.4390850e+06   6.5490723e+01
   1.4393140e+06   4.4982910e+01
   1.4466340e+06   5.1757812e+01
   1.4495820e+06   4.2724609e+01
   1.4582210e+06   4.6447754e+01
   1.4653510e+06   4.6997070e+01
   1.4657260e+06   6.2622070e+01
   1.4662580e+06   6.6284180e+01
   1.4665210e+06   4.8156738e+01
   1.4698320e+06   4.5959473e+01
   1.4792070e+06   4.6142578e+01
   1.4818460e+06   7.2143555e+01
   1.4855130e+06   3.9184570e+01
   1.4895980e+06   6.8298340e+01
   1.4909570e+06   4.4494629e+01
   1.5031590e+06   4.9682617e+01
   1.5033650e+06   4.0466309e+01
   1.5096080e+06   7.0861816e+01
   1.5123070e+06   4.3151855e+01
   1.5160370e+06   4.1931152e+01
   1.5162630e+06   7.4096680e+01
   1.5199200e+06   7.3608398e+01
   1.5202000e+06   5.3710938e+01
   1.5286710e+06   6.8420410e+01
   1.5293010e+06   4.4677734e+01
   1.5353550e+06   5.1269531e+01
   1.5370410e+06   5.6762695e+01
   1.5430690e+06   4.6691895e+01
   1.5494370e+06   5.2917480e+01
   1.5551500e+06   3.9245605e+01
   1.5595040e+06   4.0466309e+01
   1.5621250e+06   6.4331055e+01
   1.5687880e+06   3.4301758e+01
   1.5771450e+06   7.2021484e+01
   1.5774540e+06   5.8654785e+01
   1.5817930e+06   4.9377441e+01
   1.5847530e+06   6.9274902e+01
   1.5875400e+06   4.8034668e+01
   1.5913830e+06   6.6772461e+01
   1.5916880e+06   4.5471191e+01
   1.5947390e+06   4.9743652e+01
   1.6008690e+06   4.4860840e+01
   1.6030530e+06   4.9865723e+01
   1.6070540e+06   7.2021484e+01
   1.6111070e+06   6.9091797e+01
   1.6143910e+06   3.8757324e+01
   1.6231950e+06   4.4250488e+01
   1.6236180e+06   6.9274902e+01
   1.6329690e+06   4.2053223e+01
   1.6391130e+06   4.2114258e+01
   1.6405120e+06   4.5959473e+01
   1.6441110e+06   4.4677734e+01
   1.6452930e+06   6.2500000e+01
   1.6458730e+06   6.8237305e+01
   1.6539800e+06   4.4677734e+01
   1.6557240e+06   7.2570801e+01
   1.6572770e+06   4.7302246e+01
   1.6579910e+06   3.6926270e+01
   1.6662310e+06   4.2175293e+01
   1.6676770e+06   6.5673828e+01
   1.6682320e+06   4.8583984e+01
   1.6797530e+06   5.0598145e+01
   1.6856140e+06   5.2978516e+01
   1.6872120e+06   4.6203613e+01
   1.6913560e+06   7.1960449e+01
   1.6927700e+06   4.9804688e+01
   1.6984280e+06   6.4758301e+01
   1.7004800e+06   3.8452148e+01
   1.7059090e+06   6.9458008e+01
   1.7082410e+06   4.1687012e+01
   1.7103780e+06   7.3303223e+01
   1.7133030e+06   4.4128418e+01
   1.7144800e+06   6.2744141e+01
   1.7175320e+06   4.1137695e+01
   1.7217060e+06   6.7077637e+01
   1.7235360e+06   7.3059082e+01
   1.7238330e+06   4.8889160e+01
   1.7243700e+06   5.1879883e+01
   1.7268720e+06   6.4758301e+01
   1.7270750e+06   4.5043945e+01
   1.7278410e+06   5.5847168e+01
   1.7331140e+06   5.0109863e+01
   1.7448290e+06   4.9255371e+01
   1.7488090e+06   4.2419434e+01
   1.7535610e+06   8.3862305e+01
   1.7540740e+06   5.8959961e+01
   1.7555240e+06   4.7302246e+01
   1.7575210e+06   6.6833496e+01
   1.7621040e+06   3.8574219e+01
   1.7775160e+06   7.6171875e+01
   1.7783860e+06   5.0231934e+01
   1.7889150e+06   4.4616699e+01
   1.8027380e+06   3.9978027e+01
   1.8050530e+06   7.3425293e+01
   1.8066110e+06   6.3964844e+01
   1.8151190e+06   3.7353516e+01
   1.8151520e+06   4.2419434e+01
   1.8175830e+06   6.8786621e+01
   1.8199590e+06   4.0039062e+01
   1.8271270e+06   5.1025391e+01
   1.8334880e+06   4.1320801e+01
   1.8412200e+06   7.6416016e+01
   1.8428150e+06   3.9306641e+01
   1.8438010e+06   6.2072754e+01
   1.8464850e+06   6.0058594e+01
   1.8486400e+06   3.6376953e+01
   1.8606220e+06   4.1564941e+01
   1.8625120e+06   4.0344238e+01
   1.8673040e+06   4.5532227e+01
   1.8708600e+06   5.1452637e+01
   1.8724250e+06   6.6772461e+01
   1.8772780e+06   5.8898926e+01
   1.8780400e+06   3.6193848e+01
   1.8813800e+06   6.5246582e+01
   1.8817130e+06   6.5246582e+01
   1.8821600e+06   5.3405762e+01
   1.8823440e+06   3.8146973e+01
   1.8827070e+06   4.8339844e+01
   1.8832590e+06   4.3518066e+01
   1.8843300e+06   5.9387207e+01
   1.8850530e+06   4.6936035e+01
   1.9036260e+06   4.5593262e+01
   1.9085520e+06   7.7270508e+01
   1.9091780e+06   3.7658691e+01
   1.9175150e+06   4.6142578e+01
   1.9232680e+06   4.2297363e+01
   1.9259880e+06   4.1442871e+01
   1.9331620e+06   5.2490234e+01
   1.9353170e+06   3.5461426e+01
   1.9375600e+06   3.6010742e+01
   1.9383370e+06   6.9763184e+01
   1.9388010e+06   6.0058594e+01
   1.9461170e+06   4.5898438e+01
   1.9461880e+06   7.1716309e+01
   1.9531940e+06   6.4331055e+01
   1.9540910e+06   6.6284180e+01
   1.9560280e+06   4.0588379e+01
   1.9565220e+06   6.4270020e+01
   1.9592620e+06   6.2377930e+01
   1.9649300e+06   7.5012207e+01
   1.9662210e+06   4.3823242e+01
   1.9692300e+06   6.9335938e+01
   1.9746830e+06   4.6325684e+01
   1.9791650e+06   4.0222168e+01
   1.9832630e+06   4.2846680e+01
   1.9922860e+06   5.1330566e+01
   2.0058550e+06   4.4677734e+01
   2.0129920e+06   4.3151855e+01
   2.0132200e+06   7.1655273e+01
   2.0196270e+06   4.6264648e+01
   2.0240550e+06   7.3120117e+01
   2.0245150e+06   6.3781738e+01
   2.0326030e+06   4.1381836e+01
   2.0352260e+06   3.4729004e+01
   2.0353140e+06   6.8054199e+01
   2.0369330e+06   3.7719727e+01
   2.0391570e+06   6.4147949e+01
   2.0444520e+06   4.8339844e+01
   2.0456060e+06   6.8969727e+01
   2.0557810e+06   3.4729004e+01
   2.0563950e+06   7.4340820e+01
   2.0670530e+06   7.0190430e+01
   2.0679550e+06   6.6406250e+01
   2.0682350e+06   4.5593262e+01
   2.0683310e+06   5.3100586e+01
   2.0708380e+06   4.9255371e+01
   2.0711840e+06   6.6406250e+01
   2.0713930e+06   4.9682617e+01
   2.0776870e+06   7.2631836e+01
   2.0785430e+06   5.0109863e+01
   2.0791170e+06   5.7067871e+01
   2.0854280e+06   4.0405273e+01
   2.0860920e+06   6.1645508e+01
   2.0886140e+06   4.2968750e+01
   2.0915350e+06   5.9875488e+01
   2.0918620e+06   5.2185059e+01
   2.0920920e+06   3.6132812e+01
   2.0925790e+06   3.8208008e+01
   2.0927800e+06   5.1147461e+01
   2.0929460e+06   4.1381836e+01
   2.0930540e+06   4.3640137e+01
   2.0931310e+06   5.1269531e+01
   2.0938030e+06   6.2438965e+01
   2.0939900e+06   4.8278809e+01
   2.0992480e+06   6.5246582e+01
   2.1384050e+06   3.4606934e+01
   2.1411570e+06   6.4392090e+01
   2.1458200e+06   8.0017090e+01
   2.1583110e+06   4.3579102e+01
   2.1626110e+06   6.6772461e+01
   2.1795410e+06   4.3640137e+01
   2.1796570e+06   4.3212891e+01
   2.1854120e+06   7.3669434e+01
   2.1856660e+06   4.2480469e+01
   2.1948960e+06   4.4433594e+01
   2.2024730e+06   4.2602539e+01
   2.2055650e+06   4.7729492e+01
   2.2060400e+06   6.7687988e+01
   2.2093480e+06   4.3212891e+01
   2.2121950e+06   4.5288086e+01
   2.2169590e+06   4.6081543e+01
   2.2185280e+06   6.7626953e+01
   2.2212710e+06   5.9692383e+01
   2.2229330e+06   6.5856934e+01
   2.2237120e+06   5.1208496e+01
   2.2278230e+06   3.5644531e+01
   2.2302670e+06   5.1818848e+01
   2.2327130e+06   7.1655273e+01
   2.2331250e+06   6.3354492e+01
   2.2361500e+06   4.3762207e+01
   2.2407050e+06   4.2480469e+01
   2.2478470e+06   3.5583496e+01
   2.2501970e+06   8.1481934e+01
   2.2510240e+06   7.2998047e+01
   2.2552170e+06   3.5644531e+01
   2.2596260e+06   5.9082031e+01
   2.2603190e+06   4.9194336e+01
   2.2603920e+06   5.2734375e+01
   2.2668380e+06   5.1879883e+01
   2.2680620e+06   5.8715820e+01
   2.2713890e+06   3.9733887e+01
   2.2785770e+06   4.6264648e+01
   2.2800520e+06   5.1330566e+01
   2.2827690e+06   6.6589355e+01
   2.2835900e+06   6.6467285e+01
   2.2858260e+06   4.5227051e+01
   2.2916120e+06   3.9245605e+01
   2.2969260e+06   7.3608398e+01
   2.3017230e+06   3.7292480e+01
   2.3033350e+06   4.1076660e+01
   2.3083190e+06   7.1838379e+01
   2.3125130e+06   4.0710449e+01
   2.3157510e+06   4.2053223e+01
   2.3173280e+06   3.7231445e+01
   2.3191250e+06   4.3884277e+01
   2.3199980e+06   6.6284180e+01
   2.3263220e+06   3.8208008e+01
   2.3273370e+06   6.4636230e+01
   2.3325310e+06   4.2480469e+01
   2.3428460e+06   7.2631836e+01
   2.3447710e+06   4.5715332e+01
   2.3482400e+06   4.0893555e+01
   2.3506290e+06   6.9030762e+01
   2.3522400e+06   4.4311523e+01
   2.3526780e+06   6.1828613e+01
   2.3570010e+06   4.0100098e+01
   2.3601490e+06   4.0405273e+01
   2.3643710e+06   6.7077637e+01
   2.3714870e+06   4.3212891e+01
   2.3742130e+06   3.4240723e+01
   2.3774550e+06   5.8715820e+01
   2.3839620e+06   6.2744141e+01
   2.3840460e+06   4.3273926e+01
   2.3850560e+06   6.4392090e+01
   2.3852840e+06   4.6325684e+01
   2.3861880e+06   5.7495117e+01
   2.3945890e+06   6.4086914e+01
   2.3955380e+06   5.1086426e+01
   2.3998840e+06   4.3090820e+01
   2.4022010e+06   6.9702148e+01
   2.4096440e+06   4.5532227e+01
   2.4097880e+06   4.7119141e+01
   2.4136380e+06   7.9650879e+01
   2.4138900e+06   4.7058105e+01
   2.4180480e+06   3.3996582e+01
   2.4282940e+06   4.4494629e+01
   2.4367210e+06   3.3996582e+01
   2.4429520e+06   4.5837402e+01
   2.4468530e+06   4.5654297e+01
   2.4508060e+06   7.7148438e+01
   2.4565950e+06   4.9621582e+01
   2.4612690e+06   3.8024902e+01
   2.4626600e+06   7.1899414e+01
   2.4728070e+06   6.1157227e+01
   2.4732520e+06   3.5827637e+01
   2.4774890e+06   4.1809082e+01
   2.4786630e+06   6.6040039e+01
   2.4816120e+06   6.3720703e+01
   2.4819790e+06   5.8776855e+01
   2.4878920e+06   4.5532227e+01
   2.4947680e+06   5.1574707e+01
   2.5012890e+06   7.0373535e+01
   2.5041670e+06   5.2490234e+01
   2.5055120e+06   4.2053223e+01
   2.5065850e+06   6.5673828e+01
   2.5070870e+06   6.5063477e+01
   2.5084170e+06   6.2438965e+01
   2.5119220e+06   3.6437988e+01
   2.5180040e+06   4.0771484e+01
   2.5201350e+06   4.6264648e+01
   2.5256000e+06   6.4147949e+01
   2.5265770e+06   4.8095703e+01
   2.5339250e+06   4.8889160e+01
   2.5363860e+06   4.1137695e+01
   2.5421150e+06   3.5766602e+01
   2.5468260e+06   3.7475586e+01
   2.5504370e+06   3.7353516e+01
   2.5548570e+06   7.4768066e+01
   2.5629680e+06   4.1809082e+01
   2.5689720e+06   4.3640137e+01
   2.5746230e+06   4.8156738e+01
   2.5767020e+06   6.4941406e+01
   2.5771020e+06   4.2785645e+01
   2.5807950e+06   3.4667969e+01
   2.5828570e+06   4.3151855e+01
   2.5912790e+06   6.3476562e+01
   2.5936550e+06   3.7414551e+01
   2.5965190e+06   3.8574219e+01
   2.6006680e+06   3.7414551e+01
   2.6016950e+06   7.4157715e+01
   2.6056410e+06   4.8217773e+01
   2.6068040e+06   7.0800781e+01
   2.6107400e+06   3.7170410e+01
   2.6112460e+06   3.3996582e+01
   2.6122220e+06   6.5917969e+01
   2.6156580e+06   7.4157715e+01
   2.6189460e+06   4.2602539e+01
   2.6211910e+06   6.9091797e+01
   2.6238240e+06   3.8757324e+01
   2.6269200e+06   5.7800293e+01
   2.6403800e+06   4.0466309e+01
   2.6423540e+06   3.4484863e+01
   2.6471870e+06   4.3640137e+01
   2.6545000e+06   7.9284668e+01
   2.6565370e+06   4.2114258e+01
   2.6613670e+06   4.5654297e+01
   2.6628600e+06   6.7626953e+01
   2.6633040e+06   6.5185547e+01
   2.6677470e+06   3.9550781e+01
   2.6751840e+06   4.1625977e+01
   2.6757520e+06   6.1523438e+01
   2.6779920e+06   6.9580078e+01
   2.6785230e+06   4.4128418e+01
   2.6803410e+06   3.5461426e+01
   2.6809500e+06   3.4179688e+01
   2.6814850e+06   6.8115234e+01
   2.6889270e+06   3.7414551e+01
   2.6931340e+06   4.0771484e+01
   2.6958220e+06   3.8574219e+01
   2.6974600e+06   6.7993164e+01
   2.6980580e+06   6.9152832e+01
   2.6981750e+06   5.0109863e+01
   2.6984710e+06   5.2612305e+01
   2.6985740e+06   4.9316406e+01
   2.6989440e+06   7.1716309e+01
   2.6990590e+06   4.4860840e+01
   2.6992360e+06   4.1259766e+01
   2.6997600e+06   5.1757812e+01
   2.7000570e+06   4.3395996e+01
   2.7001640e+06   5.0415039e+01
   2.7030850e+06   3.6315918e+01
   2.7033050e+06   5.6701660e+01
   2.7041640e+06   5.8593750e+01
   2.7077140e+06   4.3090820e+01
   2.7401580e+06   6.3598633e+01
   2.7517950e+06   6.7626953e+01
   2.7695850e+06   6.6650391e+01
   2.7795950e+06   5.9814453e+01
   2.7796050e+06   5.4138184e+01
   2.7803870e+06   5.5603027e+01
   2.7807280e+06   5.2551270e+01
   2.7873930e+06   3.6926270e+01
   2.7964600e+06   6.6833496e+01
   2.7995580e+06   6.3293457e+01
   2.7995830e+06   4.4250488e+01
   2.8011260e+06   3.6132812e+01
   2.8053910e+06   3.9733887e+01
   2.8086170e+06   6.4331055e+01
   2.8101100e+06   6.2438965e+01
   2.8107860e+06   3.8696289e+01
   2.8153150e+06   5.9997559e+01
   2.8155700e+06   5.5419922e+01
   2.8165170e+06   5.2490234e+01
   2.8190860e+06   4.8645020e+01
   2.8277280e+06   3.7658691e+01
   2.8326360e+06   3.9062500e+01
   2.8364710e+06   7.3425293e+01
   2.8371280e+06   3.9733887e+01
   2.8420450e+06   3.9916992e+01
   2.8450360e+06   4.9926758e+01
   2.8485060e+06   8.8256836e+01
   2.8628500e+06   4.2358398e+01
   2.8673630e+06   6.5002441e+01
   2.8674640e+06   3.9855957e+01
   2.8691810e+06   3.4362793e+01
   2.8728460e+06   6.4514160e+01
   2.8731560e+06   5.5725098e+01
   2.8763100e+06   4.2358398e+01
   2.8781400e+06   6.6467285e+01
   2.8824980e+06   4.2785645e+01
   2.8849270e+06   6.6162109e+01
   2.8864730e+06   4.7241211e+01
   2.8883390e+06   4.6447754e+01
   2.8891420e+06   7.3608398e+01
   2.8941900e+06   6.8542480e+01
   2.8955410e+06   5.2795410e+01
   2.9023960e+06   4.2907715e+01
   2.9066320e+06   7.2448730e+01
   2.9071150e+06   4.1687012e+01
   2.9097750e+06   6.4941406e+01
   2.9102810e+06   6.2683105e+01
   2.9119850e+06   4.4189453e+01
   2.9224530e+06   4.6020508e+01
   2.9232630e+06   6.7199707e+01
   2.9250940e+06   6.1279297e+01
   2.9312940e+06   4.7546387e+01
   2.9313770e+06   7.1044922e+01
   2.9320000e+06   6.5429688e+01
   2.9364830e+06   4.2358398e+01
   2.9407200e+06   4.5166016e+01
   2.9459230e+06   7.1716309e+01
   2.9467710e+06   4.1320801e+01
   2.9477010e+06   6.2622070e+01
   2.9500340e+06   3.7048340e+01
   2.9516480e+06   6.1401367e+01
   2.9561700e+06   4.8645020e+01
   2.9578280e+06   7.2204590e+01
   2.9618260e+06   7.0556641e+01
   2.9654940e+06   4.7119141e+01
   2.9682700e+06   4.4921875e+01
   2.9718070e+06   3.5095215e+01
   2.9723080e+06   5.9936523e+01
   2.9726490e+06   5.4199219e+01
   2.9766510e+06   4.1259766e+01
   2.9826140e+06   6.2011719e+01
   2.9852310e+06   4.6630859e+01
   2.9938320e+06   4.6081543e+01
   2.9979910e+06   4.6325684e+01
   3.0016400e+06   4.2785645e+01
   3.0035890e+06   5.9753418e+01
   3.0093230e+06   4.3029785e+01
   3.0093920e+06   8.6059570e+01
   3.0146250e+06   7.6354980e+01
   3.0148570e+06   4.4616699e+01
   3.0164300e+06   4.4067383e+01
   3.0268940e+06   3.5949707e+01
   3.0359380e+06   3.4423828e+01
   3.0368770e+06   3.7719727e+01
   3.0426280e+06   6.5246582e+01
   3.0481990e+06   3.9123535e+01
   3.0544870e+06   4.9255371e+01
   3.0614580e+06   4.4982910e+01
   3.0658000e+06   3.6865234e+01
   3.0688620e+06   7.5317383e+01
   3.0691060e+06   3.5949707e+01
   3.0708740e+06   3.7109375e+01
   3.0794360e+06   3.9367676e+01
   3.0872440e+06   4.8400879e+01
   3.0903100e+06   7.6171875e+01
   3.0905860e+06   5.3771973e+01
   3.0919710e+06   6.2377930e+01
   3.0927940e+06   3.8452148e+01
   3.0993560e+06   3.9794922e+01
   3.0997610e+06   3.9794922e+01
   3.1005660e+06   6.0974121e+01
   3.1062280e+06   4.4616699e+01
   3.1137380e+06   3.6621094e+01
   3.1186570e+06   7.2753906e+01
   3.1190670e+06   4.4860840e+01
   3.1238890e+06   4.3151855e+01
   3.1245890e+06   6.9091797e+01
   3.1287470e+06   5.1574707e+01
   3.1340020e+06   7.0312500e+01
   3.1416530e+06   5.4931641e+01
   3.1460020e+06   7.0434570e+01
   3.1499150e+06   7.4279785e+01
   3.1504510e+06   4.4189453e+01
   3.1507520e+06   5.5175781e+01
   3.1518770e+06   6.0485840e+01
   3.1549670e+06   3.9245605e+01
   3.1598220e+06   4.1748047e+01
   3.1678900e+06   4.0832520e+01
   3.1693190e+06   6.6284180e+01
   3.1728330e+06   4.6447754e+01
   3.1731320e+06   6.8725586e+01
   3.1775360e+06   6.9274902e+01
   3.1789860e+06   6.5734863e+01
   3.1794080e+06   5.0415039e+01
   3.1800890e+06   5.7800293e+01
   3.1834650e+06   4.2053223e+01
   3.1859220e+06   4.0344238e+01
   3.1935400e+06   4.1442871e+01
   3.1999020e+06   7.9589844e+01
   3.2067020e+06   4.1809082e+01
   3.2119150e+06   4.5410156e+01
   3.2122230e+06   6.4147949e+01
   3.2168110e+06   3.8208008e+01
   3.2181320e+06   6.3171387e+01
   3.2193470e+06   6.1706543e+01
   3.2271810e+06   7.2021484e+01
   3.2339980e+06   6.9335938e+01
   3.2343240e+06   6.1645508e+01
   3.2363050e+06   3.8879395e+01
   3.2363620e+06   6.6467285e+01
   3.2454160e+06   5.2856445e+01
   3.2458160e+06   7.8186035e+01
   3.2494730e+06   6.2988281e+01
   3.2503090e+06   3.8452148e+01
   3.2526170e+06   6.5673828e+01
   3.2574770e+06   4.5104980e+01
   3.2616720e+06   7.2387695e+01
   3.2653320e+06   5.3466797e+01
   3.2657550e+06   5.6274414e+01
   3.2676480e+06   4.7973633e+01
   3.2745480e+06   5.9448242e+01
   3.2752670e+06   4.8950195e+01
   3.2851260e+06   6.2744141e+01
   3.2859040e+06   4.1809082e+01
   3.2890530e+06   6.1889648e+01
   3.2919200e+06   3.8269043e+01
   3.2982310e+06   4.2297363e+01
   3.2999590e+06   7.0068359e+01
   3.3042420e+06   4.4677734e+01
   3.3054130e+06   6.8969727e+01
   3.3115410e+06   6.2255859e+01
   3.3129230e+06   4.6691895e+01
   3.3165150e+06   3.9428711e+01
   3.3252570e+06   6.0729980e+01
   3.3349150e+06   5.3710938e+01
   3.3385230e+06   3.9794922e+01
   3.3443440e+06   6.0852051e+01
   3.3527320e+06   4.3212891e+01
   3.3544740e+06   7.0861816e+01
   3.3592070e+06   6.7199707e+01
   3.3673550e+06   4.0954590e+01
   3.3680560e+06   7.2753906e+01
   3.3767310e+06   4.3640137e+01
   3.3849550e+06   7.4279785e+01
   3.3878470e+06   4.1015625e+01
   3.3907430e+06   6.2561035e+01
   3.3910140e+06   6.1279297e+01
   3.3913080e+06   3.7963867e+01
   3.4007650e+06   4.3701172e+01
   3.4288590e+06   3.7475586e+01
   3.4294320e+06   7.5317383e+01
   3.4310280e+06   7.6171875e+01
   3.4317060e+06   5.6945801e+01
   3.4352130e+06   6.9335938e+01
   3.4356120e+06   5.6152344e+01
   3.4401620e+06   5.1330566e+01
   3.4407060e+06   4.2114258e+01
   3.4424990e+06   6.8725586e+01
   3.4458140e+06   7.2326660e+01
   3.4478360e+06   4.9865723e+01
   3.4538120e+06   5.0109863e+01
   3.4550390e+06   6.7321777e+01
   3.4578430e+06   7.4401855e+01
   3.4586150e+06   5.8959961e+01
   3.4809290e+06   3.3752441e+01
   3.4874750e+06   4.5654297e+01
   3.4957850e+06   4.8950195e+01
   3.5025880e+06   6.9946289e+01
   3.5064710e+06   6.8054199e+01
   3.5080870e+06   4.8034668e+01
   3.5149030e+06   4.2053223e+01
   3.5300040e+06   3.7536621e+01
   3.5356160e+06   4.6752930e+01
   3.5414200e+06   6.1279297e+01
   3.5507790e+06   4.9499512e+01
   3.5537970e+06   6.9763184e+01
   3.5575460e+06   6.9335938e+01
   3.5577930e+06   5.8593750e+01
   3.5727690e+06   7.0739746e+01
   3.5763780e+06   4.2602539e+01
   3.5801050e+06   4.4311523e+01
   3.5812070e+06   7.0068359e+01
   3.5875620e+06   7.0251465e+01
   3.5882140e+06   5.8776855e+01
   3.5886300e+06   4.3273926e+01
   3.5886770e+06   4.7668457e+01
   3.5894170e+06   4.6508789e+01
   3.6049890e+06   4.3090820e+01
   3.6104070e+06   6.9946289e+01
   3.6141480e+06   4.9499512e+01
   3.6254330e+06   4.6997070e+01
   3.6281020e+06   7.2021484e+01
   3.6314320e+06   4.2480469e+01
   3.6345620e+06   6.6894531e+01
   3.6609460e+06   7.2387695e+01
   3.6819250e+06   4.5776367e+01
   3.6851900e+06   7.3181152e+01
   3.6861620e+06   4.2846680e+01
   3.6930020e+06   4.5898438e+01
   3.6958430e+06   6.3537598e+01
   3.6986210e+06   3.6437988e+01
   3.7062280e+06   4.8583984e+01
   3.7137780e+06   7.5866699e+01
   3.7260000e+06   3.7658691e+01
   3.7275060e+06   6.8725586e+01
   3.7332200e+06   6.9274902e+01
   3.7367770e+06   3.7719727e+01
   3.7397140e+06   6.6711426e+01
   3.7492890e+06   6.7199707e+01
   3.7496880e+06   6.3171387e+01
   3.7542180e+06   6.9763184e+01
   3.7554700e+06   4.1381836e+01
   3.7670090e+06   6.2438965e+01
   3.7774410e+06   4.2907715e+01
   3.7810640e+06   3.4729004e+01
   3.7921330e+06   6.4208984e+01
   3.7928650e+06   6.2438965e+01
   3.7984440e+06   4.1809082e+01
   3.8101520e+06   4.8095703e+01
   3.8110940e+06   6.8054199e+01
   3.8112510e+06   4.7424316e+01
   3.8166220e+06   6.8969727e+01
   3.8288390e+06   6.7443848e+01
   3.8300270e+06   4.9011230e+01
   3.8319040e+06   7.1777344e+01
   3.8337380e+06   6.1584473e+01
   3.8386430e+06   3.7231445e+01
   3.8418290e+06   6.3659668e+01
   3.8554990e+06   3.8024902e+01
   3.8656470e+06   6.0729980e+01
   3.8661050e+06   3.8024902e+01
   3.8707110e+06   6.6406250e+01
   3.8709260e+06   5.6884766e+01
   3.8711650e+06   4.0283203e+01
   3.8801170e+06   6.7382812e+01
   3.8840670e+06   4.4982910e+01
   3.8952760e+06   7.4584961e+01
   3.8956130e+06   5.1208496e+01
   3.8959630e+06   4.3823242e+01
   3.8962730e+06   3.3996582e+01
   3.9124850e+06   4.4433594e+01
   3.9152510e+06   3.5461426e+01
   3.9276670e+06   4.1259766e+01
   3.9363240e+06   6.6467285e+01
   3.9386530e+06   3.7841797e+01
   3.9414750e+06   7.3791504e+01
   3.9485510e+06   4.0588379e+01
   3.9560590e+06   7.0678711e+01
   3.9638020e+06   4.3151855e+01
   3.9685020e+06   5.5847168e+01
   3.9917860e+06   7.1777344e+01
   3.9935010e+06   3.9550781e+01
   3.9987830e+06   3.9306641e+01
   4.0092520e+06   7.7697754e+01
   4.0098400e+06   5.9753418e+01
   4.0103410e+06   5.0231934e+01
   4.0110290e+06   5.1086426e+01
   4.0117800e+06   4.9194336e+01
   4.0148190e+06   3.4545898e+01
   4.0223120e+06   3.9306641e+01
   4.0327380e+06   4.6813965e+01
   4.0502640e+06   3.9916992e+01
   4.0593900e+06   7.1044922e+01
   4.0615120e+06   4.6752930e+01
   4.0618790e+06   6.3903809e+01
   4.0669940e+06   6.4453125e+01
   4.0765820e+06   4.5043945e+01
   4.0824970e+06   7.3303223e+01
   4.0836020e+06   3.7048340e+01
   4.0851420e+06   6.9702148e+01
   4.0913160e+06   4.1870117e+01
   4.0929360e+06   6.5734863e+01
   4.0959740e+06   4.9499512e+01
   4.1034650e+06   3.9672852e+01
   4.1038590e+06   6.6223145e+01
   4.1151570e+06   5.1025391e+01
   4.1331790e+06   3.4973145e+01
   4.1383540e+06   4.5410156e+01
   4.1454260e+06   6.8176270e+01
   4.1485740e+06   3.7841797e+01
   4.1543740e+06   4.8828125e+01
   4.1579640e+06   7.2082520e+01
   4.1610130e+06   7.5988770e+01
   4.1775540e+06   6.2683105e+01
   4.1779630e+06   3.4423828e+01
   4.1912370e+06   6.1889648e+01
   4.1979300e+06   4.9621582e+01
   4.1989760e+06   7.3730469e+01
   4.1995130e+06   5.6762695e+01
   4.2029570e+06   7.0129395e+01
   4.2056610e+06   6.7871094e+01
   4.2140470e+06   3.7414551e+01
   4.2257140e+06   6.4208984e+01
   4.2369920e+06   4.6691895e+01
   4.2599300e+06   6.8969727e+01
   4.2627050e+06   4.2297363e+01
   4.2761770e+06   7.5866699e+01
   4.2764230e+06   5.4626465e+01
   4.2877520e+06   4.4738770e+01
   4.3012570e+06   4.1198730e+01
   4.3156300e+06   7.9345703e+01
   4.3193910e+06   4.5349121e+01
   4.3254620e+06   7.7148437e+01
   4.3301830e+06   3.3752441e+01
   4.3425780e+06   4.5837402e+01
   4.3426740e+06   6.7260742e+01
   4.3780000e+06   4.1748047e+01
   4.3833240e+06   7.2448730e+01
   4.3853620e+06   4.0893555e+01
   4.3915570e+06   4.7058105e+01
   4.3935480e+06   7.3974609e+01
   4.3972980e+06   6.3293457e+01
   4.4003220e+06   6.8908691e+01
   4.4032470e+06   6.8542480e+01
   4.4082420e+06   5.9448242e+01
   4.4090060e+06   6.6162109e+01
   4.4137530e+06   3.9001465e+01
   4.4290050e+06   6.8115234e+01
   4.4314610e+06   5.3344727e+01
   4.4362280e+06   6.7871094e+01
   4.4369400e+06   7.1044922e+01
   4.4394230e+06   6.1279297e+01
   4.4413070e+06   4.0100098e+01
   4.4460590e+06   6.3781738e+01
   4.4462200e+06   3.4729004e+01
   4.4463420e+06   7.6049805e+01
   4.4464340e+06   5.0659180e+01
   4.4465050e+06   3.4729004e+01
   4.4480020e+06   3.6437988e+01
   4.4482940e+06   5.1269531e+01
   4.4485630e+06   4.0466309e+01
   4.4486980e+06   4.4982910e+01
   4.4493500e+06   4.3823242e+01
   4.4585890e+06   3.5705566e+01
   4.5244490e+06   6.6406250e+01
   4.5356090e+06   4.1992188e+01
   4.5358410e+06   4.8095703e+01
   4.5360650e+06   6.3354492e+01
   4.5363420e+06   4.2480469e+01
   4.5366000e+06   7.1777344e+01
   4.5366590e+06   4.1076660e+01
   4.5369460e+06   6.3598633e+01
   4.5370280e+06   3.5583496e+01
   4.5380780e+06   3.3752441e+01
   4.5391000e+06   4.3273926e+01
   4.5533970e+06   3.9733887e+01
   4.5720940e+06   4.3334961e+01
   4.5767140e+06   3.4057617e+01
   4.5771620e+06   6.1218262e+01
   4.5879000e+06   5.7006836e+01
   4.5906010e+06   4.0405273e+01
   4.5921280e+06   6.5307617e+01
   4.5980530e+06   5.0537109e+01
   4.6069190e+06   4.0344238e+01
   4.6182890e+06   4.8461914e+01
   4.6246080e+06   4.2846680e+01
   4.6251550e+06   7.4768066e+01
   4.6314420e+06   3.8513184e+01
   4.6331030e+06   7.2387695e+01
   4.6351980e+06   4.3762207e+01
   4.6412360e+06   4.1015625e+01
   4.6470280e+06   3.6926270e+01
   4.6476450e+06   6.9458008e+01
   4.6577070e+06   3.5766602e+01
   4.6604040e+06   4.6630859e+01
   4.6649000e+06   4.3090820e+01
   4.6738270e+06   5.2795410e+01
   4.6744870e+06   6.3293457e+01
   4.6777910e+06   6.4270020e+01
   4.6813850e+06   3.6315918e+01
   4.6848560e+06   6.4025879e+01
   4.7032990e+06   4.4677734e+01
   4.7051900e+06   6.4819336e+01
   4.7070560e+06   6.7016602e+01
   4.7118430e+06   4.2175293e+01
   4.7164190e+06   3.9550781e+01
   4.7240170e+06   4.1503906e+01
   4.7247060e+06   3.4179688e+01
   4.7339340e+06   4.6020508e+01
   4.7397670e+06   3.6132813e+01
   4.7420660e+06   7.3730469e+01
   4.7436000e+06   4.1748047e+01
   4.7460190e+06   6.8725586e+01
   4.7497330e+06   7.0922852e+01
   4.7507560e+06   4.1870117e+01
   4.7532550e+06   3.9672852e+01
   4.7566610e+06   4.3884277e+01
   4.7570590e+06   7.4829102e+01
   4.7632320e+06   3.7780762e+01
   4.7691550e+06   6.0302734e+01
   4.7752880e+06   6.3171387e+01
   4.7757240e+06   4.2297363e+01
   4.7817350e+06   5.9875488e+01
   4.7822740e+06   4.7058105e+01
   4.7849490e+06   6.0119629e+01
   4.7871930e+06   5.3222656e+01
   4.7956340e+06   4.2602539e+01
   4.7960870e+06   6.3720703e+01
   4.8001830e+06   4.1442871e+01
   4.8079710e+06   4.3212891e+01
   4.8257210e+06   4.4738770e+01
   4.8364570e+06   4.0710449e+01
   4.8408650e+06   3.8879395e+01
   4.8511300e+06   5.0964355e+01
   4.8579020e+06   7.3852539e+01
   4.8685900e+06   3.6254883e+01
   4.8747050e+06   4.8522949e+01
   4.8760820e+06   6.3476562e+01
   4.8870910e+06   4.9987793e+01
   4.8888750e+06   6.9519043e+01
   4.8949900e+06   8.0139160e+01
   4.9011080e+06   6.2500000e+01
   4.9153330e+06   3.5827637e+01
   4.9188470e+06   5.4199219e+01
   4.9193620e+06   5.6884766e+01
   4.9264360e+06   4.1931152e+01
   4.9267970e+06   7.3364258e+01
   4.9351100e+06   7.2082520e+01
   4.9394170e+06   3.5827637e+01
   4.9421430e+06   7.2631836e+01
   4.9476650e+06   6.3476562e+01
   4.9521450e+06   3.8391113e+01
   4.9548060e+06   6.5795898e+01
   4.9590800e+06   3.5705566e+01
   4.9634650e+06   7.2265625e+01
   4.9819620e+06   7.2814941e+01
   4.9824430e+06   6.1096191e+01
   4.9896630e+06   6.7565918e+01
   4.9903000e+06   5.9143066e+01
   4.9910070e+06   5.2185059e+01
   5.0019510e+06   3.6560059e+01
   5.0077100e+06   3.8757324e+01
   5.0124610e+06   6.4025879e+01
   5.0182320e+06   3.8452148e+01
   5.0285690e+06   3.3874512e+01
   5.0393080e+06   6.2500000e+01
   5.0446010e+06   7.4096680e+01
   5.0490620e+06   6.5734863e+01
   5.0638220e+06   3.9916992e+01
   5.0688720e+06   7.4890137e+01
   5.0692060e+06   5.2917480e+01
   5.0711020e+06   4.2541504e+01
   5.0790810e+06   6.6284180e+01
   5.0929910e+06   6.1218262e+01
   5.0969440e+06   4.5349121e+01
   5.1011420e+06   7.0007324e+01
   5.1102440e+06   4.0405273e+01
   5.1125010e+06   7.9040527e+01
   5.1362450e+06   6.6345215e+01
   5.1364910e+06   3.9672852e+01
   5.1521240e+06   4.3457031e+01
   5.1664850e+06   6.9519043e+01
   5.1814340e+06   7.7514648e+01
   5.1833080e+06   3.8574219e+01
   5.1851180e+06   3.7048340e+01
   5.1864040e+06   6.5917969e+01
   5.1866410e+06   5.7678223e+01
   5.1867990e+06   4.4433594e+01
   5.1868470e+06   4.4006348e+01
   5.1870190e+06   4.5837402e+01
   5.1872150e+06   3.7292480e+01
   5.1878650e+06   4.3212891e+01
   5.1884690e+06   4.5837402e+01
   5.2389390e+06   6.6894531e+01
   5.2573190e+06   5.1391602e+01
   5.2656870e+06   5.0659180e+01
   5.2844330e+06   4.6936035e+01
   5.2856500e+06   7.0861816e+01
   5.2949220e+06   4.5898438e+01
   5.3041570e+06   3.7841797e+01
   5.3089390e+06   6.9458008e+01
   5.3110920e+06   3.4423828e+01
   5.3270270e+06   4.2236328e+01
   5.3341560e+06   3.8085938e+01
   5.3390770e+06   6.9824219e+01
   5.3395040e+06   4.3151855e+01
   5.3510690e+06   4.1320801e+01
   5.3539850e+06   7.5195312e+01
   5.3730810e+06   6.5368652e+01
   5.3943310e+06   4.9499512e+01
   5.3990170e+06   6.5368652e+01
   5.4063060e+06   5.2185059e+01
   5.4080910e+06   7.7758789e+01
   5.4156280e+06   6.7810059e+01
   5.4221770e+06   4.3823242e+01
   5.4234520e+06   7.5500488e+01
   5.4404140e+06   4.6569824e+01
   5.4490230e+06   4.4982910e+01
   5.4753670e+06   7.7453613e+01
   5.4826110e+06   3.6254883e+01
   5.4960820e+06   4.2968750e+01
   5.4999630e+06   3.9245605e+01
   5.5039670e+06   4.0222168e+01
   5.5240690e+06   5.0964355e+01
   5.5323090e+06   7.7148438e+01
   5.5367560e+06   6.6833496e+01
   5.5388580e+06   7.1533203e+01
   5.5460320e+06   6.5917969e+01
   5.5554860e+06   4.2602539e+01
   5.5561580e+06   7.2265625e+01
   5.5776570e+06   6.7993164e+01
   5.5896730e+06   6.8664551e+01
   5.5942280e+06   7.0007324e+01
   5.6079330e+06   7.5134277e+01
   5.6091550e+06   6.2133789e+01
   5.6173150e+06   6.1523438e+01
   5.6185140e+06   3.8757324e+01
   5.6201940e+06   6.8176270e+01
   5.6353100e+06   6.7016602e+01
   5.6433540e+06   4.1625977e+01
   5.6533320e+06   6.3537598e+01
   5.6540980e+06   5.8959961e+01
   5.6630790e+06   7.4584961e+01
   5.6802750e+06   4.8583984e+01
   5.6987870e+06   7.0068359e+01
   5.7222260e+06   3.4790039e+01
   5.7227600e+06   6.7016602e+01
   5.7490840e+06   4.5593262e+01
   5.7548270e+06   6.7810059e+01
   5.7550520e+06   4.8278809e+01
   5.7776720e+06   7.3120117e+01
   5.7862070e+06   6.5490723e+01
   5.7889720e+06   7.3486328e+01
   5.7897550e+06   4.9743652e+01
   5.7916490e+06   6.2927246e+01
   5.8094400e+06   6.8298340e+01
   5.8538070e+06   6.7199707e+01
   5.8683220e+06   7.0068359e+01
   5.8832980e+06   7.4035645e+01
   5.8852770e+06   5.8044434e+01
   5.8892840e+06   4.0222168e+01
   5.8972620e+06   3.9855957e+01
   5.9054160e+06   7.1289062e+01
   5.9107310e+06   6.6162109e+01
   5.9113720e+06   6.4147949e+01
   5.9193530e+06   6.1767578e+01
   5.9304130e+06   3.8391113e+01
   5.9305000e+06   6.9824219e+01
   5.9347440e+06   6.3537598e+01
   5.9450380e+06   3.4729004e+01
   5.9559680e+06   4.2907715e+01
   5.9719920e+06   4.8034668e+01
   5.9795360e+06   3.6987305e+01
   5.9835970e+06   3.8574219e+01
   5.9908740e+06   3.6193848e+01
   5.9969220e+06   7.9650879e+01
   5.9978190e+06   6.8115234e+01
   6.0003930e+06   6.0729980e+01
   6.0293110e+06   5.7373047e+01
   6.0332650e+06   6.5795898e+01
   6.0340410e+06   6.0668945e+01
   6.0497460e+06   6.5185547e+01
   6.0565620e+06   3.6499023e+01
   6.0596210e+06   5.9448242e+01
   6.0606900e+06   6.0058594e+01
   6.0659790e+06   6.0546875e+01
   6.0693920e+06   6.3720703e+01
   6.0727670e+06   6.0607910e+01
   6.0763130e+06   4.4311523e+01
   6.0795320e+06   6.1340332e+01
   6.0813250e+06   4.9926758e+01
   6.0855160e+06   5.6518555e+01
   6.0889950e+06   6.7016602e+01
   6.0991440e+06   4.0588379e+01
   6.1016210e+06   6.1767578e+01
   6.1018660e+06   5.3771973e+01
   6.1084850e+06   5.0842285e+01
   6.1214550e+06   6.1035156e+01
   6.1221920e+06   5.0842285e+01
   6.1231930e+06   6.0363770e+01
   6.1235040e+06   5.8044434e+01
   6.1247250e+06   4.4067383e+01
   6.1249800e+06   4.4006348e+01
   6.1267110e+06   3.6071777e+01
   6.1491350e+06   3.7475586e+01
   6.1531840e+06   6.6589355e+01
   6.1583970e+06   3.5766602e+01
   6.1642360e+06   4.3334961e+01
   6.1687420e+06   6.2683105e+01
   6.1760280e+06   5.4809570e+01
   6.1821700e+06   5.8288574e+01
   6.1847470e+06   5.7922363e+01
   6.1851140e+06   3.9978027e+01
   6.1931590e+06   4.6386719e+01
   6.1964210e+06   3.6743164e+01
   6.1968490e+06   5.5297852e+01
   6.2088250e+06   4.3212891e+01
   6.2137390e+06   5.6701660e+01
   6.2143670e+06   4.3579102e+01
   6.2170000e+06   5.6457520e+01
   6.2206840e+06   5.4992676e+01
   6.2238860e+06   6.5429688e+01
   6.2243950e+06   5.4321289e+01
   6.2284240e+06   4.5532227e+01
   6.2285550e+06   6.1950684e+01
   6.2350050e+06   4.3334961e+01
   6.2377770e+06   4.4982910e+01
   6.2395340e+06   7.3852539e+01
   6.2475590e+06   4.6203613e+01
   6.2529740e+06   3.9489746e+01
   6.2555680e+06   5.6457520e+01
   6.2592870e+06   6.7199707e+01
   6.2613970e+06   3.5949707e+01
   6.2680010e+06   4.9926758e+01
   6.2693730e+06   5.8593750e+01
   6.2706060e+06   6.5979004e+01
   6.2742140e+06   6.7810059e+01
   6.2778400e+06   5.5175781e+01
   6.2782910e+06   5.8532715e+01
   6.2864690e+06   6.1096191e+01
   6.2867230e+06   5.2978516e+01
   6.2875260e+06   5.4504395e+01
   6.2941730e+06   4.9316406e+01
   6.2983830e+06   6.7810059e+01
   6.3052850e+06   6.7810059e+01
   6.3058930e+06   4.0466309e+01
   6.3060780e+06   6.1462402e+01
   6.3133940e+06   4.0588379e+01
   6.3146860e+06   5.5358887e+01
   6.3200430e+06   4.7668457e+01
   6.3200580e+06   6.3232422e+01
   6.3285170e+06   5.3527832e+01
   6.3356640e+06   6.0485840e+01
   6.3412270e+06   4.2419434e+01
   6.3477510e+06   6.5856934e+01
   6.3500410e+06   4.0832520e+01
   6.3531270e+06   6.6772461e+01
   6.3546370e+06   4.1442871e+01
   6.3594540e+06   6.5673828e+01
   6.3603350e+06   3.4118652e+01
   6.3633060e+06   6.8115234e+01
   6.3639400e+06   5.6701660e+01
   6.3720310e+06   4.3518066e+01
   6.3764600e+06   6.6467285e+01
   6.3803810e+06   4.0344238e+01
   6.3827810e+06   6.7687988e+01
   6.3832650e+06   5.7128906e+01
   6.3944950e+06   5.8105469e+01
   6.3946400e+06   3.8269043e+01
   6.4034940e+06   6.8725586e+01
   6.4038950e+06   5.5603027e+01
   6.4070260e+06   5.4260254e+01
   6.4073160e+06   3.8879395e+01
   6.4075070e+06   5.7617188e+01
   6.4148060e+06   6.2805176e+01
   6.4163520e+06   3.9184570e+01
   6.4229720e+06   5.9143066e+01
   6.4267520e+06   4.3884277e+01
   6.4272130e+06   6.2011719e+01
   6.4276640e+06   5.2246094e+01
   6.4344700e+06   5.5908203e+01
   6.4372420e+06   4.2785645e+01
   6.4399780e+06   5.8349609e+01
   6.4407840e+06   4.1198730e+01
   6.4455120e+06   4.3273926e+01
   6.4462620e+06   6.7687988e+01
   6.4465230e+06   3.4423828e+01
   6.4467190e+06   6.1157227e+01
   6.4471210e+06   6.4392090e+01
   6.4475660e+06   4.7302246e+01
   6.4511620e+06   5.4077148e+01
   6.4540630e+06   5.6762695e+01
   6.4551480e+06   4.7302246e+01
   6.4742810e+06   3.9611816e+01
   6.4848320e+06   6.2500000e+01
   6.4909690e+06   6.1889648e+01
   6.4973110e+06   6.5917969e+01
   6.4986960e+06   5.1574707e+01
   6.5037690e+06   5.8410645e+01
   6.5048820e+06   5.4138184e+01
   6.5092600e+06   5.5358887e+01
   6.5162080e+06   6.2622070e+01
   6.5204360e+06   5.3649902e+01
   6.5259810e+06   5.9143066e+01
   6.5282500e+06   4.1564941e+01
   6.5289020e+06   5.6701660e+01
   6.5318950e+06   5.3527832e+01
   6.5340840e+06   5.3833008e+01
   6.5409410e+06   3.7719727e+01
   6.5445350e+06   6.0913086e+01
   6.5503250e+06   6.0363770e+01
   6.5550180e+06   6.8542480e+01
   6.5553320e+06   4.5288086e+01
   6.5566160e+06   5.4687500e+01
   6.5572800e+06   4.7607422e+01
   6.5579080e+06   4.3334961e+01
   6.5670040e+06   6.2316895e+01
   6.5684240e+06   4.9987793e+01
   6.5742620e+06   6.6467285e+01
   6.5751880e+06   4.6203613e+01
   6.5752850e+06   6.3476563e+01
   6.5840990e+06   4.4006348e+01
   6.5876270e+06   6.1828613e+01
   6.5882190e+06   3.6560059e+01
   6.5966200e+06   5.6396484e+01
   6.5980310e+06   5.6091309e+01
   6.6026300e+06   4.1381836e+01
   6.6039380e+06   6.4941406e+01
   6.6043640e+06   4.8034668e+01
   6.6089050e+06   4.1625977e+01
   6.6093470e+06   6.8115234e+01
   6.6138880e+06   5.3894043e+01
   6.6143470e+06   4.2724609e+01
   6.6194470e+06   5.6335449e+01
   6.6200170e+06   3.8208008e+01
   6.6203480e+06   4.8950195e+01
   6.6251960e+06   6.2133789e+01
   6.6307800e+06   6.6040039e+01
   6.6344820e+06   4.5104980e+01
   6.6409070e+06   4.5593262e+01
   6.6437540e+06   6.8054199e+01
   6.6461900e+06   6.5002441e+01
   6.6511260e+06   4.0832520e+01
   6.6515620e+06   6.0119629e+01
   6.6582280e+06   6.8969727e+01
   6.6625450e+06   4.6569824e+01
   6.6628120e+06   6.1218262e+01
   6.6711970e+06   6.6467285e+01
   6.6715830e+06   5.0842285e+01
   6.6828650e+06   4.5227051e+01
   6.6845510e+06   6.1279297e+01
   6.6850670e+06   6.3232422e+01
   6.6871310e+06   3.8574219e+01
   6.6940930e+06   5.6579590e+01
   6.6954550e+06   6.0241699e+01
   6.6956780e+06   4.4921875e+01
   6.7022600e+06   6.0363770e+01
   6.7068820e+06   6.3110352e+01
   6.7084410e+06   4.6875000e+01
   6.7198200e+06   5.6884766e+01
   6.7214860e+06   7.7697754e+01
   6.7252410e+06   3.6560059e+01
   6.7261540e+06   5.6579590e+01
   6.7312680e+06   6.6650391e+01
   6.7411390e+06   5.3649902e+01
   6.7414190e+06   5.0659180e+01
   6.7474310e+06   3.7658691e+01
   6.7477510e+06   6.2194824e+01
   6.7513220e+06   6.8176270e+01
   6.7555130e+06   4.9560547e+01
   6.7570940e+06   5.4321289e+01
   6.7599340e+06   5.7617188e+01
   6.7638300e+06   5.7250977e+01
   6.7720660e+06   4.6936035e+01
   6.7778280e+06   6.1584473e+01
   6.7842920e+06   6.4086914e+01
   6.7843240e+06   3.7475586e+01
   6.7863660e+06   5.9448242e+01
   6.7894350e+06   6.1706543e+01
   6.7904380e+06   5.1086426e+01
   6.7938330e+06   4.2602539e+01
   6.7991080e+06   4.3945313e+01
   6.8002780e+06   6.1462402e+01
   6.8035680e+06   7.1166992e+01
   6.8045490e+06   5.8288574e+01
   6.8059240e+06   4.8339844e+01
   6.8118700e+06   6.1157227e+01
   6.8148350e+06   5.9143066e+01
   6.8152690e+06   4.3273926e+01
   6.8186860e+06   4.7302246e+01
   6.8280980e+06   5.5236816e+01
   6.8331490e+06   6.1462402e+01
   6.8332440e+06   3.4057617e+01
   6.8333320e+06   3.7292480e+01
   6.8343710e+06   5.0842285e+01
   6.8365270e+06   3.6621094e+01
   6.8429190e+06   3.8146973e+01
   6.8453950e+06   5.4748535e+01
   6.8532420e+06   4.3334961e+01
   6.8553420e+06   5.1147461e+01
   6.8574220e+06   4.5288086e+01
   6.8614290e+06   5.2978516e+01
   6.8618690e+06   4.2175293e+01
   6.8671050e+06   4.2541504e+01
   6.8673890e+06   6.2438965e+01
   6.8708470e+06   6.2133789e+01
   6.8715200e+06   4.6264648e+01
   6.8760520e+06   3.9672852e+01
   6.8792590e+06   4.6936035e+01
   6.8844340e+06   6.3842773e+01
   6.8934070e+06   6.1767578e+01
   6.8937160e+06   5.5236816e+01
   6.8942960e+06   5.2795410e+01
   6.8970370e+06   3.9001465e+01
   6.9026660e+06   6.3110352e+01
   6.9034020e+06   5.9814453e+01
   6.9066790e+06   4.9926758e+01
   6.9073860e+06   6.7260742e+01
   6.9078010e+06   4.0832520e+01
   6.9175400e+06   3.9489746e+01
   6.9214390e+06   6.7321777e+01
   6.9223450e+06   5.4931641e+01
   6.9261490e+06   6.0302734e+01
   6.9295340e+06   6.0363770e+01
   6.9298510e+06   4.2602539e+01
   6.9321000e+06   5.3100586e+01
   6.9363920e+06   5.9448242e+01
   6.9370710e+06   4.5898438e+01
   6.9373970e+06   3.4301758e+01
   6.9429090e+06   5.7617188e+01
   6.9447700e+06   5.6701660e+01
   6.9483810e+06   5.8349609e+01
   6.9525910e+06   4.1931152e+01
   6.9751790e+06   5.2062988e+01
   6.9768920e+06   4.7485352e+01
   6.9799660e+06   4.1442871e+01
   6.9801880e+06   7.8063965e+01
   6.9804590e+06   6.0485840e+01
   6.9806280e+06   3.6132812e+01
   6.9807540e+06   4.5104980e+01
   6.9813770e+06   3.9978027e+01
   6.9817790e+06   3.5766602e+01
   6.9848700e+06   3.5583496e+01
   6.9853660e+06   5.2734375e+01
   6.9858700e+06   5.9204102e+01
   6.9873450e+06   5.0964355e+01
   7.0063980e+06   5.7678223e+01
   7.0138670e+06   6.0485840e+01
   7.0207520e+06   6.6894531e+01
   7.0283980e+06   5.2429199e+01
   7.0308980e+06   6.4453125e+01
   7.0332490e+06   4.8339844e+01
   7.0346640e+06   5.5114746e+01
   7.0462260e+06   6.4086914e+01
   7.0492380e+06   6.6223145e+01
   7.0533940e+06   6.1645508e+01
   7.0592470e+06   5.7434082e+01
   7.0596940e+06   4.6630859e+01
   7.0611080e+06   5.9020996e+01
   7.0613870e+06   3.5522461e+01
   7.0759970e+06   4.2053223e+01
   7.0766940e+06   6.0241699e+01
   7.0771050e+06   5.2307129e+01
   7.0826700e+06   4.5471191e+01
   7.0895190e+06   4.1259766e+01
   7.0966320e+06   5.9326172e+01
   7.1011340e+06   4.1992188e+01
   7.1021990e+06   6.3354492e+01
   7.1027900e+06   4.8156738e+01
   7.1049230e+06   5.6396484e+01
   7.1054150e+06   4.8156738e+01
   7.1054450e+06   5.2307129e+01
   7.1206800e+06   4.1992188e+01
   7.1334770e+06   4.6386719e+01
   7.1377040e+06   6.2255859e+01
   7.1404210e+06   6.7565918e+01
   7.1411940e+06   5.6213379e+01
   7.1413550e+06   3.8696289e+01
   7.1415910e+06   6.3232422e+01
   7.1421510e+06   3.7963867e+01
   7.1425660e+06   4.1015625e+01
   7.1434050e+06   3.6315918e+01
   7.1489260e+06   7.8979492e+01
   7.1493260e+06   4.5288086e+01
   7.1499760e+06   4.1259766e+01
   7.1760710e+06   6.3232422e+01
   7.1785890e+06   4.9255371e+01
   7.1820220e+06   4.2846680e+01
   7.1859820e+06   4.5104980e+01
   7.1974450e+06   5.8349609e+01
   7.1999500e+06   6.3293457e+01
   7.2070850e+06   4.6630859e+01
   7.2171680e+06   3.5705566e+01
   7.2299380e+06   8.5937500e+01
   7.2335330e+06   6.4575195e+01
   7.2371500e+06   6.3537598e+01
   7.2396390e+06   4.2907715e+01
   7.2429140e+06   6.8237305e+01
   7.2435240e+06   5.7312012e+01
   7.2438040e+06   4.7485352e+01
   7.2450480e+06   5.7312012e+01
   7.2454520e+06   3.7170410e+01
   7.2462460e+06   5.4443359e+01
   7.2468900e+06   4.2114258e+01
   7.2510980e+06   5.7800293e+01
   7.2513630e+06   4.4860840e+01
   7.2518570e+06   4.3884277e+01
   7.2527970e+06   4.3212891e+01
   7.2715470e+06   4.6569824e+01
   7.2754990e+06   5.7861328e+01
   7.2861380e+06   3.6682129e+01
   7.2930950e+06   6.1889648e+01
   7.2942020e+06   6.1889648e+01
   7.3012170e+06   5.9570312e+01
   7.3031700e+06   4.7241211e+01
   7.3050610e+06   6.2622070e+01
   7.3108610e+06   6.3476562e+01
   7.3134610e+06   6.5124512e+01
   7.3195570e+06   6.1828613e+01
   7.3198560e+06   4.9316406e+01
   7.3231710e+06   5.1147461e+01
   7.3300450e+06   5.7067871e+01
   7.3344820e+06   5.4504395e+01
   7.3357440e+06   6.1706543e+01
   7.3429950e+06   3.8696289e+01
   7.3465070e+06   6.0974121e+01
   7.3516260e+06   5.7495117e+01
   7.3551770e+06   4.4250488e+01
   7.3589550e+06   6.2194824e+01
   7.3619530e+06   5.9997559e+01
   7.3678650e+06   6.0546875e+01
   7.3700030e+06   4.1137695e+01
   7.3823120e+06   4.2602539e+01
   7.3858230e+06   6.0729980e+01
   7.3885980e+06   5.9692383e+01
   7.3922230e+06   3.9123535e+01
   7.3945510e+06   6.1645508e+01
   7.3957060e+06   5.1147461e+01
   7.3994540e+06   4.5837402e+01
   7.4073440e+06   5.9753418e+01
   7.4116150e+06   5.8288574e+01
   7.4130140e+06   5.7312012e+01
   7.4178230e+06   3.4301758e+01
   7.4182170e+06   5.9326172e+01
   7.4270520e+06   6.2683105e+01
   7.4330920e+06   6.0668945e+01
   7.4355900e+06   4.1748047e+01
   7.4373850e+06   5.7983398e+01
   7.4395190e+06   6.3293457e+01
   7.4397430e+06   3.5583496e+01
   7.4401750e+06   4.0344238e+01
   7.4470100e+06   5.6701660e+01
   7.4557900e+06   3.9428711e+01
   7.4561880e+06   5.8288574e+01
   7.4598400e+06   6.7321777e+01
   7.4629280e+06   6.0974121e+01
   7.4633550e+06   4.5104980e+01
   7.4651000e+06   3.9428711e+01
   7.4749260e+06   5.6762695e+01
   7.4806420e+06   4.0466309e+01
   7.4826610e+06   6.6955566e+01
   7.4872580e+06   4.5288086e+01
   7.4879990e+06   6.4941406e+01
   7.4974770e+06   5.9448242e+01
   7.4977910e+06   4.1076660e+01
   7.5037340e+06   5.8471680e+01
   7.5048150e+06   4.6325684e+01
   7.5065760e+06   4.5654297e+01
   7.5138650e+06   3.9245605e+01
   7.5147620e+06   5.4626465e+01
   7.5215750e+06   3.9550781e+01
   7.5383750e+06   6.9274902e+01
   7.5396870e+06   4.3273926e+01
   7.5421790e+06   5.8471680e+01
   7.5453630e+06   6.1279297e+01
   7.5469630e+06   3.8391113e+01
   7.5510270e+06   6.1462402e+01
   7.5514540e+06   5.8898926e+01
   7.5544090e+06   5.1635742e+01
   7.5557790e+06   3.8574219e+01
   7.5565660e+06   6.2927246e+01
   7.5605790e+06   3.5339355e+01
   7.5669330e+06   5.3527832e+01
   7.5702440e+06   6.1584473e+01
   7.5738450e+06   3.5949707e+01
   7.5894680e+06   7.3547363e+01
   7.5937600e+06   4.2053223e+01
   7.5949890e+06   6.9702148e+01
   7.5983000e+06   5.6213379e+01
   7.6046160e+06   6.4941406e+01
   7.6055980e+06   4.1809082e+01
   7.6058680e+06   6.0241699e+01
   7.6125460e+06   4.9865723e+01
   7.6199770e+06   4.0588379e+01
   7.6243650e+06   6.1096191e+01
   7.6264750e+06   4.8095703e+01
   7.6360450e+06   5.7250977e+01
   7.6371610e+06   3.5034180e+01
   7.6432160e+06   6.2133789e+01
   7.6466730e+06   4.2724609e+01
   7.6467160e+06   6.4025879e+01
   7.6473490e+06   5.4748535e+01
   7.6502050e+06   4.1381836e+01
   7.6586460e+06   3.9978027e+01
   7.6616620e+06   6.5185547e+01
   7.6619420e+06   5.1879883e+01
   7.6623360e+06   3.7902832e+01
   7.6737950e+06   4.0832520e+01
   7.6743550e+06   6.7016602e+01
   7.6791950e+06   6.0546875e+01
   7.6931760e+06   3.7414551e+01
   7.6970490e+06   5.7128906e+01
   7.7005270e+06   5.8044434e+01
   7.7080810e+06   6.0974121e+01
   7.7104380e+06   3.8574219e+01
   7.7137400e+06   5.3100586e+01
   7.7226870e+06   5.6457520e+01
   7.7265280e+06   4.9804688e+01
   7.7417900e+06   6.3110352e+01
   7.7464700e+06   5.1940918e+01
   7.7476900e+06   5.0231934e+01
   7.7529930e+06   4.1931152e+01
   7.7558590e+06   6.7199707e+01
   7.7637440e+06   4.5776367e+01
   7.7794050e+06   4.0527344e+01
   7.7799100e+06   5.7495117e+01
   7.7848930e+06   4.7607422e+01
   7.7886730e+06   5.7495117e+01
   7.7904360e+06   5.3955078e+01
   7.7918200e+06   5.8532715e+01
   7.7996560e+06   4.6325684e+01
   7.8002120e+06   6.1035156e+01
   7.8051100e+06   4.3334961e+01
   7.8127220e+06   5.5969238e+01
   7.8188040e+06   5.9082031e+01
   7.8281760e+06   6.2316895e+01
   7.8297500e+06   4.3273926e+01
   7.8332350e+06   6.8725586e+01
   7.8362190e+06   5.0964355e+01
   7.8403570e+06   4.6203613e+01
   7.8403820e+06   6.3964844e+01
   7.8406710e+06   5.7189941e+01
   7.8408460e+06   3.7902832e+01
   7.8410220e+06   5.2734375e+01
   7.8411120e+06   4.2175293e+01
   7.8414310e+06   3.6865234e+01
   7.8416140e+06   5.0109863e+01
   7.8652760e+06   5.5725098e+01
   7.8657870e+06   6.3537598e+01
   7.8698450e+06   6.0363770e+01
   7.8863300e+06   6.9580078e+01
   7.8866320e+06   5.1574707e+01
   7.8911550e+06   6.0180664e+01
   7.8934250e+06   5.0781250e+01
   7.8965870e+06   6.3598633e+01
   7.8972080e+06   5.0170898e+01
   7.9000890e+06   6.2988281e+01
   7.9020380e+06   4.6386719e+01
   7.9134170e+06   4.1198730e+01
   7.9134490e+06   6.1828613e+01
   7.9207860e+06   3.5400391e+01
   7.9219120e+06   6.3354492e+01
   7.9223990e+06   6.1645508e+01
   7.9231450e+06   5.0292969e+01
   7.9293730e+06   5.3833008e+01
   7.9300850e+06   4.1381836e+01
   7.9303090e+06   5.9631348e+01
   7.9303470e+06   3.5766602e+01
   7.9305890e+06   4.7058105e+01
   7.9307960e+06   4.9011230e+01
   7.9311290e+06   4.5471191e+01
   7.9311750e+06   3.7414551e+01
   7.9315520e+06   3.6254883e+01
   7.9324530e+06   5.0415039e+01
   7.9370890e+06   6.0424805e+01
   7.9373970e+06   3.9062500e+01
   7.9378170e+06   3.7841797e+01
   7.9664940e+06   5.9204102e+01
   7.9666860e+06   4.6020508e+01
   7.9668940e+06   4.1870117e+01
   7.9673230e+06   5.1879883e+01
   7.9799880e+06   5.4077148e+01
   7.9807050e+06   5.3955078e+01
   7.9926960e+06   4.3395996e+01
   8.0024070e+06   5.5236816e+01
   8.0095980e+06   5.9326172e+01
   8.0116050e+06   4.4738770e+01
   8.0141760e+06   5.9509277e+01
   8.0161360e+06   4.4250488e+01
   8.0196570e+06   6.7871094e+01
   8.0283150e+06   4.0832520e+01
   8.0306700e+06   6.0729980e+01
   8.0355910e+06   4.1503906e+01
   8.0414520e+06   7.3059082e+01
   8.0541830e+06   4.0344238e+01
   8.0619510e+06   4.8645020e+01
   8.0684690e+06   4.0527344e+01
   8.0718080e+06   5.5297852e+01
   8.0736380e+06   5.6945801e+01
   8.0739800e+06   5.4870605e+01
   8.0829780e+06   3.5278320e+01
   8.0892470e+06   5.7983398e+01
   8.0895500e+06   4.3640137e+01
   8.0969140e+06   5.7434082e+01
   8.0982250e+06   5.8166504e+01
   8.1000560e+06   4.3273926e+01
   8.1042010e+06   3.4729004e+01
   8.1074910e+06   5.8349609e+01
   8.1085510e+06   6.3659668e+01
   8.1094770e+06   5.7373047e+01
   8.1102290e+06   3.4790039e+01
   8.1154980e+06   3.4667969e+01
   8.1168530e+06   6.5246582e+01
   8.1171680e+06   4.6386719e+01
   8.1180960e+06   5.4138184e+01
   8.1201430e+06   3.6682129e+01
   8.1343020e+06   4.4616699e+01
   8.1343140e+06   6.1645508e+01
   8.1405680e+06   3.8818359e+01
   8.1440540e+06   6.0241699e+01
   8.1443710e+06   4.8400879e+01
   8.1551230e+06   6.5795898e+01
   8.1556750e+06   3.9672852e+01
   8.1560230e+06   6.0974121e+01
   8.1569380e+06   5.2795410e+01
   8.1725820e+06   3.8940430e+01
   8.1737420e+06   6.2133789e+01
   8.1796260e+06   6.3781738e+01
   8.1821670e+06   6.1523438e+01
   8.1825510e+06   5.9020996e+01
   8.1852370e+06   4.7729492e+01
   8.1910500e+06   6.7749023e+01
   8.1939700e+06   4.6203613e+01
   8.1956240e+06   3.6010742e+01
   8.2016860e+06   4.8095703e+01
   8.2057300e+06   5.6274414e+01
   8.2083640e+06   5.6152344e+01
   8.2084730e+06   4.2480469e+01
   8.2096340e+06   6.3171387e+01
   8.2098920e+06   3.5949707e+01
   8.2168180e+06   3.9428711e+01
   8.2181970e+06   7.3364258e+01
   8.2190130e+06   6.1218262e+01
   8.2207900e+06   4.4494629e+01
   8.2270600e+06   4.1503906e+01
   8.2326980e+06   3.7719727e+01
   8.2401280e+06   4.6508789e+01
   8.2404060e+06   6.3110352e+01
   8.2465030e+06   6.7138672e+01
   8.2524970e+06   3.8391113e+01
   8.2535590e+06   6.0485840e+01
   8.2561570e+06   3.8024902e+01
   8.2577370e+06   5.9570313e+01
   8.2603550e+06   4.2663574e+01
   8.2608420e+06   6.5795898e+01
   8.2616420e+06   5.2246094e+01
   8.2643240e+06   4.2907715e+01
   8.2676870e+06   6.7138672e+01
   8.2685720e+06   5.9020996e+01
   8.2707340e+06   4.6142578e+01
   8.2765310e+06   4.5898438e+01
   8.2812430e+06   6.7687988e+01
   8.2814750e+06   5.0231934e+01
   8.2901100e+06   3.9428711e+01
   8.2907400e+06   6.0241699e+01
   8.2961810e+06   5.5236816e+01
   8.2965630e+06   5.2795410e+01
   8.2979420e+06   5.6213379e+01
   8.3039530e+06   5.6762695e+01
   8.3072940e+06   3.8330078e+01
   8.3264130e+06   4.4677734e+01
   8.3334510e+06   4.2175293e+01
   8.3346410e+06   6.5063477e+01
   8.3366760e+06   3.6804199e+01
   8.3391580e+06   6.9396973e+01
   8.3452690e+06   6.1889648e+01
   8.3485200e+06   4.3701172e+01
   8.3513900e+06   6.3537598e+01
   8.3584940e+06   6.3720703e+01
   8.3587520e+06   4.6386719e+01
   8.3593490e+06   5.2490234e+01
   8.3597750e+06   4.8645020e+01
   8.3620290e+06   3.8452148e+01
   8.3721840e+06   5.9753418e+01
   8.3727530e+06   4.4555664e+01
   8.3735180e+06   5.3283691e+01
   8.3955060e+06   3.7536621e+01
   8.3999670e+06   6.2255859e+01
   8.4034850e+06   4.0954590e+01
   8.4056720e+06   5.9387207e+01
   8.4129460e+06   5.9265137e+01
   8.4188640e+06   3.9062500e+01
   8.4225930e+06   6.1584473e+01
   8.4231000e+06   5.4931641e+01
   8.4283530e+06   4.1381836e+01
   8.4283830e+06   5.1208496e+01
   8.4531250e+06   4.1748047e+01
   8.4562500e+06   4.0588379e+01
   8.4601430e+06   6.6650391e+01
   8.4621710e+06   4.0283203e+01
   8.4644880e+06   3.5949707e+01
   8.4651010e+06   5.3100586e+01
   8.4718600e+06   5.7678223e+01
   8.4730880e+06   4.0100098e+01
   8.4801560e+06   5.8898926e+01
   8.4827390e+06   4.7119141e+01
   8.4844970e+06   6.0119629e+01
   8.4865080e+06   5.5297852e+01
   8.4901790e+06   5.4748535e+01
   8.4939090e+06   6.4270020e+01
   8.4941490e+06   4.7912598e+01
   8.4972360e+06   4.5471191e+01
   8.5035280e+06   5.1330566e+01
   8.5044270e+06   5.9082031e+01
   8.5097360e+06   3.8452148e+01
   8.5116190e+06   5.5603027e+01
   8.5127780e+06   5.3833008e+01
   8.5168620e+06   5.6213379e+01
   8.5221670e+06   5.2124023e+01
   8.5259750e+06   5.5053711e+01
   8.5288830e+06   5.2856445e+01
   8.5317370e+06   3.4484863e+01
   8.5371870e+06   5.3771973e+01
   8.5384710e+06   3.9306641e+01
   8.5464340e+06   8.0749512e+01
   8.5469540e+06   5.9082031e+01
   8.5489710e+06   3.9428711e+01
   8.5550140e+06   3.7963867e+01
   8.5557250e+06   6.4270020e+01
   8.5652910e+06   4.3457031e+01
   8.5673200e+06   5.1025391e+01
   8.5793430e+06   6.1767578e+01
   8.5835460e+06   6.8176270e+01
   8.5839570e+06   4.5776367e+01
   8.5840550e+06   6.3110352e+01
   8.5843670e+06   4.2846680e+01
   8.5844130e+06   5.7861328e+01
   8.5848470e+06   4.8095703e+01
   8.5852490e+06   4.3212891e+01
   8.5859440e+06   4.2480469e+01
   8.5861270e+06   4.3334961e+01
   8.5902250e+06   5.8227539e+01
   8.5913570e+06   6.1157227e+01
   8.6191760e+06   7.0678711e+01
   8.6223550e+06   5.9631348e+01
   8.6263300e+06   5.7800293e+01
   8.6381930e+06   5.1574707e+01
   8.6405230e+06   6.3842773e+01
   8.6454780e+06   5.3283691e+01
   8.6459060e+06   5.8837891e+01
   8.6463060e+06   3.8024902e+01
   8.6544510e+06   4.1137695e+01
   8.6586970e+06   4.4311523e+01
   8.6588420e+06   6.3476563e+01
   8.6653030e+06   4.1870117e+01
   8.6745860e+06   6.2988281e+01
   8.6747860e+06   3.9184570e+01
   8.6764900e+06   5.9143066e+01
   8.6837600e+06   7.0983887e+01
   8.6940310e+06   4.9438477e+01
   8.6942180e+06   5.8532715e+01
   8.6995070e+06   3.9306641e+01
   8.7068460e+06   6.0363770e+01
   8.7110850e+06   6.3598633e+01
   8.7133690e+06   4.6264648e+01
   8.7166980e+06   5.5908203e+01
   8.7220060e+06   4.2724609e+01
   8.7221500e+06   6.3537598e+01
   8.7223840e+06   4.6875000e+01
   8.7231090e+06   5.6213379e+01
   8.7292020e+06   5.2734375e+01
   8.7323670e+06   4.6691895e+01
   8.7374170e+06   3.9123535e+01
   8.7408640e+06   5.5297852e+01
   8.7418700e+06   5.5664062e+01
   8.7483730e+06   6.4514160e+01
   8.7487060e+06   3.8879395e+01
   8.7489670e+06   4.9987793e+01
   8.7531030e+06   6.6162109e+01
   8.7589570e+06   4.0466309e+01
   8.7655740e+06   4.0344238e+01
   8.7670110e+06   5.8532715e+01
   8.7779410e+06   3.7109375e+01
   8.7910420e+06   4.4311523e+01
   8.7976030e+06   7.6904297e+01
   8.7979890e+06   4.8095703e+01
   8.7993200e+06   3.8574219e+01
   8.8091920e+06   6.2011719e+01
   8.8169130e+06   4.6752930e+01
   8.8207890e+06   6.1889648e+01
   8.8215070e+06   3.6865234e+01
   8.8219140e+06   6.3354492e+01
   8.8222600e+06   4.1137695e+01
   8.8225470e+06   5.8654785e+01
   8.8228220e+06   5.9814453e+01
   8.8230050e+06   4.7058105e+01
   8.8231900e+06   5.3894043e+01
   8.8235180e+06   3.8635254e+01
   8.8254950e+06   4.3640137e+01
   8.8295010e+06   6.0729980e+01
   8.8297390e+06   4.0710449e+01
   8.8306750e+06   5.1696777e+01
   8.8419120e+06   6.2805176e+01
   8.8631570e+06   6.1584473e+01
   8.8700060e+06   6.0058594e+01
   8.8846230e+06   7.2021484e+01
   8.8858220e+06   4.7729492e+01
   8.8869170e+06   7.2509766e+01
   8.8957700e+06   7.0800781e+01
   8.9051320e+06   6.0729980e+01
   8.9065590e+06   4.4250488e+01
   8.9282780e+06   4.8583984e+01
   8.9351060e+06   4.5410156e+01
   8.9357520e+06   6.8969727e+01
   8.9425460e+06   4.0222168e+01
   8.9445850e+06   7.2387695e+01
   8.9494750e+06   4.0344238e+01
   8.9556960e+06   4.0527344e+01
   8.9602200e+06   6.1279297e+01
   8.9661040e+06   5.9265137e+01
   8.9719640e+06   4.0222168e+01
   8.9738390e+06   6.3537598e+01
   8.9772860e+06   6.3110352e+01
   8.9842470e+06   4.2785645e+01
   8.9980480e+06   4.2297363e+01
   8.9996140e+06   6.1645508e+01
   8.9998910e+06   6.1462402e+01
   9.0006090e+06   5.3771973e+01
   9.0081580e+06   5.9814453e+01
   9.0089050e+06   4.5776367e+01
   9.0147700e+06   3.7597656e+01
   9.0156570e+06   5.9814453e+01
   9.0202710e+06   4.1687012e+01
   9.0205700e+06   6.9641113e+01
   9.0227350e+06   5.9692383e+01
   9.0308410e+06   4.1137695e+01
   9.0329700e+06   7.4035645e+01
   9.0387320e+06   3.8757324e+01
   9.0411450e+06   6.0791016e+01
   9.0456310e+06   3.5644531e+01
   9.0515800e+06   4.7180176e+01
   9.0592210e+06   3.8391113e+01
   9.0603480e+06   6.2194824e+01
   9.0626800e+06   6.3354492e+01
   9.0663380e+06   3.8146973e+01
   9.0709980e+06   6.7260742e+01
   9.0767260e+06   6.9702148e+01
   9.0860470e+06   4.4982910e+01
   9.0881520e+06   6.1828613e+01
   9.0885890e+06   5.7067871e+01
   9.0945360e+06   4.5288086e+01
   9.0992240e+06   6.4392090e+01
   9.1012700e+06   3.9001465e+01
   9.1029510e+06   6.2683105e+01
   9.1149890e+06   6.5917969e+01
   9.1165230e+06   5.4565430e+01
   9.1229840e+06   4.6691895e+01
   9.1256270e+06   6.4514160e+01
   9.1256940e+06   4.2663574e+01
   9.1260310e+06   5.2612305e+01
   9.1307880e+06   4.1503906e+01
   9.1361570e+06   4.1687012e+01
   9.1393740e+06   6.0363770e+01
   9.1453750e+06   4.6875000e+01
   9.1560540e+06   6.4758301e+01
   9.1589510e+06   4.5227051e+01
   9.1612240e+06   5.8471680e+01
   9.1688660e+06   4.3395996e+01
   9.1699160e+06   6.2500000e+01
   9.1702980e+06   5.2917480e+01
   9.1737020e+06   3.6682129e+01
   9.1773490e+06   3.4423828e+01
   9.1835750e+06   7.0861816e+01
   9.1882300e+06   4.1198730e+01
   9.1895700e+06   3.4606934e+01
   9.1900840e+06   5.1879883e+01
   9.1905980e+06   4.9011230e+01
   9.1913930e+06   3.6987305e+01
   9.1991060e+06   6.2194824e+01
   9.2021730e+06   6.8908691e+01
   9.2090900e+06   6.0607910e+01
   9.2172980e+06   6.5673828e+01
   9.2205790e+06   6.8359375e+01
   9.2213000e+06   4.0710449e+01
   9.2259010e+06   3.4423828e+01
   9.2406020e+06   3.6987305e+01
   9.2432890e+06   6.3903809e+01
   9.2473650e+06   6.1950684e+01
   9.2493120e+06   6.0119629e+01
   9.2580620e+06   6.3842773e+01
   9.2582470e+06   3.4851074e+01
   9.2661670e+06   4.4372559e+01
   9.2671320e+06   7.1777344e+01
   9.2674250e+06   4.3212891e+01
   9.2723200e+06   5.9265137e+01
   9.2750030e+06   4.7485352e+01
   9.2906830e+06   6.4086914e+01
   9.2968050e+06   4.7058105e+01
   9.3043680e+06   3.4484863e+01
   9.3045230e+06   7.1716309e+01
   9.3053420e+06   5.9326172e+01
   9.3089490e+06   5.7861328e+01
   9.3115490e+06   3.7841797e+01
   9.3155960e+06   6.5429688e+01
   9.3314740e+06   4.1198730e+01
   9.3366290e+06   5.6945801e+01
   9.3366420e+06   4.1015625e+01
   9.3383090e+06   6.3049316e+01
   9.3452630e+06   4.6081543e+01
   9.3510710e+06   4.0100098e+01
   9.3531630e+06   5.7434082e+01
   9.3608200e+06   5.8044434e+01
   9.3629180e+06   3.7414551e+01
   9.3679440e+06   6.1035156e+01
   9.3707400e+06   4.6325684e+01
   9.3724160e+06   6.7932129e+01
   9.3799940e+06   3.4423828e+01
   9.3818860e+06   5.7006836e+01
   9.3866520e+06   6.6650391e+01
   9.3942370e+06   4.4677734e+01
   9.3954060e+06   6.4208984e+01
   9.3957790e+06   5.0109863e+01
   9.4011250e+06   6.5246582e+01
   9.4043070e+06   5.0781250e+01
   9.4175180e+06   6.0058594e+01
   9.4181050e+06   4.0039062e+01
   9.4184530e+06   5.4077148e+01
   9.4247790e+06   3.8269043e+01
   9.4277430e+06   6.8725586e+01
   9.4279570e+06   4.0771484e+01
   9.4282700e+06   5.8105469e+01
   9.4284510e+06   4.6813965e+01
   9.4287750e+06   5.3283691e+01
   9.4290590e+06   3.7170410e+01
   9.4292690e+06   3.9978027e+01
   9.4295580e+06   4.4250488e+01
   9.4311530e+06   3.4912109e+01
   9.4324500e+06   5.2734375e+01
   9.4330070e+06   4.3823242e+01
   9.4337730e+06   4.1625977e+01
   9.4347980e+06   4.1931152e+01
   9.4362300e+06   4.2480469e+01
   9.5013300e+06   5.6274414e+01
   9.5111130e+06   6.0974121e+01
   9.5186470e+06   4.0405273e+01
   9.5360030e+06   4.2419434e+01
   9.5360670e+06   6.8908691e+01
   9.5433580e+06   3.4545898e+01
   9.5437740e+06   5.5725098e+01
   9.5517650e+06   4.7851562e+01
   9.5552350e+06   7.2326660e+01
   9.5594730e+06   6.4208984e+01
   9.5628240e+06   3.5766602e+01
   9.5682210e+06   6.3476562e+01
   9.5684350e+06   3.6987305e+01
   9.5693920e+06   5.6762695e+01
   9.5728660e+06   3.8696289e+01
   9.5737100e+06   6.3293457e+01
   9.5753590e+06   6.1218262e+01
   9.5757010e+06   4.8156738e+01
   9.5769580e+06   5.6335449e+01
   9.5838270e+06   3.9001465e+01
   9.5908310e+06   6.4331055e+01
   9.5930450e+06   4.5104980e+01
   9.5974990e+06   6.3659668e+01
   9.5978950e+06   5.3283691e+01
   9.5983890e+06   3.9123535e+01
   9.6054290e+06   6.5429688e+01
   9.6055500e+06   4.6691895e+01
   9.6059270e+06   5.7678223e+01
   9.6060330e+06   4.8583984e+01
   9.6064400e+06   5.0537109e+01
   9.6065270e+06   3.4606934e+01
   9.6065580e+06   4.9926758e+01
   9.6068400e+06   4.0893555e+01
   9.6073200e+06   3.7536621e+01
   9.6115100e+06   5.6152344e+01
   9.6130860e+06   4.2968750e+01
   9.6458250e+06   3.6621094e+01
   9.6491730e+06   4.3151855e+01
   9.6720720e+06   6.2316895e+01
   9.6724550e+06   5.7434082e+01
   9.6779450e+06   7.1411133e+01
   9.6942910e+06   6.1157227e+01
   9.6947920e+06   4.8034668e+01
   9.6982730e+06   3.9550781e+01
   9.6996620e+06   5.9265137e+01
   9.7062850e+06   5.2734375e+01
   9.7107300e+06   3.7231445e+01
   9.7129550e+06   7.0861816e+01
   9.7160950e+06   5.4626465e+01
   9.7183760e+06   7.0129395e+01
   9.7196190e+06   6.2377930e+01
   9.7281040e+06   4.9682617e+01
   9.7283840e+06   6.6833496e+01
   9.7301350e+06   5.4138184e+01
   9.7339480e+06   4.2236328e+01
   9.7348680e+06   5.7861328e+01
   9.7374870e+06   3.7780762e+01
   9.7382090e+06   5.8044434e+01
   9.7422170e+06   4.1687012e+01
   9.7449140e+06   3.7292480e+01
   9.7455050e+06   7.1716309e+01
   9.7462220e+06   6.4025879e+01
   9.7524500e+06   4.5104980e+01
   9.7540260e+06   6.3903809e+01
   9.7565950e+06   6.5307617e+01
   9.7615080e+06   4.4372559e+01
   9.7705660e+06   4.5593262e+01
   9.7771860e+06   6.1645508e+01
   9.7812040e+06   4.1076660e+01
   9.7875850e+06   4.2358398e+01
   9.7905520e+06   6.3171387e+01
   9.7939750e+06   3.9489746e+01
   9.7983410e+06   3.9367676e+01
   9.8008070e+06   6.4147949e+01
   9.8026030e+06   5.3588867e+01
   9.8034690e+06   5.4016113e+01
   9.8039320e+06   5.5664062e+01
   9.8046670e+06   3.6804199e+01
   9.8047900e+06   4.0832520e+01
   9.8102300e+06   3.7109375e+01
   9.8190620e+06   6.3110352e+01
   9.8231570e+06   4.0161133e+01
   9.8259410e+06   6.4758301e+01
   9.8287830e+06   4.2297363e+01
   9.8325310e+06   6.9824219e+01
   9.8359690e+06   4.2785645e+01
   9.8390680e+06   5.6884766e+01
   9.8401270e+06   5.7617188e+01
   9.8460870e+06   4.6875000e+01
   9.8532060e+06   6.5429688e+01
   9.8578690e+06   6.7871094e+01
   9.8589950e+06   3.7475586e+01
   9.8632420e+06   4.5410156e+01
   9.8644180e+06   5.9143066e+01
   9.8699010e+06   7.4768066e+01
   9.8723240e+06   5.6762695e+01
   9.8758080e+06   6.2194824e+01
   9.8795990e+06   5.7495117e+01
   9.8903840e+06   4.4616699e+01
   9.8935580e+06   5.7189941e+01
   9.9149680e+06   4.0100098e+01
   9.9152140e+06   5.8288574e+01
   9.9189830e+06   5.8471680e+01
   9.9227920e+06   6.2438965e+01
   9.9300210e+06   7.1105957e+01
   9.9336020e+06   5.4687500e+01
   9.9347360e+06   4.0771484e+01
   9.9403580e+06   7.0251465e+01
   9.9411420e+06   4.8889160e+01
   9.9516380e+06   3.8208008e+01
   9.9517430e+06   6.1096191e+01
   9.9532910e+06   5.2673340e+01
   9.9540000e+06   5.7495117e+01
   9.9548050e+06   4.2114258e+01
   9.9585270e+06   6.1889648e+01
   9.9590050e+06   4.9499512e+01
   9.9605690e+06   4.3395996e+01
   9.9642920e+06   3.9550781e+01
   9.9649660e+06   5.8654785e+01
   9.9659920e+06   4.0466309e+01
   9.9660360e+06   6.4270020e+01
   9.9664230e+06   4.9194336e+01
   9.9664370e+06   4.9682617e+01
   9.9669140e+06   4.8522949e+01
   9.9674740e+06   3.7475586e+01
   9.9676350e+06   3.9062500e+01
   9.9679660e+06   5.7495117e+01
   9.9688560e+06   4.1687012e+01
   9.9742100e+06   5.9936523e+01
   9.9940160e+06   6.0791016e+01
   1.0010553e+07   6.4208984e+01
   1.0022240e+07   7.5317383e+01
   1.0023221e+07   6.1279297e+01
   1.0040244e+07   7.1838379e+01
   1.0040909e+07   6.0668945e+01
   1.0046909e+07   3.9367676e+01
   1.0048128e+07   4.4372559e+01
   1.0050771e+07   6.7443848e+01
   1.0051642e+07   5.7250977e+01
   1.0055843e+07   4.2663574e+01
   1.0058534e+07   6.5795898e+01
   1.0058912e+07   5.0476074e+01
   1.0059499e+07   4.8645020e+01
   1.0061267e+07   4.2114258e+01
   1.0067523e+07   6.7077637e+01
   1.0071484e+07   4.3823242e+01
   1.0071747e+07   6.9580078e+01
   1.0075652e+07   6.6589355e+01
   1.0079031e+07   6.2805176e+01
   1.0079976e+07   5.6884766e+01
   1.0080365e+07   4.1687012e+01
   1.0089607e+07   6.4880371e+01
   1.0089820e+07   3.9489746e+01
   1.0090289e+07   5.7800293e+01
   1.0094856e+07   6.6894531e+01
   1.0097660e+07   6.0791016e+01
   1.0103119e+07   4.1992188e+01
   1.0103873e+07   6.2561035e+01
   1.0109669e+07   5.5114746e+01
   1.0112383e+07   6.1706543e+01
   1.0115296e+07   3.6132813e+01
   1.0116057e+07   6.4147949e+01
   1.0118772e+07   4.0771484e+01
   1.0120958e+07   5.4504395e+01
   1.0124174e+07   6.5185547e+01
   1.0127838e+07   6.0852051e+01
   1.0130074e+07   6.1706543e+01
   1.0134546e+07   5.9875488e+01
   1.0138059e+07   4.7241211e+01
   1.0140914e+07   3.9855957e+01
   1.0149038e+07   4.6813965e+01
   1.0156949e+07   4.7851562e+01
   1.0157586e+07   6.2377930e+01
   1.0162610e+07   6.0363770e+01
   1.0162814e+07   4.9865723e+01
   1.0163652e+07   5.1696777e+01
   1.0166968e+07   5.3039551e+01
   1.0167906e+07   4.9438477e+01
   1.0173035e+07   4.4250488e+01
   1.0176239e+07   6.9396973e+01
   1.0176621e+07   5.2917480e+01
   1.0187729e+07   6.3354492e+01
   1.0194750e+07   6.6284180e+01
   1.0199778e+07   6.5551758e+01
   1.0204107e+07   6.3354492e+01
   1.0206906e+07   4.3273926e+01
   1.0214005e+07   7.1411133e+01
   1.0222207e+07   5.9326172e+01
   1.0226758e+07   3.5156250e+01
   1.0226855e+07   6.9213867e+01
   1.0230742e+07   7.7941895e+01
   1.0232837e+07   4.5471191e+01
   1.0240381e+07   6.8176270e+01
   1.0244337e+07   6.8481445e+01
   1.0248133e+07   4.3579102e+01
   1.0248502e+07   6.4758301e+01
   1.0253057e+07   6.3842773e+01
   1.0253906e+07   3.8146973e+01
   1.0258530e+07   3.5400391e+01
   1.0261130e+07   5.5114746e+01
   1.0261777e+07   6.5917969e+01
   1.0262333e+07   4.7973633e+01
   1.0265073e+07   6.0241699e+01
   1.0265272e+07   3.6987305e+01
   1.0274518e+07   4.3823242e+01
   1.0280663e+07   3.8513184e+01
   1.0287156e+07   6.3354492e+01
   1.0288370e+07   3.7658691e+01
   1.0296052e+07   6.1462402e+01
   1.0298454e+07   4.0588379e+01
   1.0302223e+07   3.9184570e+01
   1.0302419e+07   6.9274902e+01
   1.0308566e+07   4.3762207e+01
   1.0310858e+07   5.5236816e+01
   1.0314497e+07   6.0119629e+01
   1.0317322e+07   6.2561035e+01
   1.0322194e+07   4.7790527e+01
   1.0322377e+07   6.8115234e+01
   1.0322448e+07   5.3649902e+01
   1.0323016e+07   4.8950195e+01
   1.0323357e+07   4.9438477e+01
   1.0323720e+07   4.8156738e+01
   1.0324069e+07   4.5532227e+01
   1.0324867e+07   3.8513184e+01
   1.0327712e+07   5.4321289e+01
   1.0328726e+07   5.7373047e+01
   1.0349850e+07   3.6437988e+01
   1.0351407e+07   6.2438965e+01
   1.0365360e+07   4.1931152e+01
   1.0368070e+07   5.9448242e+01
   1.0368417e+07   5.5847168e+01
   1.0368689e+07   4.2480469e+01
   1.0370026e+07   4.0100098e+01
   1.0390023e+07   5.3283691e+01
   1.0401466e+07   4.5043945e+01
   1.0401520e+07   6.9091797e+01
   1.0408232e+07   6.3903809e+01
   1.0408765e+07   3.4973145e+01
   1.0417733e+07   5.8898926e+01
   1.0420640e+07   6.5734863e+01
   1.0422027e+07   5.2612305e+01
   1.0422480e+07   4.0100098e+01
   1.0426631e+07   4.2236328e+01
   1.0426973e+07   6.5246582e+01
   1.0433260e+07   4.7302246e+01
   1.0436271e+07   6.5429688e+01
   1.0437706e+07   6.2683105e+01
   1.0441416e+07   6.1828613e+01
   1.0454973e+07   7.0495605e+01
   1.0457992e+07   4.2053223e+01
   1.0461748e+07   7.1228027e+01
   1.0463646e+07   5.2917480e+01
   1.0464003e+07   6.3415527e+01
   1.0464362e+07   4.2724609e+01
   1.0470026e+07   4.6569824e+01
   1.0472854e+07   6.3415527e+01
   1.0476951e+07   4.4921875e+01
   1.0482372e+07   4.2480469e+01
   1.0486902e+07   6.8908691e+01
   1.0489993e+07   6.1340332e+01
   1.0500373e+07   4.3151855e+01
   1.0500499e+07   6.4575195e+01
   1.0503425e+07   5.6457520e+01
   1.0505914e+07   4.1320801e+01
   1.0510692e+07   3.6865234e+01
   1.0515962e+07   6.4392090e+01
   1.0518576e+07   3.8085938e+01
   1.0519391e+07   6.5795898e+01
   1.0521834e+07   4.4311523e+01
   1.0529701e+07   6.2133789e+01
   1.0531530e+07   6.2438965e+01
   1.0533194e+07   3.4729004e+01
   1.0536362e+07   5.7434082e+01
   1.0537831e+07   3.5766602e+01
   1.0544925e+07   3.9123535e+01
   1.0545411e+07   5.2795410e+01
   1.0552256e+07   4.0039062e+01
   1.0556843e+07   6.7077637e+01
   1.0558169e+07   6.4636230e+01
   1.0568822e+07   6.7932129e+01
   1.0570129e+07   4.1320801e+01
   1.0570375e+07   6.3293457e+01
   1.0571205e+07   5.3222656e+01
   1.0579693e+07   6.9824219e+01
   1.0584045e+07   6.2561035e+01
   1.0584326e+07   6.2438965e+01
   1.0587438e+07   3.5705566e+01
   1.0596161e+07   4.5959473e+01
   1.0598864e+07   7.0983887e+01
   1.0603508e+07   7.4279785e+01
   1.0603586e+07   3.4851074e+01
   1.0607989e+07   4.3884277e+01
   1.0614628e+07   6.8054199e+01
   1.0615084e+07   6.1401367e+01
   1.0616075e+07   5.4992676e+01
   1.0623045e+07   4.4860840e+01
   1.0623520e+07   5.8776855e+01
   1.0630598e+07   4.6752930e+01
   1.0638455e+07   7.1655273e+01
   1.0639950e+07   6.0180664e+01
   1.0640668e+07   4.7607422e+01
   1.0640843e+07   5.9631348e+01
   1.0641129e+07   4.1870117e+01
   1.0641239e+07   4.6325684e+01
   1.0641445e+07   4.4982910e+01
   1.0641758e+07   3.4667969e+01
   1.0641859e+07   4.9804688e+01
   1.0642252e+07   5.2246094e+01
   1.0642359e+07   4.8461914e+01
   1.0645617e+07   4.9377441e+01
   1.0647153e+07   5.7128906e+01
   1.0663691e+07   6.5185547e+01
   1.0669671e+07   6.4697266e+01
   1.0679546e+07   6.5917969e+01
   1.0692840e+07   6.1889648e+01
   1.0693784e+07   4.1442871e+01
   1.0694095e+07   4.2968750e+01
   1.0694520e+07   6.7626953e+01
   1.0695376e+07   4.8461914e+01
   1.0695406e+07   3.7536621e+01
   1.0696001e+07   4.1870117e+01
   1.0699117e+07   6.3476562e+01
   1.0699656e+07   5.2612305e+01
   1.0699905e+07   3.4606934e+01
   1.0727315e+07   5.3100586e+01
   1.0731621e+07   5.9204102e+01
   1.0743555e+07   6.4758301e+01
   1.0748583e+07   4.5593262e+01
   1.0755871e+07   7.1472168e+01
   1.0759637e+07   6.1218262e+01
   1.0762494e+07   4.5227051e+01
   1.0765467e+07   3.7902832e+01
   1.0765736e+07   7.2753906e+01
   1.0767746e+07   6.4636230e+01
   1.0771701e+07   4.9377441e+01
   1.0775553e+07   6.0546875e+01
   1.0775933e+07   5.0781250e+01
   1.0779269e+07   6.6467285e+01
   1.0785006e+07   6.0974121e+01
   1.0793645e+07   4.9560547e+01
   1.0794664e+07   6.2194824e+01
   1.0803034e+07   6.7077637e+01
   1.0810656e+07   4.5654297e+01
   1.0816458e+07   6.4575195e+01
   1.0816779e+07   4.5532227e+01
   1.0816919e+07   4.5959473e+01
   1.0822984e+07   4.4494629e+01
   1.0823803e+07   5.4931641e+01
   1.0827931e+07   5.7434082e+01
   1.0828791e+07   4.2297363e+01
   1.0830793e+07   4.0832520e+01
   1.0835403e+07   6.5734863e+01
   1.0837110e+07   3.6437988e+01
   1.0837878e+07   6.3537598e+01
   1.0840638e+07   5.6030273e+01
   1.0841572e+07   4.4189453e+01
   1.0848054e+07   5.2307129e+01
   1.0849221e+07   7.0617676e+01
   1.0849506e+07   5.1452637e+01
   1.0852219e+07   6.2500000e+01
   1.0856319e+07   6.5795898e+01
   1.0857840e+07   3.7719727e+01
   1.0861924e+07   5.5114746e+01
   1.0862239e+07   3.7231445e+01
   1.0862318e+07   6.1401367e+01
   1.0868798e+07   3.5766602e+01
   1.0869427e+07   6.3903809e+01
   1.0873631e+07   5.9936523e+01
   1.0874933e+07   4.3395996e+01
   1.0877908e+07   6.5246582e+01
   1.0878230e+07   5.9204102e+01
   1.0878816e+07   4.2236328e+01
   1.0879339e+07   4.2724609e+01
   1.0879498e+07   4.6630859e+01
   1.0883082e+07   4.2175293e+01
   1.0888934e+07   4.2907715e+01
   1.0901402e+07   4.6813965e+01
   1.0911182e+07   6.3537598e+01
   1.0914597e+07   4.1015625e+01
   1.0917787e+07   7.1166992e+01
   1.0925143e+07   4.0344238e+01
   1.0929539e+07   3.8452148e+01
   1.0930076e+07   6.8786621e+01
   1.0933744e+07   5.2001953e+01
   1.0938440e+07   5.8715820e+01
   1.0938813e+07   5.2917480e+01
   1.0946863e+07   6.5979004e+01
   1.0946892e+07   4.4067383e+01
   1.0951963e+07   4.3762207e+01
   1.0955096e+07   7.1838379e+01
   1.0957571e+07   5.0109863e+01
   1.0958013e+07   6.6284180e+01
   1.0960159e+07   5.8288574e+01
   1.0964251e+07   3.8391113e+01
   1.0969503e+07   7.1960449e+01
   1.0971419e+07   3.6254883e+01
   1.0972526e+07   6.0607910e+01
   1.0973947e+07   6.1096191e+01
   1.0974211e+07   4.8522949e+01
   1.0979241e+07   4.3518066e+01
   1.0980365e+07   6.1462402e+01
   1.0980707e+07   4.7546387e+01
   1.0981610e+07   4.0954590e+01
   1.0990857e+07   6.4880371e+01
   1.0994017e+07   4.2480469e+01
   1.0998422e+07   4.3457031e+01
   1.0998957e+07   6.4331055e+01
   1.0999399e+07   5.6518555e+01
   1.1000266e+07   5.3710938e+01
   1.1004035e+07   5.7922363e+01
   1.1004183e+07   3.8208008e+01
   1.1004343e+07   4.7912598e+01
   1.1016381e+07   4.7973633e+01
   1.1018927e+07   3.6926270e+01
   1.1022063e+07   5.9692383e+01
   1.1022816e+07   5.8959961e+01
   1.1028364e+07   6.5856934e+01
   1.1031041e+07   5.6762695e+01
   1.1038777e+07   4.0039062e+01
   1.1046210e+07   6.7871094e+01
   1.1058672e+07   4.9377441e+01
   1.1059292e+07   6.4636230e+01
   1.1059512e+07   4.8034668e+01
   1.1064242e+07   6.1584473e+01
   1.1066920e+07   5.2124023e+01
   1.1072220e+07   4.5410156e+01
   1.1073252e+07   6.2255859e+01
   1.1073562e+07   5.4016113e+01
   1.1074184e+07   5.4321289e+01
   1.1078153e+07   4.2541504e+01
   1.1088964e+07   5.4992676e+01
   1.1098551e+07   5.5664062e+01
   1.1102296e+07   4.2968750e+01
   1.1106060e+07   6.1645508e+01
   1.1108229e+07   4.4738770e+01
   1.1108749e+07   6.6711426e+01
   1.1108938e+07   3.4423828e+01
   1.1119135e+07   5.8349609e+01
   1.1119527e+07   5.2062988e+01
   1.1119544e+07   4.9316406e+01
   1.1124456e+07   5.5725098e+01
   1.1131820e+07   3.9245605e+01
   1.1134401e+07   5.8166504e+01
   1.1134757e+07   5.5480957e+01
   1.1141543e+07   6.1645508e+01
   1.1141969e+07   5.5908203e+01
   1.1146308e+07   3.8146973e+01
   1.1148250e+07   4.6447754e+01
   1.1148801e+07   5.1635742e+01
   1.1152602e+07   5.4870605e+01
   1.1155924e+07   7.1899414e+01
   1.1156482e+07   3.8879395e+01
   1.1159216e+07   5.9143066e+01
   1.1163556e+07   5.8898926e+01
   1.1163867e+07   5.0292969e+01
   1.1168255e+07   5.4809570e+01
   1.1172623e+07   4.6203613e+01
   1.1172934e+07   5.6640625e+01
   1.1173316e+07   5.5358887e+01
   1.1181152e+07   6.4514160e+01
   1.1181474e+07   5.3833008e+01
   1.1187377e+07   4.7180176e+01
   1.1187457e+07   6.2988281e+01
   1.1188035e+07   5.3405762e+01
   1.1199283e+07   7.0251465e+01
   1.1201117e+07   4.8767090e+01
   1.1204170e+07   7.0251465e+01
   1.1210872e+07   5.8959961e+01
   1.1213369e+07   5.6396484e+01
   1.1213679e+07   3.5095215e+01
   1.1218788e+07   4.0771484e+01
   1.1219499e+07   6.6162109e+01
   1.1219810e+07   4.3457031e+01
   1.1220137e+07   5.2124023e+01
   1.1228271e+07   4.2236328e+01
   1.1229534e+07   4.3273926e+01
   1.1229948e+07   5.8654785e+01
   1.1230032e+07   3.6254883e+01
   1.1230321e+07   4.8950195e+01
   1.1230667e+07   5.1513672e+01
   1.1230996e+07   3.4729004e+01
   1.1231204e+07   5.1391602e+01
   1.1231593e+07   4.5288086e+01
   1.1251896e+07   7.4035645e+01
   1.1256488e+07   6.5307617e+01
   1.1265084e+07   4.5898438e+01
   1.1265222e+07   7.6660156e+01
   1.1265851e+07   4.0527344e+01
   1.1265925e+07   5.2246094e+01
   1.1267352e+07   4.8461914e+01
   1.1267436e+07   4.3884277e+01
   1.1269809e+07   4.9499512e+01
   1.1274976e+07   5.3161621e+01
   1.1280109e+07   6.5307617e+01
   1.1293539e+07   4.8583984e+01
   1.1294805e+07   6.8054199e+01
   1.1295485e+07   5.4748535e+01
   1.1307381e+07   7.0068359e+01
   1.1315201e+07   6.0180664e+01
   1.1320046e+07   4.4006348e+01
   1.1323208e+07   6.6772461e+01
   1.1323377e+07   3.5583496e+01
   1.1323593e+07   3.6376953e+01
   1.1324246e+07   5.8166504e+01
   1.1324576e+07   3.5766602e+01
   1.1332577e+07   4.4555664e+01
   1.1334268e+07   6.3598633e+01
   1.1335012e+07   4.1503906e+01
   1.1345442e+07   4.8522949e+01
   1.1346072e+07   6.1767578e+01
   1.1354187e+07   4.7973633e+01
   1.1357543e+07   6.6040039e+01
   1.1359805e+07   6.7810059e+01
   1.1365410e+07   3.7597656e+01
   1.1369312e+07   5.3039551e+01
   1.1373440e+07   5.2001953e+01
   1.1373998e+07   5.7861328e+01
   1.1374500e+07   5.2551270e+01
   1.1376095e+07   4.6325684e+01
   1.1383296e+07   4.5043945e+01
   1.1383357e+07   6.4941406e+01
   1.1383636e+07   4.1564941e+01
   1.1387631e+07   4.0588379e+01
   1.1391094e+07   5.8593750e+01
   1.1394732e+07   4.5532227e+01
   1.1395652e+07   5.9875488e+01
   1.1401074e+07   6.9519043e+01
   1.1402534e+07   3.6315918e+01
   1.1408451e+07   4.6386719e+01
   1.1408658e+07   6.5185547e+01
   1.1417604e+07   7.0190430e+01
   1.1426858e+07   4.0222168e+01
   1.1427685e+07   6.2622070e+01
   1.1428031e+07   5.4992676e+01
   1.1429765e+07   4.1931152e+01
   1.1443807e+07   6.0791016e+01
   1.1445032e+07   4.5104980e+01
   1.1447356e+07   6.3354492e+01
   1.1447667e+07   4.6081543e+01
   1.1451473e+07   4.3823242e+01
   1.1452932e+07   6.1096191e+01
   1.1457370e+07   3.6376953e+01
   1.1460734e+07   5.9692383e+01
   1.1469981e+07   4.6203613e+01
   1.1471313e+07   7.2814941e+01
   1.1479046e+07   6.8725586e+01
   1.1479566e+07   3.5888672e+01
   1.1483900e+07   6.4270020e+01
   1.1484440e+07   5.4260254e+01
   1.1489727e+07   4.4494629e+01
   1.1489857e+07   6.4819336e+01
   1.1491054e+07   4.1564941e+01
   1.1497067e+07   3.6865234e+01
   1.1502006e+07   3.9855957e+01
   1.1507488e+07   6.4331055e+01
   1.1509456e+07   4.6386719e+01
   1.1510814e+07   6.7077637e+01
   1.1511439e+07   6.8359375e+01
   1.1520777e+07   4.2419434e+01
   1.1521983e+07   5.7434082e+01
   1.1528786e+07   4.1198730e+01
   1.1534354e+07   4.5837402e+01
   1.1536658e+07   5.0170898e+01
   1.1538143e+07   5.9204102e+01
   1.1546583e+07   5.4443359e+01
   1.1547179e+07   5.7983398e+01
   1.1552639e+07   4.3273926e+01
   1.1552757e+07   6.6101074e+01
   1.1556180e+07   5.5175781e+01
   1.1556524e+07   4.4067383e+01
   1.1561130e+07   4.1015625e+01
   1.1563695e+07   6.4208984e+01
   1.1569945e+07   4.4372559e+01
   1.1571722e+07   7.2326660e+01
   1.1572961e+07   4.6142578e+01
   1.1574925e+07   6.1523438e+01
   1.1575452e+07   5.6701660e+01
   1.1580284e+07   5.1757812e+01
   1.1580961e+07   4.7302246e+01
   1.1581210e+07   4.2724609e+01
   1.1591067e+07   6.8542480e+01
   1.1596715e+07   6.9946289e+01
   1.1600539e+07   4.7424316e+01
   1.1600674e+07   6.3903809e+01
   1.1600823e+07   3.4423828e+01
   1.1600853e+07   3.5522461e+01
   1.1601116e+07   3.7902832e+01
   1.1601196e+07   6.1584473e+01
   1.1601409e+07   4.2846680e+01
   1.1601744e+07   5.5358887e+01
   1.1602525e+07   4.1198730e+01
   1.1603496e+07   5.5908203e+01
   1.1606062e+07   5.6518555e+01
   1.1608097e+07   5.0292969e+01
   1.1608884e+07   4.0527344e+01
   1.1630599e+07   6.1279297e+01
   1.1648380e+07   6.3476562e+01
   1.1655227e+07   4.9255371e+01
   1.1656467e+07   7.0251465e+01
   1.1656754e+07   5.3222656e+01
   1.1664296e+07   6.4147949e+01
   1.1667833e+07   5.5603027e+01
   1.1670004e+07   3.7780762e+01
   1.1691282e+07   6.9213867e+01
   1.1692019e+07   5.6091309e+01
   1.1692631e+07   5.7006836e+01
   1.1698207e+07   3.8574219e+01
   1.1708852e+07   7.0617676e+01
   1.1709251e+07   4.5043945e+01
   1.1714478e+07   7.5134277e+01
   1.1719807e+07   4.2663574e+01
   1.1726243e+07   5.9631348e+01
   1.1726699e+07   5.3955078e+01
   1.1735316e+07   6.3720703e+01
   1.1738937e+07   4.4555664e+01
   1.1742543e+07   6.4697266e+01
   1.1744541e+07   3.8696289e+01
   1.1746464e+07   6.3232422e+01
   1.1747009e+07   5.0292969e+01
   1.1753138e+07   5.2062988e+01
   1.1755689e+07   4.3151855e+01
   1.1763371e+07   4.5471191e+01
   1.1767925e+07   5.3649902e+01
   1.1770914e+07   6.1645508e+01
   1.1777104e+07   4.4860840e+01
   1.1777260e+07   6.4514160e+01
   1.1780741e+07   6.5551758e+01
   1.1781012e+07   4.2724609e+01
   1.1789441e+07   3.6315918e+01
   1.1792087e+07   7.2998047e+01
   1.1794058e+07   5.7128906e+01
   1.1797562e+07   6.4636230e+01
   1.1805860e+07   6.4392090e+01
   1.1806552e+07   6.6894531e+01
   1.1808679e+07   4.3212891e+01
   1.1809738e+07   6.4147949e+01
   1.1814588e+07   4.2175293e+01
   1.1820926e+07   3.9306641e+01
   1.1821514e+07   5.8715820e+01
   1.1826669e+07   6.0485840e+01
   1.1841401e+07   6.9824219e+01
   1.1843518e+07   4.0649414e+01
   1.1846313e+07   6.0485840e+01
   1.1848133e+07   4.2724609e+01
   1.1852759e+07   7.4645996e+01
   1.1856189e+07   4.6264648e+01
   1.1857859e+07   6.5856934e+01
   1.1860885e+07   6.5185547e+01
   1.1861562e+07   5.9387207e+01
   1.1863621e+07   4.2907715e+01
   1.1869802e+07   5.9753418e+01
   1.1870782e+07   5.4870605e+01
   1.1872958e+07   4.0588379e+01
   1.1879543e+07   6.1279297e+01
   1.1882018e+07   3.8574219e+01
   1.1883695e+07   4.7668457e+01
   1.1894421e+07   5.8837891e+01
   1.1896813e+07   6.4147949e+01
   1.1898422e+07   4.0039062e+01
   1.1899434e+07   5.9448242e+01
   1.1904629e+07   5.3894043e+01
   1.1907931e+07   6.5307617e+01
   1.1908359e+07   4.1442871e+01
   1.1908525e+07   5.6701660e+01
   1.1915105e+07   3.9062500e+01
   1.1934211e+07   6.8725586e+01
   1.1935290e+07   3.9611816e+01
   1.1941179e+07   6.9458008e+01
   1.1942149e+07   5.2185059e+01
   1.1942293e+07   4.1259766e+01
   1.1945031e+07   4.7851562e+01
   1.1951717e+07   4.4555664e+01
   1.1955682e+07   6.8664551e+01
   1.1956190e+07   6.6650391e+01
   1.1958719e+07   5.5053711e+01
   1.1972337e+07   4.2175293e+01
   1.1982697e+07   5.1147461e+01
   1.1982945e+07   5.9631348e+01
   1.1983200e+07   4.2785645e+01
   1.1983633e+07   5.6823730e+01
   1.1989592e+07   6.1950684e+01
   1.1992751e+07   6.0180664e+01
   1.1992814e+07   4.1931152e+01
