   1.1996000e+07   0.0000000e+00
   5.9689600e+05   4.4677734e+01
   5.9804300e+05   4.4311523e+01
   5.9861100e+05   4.0649414e+01
   5.9966300e+05   3.9306641e+01
   1.4083580e+06   3.6010742e+01
   2.0908560e+06   3.8757324e+01
   2.0914860e+06   3.9184570e+01
   2.0919760e+06   4.2419434e+01
   2.0924620e+06   3.8208008e+01
   2.6988000e+06   3.7048340e+01
   2.6990930e+06   4.4250488e+01
   2.6994070e+06   4.2785645e+01
   2.6994430e+06   4.9804688e+01
   2.7424680e+06   3.8208008e+01
   4.0238590e+06   4.8278809e+01
   4.0243260e+06   3.9855957e+01
   4.0247750e+06   4.1625977e+01
   4.0395160e+06   3.5522461e+01
   4.1095480e+06   4.5593262e+01
   4.1113590e+06   4.2724609e+01
   4.1133110e+06   4.2907715e+01
   4.1873660e+06   4.4677734e+01
   4.1934790e+06   3.7292480e+01
   4.4465300e+06   5.2429199e+01
   4.4466840e+06   4.7424316e+01
   4.5363430e+06   5.0292969e+01
   4.5366510e+06   4.6936035e+01
   4.5369400e+06   3.7719727e+01
   4.5380810e+06   3.8574219e+01
   4.5385670e+06   3.6987305e+01
   5.1867350e+06   5.1635742e+01
   5.1870100e+06   4.3273926e+01
   5.1870860e+06   3.9672852e+01
   5.1872470e+06   3.9062500e+01
   5.1875140e+06   3.7048340e+01
   5.1877420e+06   3.7109375e+01
   5.1893280e+06   3.6499023e+01
   5.9327870e+06   5.2368164e+01
   6.1235370e+06   4.4616699e+01
   6.1395650e+06   3.6926270e+01
   6.2668430e+06   4.3579102e+01
   6.2997290e+06   4.0466309e+01
   6.3721210e+06   4.0527344e+01
   6.3945230e+06   4.1320801e+01
   6.4463970e+06   5.2429199e+01
   6.4466490e+06   3.6682129e+01
   6.4466610e+06   4.0832520e+01
   6.4471550e+06   3.6560059e+01
   6.4477240e+06   3.5461426e+01
   6.4501290e+06   3.5644531e+01
   6.5257200e+06   4.3395996e+01
   6.5808650e+06   4.3395996e+01
   6.6203130e+06   3.7231445e+01
   6.6621910e+06   4.6936035e+01
   6.7526890e+06   3.8757324e+01
   6.8183600e+06   3.9245605e+01
   6.8719880e+06   3.8635254e+01
   6.8821670e+06   3.7902832e+01
   6.9123460e+06   3.9123535e+01
   6.9197840e+06   4.5593262e+01
   6.9514670e+06   4.1931152e+01
   6.9802540e+06   4.4860840e+01
   6.9804300e+06   3.9978027e+01
   6.9805980e+06   4.1992188e+01
   6.9835480e+06   3.6987305e+01
   7.0223120e+06   4.4860840e+01
   7.1293390e+06   4.4799805e+01
   7.1414500e+06   4.1687012e+01
   7.1416610e+06   3.7353516e+01
   7.1419260e+06   3.5827637e+01
   7.1423590e+06   3.9978027e+01
   7.2424220e+06   5.2795410e+01
   7.2427420e+06   3.9489746e+01
   7.2428910e+06   3.7109375e+01
   7.2446400e+06   4.2236328e+01
   7.2452790e+06   3.7536621e+01
   7.2459260e+06   3.8146973e+01
   7.5025140e+06   4.5715332e+01
   7.5160170e+06   4.3762207e+01
   7.6260960e+06   4.1320801e+01
   7.6596840e+06   4.9011230e+01
   7.7079720e+06   4.8217773e+01
   7.8083490e+06   4.5593262e+01
   7.8406740e+06   4.8461914e+01
   7.8408940e+06   4.5593262e+01
   7.8409860e+06   3.6071777e+01
   7.8972860e+06   4.2968750e+01
   7.9302930e+06   3.5766602e+01
   7.9306390e+06   3.7841797e+01
   7.9309740e+06   3.7292480e+01
   8.0341860e+06   4.1687012e+01
   8.0746750e+06   3.6804199e+01
   8.2100640e+06   4.0954590e+01
   8.2178780e+06   4.1198730e+01
   8.2633690e+06   4.1015625e+01
   8.2908170e+06   3.8879395e+01
   8.3175920e+06   3.9306641e+01
   8.3318480e+06   3.5217285e+01
   8.3474590e+06   4.4616699e+01
   8.3596430e+06   4.4006348e+01
   8.3827710e+06   3.9306641e+01
   8.4185290e+06   4.5288086e+01
   8.4247850e+06   4.1564941e+01
   8.4489730e+06   5.0476074e+01
   8.4684130e+06   4.1687012e+01
   8.5223810e+06   4.1809082e+01
   8.5385390e+06   4.9804688e+01
   8.5718510e+06   4.4555664e+01
   8.5837690e+06   4.5959473e+01
   8.5839960e+06   3.5766602e+01
   8.5843090e+06   3.6621094e+01
   8.6237770e+06   3.9611816e+01
   8.6442470e+06   4.5776367e+01
   8.6539500e+06   4.1442871e+01
   8.7024900e+06   3.7902832e+01
   8.7363810e+06   4.4616699e+01
   8.7630490e+06   3.8452148e+01
   8.7747930e+06   3.5644531e+01
   8.7900850e+06   4.4738770e+01
   8.8210800e+06   3.7475586e+01
   8.8217660e+06   4.7180176e+01
   8.8221050e+06   3.5034180e+01
   8.9091220e+06   3.9245605e+01
   9.1783330e+06   4.0466309e+01
   9.1981010e+06   3.7719727e+01
   9.2240820e+06   4.5288086e+01
   9.2393990e+06   4.6203613e+01
   9.2535590e+06   5.3039551e+01
   9.2697160e+06   3.9794922e+01
   9.2954920e+06   5.0292969e+01
   9.3286820e+06   3.6315918e+01
   9.3724790e+06   4.0283203e+01
   9.3909780e+06   3.8085938e+01
   9.4038840e+06   4.9438477e+01
   9.4226690e+06   4.5349121e+01
   9.4280760e+06   4.2175293e+01
   9.4283400e+06   3.9001465e+01
   9.4709670e+06   5.2307129e+01
   9.4801250e+06   4.7851562e+01
   9.5251950e+06   3.5522461e+01
   9.5474500e+06   3.7902832e+01
   9.5582980e+06   3.9428711e+01
   9.5751280e+06   4.0893555e+01
   9.6008430e+06   3.7780762e+01
   9.6053930e+06   4.4616699e+01
   9.6055480e+06   3.8391113e+01
   9.6056960e+06   3.6437988e+01
   9.6069990e+06   3.6437988e+01
   9.7210840e+06   4.7241211e+01
   9.7295620e+06   4.5471191e+01
   9.7900250e+06   4.0344238e+01
   9.8180570e+06   4.0039062e+01
   9.8416250e+06   4.2968750e+01
   9.8603990e+06   4.0832520e+01
   9.9193630e+06   4.2236328e+01
   9.9652750e+06   4.3945312e+01
   9.9661500e+06   4.1809082e+01
   9.9667420e+06   3.8635254e+01
   1.0017517e+07   3.8635254e+01
   1.0097826e+07   4.9072266e+01
   1.0146097e+07   3.6865234e+01
   1.0153030e+07   3.7902832e+01
   1.0222488e+07   4.6813965e+01
   1.0250154e+07   3.7597656e+01
   1.0279517e+07   4.1015625e+01
   1.0294866e+07   3.5766602e+01
   1.0317136e+07   4.6203613e+01
   1.0322548e+07   6.6650391e+01
   1.0323602e+07   3.6376953e+01
   1.0368555e+07   4.3029785e+01
   1.0387176e+07   4.4677734e+01
   1.0434184e+07   4.2419434e+01
   1.0614166e+07   4.2968750e+01
   1.0622906e+07   4.6630859e+01
   1.0641000e+07   4.4250488e+01
   1.0641275e+07   3.8330078e+01
   1.0688457e+07   3.8940430e+01
   1.0694075e+07   5.4077148e+01
   1.0694328e+07   3.6926270e+01
   1.0724170e+07   4.6997070e+01
   1.0762002e+07   4.2846680e+01
   1.0777048e+07   4.6386719e+01
   1.0922809e+07   4.0222168e+01
   1.0934986e+07   4.0954590e+01
   1.0956045e+07   3.5522461e+01
   1.0992631e+07   3.6437988e+01
   1.1020778e+07   3.6071777e+01
   1.1046150e+07   3.7231445e+01
   1.1089077e+07   4.5959473e+01
   1.1128540e+07   4.2297363e+01
   1.1146607e+07   3.6437988e+01
   1.1155277e+07   4.1503906e+01
   1.1166106e+07   4.5104980e+01
   1.1196219e+07   4.5837402e+01
   1.1208974e+07   4.3395996e+01
   1.1221219e+07   4.0771484e+01
   1.1230124e+07   5.0720215e+01
   1.1230292e+07   3.8696289e+01
   1.1250684e+07   3.6621094e+01
   1.1254097e+07   3.9855957e+01
   1.1265575e+07   5.6945801e+01
   1.1265927e+07   4.8767090e+01
   1.1317676e+07   4.4433594e+01
   1.1360087e+07   4.1931152e+01
   1.1365612e+07   4.2053223e+01
   1.1438707e+07   4.6936035e+01
   1.1460534e+07   4.2968750e+01
   1.1510654e+07   3.9001465e+01
   1.1563375e+07   3.8208008e+01
   1.1571795e+07   4.3945312e+01
   1.1577099e+07   4.0344238e+01
   1.1589332e+07   3.8879395e+01
   1.1596189e+07   3.6804199e+01
   1.1600853e+07   4.4189453e+01
   1.1601040e+07   3.5949707e+01
   1.1601610e+07   3.8879395e+01
   1.1624421e+07   3.6376953e+01
   1.1668979e+07   3.8146973e+01
   1.1709937e+07   4.6997070e+01
   1.1720228e+07   4.1992188e+01
   1.1735966e+07   3.8146973e+01
   1.1749670e+07   4.2663574e+01
   1.1764158e+07   3.7597656e+01
   1.1772818e+07   4.3457031e+01
   1.1787015e+07   3.6437988e+01
   1.1796843e+07   4.1992188e+01
   1.1804571e+07   3.7048340e+01
   1.1817855e+07   4.5166016e+01
   1.1843980e+07   4.2114258e+01
   1.1861982e+07   4.1137695e+01
   1.1878712e+07   4.1870117e+01
   1.1889886e+07   4.1198730e+01
   1.1900501e+07   3.9916992e+01
   1.1905317e+07   3.9794922e+01
   1.1924134e+07   4.3823242e+01
   1.1974619e+07   3.9855957e+01
   1.1981694e+07   3.7414551e+01
   1.1989730e+07   4.1687012e+01
