   1.1990000e+07   0.0000000e+00
   1.0365000e+05   4.3151855e+01
   1.2537600e+05   4.0954590e+01
   2.3452200e+05   3.6926270e+01
   2.7578800e+05   3.9306641e+01
   2.7783300e+05   3.6437988e+01
   4.0189900e+05   3.6376953e+01
   4.0328600e+05   3.7353516e+01
   4.0438700e+05   4.3762207e+01
   1.5031710e+06   4.2175293e+01
   1.5041030e+06   3.6499023e+01
   1.5386670e+06   3.6254883e+01
   1.5912050e+06   3.5827637e+01
   1.5913320e+06   3.6743164e+01
   1.5925610e+06   3.6926270e+01
   1.6436030e+06   3.6254883e+01
   1.7487950e+06   4.0161133e+01
   1.7489300e+06   3.5766602e+01
   1.7499960e+06   3.6132812e+01
   1.7698820e+06   3.6132812e+01
   1.7828510e+06   3.7231445e+01
   1.7922690e+06   3.6437988e+01
   1.9393200e+06   3.5766602e+01
   2.9241170e+06   3.6621094e+01
   2.9242920e+06   3.8085938e+01
   2.9244870e+06   3.5949707e+01
   2.9254710e+06   3.5827637e+01
   2.9415030e+06   3.9306641e+01
   2.9725070e+06   3.6254883e+01
   3.0208640e+06   3.5827637e+01
   3.0811130e+06   3.7170410e+01
   3.1254230e+06   3.9733887e+01
   3.1471110e+06   3.9001465e+01
   3.1657960e+06   3.5644531e+01
   3.1874130e+06   3.8146973e+01
   3.1882680e+06   3.7353516e+01
   3.2079160e+06   3.5461426e+01
   3.2297160e+06   3.8024902e+01
   3.2302330e+06   3.8757324e+01
   3.2492940e+06   3.9184570e+01
   3.2509460e+06   3.5766602e+01
   3.2742570e+06   3.9245605e+01
   3.2742780e+06   3.6682129e+01
   3.2744820e+06   3.6193848e+01
   3.2961310e+06   3.9184570e+01
   3.9646050e+06   4.0283203e+01
   4.0206550e+06   3.6499023e+01
   4.4750760e+06   3.9855957e+01
   4.4913240e+06   3.8452148e+01
   4.4913830e+06   3.8635254e+01
   4.5448160e+06   3.6865234e+01
   4.5469610e+06   3.5827637e+01
   4.6182700e+06   3.6621094e+01
   4.6640760e+06   3.6743164e+01
   4.6828600e+06   3.6437988e+01
   4.6857630e+06   3.5705566e+01
   4.7065890e+06   4.0832520e+01
   4.7260540e+06   4.2907715e+01
   4.7260980e+06   3.8757324e+01
   4.7466570e+06   3.5766602e+01
   4.7470630e+06   3.5766602e+01
   4.7877140e+06   3.6682129e+01
   4.8085680e+06   4.5776367e+01
   4.8511260e+06   3.5827637e+01
   4.8736580e+06   3.7475586e+01
   4.8736830e+06   4.0466309e+01
   4.8738780e+06   3.8391113e+01
   4.9186840e+06   3.7475586e+01
   4.9196560e+06   3.6437988e+01
   5.4754570e+06   3.8513184e+01
   5.7791350e+06   3.9306641e+01
   5.7795470e+06   4.0344238e+01
   5.7898750e+06   3.6560059e+01
   5.8640900e+06   4.1259766e+01
   5.9071500e+06   4.4982910e+01
   5.9073580e+06   4.0283203e+01
   5.9579420e+06   3.6254883e+01
   5.9585680e+06   4.0039062e+01
   5.9915840e+06   3.7353516e+01
   5.9916320e+06   4.3212891e+01
   6.0854040e+06   3.7780762e+01
   6.0856650e+06   3.7475586e+01
   6.1228410e+06   3.7231445e+01
   6.1229520e+06   3.9550781e+01
   6.1229970e+06   3.5949707e+01
   6.1241310e+06   4.1870117e+01
   6.1618230e+06   3.7353516e+01
   6.1624650e+06   3.7231445e+01
   6.1983920e+06   3.7231445e+01
   6.2392940e+06   3.6010742e+01
   6.7259940e+06   3.6926270e+01
   6.8160290e+06   3.6132812e+01
   7.0766940e+06   3.7475586e+01
   7.0768640e+06   3.6560059e+01
   7.0787430e+06   3.8146973e+01
   7.1153100e+06   3.6010742e+01
   7.1530260e+06   3.8452148e+01
   7.1530740e+06   4.0222168e+01
   7.1862560e+06   4.2663574e+01
   7.4450110e+06   3.6254883e+01
   7.7923880e+06   4.5471191e+01
   7.7925120e+06   3.9184570e+01
   7.7926300e+06   3.7841797e+01
   7.8416620e+06   3.7658691e+01
   7.9209310e+06   3.6682129e+01
   7.9412460e+06   3.5583496e+01
   7.9414470e+06   3.9733887e+01
   7.9416170e+06   3.5644531e+01
   7.9623020e+06   3.9550781e+01
   7.9623790e+06   4.5715332e+01
   7.9631090e+06   3.6437988e+01
   7.9825720e+06   3.7475586e+01
   7.9837040e+06   3.9062500e+01
   8.0031080e+06   3.5705566e+01
   8.0214770e+06   3.9062500e+01
   8.0218560e+06   3.6804199e+01
   8.0583250e+06   4.2358398e+01
   8.0882890e+06   3.5949707e+01
   8.0883190e+06   3.5583496e+01
   8.1126040e+06   4.7058105e+01
   8.4811780e+06   3.9428711e+01
   9.1786050e+06   3.7414551e+01
   9.1786510e+06   3.8330078e+01
   9.1941300e+06   3.6132812e+01
   9.2630990e+06   3.7292480e+01
   9.2641100e+06   5.2001953e+01
   9.3258800e+06   3.9245605e+01
   9.3269690e+06   3.7780762e+01
   9.3476230e+06   4.2236328e+01
   9.3479870e+06   3.6743164e+01
   9.3861670e+06   3.7292480e+01
   9.4229260e+06   3.6193848e+01
   9.4606530e+06   3.7414551e+01
   9.4804980e+06   3.5705566e+01
   9.5008490e+06   3.5705566e+01
   9.5020020e+06   3.5766602e+01
   9.5036150e+06   3.7414551e+01
   9.5241580e+06   3.5827637e+01
   9.5247520e+06   3.6804199e+01
   1.0746513e+07   3.7780762e+01
   1.0747884e+07   3.6560059e+01
   1.0796966e+07   3.7353516e+01
   1.0797140e+07   4.1870117e+01
   1.0798846e+07   3.7780762e+01
   1.0834999e+07   4.0771484e+01
   1.0835009e+07   3.8452148e+01
   1.0835128e+07   3.9184570e+01
   1.0835769e+07   3.8146973e+01
   1.0836972e+07   4.2358398e+01
   1.0858432e+07   4.0893555e+01
   1.0878030e+07   3.5827637e+01
   1.0878396e+07   4.0405273e+01
   1.0897702e+07   3.9245605e+01
   1.0897757e+07   3.5522461e+01
   1.0897922e+07   4.0710449e+01
   1.0918032e+07   3.8940430e+01
   1.0987027e+07   4.1442871e+01
   1.0987629e+07   3.6071777e+01
   1.0988010e+07   3.5827637e+01
   1.1006188e+07   3.7170410e+01
   1.1025411e+07   3.6376953e+01
   1.1087094e+07   3.5644531e+01
   1.1088245e+07   3.6499023e+01
   1.1088642e+07   4.1137695e+01
   1.1088890e+07   3.7597656e+01
   1.1133980e+07   3.6132812e+01
   1.1463020e+07   3.7109375e+01
