   8.9970000e+06   0.0000000e+00
   4.9668000e+04   3.8024902e+01
   4.9724000e+04   3.8452148e+01
   4.9743000e+04   5.2978516e+01
   4.9820000e+04   4.3395996e+01
   4.9868000e+04   3.5766602e+01
   4.9898000e+04   4.6997070e+01
   4.9923000e+04   3.8879395e+01
   4.9995000e+04   3.8757324e+01
   5.0066000e+04   4.8522949e+01
   5.0124000e+04   3.9245605e+01
   5.0162000e+04   3.7536621e+01
   5.0188000e+04   3.8208008e+01
   5.0236000e+04   4.0161133e+01
   5.0255000e+04   3.3874512e+01
   5.0302000e+04   3.8208008e+01
   5.0414000e+04   3.9489746e+01
   5.0479000e+04   3.4179688e+01
   5.0696000e+04   4.1076660e+01
   5.0891000e+04   4.3090820e+01
   5.1167000e+04   3.3569336e+01
   5.1387000e+04   3.8391113e+01
   5.1417000e+04   3.5339355e+01
   5.1647000e+04   3.8208008e+01
   5.1784000e+04   4.1748047e+01
   5.1938000e+04   3.6376953e+01
   5.2061000e+04   3.5339355e+01
   5.2356000e+04   3.3874512e+01
   5.2402000e+04   3.6682129e+01
   5.2461000e+04   3.7414551e+01
   5.2794000e+04   3.4667969e+01
   5.3423000e+04   3.3813477e+01
   5.3500000e+04   3.4423828e+01
   5.3846000e+04   3.7292480e+01
   5.4001000e+04   3.6132812e+01
   5.4099000e+04   3.4118652e+01
   5.4282000e+04   3.4851074e+01
   5.4676000e+04   3.6804199e+01
   5.4717000e+04   3.5705566e+01
   5.5044000e+04   3.6560059e+01
   6.7000000e+04   3.3874512e+01
   9.8754000e+04   3.4606934e+01
   9.9699000e+04   3.8513184e+01
   9.9757000e+04   4.2297363e+01
   9.9968000e+04   3.9062500e+01
   1.0007900e+05   4.2846680e+01
   1.0018400e+05   3.6987305e+01
   1.0029700e+05   4.1076660e+01
   1.0033500e+05   3.3447266e+01
   1.0041000e+05   3.8391113e+01
   1.0046000e+05   4.1931152e+01
   1.0050600e+05   3.7658691e+01
   1.0059500e+05   3.4057617e+01
   1.0068600e+05   3.7719727e+01
   1.0083800e+05   3.6804199e+01
   1.0101800e+05   4.3457031e+01
   1.0115700e+05   3.7414551e+01
   1.0131100e+05   3.3447266e+01
   1.0134700e+05   4.3273926e+01
   1.0135900e+05   3.6315918e+01
   1.0161800e+05   3.9367676e+01
   1.0166600e+05   3.5034180e+01
   1.0192600e+05   3.3630371e+01
   1.0197200e+05   3.9001465e+01
   1.0200900e+05   4.0161133e+01
   1.0215600e+05   3.7048340e+01
   1.0233500e+05   3.4973145e+01
   1.0250600e+05   3.3630371e+01
   1.0252600e+05   3.3691406e+01
   1.0280300e+05   3.3691406e+01
   1.0285300e+05   3.9184570e+01
   1.0299700e+05   3.9428711e+01
   1.0304700e+05   3.6071777e+01
   1.0314200e+05   3.3630371e+01
   1.0392300e+05   4.2114258e+01
   1.0399900e+05   3.6071777e+01
   1.0460400e+05   3.4729004e+01
   1.2123100e+05   3.5217285e+01
   1.2896500e+05   3.4667969e+01
   1.2999500e+05   3.3996582e+01
   1.4891200e+05   3.3874512e+01
   1.7376000e+05   3.7780762e+01
   1.7519000e+05   3.3386230e+01
   2.5171300e+05   3.3508301e+01
   2.5211000e+05   3.4118652e+01
   2.5259900e+05   3.3935547e+01
   2.5290600e+05   3.8513184e+01
   2.5302300e+05   4.0283203e+01
   2.5307300e+05   4.9987793e+01
   2.5309200e+05   4.1381836e+01
   2.5316800e+05   3.4545898e+01
   2.5321900e+05   4.2114258e+01
   2.5327200e+05   3.4057617e+01
   2.5333600e+05   3.8208008e+01
   2.5337600e+05   3.5827637e+01
   2.5341900e+05   3.5522461e+01
   2.5349100e+05   3.5278320e+01
   2.5355800e+05   4.0344238e+01
   2.5362300e+05   3.4301758e+01
   2.5369000e+05   3.7231445e+01
   2.5377200e+05   4.5532227e+01
   2.5396600e+05   3.9489746e+01
   2.5404500e+05   3.7536621e+01
   2.5411800e+05   4.0405273e+01
   2.5426100e+05   3.4301758e+01
   2.5450200e+05   3.9367676e+01
   2.5483200e+05   3.3447266e+01
   2.5519000e+05   3.8391113e+01
   2.5549100e+05   3.6560059e+01
   2.5617400e+05   3.6499023e+01
   2.5685000e+05   3.4606934e+01
   3.8677500e+05   3.5461426e+01
   6.0326300e+05   3.3813477e+01
   6.0333200e+05   3.8757324e+01
   6.0341800e+05   3.5583496e+01
   6.0343500e+05   3.4301758e+01
   6.0353400e+05   4.0222168e+01
   6.0357600e+05   3.3447266e+01
   6.0362400e+05   4.0893555e+01
   6.0365600e+05   3.5644531e+01
   6.0368500e+05   6.1889648e+01
   6.0370500e+05   3.5095215e+01
   6.0372900e+05   4.0100098e+01
   6.0376600e+05   5.1147461e+01
   6.0381000e+05   5.2917480e+01
   6.0383600e+05   4.2419434e+01
   6.0385200e+05   3.6193848e+01
   6.0388600e+05   3.4545898e+01
   6.0391500e+05   3.4362793e+01
   6.0394900e+05   4.3762207e+01
   6.0400000e+05   3.8391113e+01
   6.0401400e+05   3.4179688e+01
   6.0405800e+05   3.8696289e+01
   6.0407600e+05   3.8208008e+01
   6.0408800e+05   3.4973145e+01
   6.0411900e+05   3.4790039e+01
   6.0423100e+05   3.5095215e+01
   6.0443000e+05   3.4301758e+01
   6.0466700e+05   3.3386230e+01
   6.0481300e+05   3.5095215e+01
   6.0487900e+05   3.4545898e+01
   6.0516100e+05   3.6071777e+01
   6.0532600e+05   3.4484863e+01
   6.0538400e+05   3.5095215e+01
   6.0555600e+05   3.5339355e+01
   6.0585100e+05   3.6437988e+01
   6.0588000e+05   4.6081543e+01
   6.0617200e+05   4.1870117e+01
   6.0636400e+05   3.5156250e+01
   6.0651400e+05   4.9255371e+01
   6.0692400e+05   3.4790039e+01
   6.0694800e+05   3.5095215e+01
   6.0739500e+05   3.4790039e+01
   6.0742700e+05   3.3630371e+01
   6.1198600e+05   3.4118652e+01
   6.4442700e+05   3.3874512e+01
   6.5388300e+05   3.7048340e+01
   6.6874400e+05   3.4729004e+01
   6.7139700e+05   3.3569336e+01
   1.0200280e+06   3.6010742e+01
   1.0200600e+06   4.8645020e+01
   1.0201690e+06   3.5522461e+01
   1.0203100e+06   6.4819336e+01
   1.0203250e+06   3.3508301e+01
   1.0203610e+06   3.6926270e+01
   1.0204040e+06   3.4667969e+01
   1.0204240e+06   4.4982910e+01
   1.0204430e+06   4.4738770e+01
   1.0204990e+06   4.5410156e+01
   1.0205380e+06   6.5490723e+01
   1.0206030e+06   3.4912109e+01
   1.0206330e+06   3.7475586e+01
   1.0206490e+06   4.5837402e+01
   1.0207020e+06   4.4799805e+01
   1.0207330e+06   4.2419434e+01
   1.0207620e+06   4.0771484e+01
   1.0208320e+06   3.9428711e+01
   1.0208720e+06   3.7841797e+01
   1.0209080e+06   4.5104980e+01
   1.0209580e+06   3.9123535e+01
   1.0211290e+06   3.8208008e+01
   1.0211450e+06   4.4067383e+01
   1.0212100e+06   3.7597656e+01
   1.0213090e+06   3.6804199e+01
   1.0213980e+06   3.7231445e+01
   1.0216720e+06   3.8269043e+01
   1.0217030e+06   4.4982910e+01
   1.0219120e+06   3.8024902e+01
   1.0219410e+06   3.6071777e+01
   1.0220600e+06   3.8085938e+01
   1.0223000e+06   3.9550781e+01
   1.0226900e+06   4.7241211e+01
   1.0227580e+06   3.5156250e+01
   1.0229470e+06   3.5339355e+01
   1.0231650e+06   4.1564941e+01
   1.0233610e+06   3.5278320e+01
   1.0234100e+06   3.5522461e+01
   1.0242280e+06   3.8085938e+01
   1.0242940e+06   3.6987305e+01
   1.0244900e+06   3.4484863e+01
   1.0252270e+06   3.4973145e+01
   1.0442540e+06   3.9123535e+01
   1.0446440e+06   4.7302246e+01
   1.0446560e+06   3.6987305e+01
   1.0447140e+06   3.5095215e+01
   1.0447390e+06   4.0161133e+01
   1.0447780e+06   3.5156250e+01
   1.0448800e+06   5.1879883e+01
   1.0448960e+06   3.8940430e+01
   1.0449130e+06   5.6884766e+01
   1.0449990e+06   4.1442871e+01
   1.0450340e+06   5.0476074e+01
   1.0451110e+06   3.6071777e+01
   1.0451600e+06   3.4667969e+01
   1.0451720e+06   5.6701660e+01
   1.0452190e+06   3.3996582e+01
   1.0452310e+06   4.0466309e+01
   1.0452930e+06   3.7536621e+01
   1.0453250e+06   3.4545898e+01
   1.0453720e+06   3.4545898e+01
   1.0454340e+06   3.3996582e+01
   1.0454840e+06   3.4545898e+01
   1.0455220e+06   4.3090820e+01
   1.0455610e+06   3.8391113e+01
   1.0456240e+06   3.4606934e+01
   1.0456550e+06   4.2358398e+01
   1.0457150e+06   3.3630371e+01
   1.0459920e+06   3.6010742e+01
   1.0460960e+06   3.5949707e+01
   1.0461240e+06   3.8208008e+01
   1.0462200e+06   3.8085938e+01
   1.0462820e+06   4.0649414e+01
   1.0464580e+06   3.9855957e+01
   1.0469140e+06   3.4851074e+01
   1.0469860e+06   3.5583496e+01
   1.0471380e+06   3.5217285e+01
   1.0474170e+06   3.5949707e+01
   1.0475940e+06   3.5156250e+01
   1.0476530e+06   3.4118652e+01
   1.0479620e+06   3.3569336e+01
   1.0489700e+06   3.9001465e+01
   1.0490300e+06   3.5644531e+01
   1.0515380e+06   3.5217285e+01
   1.0526910e+06   3.4729004e+01
   1.0748910e+06   3.4484863e+01
   1.0751000e+06   3.4179688e+01
   1.0752020e+06   3.7719727e+01
   1.0753100e+06   3.7536621e+01
   1.0753320e+06   3.8208008e+01
   1.0754790e+06   4.6325684e+01
   1.0754970e+06   4.0832520e+01
   1.0755310e+06   3.5461426e+01
   1.0756640e+06   3.5522461e+01
   1.0756790e+06   3.5522461e+01
   1.0758080e+06   4.2541504e+01
   1.0758960e+06   4.3395996e+01
   1.0759070e+06   3.6560059e+01
   1.0759300e+06   4.2114258e+01
   1.0760310e+06   3.5217285e+01
   1.0761740e+06   3.4545898e+01
   1.0762030e+06   3.6926270e+01
   1.0763120e+06   3.4484863e+01
   1.0763430e+06   3.3447266e+01
   1.0763840e+06   3.5034180e+01
   1.0764010e+06   3.5766602e+01
   1.0764710e+06   3.7475586e+01
   1.0766010e+06   3.8269043e+01
   1.0766410e+06   3.4423828e+01
   1.0766620e+06   3.7048340e+01
   1.0767030e+06   3.4606934e+01
   1.0767930e+06   4.3945312e+01
   1.0769000e+06   3.4423828e+01
   1.0769970e+06   3.3813477e+01
   1.0771220e+06   3.3447266e+01
   1.0771530e+06   3.4851074e+01
   1.0772200e+06   3.3691406e+01
   1.0772440e+06   3.6682129e+01
   1.0772860e+06   3.7353516e+01
   1.0773640e+06   3.5766602e+01
   1.0775040e+06   3.9672852e+01
   1.0775690e+06   4.1076660e+01
   1.0776260e+06   3.4851074e+01
   1.0777300e+06   3.8330078e+01
   1.0777600e+06   3.6499023e+01
   1.0778870e+06   3.3508301e+01
   1.0780430e+06   3.3447266e+01
   1.0780840e+06   3.4423828e+01
   1.0782320e+06   3.8208008e+01
   1.0789580e+06   3.4362793e+01
   1.0791640e+06   3.4362793e+01
   1.0815460e+06   3.7170410e+01
   1.0934400e+06   3.3569336e+01
   1.0950730e+06   3.6865234e+01
   1.0981240e+06   3.3996582e+01
   1.1140030e+06   3.3386230e+01
   1.1270870e+06   3.3447266e+01
   1.1390680e+06   3.4179688e+01
   1.2598010e+06   3.5583496e+01
   1.2814340e+06   3.8269043e+01
   1.2820080e+06   4.5776367e+01
   1.2821040e+06   3.5095215e+01
   1.2821220e+06   3.4973145e+01
   1.2822030e+06   4.3579102e+01
   1.2822520e+06   3.9794922e+01
   1.2822790e+06   3.7048340e+01
   1.2823070e+06   5.3100586e+01
   1.2823220e+06   5.3405762e+01
   1.2823440e+06   3.5400391e+01
   1.2823830e+06   3.5888672e+01
   1.2824190e+06   3.4118652e+01
   1.2825110e+06   4.4616699e+01
   1.2825320e+06   3.6193848e+01
   1.2825830e+06   3.6010742e+01
   1.2825940e+06   4.4494629e+01
   1.2826190e+06   4.0161133e+01
   1.2826410e+06   3.9367676e+01
   1.2826940e+06   5.5175781e+01
   1.2827190e+06   3.4851074e+01
   1.2827770e+06   3.4179688e+01
   1.2827960e+06   3.8391113e+01
   1.2828120e+06   4.4860840e+01
   1.2828960e+06   3.3935547e+01
   1.2829620e+06   3.4790039e+01
   1.2829800e+06   3.6621094e+01
   1.2830070e+06   3.8391113e+01
   1.2831850e+06   4.5410156e+01
   1.2832270e+06   3.4973145e+01
   1.2834200e+06   3.9611816e+01
   1.2834680e+06   4.2053223e+01
   1.2835480e+06   3.3630371e+01
   1.2837490e+06   3.9733887e+01
   1.2843150e+06   3.9245605e+01
   1.2843250e+06   3.3386230e+01
   1.2849440e+06   3.4606934e+01
   1.2857460e+06   3.4057617e+01
   1.2867940e+06   3.4057617e+01
   1.5807940e+06   3.3935547e+01
   1.5808380e+06   3.3386230e+01
   1.5809900e+06   4.0771484e+01
   1.5810110e+06   3.6437988e+01
   1.5810750e+06   3.3691406e+01
   1.5811660e+06   4.3334961e+01
   1.5811920e+06   5.6335449e+01
   1.5812240e+06   4.0527344e+01
   1.5812560e+06   3.9306641e+01
   1.5812860e+06   4.6508789e+01
   1.5813010e+06   5.5236816e+01
   1.5813890e+06   3.8146973e+01
   1.5814140e+06   6.5063477e+01
   1.5814240e+06   4.4433594e+01
   1.5814920e+06   4.5593262e+01
   1.5815170e+06   4.5654297e+01
   1.5815530e+06   3.9123535e+01
   1.5816160e+06   3.7719727e+01
   1.5816890e+06   3.9855957e+01
   1.5817000e+06   4.1442871e+01
   1.5817720e+06   3.8818359e+01
   1.5818820e+06   3.7475586e+01
   1.5818940e+06   4.3762207e+01
   1.5819560e+06   3.3813477e+01
   1.5822020e+06   3.5583496e+01
   1.5822980e+06   3.9123535e+01
   1.5823210e+06   3.4851074e+01
   1.5824170e+06   3.8757324e+01
   1.5825710e+06   3.9733887e+01
   1.5826280e+06   3.9550781e+01
   1.5826840e+06   4.0283203e+01
   1.5827530e+06   3.7048340e+01
   1.5827870e+06   3.7780762e+01
   1.5831070e+06   3.7475586e+01
   1.5831340e+06   4.0283203e+01
   1.5832630e+06   3.3508301e+01
   1.5832870e+06   3.9184570e+01
   1.5833550e+06   3.4484863e+01
   1.5836470e+06   4.3945312e+01
   1.5837260e+06   3.4362793e+01
   1.5839330e+06   4.5776367e+01
   1.5840070e+06   3.9184570e+01
   1.5845740e+06   3.4362793e+01
   1.6021130e+06   3.5522461e+01
   1.6043000e+06   3.4912109e+01
   1.6045590e+06   3.4179688e+01
   1.6047280e+06   3.3691406e+01
   1.6048680e+06   5.8532715e+01
   1.6050390e+06   4.2663574e+01
   1.6051060e+06   3.7109375e+01
   1.6051530e+06   3.4912109e+01
   1.6051660e+06   3.6376953e+01
   1.6051870e+06   4.2602539e+01
   1.6052170e+06   3.5888672e+01
   1.6052720e+06   3.4851074e+01
   1.6052890e+06   4.0466309e+01
   1.6053470e+06   3.6621094e+01
   1.6054560e+06   4.0527344e+01
   1.6054900e+06   4.7424316e+01
   1.6055800e+06   3.3508301e+01
   1.6057210e+06   3.4057617e+01
   1.6057920e+06   3.6071777e+01
   1.6058060e+06   3.4912109e+01
   1.6062390e+06   3.5949707e+01
   1.6063100e+06   3.4057617e+01
   1.6063630e+06   3.5766602e+01
   1.6064300e+06   3.4240723e+01
   1.6064750e+06   3.8208008e+01
   1.6066150e+06   3.8635254e+01
   1.6067850e+06   3.7292480e+01
   1.6068260e+06   3.4912109e+01
   1.6071320e+06   3.5705566e+01
   1.6071980e+06   3.4973145e+01
   1.6076660e+06   4.0954590e+01
   1.6081900e+06   3.6987305e+01
   1.6083650e+06   3.4301758e+01
   1.6085980e+06   4.0100098e+01
   1.6528740e+06   3.3996582e+01
   1.6710840e+06   3.4973145e+01
   1.6731900e+06   3.7597656e+01
   1.6746470e+06   3.6743164e+01
   1.6987630e+06   3.3508301e+01
   1.7175130e+06   3.6560059e+01
   1.7176590e+06   3.6254883e+01
   1.7180250e+06   3.4179688e+01
   1.7191090e+06   3.3996582e+01
   1.7429050e+06   3.4912109e+01
   1.8277190e+06   3.5766602e+01
   1.8279890e+06   3.9916992e+01
   1.8280160e+06   3.3996582e+01
   1.8280630e+06   4.3029785e+01
   1.8281020e+06   3.7719727e+01
   1.8281850e+06   3.7841797e+01
   1.8282360e+06   3.7292480e+01
   1.8282870e+06   3.6254883e+01
   1.8283040e+06   3.5339355e+01
   1.8283380e+06   4.2419434e+01
   1.8283700e+06   3.4362793e+01
   1.8283910e+06   3.3813477e+01
   1.8284070e+06   3.3813477e+01
   1.8284260e+06   3.4484863e+01
   1.8284610e+06   4.2480469e+01
   1.8284710e+06   3.7109375e+01
   1.8284910e+06   4.1198730e+01
   1.8285320e+06   3.7902832e+01
   1.8285810e+06   3.8391113e+01
   1.8286150e+06   4.4372559e+01
   1.8286390e+06   4.7485352e+01
   1.8286970e+06   3.7353516e+01
   1.8287360e+06   4.0954590e+01
   1.8287590e+06   4.3457031e+01
   1.8287910e+06   3.6132812e+01
   1.8288760e+06   4.3151855e+01
   1.8288920e+06   4.0466309e+01
   1.8289230e+06   3.6254883e+01
   1.8289530e+06   3.9550781e+01
   1.8290320e+06   3.5461426e+01
   1.8290940e+06   3.9794922e+01
   1.8292950e+06   3.9001465e+01
   1.8293120e+06   4.0039062e+01
   1.8293860e+06   3.4179688e+01
   1.8295010e+06   3.5095215e+01
   1.8295190e+06   3.3447266e+01
   1.8295680e+06   3.3508301e+01
   1.8296920e+06   3.6987305e+01
   1.8297850e+06   4.0527344e+01
   1.8298440e+06   3.5034180e+01
   1.8299400e+06   4.3579102e+01
   1.8300880e+06   3.4973145e+01
   1.8301160e+06   3.6804199e+01
   1.8305160e+06   3.7109375e+01
   1.8308020e+06   4.1320801e+01
   1.8310640e+06   3.7170410e+01
   1.8316910e+06   3.3386230e+01
   1.8514930e+06   3.3935547e+01
   2.0003980e+06   3.5400391e+01
   2.0821730e+06   3.3935547e+01
   2.0822850e+06   3.5339355e+01
   2.0823760e+06   3.4118652e+01
   2.0824020e+06   3.9123535e+01
   2.0826540e+06   3.4790039e+01
   2.0826640e+06   3.7902832e+01
   2.0827310e+06   3.3813477e+01
   2.0827740e+06   5.1086426e+01
   2.0827930e+06   4.2419434e+01
   2.0828270e+06   4.2236328e+01
   2.0829460e+06   3.7048340e+01
   2.0829720e+06   3.4851074e+01
   2.0829940e+06   3.9428711e+01
   2.0830450e+06   3.5583496e+01
   2.0831240e+06   3.7963867e+01
   2.0832130e+06   4.2419434e+01
   2.0833700e+06   4.0405273e+01
   2.0833890e+06   3.4545898e+01
   2.0834310e+06   3.9001465e+01
   2.0835190e+06   4.3457031e+01
   2.0836450e+06   3.9489746e+01
   2.0837070e+06   3.3630371e+01
   2.0838610e+06   4.5288086e+01
   2.0839360e+06   3.4729004e+01
   2.0841240e+06   3.4790039e+01
   2.0845580e+06   3.5278320e+01
   2.0847010e+06   3.6926270e+01
   2.0849390e+06   3.8574219e+01
   2.0851040e+06   3.5278320e+01
   2.0855140e+06   3.4973145e+01
   2.0856320e+06   3.4118652e+01
   2.1066710e+06   3.3630371e+01
   2.1069220e+06   3.5766602e+01
   2.1069820e+06   3.4545898e+01
   2.1071240e+06   3.7414551e+01
   2.1071520e+06   4.4677734e+01
   2.1072000e+06   4.7119141e+01
   2.1073060e+06   3.8757324e+01
   2.1073400e+06   3.4545898e+01
   2.1073720e+06   4.7119141e+01
   2.1074530e+06   3.7475586e+01
   2.1075400e+06   3.3569336e+01
   2.1075620e+06   4.0527344e+01
   2.1075740e+06   3.4790039e+01
   2.1076170e+06   4.9194336e+01
   2.1076680e+06   3.4240723e+01
   2.1077240e+06   4.0893555e+01
   2.1077420e+06   3.5705566e+01
   2.1077770e+06   3.4790039e+01
   2.1078390e+06   4.0161133e+01
   2.1078870e+06   4.5532227e+01
   2.1079320e+06   3.7841797e+01
   2.1080390e+06   3.9062500e+01
   2.1081520e+06   3.4057617e+01
   2.1081780e+06   3.5888672e+01
   2.1083200e+06   3.4057617e+01
   2.1083410e+06   3.7902832e+01
   2.1085180e+06   3.4301758e+01
   2.1086700e+06   3.6865234e+01
   2.1087760e+06   3.6376953e+01
   2.1088670e+06   3.4545898e+01
   2.1089540e+06   3.6804199e+01
   2.1091290e+06   3.8574219e+01
   2.1091540e+06   4.6508789e+01
   2.1093310e+06   3.5278320e+01
   2.1093730e+06   5.1269531e+01
   2.1094120e+06   3.8574219e+01
   2.1095090e+06   3.8696289e+01
   2.1098310e+06   4.0283203e+01
   2.1101100e+06   3.3691406e+01
   2.1101560e+06   4.1625977e+01
   2.1107710e+06   3.5461426e+01
   2.1337200e+06   3.4423828e+01
   2.4372810e+06   3.6804199e+01
   2.4373260e+06   4.3518066e+01
   2.4373520e+06   3.6010742e+01
   2.4374490e+06   3.8024902e+01
   2.4374590e+06   5.1879883e+01
   2.4374860e+06   6.1523438e+01
   2.4375200e+06   4.3640137e+01
   2.4375400e+06   3.7597656e+01
   2.4375670e+06   3.9184570e+01
   2.4376060e+06   3.6193848e+01
   2.4376320e+06   4.1809082e+01
   2.4376670e+06   4.8034668e+01
   2.4376900e+06   4.2419434e+01
   2.4377190e+06   3.5583496e+01
   2.4377590e+06   3.4301758e+01
   2.4377840e+06   4.9255371e+01
   2.4378050e+06   3.3935547e+01
   2.4378310e+06   4.7241211e+01
   2.4378490e+06   3.8024902e+01
   2.4378920e+06   3.3691406e+01
   2.4379020e+06   6.5002441e+01
   2.4379470e+06   3.4790039e+01
   2.4380350e+06   4.6691895e+01
   2.4380900e+06   3.4484863e+01
   2.4381380e+06   3.4484863e+01
   2.4382120e+06   4.5593262e+01
   2.4382620e+06   4.2907715e+01
   2.4383220e+06   3.9550781e+01
   2.4383750e+06   3.3996582e+01
   2.4386090e+06   3.5461426e+01
   2.4387800e+06   3.8574219e+01
   2.4389240e+06   3.3874512e+01
   2.4390410e+06   3.9001465e+01
   2.4390760e+06   3.5156250e+01
   2.4392130e+06   3.8757324e+01
   2.4394880e+06   3.3813477e+01
   2.4395760e+06   3.7414551e+01
   2.4399510e+06   3.4423828e+01
   2.4400880e+06   3.8330078e+01
   2.4402170e+06   3.6499023e+01
   2.4403860e+06   3.4851074e+01
   2.4408340e+06   4.0283203e+01
   2.4408870e+06   3.8513184e+01
   2.4605370e+06   3.5827637e+01
   2.4610020e+06   3.4484863e+01
   2.4610670e+06   3.6682129e+01
   2.4612840e+06   3.3386230e+01
   2.4613670e+06   3.7536621e+01
   2.4614500e+06   4.0161133e+01
   2.4614600e+06   3.4118652e+01
   2.4616630e+06   3.9062500e+01
   2.4617170e+06   5.6213379e+01
   2.4617980e+06   3.9306641e+01
   2.4618760e+06   4.0832520e+01
   2.4618870e+06   4.5654297e+01
   2.4619330e+06   3.3752441e+01
   2.4619580e+06   3.6071777e+01
   2.4619940e+06   3.6254883e+01
   2.4620340e+06   4.3395996e+01
   2.4621030e+06   4.2968750e+01
   2.4621160e+06   4.6447754e+01
   2.4621750e+06   3.3813477e+01
   2.4622070e+06   3.6132812e+01
   2.4622820e+06   3.4667969e+01
   2.4623440e+06   3.7536621e+01
   2.4624170e+06   3.5949707e+01
   2.4624510e+06   3.4240723e+01
   2.4625540e+06   3.4729004e+01
   2.4626920e+06   4.3090820e+01
   2.4627410e+06   3.4179688e+01
   2.4628150e+06   3.7292480e+01
   2.4628570e+06   3.3935547e+01
   2.4629000e+06   3.7719727e+01
   2.4629760e+06   3.3691406e+01
   2.4630320e+06   3.4912109e+01
   2.4631810e+06   3.4973145e+01
   2.4632670e+06   4.2419434e+01
   2.4633460e+06   3.6621094e+01
   2.4635400e+06   3.4423828e+01
   2.4636370e+06   3.6376953e+01
   2.4637880e+06   3.5217285e+01
   2.4641100e+06   3.6926270e+01
   2.4641820e+06   3.7414551e+01
   2.4642030e+06   3.4790039e+01
   2.4642940e+06   3.5095215e+01
   2.4643630e+06   3.6987305e+01
   2.4645820e+06   3.7353516e+01
   2.4646990e+06   3.3752441e+01
   2.4991130e+06   3.6865234e+01
   2.5669390e+06   3.6376953e+01
   2.7391070e+06   3.3874512e+01
   2.7392280e+06   3.4423828e+01
   2.7393200e+06   3.4240723e+01
   2.7393560e+06   3.6987305e+01
   2.7394550e+06   3.6682129e+01
   2.7395430e+06   4.5227051e+01
   2.7395600e+06   3.6437988e+01
   2.7395880e+06   3.4057617e+01
   2.7396620e+06   3.4179688e+01
   2.7396870e+06   3.9062500e+01
   2.7397040e+06   3.6743164e+01
   2.7397320e+06   3.4606934e+01
   2.7397620e+06   3.7841797e+01
   2.7397950e+06   3.5583496e+01
   2.7398520e+06   3.5705566e+01
   2.7399270e+06   3.6804199e+01
   2.7399370e+06   3.4118652e+01
   2.7399660e+06   3.9489746e+01
   2.7399770e+06   3.8085938e+01
   2.7400170e+06   3.4545898e+01
   2.7400350e+06   3.6132812e+01
   2.7400700e+06   3.4667969e+01
   2.7402860e+06   3.3935547e+01
   2.7403250e+06   3.8208008e+01
   2.7403570e+06   4.4616699e+01
   2.7403820e+06   3.3569336e+01
   2.7404370e+06   4.0405273e+01
   2.7405550e+06   3.7048340e+01
   2.7406270e+06   3.4362793e+01
   2.7407790e+06   3.6743164e+01
   2.7409590e+06   4.2541504e+01
   2.7409860e+06   3.8574219e+01
   2.7411550e+06   3.3569336e+01
   2.7411950e+06   3.4362793e+01
   2.7412420e+06   4.2114258e+01
   2.7412930e+06   3.9306641e+01
   2.7417010e+06   3.3569336e+01
   2.7418450e+06   4.0344238e+01
   2.7419840e+06   3.5278320e+01
   2.7420820e+06   3.5461426e+01
   2.7421220e+06   3.9184570e+01
   2.7421370e+06   4.1564941e+01
   2.7427290e+06   3.5766602e+01
   2.7429310e+06   4.4372559e+01
   2.8006470e+06   3.5827637e+01
   2.9753430e+06   3.9062500e+01
   2.9755190e+06   3.5461426e+01
   2.9755430e+06   3.6865234e+01
   2.9756110e+06   3.4851074e+01
   2.9756350e+06   3.3813477e+01
   2.9757340e+06   4.2724609e+01
   2.9757440e+06   3.6437988e+01
   2.9757990e+06   3.4545898e+01
   2.9758740e+06   5.1513672e+01
   2.9758990e+06   4.0222168e+01
   2.9759090e+06   3.6499023e+01
   2.9759430e+06   4.0710449e+01
   2.9760160e+06   3.6132812e+01
   2.9760750e+06   4.3273926e+01
   2.9761280e+06   3.6865234e+01
   2.9761700e+06   3.4362793e+01
   2.9761910e+06   3.9978027e+01
   2.9762240e+06   3.4912109e+01
   2.9762590e+06   5.2917480e+01
   2.9763120e+06   4.1442871e+01
   2.9763470e+06   5.0170898e+01
   2.9763580e+06   3.3508301e+01
   2.9763850e+06   3.6254883e+01
   2.9764490e+06   3.9428711e+01
   2.9765340e+06   3.5339355e+01
   2.9765590e+06   4.5043945e+01
   2.9766440e+06   3.3874512e+01
   2.9767760e+06   3.5461426e+01
   2.9769880e+06   3.7780762e+01
   2.9770720e+06   3.8024902e+01
   2.9771200e+06   3.5217285e+01
   2.9772380e+06   3.9184570e+01
   2.9773390e+06   3.3630371e+01
   2.9773740e+06   4.6813965e+01
   2.9774280e+06   3.9062500e+01
   2.9775000e+06   3.5278320e+01
   2.9778370e+06   4.1870117e+01
   2.9781990e+06   3.8146973e+01
   2.9782190e+06   3.3630371e+01
   2.9782490e+06   4.0222168e+01
   2.9784940e+06   3.6560059e+01
   2.9789800e+06   4.1320801e+01
   2.9999420e+06   4.0466309e+01
   3.0000870e+06   3.6071777e+01
   3.0001240e+06   5.7250977e+01
   3.0001490e+06   3.4240723e+01
   3.0001710e+06   3.6865234e+01
   3.0002060e+06   3.8452148e+01
   3.0002540e+06   3.7719727e+01
   3.0003150e+06   3.4179688e+01
   3.0003470e+06   4.5166016e+01
   3.0003730e+06   4.2053223e+01
   3.0003930e+06   3.5278320e+01
   3.0004830e+06   3.6560059e+01
   3.0005260e+06   4.2541504e+01
   3.0005560e+06   4.9560547e+01
   3.0005840e+06   3.8818359e+01
   3.0007300e+06   3.3874512e+01
   3.0010210e+06   4.0954590e+01
   3.0011690e+06   3.4057617e+01
   3.0013620e+06   3.7536621e+01
   3.0016600e+06   3.6254883e+01
   3.0018060e+06   3.3691406e+01
   3.0021700e+06   3.3447266e+01
   3.0023220e+06   3.3630371e+01
   3.0024430e+06   3.3630371e+01
   3.0025580e+06   3.8330078e+01
   3.0029180e+06   3.9489746e+01
   3.0037980e+06   3.3874512e+01
   3.0577770e+06   3.7109375e+01
   3.0721320e+06   3.6132812e+01
   3.0727760e+06   4.6020508e+01
   3.0729360e+06   3.3752441e+01
   3.0732470e+06   3.4545898e+01
   3.0733080e+06   3.4790039e+01
   3.0734040e+06   3.6254883e+01
   3.0734310e+06   5.6213379e+01
   3.0734410e+06   4.5654297e+01
   3.0734720e+06   3.3813477e+01
   3.0734920e+06   5.0476074e+01
   3.0735130e+06   4.6203613e+01
   3.0735250e+06   3.3630371e+01
   3.0735770e+06   3.4118652e+01
   3.0736260e+06   4.7241211e+01
   3.0737200e+06   3.4606934e+01
   3.0737510e+06   3.8391113e+01
   3.0738250e+06   3.5644531e+01
   3.0738540e+06   3.5827637e+01
   3.0738860e+06   3.9489746e+01
   3.0739010e+06   6.3171387e+01
   3.0739820e+06   3.8208008e+01
   3.0740070e+06   3.3569336e+01
   3.0741930e+06   3.7719727e+01
   3.0742410e+06   4.9560547e+01
   3.0742530e+06   4.5959473e+01
   3.0745560e+06   3.9916992e+01
   3.0745710e+06   4.0771484e+01
   3.0746050e+06   3.7658691e+01
   3.0746990e+06   4.2358398e+01
   3.0748160e+06   4.4250488e+01
   3.0749460e+06   4.2114258e+01
   3.0749700e+06   3.3996582e+01
   3.0751140e+06   4.1320801e+01
   3.0751850e+06   3.6987305e+01
   3.0753340e+06   3.7780762e+01
   3.0754380e+06   3.8635254e+01
   3.0754870e+06   3.3386230e+01
   3.0757510e+06   3.7231445e+01
   3.0758360e+06   3.3874512e+01
   3.0759080e+06   3.5278320e+01
   3.0762000e+06   3.4545898e+01
   3.0765880e+06   3.5339355e+01
   3.0766330e+06   3.3935547e+01
   3.1828890e+06   3.5400391e+01
   3.1831450e+06   3.4973145e+01
   3.1832310e+06   3.8208008e+01
   3.1833030e+06   3.4423828e+01
   3.1833220e+06   3.9733887e+01
   3.1833560e+06   3.9794922e+01
   3.1833780e+06   3.5522461e+01
   3.1833910e+06   4.6386719e+01
   3.1834170e+06   3.7536621e+01
   3.1834350e+06   4.1809082e+01
   3.1834850e+06   3.9245605e+01
   3.1836280e+06   3.6682129e+01
   3.1836680e+06   3.3752441e+01
   3.1836970e+06   3.7475586e+01
   3.1838260e+06   3.9062500e+01
   3.1838640e+06   4.9011230e+01
   3.1839540e+06   3.4118652e+01
   3.1840780e+06   3.7414551e+01
   3.1841130e+06   3.6865234e+01
   3.1842060e+06   3.6987305e+01
   3.1843240e+06   3.5156250e+01
   3.1843400e+06   3.8696289e+01
   3.1843770e+06   3.4729004e+01
   3.1843980e+06   3.6926270e+01
   3.1844380e+06   3.3935547e+01
   3.1844870e+06   4.4433594e+01
   3.1846510e+06   4.1198730e+01
   3.1848000e+06   4.3334961e+01
   3.1848560e+06   4.0344238e+01
   3.1848960e+06   3.3508301e+01
   3.1852940e+06   3.6437988e+01
   3.1853170e+06   3.8024902e+01
   3.1863030e+06   3.3386230e+01
   3.5171520e+06   3.3386230e+01
   3.5176140e+06   3.3447266e+01
   3.5177810e+06   3.7170410e+01
   3.5178360e+06   3.4240723e+01
   3.5178700e+06   3.6193848e+01
   3.5178900e+06   4.1564941e+01
   3.5179170e+06   3.3508301e+01
   3.5179480e+06   3.9672852e+01
   3.5180250e+06   4.4189453e+01
   3.5181130e+06   3.7475586e+01
   3.5181260e+06   5.1330566e+01
   3.5181660e+06   3.8574219e+01
   3.5181930e+06   4.2297363e+01
   3.5182150e+06   3.6010742e+01
   3.5182940e+06   3.9978027e+01
   3.5183060e+06   4.1748047e+01
   3.5183570e+06   3.8085938e+01
   3.5183910e+06   3.8452148e+01
   3.5184020e+06   3.6010742e+01
   3.5185140e+06   3.3569336e+01
   3.5185610e+06   4.3884277e+01
   3.5187940e+06   3.9245605e+01
   3.5190290e+06   3.5644531e+01
   3.5193450e+06   4.1076660e+01
   3.5195520e+06   3.6071777e+01
   3.5195730e+06   3.8940430e+01
   3.5198780e+06   4.1564941e+01
   3.5201020e+06   3.4729004e+01
   3.5201910e+06   4.4250488e+01
   3.5202120e+06   3.9001465e+01
   3.5202390e+06   3.6071777e+01
   3.5204370e+06   3.6560059e+01
   3.5205930e+06   4.2419434e+01
   3.5207380e+06   3.6254883e+01
   3.5210780e+06   3.6437988e+01
   3.5453420e+06   3.3569336e+01
   3.5455080e+06   3.7292480e+01
   3.5456210e+06   4.0527344e+01
   3.5456480e+06   3.8513184e+01
   3.5457360e+06   3.9428711e+01
   3.5458500e+06   3.7597656e+01
   3.5458670e+06   3.7414551e+01
   3.5459030e+06   3.5949707e+01
   3.5459440e+06   4.6875000e+01
   3.5459900e+06   3.5705566e+01
   3.5461010e+06   3.9184570e+01
   3.5461620e+06   3.8269043e+01
   3.5462110e+06   3.6865234e+01
   3.5462740e+06   3.4973145e+01
   3.5462870e+06   4.1320801e+01
   3.5463430e+06   3.9794922e+01
   3.5464130e+06   3.6682129e+01
   3.5464470e+06   3.8208008e+01
   3.5464990e+06   4.2297363e+01
   3.5465270e+06   4.1992188e+01
   3.5467160e+06   3.6743164e+01
   3.5467970e+06   3.4362793e+01
   3.5468230e+06   3.7231445e+01
   3.5469730e+06   3.4057617e+01
   3.5470470e+06   3.7841797e+01
   3.5471580e+06   3.4179688e+01
   3.5472700e+06   3.4667969e+01
   3.5473160e+06   3.4729004e+01
   3.5473630e+06   3.3752441e+01
   3.5473840e+06   4.1748047e+01
   3.5476670e+06   3.5034180e+01
   3.5480090e+06   3.4973145e+01
   3.5485110e+06   3.4545898e+01
   3.5487400e+06   3.3996582e+01
   3.5489510e+06   3.4118652e+01
   3.5493620e+06   3.7475586e+01
   3.5494770e+06   3.3569336e+01
   3.5497570e+06   3.4301758e+01
   3.5887760e+06   3.4912109e+01
   3.5903730e+06   3.5400391e+01
   3.5909450e+06   4.3640137e+01
   3.5911940e+06   4.4677734e+01
   3.5912330e+06   4.3090820e+01
   3.5913090e+06   4.4250488e+01
   3.5913480e+06   3.8146973e+01
   3.5914160e+06   3.4301758e+01
   3.5914540e+06   4.0222168e+01
   3.5914790e+06   3.4240723e+01
   3.5915240e+06   4.2907715e+01
   3.5915810e+06   4.1381836e+01
   3.5916450e+06   3.9001465e+01
   3.5916820e+06   3.4179688e+01
   3.5917160e+06   3.5888672e+01
   3.5918740e+06   3.8940430e+01
   3.5918850e+06   4.3945312e+01
   3.5920060e+06   3.5278320e+01
   3.5920680e+06   3.3447266e+01
   3.5922180e+06   3.4667969e+01
   3.5922440e+06   3.4667969e+01
   3.5922800e+06   3.7353516e+01
   3.5924610e+06   3.9062500e+01
   3.5928400e+06   4.1381836e+01
   3.5932010e+06   4.0161133e+01
   3.5935100e+06   4.1320801e+01
   3.5935900e+06   3.4179688e+01
   3.5938780e+06   3.9001465e+01
   3.5940020e+06   3.3996582e+01
   3.5942820e+06   3.5095215e+01
   3.5945320e+06   3.4240723e+01
   3.6168910e+06   3.5156250e+01
   3.6175990e+06   3.3447266e+01
   3.6398630e+06   3.6682129e+01
   3.6404410e+06   3.6682129e+01
   3.6405260e+06   3.5461426e+01
   3.6405860e+06   3.6376953e+01
   3.6406570e+06   3.6254883e+01
   3.6406980e+06   3.5034180e+01
   3.6407390e+06   3.3386230e+01
   3.6407840e+06   4.0466309e+01
   3.6408310e+06   3.6315918e+01
   3.6408910e+06   3.9672852e+01
   3.6409140e+06   3.6560059e+01
   3.6409420e+06   4.5227051e+01
   3.6409930e+06   4.4799805e+01
   3.6411170e+06   5.2490234e+01
   3.6411510e+06   3.6376953e+01
   3.6413410e+06   4.3457031e+01
   3.6413670e+06   3.3752441e+01
   3.6414980e+06   4.1564941e+01
   3.6415260e+06   3.5461426e+01
   3.6416300e+06   3.4973145e+01
   3.6417150e+06   3.8085938e+01
   3.6417600e+06   3.5461426e+01
   3.6418290e+06   4.0466309e+01
   3.6419050e+06   3.5034180e+01
   3.6421710e+06   3.7292480e+01
   3.6422870e+06   3.5156250e+01
   3.6425900e+06   3.4179688e+01
   3.6426860e+06   3.5522461e+01
   3.6434450e+06   3.4606934e+01
   3.6437340e+06   3.4973145e+01
   3.7490220e+06   3.3447266e+01
   3.7492370e+06   4.3457031e+01
   3.7492650e+06   4.1564941e+01
   3.7493190e+06   3.3874512e+01
   3.7493530e+06   3.8330078e+01
   3.7493880e+06   6.4575195e+01
   3.7494050e+06   3.6926270e+01
   3.7495170e+06   3.5156250e+01
   3.7495460e+06   4.0710449e+01
   3.7495760e+06   3.9855957e+01
   3.7496170e+06   3.4484863e+01
   3.7496510e+06   3.4912109e+01
   3.7496790e+06   3.3813477e+01
   3.7497840e+06   4.5654297e+01
   3.7497940e+06   4.1198730e+01
   3.7498660e+06   3.8940430e+01
   3.7498850e+06   3.6193848e+01
   3.7500040e+06   5.0048828e+01
   3.7500400e+06   3.5034180e+01
   3.7502310e+06   3.9245605e+01
   3.7502480e+06   3.6376953e+01
   3.7502680e+06   3.4545898e+01
   3.7503070e+06   4.7973633e+01
   3.7503760e+06   3.3569336e+01
   3.7505100e+06   3.4667969e+01
   3.7505930e+06   3.7109375e+01
   3.7508560e+06   3.5095215e+01
   3.7511000e+06   3.7963867e+01
   3.7521020e+06   3.8085938e+01
   4.0834010e+06   3.6865234e+01
   4.0834390e+06   3.4362793e+01
   4.0834830e+06   3.8085938e+01
   4.0835490e+06   3.4667969e+01
   4.0835660e+06   3.4667969e+01
   4.0836290e+06   3.8024902e+01
   4.0836730e+06   3.8757324e+01
   4.0837010e+06   3.8085938e+01
   4.0837360e+06   5.1269531e+01
   4.0837560e+06   5.6213379e+01
   4.0838000e+06   3.9550781e+01
   4.0838120e+06   4.1931152e+01
   4.0838480e+06   3.5949707e+01
   4.0838620e+06   3.5156250e+01
   4.0838790e+06   3.4667969e+01
   4.0839030e+06   3.4667969e+01
   4.0839220e+06   4.3823242e+01
   4.0840020e+06   4.1687012e+01
   4.0840220e+06   4.3151855e+01
   4.0840380e+06   3.4790039e+01
   4.0840760e+06   3.7902832e+01
   4.0841290e+06   3.5034180e+01
   4.0842150e+06   3.3813477e+01
   4.0843450e+06   3.5583496e+01
   4.0846470e+06   3.5949707e+01
   4.0847110e+06   3.6987305e+01
   4.0847600e+06   3.4790039e+01
   4.0848530e+06   3.8391113e+01
   4.0851130e+06   3.3630371e+01
   4.0851440e+06   3.6499023e+01
   4.0851690e+06   3.3630371e+01
   4.0852490e+06   3.7414551e+01
   4.0853150e+06   3.5644531e+01
   4.0855370e+06   3.8146973e+01
   4.0856130e+06   3.7292480e+01
   4.0857140e+06   3.7719727e+01
   4.0859410e+06   3.6254883e+01
   4.0861590e+06   4.0405273e+01
   4.0862370e+06   3.6254883e+01
   4.0863020e+06   3.4851074e+01
   4.0863350e+06   3.4240723e+01
   4.0864310e+06   3.4240723e+01
   4.0864470e+06   3.4362793e+01
   4.0865550e+06   3.3874512e+01
   4.0866940e+06   3.3813477e+01
   4.0872410e+06   4.6203613e+01
   4.0875910e+06   3.3935547e+01
   4.1058260e+06   3.3508301e+01
   4.1213960e+06   3.3935547e+01
   4.1315090e+06   3.9306641e+01
   4.1332490e+06   4.2175293e+01
   4.1338060e+06   4.0466309e+01
   4.1340380e+06   5.0231934e+01
   4.1340480e+06   3.5766602e+01
   4.1341450e+06   3.7902832e+01
   4.1341800e+06   3.4301758e+01
   4.1342590e+06   3.6254883e+01
   4.1343010e+06   4.0588379e+01
   4.1343260e+06   4.1931152e+01
   4.1344130e+06   3.4118652e+01
   4.1344430e+06   3.8757324e+01
   4.1344690e+06   3.3813477e+01
   4.1345570e+06   4.2785645e+01
   4.1345840e+06   3.4973145e+01
   4.1346060e+06   6.2194824e+01
   4.1346620e+06   3.6437988e+01
   4.1347250e+06   3.9489746e+01
   4.1347790e+06   3.5522461e+01
   4.1347930e+06   4.0954590e+01
   4.1349650e+06   4.0466309e+01
   4.1350380e+06   3.9855957e+01
   4.1350860e+06   3.7536621e+01
   4.1352750e+06   4.0588379e+01
   4.1353080e+06   3.9794922e+01
   4.1354090e+06   3.3813477e+01
   4.1355040e+06   5.2307129e+01
   4.1356120e+06   3.6193848e+01
   4.1357190e+06   3.3508301e+01
   4.1359080e+06   3.4973145e+01
   4.1359970e+06   3.5583496e+01
   4.1360220e+06   3.4301758e+01
   4.1364840e+06   3.3508301e+01
   4.1365470e+06   3.7109375e+01
   4.1365950e+06   3.5156250e+01
   4.1366260e+06   3.8330078e+01
   4.1367180e+06   3.5583496e+01
   4.1367610e+06   3.6743164e+01
   4.1370510e+06   4.5043945e+01
   4.1370820e+06   3.3691406e+01
   4.1371850e+06   3.7536621e+01
   4.1373250e+06   3.5095215e+01
   4.1374920e+06   3.8757324e+01
   4.1375880e+06   3.6621094e+01
   4.1383990e+06   4.0771484e+01
   4.1384740e+06   3.3569336e+01
   4.1670670e+06   3.4057617e+01
   4.4021810e+06   4.5043945e+01
   4.4021980e+06   3.9367676e+01
   4.4022490e+06   4.2053223e+01
   4.4022950e+06   3.5400391e+01
   4.4023580e+06   3.3996582e+01
   4.4024150e+06   3.5034180e+01
   4.4024540e+06   3.3691406e+01
   4.4025060e+06   3.7658691e+01
   4.4025200e+06   3.4790039e+01
   4.4025500e+06   3.4240723e+01
   4.4025740e+06   3.3813477e+01
   4.4026080e+06   5.2917480e+01
   4.4027410e+06   4.0283203e+01
   4.4027650e+06   3.9550781e+01
   4.4028450e+06   3.7841797e+01
   4.4028740e+06   4.7058105e+01
   4.4028960e+06   3.4423828e+01
   4.4029280e+06   3.3691406e+01
   4.4030480e+06   3.6804199e+01
   4.4032040e+06   3.8757324e+01
   4.4032610e+06   3.4912109e+01
   4.4033090e+06   3.7536621e+01
   4.4034020e+06   3.6376953e+01
   4.4035430e+06   3.6193848e+01
   4.4036280e+06   3.3996582e+01
   4.4039630e+06   3.4667969e+01
   4.4040500e+06   3.8208008e+01
   4.4040790e+06   3.3874512e+01
   4.4041300e+06   3.3996582e+01
   4.4044700e+06   4.2663574e+01
   4.4048570e+06   3.5156250e+01
   4.4051590e+06   3.6926270e+01
   4.4345680e+06   3.7170410e+01
   4.4349850e+06   3.7170410e+01
   4.4354960e+06   3.4362793e+01
   4.4356270e+06   3.4545898e+01
   4.4357090e+06   3.7902832e+01
   4.4358060e+06   3.9062500e+01
   4.4358280e+06   4.1442871e+01
   4.4358770e+06   4.3395996e+01
   4.4358950e+06   3.8879395e+01
   4.4359200e+06   5.1330566e+01
   4.4359670e+06   3.6132812e+01
   4.4360170e+06   4.4006348e+01
   4.4360550e+06   4.4799805e+01
   4.4360730e+06   4.4921875e+01
   4.4361000e+06   3.3752441e+01
   4.4361580e+06   3.4790039e+01
   4.4362450e+06   3.9550781e+01
   4.4362620e+06   3.9245605e+01
   4.4362880e+06   3.5705566e+01
   4.4364220e+06   3.6987305e+01
   4.4365060e+06   4.2236328e+01
   4.4365400e+06   3.9550781e+01
   4.4366720e+06   3.4606934e+01
   4.4367590e+06   3.6682129e+01
   4.4368160e+06   4.2053223e+01
   4.4369160e+06   3.4362793e+01
   4.4369800e+06   3.8696289e+01
   4.4370860e+06   3.4240723e+01
   4.4371970e+06   3.7109375e+01
   4.4372380e+06   4.1381836e+01
   4.4373570e+06   4.0710449e+01
   4.4373670e+06   3.6315918e+01
   4.4374120e+06   3.3691406e+01
   4.4374880e+06   3.4851074e+01
   4.4377210e+06   4.1992188e+01
   4.4378320e+06   4.0649414e+01
   4.4381370e+06   3.5705566e+01
   4.4383620e+06   3.3996582e+01
   4.4384820e+06   3.7048340e+01
   4.4385630e+06   3.6987305e+01
   4.4391940e+06   4.7241211e+01
   4.4394880e+06   3.4301758e+01
   4.4402490e+06   3.4301758e+01
   4.4416830e+06   3.4606934e+01
   4.4795750e+06   3.4545898e+01
   4.5175730e+06   3.4057617e+01
   4.5296490e+06   3.4362793e+01
   4.5419880e+06   3.4118652e+01
   4.6355050e+06   3.6193848e+01
   4.6358240e+06   3.7841797e+01
   4.6358480e+06   3.7902832e+01
   4.6359120e+06   3.4301758e+01
   4.6359940e+06   3.4301758e+01
   4.6360550e+06   3.6682129e+01
   4.6360780e+06   4.6142578e+01
   4.6360880e+06   3.4423828e+01
   4.6361130e+06   3.7475586e+01
   4.6361820e+06   3.6804199e+01
   4.6362490e+06   5.3100586e+01
   4.6362610e+06   5.6274414e+01
   4.6363540e+06   3.9794922e+01
   4.6364070e+06   4.7302246e+01
   4.6365100e+06   3.4790039e+01
   4.6365310e+06   3.3447266e+01
   4.6365540e+06   5.4809570e+01
   4.6366840e+06   3.6010742e+01
   4.6367150e+06   3.6010742e+01
   4.6367320e+06   3.5522461e+01
   4.6368790e+06   3.5095215e+01
   4.6369230e+06   3.6254883e+01
   4.6369980e+06   4.3579102e+01
   4.6370560e+06   3.3874512e+01
   4.6370980e+06   3.5461426e+01
   4.6372360e+06   3.3691406e+01
   4.6373960e+06   3.9916992e+01
   4.6375170e+06   3.9306641e+01
   4.6375940e+06   3.3569336e+01
   4.6377330e+06   3.4729004e+01
   4.6377590e+06   3.6560059e+01
   4.6380050e+06   3.4912109e+01
   4.6381910e+06   3.7292480e+01
   4.6382230e+06   4.5471191e+01
   4.6382540e+06   4.2907715e+01
   4.6384520e+06   3.5644531e+01
   4.6389830e+06   3.3386230e+01
   4.6391800e+06   3.8940430e+01
   4.6394690e+06   3.8696289e+01
   4.6398350e+06   3.5522461e+01
   4.9159160e+06   3.7963867e+01
   4.9159490e+06   3.6926270e+01
   4.9160400e+06   4.1259766e+01
   4.9161660e+06   6.3171387e+01
   4.9162100e+06   3.4606934e+01
   4.9162850e+06   3.6804199e+01
   4.9163830e+06   3.4118652e+01
   4.9164330e+06   4.4494629e+01
   4.9164770e+06   4.6264648e+01
   4.9165150e+06   3.9611816e+01
   4.9165650e+06   4.6142578e+01
   4.9165780e+06   3.7109375e+01
   4.9166530e+06   3.3996582e+01
   4.9167060e+06   3.7597656e+01
   4.9168090e+06   4.3579102e+01
   4.9168370e+06   3.4179688e+01
   4.9169570e+06   3.8513184e+01
   4.9170040e+06   3.5095215e+01
   4.9170260e+06   3.8818359e+01
   4.9170900e+06   3.3508301e+01
   4.9172200e+06   3.8269043e+01
   4.9172630e+06   3.7353516e+01
   4.9175390e+06   3.4484863e+01
   4.9179660e+06   3.8879395e+01
   4.9180790e+06   3.5461426e+01
   4.9183120e+06   3.6743164e+01
   4.9187390e+06   4.3518066e+01
   4.9190420e+06   3.3874512e+01
   4.9193280e+06   3.6499023e+01
   4.9194690e+06   3.8940430e+01
   4.9199820e+06   3.5217285e+01
   4.9309750e+06   3.3569336e+01
   4.9704390e+06   3.4057617e+01
   5.0038780e+06   3.5156250e+01
   5.0046640e+06   3.7109375e+01
   5.0047530e+06   3.3630371e+01
   5.0047750e+06   3.3447266e+01
   5.0048100e+06   4.1992188e+01
   5.0049240e+06   3.5278320e+01
   5.0049460e+06   4.0100098e+01
   5.0049900e+06   3.3630371e+01
   5.0051260e+06   3.5095215e+01
   5.0051500e+06   3.7353516e+01
   5.0051880e+06   3.6804199e+01
   5.0052300e+06   4.0710449e+01
   5.0053240e+06   3.3508301e+01
   5.0053870e+06   3.6926270e+01
   5.0054100e+06   4.1809082e+01
   5.0054480e+06   3.3813477e+01
   5.0054890e+06   3.5278320e+01
   5.0055470e+06   3.4545898e+01
   5.0055860e+06   3.5705566e+01
   5.0056070e+06   3.9184570e+01
   5.0056660e+06   3.5461426e+01
   5.0057840e+06   3.4912109e+01
   5.0059300e+06   3.6682129e+01
   5.0060350e+06   3.7109375e+01
   5.0062670e+06   3.6437988e+01
   5.0063260e+06   3.3386230e+01
   5.0063740e+06   3.4790039e+01
   5.0064690e+06   3.7963867e+01
   5.0065320e+06   4.2602539e+01
   5.0065710e+06   3.5339355e+01
   5.0069130e+06   4.2419434e+01
   5.0069630e+06   4.5593262e+01
   5.0073410e+06   3.5278320e+01
   5.0078920e+06   4.4860840e+01
   5.0080110e+06   4.1076660e+01
   5.0081400e+06   3.5217285e+01
   5.0083520e+06   3.8208008e+01
   5.0091260e+06   3.6010742e+01
   5.0286920e+06   3.3691406e+01
   5.0420830e+06   3.5156250e+01
   5.0425140e+06   3.8696289e+01
   5.0425960e+06   3.7170410e+01
   5.0428790e+06   3.6071777e+01
   5.0429170e+06   3.7292480e+01
   5.0429850e+06   3.6621094e+01
   5.0431080e+06   4.2541504e+01
   5.0431940e+06   3.9123535e+01
   5.0432360e+06   4.1076660e+01
   5.0432640e+06   3.9306641e+01
   5.0434000e+06   3.7780762e+01
   5.0435480e+06   3.7109375e+01
   5.0436000e+06   3.3447266e+01
   5.0436460e+06   4.1381836e+01
   5.0436760e+06   3.3630371e+01
   5.0438160e+06   3.7841797e+01
   5.0439350e+06   4.4921875e+01
   5.0440530e+06   4.4006348e+01
   5.0441060e+06   3.3569336e+01
   5.0442820e+06   3.4729004e+01
   5.0443460e+06   4.5593262e+01
   5.0445310e+06   3.4851074e+01
   5.0445900e+06   4.4372559e+01
   5.0449470e+06   3.4240723e+01
   5.0450940e+06   3.6560059e+01
   5.0451850e+06   3.6071777e+01
   5.0453010e+06   3.6743164e+01
   5.0455890e+06   3.7353516e+01
   5.0457300e+06   3.8452148e+01
   5.0475830e+06   3.5339355e+01
   5.2752290e+06   3.4729004e+01
   5.2753690e+06   3.9001465e+01
   5.2754960e+06   4.2419434e+01
   5.2755400e+06   3.7719727e+01
   5.2755560e+06   3.3386230e+01
   5.2756200e+06   3.5156250e+01
   5.2756560e+06   3.5278320e+01
   5.2756860e+06   5.2856445e+01
   5.2757010e+06   3.6804199e+01
   5.2757330e+06   4.8828125e+01
   5.2757590e+06   3.9611816e+01
   5.2758120e+06   3.7841797e+01
   5.2759080e+06   3.6804199e+01
   5.2759380e+06   3.6193848e+01
   5.2759510e+06   5.1208496e+01
   5.2760860e+06   3.6621094e+01
   5.2761210e+06   3.6743164e+01
   5.2762270e+06   4.7424316e+01
   5.2762470e+06   3.4362793e+01
   5.2763470e+06   3.7414551e+01
   5.2764750e+06   3.6865234e+01
   5.2765330e+06   3.5461426e+01
   5.2768630e+06   3.6315918e+01
   5.2769070e+06   3.7292480e+01
   5.2769940e+06   3.3691406e+01
   5.2771730e+06   3.6437988e+01
   5.2771940e+06   3.5217285e+01
   5.2772380e+06   3.5949707e+01
   5.2776600e+06   3.8696289e+01
   5.2776870e+06   3.8635254e+01
   5.2782800e+06   3.9184570e+01
   5.2783330e+06   4.0588379e+01
   5.2787630e+06   3.9855957e+01
   5.3178220e+06   3.5583496e+01
   5.3179090e+06   3.3935547e+01
   5.3179750e+06   3.5888672e+01
   5.3179850e+06   3.5278320e+01
   5.3180190e+06   3.9855957e+01
   5.3180570e+06   4.1503906e+01
   5.3180930e+06   3.5034180e+01
   5.3181590e+06   4.9011230e+01
   5.3181850e+06   3.6987305e+01
   5.3182120e+06   3.6010742e+01
   5.3182730e+06   3.8208008e+01
   5.3183580e+06   5.0659180e+01
   5.3184470e+06   3.4118652e+01
   5.3184660e+06   4.5898438e+01
   5.3185120e+06   3.6376953e+01
   5.3185290e+06   4.3945312e+01
   5.3185550e+06   3.7292480e+01
   5.3185830e+06   5.3100586e+01
   5.3187180e+06   3.6743164e+01
   5.3187460e+06   3.6499023e+01
   5.3187860e+06   5.0415039e+01
   5.3188320e+06   4.6020508e+01
   5.3189140e+06   3.6010742e+01
   5.3189300e+06   3.4912109e+01
   5.3189970e+06   3.9367676e+01
   5.3190080e+06   4.5715332e+01
   5.3190900e+06   3.7902832e+01
   5.3191830e+06   3.6743164e+01
   5.3192000e+06   3.9428711e+01
   5.3193230e+06   3.7597656e+01
   5.3193460e+06   3.5827637e+01
   5.3193700e+06   4.1503906e+01
   5.3194240e+06   3.9794922e+01
   5.3194680e+06   3.9306641e+01
   5.3195210e+06   4.7302246e+01
   5.3197320e+06   3.9916992e+01
   5.3197690e+06   3.9672852e+01
   5.3198340e+06   4.4555664e+01
   5.3201550e+06   3.3813477e+01
   5.3201770e+06   5.2673340e+01
   5.3204980e+06   3.4606934e+01
   5.3205540e+06   3.6193848e+01
   5.3211900e+06   3.8085938e+01
   5.3213790e+06   3.3508301e+01
   5.3216050e+06   3.8208008e+01
   5.3884460e+06   3.5278320e+01
   5.4047010e+06   3.3691406e+01
   5.4050200e+06   3.3386230e+01
   5.4052680e+06   3.3874512e+01
   5.4053020e+06   3.9001465e+01
   5.4053480e+06   3.5278320e+01
   5.4053890e+06   3.4179688e+01
   5.4054430e+06   3.7048340e+01
   5.4055680e+06   5.2307129e+01
   5.4056060e+06   4.0649414e+01
   5.4056410e+06   3.7597656e+01
   5.4056780e+06   3.3874512e+01
   5.4057600e+06   3.4423828e+01
   5.4058470e+06   4.8522949e+01
   5.4060260e+06   4.9743652e+01
   5.4060790e+06   3.7780762e+01
   5.4063140e+06   3.3508301e+01
   5.4063340e+06   4.0039062e+01
   5.4063650e+06   3.6437988e+01
   5.4064440e+06   3.3813477e+01
   5.4064680e+06   3.4057617e+01
   5.4064940e+06   3.8757324e+01
   5.4065760e+06   3.4057617e+01
   5.4067400e+06   3.9916992e+01
   5.4067730e+06   3.3996582e+01
   5.4070040e+06   3.9978027e+01
   5.4072200e+06   3.8818359e+01
   5.4075260e+06   3.5339355e+01
   5.4093850e+06   3.7536621e+01
   5.4311520e+06   3.3996582e+01
   5.5960880e+06   3.5888672e+01
   5.5962630e+06   3.5766602e+01
   5.5963100e+06   3.8757324e+01
   5.5963410e+06   3.5095215e+01
   5.5964580e+06   5.0598145e+01
   5.5964840e+06   4.3334961e+01
   5.5965440e+06   4.1625977e+01
   5.5965560e+06   3.9367676e+01
   5.5965810e+06   3.7170410e+01
   5.5966460e+06   3.8635254e+01
   5.5966770e+06   3.6254883e+01
   5.5967000e+06   3.7963867e+01
   5.5967330e+06   3.4179688e+01
   5.5967680e+06   3.6193848e+01
   5.5967970e+06   6.1279297e+01
   5.5968830e+06   3.4118652e+01
   5.5969700e+06   5.5419922e+01
   5.5969810e+06   4.2846680e+01
   5.5970290e+06   3.5400391e+01
   5.5970650e+06   3.7231445e+01
   5.5971190e+06   3.5644531e+01
   5.5971440e+06   4.2846680e+01
   5.5971890e+06   3.9428711e+01
   5.5972160e+06   3.5156250e+01
   5.5973470e+06   3.4179688e+01
   5.5973940e+06   4.0893555e+01
   5.5976070e+06   3.5949707e+01
   5.5976330e+06   3.4484863e+01
   5.5978950e+06   3.5644531e+01
   5.5979700e+06   3.4667969e+01
   5.5982170e+06   3.7292480e+01
   5.5985100e+06   3.5705566e+01
   5.5988500e+06   4.1259766e+01
   5.5989570e+06   3.6010742e+01
   5.5992870e+06   3.4667969e+01
   5.5995280e+06   3.6682129e+01
   5.5995710e+06   3.7841797e+01
   5.5999710e+06   3.4118652e+01
   5.6004400e+06   3.4790039e+01
   5.6163760e+06   3.4057617e+01
   5.6402810e+06   3.5278320e+01
   5.6406890e+06   3.4179688e+01
   5.6407690e+06   4.6569824e+01
   5.6407810e+06   4.0649414e+01
   5.6408680e+06   4.0710449e+01
   5.6409120e+06   5.1574707e+01
   5.6409800e+06   3.7841797e+01
   5.6409950e+06   4.3395996e+01
   5.6410130e+06   4.1992188e+01
   5.6410390e+06   4.8828125e+01
   5.6410530e+06   3.6560059e+01
   5.6410660e+06   3.6437988e+01
   5.6411650e+06   3.5461426e+01
   5.6413460e+06   3.3752441e+01
   5.6413860e+06   3.8635254e+01
   5.6415300e+06   3.4912109e+01
   5.6415950e+06   4.0588379e+01
   5.6416060e+06   4.1809082e+01
   5.6418880e+06   3.7231445e+01
   5.6419710e+06   3.4667969e+01
   5.6420540e+06   3.7170410e+01
   5.6420880e+06   3.4912109e+01
   5.6421370e+06   3.4240723e+01
   5.6422350e+06   4.0771484e+01
   5.6422540e+06   4.3762207e+01
   5.6422860e+06   3.3874512e+01
   5.6424380e+06   4.0161133e+01
   5.6425350e+06   3.4545898e+01
   5.6426470e+06   3.4606934e+01
   5.6428120e+06   3.9794922e+01
   5.6431690e+06   3.9489746e+01
   5.6433560e+06   3.7963867e+01
   5.6440210e+06   3.4912109e+01
   5.6563870e+06   3.6193848e+01
   5.6629310e+06   3.5278320e+01
   5.6668330e+06   3.6132812e+01
   5.6684130e+06   3.3569336e+01
   5.6684720e+06   3.4118652e+01
   5.6685470e+06   3.9550781e+01
   5.6687990e+06   4.0283203e+01
   5.6691560e+06   3.8696289e+01
   5.6693930e+06   4.4494629e+01
   5.6694340e+06   4.4860840e+01
   5.6697350e+06   3.5461426e+01
   5.6698400e+06   3.4240723e+01
   5.6702730e+06   3.7231445e+01
   5.6711400e+06   4.3457031e+01
   5.6721980e+06   3.5644531e+01
   5.6826040e+06   3.3508301e+01
   5.6896080e+06   3.3691406e+01
   5.6911080e+06   3.4973145e+01
   5.7126920e+06   3.3935547e+01
   5.7129660e+06   3.9550781e+01
   5.7129980e+06   3.3508301e+01
   5.7130700e+06   3.5949707e+01
   5.7130960e+06   3.3508301e+01
   5.7132130e+06   3.9978027e+01
   5.7132230e+06   4.5410156e+01
   5.7133210e+06   3.4912109e+01
   5.7134420e+06   4.1320801e+01
   5.7136610e+06   3.4545898e+01
   5.7136800e+06   3.4851074e+01
   5.7137750e+06   3.8269043e+01
   5.7138650e+06   3.6499023e+01
   5.7138920e+06   3.4912109e+01
   5.7139020e+06   4.1381836e+01
   5.7139710e+06   3.8818359e+01
   5.7141680e+06   3.4851074e+01
   5.7142510e+06   3.9123535e+01
   5.7143450e+06   4.7912598e+01
   5.7143800e+06   3.4667969e+01
   5.7144740e+06   3.5949707e+01
   5.7145810e+06   3.3996582e+01
   5.7150390e+06   3.6376953e+01
   5.7150580e+06   3.7536621e+01
   5.7152460e+06   3.4118652e+01
   5.7154640e+06   3.6804199e+01
   5.7164040e+06   3.3691406e+01
   5.7397540e+06   3.3569336e+01
   5.7421260e+06   3.4545898e+01
   5.8714680e+06   3.3691406e+01
   5.8715200e+06   3.6743164e+01
   5.8715970e+06   3.7231445e+01
   5.8716560e+06   3.6132812e+01
   5.8717300e+06   4.3518066e+01
   5.8717710e+06   3.5278320e+01
   5.8718110e+06   3.7902832e+01
   5.8719100e+06   3.5217285e+01
   5.8720380e+06   4.3334961e+01
   5.8720540e+06   5.5358887e+01
   5.8720820e+06   3.7536621e+01
   5.8720960e+06   4.7119141e+01
   5.8721460e+06   4.5043945e+01
   5.8722070e+06   4.5959473e+01
   5.8722500e+06   3.7475586e+01
   5.8723040e+06   4.0649414e+01
   5.8723810e+06   4.6691895e+01
   5.8724860e+06   4.1198730e+01
   5.8725290e+06   3.7048340e+01
   5.8725670e+06   3.5766602e+01
   5.8726440e+06   3.4545898e+01
   5.8727290e+06   3.7109375e+01
   5.8727690e+06   3.8269043e+01
   5.8729040e+06   3.6621094e+01
   5.8730060e+06   3.4484863e+01
   5.8731440e+06   3.7536621e+01
   5.8733010e+06   3.7292480e+01
   5.8736730e+06   3.4484863e+01
   5.8740260e+06   3.9611816e+01
   5.8742240e+06   3.3569336e+01
   5.8747070e+06   3.6987305e+01
   5.8753350e+06   3.4301758e+01
   6.1526430e+06   3.5888672e+01
   6.1528560e+06   3.6621094e+01
   6.1536060e+06   3.4912109e+01
   6.1537820e+06   3.5766602e+01
   6.1539520e+06   3.6071777e+01
   6.1539770e+06   4.7302246e+01
   6.1540070e+06   3.4851074e+01
   6.1540400e+06   4.5104980e+01
   6.1541050e+06   4.1381836e+01
   6.1541930e+06   4.6203613e+01
   6.1542210e+06   3.7536621e+01
   6.1542420e+06   4.4799805e+01
   6.1543010e+06   3.8513184e+01
   6.1543580e+06   3.8757324e+01
   6.1543810e+06   4.1564941e+01
   6.1545090e+06   3.9978027e+01
   6.1545410e+06   4.6386719e+01
   6.1546350e+06   3.7414551e+01
   6.1546650e+06   3.9428711e+01
   6.1548160e+06   3.6071777e+01
   6.1549790e+06   3.4484863e+01
   6.1553020e+06   4.0405273e+01
   6.1557000e+06   3.5705566e+01
   6.1558180e+06   3.7414551e+01
   6.1559410e+06   4.7119141e+01
   6.1560850e+06   3.6560059e+01
   6.1563420e+06   3.4973145e+01
   6.1566320e+06   4.0283203e+01
   6.1568550e+06   3.7719727e+01
   6.1570770e+06   3.5766602e+01
   6.1794760e+06   3.5095215e+01
   6.1907180e+06   3.4362793e+01
   6.2335290e+06   3.7780762e+01
   6.4115420e+06   3.6071777e+01
   6.4115580e+06   3.7780762e+01
   6.4117480e+06   3.5156250e+01
   6.4118310e+06   3.6376953e+01
   6.4118770e+06   4.0161133e+01
   6.4119030e+06   3.4973145e+01
   6.4119200e+06   4.1137695e+01
   6.4119490e+06   3.6560059e+01
   6.4119770e+06   3.4484863e+01
   6.4119940e+06   5.3771973e+01
   6.4120320e+06   3.7780762e+01
   6.4120530e+06   3.6560059e+01
   6.4120800e+06   3.7841797e+01
   6.4121360e+06   3.7414551e+01
   6.4121700e+06   4.2175293e+01
   6.4122430e+06   3.5034180e+01
   6.4122670e+06   4.0893555e+01
   6.4122790e+06   4.1687012e+01
   6.4123680e+06   3.5339355e+01
   6.4123800e+06   3.6071777e+01
   6.4124260e+06   3.7414551e+01
   6.4124650e+06   3.7475586e+01
   6.4125070e+06   3.6682129e+01
   6.4125650e+06   3.4851074e+01
   6.4126300e+06   3.6010742e+01
   6.4127910e+06   3.5156250e+01
   6.4128850e+06   3.4851074e+01
   6.4129160e+06   3.6621094e+01
   6.4131580e+06   3.9123535e+01
   6.4132050e+06   3.5217285e+01
   6.4132700e+06   3.6987305e+01
   6.4132960e+06   3.5705566e+01
   6.4133650e+06   3.6804199e+01
   6.4135490e+06   3.6437988e+01
   6.4136220e+06   3.3935547e+01
   6.4136690e+06   3.5461426e+01
   6.4137160e+06   3.5888672e+01
   6.4138650e+06   3.5705566e+01
   6.4140320e+06   3.7719727e+01
   6.4141660e+06   3.4545898e+01
   6.4144390e+06   3.5034180e+01
   6.4145400e+06   3.4973145e+01
   6.4146100e+06   3.5949707e+01
   6.4146640e+06   3.9428711e+01
   6.6287780e+06   3.9245605e+01
   6.6288650e+06   4.0344238e+01
   6.6288960e+06   3.5766602e+01
   6.6289170e+06   4.4006348e+01
   6.6289610e+06   5.0415039e+01
   6.6290350e+06   3.6804199e+01
   6.6290500e+06   5.6518555e+01
   6.6291060e+06   3.4423828e+01
   6.6291250e+06   4.4189453e+01
   6.6291360e+06   3.6926270e+01
   6.6291560e+06   3.4423828e+01
   6.6291760e+06   3.5095215e+01
   6.6292340e+06   3.8879395e+01
   6.6292930e+06   5.3527832e+01
   6.6293270e+06   4.4738770e+01
   6.6293770e+06   3.7353516e+01
   6.6294250e+06   4.2175293e+01
   6.6294510e+06   3.9611816e+01
   6.6294840e+06   3.4729004e+01
   6.6295870e+06   3.5949707e+01
   6.6296490e+06   3.7170410e+01
   6.6297710e+06   4.1625977e+01
   6.6299420e+06   3.5339355e+01
   6.6299600e+06   3.6987305e+01
   6.6300040e+06   3.9672852e+01
   6.6304810e+06   5.5664062e+01
   6.6307110e+06   3.9855957e+01
   6.6308700e+06   4.9865723e+01
   6.6311620e+06   3.3874512e+01
   6.6312740e+06   3.4057617e+01
   6.6315260e+06   3.4362793e+01
   6.6316150e+06   3.4118652e+01
   6.6328380e+06   3.8391113e+01
   6.6537260e+06   3.4240723e+01
   6.6546770e+06   3.8635254e+01
   6.6546920e+06   3.5583496e+01
   6.6547580e+06   3.6865234e+01
   6.6548450e+06   4.1992188e+01
   6.6548730e+06   4.1503906e+01
   6.6549020e+06   3.8696289e+01
   6.6549400e+06   4.1748047e+01
   6.6549580e+06   4.2297363e+01
   6.6549770e+06   3.9306641e+01
   6.6549920e+06   4.8034668e+01
   6.6550220e+06   3.6621094e+01
   6.6550370e+06   3.5034180e+01
   6.6551200e+06   3.7292480e+01
   6.6551700e+06   3.4729004e+01
   6.6552000e+06   4.1992188e+01
   6.6552100e+06   3.4729004e+01
   6.6552610e+06   3.5583496e+01
   6.6554190e+06   3.6560059e+01
   6.6555220e+06   3.6193848e+01
   6.6555340e+06   3.6743164e+01
   6.6556330e+06   4.6508789e+01
   6.6557650e+06   5.2978516e+01
   6.6558080e+06   3.5400391e+01
   6.6560210e+06   4.7302246e+01
   6.6561440e+06   3.9001465e+01
   6.6561640e+06   3.3874512e+01
   6.6562200e+06   3.8330078e+01
   6.6566340e+06   3.6071777e+01
   6.6568160e+06   3.7719727e+01
   6.6570030e+06   3.7780762e+01
   6.6570950e+06   4.2968750e+01
   6.6573190e+06   3.6865234e+01
   6.6573620e+06   3.7414551e+01
   6.6574450e+06   3.7048340e+01
   6.6578620e+06   3.4179688e+01
   6.6579430e+06   3.5278320e+01
   6.6936570e+06   3.7048340e+01
   7.0257080e+06   3.4667969e+01
   7.0257450e+06   3.6254883e+01
   7.0257980e+06   3.5400391e+01
   7.0258400e+06   3.4240723e+01
   7.0258570e+06   4.3212891e+01
   7.0260030e+06   3.6499023e+01
   7.0260800e+06   3.3935547e+01
   7.0261100e+06   3.8940430e+01
   7.0262260e+06   4.5227051e+01
   7.0262410e+06   3.5949707e+01
   7.0263390e+06   4.2297363e+01
   7.0263490e+06   3.9550781e+01
   7.0263750e+06   3.4240723e+01
   7.0263990e+06   5.1391602e+01
   7.0265970e+06   4.0832520e+01
   7.0266940e+06   3.7902832e+01
   7.0268430e+06   3.5888672e+01
   7.0272250e+06   3.9367676e+01
   7.0272820e+06   4.2785645e+01
   7.0275370e+06   3.5949707e+01
   7.0279090e+06   3.7719727e+01
   7.0279980e+06   3.7109375e+01
   7.0280250e+06   3.6621094e+01
   7.0282740e+06   3.4423828e+01
   7.0283560e+06   3.5156250e+01
   7.0284110e+06   4.4433594e+01
   7.0284990e+06   5.0842285e+01
   7.0288140e+06   3.8024902e+01
   7.0289730e+06   3.5522461e+01
   7.0292070e+06   3.4851074e+01
   7.0295110e+06   3.6499023e+01
   7.0310900e+06   4.1198730e+01
   7.0520420e+06   3.4179688e+01
   7.0522320e+06   4.3457031e+01
   7.0523110e+06   3.3996582e+01
   7.0524830e+06   3.6926270e+01
   7.0525990e+06   4.8278809e+01
   7.0526610e+06   4.3762207e+01
   7.0526810e+06   3.7353516e+01
   7.0526980e+06   3.4790039e+01
   7.0527440e+06   4.1625977e+01
   7.0527880e+06   4.1503906e+01
   7.0528020e+06   3.4057617e+01
   7.0529330e+06   3.6926270e+01
   7.0529680e+06   4.4006348e+01
   7.0530250e+06   3.9245605e+01
   7.0530460e+06   3.6987305e+01
   7.0530720e+06   5.9692383e+01
   7.0531830e+06   3.8696289e+01
   7.0532320e+06   3.6071777e+01
   7.0535720e+06   3.4851074e+01
   7.0536830e+06   4.1442871e+01
   7.0538270e+06   3.9245605e+01
   7.0538760e+06   3.8024902e+01
   7.0539280e+06   3.9001465e+01
   7.0545910e+06   3.7536621e+01
   7.0546980e+06   3.5949707e+01
   7.0550000e+06   4.1992188e+01
   7.0550180e+06   3.4179688e+01
   7.0551150e+06   3.4912109e+01
   7.0553210e+06   3.5522461e+01
   7.0563300e+06   3.7292480e+01
   7.1273490e+06   3.6071777e+01
   7.2615200e+06   3.4545898e+01
   7.3233970e+06   3.8574219e+01
   7.3235020e+06   3.4667969e+01
   7.3235530e+06   3.5400391e+01
   7.3238090e+06   3.5156250e+01
   7.3239470e+06   3.8269043e+01
   7.3239770e+06   4.2968750e+01
   7.3240120e+06   4.8828125e+01
   7.3240420e+06   4.7180176e+01
   7.3241040e+06   3.8940430e+01
   7.3241570e+06   3.5644531e+01
   7.3241830e+06   4.1625977e+01
   7.3242630e+06   3.6254883e+01
   7.3242950e+06   4.5166016e+01
   7.3243340e+06   4.2053223e+01
   7.3243580e+06   3.5034180e+01
   7.3244190e+06   4.2358398e+01
   7.3244570e+06   3.4729004e+01
   7.3244850e+06   5.0659180e+01
   7.3245110e+06   3.8696289e+01
   7.3245500e+06   3.4057617e+01
   7.3246210e+06   3.7048340e+01
   7.3246550e+06   3.4362793e+01
   7.3247180e+06   3.4606934e+01
   7.3247830e+06   3.5644531e+01
   7.3248070e+06   3.5034180e+01
   7.3249220e+06   3.5522461e+01
   7.3250620e+06   3.4667969e+01
   7.3252120e+06   3.3996582e+01
   7.3254530e+06   3.4667969e+01
   7.3257720e+06   3.6376953e+01
   7.3260450e+06   3.9245605e+01
   7.3261760e+06   3.5827637e+01
   7.3262370e+06   3.9611816e+01
   7.3263480e+06   3.6193848e+01
   7.3264070e+06   4.5959473e+01
   7.3265270e+06   3.5095215e+01
   7.3268220e+06   3.5034180e+01
   7.3275320e+06   3.7353516e+01
   7.3552500e+06   3.7475586e+01
   7.3553150e+06   3.4240723e+01
   7.3554970e+06   3.6254883e+01
   7.3555470e+06   3.4179688e+01
   7.3555760e+06   4.9682617e+01
   7.3556150e+06   3.9855957e+01
   7.3556430e+06   4.1137695e+01
   7.3556730e+06   3.5583496e+01
   7.3557770e+06   3.6071777e+01
   7.3558560e+06   4.6508789e+01
   7.3558950e+06   3.9550781e+01
   7.3560170e+06   5.4504395e+01
   7.3561770e+06   5.8044434e+01
   7.3563300e+06   3.5034180e+01
   7.3563550e+06   3.4545898e+01
   7.3564730e+06   3.6926270e+01
   7.3565740e+06   3.5766602e+01
   7.3567950e+06   3.7109375e+01
   7.3568120e+06   4.0710449e+01
   7.3570030e+06   3.8513184e+01
   7.3570690e+06   3.5583496e+01
   7.3572570e+06   4.0039063e+01
   7.3572940e+06   3.5949707e+01
   7.3575570e+06   4.0161133e+01
   7.3576060e+06   3.4484863e+01
   7.3576570e+06   4.4189453e+01
   7.3578470e+06   3.6315918e+01
   7.3832470e+06   4.1687012e+01
   7.3835740e+06   3.4423828e+01
   7.3836680e+06   4.6752930e+01
   7.3838320e+06   3.4423828e+01
   7.3840470e+06   4.2968750e+01
   7.3841130e+06   3.5034180e+01
   7.3842290e+06   3.3935547e+01
   7.3842430e+06   3.3996582e+01
   7.3842610e+06   3.4301758e+01
   7.3843170e+06   4.3457031e+01
   7.3843770e+06   3.9489746e+01
   7.3844940e+06   3.6193848e+01
   7.3845430e+06   4.7302246e+01
   7.3845920e+06   3.4179688e+01
   7.3846540e+06   3.6437988e+01
   7.3847220e+06   4.1931152e+01
   7.3848050e+06   3.8452148e+01
   7.3848910e+06   4.1809082e+01
   7.3849640e+06   3.8146973e+01
   7.3850350e+06   3.4729004e+01
   7.3851090e+06   3.8513184e+01
   7.3853440e+06   4.1442871e+01
   7.3853710e+06   3.8635254e+01
   7.3854370e+06   4.1503906e+01
   7.3854890e+06   3.7292480e+01
   7.3855690e+06   3.3874512e+01
   7.3857030e+06   3.4545898e+01
   7.3857910e+06   3.3935547e+01
   7.3858630e+06   3.4973145e+01
   7.3865550e+06   4.3395996e+01
   7.3873900e+06   3.5278320e+01
   7.7255910e+06   4.0954590e+01
   7.7262930e+06   3.5217285e+01
   7.7265580e+06   3.5949707e+01
   7.7267510e+06   3.4240723e+01
   7.7269150e+06   3.5705566e+01
   7.7269730e+06   4.4860840e+01
   7.7269980e+06   3.4423828e+01
   7.7270490e+06   3.9855957e+01
   7.7270820e+06   4.0527344e+01
   7.7271160e+06   3.4606934e+01
   7.7271520e+06   3.9550781e+01
   7.7271880e+06   3.5705566e+01
   7.7272110e+06   3.5522461e+01
   7.7272210e+06   3.9978027e+01
   7.7273630e+06   5.5297852e+01
   7.7274290e+06   3.6682129e+01
   7.7275400e+06   4.2785645e+01
   7.7275890e+06   4.0222168e+01
   7.7276120e+06   3.6743164e+01
   7.7277190e+06   4.1625977e+01
   7.7278170e+06   3.8513184e+01
   7.7278730e+06   3.6865234e+01
   7.7279710e+06   3.6437988e+01
   7.7280320e+06   3.9672852e+01
   7.7280820e+06   3.5095215e+01
   7.7281040e+06   3.5217285e+01
   7.7282360e+06   4.0832520e+01
   7.7283680e+06   3.5827637e+01
   7.7283950e+06   5.3466797e+01
   7.7290370e+06   3.4912109e+01
   7.7290860e+06   3.3874512e+01
   7.7294770e+06   4.0039062e+01
   7.7296100e+06   3.7231445e+01
   7.7302830e+06   3.4545898e+01
   7.7309270e+06   3.4057617e+01
   7.7314110e+06   3.4790039e+01
   7.7583530e+06   3.6193848e+01
   7.7586260e+06   3.5278320e+01
   7.7586490e+06   3.7353516e+01
   7.7586810e+06   4.6020508e+01
   7.7586970e+06   4.8339844e+01
   7.7587990e+06   4.0161133e+01
   7.7588140e+06   3.5278320e+01
   7.7588460e+06   3.6254883e+01
   7.7588600e+06   4.0100098e+01
   7.7588880e+06   4.7851562e+01
   7.7589240e+06   5.3894043e+01
   7.7589700e+06   3.4973145e+01
   7.7590360e+06   3.7353516e+01
   7.7591070e+06   3.7902832e+01
   7.7591670e+06   3.4423828e+01
   7.7592990e+06   3.6987305e+01
   7.7594050e+06   3.6560059e+01
   7.7594810e+06   3.5034180e+01
   7.7595170e+06   3.4301758e+01
   7.7595520e+06   3.4362793e+01
   7.7597000e+06   3.4973145e+01
   7.7597640e+06   3.5156250e+01
   7.7598030e+06   3.6010742e+01
   7.7598620e+06   3.8024902e+01
   7.7599390e+06   3.7353516e+01
   7.7600640e+06   3.4118652e+01
   7.7605030e+06   3.5217285e+01
   7.7605700e+06   3.7170410e+01
   7.7608640e+06   3.4912109e+01
   7.7609130e+06   4.0771484e+01
   7.7615140e+06   4.1198730e+01
   7.7617850e+06   3.7719727e+01
   7.7618600e+06   3.8269043e+01
   7.7623870e+06   3.6499023e+01
   7.7635830e+06   3.5644531e+01
   7.7843040e+06   4.2724609e+01
   7.7843380e+06   3.7841797e+01
   7.7844960e+06   3.7231445e+01
   7.7845450e+06   3.9794922e+01
   7.7845690e+06   5.4321289e+01
   7.7845980e+06   3.7231445e+01
   7.7846390e+06   3.6926270e+01
   7.7847640e+06   4.5715332e+01
   7.7847990e+06   4.0527344e+01
   7.7848780e+06   3.4606934e+01
   7.7849940e+06   3.9916992e+01
   7.7851670e+06   3.5949707e+01
   7.7852970e+06   4.5959473e+01
   7.7854780e+06   3.4118652e+01
   7.7855300e+06   4.0527344e+01
   7.7855990e+06   3.5949707e+01
   7.7857540e+06   4.0588379e+01
   7.7858190e+06   4.0649414e+01
   7.7858660e+06   4.2175293e+01
   7.7860160e+06   3.6071777e+01
   7.7862990e+06   3.6254883e+01
   7.7864550e+06   3.7231445e+01
   7.7864940e+06   4.1137695e+01
   7.7865270e+06   3.9916992e+01
   7.7867990e+06   3.5339355e+01
   7.7870570e+06   4.4189453e+01
   7.7877650e+06   3.6621094e+01
   7.7881790e+06   3.9428711e+01
   7.8092730e+06   3.7719727e+01
   7.8094650e+06   3.4423828e+01
   7.8098510e+06   3.4240723e+01
   7.8099030e+06   3.4545898e+01
   7.8100350e+06   5.6884766e+01
   7.8101280e+06   4.2358398e+01
   7.8101600e+06   3.4790039e+01
   7.8102870e+06   3.4667969e+01
   7.8103590e+06   3.6315918e+01
   7.8107150e+06   3.4667969e+01
   7.8107520e+06   3.7780762e+01
   7.8108640e+06   3.5034180e+01
   7.8112480e+06   3.6621094e+01
   7.9138160e+06   3.7231445e+01
   7.9140980e+06   3.6132812e+01
   7.9141360e+06   4.1931152e+01
   7.9141610e+06   3.8696289e+01
   7.9141920e+06   4.1198730e+01
   7.9142830e+06   4.1992188e+01
   7.9143240e+06   4.7058105e+01
   7.9143540e+06   3.6437988e+01
   7.9143670e+06   3.7353516e+01
   7.9144050e+06   3.8696289e+01
   7.9144340e+06   3.5522461e+01
   7.9144710e+06   3.5278320e+01
   7.9145080e+06   4.6813965e+01
   7.9146010e+06   3.6010742e+01
   7.9146320e+06   3.7353516e+01
   7.9147180e+06   3.6865234e+01
   7.9147570e+06   3.4790039e+01
   7.9148360e+06   4.1931152e+01
   7.9148880e+06   3.4973145e+01
   7.9150500e+06   4.3640137e+01
   7.9151510e+06   3.6926270e+01
   7.9152640e+06   4.3457031e+01
   7.9153240e+06   3.8146973e+01
   7.9154930e+06   3.6376953e+01
   7.9157000e+06   3.4362793e+01
   7.9158130e+06   3.6437988e+01
   7.9159060e+06   3.7658691e+01
   7.9159740e+06   3.4912109e+01
   7.9160110e+06   4.6386719e+01
   7.9160980e+06   3.7536621e+01
   7.9165190e+06   4.0893555e+01
   7.9169540e+06   3.4179688e+01
   7.9171550e+06   4.3151855e+01
   8.2685990e+06   3.4606934e+01
   8.2686550e+06   4.2297363e+01
   8.2686920e+06   3.5339355e+01
   8.2687470e+06   3.4912109e+01
   8.2688100e+06   3.4545898e+01
   8.2688800e+06   4.4616699e+01
   8.2689090e+06   4.0222168e+01
   8.2689490e+06   3.9306641e+01
   8.2689670e+06   3.8696289e+01
   8.2689890e+06   3.6132812e+01
   8.2690170e+06   3.4912109e+01
   8.2690550e+06   3.6682129e+01
   8.2690940e+06   3.5034180e+01
   8.2691090e+06   3.5522461e+01
   8.2691400e+06   4.6936035e+01
   8.2691630e+06   3.9916992e+01
   8.2691870e+06   4.1870117e+01
   8.2692340e+06   4.0039062e+01
   8.2693450e+06   5.4748535e+01
   8.2693580e+06   3.6804199e+01
   8.2693820e+06   3.5766602e+01
   8.2694040e+06   3.4423828e+01
   8.2694640e+06   5.0109863e+01
   8.2695600e+06   3.6376953e+01
   8.2696330e+06   3.7658691e+01
   8.2696500e+06   3.7414551e+01
   8.2697990e+06   3.6071777e+01
   8.2700680e+06   4.5898438e+01
   8.2702450e+06   3.4179688e+01
   8.2702930e+06   3.5095215e+01
   8.2703500e+06   3.7719727e+01
   8.2704070e+06   4.0344238e+01
   8.2704420e+06   4.4738770e+01
   8.2706080e+06   3.7963867e+01
   8.2706560e+06   3.4484863e+01
   8.2709880e+06   3.9367676e+01
   8.2710040e+06   4.4799805e+01
   8.2713280e+06   3.3874512e+01
   8.2714000e+06   4.1015625e+01
   8.2714900e+06   3.5278320e+01
   8.2717730e+06   3.4729004e+01
   8.2721390e+06   3.5034180e+01
   8.2721880e+06   4.7180176e+01
   8.2733950e+06   3.4606934e+01
   8.2932530e+06   3.5888672e+01
   8.3732280e+06   3.9794922e+01
   8.3733300e+06   3.4667969e+01
   8.3734180e+06   3.5827637e+01
   8.3734570e+06   3.7353516e+01
   8.3735190e+06   3.3935547e+01
   8.3735400e+06   3.6437988e+01
   8.3735870e+06   3.7109375e+01
   8.3736700e+06   3.5278320e+01
   8.3736960e+06   4.1870117e+01
   8.3737300e+06   3.5217285e+01
   8.3737470e+06   3.7963867e+01
   8.3737860e+06   3.6804199e+01
   8.3738510e+06   4.2236328e+01
   8.3739110e+06   3.5461426e+01
   8.3739680e+06   4.0100098e+01
   8.3739910e+06   4.1442871e+01
   8.3741340e+06   3.5217285e+01
   8.3742230e+06   3.6560059e+01
   8.3742650e+06   3.4179688e+01
   8.3743040e+06   4.6875000e+01
   8.3745690e+06   3.5888672e+01
   8.3747420e+06   3.7109375e+01
   8.3748350e+06   3.4667969e+01
   8.3748630e+06   3.4484863e+01
   8.3749950e+06   4.4860840e+01
   8.3750780e+06   3.4484863e+01
   8.3751700e+06   3.4484863e+01
   8.3753190e+06   3.5888672e+01
   8.3755070e+06   3.6499023e+01
   8.3755440e+06   3.4729004e+01
   8.3758650e+06   3.4973145e+01
   8.3761160e+06   3.6254883e+01
   8.3761810e+06   3.7597656e+01
   8.3763980e+06   3.5278320e+01
   8.3765790e+06   4.3090820e+01
   8.3773990e+06   3.5888672e+01
   8.3985970e+06   3.8208008e+01
   8.4019800e+06   3.9794922e+01
   8.4021430e+06   3.5034180e+01
   8.4022090e+06   3.9978027e+01
   8.4023830e+06   3.8208008e+01
   8.4024330e+06   4.3029785e+01
   8.4024520e+06   3.5339355e+01
   8.4024910e+06   4.2175293e+01
   8.4026390e+06   3.7231445e+01
   8.4026880e+06   4.1137695e+01
   8.4027090e+06   3.8146973e+01
   8.4028310e+06   4.0649414e+01
   8.4029030e+06   3.6499023e+01
   8.4029800e+06   3.7902832e+01
   8.4031780e+06   4.1503906e+01
   8.4032910e+06   3.7048340e+01
   8.4036180e+06   3.4545898e+01
   8.4036720e+06   3.5644531e+01
   8.4037020e+06   3.9001465e+01
   8.4037650e+06   3.4790039e+01
   8.4038840e+06   3.5583496e+01
   8.4039100e+06   3.9794922e+01
   8.4039380e+06   3.7475586e+01
   8.4046450e+06   3.4301758e+01
   8.4048270e+06   4.2297363e+01
   8.4052160e+06   3.5644531e+01
   8.4053460e+06   3.4484863e+01
   8.4266850e+06   3.5522461e+01
   8.4480870e+06   3.5827637e+01
   8.4480990e+06   3.5705566e+01
   8.4481380e+06   3.6315918e+01
   8.4482490e+06   3.7963867e+01
   8.4483990e+06   3.7658691e+01
   8.4484690e+06   4.0832520e+01
   8.4485330e+06   4.3273926e+01
   8.4485570e+06   4.0771484e+01
   8.4486550e+06   3.7414551e+01
   8.4486790e+06   3.6499023e+01
   8.4487170e+06   3.7475586e+01
   8.4488690e+06   3.4606934e+01
   8.4489150e+06   4.3395996e+01
   8.4490150e+06   4.4799805e+01
   8.4491630e+06   3.9550781e+01
   8.4494950e+06   3.6193848e+01
   8.4496150e+06   5.4992676e+01
   8.4499190e+06   4.1137695e+01
   8.4500910e+06   3.4912109e+01
   8.4501370e+06   3.6071777e+01
   8.4507470e+06   3.5095215e+01
   8.4507880e+06   3.4973145e+01
   8.4510990e+06   3.7170410e+01
   8.4777650e+06   3.8574219e+01
   8.4780920e+06   3.4851074e+01
   8.4797290e+06   3.5339355e+01
   8.4808010e+06   4.2175293e+01
   8.5349440e+06   3.3996582e+01
   8.7268290e+06   4.0588379e+01
   8.7269030e+06   3.4912109e+01
   8.7269700e+06   4.7607422e+01
   8.7270830e+06   3.4301758e+01
   8.7271110e+06   3.9367676e+01
   8.7271280e+06   4.8889160e+01
   8.7271540e+06   4.4250488e+01
   8.7271820e+06   3.7292480e+01
   8.7272280e+06   3.7963867e+01
   8.7272620e+06   4.9560547e+01
   8.7272730e+06   3.4667969e+01
   8.7272990e+06   4.3823242e+01
   8.7273750e+06   4.6813965e+01
   8.7274070e+06   4.3457031e+01
   8.7274420e+06   3.5217285e+01
   8.7275420e+06   3.8330078e+01
   8.7275540e+06   3.8391113e+01
   8.7276810e+06   4.0710449e+01
   8.7277610e+06   3.3874512e+01
   8.7278610e+06   3.4606934e+01
   8.7279150e+06   3.4851074e+01
   8.7279550e+06   3.7597656e+01
   8.7282390e+06   4.1015625e+01
   8.7283420e+06   3.5827637e+01
   8.7283710e+06   3.8146973e+01
   8.7288560e+06   3.5278320e+01
   8.7289220e+06   3.4057617e+01
   8.7291480e+06   3.5888672e+01
   8.7293250e+06   3.7231445e+01
   8.7298870e+06   3.6865234e+01
   8.7299630e+06   3.6499023e+01
   8.7299820e+06   3.7902832e+01
   8.7300360e+06   3.5949707e+01
   8.7445590e+06   3.6926270e+01
   8.7756490e+06   3.5766602e+01
   8.7770210e+06   3.8208008e+01
   8.7771820e+06   3.6743164e+01
   8.7772230e+06   3.9550781e+01
   8.7772640e+06   3.3935547e+01
   8.7773570e+06   4.0161133e+01
   8.7774620e+06   4.7485352e+01
   8.7775020e+06   4.1381836e+01
   8.7776960e+06   4.8034668e+01
   8.7777160e+06   4.4860840e+01
   8.7777890e+06   3.8330078e+01
   8.7780180e+06   3.9001465e+01
   8.7780740e+06   3.8085938e+01
   8.7781260e+06   3.4118652e+01
   8.7782620e+06   3.5034180e+01
   8.7783650e+06   4.5410156e+01
   8.7785400e+06   3.8574219e+01
   8.7785790e+06   3.4729004e+01
   8.7786510e+06   3.3935547e+01
   8.7787400e+06   4.6081543e+01
   8.7789760e+06   3.5095215e+01
   8.7790310e+06   3.4545898e+01
   8.7792350e+06   3.9428711e+01
   8.7793270e+06   3.5461426e+01
   8.7798340e+06   3.9245605e+01
   8.7800230e+06   3.7536621e+01
   8.7808880e+06   3.6071777e+01
   8.8085610e+06   3.5827637e+01
   8.8305800e+06   3.8574219e+01
   8.8308540e+06   3.8574219e+01
   8.8309370e+06   3.5827637e+01
   8.8309740e+06   3.5522461e+01
   8.8310980e+06   4.8461914e+01
   8.8311480e+06   4.1625977e+01
   8.8312250e+06   3.8208008e+01
   8.8312610e+06   4.0588379e+01
   8.8313900e+06   4.3762207e+01
   8.8314050e+06   3.5156250e+01
   8.8315440e+06   3.8208008e+01
   8.8317090e+06   3.6865234e+01
   8.8318110e+06   4.3701172e+01
   8.8318700e+06   3.6621094e+01
   8.8319000e+06   3.7780762e+01
   8.8319290e+06   3.9611816e+01
   8.8320130e+06   4.4677734e+01
   8.8321280e+06   4.5776367e+01
   8.8322640e+06   3.4484863e+01
   8.8322980e+06   3.4057617e+01
   8.8326140e+06   3.4301758e+01
   8.8327180e+06   3.4851074e+01
   8.8327680e+06   4.4616699e+01
   8.8328090e+06   3.9794922e+01
   8.8328440e+06   3.7414551e+01
   8.8329390e+06   4.0161133e+01
   8.8329940e+06   3.3935547e+01
   8.8330090e+06   3.9184570e+01
   8.8331180e+06   3.4667969e+01
   8.8331860e+06   4.1503906e+01
   8.8341840e+06   3.6010742e+01
   8.8349060e+06   3.4606934e+01
   8.8350590e+06   3.6132812e+01
   8.8358170e+06   3.5583496e+01
   8.8591200e+06   3.5034180e+01
   8.8592350e+06   4.4189453e+01
   8.8594900e+06   4.0588379e+01
   8.8595640e+06   3.6560059e+01
   8.8597920e+06   3.4729004e+01
   8.8598180e+06   3.5034180e+01
   8.8598460e+06   3.6254883e+01
   8.8598880e+06   3.6376953e+01
   8.8599630e+06   3.6376953e+01
   8.8600480e+06   3.4118652e+01
   8.8603650e+06   3.3996582e+01
   8.8604400e+06   3.5095215e+01
   8.8617470e+06   3.4667969e+01
   8.8621310e+06   4.1870117e+01
   8.8631840e+06   3.7963867e+01
   8.8900830e+06   3.5888672e+01
   8.8905260e+06   3.4362793e+01
   8.8906190e+06   3.9978027e+01
   8.8906830e+06   3.5339355e+01
   8.8907490e+06   3.3874512e+01
   8.8908100e+06   3.7536621e+01
   8.8911600e+06   3.7048340e+01
   8.8912350e+06   3.5095215e+01
   8.8913150e+06   3.7109375e+01
   8.8914960e+06   3.6682129e+01
   8.8916110e+06   3.4545898e+01
