   1.1996000e+07   0.0000000e+00
   1.2977800e+05   1.0925293e+01
   2.4591570e+06   1.2145996e+01
   4.5944810e+06   1.2573242e+01
   4.8673230e+06   1.1047363e+01
   5.3025700e+06   1.0803223e+01
   8.9371910e+06   1.0925293e+01
   9.0516030e+06   1.0681152e+01
   9.0962050e+06   1.0620117e+01
   9.9533420e+06   1.0925293e+01
   1.0201632e+07   1.0681152e+01
   1.0558182e+07   1.0620117e+01
   1.1069790e+07   1.0681152e+01
   1.1208264e+07   1.0986328e+01
   1.1704248e+07   1.0803223e+01
   1.1955543e+07   1.1596680e+01
