   8.9970000e+06   0.0000000e+00
   3.1903400e+05   3.8818359e+01
   3.1926000e+05   3.6682129e+01
   3.1934500e+05   4.3151855e+01
   3.2111800e+05   3.6743164e+01
   3.3814700e+05   4.0649414e+01
   3.3825300e+05   3.7109375e+01
   3.3829900e+05   3.8269043e+01
   3.3833000e+05   3.4118652e+01
   3.3839300e+05   3.5888672e+01
   8.0439400e+05   3.3752441e+01
   8.0454800e+05   3.5705566e+01
   8.0457700e+05   3.6376953e+01
   8.0467500e+05   3.6071777e+01
   8.0479600e+05   3.5644531e+01
   8.0496700e+05   3.3935547e+01
   8.0502000e+05   3.4240723e+01
   8.0594900e+05   3.8574219e+01
   8.0654300e+05   3.3752441e+01
   8.3401100e+05   3.8085938e+01
   8.3410200e+05   3.9733887e+01
   1.4445920e+06   4.2358398e+01
   1.4446320e+06   3.5034180e+01
   1.4465030e+06   3.3508301e+01
   1.4466780e+06   3.5522461e+01
   1.4467380e+06   3.3752441e+01
   1.4484510e+06   3.4179688e+01
   1.4704450e+06   3.5461426e+01
   1.4705460e+06   3.4729004e+01
   1.4706080e+06   3.7109375e+01
   1.4712310e+06   3.3569336e+01
   1.4731050e+06   3.6560059e+01
   1.7246330e+06   3.4606934e+01
   1.9937350e+06   3.6560059e+01
   1.9940060e+06   3.7475586e+01
   1.9940250e+06   4.3395996e+01
   1.9940760e+06   3.4545898e+01
   1.9943740e+06   3.8330078e+01
   1.9944510e+06   3.3508301e+01
   1.9944770e+06   3.3447266e+01
   1.9977550e+06   3.4423828e+01
   2.0178080e+06   3.6315918e+01
   2.0179860e+06   3.4423828e+01
   2.0180180e+06   5.5358887e+01
   2.0181810e+06   3.5949707e+01
   2.0187190e+06   3.4118652e+01
   2.0194740e+06   3.4423828e+01
   2.0199510e+06   3.9489746e+01
   2.7258980e+06   3.6132812e+01
   2.7259280e+06   3.4790039e+01
   2.7259720e+06   3.5339355e+01
   2.7271420e+06   3.3569336e+01
   2.7441020e+06   4.1442871e+01
   2.7441650e+06   3.5461426e+01
   2.7441980e+06   3.3630371e+01
   2.7442520e+06   3.4729004e+01
   2.7443130e+06   3.4545898e+01
   2.7443690e+06   3.9733887e+01
   2.7444530e+06   3.4301758e+01
   2.7446350e+06   4.1809082e+01
   2.7510910e+06   3.3630371e+01
   3.0306890e+06   3.3264160e+01
   3.2059740e+06   3.5278320e+01
   3.2060390e+06   4.1687012e+01
   3.2060920e+06   3.5888672e+01
   3.2061630e+06   3.4606934e+01
   3.2062630e+06   3.7597656e+01
   3.2065400e+06   3.3264160e+01
   3.2070180e+06   3.5766602e+01
   3.2071600e+06   3.3386230e+01
   3.2081930e+06   3.4240723e+01
   3.2088680e+06   3.4912109e+01
   3.2279790e+06   3.8940430e+01
   3.2281530e+06   3.4973145e+01
   3.2324240e+06   3.5156250e+01
   3.2334290e+06   3.4240723e+01
   3.7466680e+06   3.3569336e+01
   3.7617500e+06   3.8452148e+01
   3.7617790e+06   3.6621094e+01
   3.7618060e+06   3.3264160e+01
   3.7618520e+06   3.4729004e+01
   3.7619080e+06   3.5339355e+01
   3.7630370e+06   3.4912109e+01
   3.7630820e+06   3.3691406e+01
   3.7640120e+06   3.3630371e+01
   3.7651520e+06   3.6010742e+01
   3.7657440e+06   3.3386230e+01
   3.7807120e+06   3.4484863e+01
   3.7808100e+06   3.3569336e+01
   3.7821620e+06   3.8818359e+01
   3.7836370e+06   3.7841797e+01
   4.2981330e+06   4.6875000e+01
   4.2982230e+06   4.6875000e+01
   4.2983220e+06   3.3325195e+01
   4.2983680e+06   3.4667969e+01
   4.2984580e+06   3.3874512e+01
   4.3011980e+06   3.6132812e+01
   4.3206020e+06   3.4545898e+01
   4.3212980e+06   3.9978027e+01
   4.3228480e+06   3.6926270e+01
   4.6470350e+06   3.5522461e+01
   4.6470680e+06   3.5217285e+01
   4.6470880e+06   3.3081055e+01
   4.6471190e+06   3.4240723e+01
   4.6471730e+06   4.1687012e+01
   4.6472420e+06   3.4790039e+01
   4.6480480e+06   3.4606934e+01
   4.6505160e+06   3.6743164e+01
   4.6724710e+06   3.3508301e+01
   4.6725360e+06   3.3752441e+01
   4.6725650e+06   4.1748047e+01
   4.6725890e+06   3.5095215e+01
   4.6727950e+06   3.4790039e+01
   4.6728480e+06   3.5400391e+01
   4.6728620e+06   3.6132812e+01
   4.6728850e+06   3.7414551e+01
   4.6729440e+06   3.6193848e+01
   4.6729970e+06   3.3081055e+01
   5.1619360e+06   3.3508301e+01
   5.1620170e+06   5.3527832e+01
   5.1621320e+06   3.4301758e+01
   5.1622700e+06   3.7048340e+01
   5.1624490e+06   3.6865234e+01
   5.1642940e+06   3.5156250e+01
   5.1643480e+06   4.4250488e+01
   5.1884030e+06   3.3325195e+01
   5.1884220e+06   3.3447266e+01
   5.1884920e+06   3.3874512e+01
   5.1885300e+06   3.4545898e+01
   5.1886040e+06   3.4667969e+01
   5.1887840e+06   4.2846680e+01
   5.1888060e+06   4.0283203e+01
   5.1911800e+06   3.8024902e+01
   5.5046820e+06   3.3142090e+01
   5.5685840e+06   4.0954590e+01
   5.5687340e+06   3.9489746e+01
   5.5687630e+06   4.7058105e+01
   5.5688190e+06   3.3081055e+01
   5.5690300e+06   4.0588379e+01
   5.5690670e+06   3.4301758e+01
   5.9397790e+06   3.6865234e+01
   5.9398540e+06   3.6132812e+01
   5.9399090e+06   3.3996582e+01
   5.9404820e+06   3.3630371e+01
   5.9610700e+06   3.7841797e+01
   5.9611950e+06   4.1870117e+01
   5.9613370e+06   3.3386230e+01
   5.9615370e+06   3.6743164e+01
   5.9621880e+06   3.6560059e+01
   5.9629340e+06   3.4912109e+01
   5.9629720e+06   3.3935547e+01
   5.9641930e+06   3.4484863e+01
   6.2437900e+06   3.5095215e+01
   6.2536070e+06   3.3508301e+01
   6.2822420e+06   4.0161133e+01
   6.2823220e+06   3.7170410e+01
   6.3125570e+06   3.8208008e+01
   6.3216350e+06   3.7536621e+01
   6.3218040e+06   3.5278320e+01
   6.3226120e+06   3.4240723e+01
   6.3243070e+06   3.4179688e+01
   6.3252230e+06   3.3081055e+01
   6.6708810e+06   3.6437988e+01
   6.6709270e+06   4.3457031e+01
   6.6709910e+06   3.7658691e+01
   6.6710230e+06   4.3823242e+01
   6.6710470e+06   3.3569336e+01
   6.6720560e+06   3.7048340e+01
   6.6943880e+06   4.0222168e+01
   6.6948430e+06   3.7841797e+01
   6.6950930e+06   3.4118652e+01
   6.6954520e+06   3.3142090e+01
   6.6957500e+06   3.7475586e+01
   6.6965780e+06   3.5583496e+01
   6.6977020e+06   3.4118652e+01
   7.1133900e+06   3.6560059e+01
   7.1134800e+06   3.9916992e+01
   7.1134970e+06   4.0222168e+01
   7.1136340e+06   4.3334961e+01
   7.1146240e+06   3.4301758e+01
   7.2823340e+06   3.7719727e+01
   7.5471740e+06   3.4240723e+01
   7.5472550e+06   3.4606934e+01
   7.5472680e+06   3.6682129e+01
   7.5473120e+06   3.5217285e+01
   7.5475660e+06   3.5644531e+01
   7.5489440e+06   3.6315918e+01
   7.5513780e+06   3.4301758e+01
   7.5675650e+06   3.8146973e+01
   7.5683590e+06   3.4118652e+01
   7.7233770e+06   3.4545898e+01
   8.0677850e+06   4.8095703e+01
   8.0678580e+06   3.7475586e+01
   8.0678770e+06   3.5949707e+01
   8.0678960e+06   3.6560059e+01
   8.0689020e+06   3.4606934e+01
   8.0692580e+06   3.4057617e+01
   8.4001580e+06   3.9184570e+01
   8.4001860e+06   5.6457520e+01
   8.4012580e+06   3.3081055e+01
   8.4042800e+06   3.5827637e+01
   8.4175440e+06   3.6315918e+01
   8.4176700e+06   4.0466309e+01
   8.4178590e+06   3.4729004e+01
   8.4192210e+06   3.4912109e+01
   8.8412240e+06   4.0832520e+01
   8.8412780e+06   3.4790039e+01
   8.8413060e+06   3.8940430e+01
   8.8413240e+06   3.4851074e+01
   8.8414020e+06   3.4484863e+01
   8.8414910e+06   3.6071777e+01
   8.8416250e+06   3.5949707e+01
   8.8668460e+06   3.8391113e+01
   8.8670000e+06   3.5949707e+01
