   8.9970000e+06   0.0000000e+00
   3.1918900e+05   3.6926270e+01
   3.1922100e+05   4.9133301e+01
   3.1923700e+05   7.2631836e+01
   3.1925200e+05   4.4921875e+01
   3.1928400e+05   6.0424805e+01
   3.1931300e+05   4.4677734e+01
   3.1932300e+05   6.3293457e+01
   3.1935100e+05   6.8786621e+01
   3.1936600e+05   7.8125000e+01
   3.1940100e+05   5.2978516e+01
   3.1941800e+05   4.5410156e+01
   3.1944700e+05   8.2275391e+01
   3.1948000e+05   4.8706055e+01
   3.1949000e+05   5.3466797e+01
   3.1957400e+05   3.9855957e+01
   3.1960000e+05   4.0161133e+01
   3.1961700e+05   3.7658691e+01
   3.1963400e+05   3.6926270e+01
   3.1966600e+05   4.9865723e+01
   3.1967800e+05   4.3395996e+01
   3.1971000e+05   4.1564941e+01
   3.1975900e+05   4.0893555e+01
   3.1988800e+05   3.9184570e+01
   3.1994800e+05   3.7048340e+01
   3.2001000e+05   5.0476074e+01
   3.2012400e+05   3.7963867e+01
   3.2018800e+05   3.8391113e+01
   3.2026600e+05   5.5236816e+01
   3.2030600e+05   3.6987305e+01
   3.2040800e+05   3.7658691e+01
   3.2048400e+05   3.8879395e+01
   3.2054900e+05   4.8461914e+01
   3.2057000e+05   4.7119141e+01
   3.2063300e+05   3.7109375e+01
   3.2068200e+05   4.6447754e+01
   3.2088800e+05   4.8034668e+01
   3.2094900e+05   4.2053223e+01
   3.2101100e+05   4.0344238e+01
   3.2103500e+05   4.0954590e+01
   3.2111000e+05   6.4392090e+01
   3.2124700e+05   4.0893555e+01
   3.2133900e+05   4.3762207e+01
   3.2135700e+05   5.0476074e+01
   3.2146200e+05   4.5593262e+01
   3.2173100e+05   4.0466309e+01
   3.2176300e+05   7.6416016e+01
   3.2177400e+05   3.7475586e+01
   3.2189400e+05   4.4921875e+01
   3.2208700e+05   4.0954590e+01
   3.2212900e+05   3.8574219e+01
   3.2218000e+05   3.8879395e+01
   3.2223500e+05   4.2724609e+01
   3.2226900e+05   4.2907715e+01
   3.2231800e+05   4.6813965e+01
   3.2237000e+05   4.0405273e+01
   3.2268200e+05   4.1748047e+01
   3.2274100e+05   3.8818359e+01
   3.2286400e+05   3.9611816e+01
   3.2292000e+05   3.9855957e+01
   3.2385100e+05   3.8146973e+01
   3.2409200e+05   4.4799805e+01
   3.2434000e+05   4.5227051e+01
   3.2453800e+05   4.6936035e+01
   3.2630000e+05   4.1076660e+01
   3.2797500e+05   3.7780762e+01
   3.3788900e+05   4.2236328e+01
   3.3799800e+05   4.7546387e+01
   3.3804200e+05   3.7048340e+01
   3.3810600e+05   4.1931152e+01
   3.3812400e+05   4.9438477e+01
   3.3814500e+05   4.4006348e+01
   3.3817500e+05   3.9978027e+01
   3.3818900e+05   5.4809570e+01
   3.3821600e+05   4.1564941e+01
   3.3825400e+05   4.4555664e+01
   3.3828500e+05   5.0720215e+01
   3.3830500e+05   4.7119141e+01
   3.3832900e+05   6.5002441e+01
   3.3836400e+05   5.4260254e+01
   3.3840000e+05   3.8818359e+01
   3.3842600e+05   3.9367676e+01
   3.3846700e+05   3.9855957e+01
   3.3849400e+05   4.2053223e+01
   3.3851900e+05   5.4443359e+01
   3.3859800e+05   4.7119141e+01
   3.3871700e+05   4.1320801e+01
   3.3873600e+05   4.5410156e+01
   3.3882400e+05   4.1870117e+01
   3.3884800e+05   4.1320801e+01
   3.3896100e+05   3.8818359e+01
   3.3900500e+05   3.7353516e+01
   3.3905900e+05   3.8818359e+01
   3.3910100e+05   4.8645020e+01
   3.3912400e+05   3.9245605e+01
   3.3918200e+05   3.6987305e+01
   3.3921300e+05   3.8696289e+01
   3.3931100e+05   3.8757324e+01
   3.3934100e+05   3.7109375e+01
   3.3937100e+05   3.7353516e+01
   3.3940600e+05   3.7597656e+01
   3.3944300e+05   5.4443359e+01
   3.3946500e+05   4.9926758e+01
   3.3961800e+05   4.0832520e+01
   3.3966000e+05   4.2968750e+01
   3.3973800e+05   4.9743652e+01
   3.3980700e+05   4.2541504e+01
   3.4020600e+05   5.3771973e+01
   3.4026700e+05   4.6691895e+01
   3.4050300e+05   3.7170410e+01
   3.4063100e+05   4.3029785e+01
   3.4073000e+05   4.6081543e+01
   3.4078000e+05   4.4677734e+01
   3.4086400e+05   4.8095703e+01
   3.4100600e+05   3.7231445e+01
   3.4108700e+05   4.4250488e+01
   3.4135900e+05   4.2846680e+01
   3.4170900e+05   4.2846680e+01
   3.4258200e+05   4.1259766e+01
   8.0257400e+05   3.7048340e+01
   8.0427600e+05   3.9550781e+01
   8.0434900e+05   4.1015625e+01
   8.0445500e+05   3.7902832e+01
   8.0448800e+05   4.4189453e+01
   8.0450800e+05   5.7006836e+01
   8.0453700e+05   7.2082520e+01
   8.0455100e+05   4.6447754e+01
   8.0457200e+05   3.8146973e+01
   8.0459500e+05   5.4748535e+01
   8.0462600e+05   4.4433594e+01
   8.0463600e+05   4.7851562e+01
   8.0466500e+05   6.2500000e+01
   8.0467900e+05   3.9001465e+01
   8.0471000e+05   5.1940918e+01
   8.0472800e+05   5.0598145e+01
   8.0479200e+05   3.7170410e+01
   8.0482500e+05   4.3457031e+01
   8.0490500e+05   5.2734375e+01
   8.0494800e+05   4.5776367e+01
   8.0498800e+05   4.2724609e+01
   8.0507900e+05   3.7048340e+01
   8.0510000e+05   4.0100098e+01
   8.0514100e+05   4.1809082e+01
   8.0521400e+05   4.1748047e+01
   8.0524700e+05   4.2114258e+01
   8.0541600e+05   4.0100098e+01
   8.0555900e+05   3.7536621e+01
   8.0558500e+05   3.7597656e+01
   8.0563000e+05   3.9367676e+01
   8.0591700e+05   4.5043945e+01
   8.0601400e+05   3.7414551e+01
   8.0606600e+05   3.8208008e+01
   8.0611200e+05   3.9245605e+01
   8.0617100e+05   4.1931152e+01
   8.0621400e+05   4.2724609e+01
   8.0630800e+05   5.9204102e+01
   8.0633900e+05   3.7658691e+01
   8.0637000e+05   3.8391113e+01
   8.0653200e+05   4.2480469e+01
   8.0656800e+05   3.6926270e+01
   8.0661300e+05   4.3701172e+01
   8.0663400e+05   4.2907715e+01
   8.0675900e+05   5.5786133e+01
   8.0686200e+05   4.0466309e+01
   8.0699800e+05   3.9306641e+01
   8.0701900e+05   3.7963867e+01
   8.0708000e+05   4.0527344e+01
   8.0712900e+05   4.2297363e+01
   8.0732300e+05   3.9123535e+01
   8.0743900e+05   4.3212891e+01
   8.0802100e+05   3.8635254e+01
   8.0808300e+05   4.2602539e+01
   8.0811100e+05   5.1391602e+01
   8.0812300e+05   5.2246094e+01
   8.0815200e+05   3.9062500e+01
   8.0861100e+05   3.9489746e+01
   8.0880900e+05   3.7231445e+01
   8.0890500e+05   4.0161133e+01
   8.0908600e+05   3.9672852e+01
   8.0969000e+05   3.7170410e+01
   8.3411300e+05   3.9306641e+01
   8.3416100e+05   3.7353516e+01
   8.3418200e+05   4.1809082e+01
   8.3421300e+05   3.9611816e+01
   8.3426000e+05   4.9621582e+01
   8.3429900e+05   6.9458008e+01
   8.3431400e+05   5.7678223e+01
   8.3434100e+05   6.8969727e+01
   8.3437100e+05   3.9123535e+01
   8.3441200e+05   3.7963867e+01
   8.3442800e+05   5.6335449e+01
   8.3446300e+05   5.6518555e+01
   8.3448500e+05   5.5419922e+01
   8.3451400e+05   5.1330566e+01
   8.3453700e+05   5.1635742e+01
   8.3458800e+05   3.8024902e+01
   8.3462500e+05   3.7902832e+01
   8.3468500e+05   4.6569824e+01
   8.3469500e+05   4.1320801e+01
   8.3479700e+05   5.6518555e+01
   8.3488100e+05   4.1320801e+01
   8.3491800e+05   3.8208008e+01
   8.3497600e+05   4.7790527e+01
   8.3502200e+05   4.1076660e+01
   8.3507800e+05   4.2480469e+01
   8.3511600e+05   4.0100098e+01
   8.3512600e+05   5.1879883e+01
   8.3516300e+05   3.8879395e+01
   8.3519400e+05   3.9306641e+01
   8.3525800e+05   4.8889160e+01
   8.3528400e+05   4.2419434e+01
   8.3532400e+05   5.2612305e+01
   8.3538100e+05   4.4799805e+01
   8.3539600e+05   4.2419434e+01
   8.3545200e+05   5.3894043e+01
   8.3549300e+05   3.7841797e+01
   8.3556000e+05   4.1687012e+01
   8.3561200e+05   3.8635254e+01
   8.3565400e+05   4.9438477e+01
   8.3575500e+05   4.0283203e+01
   8.3580800e+05   3.8696289e+01
   8.3592000e+05   4.1015625e+01
   8.3600200e+05   4.3823242e+01
   8.3601400e+05   3.9184570e+01
   8.3609800e+05   3.9550781e+01
   8.3613400e+05   5.0781250e+01
   8.3626000e+05   4.1381836e+01
   8.3633300e+05   5.0231934e+01
   8.3650000e+05   4.1137695e+01
   8.3654800e+05   3.7109375e+01
   8.3659700e+05   3.7719727e+01
   8.3674600e+05   3.9916992e+01
   8.3678000e+05   5.8898926e+01
   8.3695400e+05   3.8024902e+01
   8.3719500e+05   3.8330078e+01
   8.3726300e+05   6.7321777e+01
   8.3750700e+05   3.8818359e+01
   8.3767000e+05   5.2490234e+01
   8.3789600e+05   5.0781250e+01
   8.3816600e+05   3.7170410e+01
   8.3847400e+05   3.8452148e+01
   8.3850400e+05   4.2846680e+01
   8.3943500e+05   4.0710449e+01
   8.4040900e+05   3.9672852e+01
   1.4440540e+06   4.1992188e+01
   1.4442540e+06   3.9611816e+01
   1.4443600e+06   4.3701172e+01
   1.4444090e+06   5.2917480e+01
   1.4444300e+06   3.8940430e+01
   1.4444540e+06   4.3029785e+01
   1.4444720e+06   4.4738770e+01
   1.4445090e+06   3.6926270e+01
   1.4445210e+06   7.4340820e+01
   1.4445410e+06   4.2846680e+01
   1.4445680e+06   4.4799805e+01
   1.4445990e+06   6.4270020e+01
   1.4446320e+06   4.8522949e+01
   1.4446750e+06   4.5837402e+01
   1.4447170e+06   4.3090820e+01
   1.4447520e+06   4.1259766e+01
   1.4447810e+06   4.6264648e+01
   1.4448510e+06   3.7841797e+01
   1.4448720e+06   3.9978027e+01
   1.4449690e+06   7.0556641e+01
   1.4450460e+06   3.9245605e+01
   1.4450750e+06   4.0649414e+01
   1.4451600e+06   3.8146973e+01
   1.4452420e+06   5.2490234e+01
   1.4455390e+06   4.4250488e+01
   1.4457930e+06   3.8024902e+01
   1.4459140e+06   4.1870117e+01
   1.4459380e+06   4.0954590e+01
   1.4459940e+06   4.3151855e+01
   1.4460300e+06   4.1076660e+01
   1.4461100e+06   4.7363281e+01
   1.4463250e+06   5.9448242e+01
   1.4464270e+06   4.1870117e+01
   1.4464900e+06   5.4016113e+01
   1.4467270e+06   4.1015625e+01
   1.4467710e+06   4.1442871e+01
   1.4468010e+06   3.9611816e+01
   1.4468260e+06   4.0954590e+01
   1.4468870e+06   4.2175293e+01
   1.4469790e+06   4.4433594e+01
   1.4470860e+06   3.8757324e+01
   1.4472460e+06   4.0710449e+01
   1.4472750e+06   3.7658691e+01
   1.4474510e+06   3.7048340e+01
   1.4476570e+06   3.7780762e+01
   1.4476690e+06   3.9062500e+01
   1.4476940e+06   3.8024902e+01
   1.4477460e+06   3.8940430e+01
   1.4478330e+06   4.1076660e+01
   1.4478660e+06   3.8696289e+01
   1.4482880e+06   3.9550781e+01
   1.4485530e+06   4.4494629e+01
   1.4486310e+06   4.0161133e+01
   1.4489320e+06   3.9245605e+01
   1.4490570e+06   3.7109375e+01
   1.4491990e+06   3.7963867e+01
   1.4495290e+06   4.8828125e+01
   1.4499070e+06   3.9184570e+01
   1.4501080e+06   4.2114258e+01
   1.4506340e+06   4.4128418e+01
   1.4518490e+06   4.2114258e+01
   1.4531460e+06   3.7536621e+01
   1.4707100e+06   4.5349121e+01
   1.4707460e+06   3.9367676e+01
   1.4707740e+06   6.4514160e+01
   1.4707990e+06   4.8706055e+01
   1.4708190e+06   4.2480469e+01
   1.4708320e+06   6.8908691e+01
   1.4708650e+06   4.7607422e+01
   1.4708970e+06   4.7058105e+01
   1.4709110e+06   4.3518066e+01
   1.4709350e+06   7.7209473e+01
   1.4709640e+06   7.4096680e+01
   1.4709760e+06   6.1584473e+01
   1.4710150e+06   5.1086426e+01
   1.4710410e+06   5.2124023e+01
   1.4710540e+06   4.2602539e+01
   1.4710800e+06   4.7729492e+01
   1.4711360e+06   3.7109375e+01
   1.4711920e+06   5.2795410e+01
   1.4712070e+06   4.9804688e+01
   1.4713030e+06   4.1503906e+01
   1.4713340e+06   5.5786133e+01
   1.4713780e+06   3.7841797e+01
   1.4714030e+06   3.7109375e+01
   1.4714340e+06   6.7199707e+01
   1.4714450e+06   3.8574219e+01
   1.4714920e+06   4.1015625e+01
   1.4715710e+06   4.7180176e+01
   1.4716210e+06   3.6926270e+01
   1.4717280e+06   5.1818848e+01
   1.4717600e+06   5.5786133e+01
   1.4719210e+06   4.5654297e+01
   1.4720220e+06   5.3710938e+01
   1.4720690e+06   4.8828125e+01
   1.4720980e+06   4.2663574e+01
   1.4721180e+06   3.9978027e+01
   1.4721550e+06   4.4921875e+01
   1.4726050e+06   4.2968750e+01
   1.4727150e+06   3.8818359e+01
   1.4727350e+06   4.4189453e+01
   1.4727800e+06   4.1625977e+01
   1.4728730e+06   3.9062500e+01
   1.4730700e+06   5.6030273e+01
   1.4730820e+06   4.7485352e+01
   1.4732230e+06   4.1564941e+01
   1.4734070e+06   3.8574219e+01
   1.4734540e+06   3.9306641e+01
   1.4734840e+06   3.8757324e+01
   1.4735970e+06   4.4433594e+01
   1.4738000e+06   3.8024902e+01
   1.4738760e+06   4.6142578e+01
   1.4740380e+06   4.5288086e+01
   1.4741930e+06   4.7790527e+01
   1.4743190e+06   3.8391113e+01
   1.4746610e+06   3.7170410e+01
   1.4746930e+06   3.7719727e+01
   1.4748730e+06   3.8452148e+01
   1.4759190e+06   3.8696289e+01
   1.9938070e+06   5.2612305e+01
   1.9939040e+06   5.5114746e+01
   1.9939460e+06   3.8085938e+01
   1.9939560e+06   3.9855957e+01
   1.9939700e+06   5.7800293e+01
   1.9939850e+06   3.8330078e+01
   1.9940090e+06   4.4189453e+01
   1.9940340e+06   5.2246094e+01
   1.9940610e+06   3.9611816e+01
   1.9940800e+06   3.9916992e+01
   1.9940960e+06   3.9245605e+01
   1.9941060e+06   6.5246582e+01
   1.9941650e+06   3.8574219e+01
   1.9941920e+06   4.9316406e+01
   1.9942060e+06   4.1503906e+01
   1.9942300e+06   4.4677734e+01
   1.9942730e+06   5.4321289e+01
   1.9942990e+06   4.6752930e+01
   1.9943570e+06   5.3894043e+01
   1.9944300e+06   3.7292480e+01
   1.9944980e+06   3.9855957e+01
   1.9945260e+06   3.7902832e+01
   1.9945540e+06   3.7414551e+01
   1.9946270e+06   4.6386719e+01
   1.9946790e+06   4.0893555e+01
   1.9946930e+06   6.1584473e+01
   1.9948230e+06   3.6987305e+01
   1.9948730e+06   3.7536621e+01
   1.9950770e+06   4.1259766e+01
   1.9951240e+06   4.0832520e+01
   1.9951710e+06   3.7353516e+01
   1.9952920e+06   3.8330078e+01
   1.9953530e+06   4.6875000e+01
   1.9955410e+06   3.7963867e+01
   1.9956570e+06   4.4250488e+01
   1.9957230e+06   5.3771973e+01
   1.9957350e+06   4.6691895e+01
   1.9958000e+06   4.3090820e+01
   1.9959570e+06   3.8146973e+01
   1.9960800e+06   4.6325684e+01
   1.9961520e+06   4.6142578e+01
   1.9962020e+06   3.7414551e+01
   1.9962330e+06   3.7719727e+01
   1.9963220e+06   4.1564941e+01
   1.9963430e+06   4.3762207e+01
   1.9965220e+06   4.0649414e+01
   1.9965340e+06   5.2429199e+01
   1.9965950e+06   3.7536621e+01
   1.9966310e+06   4.7607422e+01
   1.9966900e+06   4.0405273e+01
   1.9967990e+06   3.8696289e+01
   1.9968700e+06   4.0405273e+01
   1.9970000e+06   4.3212891e+01
   1.9972970e+06   4.1931152e+01
   1.9974450e+06   4.1442871e+01
   1.9976770e+06   3.7353516e+01
   1.9978390e+06   3.9428711e+01
   1.9979110e+06   3.6987305e+01
   1.9986770e+06   3.6926270e+01
   1.9987860e+06   4.1076660e+01
   1.9988530e+06   6.3171387e+01
   1.9998810e+06   3.6987305e+01
   2.0021170e+06   3.8635254e+01
   2.0022080e+06   3.9733887e+01
   2.0177030e+06   4.2175293e+01
   2.0177810e+06   4.1564941e+01
   2.0178290e+06   4.1809082e+01
   2.0178560e+06   6.9519043e+01
   2.0178690e+06   4.6508789e+01
   2.0178980e+06   3.8696289e+01
   2.0179660e+06   5.6762695e+01
   2.0179980e+06   4.7241211e+01
   2.0180140e+06   6.8908691e+01
   2.0180720e+06   5.5725098e+01
   2.0180890e+06   6.8298340e+01
   2.0181140e+06   5.7373047e+01
   2.0181580e+06   5.0903320e+01
   2.0181760e+06   3.7109375e+01
   2.0182000e+06   3.8574219e+01
   2.0182280e+06   3.6987305e+01
   2.0182490e+06   4.0466309e+01
   2.0182610e+06   5.4382324e+01
   2.0183230e+06   4.7058105e+01
   2.0183750e+06   3.7231445e+01
   2.0184180e+06   5.7922363e+01
   2.0184610e+06   4.1198730e+01
   2.0185070e+06   5.3588867e+01
   2.0185980e+06   4.2968750e+01
   2.0187100e+06   5.0598145e+01
   2.0187370e+06   4.5166016e+01
   2.0188470e+06   3.7170410e+01
   2.0189640e+06   5.4809570e+01
   2.0190340e+06   3.7902832e+01
   2.0191140e+06   4.1137695e+01
   2.0192610e+06   5.5053711e+01
   2.0193540e+06   3.7658691e+01
   2.0193660e+06   4.2785645e+01
   2.0194240e+06   3.9367676e+01
   2.0194460e+06   3.9672852e+01
   2.0194740e+06   3.9001465e+01
   2.0195420e+06   3.8208008e+01
   2.0195700e+06   3.8330078e+01
   2.0196060e+06   3.7231445e+01
   2.0196740e+06   3.8269043e+01
   2.0196860e+06   3.8757324e+01
   2.0200490e+06   3.9367676e+01
   2.0200710e+06   4.0100098e+01
   2.0201090e+06   4.2907715e+01
   2.0201890e+06   3.6987305e+01
   2.0202220e+06   4.1564941e+01
   2.0204430e+06   3.8879395e+01
   2.0205950e+06   3.8024902e+01
   2.0206470e+06   4.1381836e+01
   2.0206570e+06   3.8696289e+01
   2.0207030e+06   3.7292480e+01
   2.0207400e+06   4.5593262e+01
   2.0207830e+06   4.1137695e+01
   2.0208890e+06   3.9306641e+01
   2.0210260e+06   3.8024902e+01
   2.0212420e+06   5.4565430e+01
   2.0212640e+06   4.5410156e+01
   2.0222820e+06   3.9978027e+01
   2.0224150e+06   3.8513184e+01
   2.0231490e+06   4.3395996e+01
   2.3799100e+06   3.7719727e+01
   2.7256600e+06   4.7241211e+01
   2.7256950e+06   4.4555664e+01
   2.7257620e+06   5.2612305e+01
   2.7257790e+06   5.7250977e+01
   2.7258220e+06   5.1574707e+01
   2.7258410e+06   4.0527344e+01
   2.7258600e+06   7.0617676e+01
   2.7258890e+06   4.2114258e+01
   2.7259410e+06   5.7067871e+01
   2.7259820e+06   3.7963867e+01
   2.7259970e+06   4.7729492e+01
   2.7260420e+06   5.4687500e+01
   2.7260850e+06   4.1259766e+01
   2.7261010e+06   6.9213867e+01
   2.7261320e+06   5.2429199e+01
   2.7261840e+06   4.6386719e+01
   2.7261960e+06   4.5593262e+01
   2.7262560e+06   4.6752930e+01
   2.7262670e+06   7.0190430e+01
   2.7263070e+06   3.9978027e+01
   2.7263290e+06   4.4555664e+01
   2.7263470e+06   4.8583984e+01
   2.7264430e+06   4.2968750e+01
   2.7264560e+06   3.8452148e+01
   2.7266140e+06   4.1564941e+01
   2.7266860e+06   3.7963867e+01
   2.7268260e+06   3.8696289e+01
   2.7268780e+06   3.6926270e+01
   2.7269600e+06   4.0283203e+01
   2.7270490e+06   3.8146973e+01
   2.7270850e+06   3.9672852e+01
   2.7271930e+06   4.3273926e+01
   2.7272500e+06   4.8706055e+01
   2.7273060e+06   4.2480469e+01
   2.7273490e+06   4.1320801e+01
   2.7274590e+06   4.0222168e+01
   2.7275410e+06   4.5410156e+01
   2.7275930e+06   4.9255371e+01
   2.7278350e+06   3.9978027e+01
   2.7279480e+06   4.3334961e+01
   2.7280010e+06   4.9316406e+01
   2.7280180e+06   4.3273926e+01
   2.7280370e+06   4.1564941e+01
   2.7280560e+06   3.7231445e+01
   2.7281190e+06   5.0415039e+01
   2.7284020e+06   3.7719727e+01
   2.7284650e+06   3.8940430e+01
   2.7284920e+06   3.7597656e+01
   2.7288360e+06   3.7231445e+01
   2.7289100e+06   6.3049316e+01
   2.7289580e+06   4.1809082e+01
   2.7290000e+06   3.8574219e+01
   2.7290910e+06   4.0893555e+01
   2.7292240e+06   4.2907715e+01
   2.7292900e+06   4.0649414e+01
   2.7293520e+06   3.7170410e+01
   2.7294310e+06   3.8208008e+01
   2.7294780e+06   3.7231445e+01
   2.7296030e+06   3.7170410e+01
   2.7299270e+06   4.2480469e+01
   2.7299610e+06   3.9916992e+01
   2.7299720e+06   4.1076660e+01
   2.7300630e+06   4.7302246e+01
   2.7305150e+06   3.6926270e+01
   2.7305420e+06   3.7841797e+01
   2.7308520e+06   3.7963867e+01
   2.7310170e+06   4.0039062e+01
   2.7439730e+06   3.7353516e+01
   2.7440000e+06   3.7841797e+01
   2.7440230e+06   4.2419434e+01
   2.7440710e+06   3.8452148e+01
   2.7441100e+06   5.0964355e+01
   2.7441410e+06   5.0415039e+01
   2.7441670e+06   4.2846680e+01
   2.7441840e+06   5.4809570e+01
   2.7442350e+06   4.6752930e+01
   2.7442750e+06   5.4565430e+01
   2.7443260e+06   4.0649414e+01
   2.7443600e+06   5.2551270e+01
   2.7443930e+06   4.8828125e+01
   2.7444160e+06   4.3762207e+01
   2.7444520e+06   3.7658691e+01
   2.7444840e+06   3.8818359e+01
   2.7445420e+06   4.6447754e+01
   2.7445550e+06   4.2602539e+01
   2.7446100e+06   3.7109375e+01
   2.7447110e+06   4.3457031e+01
   2.7448250e+06   4.8767090e+01
   2.7449950e+06   4.0405273e+01
   2.7451220e+06   3.8146973e+01
   2.7451550e+06   4.7729492e+01
   2.7452370e+06   4.2968750e+01
   2.7455150e+06   4.1748047e+01
   2.7455310e+06   3.8574219e+01
   2.7455760e+06   4.3518066e+01
   2.7456260e+06   4.3701172e+01
   2.7458350e+06   3.6926270e+01
   2.7458780e+06   3.8452148e+01
   2.7461980e+06   3.7963867e+01
   2.7462610e+06   4.0161133e+01
   2.7462900e+06   4.2846680e+01
   2.7465820e+06   4.5227051e+01
   2.7466270e+06   3.9794922e+01
   2.7467040e+06   4.5837402e+01
   2.7471770e+06   3.7780762e+01
   2.7472060e+06   3.8757324e+01
   2.7472310e+06   3.9550781e+01
   2.7474320e+06   4.2968750e+01
   2.7478030e+06   3.8208008e+01
   2.7478590e+06   3.7536621e+01
   2.7479670e+06   3.7719727e+01
   2.7480450e+06   3.6926270e+01
   2.7483220e+06   3.7841797e+01
   2.7483980e+06   4.0893555e+01
   2.7493050e+06   3.7536621e+01
   3.2058110e+06   4.4128418e+01
   3.2058710e+06   4.9255371e+01
   3.2059600e+06   4.2724609e+01
   3.2059720e+06   4.5166016e+01
   3.2059920e+06   4.4738770e+01
   3.2060260e+06   6.8298340e+01
   3.2060520e+06   3.9794922e+01
   3.2060920e+06   4.5349121e+01
   3.2061200e+06   7.4768066e+01
   3.2061300e+06   4.0649414e+01
   3.2061600e+06   6.1706543e+01
   3.2061940e+06   4.1381836e+01
   3.2062130e+06   3.7109375e+01
   3.2062450e+06   6.5368652e+01
   3.2062690e+06   4.3640137e+01
   3.2063020e+06   3.7963867e+01
   3.2063580e+06   3.7109375e+01
   3.2064050e+06   4.7485352e+01
   3.2065040e+06   4.1198730e+01
   3.2066050e+06   3.8269043e+01
   3.2066450e+06   4.2907715e+01
   3.2066590e+06   6.1279297e+01
   3.2066800e+06   3.9978027e+01
   3.2067900e+06   4.9560547e+01
   3.2069480e+06   4.0588379e+01
   3.2069610e+06   4.2114258e+01
   3.2070340e+06   4.1748047e+01
   3.2072510e+06   4.5776367e+01
   3.2072970e+06   3.8696289e+01
   3.2075120e+06   4.8339844e+01
   3.2075600e+06   4.0832520e+01
   3.2076590e+06   4.8522949e+01
   3.2076860e+06   4.7119141e+01
   3.2079020e+06   4.4860840e+01
   3.2079550e+06   3.7048340e+01
   3.2080050e+06   3.9184570e+01
   3.2080370e+06   6.6528320e+01
   3.2081110e+06   4.1259766e+01
   3.2081260e+06   3.9855957e+01
   3.2081860e+06   3.8146973e+01
   3.2082840e+06   4.6813965e+01
   3.2083750e+06   4.1687012e+01
   3.2084500e+06   3.8085938e+01
   3.2084790e+06   4.0344238e+01
   3.2085170e+06   3.7658691e+01
   3.2085460e+06   3.7658691e+01
   3.2086710e+06   3.8757324e+01
   3.2087780e+06   4.3518066e+01
   3.2088750e+06   3.7536621e+01
   3.2089010e+06   3.7658691e+01
   3.2089440e+06   3.9672852e+01
   3.2090270e+06   4.4799805e+01
   3.2094290e+06   4.6447754e+01
   3.2095040e+06   3.8330078e+01
   3.2095460e+06   4.0893555e+01
   3.2096410e+06   4.1320801e+01
   3.2097630e+06   3.9184570e+01
   3.2100250e+06   3.9611816e+01
   3.2101660e+06   4.0405273e+01
   3.2110540e+06   3.8513184e+01
   3.2115470e+06   4.2907715e+01
   3.2125350e+06   3.8574219e+01
   3.2281900e+06   5.1452637e+01
   3.2283310e+06   4.1320801e+01
   3.2283640e+06   5.6945801e+01
   3.2283950e+06   6.2683105e+01
   3.2284170e+06   4.1198730e+01
   3.2284370e+06   5.6884766e+01
   3.2284700e+06   5.9936523e+01
   3.2285470e+06   6.0729980e+01
   3.2285760e+06   7.5561523e+01
   3.2286060e+06   4.1259766e+01
   3.2286270e+06   4.0893555e+01
   3.2286500e+06   4.1503906e+01
   3.2286830e+06   6.2316895e+01
   3.2287140e+06   6.4697266e+01
   3.2287400e+06   3.9611816e+01
   3.2287900e+06   3.9428711e+01
   3.2288540e+06   4.4067383e+01
   3.2288750e+06   5.3283691e+01
   3.2289030e+06   3.9001465e+01
   3.2290680e+06   3.7597656e+01
   3.2290780e+06   4.5471191e+01
   3.2291580e+06   5.0109863e+01
   3.2292190e+06   4.7424316e+01
   3.2292360e+06   3.7780762e+01
   3.2293310e+06   3.9916992e+01
   3.2293820e+06   5.1452637e+01
   3.2294760e+06   4.2114258e+01
   3.2294930e+06   3.8024902e+01
   3.2295290e+06   3.7231445e+01
   3.2296550e+06   3.6987305e+01
   3.2297580e+06   3.8391113e+01
   3.2297780e+06   5.3039551e+01
   3.2298190e+06   4.3579102e+01
   3.2298330e+06   5.2124023e+01
   3.2298560e+06   4.5166016e+01
   3.2299420e+06   3.7414551e+01
   3.2299800e+06   3.7841797e+01
   3.2300810e+06   4.4555664e+01
   3.2301180e+06   3.7597656e+01
   3.2301630e+06   4.0893555e+01
   3.2302440e+06   4.2541504e+01
   3.2302990e+06   3.8330078e+01
   3.2303510e+06   4.5349121e+01
   3.2305430e+06   4.1442871e+01
   3.2305770e+06   3.8269043e+01
   3.2309380e+06   4.2114258e+01
   3.2312230e+06   4.6875000e+01
   3.2314150e+06   4.0405273e+01
   3.2315250e+06   3.9611816e+01
   3.2315830e+06   3.9733887e+01
   3.2316810e+06   3.7536621e+01
   3.2359630e+06   3.8391113e+01
   3.7616600e+06   4.5776367e+01
   3.7617120e+06   5.8288574e+01
   3.7617420e+06   4.1381836e+01
   3.7617740e+06   4.9499512e+01
   3.7617880e+06   4.4311523e+01
   3.7618190e+06   4.6630859e+01
   3.7618380e+06   4.5471191e+01
   3.7618510e+06   4.5104980e+01
   3.7618800e+06   9.8022461e+01
   3.7619150e+06   4.1015625e+01
   3.7619440e+06   5.2978516e+01
   3.7619730e+06   4.2175293e+01
   3.7619860e+06   4.0405273e+01
   3.7620190e+06   3.7780762e+01
   3.7620350e+06   4.0039062e+01
   3.7620880e+06   4.1137695e+01
   3.7621280e+06   4.1381836e+01
   3.7621510e+06   4.4799805e+01
   3.7621820e+06   3.7658691e+01
   3.7622540e+06   3.8085938e+01
   3.7623230e+06   4.1259766e+01
   3.7625010e+06   4.5227051e+01
   3.7626340e+06   4.5349121e+01
   3.7626520e+06   3.9672852e+01
   3.7627140e+06   5.1879883e+01
   3.7627730e+06   4.0588379e+01
   3.7627910e+06   5.0048828e+01
   3.7628870e+06   4.2480469e+01
   3.7630110e+06   4.6203613e+01
   3.7631920e+06   4.0466309e+01
   3.7632270e+06   4.8950195e+01
   3.7632900e+06   4.8095703e+01
   3.7633100e+06   4.8461914e+01
   3.7633310e+06   3.8818359e+01
   3.7633490e+06   4.4189453e+01
   3.7634880e+06   3.8452148e+01
   3.7635380e+06   3.8085938e+01
   3.7636360e+06   5.0415039e+01
   3.7637480e+06   3.9978027e+01
   3.7637860e+06   4.8706055e+01
   3.7640270e+06   3.8208008e+01
   3.7641520e+06   3.9611816e+01
   3.7642100e+06   4.8400879e+01
   3.7642560e+06   4.5349121e+01
   3.7642870e+06   5.2429199e+01
   3.7643640e+06   4.7607422e+01
   3.7645800e+06   4.8706055e+01
   3.7646890e+06   3.9306641e+01
   3.7647540e+06   3.8696289e+01
   3.7650100e+06   3.9062500e+01
   3.7651180e+06   3.8024902e+01
   3.7652120e+06   4.1259766e+01
   3.7652320e+06   4.8278809e+01
   3.7655790e+06   4.1320801e+01
   3.7656230e+06   3.9184570e+01
   3.7663480e+06   4.0100098e+01
   3.7678460e+06   4.5959473e+01
   3.7697060e+06   3.8146973e+01
   3.7807620e+06   4.0893555e+01
   3.7808150e+06   3.8208008e+01
   3.7808460e+06   4.6386719e+01
   3.7808770e+06   6.2438965e+01
   3.7808970e+06   4.7241211e+01
   3.7809070e+06   4.3823242e+01
   3.7809370e+06   4.7119141e+01
   3.7809800e+06   5.5908203e+01
   3.7809930e+06   5.3161621e+01
   3.7810200e+06   4.8645020e+01
   3.7810500e+06   4.0588379e+01
   3.7810700e+06   5.3405762e+01
   3.7810920e+06   4.1748047e+01
   3.7812200e+06   5.0415039e+01
   3.7812400e+06   3.8146973e+01
   3.7812680e+06   4.5776367e+01
   3.7814430e+06   4.4128418e+01
   3.7815370e+06   3.7963867e+01
   3.7815630e+06   4.7546387e+01
   3.7817110e+06   3.6987305e+01
   3.7817900e+06   3.8024902e+01
   3.7818070e+06   4.1931152e+01
   3.7818360e+06   4.1381836e+01
   3.7818650e+06   3.7353516e+01
   3.7819170e+06   3.7658691e+01
   3.7820880e+06   3.8818359e+01
   3.7821540e+06   3.7780762e+01
   3.7822040e+06   5.5847168e+01
   3.7823440e+06   3.8269043e+01
   3.7826230e+06   3.9550781e+01
   3.7826980e+06   3.9428711e+01
   3.7827320e+06   4.1076660e+01
   3.7828720e+06   4.1748047e+01
   3.7829340e+06   3.8085938e+01
   3.7829780e+06   4.5410156e+01
   3.7831170e+06   4.0954590e+01
   3.7831700e+06   4.8645020e+01
   3.7833040e+06   3.7841797e+01
   3.7833370e+06   4.1625977e+01
   3.7835050e+06   4.7790527e+01
   3.7835490e+06   4.9926758e+01
   3.7838810e+06   3.7658691e+01
   3.7839370e+06   5.6701660e+01
   3.7839580e+06   4.0466309e+01
   3.7844080e+06   5.2368164e+01
   3.7844760e+06   3.7780762e+01
   3.7845100e+06   4.2175293e+01
   3.7845460e+06   3.9428711e+01
   3.7849130e+06   3.8696289e+01
   3.7849920e+06   3.8208008e+01
   3.7853440e+06   3.7109375e+01
   3.7869830e+06   4.1931152e+01
   4.2979370e+06   3.7536621e+01
   4.2979970e+06   4.2053223e+01
   4.2980100e+06   5.9265137e+01
   4.2980440e+06   5.8410645e+01
   4.2980620e+06   6.0668945e+01
   4.2980900e+06   5.2673340e+01
   4.2981100e+06   3.8024902e+01
   4.2981400e+06   6.7749023e+01
   4.2981860e+06   4.5104980e+01
   4.2982240e+06   4.6081543e+01
   4.2982560e+06   4.6875000e+01
   4.2982810e+06   5.5175781e+01
   4.2982920e+06   3.8635254e+01
   4.2983280e+06   4.5959473e+01
   4.2984260e+06   4.1076660e+01
   4.2984410e+06   4.5715332e+01
   4.2984650e+06   4.8461914e+01
   4.2985050e+06   4.6508789e+01
   4.2985230e+06   4.0527344e+01
   4.2985620e+06   3.7109375e+01
   4.2986550e+06   3.7292480e+01
   4.2986880e+06   3.9001465e+01
   4.2987220e+06   4.0954590e+01
   4.2988220e+06   3.8635254e+01
   4.2988530e+06   3.8818359e+01
   4.2988720e+06   4.1381836e+01
   4.2989090e+06   4.9987793e+01
   4.2989780e+06   3.7963867e+01
   4.2993300e+06   3.7048340e+01
   4.2994030e+06   3.9672852e+01
   4.2994490e+06   3.8269043e+01
   4.2995410e+06   4.4738770e+01
   4.2995610e+06   3.7719727e+01
   4.2996790e+06   4.5043945e+01
   4.2997330e+06   4.6752930e+01
   4.2998540e+06   4.1137695e+01
   4.2999670e+06   3.9428711e+01
   4.3000590e+06   4.0588379e+01
   4.3002410e+06   4.0466309e+01
   4.3003360e+06   3.7963867e+01
   4.3004860e+06   3.9001465e+01
   4.3005240e+06   4.0344238e+01
   4.3006400e+06   4.3579102e+01
   4.3006560e+06   4.0466309e+01
   4.3007620e+06   3.8391113e+01
   4.3008280e+06   4.2541504e+01
   4.3009330e+06   5.8532715e+01
   4.3010560e+06   3.9306641e+01
   4.3014140e+06   3.7170410e+01
   4.3014590e+06   4.2053223e+01
   4.3015900e+06   4.1259766e+01
   4.3016210e+06   3.8635254e+01
   4.3018800e+06   4.2785645e+01
   4.3020490e+06   4.0710449e+01
   4.3024980e+06   3.7658691e+01
   4.3029310e+06   3.7841797e+01
   4.3206080e+06   4.7485352e+01
   4.3207190e+06   4.5898438e+01
   4.3207740e+06   4.2785645e+01
   4.3207890e+06   5.3771973e+01
   4.3208210e+06   4.2358398e+01
   4.3208480e+06   6.1096191e+01
   4.3208610e+06   4.4494629e+01
   4.3208760e+06   5.0415039e+01
   4.3209080e+06   7.7087402e+01
   4.3209440e+06   5.0903320e+01
   4.3209650e+06   5.6030273e+01
   4.3209920e+06   4.0954590e+01
   4.3210110e+06   4.2602539e+01
   4.3210900e+06   4.5715332e+01
   4.3211310e+06   4.2846680e+01
   4.3211650e+06   4.5104980e+01
   4.3211930e+06   3.9428711e+01
   4.3212090e+06   3.8146973e+01
   4.3212570e+06   4.4494629e+01
   4.3213030e+06   4.2480469e+01
   4.3213380e+06   5.3283691e+01
   4.3213760e+06   3.7719727e+01
   4.3214340e+06   4.1320801e+01
   4.3214570e+06   4.0771484e+01
   4.3214740e+06   4.3395996e+01
   4.3214990e+06   3.9672852e+01
   4.3215290e+06   3.7902832e+01
   4.3216790e+06   3.9245605e+01
   4.3217980e+06   4.8767090e+01
   4.3218570e+06   4.1687012e+01
   4.3220090e+06   4.2480469e+01
   4.3220700e+06   4.3395996e+01
   4.3221430e+06   3.7841797e+01
   4.3222000e+06   4.1137695e+01
   4.3222170e+06   4.1564941e+01
   4.3222530e+06   4.2724609e+01
   4.3222820e+06   5.6701660e+01
   4.3224260e+06   3.7048340e+01
   4.3225680e+06   4.0405273e+01
   4.3226290e+06   3.7048340e+01
   4.3227030e+06   4.1198730e+01
   4.3227380e+06   3.6987305e+01
   4.3227870e+06   3.8208008e+01
   4.3228650e+06   4.1442871e+01
   4.3229080e+06   3.8391113e+01
   4.3230020e+06   3.7048340e+01
   4.3231380e+06   4.3579102e+01
   4.3231750e+06   4.4067383e+01
   4.3232740e+06   3.7780762e+01
   4.3233760e+06   4.8522949e+01
   4.3234650e+06   4.1259766e+01
   4.3235470e+06   3.7292480e+01
   4.3236500e+06   4.0283203e+01
   4.3240620e+06   4.0344238e+01
   4.3240820e+06   4.1564941e+01
   4.3244410e+06   3.9978027e+01
   4.3253070e+06   4.4067383e+01
   4.3254220e+06   3.7414551e+01
   4.6467770e+06   4.0466309e+01
   4.6468400e+06   3.7841797e+01
   4.6468540e+06   6.9519043e+01
   4.6469270e+06   6.6284180e+01
   4.6469500e+06   4.8461914e+01
   4.6469810e+06   6.2988281e+01
   4.6470090e+06   3.9367676e+01
   4.6470320e+06   4.4738770e+01
   4.6470540e+06   4.4616699e+01
   4.6470870e+06   5.8044434e+01
   4.6470970e+06   4.3151855e+01
   4.6471320e+06   4.7668457e+01
   4.6471920e+06   5.1086426e+01
   4.6472930e+06   4.3579102e+01
   4.6473310e+06   3.7170410e+01
   4.6474440e+06   5.8898926e+01
   4.6475450e+06   3.7719727e+01
   4.6475860e+06   4.9621582e+01
   4.6476570e+06   4.4006348e+01
   4.6476700e+06   4.3762207e+01
   4.6477120e+06   4.5227051e+01
   4.6477400e+06   4.0466309e+01
   4.6479440e+06   3.8879395e+01
   4.6480320e+06   4.3457031e+01
   4.6480660e+06   4.3457031e+01
   4.6481980e+06   4.7180176e+01
   4.6482380e+06   4.0710449e+01
   4.6483340e+06   3.7597656e+01
   4.6483870e+06   4.0039062e+01
   4.6484390e+06   3.8940430e+01
   4.6486150e+06   3.7170410e+01
   4.6486500e+06   3.7353516e+01
   4.6487420e+06   4.9865723e+01
   4.6487860e+06   4.4677734e+01
   4.6488690e+06   4.3151855e+01
   4.6488970e+06   3.7414551e+01
   4.6492490e+06   4.3457031e+01
   4.6493060e+06   3.8757324e+01
   4.6493360e+06   3.9855957e+01
   4.6494280e+06   3.7170410e+01
   4.6495880e+06   4.6020508e+01
   4.6496290e+06   4.5837402e+01
   4.6498790e+06   3.9916992e+01
   4.6509190e+06   4.0588379e+01
   4.6518730e+06   4.3701172e+01
   4.6537240e+06   3.9306641e+01
   4.6726730e+06   7.0190430e+01
   4.6726950e+06   4.0283203e+01
   4.6727530e+06   4.3762207e+01
   4.6727810e+06   9.4055176e+01
   4.6727950e+06   6.5856934e+01
   4.6728210e+06   3.9550781e+01
   4.6728530e+06   3.8146973e+01
   4.6728770e+06   3.7231445e+01
   4.6728970e+06   8.1909180e+01
   4.6729130e+06   7.2509766e+01
   4.6729690e+06   4.3579102e+01
   4.6730100e+06   5.7373047e+01
   4.6730280e+06   5.0415039e+01
   4.6730460e+06   5.9020996e+01
   4.6731010e+06   5.2673340e+01
   4.6731290e+06   3.9062500e+01
   4.6732340e+06   4.7912598e+01
   4.6733200e+06   4.0161133e+01
   4.6733410e+06   3.8024902e+01
   4.6733530e+06   4.1137695e+01
   4.6733890e+06   6.0241699e+01
   4.6735100e+06   4.5471191e+01
   4.6737490e+06   4.7973633e+01
   4.6738170e+06   4.2541504e+01
   4.6738560e+06   5.0170898e+01
   4.6738870e+06   5.1330566e+01
   4.6739170e+06   3.8818359e+01
   4.6739580e+06   3.7048340e+01
   4.6740980e+06   4.3151855e+01
   4.6741550e+06   5.0781250e+01
   4.6741850e+06   4.8339844e+01
   4.6741980e+06   5.1147461e+01
   4.6744460e+06   4.0527344e+01
   4.6745170e+06   3.9245605e+01
   4.6745340e+06   4.6203613e+01
   4.6745990e+06   4.3518066e+01
   4.6748710e+06   4.0710449e+01
   4.6749040e+06   3.8696289e+01
   4.6749430e+06   5.7922363e+01
   4.6751350e+06   3.8513184e+01
   4.6752970e+06   4.1137695e+01
   4.6753260e+06   3.8757324e+01
   4.6757280e+06   3.8085938e+01
   4.6760450e+06   3.7597656e+01
   4.6761700e+06   3.9550781e+01
   4.6764150e+06   3.7170410e+01
   4.6764730e+06   3.8024902e+01
   4.6764850e+06   4.6875000e+01
   4.6765430e+06   4.6630859e+01
   4.6767110e+06   4.4616699e+01
   4.6771040e+06   3.9367676e+01
   4.6807420e+06   3.8513184e+01
   5.0757880e+06   3.9978027e+01
   5.1617880e+06   4.2297363e+01
   5.1618400e+06   3.9184570e+01
   5.1618690e+06   5.2856445e+01
   5.1619000e+06   7.5744629e+01
   5.1619130e+06   7.3364258e+01
   5.1619500e+06   6.2194824e+01
   5.1619750e+06   5.2551270e+01
   5.1619990e+06   4.8767090e+01
   5.1620160e+06   3.9489746e+01
   5.1620480e+06   6.8481445e+01
   5.1620690e+06   4.6203613e+01
   5.1620850e+06   4.2602539e+01
   5.1621000e+06   3.9062500e+01
   5.1621210e+06   4.3823242e+01
   5.1621560e+06   4.5043945e+01
   5.1621880e+06   5.4992676e+01
   5.1622360e+06   4.3151855e+01
   5.1622920e+06   3.7109375e+01
   5.1623280e+06   3.8208008e+01
   5.1624620e+06   4.4433594e+01
   5.1625430e+06   4.3334961e+01
   5.1625630e+06   4.9438477e+01
   5.1626140e+06   3.8635254e+01
   5.1627030e+06   4.0100098e+01
   5.1629070e+06   3.7536621e+01
   5.1629890e+06   5.4870605e+01
   5.1631270e+06   3.8391113e+01
   5.1631590e+06   4.0222168e+01
   5.1632350e+06   4.5898438e+01
   5.1634980e+06   4.4555664e+01
   5.1635450e+06   5.0476074e+01
   5.1636140e+06   3.9001465e+01
   5.1637330e+06   4.0466309e+01
   5.1637700e+06   3.7353516e+01
   5.1638430e+06   4.1809082e+01
   5.1639590e+06   3.8085938e+01
   5.1641680e+06   4.0771484e+01
   5.1642880e+06   4.2114258e+01
   5.1643260e+06   4.1320801e+01
   5.1643590e+06   4.1870117e+01
   5.1644120e+06   3.7597656e+01
   5.1644620e+06   4.6997070e+01
   5.1645360e+06   3.6987305e+01
   5.1645540e+06   4.2236328e+01
   5.1646020e+06   5.3894043e+01
   5.1646750e+06   3.7841797e+01
   5.1650710e+06   5.1757812e+01
   5.1651030e+06   3.8146973e+01
   5.1651720e+06   4.0832520e+01
   5.1655530e+06   4.2236328e+01
   5.1658840e+06   4.0283203e+01
   5.1659370e+06   4.5593262e+01
   5.1660190e+06   3.7780762e+01
   5.1691390e+06   3.9245605e+01
   5.1886390e+06   5.9631348e+01
   5.1886810e+06   4.6081543e+01
   5.1887050e+06   4.5288086e+01
   5.1887220e+06   5.0903320e+01
   5.1887670e+06   3.6987305e+01
   5.1887880e+06   5.6091309e+01
   5.1888060e+06   4.4555664e+01
   5.1888500e+06   4.7241211e+01
   5.1888650e+06   3.8879395e+01
   5.1889040e+06   3.8024902e+01
   5.1889290e+06   3.9978027e+01
   5.1889600e+06   5.1635742e+01
   5.1889720e+06   3.9123535e+01
   5.1890180e+06   3.9794922e+01
   5.1890560e+06   4.4189453e+01
   5.1890980e+06   4.2175293e+01
   5.1891450e+06   5.2246094e+01
   5.1892180e+06   3.8940430e+01
   5.1892420e+06   3.8818359e+01
   5.1893940e+06   4.0405273e+01
   5.1894310e+06   4.0893555e+01
   5.1894450e+06   4.3823242e+01
   5.1895280e+06   3.7231445e+01
   5.1895460e+06   4.5043945e+01
   5.1895890e+06   3.7231445e+01
   5.1896480e+06   4.2968750e+01
   5.1896890e+06   3.9123535e+01
   5.1897180e+06   4.1687012e+01
   5.1897410e+06   3.9001465e+01
   5.1897980e+06   3.9367676e+01
   5.1898180e+06   5.0781250e+01
   5.1898750e+06   4.8461914e+01
   5.1899270e+06   4.2236328e+01
   5.1900230e+06   4.8828125e+01
   5.1900420e+06   3.9489746e+01
   5.1901030e+06   5.7617188e+01
   5.1902510e+06   4.1625977e+01
   5.1903210e+06   3.8696289e+01
   5.1903650e+06   3.7170410e+01
   5.1904050e+06   4.0283203e+01
   5.1905060e+06   4.2541504e+01
   5.1905650e+06   3.9001465e+01
   5.1906450e+06   4.4006348e+01
   5.1907210e+06   4.5288086e+01
   5.1908960e+06   4.1442871e+01
   5.1909840e+06   3.8146973e+01
   5.1910230e+06   3.8574219e+01
   5.1910920e+06   3.8818359e+01
   5.1911300e+06   4.3151855e+01
   5.1914350e+06   3.9978027e+01
   5.1915030e+06   3.7231445e+01
   5.1918170e+06   4.9316406e+01
   5.1919390e+06   4.4555664e+01
   5.1926170e+06   4.6264648e+01
   5.1930500e+06   3.8513184e+01
   5.1933420e+06   3.8391113e+01
   5.5683170e+06   4.2785645e+01
   5.5683840e+06   3.9611816e+01
   5.5684120e+06   4.2297363e+01
   5.5684380e+06   3.7475586e+01
   5.5684910e+06   4.7363281e+01
   5.5685020e+06   5.3222656e+01
   5.5685260e+06   4.0771484e+01
   5.5685410e+06   4.2297363e+01
   5.5685800e+06   5.4260254e+01
   5.5686020e+06   6.0302734e+01
   5.5686270e+06   7.8552246e+01
   5.5686470e+06   3.8940430e+01
   5.5686860e+06   4.1931152e+01
   5.5687180e+06   7.2387695e+01
   5.5687360e+06   4.6691895e+01
   5.5687770e+06   3.7475586e+01
   5.5688280e+06   4.6020508e+01
   5.5688520e+06   3.9123535e+01
   5.5688800e+06   3.8574219e+01
   5.5690120e+06   4.0466309e+01
   5.5691380e+06   5.4626465e+01
   5.5691990e+06   4.0222168e+01
   5.5693270e+06   3.9001465e+01
   5.5696730e+06   3.7048340e+01
   5.5697240e+06   4.6020508e+01
   5.5698320e+06   5.5541992e+01
   5.5698910e+06   3.8146973e+01
   5.5699460e+06   4.2541504e+01
   5.5700240e+06   3.9123535e+01
   5.5700700e+06   3.7109375e+01
   5.5700810e+06   3.6987305e+01
   5.5701490e+06   4.6691895e+01
   5.5701830e+06   5.7739258e+01
   5.5703070e+06   4.4372559e+01
   5.5703600e+06   3.7292480e+01
   5.5704040e+06   4.4982910e+01
   5.5705860e+06   5.2856445e+01
   5.5707300e+06   3.8330078e+01
   5.5707910e+06   4.0710449e+01
   5.5708560e+06   5.2185059e+01
   5.5709170e+06   4.1320801e+01
   5.5710030e+06   4.8767090e+01
   5.5711590e+06   3.9428711e+01
   5.5711820e+06   3.9794922e+01
   5.5713280e+06   3.9916992e+01
   5.5717810e+06   3.7963867e+01
   5.5744760e+06   4.1809082e+01
   5.9241130e+06   3.7658691e+01
   5.9396590e+06   4.0893555e+01
   5.9397200e+06   4.9255371e+01
   5.9397420e+06   5.9387207e+01
   5.9397580e+06   5.8776855e+01
   5.9397820e+06   4.1320801e+01
   5.9398100e+06   5.0598145e+01
   5.9398290e+06   5.2734375e+01
   5.9398570e+06   4.2968750e+01
   5.9398900e+06   6.3903809e+01
   5.9399180e+06   5.6091309e+01
   5.9399400e+06   3.7719727e+01
   5.9400140e+06   4.9194336e+01
   5.9400400e+06   3.7597656e+01
   5.9401120e+06   4.2297363e+01
   5.9401420e+06   5.3527832e+01
   5.9405440e+06   4.1625977e+01
   5.9405950e+06   4.0649414e+01
   5.9407190e+06   3.9062500e+01
   5.9408500e+06   4.2724609e+01
   5.9409260e+06   5.1025391e+01
   5.9409920e+06   4.1137695e+01
   5.9410170e+06   3.9733887e+01
   5.9411540e+06   4.0527344e+01
   5.9413570e+06   5.2734375e+01
   5.9416870e+06   3.9428711e+01
   5.9417270e+06   3.8146973e+01
   5.9417710e+06   4.0283203e+01
   5.9420670e+06   3.9733887e+01
   5.9421350e+06   3.8391113e+01
   5.9421550e+06   5.0903320e+01
   5.9421730e+06   3.9672852e+01
   5.9423600e+06   5.2551270e+01
   5.9424900e+06   3.8330078e+01
   5.9426590e+06   4.2053223e+01
   5.9427210e+06   4.0222168e+01
   5.9427600e+06   4.4738770e+01
   5.9428240e+06   3.7475586e+01
   5.9443510e+06   3.7841797e+01
   5.9448440e+06   3.7963867e+01
   5.9454310e+06   4.3579102e+01
   5.9460710e+06   4.7241211e+01
   5.9607870e+06   4.0893555e+01
   5.9608940e+06   3.9916992e+01
   5.9609310e+06   3.9245605e+01
   5.9609460e+06   6.2377930e+01
   5.9609760e+06   4.3945312e+01
   5.9610080e+06   4.6813965e+01
   5.9610260e+06   3.7231445e+01
   5.9610530e+06   5.1452637e+01
   5.9610850e+06   4.0100098e+01
   5.9610970e+06   5.9936523e+01
   5.9611200e+06   3.8269043e+01
   5.9611620e+06   4.1076660e+01
   5.9611780e+06   4.5166016e+01
   5.9612100e+06   5.5419922e+01
   5.9612410e+06   3.8635254e+01
   5.9612940e+06   4.1259766e+01
   5.9613490e+06   4.0100098e+01
   5.9614010e+06   5.6091309e+01
   5.9614400e+06   4.5959473e+01
   5.9614520e+06   3.8330078e+01
   5.9614940e+06   4.3579102e+01
   5.9615150e+06   3.7414551e+01
   5.9615550e+06   3.8330078e+01
   5.9616040e+06   4.4555664e+01
   5.9616330e+06   4.4799805e+01
   5.9617530e+06   4.3029785e+01
   5.9617800e+06   5.1025391e+01
   5.9618130e+06   4.0893555e+01
   5.9618670e+06   4.3518066e+01
   5.9619310e+06   3.9062500e+01
   5.9619870e+06   3.9184570e+01
   5.9620700e+06   3.9428711e+01
   5.9625150e+06   4.3151855e+01
   5.9627020e+06   4.1748047e+01
   5.9627980e+06   4.0039062e+01
   5.9628250e+06   4.0832520e+01
   5.9628580e+06   3.7109375e+01
   5.9629770e+06   3.9367676e+01
   5.9630300e+06   3.8879395e+01
   5.9631580e+06   5.5114746e+01
   5.9633610e+06   4.0588379e+01
   5.9635770e+06   4.4433594e+01
   5.9636340e+06   4.0100098e+01
   5.9637960e+06   4.0832520e+01
   5.9640720e+06   3.7658691e+01
   5.9640920e+06   3.7780762e+01
   5.9641750e+06   3.7109375e+01
   5.9645370e+06   4.1809082e+01
   6.2819760e+06   3.9672852e+01
   6.2820190e+06   3.8452148e+01
   6.2820370e+06   8.5327148e+01
   6.2820570e+06   3.7902832e+01
   6.2820980e+06   6.8786621e+01
   6.2821170e+06   3.9306641e+01
   6.2821320e+06   8.0444336e+01
   6.2821490e+06   5.4992676e+01
   6.2822000e+06   4.5349121e+01
   6.2822150e+06   6.0913086e+01
   6.2822450e+06   3.6926270e+01
   6.2822600e+06   4.6508789e+01
   6.2822750e+06   4.0527344e+01
   6.2823040e+06   5.9020996e+01
   6.2823660e+06   4.0954590e+01
   6.2823920e+06   3.7353516e+01
   6.2824210e+06   4.2297363e+01
   6.2824380e+06   4.7912598e+01
   6.2824580e+06   4.0283203e+01
   6.2824940e+06   4.7241211e+01
   6.2826110e+06   3.8574219e+01
   6.2826940e+06   4.8583984e+01
   6.2827060e+06   3.9001465e+01
   6.2827460e+06   5.8898926e+01
   6.2829010e+06   3.9123535e+01
   6.2830030e+06   3.9733887e+01
   6.2833430e+06   4.2175293e+01
   6.2834600e+06   4.1442871e+01
   6.2835540e+06   3.7902832e+01
   6.2835920e+06   3.9672852e+01
   6.2836430e+06   4.8156738e+01
   6.2836960e+06   4.4250488e+01
   6.2841130e+06   5.5786133e+01
   6.2842740e+06   4.9560547e+01
   6.2843330e+06   4.3518066e+01
   6.2843860e+06   4.0222168e+01
   6.2845420e+06   3.6987305e+01
   6.2846180e+06   3.7780762e+01
   6.2847060e+06   3.8635254e+01
   6.2847660e+06   3.7414551e+01
   6.2849330e+06   4.6081543e+01
   6.2850220e+06   3.7536621e+01
   6.2850540e+06   3.9062500e+01
   6.2851980e+06   3.8330078e+01
   6.2858060e+06   3.9672852e+01
   6.2867890e+06   3.8024902e+01
   6.2879300e+06   3.8940430e+01
   6.2887520e+06   4.0954590e+01
   6.3213260e+06   3.8146973e+01
   6.3213920e+06   4.0466309e+01
   6.3214130e+06   4.7302246e+01
   6.3214290e+06   4.8828125e+01
   6.3214670e+06   6.3354492e+01
   6.3214880e+06   5.2185059e+01
   6.3215010e+06   4.5959473e+01
   6.3215760e+06   4.8522949e+01
   6.3216010e+06   5.7495117e+01
   6.3216500e+06   5.1574707e+01
   6.3216750e+06   4.5532227e+01
   6.3217110e+06   4.6203613e+01
   6.3217280e+06   4.8156738e+01
   6.3217540e+06   4.0039062e+01
   6.3217810e+06   3.8818359e+01
   6.3218000e+06   3.9306641e+01
   6.3218720e+06   4.4677734e+01
   6.3219230e+06   5.4870605e+01
   6.3219570e+06   4.7424316e+01
   6.3219770e+06   3.9489746e+01
   6.3220130e+06   3.8757324e+01
   6.3220750e+06   4.8034668e+01
   6.3221530e+06   4.0710449e+01
   6.3221900e+06   3.9184570e+01
   6.3222720e+06   4.4494629e+01
   6.3223330e+06   3.6682129e+01
   6.3224170e+06   3.9367676e+01
   6.3224610e+06   3.8696289e+01
   6.3225230e+06   4.3334961e+01
   6.3225500e+06   4.7729492e+01
   6.3225790e+06   4.4006348e+01
   6.3226320e+06   3.7292480e+01
   6.3227500e+06   4.3273926e+01
   6.3227690e+06   4.2541504e+01
   6.3228930e+06   4.2602539e+01
   6.3229190e+06   3.6865234e+01
   6.3230150e+06   4.0954590e+01
   6.3231550e+06   3.7963867e+01
   6.3231770e+06   3.8818359e+01
   6.3232710e+06   5.1635742e+01
   6.3232960e+06   4.2297363e+01
   6.3233300e+06   4.1015625e+01
   6.3233750e+06   4.5166016e+01
   6.3234530e+06   3.7170410e+01
   6.3235070e+06   4.2053223e+01
   6.3239540e+06   3.9184570e+01
   6.3241780e+06   4.0039062e+01
   6.3243350e+06   4.8156738e+01
   6.3243710e+06   3.6560059e+01
   6.3244130e+06   4.2846680e+01
   6.3248470e+06   3.9611816e+01
   6.3249290e+06   3.6743164e+01
   6.3250820e+06   3.8696289e+01
   6.3252660e+06   3.7109375e+01
   6.3257500e+06   3.8940430e+01
   6.3262270e+06   3.9367676e+01
   6.3286230e+06   4.1931152e+01
   6.6707160e+06   3.7170410e+01
   6.6707510e+06   3.7841797e+01
   6.6707780e+06   5.3161621e+01
   6.6707900e+06   5.7373047e+01
   6.6708100e+06   4.2846680e+01
   6.6708420e+06   4.4921875e+01
   6.6708550e+06   5.8288574e+01
   6.6708940e+06   3.6743164e+01
   6.6709160e+06   4.0588379e+01
   6.6709350e+06   5.7739258e+01
   6.6709520e+06   5.1391602e+01
   6.6709620e+06   4.2785645e+01
   6.6710080e+06   4.3090820e+01
   6.6710580e+06   5.1147461e+01
   6.6710820e+06   4.3701172e+01
   6.6711810e+06   3.9184570e+01
   6.6712230e+06   3.6926270e+01
   6.6712390e+06   4.1687012e+01
   6.6713310e+06   3.7719727e+01
   6.6713580e+06   3.8513184e+01
   6.6714800e+06   5.1208496e+01
   6.6715960e+06   5.2062988e+01
   6.6717140e+06   4.0710449e+01
   6.6717830e+06   3.8513184e+01
   6.6719250e+06   3.9123535e+01
   6.6720950e+06   3.9550781e+01
   6.6721390e+06   4.0893555e+01
   6.6721550e+06   3.7170410e+01
   6.6721820e+06   5.7434082e+01
   6.6722110e+06   5.5725098e+01
   6.6723830e+06   4.3640137e+01
   6.6724110e+06   5.7983398e+01
   6.6724970e+06   4.3395996e+01
   6.6725380e+06   4.3518066e+01
   6.6725740e+06   3.6621094e+01
   6.6726140e+06   3.7292480e+01
   6.6727590e+06   3.8574219e+01
   6.6727990e+06   3.7719727e+01
   6.6728440e+06   4.6508789e+01
   6.6729620e+06   4.8339844e+01
   6.6730620e+06   3.7658691e+01
   6.6731290e+06   4.1564941e+01
   6.6732170e+06   4.2541504e+01
   6.6733030e+06   4.8278809e+01
   6.6733290e+06   3.7536621e+01
   6.6733870e+06   4.1076660e+01
   6.6735190e+06   3.8330078e+01
   6.6738220e+06   4.2236328e+01
   6.6742830e+06   4.0893555e+01
   6.6759630e+06   4.0283203e+01
   6.6941910e+06   4.6875000e+01
   6.6942170e+06   4.1442871e+01
   6.6942500e+06   5.0903320e+01
   6.6942740e+06   4.1809082e+01
   6.6942960e+06   5.6152344e+01
   6.6943330e+06   6.3476563e+01
   6.6943490e+06   5.2429199e+01
   6.6943710e+06   5.3405762e+01
   6.6943970e+06   3.7353516e+01
   6.6944100e+06   4.9316406e+01
   6.6944500e+06   6.6162109e+01
   6.6944730e+06   3.9062500e+01
   6.6945010e+06   4.0344238e+01
   6.6945470e+06   3.7719727e+01
   6.6945740e+06   4.2541504e+01
   6.6946460e+06   3.7109375e+01
   6.6946940e+06   4.1137695e+01
   6.6948010e+06   3.6621094e+01
   6.6948720e+06   4.6325684e+01
   6.6949730e+06   4.1564941e+01
   6.6949920e+06   4.0893555e+01
   6.6951040e+06   3.8940430e+01
   6.6951510e+06   3.8879395e+01
   6.6951780e+06   3.7902832e+01
   6.6952090e+06   3.7475586e+01
   6.6952630e+06   3.8452148e+01
   6.6952750e+06   4.0710449e+01
   6.6953500e+06   3.9367676e+01
   6.6954950e+06   3.7109375e+01
   6.6955500e+06   5.2856445e+01
   6.6955820e+06   4.5837402e+01
   6.6956110e+06   4.3273926e+01
   6.6957170e+06   3.9794922e+01
   6.6958440e+06   3.6743164e+01
   6.6958930e+06   4.8400879e+01
   6.6959600e+06   3.6743164e+01
   6.6959800e+06   3.8146973e+01
   6.6961230e+06   3.6743164e+01
   6.6962270e+06   3.8574219e+01
   6.6962570e+06   4.7424316e+01
   6.6965310e+06   4.2541504e+01
   6.6967370e+06   4.5715332e+01
   6.6967980e+06   3.6560059e+01
   6.6968290e+06   4.0710449e+01
   6.6968390e+06   3.8513184e+01
   6.6969290e+06   3.7475586e+01
   6.6971000e+06   3.9489746e+01
   6.6972250e+06   3.6987305e+01
   6.6972520e+06   3.7292480e+01
   6.6974500e+06   4.5471191e+01
   6.6979930e+06   3.8208008e+01
   6.7011110e+06   4.1076660e+01
   7.1132470e+06   4.0710449e+01
   7.1132700e+06   5.7189941e+01
   7.1133090e+06   4.0710449e+01
   7.1133360e+06   7.5988770e+01
   7.1133700e+06   4.6508789e+01
   7.1133970e+06   3.9306641e+01
   7.1134220e+06   6.1218262e+01
   7.1134370e+06   4.2419434e+01
   7.1134500e+06   4.9621582e+01
   7.1134910e+06   4.1198730e+01
   7.1135010e+06   5.0537109e+01
   7.1135320e+06   4.1503906e+01
   7.1135520e+06   5.2673340e+01
   7.1136030e+06   4.1625977e+01
   7.1136400e+06   3.8085938e+01
   7.1136750e+06   5.8837891e+01
   7.1137070e+06   4.9865723e+01
   7.1137990e+06   3.9489746e+01
   7.1138470e+06   5.1391602e+01
   7.1139010e+06   3.7109375e+01
   7.1139340e+06   4.8339844e+01
   7.1139820e+06   4.3029785e+01
   7.1140270e+06   3.8024902e+01
   7.1140560e+06   4.1870117e+01
   7.1141060e+06   3.9123535e+01
   7.1141420e+06   3.8330078e+01
   7.1143110e+06   3.9062500e+01
   7.1144660e+06   4.3273926e+01
   7.1147580e+06   5.0659180e+01
   7.1149010e+06   4.3945312e+01
   7.1150910e+06   3.8330078e+01
   7.1151130e+06   4.0405273e+01
   7.1152620e+06   3.6621094e+01
   7.1153840e+06   4.1076660e+01
   7.1154000e+06   4.1137695e+01
   7.1155800e+06   3.8085938e+01
   7.1156750e+06   3.8635254e+01
   7.1157810e+06   3.9794922e+01
   7.1158510e+06   3.9245605e+01
   7.1159040e+06   3.8146973e+01
   7.1159310e+06   3.7414551e+01
   7.1160590e+06   3.8330078e+01
   7.1160900e+06   4.0710449e+01
   7.1161400e+06   3.7231445e+01
   7.1162840e+06   4.9194336e+01
   7.1167210e+06   4.1870117e+01
   7.1169060e+06   3.8085938e+01
   7.1171850e+06   4.6813965e+01
   7.5469900e+06   5.0415039e+01
   7.5470040e+06   4.0161133e+01
   7.5470240e+06   4.4189453e+01
   7.5470340e+06   5.1147461e+01
   7.5470520e+06   3.9245605e+01
   7.5470660e+06   3.6865234e+01
   7.5470880e+06   4.8400879e+01
   7.5470980e+06   5.1635742e+01
   7.5471230e+06   6.0363770e+01
   7.5471370e+06   3.8879395e+01
   7.5471570e+06   4.8339844e+01
   7.5471840e+06   3.6621094e+01
   7.5472040e+06   6.6040039e+01
   7.5472170e+06   9.9914551e+01
   7.5472310e+06   5.4870605e+01
   7.5473290e+06   6.4453125e+01
   7.5473440e+06   4.2236328e+01
   7.5473870e+06   3.9062500e+01
   7.5474480e+06   5.3649902e+01
   7.5474900e+06   4.2419434e+01
   7.5475400e+06   3.7048340e+01
   7.5475710e+06   3.7597656e+01
   7.5477970e+06   3.8391113e+01
   7.5479850e+06   3.7292480e+01
   7.5480750e+06   3.8024902e+01
   7.5482800e+06   5.1574707e+01
   7.5484020e+06   4.1137695e+01
   7.5484120e+06   4.5776367e+01
   7.5484420e+06   3.7170410e+01
   7.5486020e+06   3.9245605e+01
   7.5486530e+06   4.1625977e+01
   7.5486830e+06   4.2236328e+01
   7.5487390e+06   3.8330078e+01
   7.5488270e+06   3.7719727e+01
   7.5488760e+06   3.9001465e+01
   7.5489660e+06   3.8452148e+01
   7.5490040e+06   4.5776367e+01
   7.5490430e+06   4.4860840e+01
   7.5491270e+06   4.1809082e+01
   7.5491420e+06   5.0903320e+01
   7.5493090e+06   4.1870117e+01
   7.5493960e+06   4.0283203e+01
   7.5495330e+06   5.4992676e+01
   7.5496630e+06   3.8574219e+01
   7.5497300e+06   4.0893555e+01
   7.5499060e+06   3.7292480e+01
   7.5499520e+06   4.5288086e+01
   7.5500060e+06   3.9184570e+01
   7.5503320e+06   4.0405273e+01
   7.5503550e+06   4.3945312e+01
   7.5504500e+06   3.6499023e+01
   7.5507510e+06   4.2968750e+01
   7.5508940e+06   3.9550781e+01
   7.5517240e+06   3.7109375e+01
   7.5521640e+06   4.1137695e+01
   7.5523110e+06   3.8818359e+01
   7.5530080e+06   3.8940430e+01
   7.5673950e+06   3.8208008e+01
   7.5675320e+06   3.6926270e+01
   7.5675930e+06   4.4494629e+01
   7.5676170e+06   3.6865234e+01
   7.5676270e+06   4.7790527e+01
   7.5676880e+06   4.0832520e+01
   7.5677160e+06   5.5419922e+01
   7.5677560e+06   3.8513184e+01
   7.5677700e+06   3.6926270e+01
   7.5678110e+06   5.1940918e+01
   7.5678240e+06   3.9855957e+01
   7.5678640e+06   4.5349121e+01
   7.5678830e+06   4.8522949e+01
   7.5679770e+06   4.5410156e+01
   7.5680130e+06   3.8024902e+01
   7.5680540e+06   4.7058105e+01
   7.5680820e+06   3.6499023e+01
   7.5681480e+06   6.1218262e+01
   7.5681580e+06   4.0161133e+01
   7.5682190e+06   3.8696289e+01
   7.5682890e+06   3.7536621e+01
   7.5684070e+06   4.5654297e+01
   7.5684400e+06   4.2358398e+01
   7.5684790e+06   4.2663574e+01
   7.5684900e+06   3.7475586e+01
   7.5685720e+06   3.7597656e+01
   7.5685950e+06   4.0954590e+01
   7.5686310e+06   5.3161621e+01
   7.5686550e+06   3.9794922e+01
   7.5686970e+06   3.8696289e+01
   7.5687680e+06   5.1513672e+01
   7.5689180e+06   3.9062500e+01
   7.5689530e+06   5.1269531e+01
   7.5689860e+06   3.9916992e+01
   7.5691090e+06   3.7780762e+01
   7.5692390e+06   4.7485352e+01
   7.5692690e+06   3.6926270e+01
   7.5693540e+06   4.2053223e+01
   7.5693700e+06   3.9794922e+01
   7.5694460e+06   3.7048340e+01
   7.5695570e+06   4.0771484e+01
   7.5696100e+06   5.2062988e+01
   7.5696440e+06   3.7048340e+01
   7.5696600e+06   4.3090820e+01
   7.5697680e+06   3.8269043e+01
   7.5698540e+06   3.9489746e+01
   7.5699910e+06   4.1503906e+01
   7.5700520e+06   3.9550781e+01
   7.5701900e+06   4.6020508e+01
   7.5705710e+06   3.7963867e+01
   7.5708990e+06   3.6499023e+01
   7.5712280e+06   3.8269043e+01
   7.5713090e+06   4.3151855e+01
   7.5715150e+06   3.8940430e+01
   7.5722270e+06   3.8757324e+01
   8.0676390e+06   3.9733887e+01
   8.0676710e+06   4.4128418e+01
   8.0677130e+06   8.5754395e+01
   8.0677430e+06   7.9223633e+01
   8.0677560e+06   7.8063965e+01
   8.0677890e+06   5.5541992e+01
   8.0678030e+06   5.0048828e+01
   8.0678270e+06   4.7180176e+01
   8.0678530e+06   4.1931152e+01
   8.0678830e+06   4.1931152e+01
   8.0679110e+06   4.7607422e+01
   8.0679320e+06   5.0720215e+01
   8.0680080e+06   3.6743164e+01
   8.0680360e+06   3.7780762e+01
   8.0680790e+06   3.9428711e+01
   8.0681080e+06   4.0222168e+01
   8.0681400e+06   3.7719727e+01
   8.0681640e+06   5.4687500e+01
   8.0682450e+06   3.7048340e+01
   8.0682830e+06   4.8767090e+01
   8.0682930e+06   4.3457031e+01
   8.0683280e+06   4.3518066e+01
   8.0684320e+06   4.5532227e+01
   8.0685450e+06   5.7495117e+01
   8.0685630e+06   4.4189453e+01
   8.0687050e+06   4.1503906e+01
   8.0687400e+06   4.6447754e+01
   8.0688670e+06   3.9184570e+01
   8.0688990e+06   3.9001465e+01
   8.0690510e+06   4.8767090e+01
   8.0690870e+06   5.6701660e+01
   8.0693030e+06   4.0344238e+01
   8.0693710e+06   3.8696289e+01
   8.0695670e+06   3.9367676e+01
   8.0695930e+06   3.7109375e+01
   8.0696230e+06   5.3588867e+01
   8.0697010e+06   3.8757324e+01
   8.0697750e+06   4.4128418e+01
   8.0698000e+06   4.2236328e+01
   8.0700010e+06   3.7292480e+01
   8.0701870e+06   4.4982910e+01
   8.0702980e+06   4.7607422e+01
   8.0707550e+06   4.2114258e+01
   8.0708120e+06   3.7536621e+01
   8.0710840e+06   3.6499023e+01
   8.0711850e+06   3.9001465e+01
   8.0715010e+06   4.5837402e+01
   8.0719090e+06   3.7170410e+01
   8.0721260e+06   3.9855957e+01
   8.0732240e+06   3.9367676e+01
   8.4000440e+06   4.4799805e+01
   8.4000660e+06   5.6152344e+01
   8.4000760e+06   6.3354492e+01
   8.4000990e+06   6.6772461e+01
   8.4001190e+06   5.1086426e+01
   8.4001300e+06   3.9489746e+01
   8.4001520e+06   5.3833008e+01
   8.4001750e+06   4.3457031e+01
   8.4002040e+06   4.4616699e+01
   8.4002320e+06   5.1696777e+01
   8.4002520e+06   5.5419922e+01
   8.4003400e+06   3.7231445e+01
   8.4004060e+06   3.8879395e+01
   8.4004370e+06   3.7536621e+01
   8.4004930e+06   5.2856445e+01
   8.4005920e+06   3.6560059e+01
   8.4006350e+06   4.1381836e+01
   8.4007190e+06   4.3518066e+01
   8.4007670e+06   4.6264648e+01
   8.4008160e+06   3.9184570e+01
   8.4008600e+06   3.7536621e+01
   8.4010240e+06   4.1809082e+01
   8.4010580e+06   4.2358398e+01
   8.4012750e+06   3.7658691e+01
   8.4012930e+06   4.0710449e+01
   8.4014230e+06   4.9682617e+01
   8.4014920e+06   4.2602539e+01
   8.4015200e+06   4.3457031e+01
   8.4017220e+06   3.9794922e+01
   8.4017950e+06   6.2561035e+01
   8.4019070e+06   3.9245605e+01
   8.4019380e+06   4.9133301e+01
   8.4019690e+06   3.6499023e+01
   8.4020000e+06   4.4799805e+01
   8.4021170e+06   3.9367676e+01
   8.4022010e+06   3.6682129e+01
   8.4022500e+06   3.8513184e+01
   8.4022720e+06   3.9184570e+01
   8.4023000e+06   4.1564941e+01
   8.4026220e+06   4.1076660e+01
   8.4026640e+06   3.9672852e+01
   8.4027110e+06   5.3100586e+01
   8.4027400e+06   3.8146973e+01
   8.4030310e+06   3.8879395e+01
   8.4031220e+06   3.9550781e+01
   8.4033990e+06   4.0222168e+01
   8.4035100e+06   5.3955078e+01
   8.4036900e+06   4.3334961e+01
   8.4038150e+06   4.5166016e+01
   8.4049630e+06   3.6682129e+01
   8.4064030e+06   3.9611816e+01
   8.4174540e+06   3.6621094e+01
   8.4175160e+06   4.6142578e+01
   8.4175650e+06   5.4260254e+01
   8.4175770e+06   4.4189453e+01
   8.4176010e+06   4.7180176e+01
   8.4176380e+06   4.2358398e+01
   8.4176490e+06   3.9184570e+01
   8.4176800e+06   6.4331055e+01
   8.4177010e+06   4.2358398e+01
   8.4177250e+06   3.6804199e+01
   8.4177430e+06   5.9020996e+01
   8.4177700e+06   6.6772461e+01
   8.4178280e+06   5.2673340e+01
   8.4178770e+06   4.3457031e+01
   8.4178930e+06   3.6926270e+01
   8.4179240e+06   4.4372559e+01
   8.4179510e+06   5.1818848e+01
   8.4180400e+06   3.9672852e+01
   8.4180560e+06   4.3518066e+01
   8.4180960e+06   3.7048340e+01
   8.4181380e+06   5.0415039e+01
   8.4181640e+06   3.9916992e+01
   8.4181800e+06   3.8269043e+01
   8.4182410e+06   4.9377441e+01
   8.4182740e+06   5.3466797e+01
   8.4183560e+06   3.8085938e+01
   8.4184240e+06   4.0039062e+01
   8.4184650e+06   4.6325684e+01
   8.4184880e+06   4.4372559e+01
   8.4185750e+06   4.1015625e+01
   8.4186180e+06   4.5776367e+01
   8.4186580e+06   4.7241211e+01
   8.4187350e+06   3.8635254e+01
   8.4187880e+06   4.9560547e+01
   8.4188360e+06   3.7414551e+01
   8.4189690e+06   5.2795410e+01
   8.4190040e+06   3.7048340e+01
   8.4190980e+06   5.2734375e+01
   8.4191230e+06   3.8574219e+01
   8.4192850e+06   5.7983398e+01
   8.4193470e+06   3.6499023e+01
   8.4194830e+06   4.3090820e+01
   8.4196350e+06   3.8635254e+01
   8.4197190e+06   3.8940430e+01
   8.4198820e+06   5.1513672e+01
   8.4199340e+06   3.7414551e+01
   8.4200150e+06   4.1442871e+01
   8.4203650e+06   3.9855957e+01
   8.4206690e+06   3.9306641e+01
   8.4206870e+06   3.7170410e+01
   8.4208300e+06   3.6499023e+01
   8.4209380e+06   4.0344238e+01
   8.4209600e+06   3.6926270e+01
   8.4212650e+06   3.6499023e+01
   8.4218200e+06   4.0161133e+01
   8.4221470e+06   4.4738770e+01
   8.4222680e+06   3.6987305e+01
   8.8411010e+06   4.2663574e+01
   8.8411340e+06   4.3212891e+01
   8.8411740e+06   4.7424316e+01
   8.8411900e+06   4.0832520e+01
   8.8412110e+06   6.3171387e+01
   8.8412410e+06   6.9396973e+01
   8.8412700e+06   5.8349609e+01
   8.8412840e+06   5.2001953e+01
   8.8413050e+06   6.7260742e+01
   8.8413350e+06   4.5043945e+01
   8.8413620e+06   5.5236816e+01
   8.8413730e+06   7.6843262e+01
   8.8414020e+06   3.9855957e+01
   8.8414510e+06   3.9367676e+01
   8.8415020e+06   3.8879395e+01
   8.8415510e+06   4.3029785e+01
   8.8415830e+06   3.8635254e+01
   8.8416190e+06   3.7536621e+01
   8.8416330e+06   4.1564941e+01
   8.8416690e+06   4.2541504e+01
   8.8417160e+06   3.6743164e+01
   8.8417680e+06   4.1137695e+01
   8.8418490e+06   4.1931152e+01
   8.8418720e+06   3.9062500e+01
   8.8419410e+06   6.0302734e+01
   8.8420360e+06   4.0344238e+01
   8.8420970e+06   4.0771484e+01
   8.8421390e+06   4.4555664e+01
   8.8422240e+06   4.2114258e+01
   8.8422460e+06   4.0344238e+01
   8.8422660e+06   4.3395996e+01
   8.8423820e+06   4.6813965e+01
   8.8424590e+06   3.9489746e+01
   8.8425420e+06   4.0405273e+01
   8.8425990e+06   3.8818359e+01
   8.8428210e+06   3.9611816e+01
   8.8428530e+06   3.9245605e+01
   8.8429160e+06   4.3029785e+01
   8.8430170e+06   3.7109375e+01
   8.8430690e+06   3.6682129e+01
   8.8430950e+06   3.9123535e+01
   8.8432060e+06   4.6508789e+01
   8.8432770e+06   3.8574219e+01
   8.8433520e+06   3.7170410e+01
   8.8433850e+06   3.9916992e+01
   8.8435310e+06   5.0231934e+01
   8.8435410e+06   4.4738770e+01
   8.8436150e+06   5.5297852e+01
   8.8436520e+06   3.7841797e+01
   8.8439810e+06   3.6926270e+01
   8.8440010e+06   4.3395996e+01
   8.8442940e+06   4.1503906e+01
   8.8443670e+06   4.8828125e+01
   8.8444790e+06   3.7719727e+01
   8.8448560e+06   4.7851562e+01
   8.8449760e+06   3.7048340e+01
   8.8468900e+06   4.6081543e+01
   8.8481390e+06   3.7658691e+01
   8.8488850e+06   3.9794922e+01
   8.8656850e+06   4.5471191e+01
   8.8657040e+06   5.7983398e+01
   8.8657480e+06   5.7800293e+01
   8.8658010e+06   5.9814453e+01
   8.8658160e+06   5.3710938e+01
   8.8658620e+06   4.0344238e+01
   8.8659050e+06   4.1381836e+01
   8.8659230e+06   6.1645508e+01
   8.8659690e+06   5.2062988e+01
   8.8660020e+06   3.9062500e+01
   8.8660120e+06   4.1564941e+01
   8.8660430e+06   3.8696289e+01
   8.8660710e+06   4.1687012e+01
   8.8661480e+06   4.4311523e+01
   8.8662600e+06   4.0588379e+01
   8.8662710e+06   4.1503906e+01
   8.8662960e+06   3.6987305e+01
   8.8663770e+06   3.9611816e+01
   8.8664130e+06   4.0344238e+01
   8.8664500e+06   4.4372559e+01
   8.8665470e+06   5.8593750e+01
   8.8665750e+06   6.1950684e+01
   8.8665890e+06   5.9753418e+01
   8.8667230e+06   4.2663574e+01
   8.8668440e+06   3.6804199e+01
   8.8668620e+06   4.2785645e+01
   8.8668980e+06   4.0466309e+01
   8.8669230e+06   3.9367676e+01
   8.8670900e+06   3.7109375e+01
   8.8672370e+06   3.9428711e+01
   8.8672990e+06   6.1035156e+01
   8.8675120e+06   4.0588379e+01
   8.8675530e+06   3.9611816e+01
   8.8675790e+06   3.8513184e+01
   8.8678640e+06   3.9062500e+01
   8.8679280e+06   4.1015625e+01
   8.8680250e+06   3.6621094e+01
   8.8682970e+06   3.7902832e+01
   8.8683210e+06   3.7597656e+01
   8.8683410e+06   3.8330078e+01
   8.8684330e+06   3.6987305e+01
   8.8685990e+06   3.7109375e+01
   8.8686890e+06   3.9184570e+01
   8.8687270e+06   4.1015625e+01
   8.8690700e+06   3.7170410e+01
   8.8691400e+06   4.2297363e+01
   8.8692410e+06   3.9855957e+01
   8.8694870e+06   3.6682129e+01
   8.8696850e+06   3.8635254e+01
   8.8697230e+06   3.7963867e+01
   8.8710710e+06   3.6743164e+01
   8.8720340e+06   3.7719727e+01
   8.8733460e+06   4.0588379e+01
   8.8740090e+06   3.8452148e+01
