   8.9970000e+06   0.0000000e+00
   3.1911200e+05   4.0405273e+01
   3.1914300e+05   4.2358398e+01
   3.1918200e+05   5.3527832e+01
   3.1926100e+05   4.4006348e+01
   3.1929000e+05   4.7729492e+01
   3.1931600e+05   7.4584961e+01
   3.1932800e+05   4.6020508e+01
   3.1936600e+05   3.8330078e+01
   3.1939800e+05   6.4208984e+01
   3.1942100e+05   4.5837402e+01
   3.1945900e+05   5.9753418e+01
   3.1948400e+05   4.1748047e+01
   3.1950600e+05   3.7902832e+01
   3.1956200e+05   4.0527344e+01
   3.1965600e+05   4.5104980e+01
   3.1984400e+05   3.7597656e+01
   3.2000200e+05   3.7536621e+01
   3.2027400e+05   3.7719727e+01
   3.2065300e+05   3.8513184e+01
   3.2070000e+05   4.2541504e+01
   3.2078400e+05   4.9621582e+01
   3.2082000e+05   5.1147461e+01
   3.2095000e+05   3.9733887e+01
   3.2098900e+05   4.2846680e+01
   3.2104500e+05   3.9123535e+01
   3.2108300e+05   4.9133301e+01
   3.2112800e+05   4.2480469e+01
   3.2143400e+05   3.7902832e+01
   3.2157000e+05   4.3090820e+01
   3.2160100e+05   4.1137695e+01
   3.2168500e+05   4.0710449e+01
   3.2177200e+05   3.9916992e+01
   3.2183100e+05   4.6630859e+01
   3.2217200e+05   4.1748047e+01
   3.2221400e+05   4.0649414e+01
   3.2225500e+05   4.1259766e+01
   3.2232700e+05   4.1992188e+01
   3.2240700e+05   4.3029785e+01
   3.2267900e+05   4.1503906e+01
   3.2273200e+05   4.2236328e+01
   3.2281200e+05   4.2480469e+01
   3.2307900e+05   4.6325684e+01
   3.2319600e+05   4.2236328e+01
   3.2323300e+05   4.1625977e+01
   3.2359900e+05   3.7597656e+01
   3.2378100e+05   4.4799805e+01
   3.2399600e+05   4.9499512e+01
   3.2425900e+05   3.7475586e+01
   3.2446900e+05   4.0344238e+01
   3.2455900e+05   3.8513184e+01
   3.2616400e+05   4.3518066e+01
   3.3811500e+05   4.0649414e+01
   3.3815600e+05   4.7912598e+01
   3.3817300e+05   4.4128418e+01
   3.3821300e+05   4.3395996e+01
   3.3822700e+05   4.1076660e+01
   3.3825300e+05   4.3029785e+01
   3.3828100e+05   4.3212891e+01
   3.3831500e+05   6.2805176e+01
   3.3833800e+05   8.9721680e+01
   3.3837300e+05   4.7119141e+01
   3.3848300e+05   3.9855957e+01
   3.3858500e+05   4.0466309e+01
   3.3861400e+05   3.8635254e+01
   3.3866200e+05   5.1391602e+01
   3.3888100e+05   4.4616699e+01
   3.3889500e+05   4.3579102e+01
   3.3932700e+05   4.9133301e+01
   3.3939400e+05   4.4372559e+01
   3.3947800e+05   4.5898438e+01
   3.3950600e+05   3.8635254e+01
   3.3965300e+05   4.6203613e+01
   3.3997600e+05   4.2663574e+01
   3.3999600e+05   3.8391113e+01
   3.4005400e+05   4.1198730e+01
   3.4015900e+05   4.6569824e+01
   3.4019400e+05   3.9428711e+01
   3.4031900e+05   3.8330078e+01
   3.4076300e+05   4.2907715e+01
   3.4090400e+05   3.7841797e+01
   3.4127200e+05   3.9794922e+01
   3.4160300e+05   3.7963867e+01
   3.4252500e+05   3.9306641e+01
   7.2645700e+05   4.6752930e+01
   8.0423000e+05   3.7841797e+01
   8.0432200e+05   4.7241211e+01
   8.0439500e+05   4.7973633e+01
   8.0446200e+05   3.8574219e+01
   8.0449000e+05   4.0405273e+01
   8.0452700e+05   3.8696289e+01
   8.0454700e+05   5.5664062e+01
   8.0456800e+05   7.5378418e+01
   8.0459500e+05   3.9367676e+01
   8.0466700e+05   4.0222168e+01
   8.0472900e+05   3.7902832e+01
   8.0473900e+05   4.7485352e+01
   8.0479100e+05   4.3884277e+01
   8.0482400e+05   4.3151855e+01
   8.0483400e+05   5.9509277e+01
   8.0486000e+05   4.2663574e+01
   8.0492100e+05   4.4982910e+01
   8.0495800e+05   3.8818359e+01
   8.0500300e+05   4.1320801e+01
   8.0545800e+05   4.6691895e+01
   8.0577500e+05   4.7851562e+01
   8.0615100e+05   5.0048828e+01
   8.0627500e+05   4.5532227e+01
   8.0652100e+05   3.8574219e+01
   8.0654600e+05   5.2124023e+01
   8.0668700e+05   3.9001465e+01
   8.0675400e+05   4.3884277e+01
   8.0678600e+05   4.0649414e+01
   8.0689600e+05   4.9255371e+01
   8.0709800e+05   4.4189453e+01
   8.0725800e+05   5.0537109e+01
   8.0741100e+05   4.9865723e+01
   8.0758000e+05   4.4494629e+01
   8.0760100e+05   5.0415039e+01
   8.0779700e+05   4.1503906e+01
   8.0799200e+05   4.1076660e+01
   8.0832400e+05   3.8146973e+01
   8.0835800e+05   3.8391113e+01
   8.0903700e+05   4.3579102e+01
   8.0953900e+05   3.7597656e+01
   8.3407200e+05   4.5410156e+01
   8.3409400e+05   3.9367676e+01
   8.3412600e+05   4.3334961e+01
   8.3421300e+05   3.7902832e+01
   8.3431700e+05   4.4982910e+01
   8.3434400e+05   3.9123535e+01
   8.3437000e+05   4.0649414e+01
   8.3439200e+05   4.1992188e+01
   8.3442300e+05   4.1137695e+01
   8.3444500e+05   4.8278809e+01
   8.3447800e+05   4.5715332e+01
   8.3452600e+05   5.1269531e+01
   8.3455100e+05   3.9306641e+01
   8.3458100e+05   7.1044922e+01
   8.3461200e+05   3.8330078e+01
   8.3465000e+05   3.8391113e+01
   8.3468400e+05   4.0100098e+01
   8.3480300e+05   4.9438477e+01
   8.3484200e+05   4.1259766e+01
   8.3493600e+05   4.9316406e+01
   8.3504400e+05   5.1574707e+01
   8.3524800e+05   3.9672852e+01
   8.3528200e+05   4.1931152e+01
   8.3532300e+05   4.3945313e+01
   8.3539400e+05   3.7658691e+01
   8.3560100e+05   4.2175293e+01
   8.3569100e+05   4.5898438e+01
   8.3593400e+05   3.9245605e+01
   8.3642400e+05   4.0039062e+01
   8.3660600e+05   4.6325684e+01
   8.3677800e+05   3.8330078e+01
   8.3691100e+05   4.4372559e+01
   8.3693500e+05   3.7841797e+01
   8.3696900e+05   4.4738770e+01
   8.3725000e+05   3.8330078e+01
   8.3742800e+05   4.1687012e+01
   8.3752500e+05   3.8269043e+01
   8.3791600e+05   3.8146973e+01
   8.3834500e+05   3.7658691e+01
   8.3840800e+05   3.7780762e+01
   8.3912700e+05   4.2297363e+01
   1.2923260e+06   3.9672852e+01
   1.4341080e+06   5.1940918e+01
   1.4440040e+06   4.4982910e+01
   1.4442950e+06   3.7597656e+01
   1.4443460e+06   3.8269043e+01
   1.4444120e+06   4.2419434e+01
   1.4444600e+06   4.3579102e+01
   1.4445030e+06   3.9733887e+01
   1.4445140e+06   5.1269531e+01
   1.4445240e+06   5.8288574e+01
   1.4445560e+06   5.5603027e+01
   1.4446170e+06   4.8156738e+01
   1.4446840e+06   6.5612793e+01
   1.4447290e+06   3.7719727e+01
   1.4447430e+06   5.3771973e+01
   1.4447680e+06   4.0039062e+01
   1.4447950e+06   3.7475586e+01
   1.4448320e+06   3.9672852e+01
   1.4448650e+06   3.9001465e+01
   1.4450150e+06   3.8513184e+01
   1.4450730e+06   4.1320801e+01
   1.4452640e+06   4.5959473e+01
   1.4455870e+06   4.0405273e+01
   1.4462090e+06   4.9316406e+01
   1.4463750e+06   4.5471191e+01
   1.4467950e+06   5.5786133e+01
   1.4468920e+06   5.0292969e+01
   1.4469740e+06   4.6813965e+01
   1.4472420e+06   4.1992188e+01
   1.4475850e+06   7.1105957e+01
   1.4478930e+06   4.0954590e+01
   1.4481880e+06   4.1992188e+01
   1.4483130e+06   3.9001465e+01
   1.4483490e+06   4.4067383e+01
   1.4486850e+06   3.8635254e+01
   1.4491100e+06   4.1320801e+01
   1.4492380e+06   4.0466309e+01
   1.4495040e+06   3.8024902e+01
   1.4495290e+06   4.1198730e+01
   1.4497490e+06   4.2419434e+01
   1.4572950e+06   3.8818359e+01
   1.4580520e+06   3.7536621e+01
   1.4705760e+06   4.6508789e+01
   1.4706270e+06   4.1259766e+01
   1.4707080e+06   4.2480469e+01
   1.4707670e+06   3.8940430e+01
   1.4707790e+06   4.8278809e+01
   1.4709100e+06   4.2480469e+01
   1.4709370e+06   4.0710449e+01
   1.4709690e+06   3.8635254e+01
   1.4710020e+06   6.2377930e+01
   1.4710210e+06   3.8635254e+01
   1.4710840e+06   4.9438477e+01
   1.4711280e+06   7.0861816e+01
   1.4711960e+06   4.0832520e+01
   1.4712250e+06   3.7719727e+01
   1.4713080e+06   3.9428711e+01
   1.4715450e+06   4.4067383e+01
   1.4716810e+06   4.0954590e+01
   1.4718210e+06   3.9489746e+01
   1.4720240e+06   3.8940430e+01
   1.4721470e+06   3.8330078e+01
   1.4722280e+06   4.6203613e+01
   1.4725040e+06   3.8208008e+01
   1.4725450e+06   3.8879395e+01
   1.4729090e+06   4.1015625e+01
   1.4730960e+06   4.3395996e+01
   1.4731110e+06   4.1564941e+01
   1.4734040e+06   4.0649414e+01
   1.4741130e+06   4.5410156e+01
   1.4755680e+06   4.5227051e+01
   1.4762460e+06   4.4494629e+01
   1.8906700e+06   3.7841797e+01
   1.9934830e+06   3.8818359e+01
   1.9937710e+06   3.8208008e+01
   1.9939280e+06   3.8146973e+01
   1.9939480e+06   6.0668945e+01
   1.9939700e+06   4.8706055e+01
   1.9939910e+06   8.9782715e+01
   1.9940040e+06   5.5847168e+01
   1.9941020e+06   5.4687500e+01
   1.9941820e+06   4.8889160e+01
   1.9942320e+06   5.8593750e+01
   1.9942700e+06   3.7719727e+01
   1.9943350e+06   3.8391113e+01
   1.9943640e+06   5.6091309e+01
   1.9944270e+06   5.2978516e+01
   1.9944370e+06   3.8085938e+01
   1.9946430e+06   4.7241211e+01
   1.9946780e+06   3.7719727e+01
   1.9947170e+06   3.8940430e+01
   1.9947480e+06   4.8828125e+01
   1.9950280e+06   4.2968750e+01
   1.9956170e+06   4.2968750e+01
   1.9959320e+06   4.1931152e+01
   1.9959970e+06   3.7902832e+01
   1.9960990e+06   3.9123535e+01
   1.9962810e+06   4.2297363e+01
   1.9965630e+06   3.8269043e+01
   1.9967320e+06   3.9794922e+01
   1.9972440e+06   3.8818359e+01
   1.9976890e+06   4.3518066e+01
   1.9977190e+06   4.3640137e+01
   1.9977640e+06   4.7851562e+01
   1.9977990e+06   3.9550781e+01
   1.9981920e+06   3.7963867e+01
   1.9983940e+06   4.9133301e+01
   1.9990440e+06   4.0283203e+01
   1.9995080e+06   3.9489746e+01
   2.0178430e+06   3.8940430e+01
   2.0178810e+06   4.2846680e+01
   2.0178970e+06   3.9489746e+01
   2.0179210e+06   4.2663574e+01
   2.0179590e+06   4.0710449e+01
   2.0179850e+06   3.8696289e+01
   2.0179980e+06   9.3811035e+01
   2.0180090e+06   4.4860840e+01
   2.0180520e+06   3.8635254e+01
   2.0181180e+06   4.1137695e+01
   2.0181660e+06   4.3395996e+01
   2.0181920e+06   3.8391113e+01
   2.0182090e+06   4.0893555e+01
   2.0182230e+06   5.1574707e+01
   2.0182520e+06   4.2236328e+01
   2.0182750e+06   4.8889160e+01
   2.0183020e+06   3.9428711e+01
   2.0183310e+06   3.8146973e+01
   2.0184390e+06   4.3334961e+01
   2.0184500e+06   4.2419434e+01
   2.0185140e+06   4.1687012e+01
   2.0185870e+06   4.1076660e+01
   2.0186070e+06   4.7485352e+01
   2.0187320e+06   4.9438477e+01
   2.0188090e+06   4.0649414e+01
   2.0189670e+06   3.8391113e+01
   2.0191140e+06   5.0537109e+01
   2.0195320e+06   5.8654785e+01
   2.0196000e+06   3.8818359e+01
   2.0196670e+06   4.5410156e+01
   2.0197010e+06   4.1809082e+01
   2.0201130e+06   4.0588379e+01
   2.0203200e+06   4.0283203e+01
   2.0205600e+06   3.7536621e+01
   2.0215150e+06   4.4616699e+01
   2.0218550e+06   3.9672852e+01
   2.7238920e+06   4.8339844e+01
   2.7254380e+06   4.0832520e+01
   2.7255190e+06   3.9672852e+01
   2.7256110e+06   4.2419434e+01
   2.7257120e+06   4.7912598e+01
   2.7257300e+06   4.4982910e+01
   2.7257980e+06   9.9975586e+01
   2.7258270e+06   5.8227539e+01
   2.7258380e+06   4.5898438e+01
   2.7258630e+06   7.8125000e+01
   2.7259050e+06   4.0283203e+01
   2.7259410e+06   3.8024902e+01
   2.7259630e+06   4.7912598e+01
   2.7259770e+06   6.9030762e+01
   2.7260120e+06   3.8146973e+01
   2.7260460e+06   4.2541504e+01
   2.7260650e+06   3.7719727e+01
   2.7261120e+06   3.8146973e+01
   2.7261650e+06   3.9916992e+01
   2.7262010e+06   3.8879395e+01
   2.7262450e+06   4.0100098e+01
   2.7263420e+06   3.8024902e+01
   2.7265630e+06   5.1330566e+01
   2.7267460e+06   3.8330078e+01
   2.7269080e+06   4.2297363e+01
   2.7270360e+06   4.1442871e+01
   2.7271980e+06   3.9184570e+01
   2.7274260e+06   3.9245605e+01
   2.7275550e+06   3.8024902e+01
   2.7277030e+06   4.4433594e+01
   2.7279730e+06   4.6325684e+01
   2.7281810e+06   3.9306641e+01
   2.7283030e+06   6.2500000e+01
   2.7284100e+06   4.0344238e+01
   2.7284380e+06   3.9794922e+01
   2.7285670e+06   3.7597656e+01
   2.7286320e+06   4.0283203e+01
   2.7286460e+06   4.1442871e+01
   2.7288230e+06   4.1503906e+01
   2.7288570e+06   4.0832520e+01
   2.7289540e+06   3.8330078e+01
   2.7291310e+06   4.0283203e+01
   2.7293040e+06   3.7475586e+01
   2.7293460e+06   3.7597656e+01
   2.7296630e+06   3.7780762e+01
   2.7298960e+06   3.9978027e+01
   2.7302350e+06   4.1015625e+01
   2.7306240e+06   3.9245605e+01
   2.7312100e+06   4.0283203e+01
   2.7320860e+06   4.1198730e+01
   2.7438990e+06   3.7841797e+01
   2.7440160e+06   5.3527832e+01
   2.7440360e+06   4.2785645e+01
   2.7441330e+06   4.7546387e+01
   2.7441520e+06   4.3945312e+01
   2.7442110e+06   4.1320801e+01
   2.7442420e+06   3.9184570e+01
   2.7442860e+06   5.3405762e+01
   2.7443050e+06   5.9204102e+01
   2.7443230e+06   3.7475586e+01
   2.7443630e+06   6.1889648e+01
   2.7444780e+06   3.8391113e+01
   2.7445490e+06   4.3762207e+01
   2.7445850e+06   4.7912598e+01
   2.7446390e+06   4.4860840e+01
   2.7447310e+06   4.1442871e+01
   2.7451750e+06   3.9611816e+01
   2.7452030e+06   3.8391113e+01
   2.7454320e+06   4.2846680e+01
   2.7455410e+06   4.2358398e+01
   2.7456810e+06   3.8757324e+01
   2.7459080e+06   4.3762207e+01
   2.7460810e+06   3.8635254e+01
   2.7466760e+06   3.8757324e+01
   2.7475030e+06   4.0161133e+01
   2.7478000e+06   3.8879395e+01
   3.2042760e+06   4.2297363e+01
   3.2055360e+06   4.2114258e+01
   3.2057440e+06   4.5166016e+01
   3.2058070e+06   4.4006348e+01
   3.2058490e+06   5.0720215e+01
   3.2058600e+06   4.8339844e+01
   3.2058980e+06   4.2907715e+01
   3.2059780e+06   6.6955566e+01
   3.2059900e+06   7.0129395e+01
   3.2060630e+06   7.0800781e+01
   3.2060920e+06   4.2724609e+01
   3.2061370e+06   5.0476074e+01
   3.2061700e+06   3.8757324e+01
   3.2061940e+06   3.8940430e+01
   3.2062470e+06   4.1625977e+01
   3.2062770e+06   4.5166016e+01
   3.2063260e+06   4.5593262e+01
   3.2063540e+06   4.7790527e+01
   3.2063670e+06   4.4494629e+01
   3.2064370e+06   3.9367676e+01
   3.2068690e+06   5.0231934e+01
   3.2071550e+06   4.3518066e+01
   3.2074380e+06   4.4311523e+01
   3.2075850e+06   4.3701172e+01
   3.2078080e+06   4.4616699e+01
   3.2081380e+06   4.4860840e+01
   3.2082060e+06   4.5410156e+01
   3.2085020e+06   4.0466309e+01
   3.2085810e+06   3.8513184e+01
   3.2088430e+06   6.5124512e+01
   3.2094470e+06   4.7363281e+01
   3.2095680e+06   6.0913086e+01
   3.2103170e+06   3.9978027e+01
   3.2282250e+06   3.8513184e+01
   3.2282890e+06   5.2185059e+01
   3.2283360e+06   5.6579590e+01
   3.2283590e+06   4.0588379e+01
   3.2283900e+06   6.6528320e+01
   3.2284450e+06   4.8034668e+01
   3.2284670e+06   7.3120117e+01
   3.2284810e+06   8.3129883e+01
   3.2285290e+06   4.3212891e+01
   3.2285580e+06   3.9978027e+01
   3.2286740e+06   4.4067383e+01
   3.2287010e+06   4.4982910e+01
   3.2287570e+06   5.1879883e+01
   3.2288440e+06   4.4128418e+01
   3.2288950e+06   5.3833008e+01
   3.2289170e+06   4.3212891e+01
   3.2289950e+06   4.6264648e+01
   3.2290740e+06   3.9306641e+01
   3.2291470e+06   5.4504395e+01
   3.2292500e+06   4.8217773e+01
   3.2293840e+06   3.9733887e+01
   3.2293950e+06   4.0893555e+01
   3.2295210e+06   4.1137695e+01
   3.2298900e+06   4.7302246e+01
   3.2299580e+06   4.0466309e+01
   3.2300500e+06   4.1870117e+01
   3.2302100e+06   4.2297363e+01
   3.2305250e+06   3.8574219e+01
   3.2307120e+06   4.0283203e+01
   3.2310710e+06   3.9306641e+01
   3.2313820e+06   3.8208008e+01
   3.2319390e+06   3.8696289e+01
   3.2335620e+06   3.9733887e+01
   3.2337930e+06   3.9367676e+01
   3.2362960e+06   4.2053223e+01
   3.7616880e+06   4.5471191e+01
   3.7617480e+06   3.8635254e+01
   3.7617710e+06   5.5358887e+01
   3.7617950e+06   4.9133301e+01
   3.7618340e+06   4.5959473e+01
   3.7618640e+06   7.9162598e+01
   3.7618980e+06   4.2480469e+01
   3.7619690e+06   5.9753418e+01
   3.7620060e+06   4.6203613e+01
   3.7620280e+06   3.9794922e+01
   3.7620860e+06   4.5227051e+01
   3.7621110e+06   3.8391113e+01
   3.7621280e+06   3.9245605e+01
   3.7621850e+06   4.1381836e+01
   3.7624360e+06   4.2724609e+01
   3.7626650e+06   3.9489746e+01
   3.7627660e+06   4.1198730e+01
   3.7629080e+06   4.6081543e+01
   3.7630930e+06   4.1809082e+01
   3.7631280e+06   3.8696289e+01
   3.7631910e+06   3.8879395e+01
   3.7632140e+06   4.0283203e+01
   3.7632340e+06   3.9550781e+01
   3.7633160e+06   4.0710449e+01
   3.7633850e+06   4.9804688e+01
   3.7634210e+06   4.3090820e+01
   3.7635350e+06   4.4921875e+01
   3.7635990e+06   4.2419434e+01
   3.7636990e+06   4.3762207e+01
   3.7638630e+06   3.8757324e+01
   3.7642450e+06   3.8818359e+01
   3.7645610e+06   6.2988281e+01
   3.7646900e+06   4.6630859e+01
   3.7647630e+06   3.9367676e+01
   3.7648350e+06   4.0222168e+01
   3.7652690e+06   3.9916992e+01
   3.7657150e+06   4.3334961e+01
   3.7659680e+06   7.2265625e+01
   3.7666280e+06   4.4616699e+01
   3.7667570e+06   3.8208008e+01
   3.7680870e+06   4.0832520e+01
   3.7685170e+06   4.4067383e+01
   3.7717080e+06   4.1442871e+01
   3.7806950e+06   4.2785645e+01
   3.7807820e+06   4.0710449e+01
   3.7808080e+06   3.9245605e+01
   3.7808570e+06   4.3640137e+01
   3.7809320e+06   4.0649414e+01
   3.7809650e+06   6.2683105e+01
   3.7809780e+06   4.8889160e+01
   3.7810010e+06   5.2734375e+01
   3.7810290e+06   4.4982910e+01
   3.7810500e+06   4.1381836e+01
   3.7810960e+06   4.2907715e+01
   3.7813010e+06   5.0537109e+01
   3.7815630e+06   4.1015625e+01
   3.7816050e+06   3.9367676e+01
   3.7816400e+06   4.4189453e+01
   3.7818000e+06   3.8757324e+01
   3.7818590e+06   4.0039063e+01
   3.7821490e+06   3.9733887e+01
   3.7822380e+06   4.2236328e+01
   3.7823170e+06   4.3151855e+01
   3.7823780e+06   4.0344238e+01
   3.7824530e+06   4.6142578e+01
   3.7827580e+06   4.0222168e+01
   3.7828510e+06   4.4189453e+01
   3.7830600e+06   4.4494629e+01
   3.7831900e+06   3.9794922e+01
   3.7835440e+06   3.8391113e+01
   3.7848350e+06   4.0466309e+01
   3.7850900e+06   4.9926758e+01
   4.2978200e+06   4.2114258e+01
   4.2978740e+06   3.9184570e+01
   4.2978870e+06   4.7912598e+01
   4.2979150e+06   3.8635254e+01
   4.2979430e+06   3.8574219e+01
   4.2979560e+06   5.0170898e+01
   4.2980320e+06   4.5349121e+01
   4.2980910e+06   8.3251953e+01
   4.2981340e+06   3.8696289e+01
   4.2981840e+06   4.1687012e+01
   4.2982200e+06   5.8227539e+01
   4.2982760e+06   4.6203613e+01
   4.2983140e+06   3.9123535e+01
   4.2983320e+06   3.8696289e+01
   4.2983530e+06   4.3273926e+01
   4.2984190e+06   3.9245605e+01
   4.2984360e+06   4.6875000e+01
   4.2986240e+06   3.8391113e+01
   4.2986600e+06   3.9978027e+01
   4.2990220e+06   3.9001465e+01
   4.2991460e+06   4.4311523e+01
   4.2992710e+06   4.5959473e+01
   4.2992970e+06   4.0649414e+01
   4.2994160e+06   3.8757324e+01
   4.2996280e+06   3.8269043e+01
   4.3000800e+06   4.1259766e+01
   4.3001200e+06   4.3762207e+01
   4.3002370e+06   4.0771484e+01
   4.3003500e+06   3.9733887e+01
   4.3004480e+06   4.9438477e+01
   4.3005580e+06   6.4025879e+01
   4.3007870e+06   4.2297363e+01
   4.3010190e+06   4.0771484e+01
   4.3010460e+06   3.8696289e+01
   4.3012060e+06   4.4433594e+01
   4.3015030e+06   5.5664062e+01
   4.3015560e+06   3.9733887e+01
   4.3017170e+06   3.9550781e+01
   4.3017490e+06   4.8278809e+01
   4.3026130e+06   3.8574219e+01
   4.3033760e+06   4.5043945e+01
   4.3106160e+06   3.8940430e+01
   4.3206380e+06   4.4494629e+01
   4.3207450e+06   4.5410156e+01
   4.3208400e+06   4.1992188e+01
   4.3208620e+06   6.5246582e+01
   4.3208760e+06   9.3139648e+01
   4.3208900e+06   7.1350098e+01
   4.3209040e+06   4.1809082e+01
   4.3209490e+06   4.1931152e+01
   4.3209680e+06   4.9072266e+01
   4.3210030e+06   3.8391113e+01
   4.3211070e+06   4.4006348e+01
   4.3211300e+06   6.8359375e+01
   4.3213620e+06   3.9123535e+01
   4.3214070e+06   5.2307129e+01
   4.3217480e+06   4.2907715e+01
   4.3217800e+06   4.1259766e+01
   4.3218710e+06   4.8217773e+01
   4.3219390e+06   4.0405273e+01
   4.3222780e+06   4.4921875e+01
   4.3224910e+06   4.0954590e+01
   4.3225520e+06   4.0893555e+01
   4.3230610e+06   3.9978027e+01
   4.3232530e+06   3.9367676e+01
   4.3247750e+06   4.4311523e+01
   4.3257150e+06   4.2602539e+01
   4.6465630e+06   4.9926758e+01
   4.6467950e+06   4.5532227e+01
   4.6468210e+06   4.1198730e+01
   4.6468770e+06   6.6162109e+01
   4.6469130e+06   8.2702637e+01
   4.6469350e+06   4.9743652e+01
   4.6469520e+06   3.8208008e+01
   4.6470120e+06   4.3334961e+01
   4.6470660e+06   4.8278809e+01
   4.6471250e+06   4.1442871e+01
   4.6471970e+06   3.9001465e+01
   4.6474250e+06   4.5654297e+01
   4.6476000e+06   3.9550781e+01
   4.6479050e+06   3.8757324e+01
   4.6479980e+06   4.5898438e+01
   4.6483070e+06   3.8757324e+01
   4.6484010e+06   3.8940430e+01
   4.6489630e+06   4.9743652e+01
   4.6491860e+06   3.8879395e+01
   4.6493290e+06   5.6457520e+01
   4.6493880e+06   3.8696289e+01
   4.6494440e+06   4.3823242e+01
   4.6494730e+06   4.1809082e+01
   4.6498920e+06   4.1259766e+01
   4.6500480e+06   5.6640625e+01
   4.6503710e+06   4.1809082e+01
   4.6503930e+06   4.1198730e+01
   4.6504690e+06   3.8940430e+01
   4.6508360e+06   5.2795410e+01
   4.6516650e+06   3.9489746e+01
   4.6520740e+06   4.0527344e+01
   4.6532120e+06   3.8818359e+01
   4.6566690e+06   3.8818359e+01
   4.6578820e+06   4.0344238e+01
   4.6726810e+06   4.5532227e+01
   4.6727350e+06   5.4260254e+01
   4.6728470e+06   3.8452148e+01
   4.6728670e+06   6.2866211e+01
   4.6729060e+06   4.5349121e+01
   4.6729190e+06   4.0710449e+01
   4.6729510e+06   5.2246094e+01
   4.6730350e+06   4.3640137e+01
   4.6730670e+06   4.5227051e+01
   4.6731030e+06   4.3090820e+01
   4.6731550e+06   3.9916992e+01
   4.6731650e+06   5.1940918e+01
   4.6733400e+06   4.8217773e+01
   4.6733500e+06   4.0832520e+01
   4.6734440e+06   3.9123535e+01
   4.6735160e+06   4.0527344e+01
   4.6735900e+06   4.3823242e+01
   4.6736030e+06   4.4250488e+01
   4.6737320e+06   4.0039062e+01
   4.6738560e+06   5.0720215e+01
   4.6738830e+06   6.3415527e+01
   4.6741680e+06   4.3823242e+01
   4.6742630e+06   4.0771484e+01
   4.6743220e+06   4.3273926e+01
   4.6744620e+06   3.9550781e+01
   4.6751800e+06   4.5288086e+01
   4.6752450e+06   4.2419434e+01
   4.6756470e+06   4.5410156e+01
   4.6757480e+06   4.1381836e+01
   4.6760510e+06   4.6875000e+01
   4.6763050e+06   4.0954590e+01
   4.6767140e+06   3.8208008e+01
   4.6772220e+06   3.9428711e+01
   4.6779210e+06   4.1687012e+01
   4.6795340e+06   4.0222168e+01
   4.9354350e+06   4.6813965e+01
   5.0424210e+06   4.3579102e+01
   5.1618570e+06   5.5786133e+01
   5.1618840e+06   5.9997559e+01
   5.1619060e+06   5.8593750e+01
   5.1619560e+06   5.3649902e+01
   5.1619680e+06   8.7707520e+01
   5.1619790e+06   4.5959473e+01
   5.1620220e+06   3.8818359e+01
   5.1620640e+06   4.4738770e+01
   5.1620800e+06   5.3344727e+01
   5.1620950e+06   4.1992188e+01
   5.1621700e+06   4.4006348e+01
   5.1621810e+06   4.3945312e+01
   5.1622730e+06   4.2785645e+01
   5.1623280e+06   4.9011230e+01
   5.1623550e+06   3.9855957e+01
   5.1624650e+06   5.4931641e+01
   5.1625970e+06   4.1503906e+01
   5.1630350e+06   3.8818359e+01
   5.1631450e+06   4.2297363e+01
   5.1632180e+06   4.0222168e+01
   5.1633350e+06   3.9672852e+01
   5.1635090e+06   4.4799805e+01
   5.1638680e+06   4.3640137e+01
   5.1640190e+06   3.9550781e+01
   5.1640760e+06   4.1687012e+01
   5.1642090e+06   4.7485352e+01
   5.1644820e+06   4.0039063e+01
   5.1647600e+06   4.1076660e+01
   5.1652080e+06   4.3701172e+01
   5.1653480e+06   4.4860840e+01
   5.1654220e+06   4.7119141e+01
   5.1654530e+06   4.1748047e+01
   5.1655130e+06   4.5654297e+01
   5.1659500e+06   3.9001465e+01
   5.1663420e+06   4.1442871e+01
   5.1673580e+06   4.2297363e+01
   5.1691150e+06   4.1687012e+01
   5.1700370e+06   4.1015625e+01
   5.1884520e+06   3.9672852e+01
   5.1885520e+06   4.3457031e+01
   5.1886410e+06   4.1809082e+01
   5.1886820e+06   3.8452148e+01
   5.1887490e+06   5.3527832e+01
   5.1887980e+06   6.0180664e+01
   5.1888400e+06   6.1828613e+01
   5.1890070e+06   5.8166504e+01
   5.1890240e+06   5.8654785e+01
   5.1890600e+06   4.3518066e+01
   5.1891700e+06   3.8330078e+01
   5.1892500e+06   3.8208008e+01
   5.1892820e+06   4.4555664e+01
   5.1893720e+06   4.3212891e+01
   5.1894510e+06   3.8940430e+01
   5.1895580e+06   3.9733887e+01
   5.1895850e+06   4.0283203e+01
   5.1896600e+06   3.8208008e+01
   5.1897610e+06   4.2907715e+01
   5.1897980e+06   3.8452148e+01
   5.1898730e+06   3.9001465e+01
   5.1900340e+06   4.1748047e+01
   5.1901230e+06   4.3334961e+01
   5.1905120e+06   4.2663574e+01
   5.1905550e+06   3.8513184e+01
   5.1907380e+06   4.2846680e+01
   5.1908800e+06   4.1809082e+01
   5.1911340e+06   4.5654297e+01
   5.1914370e+06   4.1320801e+01
   5.1917340e+06   4.1748047e+01
   5.1917450e+06   3.8269043e+01
   5.1921130e+06   4.0710449e+01
   5.1921690e+06   4.2053223e+01
   5.1934400e+06   4.0283203e+01
   5.1937850e+06   3.8146973e+01
   5.1953230e+06   3.9550781e+01
   5.4477480e+06   4.1870117e+01
   5.5682550e+06   4.4494629e+01
   5.5683280e+06   5.4748535e+01
   5.5684030e+06   3.9428711e+01
   5.5684940e+06   5.6945801e+01
   5.5685090e+06   7.5805664e+01
   5.5685420e+06   4.8095703e+01
   5.5685660e+06   4.4799805e+01
   5.5685880e+06   4.3884277e+01
   5.5686260e+06   5.4870605e+01
   5.5686670e+06   4.6020508e+01
   5.5686990e+06   4.4555664e+01
   5.5687640e+06   3.8818359e+01
   5.5688320e+06   4.4677734e+01
   5.5688610e+06   3.9062500e+01
   5.5688710e+06   4.6752930e+01
   5.5689030e+06   5.4077148e+01
   5.5690050e+06   3.9367676e+01
   5.5691100e+06   4.5715332e+01
   5.5692950e+06   4.0954590e+01
   5.5696670e+06   3.9916992e+01
   5.5698880e+06   3.9184570e+01
   5.5699480e+06   4.2419434e+01
   5.5700940e+06   4.1564941e+01
   5.5702860e+06   4.4860840e+01
   5.5704190e+06   3.9367676e+01
   5.5706270e+06   3.9855957e+01
   5.5706500e+06   3.9001465e+01
   5.5706890e+06   4.0283203e+01
   5.5707890e+06   3.9733887e+01
   5.5708570e+06   4.5471191e+01
   5.5708890e+06   3.9489746e+01
   5.5709550e+06   4.5654297e+01
   5.5710720e+06   3.8391113e+01
   5.5713220e+06   4.8828125e+01
   5.5713900e+06   3.8818359e+01
   5.5715050e+06   4.8217773e+01
   5.5716450e+06   4.1687012e+01
   5.5718240e+06   4.5959473e+01
   5.5720040e+06   4.1687012e+01
   5.5723440e+06   4.9987793e+01
   5.5725270e+06   4.0405273e+01
   5.5726950e+06   4.2663574e+01
   5.5731070e+06   4.1931152e+01
   5.5735580e+06   3.9855957e+01
   5.5743350e+06   5.0109863e+01
   5.5747380e+06   4.3395996e+01
   5.6001640e+06   4.0222168e+01
   5.9396290e+06   3.9428711e+01
   5.9396960e+06   4.7546387e+01
   5.9397060e+06   5.1818848e+01
   5.9397240e+06   4.1320801e+01
   5.9397660e+06   4.5288086e+01
   5.9398000e+06   1.2567139e+02
   5.9398250e+06   5.4626465e+01
   5.9398680e+06   5.5908203e+01
   5.9399110e+06   3.9916992e+01
   5.9399230e+06   4.1259766e+01
   5.9399390e+06   3.9916992e+01
   5.9399560e+06   6.4208984e+01
   5.9399850e+06   4.8583984e+01
   5.9400220e+06   4.0222168e+01
   5.9400830e+06   3.9001465e+01
   5.9401210e+06   4.1809082e+01
   5.9402100e+06   4.7058105e+01
   5.9403400e+06   4.4616699e+01
   5.9404680e+06   3.8208008e+01
   5.9405470e+06   3.9978027e+01
   5.9405710e+06   4.3945312e+01
   5.9407280e+06   3.9672852e+01
   5.9411110e+06   3.9367676e+01
   5.9413120e+06   4.7119141e+01
   5.9415820e+06   3.8269043e+01
   5.9417420e+06   3.9855957e+01
   5.9420040e+06   4.2053223e+01
   5.9421340e+06   6.0424805e+01
   5.9422060e+06   3.9733887e+01
   5.9425190e+06   4.1259766e+01
   5.9428360e+06   3.8574219e+01
   5.9428660e+06   5.1879883e+01
   5.9431650e+06   4.0771484e+01
   5.9436010e+06   4.1625977e+01
   5.9439240e+06   3.9672852e+01
   5.9442610e+06   4.3518066e+01
   5.9608000e+06   3.8452148e+01
   5.9608350e+06   3.9123535e+01
   5.9608720e+06   3.9672852e+01
   5.9608970e+06   3.8330078e+01
   5.9609370e+06   3.9978027e+01
   5.9609800e+06   4.2724609e+01
   5.9610820e+06   6.1828613e+01
   5.9611030e+06   4.4006348e+01
   5.9611140e+06   5.5541992e+01
   5.9611780e+06   4.0649414e+01
   5.9612210e+06   3.8513184e+01
   5.9612600e+06   4.0161133e+01
   5.9613050e+06   4.3212891e+01
   5.9613520e+06   4.6081543e+01
   5.9614260e+06   3.8879395e+01
   5.9614370e+06   4.1198730e+01
   5.9616110e+06   3.8513184e+01
   5.9616720e+06   4.1748047e+01
   5.9616880e+06   5.4443359e+01
   5.9620460e+06   4.6936035e+01
   5.9621580e+06   4.4616699e+01
   5.9622590e+06   3.9611816e+01
   5.9623920e+06   5.6945801e+01
   5.9626980e+06   3.8330078e+01
   5.9628240e+06   4.7607422e+01
   5.9631970e+06   4.1442871e+01
   5.9632870e+06   4.3334961e+01
   5.9633670e+06   4.1320801e+01
   5.9643240e+06   4.1381836e+01
   5.9644910e+06   3.8818359e+01
   6.1338200e+06   4.1259766e+01
   6.2819300e+06   4.6691895e+01
   6.2819790e+06   4.3884277e+01
   6.2819950e+06   4.7424316e+01
   6.2820580e+06   4.3945312e+01
   6.2820800e+06   4.1625977e+01
   6.2820960e+06   9.5214844e+01
   6.2821090e+06   5.6457520e+01
   6.2821310e+06   7.0983887e+01
   6.2821560e+06   3.8879395e+01
   6.2822450e+06   4.5837402e+01
   6.2822720e+06   4.3701172e+01
   6.2822960e+06   6.1584473e+01
   6.2824010e+06   3.9245605e+01
   6.2824300e+06   4.0039062e+01
   6.2824940e+06   4.4494629e+01
   6.2825300e+06   4.2785645e+01
   6.2826360e+06   4.0771484e+01
   6.2827290e+06   3.9611816e+01
   6.2827520e+06   4.0100098e+01
   6.2829880e+06   4.8278809e+01
   6.2831600e+06   4.3090820e+01
   6.2832710e+06   4.1625977e+01
   6.2837230e+06   4.1503906e+01
   6.2839130e+06   4.7119141e+01
   6.2841230e+06   4.0283203e+01
   6.2842390e+06   4.1625977e+01
   6.2845680e+06   5.3405762e+01
   6.2848360e+06   4.0222168e+01
   6.2852690e+06   4.6630859e+01
   6.2855000e+06   4.5410156e+01
   6.2856220e+06   4.0283203e+01
   6.2857480e+06   3.8513184e+01
   6.2860470e+06   4.0222168e+01
   6.2863640e+06   5.1086426e+01
   6.2866170e+06   3.8391113e+01
   6.2872840e+06   4.2663574e+01
   6.3212630e+06   4.1503906e+01
   6.3214780e+06   7.5744629e+01
   6.3215110e+06   6.0363770e+01
   6.3215630e+06   3.9672852e+01
   6.3215850e+06   4.3518066e+01
   6.3216340e+06   4.0832520e+01
   6.3216440e+06   4.3151855e+01
   6.3217360e+06   8.1054688e+01
   6.3217700e+06   6.1096191e+01
   6.3217810e+06   4.9682617e+01
   6.3219770e+06   4.3945312e+01
   6.3220700e+06   4.1687012e+01
   6.3222200e+06   4.0222168e+01
   6.3224280e+06   3.8452148e+01
   6.3224850e+06   5.6640625e+01
   6.3225200e+06   4.2907715e+01
   6.3227670e+06   4.3029785e+01
   6.3231180e+06   4.4982910e+01
   6.3232030e+06   4.2175293e+01
   6.3232710e+06   3.8757324e+01
   6.3233920e+06   3.8513184e+01
   6.3234940e+06   4.0588379e+01
   6.3236990e+06   3.9978027e+01
   6.3237260e+06   5.3100586e+01
   6.3239630e+06   3.9733887e+01
   6.3239760e+06   5.4565430e+01
   6.3240840e+06   4.2480469e+01
   6.3244310e+06   4.5043945e+01
   6.3244880e+06   4.3090820e+01
   6.3247880e+06   4.7119141e+01
   6.3250020e+06   4.2785645e+01
   6.3251350e+06   4.7241211e+01
   6.3255500e+06   5.1452637e+01
   6.3259500e+06   4.4128418e+01
   6.3284980e+06   4.0954590e+01
   6.3306990e+06   3.8574219e+01
   6.6707350e+06   4.4128418e+01
   6.6707450e+06   5.7067871e+01
   6.6708320e+06   9.9426270e+01
   6.6708480e+06   4.0344238e+01
   6.6708740e+06   4.7668457e+01
   6.6708910e+06   3.8513184e+01
   6.6709260e+06   4.1381836e+01
   6.6709470e+06   4.0771484e+01
   6.6709700e+06   3.9978027e+01
   6.6709920e+06   4.2541504e+01
   6.6710130e+06   5.9143066e+01
   6.6710790e+06   4.8217773e+01
   6.6711230e+06   4.7424316e+01
   6.6711590e+06   4.0283203e+01
   6.6712580e+06   4.3334961e+01
   6.6713200e+06   4.5593262e+01
   6.6713850e+06   4.7973633e+01
   6.6715270e+06   4.5349121e+01
   6.6716620e+06   4.3823242e+01
   6.6717100e+06   3.9916992e+01
   6.6718180e+06   4.7241211e+01
   6.6719040e+06   4.9499512e+01
   6.6719450e+06   4.5654297e+01
   6.6720080e+06   4.0771484e+01
   6.6722330e+06   4.4067383e+01
   6.6725670e+06   4.0527344e+01
   6.6725920e+06   4.5654297e+01
   6.6726580e+06   3.9306641e+01
   6.6729560e+06   4.7119141e+01
   6.6735380e+06   4.3823242e+01
   6.6736620e+06   4.1748047e+01
   6.6738880e+06   4.6508789e+01
   6.6744080e+06   4.1687012e+01
   6.6746800e+06   4.0893555e+01
   6.6752430e+06   5.3894043e+01
   6.6762630e+06   3.8574219e+01
   6.6941330e+06   3.9672852e+01
   6.6941760e+06   4.0222168e+01
   6.6942500e+06   4.4982910e+01
   6.6942720e+06   4.9804688e+01
   6.6943310e+06   4.1381836e+01
   6.6944170e+06   3.9184570e+01
   6.6944500e+06   4.8950195e+01
   6.6944650e+06   4.6630859e+01
   6.6944770e+06   5.8837891e+01
   6.6946550e+06   4.1259766e+01
   6.6947100e+06   5.7617188e+01
   6.6948000e+06   3.8940430e+01
   6.6948150e+06   4.0893555e+01
   6.6949390e+06   6.2377930e+01
   6.6950340e+06   4.5715332e+01
   6.6950640e+06   4.3884277e+01
   6.6950770e+06   3.8879395e+01
   6.6951620e+06   4.0771484e+01
   6.6954240e+06   4.3273926e+01
   6.6954670e+06   4.7363281e+01
   6.6957370e+06   4.1503906e+01
   6.6958480e+06   3.9428711e+01
   6.6963150e+06   4.0527344e+01
   6.6965130e+06   3.8452148e+01
   6.6968130e+06   4.4860840e+01
   6.6968830e+06   4.4799805e+01
   6.6970200e+06   4.4494629e+01
   6.6973880e+06   4.6691895e+01
   6.6977950e+06   3.8452148e+01
   6.6980390e+06   4.3029785e+01
   6.6984420e+06   4.2724609e+01
   7.0301850e+06   4.4067383e+01
   7.1131820e+06   4.7912598e+01
   7.1132980e+06   4.1137695e+01
   7.1133340e+06   9.7595215e+01
   7.1133510e+06   5.3405762e+01
   7.1133720e+06   4.3151855e+01
   7.1133950e+06   4.9011230e+01
   7.1134580e+06   4.1381836e+01
   7.1135130e+06   7.8430176e+01
   7.1135380e+06   4.0405273e+01
   7.1135880e+06   4.5410156e+01
   7.1137080e+06   4.0954590e+01
   7.1137390e+06   3.9245605e+01
   7.1138130e+06   4.7668457e+01
   7.1139430e+06   4.4067383e+01
   7.1142310e+06   3.8940430e+01
   7.1145330e+06   4.2114258e+01
   7.1148270e+06   4.8034668e+01
   7.1150550e+06   4.7241211e+01
   7.1151770e+06   4.5776367e+01
   7.1151950e+06   4.0710449e+01
   7.1153590e+06   5.2978516e+01
   7.1154500e+06   4.0283203e+01
   7.1155350e+06   3.9306641e+01
   7.1156710e+06   4.6386719e+01
   7.1158520e+06   3.9855957e+01
   7.1158920e+06   3.8818359e+01
   7.1162630e+06   4.6264648e+01
   7.1165830e+06   4.9255371e+01
   7.1166380e+06   4.0649414e+01
   7.1170490e+06   4.0283203e+01
   7.1171310e+06   3.8330078e+01
   7.1174160e+06   4.4616699e+01
   7.1175440e+06   4.4372559e+01
   7.1178230e+06   3.9001465e+01
   7.1178910e+06   4.4982910e+01
   7.1187340e+06   4.1259766e+01
   7.1191910e+06   4.3151855e+01
   7.1204510e+06   3.9428711e+01
   7.5468060e+06   3.8513184e+01
   7.5469410e+06   4.0649414e+01
   7.5469780e+06   5.6274414e+01
   7.5470070e+06   5.0659180e+01
   7.5470560e+06   4.7546387e+01
   7.5470960e+06   4.1381836e+01
   7.5471220e+06   7.4645996e+01
   7.5471650e+06   4.8522949e+01
   7.5471930e+06   4.0222168e+01
   7.5472160e+06   3.8757324e+01
   7.5472690e+06   5.1513672e+01
   7.5473000e+06   4.9011230e+01
   7.5473340e+06   4.3701172e+01
   7.5473840e+06   4.6264648e+01
   7.5476150e+06   4.3212891e+01
   7.5478580e+06   4.0710449e+01
   7.5482240e+06   4.2541504e+01
   7.5482520e+06   3.9184570e+01
   7.5483390e+06   4.1931152e+01
   7.5485590e+06   4.2297363e+01
   7.5486430e+06   4.1809082e+01
   7.5488060e+06   4.1931152e+01
   7.5488670e+06   6.5307617e+01
   7.5492630e+06   3.9855957e+01
   7.5493670e+06   4.7180176e+01
   7.5496030e+06   5.8654785e+01
   7.5499620e+06   3.9611816e+01
   7.5500610e+06   3.9123535e+01
   7.5503170e+06   4.3029785e+01
   7.5503900e+06   4.3701172e+01
   7.5505440e+06   4.1503906e+01
   7.5506810e+06   4.1320801e+01
   7.5508410e+06   4.1381836e+01
   7.5510260e+06   4.1687012e+01
   7.5536330e+06   4.1564941e+01
   7.5541220e+06   3.9611816e+01
   7.5598750e+06   3.9428711e+01
   7.5674880e+06   4.4433594e+01
   7.5675670e+06   4.9194336e+01
   7.5676440e+06   4.1259766e+01
   7.5676960e+06   4.2419434e+01
   7.5677260e+06   6.5307617e+01
   7.5677540e+06   5.7189941e+01
   7.5679210e+06   4.4189453e+01
   7.5680010e+06   4.3395996e+01
   7.5680280e+06   5.3771973e+01
   7.5680830e+06   4.1503906e+01
   7.5683400e+06   4.1625977e+01
   7.5684000e+06   3.8940430e+01
   7.5687250e+06   4.1503906e+01
   7.5687660e+06   4.4677734e+01
   7.5689720e+06   4.5104980e+01
   7.5691410e+06   3.8513184e+01
   7.5697010e+06   4.1320801e+01
   7.5699500e+06   4.1625977e+01
   7.5701450e+06   3.9184570e+01
   7.5706790e+06   4.6752930e+01
   7.5711190e+06   3.9794922e+01
   7.5720110e+06   3.8452148e+01
   7.9782010e+06   4.2785645e+01
   8.0628840e+06   4.1015625e+01
   8.0676710e+06   4.4006348e+01
   8.0677350e+06   4.3823242e+01
   8.0677580e+06   4.1870117e+01
   8.0678140e+06   1.2799072e+02
   8.0678310e+06   6.5734863e+01
   8.0678790e+06   3.9611816e+01
   8.0679840e+06   4.6264648e+01
   8.0680100e+06   5.2673340e+01
   8.0680460e+06   4.2419434e+01
   8.0680860e+06   4.8156738e+01
   8.0681150e+06   5.1086426e+01
   8.0681290e+06   4.7912598e+01
   8.0681860e+06   5.2917480e+01
   8.0683140e+06   3.8452148e+01
   8.0684960e+06   4.0405273e+01
   8.0688450e+06   4.3823242e+01
   8.0689110e+06   4.2114258e+01
   8.0689640e+06   3.9184570e+01
   8.0690250e+06   4.3395996e+01
   8.0693680e+06   4.5410156e+01
   8.0694420e+06   4.0405273e+01
   8.0695770e+06   4.7363281e+01
   8.0696580e+06   3.9001465e+01
   8.0697180e+06   5.7189941e+01
   8.0698120e+06   4.2602539e+01
   8.0700560e+06   4.0161133e+01
   8.0702360e+06   3.8757324e+01
   8.0704280e+06   4.1503906e+01
   8.0711490e+06   4.1748047e+01
   8.0711920e+06   4.3884277e+01
   8.0715290e+06   4.5776367e+01
   8.0717660e+06   4.8950195e+01
   8.0726830e+06   3.9550781e+01
   8.0731050e+06   3.8574219e+01
   8.4000180e+06   3.8391113e+01
   8.4000570e+06   4.0649414e+01
   8.4000770e+06   4.1503906e+01
   8.4001010e+06   5.7678223e+01
   8.4001270e+06   6.6040039e+01
   8.4001490e+06   6.4086914e+01
   8.4001830e+06   4.0344238e+01
   8.4002440e+06   4.4921875e+01
   8.4002910e+06   6.1767578e+01
   8.4003160e+06   3.9672852e+01
   8.4003360e+06   4.2297363e+01
   8.4003510e+06   5.1330566e+01
   8.4003730e+06   3.9367676e+01
   8.4004530e+06   3.9123535e+01
   8.4004910e+06   4.2541504e+01
   8.4009780e+06   4.3701172e+01
   8.4013290e+06   4.6691895e+01
   8.4013550e+06   5.0415039e+01
   8.4014980e+06   6.1889648e+01
   8.4016840e+06   4.5715332e+01
   8.4017180e+06   4.2419434e+01
   8.4017550e+06   4.0405273e+01
   8.4020260e+06   5.4748535e+01
   8.4020880e+06   5.3222656e+01
   8.4021030e+06   5.3771973e+01
   8.4022940e+06   5.3161621e+01
   8.4023640e+06   4.8522949e+01
   8.4025920e+06   4.6447754e+01
   8.4026850e+06   4.3762207e+01
   8.4027110e+06   4.6081543e+01
   8.4027950e+06   4.6386719e+01
   8.4030520e+06   4.2419434e+01
   8.4033490e+06   5.3527832e+01
   8.4034380e+06   5.6091309e+01
   8.4036970e+06   4.3395996e+01
   8.4039710e+06   4.5593262e+01
   8.4041040e+06   4.1748047e+01
   8.4042420e+06   4.1564941e+01
   8.4044530e+06   3.8879395e+01
   8.4052600e+06   3.8940430e+01
   8.4057020e+06   4.3457031e+01
   8.4062490e+06   4.3029785e+01
   8.4074900e+06   3.9794922e+01
   8.4175180e+06   4.0405273e+01
   8.4175660e+06   5.8349609e+01
   8.4176460e+06   4.4555664e+01
   8.4177480e+06   4.0649414e+01
   8.4177850e+06   4.0405273e+01
   8.4178140e+06   4.2907715e+01
   8.4180050e+06   4.3029785e+01
   8.4180500e+06   4.3762207e+01
   8.4183830e+06   4.6630859e+01
   8.4184560e+06   5.1269531e+01
   8.4187010e+06   4.1259766e+01
   8.4188350e+06   4.9743652e+01
   8.4193400e+06   4.5837402e+01
   8.4194670e+06   4.2724609e+01
   8.4196120e+06   4.2785645e+01
   8.4198790e+06   3.9062500e+01
   8.4200040e+06   4.0100098e+01
   8.4201280e+06   4.2175293e+01
   8.4203660e+06   3.8574219e+01
   8.4205610e+06   3.9978027e+01
   8.4208240e+06   4.6447754e+01
   8.4209950e+06   5.3161621e+01
   8.4216360e+06   3.9001465e+01
   8.8406510e+06   4.1137695e+01
   8.8411020e+06   4.3273926e+01
   8.8411170e+06   5.2062988e+01
   8.8411290e+06   4.1137695e+01
   8.8411740e+06   4.0466309e+01
   8.8412110e+06   5.0476074e+01
   8.8412270e+06   7.3181152e+01
   8.8412530e+06   5.4199219e+01
   8.8412800e+06   4.1137695e+01
   8.8413570e+06   4.8461914e+01
   8.8413690e+06   4.0466309e+01
   8.8414080e+06   4.1564941e+01
   8.8414640e+06   3.8818359e+01
   8.8414880e+06   4.2663574e+01
   8.8415170e+06   3.9855957e+01
   8.8415640e+06   4.5410156e+01
   8.8416260e+06   4.0283203e+01
   8.8418690e+06   3.8879395e+01
   8.8418860e+06   3.8391113e+01
   8.8423990e+06   3.9672852e+01
   8.8424150e+06   5.9326172e+01
   8.8428710e+06   3.9123535e+01
   8.8430710e+06   5.9997559e+01
   8.8432900e+06   4.2541504e+01
   8.8433020e+06   4.6020508e+01
   8.8434240e+06   4.9682617e+01
   8.8434700e+06   3.9428711e+01
   8.8435730e+06   4.0100098e+01
   8.8437700e+06   5.7067871e+01
   8.8438450e+06   4.0161133e+01
   8.8438720e+06   5.3527832e+01
   8.8441450e+06   4.2297363e+01
   8.8441710e+06   4.0954590e+01
   8.8442410e+06   4.9255371e+01
   8.8442970e+06   4.1687012e+01
   8.8448490e+06   4.2053223e+01
   8.8449320e+06   4.3212891e+01
   8.8450100e+06   4.0161133e+01
   8.8456890e+06   3.8696289e+01
   8.8461470e+06   3.9550781e+01
   8.8487360e+06   4.7790527e+01
   8.8518710e+06   3.9916992e+01
   8.8528390e+06   4.0771484e+01
   8.8545150e+06   4.5532227e+01
   8.8656720e+06   4.4067383e+01
   8.8657190e+06   4.2053223e+01
   8.8657860e+06   4.5043945e+01
   8.8658700e+06   8.2397461e+01
   8.8658880e+06   6.7382812e+01
   8.8659000e+06   3.8635254e+01
   8.8659440e+06   4.3762207e+01
   8.8660390e+06   3.8696289e+01
   8.8660710e+06   5.1330566e+01
   8.8661410e+06   5.6701660e+01
   8.8661730e+06   3.9123535e+01
   8.8661910e+06   5.8288574e+01
   8.8663720e+06   4.3273926e+01
   8.8664050e+06   3.9184570e+01
   8.8665500e+06   4.2968750e+01
   8.8666560e+06   3.8391113e+01
   8.8667590e+06   5.8532715e+01
   8.8667890e+06   4.1931152e+01
   8.8668740e+06   4.1809082e+01
   8.8672410e+06   3.9978027e+01
   8.8673710e+06   5.8227539e+01
   8.8675440e+06   3.9733887e+01
   8.8677610e+06   3.9245605e+01
   8.8678770e+06   3.8391113e+01
   8.8682040e+06   3.8696289e+01
   8.8687200e+06   4.1625977e+01
   8.8693880e+06   3.8696289e+01
   8.8696060e+06   3.8574219e+01
   8.8706650e+06   4.6142578e+01
   8.8710380e+06   4.2175293e+01
