   8.9970000e+06   0.0000000e+00
   9.5000000e+04   4.5837402e+01
   9.5022000e+04   5.1391602e+01
   9.5085000e+04   6.2500000e+01
   9.5102000e+04   5.2795410e+01
   9.5164000e+04   5.1757812e+01
   9.5260000e+04   4.8522949e+01
   9.5315000e+04   5.3649902e+01
   9.5352000e+04   4.5532227e+01
   9.5466000e+04   4.7058105e+01
   9.5688000e+04   5.4138184e+01
   9.5822000e+04   4.6875000e+01
   9.6042000e+04   4.5776367e+01
   9.6734000e+04   4.9316406e+01
   9.6838000e+04   4.9560547e+01
   9.6882000e+04   4.7912598e+01
   9.7922000e+04   5.1513672e+01
   9.8011000e+04   4.6264648e+01
   9.9345000e+04   4.8583984e+01
   9.9968000e+04   5.1025391e+01
   2.8915900e+05   4.5959473e+01
   2.8921400e+05   4.6569824e+01
   2.8927900e+05   4.6875000e+01
   2.8931500e+05   4.5532227e+01
   2.8956700e+05   4.8278809e+01
   2.8959200e+05   4.6875000e+01
   2.8977500e+05   4.7851562e+01
   2.9035800e+05   4.5837402e+01
   2.9059100e+05   4.5471191e+01
   2.9289300e+05   4.5593262e+01
   2.9407100e+05   5.5114746e+01
   6.3975400e+05   4.8278809e+01
   6.4012100e+05   4.9072266e+01
   6.4028200e+05   5.4260254e+01
   6.4045200e+05   5.1757812e+01
   6.4052900e+05   5.6823730e+01
   6.4054600e+05   4.7363281e+01
   6.4056600e+05   6.2866211e+01
   6.4061100e+05   5.1269531e+01
   6.4067900e+05   4.5593262e+01
   6.4076800e+05   5.2062988e+01
   6.4087700e+05   4.6691895e+01
   6.4109700e+05   5.9448242e+01
   6.4125600e+05   5.0537109e+01
   6.4131700e+05   5.1025391e+01
   6.4169700e+05   5.2368164e+01
   6.4182800e+05   4.6325684e+01
   6.4189200e+05   6.2927246e+01
   6.4215300e+05   4.9438477e+01
   6.4247600e+05   5.0415039e+01
   6.4411700e+05   4.5349121e+01
   8.2272300e+05   4.6813965e+01
   8.2314700e+05   4.7363281e+01
   8.2319300e+05   4.6325684e+01
   8.2335200e+05   4.9987793e+01
   8.2340600e+05   4.8095703e+01
   8.2346100e+05   4.5349121e+01
   8.2348800e+05   6.1462402e+01
   8.2350400e+05   5.1391602e+01
   8.2356300e+05   5.0476074e+01
   8.2375100e+05   4.8095703e+01
   8.2402600e+05   5.0964355e+01
   8.2405200e+05   4.8645020e+01
   8.2416700e+05   5.0170898e+01
   8.2439000e+05   5.0415039e+01
   8.2568300e+05   5.0964355e+01
   8.2581600e+05   4.6508789e+01
   8.2632200e+05   4.6691895e+01
   8.2728800e+05   4.7302246e+01
   1.0495910e+06   4.6569824e+01
   1.0497840e+06   4.5410156e+01
   1.0498390e+06   4.5593262e+01
   1.0499190e+06   4.6386719e+01
   1.0499360e+06   4.9377441e+01
   1.0501600e+06   4.7119141e+01
   1.0502450e+06   5.3161621e+01
   1.0510580e+06   4.5837402e+01
   1.0529160e+06   4.5837402e+01
   1.0535920e+06   4.7119141e+01
   1.4539680e+06   5.0170898e+01
   1.4540600e+06   4.6508789e+01
   1.4540970e+06   4.7058105e+01
   1.4543520e+06   5.2001953e+01
   1.4544050e+06   4.8339844e+01
   1.4545310e+06   4.6386719e+01
   1.4550370e+06   5.0476074e+01
   1.4553800e+06   4.8950195e+01
   1.4555410e+06   5.0842285e+01
   1.4555610e+06   4.8828125e+01
   1.4558780e+06   5.0231934e+01
   1.4591610e+06   5.5297852e+01
   1.9534250e+06   5.0109863e+01
   1.9536220e+06   5.2062988e+01
   1.9536870e+06   4.9011230e+01
   1.9537100e+06   6.1523438e+01
   1.9538530e+06   6.2683105e+01
   1.9540020e+06   5.2368164e+01
   1.9541400e+06   4.5288086e+01
   1.9553470e+06   4.8828125e+01
   1.9557800e+06   4.9926758e+01
   1.9558150e+06   4.8828125e+01
   1.9560410e+06   4.6813965e+01
   1.9567130e+06   4.6386719e+01
   1.9574470e+06   4.6081543e+01
   1.9576190e+06   5.3527832e+01
   2.2164550e+06   5.7312012e+01
   2.2165360e+06   4.7363281e+01
   2.2165470e+06   5.2978516e+01
   2.2165800e+06   4.7973633e+01
   2.2166360e+06   5.5908203e+01
   2.2166790e+06   6.0974121e+01
   2.2167120e+06   5.0720215e+01
   2.2167430e+06   4.9255371e+01
   2.2168130e+06   5.0781250e+01
   2.2170910e+06   4.8706055e+01
   2.2172750e+06   5.6823730e+01
   2.2174110e+06   5.0476074e+01
   2.2178690e+06   4.8461914e+01
   2.2181550e+06   4.5898438e+01
   2.2192760e+06   4.6386719e+01
   2.2196960e+06   4.6813965e+01
   2.2198810e+06   4.6386719e+01
   2.2203150e+06   5.0231934e+01
   2.2220230e+06   4.7119141e+01
   2.2229190e+06   4.5349121e+01
   2.4164990e+06   4.6630859e+01
   2.4168840e+06   5.5297852e+01
   2.4169240e+06   5.5358887e+01
   2.4171010e+06   4.8950195e+01
   2.4171300e+06   4.5410156e+01
   2.4171970e+06   5.0476074e+01
   2.4174950e+06   5.7434082e+01
   2.4175820e+06   5.1208496e+01
   2.4176340e+06   4.7180176e+01
   2.4180170e+06   4.6020508e+01
   2.4180490e+06   4.7119141e+01
   2.4183240e+06   5.6091309e+01
   2.4184830e+06   5.7983398e+01
   2.4185600e+06   5.1574707e+01
   2.4189430e+06   4.9194336e+01
   2.4193790e+06   4.6081543e+01
   2.4200340e+06   5.0048828e+01
   2.4202740e+06   4.6875000e+01
   2.4206550e+06   5.0231934e+01
   2.5589150e+06   5.3955078e+01
   2.5589910e+06   4.5410156e+01
   2.5590160e+06   4.6203613e+01
   2.5590570e+06   4.8767090e+01
   2.5590860e+06   4.7607422e+01
   2.5591080e+06   4.6813965e+01
   2.5591510e+06   6.8603516e+01
   2.5592860e+06   6.1584473e+01
   2.5594440e+06   5.0659180e+01
   2.5595420e+06   4.8217773e+01
   2.5595930e+06   4.8645020e+01
   2.5596600e+06   4.9926758e+01
   2.5601790e+06   4.8889160e+01
   2.5604190e+06   4.7302246e+01
   2.5604550e+06   4.7119141e+01
   2.5609650e+06   4.7790527e+01
   2.5612480e+06   4.6508789e+01
   2.5614310e+06   4.6630859e+01
   2.5620180e+06   5.2001953e+01
   2.5626520e+06   4.5837402e+01
   2.5632800e+06   4.9743652e+01
   2.7333530e+06   5.1879883e+01
   2.7334070e+06   4.5776367e+01
   2.7334880e+06   4.9011230e+01
   2.7335420e+06   5.1269531e+01
   2.7337550e+06   4.6447754e+01
   2.7338060e+06   5.9020996e+01
   2.7341670e+06   4.8828125e+01
   2.7348830e+06   4.5349121e+01
   2.7349160e+06   4.5959473e+01
   2.7358080e+06   4.9316406e+01
   2.7361280e+06   5.0048828e+01
   3.0396030e+06   4.8278809e+01
   3.0397400e+06   4.7607422e+01
   3.0397610e+06   5.0903320e+01
   3.0398920e+06   6.5673828e+01
   3.0399320e+06   4.9072266e+01
   3.0400520e+06   4.9316406e+01
   3.0405420e+06   4.6081543e+01
   3.0407200e+06   4.6936035e+01
   3.0408240e+06   4.7546387e+01
   3.0412660e+06   4.8034668e+01
   3.0415330e+06   5.0781250e+01
   3.0419820e+06   4.7363281e+01
   3.0423770e+06   5.0781250e+01
   3.0426020e+06   4.6142578e+01
   3.4529290e+06   5.0903320e+01
   3.4529560e+06   5.0659180e+01
   3.4530160e+06   4.6142578e+01
   3.4530930e+06   5.8593750e+01
   3.4531350e+06   4.5776367e+01
   3.4531970e+06   4.6936035e+01
   3.4532280e+06   4.8889160e+01
   3.4532530e+06   5.1818848e+01
   3.4533040e+06   4.5837402e+01
   3.4533520e+06   4.7058105e+01
   3.4534670e+06   4.9377441e+01
   3.4537780e+06   4.8278809e+01
   3.4539800e+06   4.9377441e+01
   3.4565680e+06   4.6569824e+01
   3.4579650e+06   4.5898438e+01
   3.7842490e+06   4.8217773e+01
   3.7842910e+06   4.7241211e+01
   3.7843520e+06   5.7983398e+01
   3.7843780e+06   5.6152344e+01
   3.7844140e+06   4.7485352e+01
   3.7844610e+06   4.9194336e+01
   3.7845010e+06   5.5541992e+01
   3.7845570e+06   4.7302246e+01
   3.7846340e+06   4.7790527e+01
   3.7846480e+06   4.6142578e+01
   3.7847110e+06   4.7729492e+01
   3.7847640e+06   5.0354004e+01
   3.7849390e+06   5.5297852e+01
   3.7853790e+06   4.7119141e+01
   3.7855740e+06   5.0048828e+01
   3.7858900e+06   5.5908203e+01
   3.7864740e+06   4.9499512e+01
   3.7874520e+06   4.8461914e+01
   3.7877160e+06   4.7424316e+01
   3.7885210e+06   4.8400879e+01
   3.7893140e+06   5.0109863e+01
   3.7913570e+06   5.1391602e+01
   3.7932360e+06   4.7058105e+01
   3.9899970e+06   6.6467285e+01
   3.9901610e+06   7.5012207e+01
   3.9903970e+06   4.6630859e+01
   3.9907150e+06   4.7424316e+01
   4.2278780e+06   4.6508789e+01
   4.2282230e+06   5.5175781e+01
   4.2282610e+06   4.6569824e+01
   4.2283740e+06   5.0231934e+01
   4.2285230e+06   4.8583984e+01
   4.2287750e+06   4.7973633e+01
   4.2287970e+06   4.6447754e+01
   4.2291370e+06   4.7058105e+01
   4.2293240e+06   4.6997070e+01
   4.2295620e+06   4.7668457e+01
   4.2306400e+06   4.8461914e+01
   4.2312340e+06   4.8095703e+01
   4.2318290e+06   4.6203613e+01
   4.2323430e+06   5.4138184e+01
   4.2334420e+06   4.6264648e+01
   4.4562490e+06   5.1635742e+01
   4.4562660e+06   5.0048828e+01
   4.4563640e+06   5.0170898e+01
   4.4565240e+06   4.7119141e+01
   4.4565500e+06   5.0964355e+01
   4.4567200e+06   5.1147461e+01
   4.4568060e+06   4.5593262e+01
   4.4572560e+06   5.0476074e+01
   4.4574340e+06   4.6997070e+01
   4.4580800e+06   4.7546387e+01
   4.4582000e+06   4.8645020e+01
   4.4600040e+06   5.0537109e+01
   4.6277330e+06   4.8645020e+01
   4.6284200e+06   4.5959473e+01
   4.6284560e+06   4.8278809e+01
   4.6285690e+06   5.1025391e+01
   4.6288660e+06   6.0546875e+01
   4.6290150e+06   4.7912598e+01
   4.6303380e+06   4.6569824e+01
   4.6315880e+06   4.7119141e+01
   4.8185020e+06   4.6447754e+01
   4.8185420e+06   4.5654297e+01
   4.8185860e+06   5.7006836e+01
   4.8187090e+06   5.2368164e+01
   4.8187920e+06   4.6875000e+01
   4.8188870e+06   4.8767090e+01
   4.8189090e+06   4.8217773e+01
   4.8190670e+06   4.7485352e+01
   4.8194910e+06   4.8034668e+01
   4.8195730e+06   4.9682617e+01
   4.8195900e+06   4.7973633e+01
   4.8197270e+06   5.0476074e+01
   4.8202090e+06   4.5776367e+01
   4.8210010e+06   4.6813965e+01
   5.0074430e+06   5.0781250e+01
   5.0075580e+06   5.5908203e+01
   5.0079100e+06   4.6936035e+01
   5.0079680e+06   4.7424316e+01
   5.0080830e+06   5.1391602e+01
   5.0084030e+06   4.9865723e+01
   5.0084340e+06   5.2307129e+01
   5.0100850e+06   4.7546387e+01
   5.0109790e+06   4.7607422e+01
   5.0707450e+06   4.7790527e+01
   5.0708980e+06   5.0415039e+01
   5.0713930e+06   4.8461914e+01
   5.0715040e+06   4.6142578e+01
   5.0716780e+06   4.6997070e+01
   5.0718140e+06   5.1147461e+01
   5.0719170e+06   4.6081543e+01
   5.0723930e+06   4.6508789e+01
   5.1492840e+06   4.8767090e+01
   5.1493190e+06   4.5837402e+01
   5.1494550e+06   4.8889160e+01
   5.1496240e+06   4.8278809e+01
   5.1497000e+06   5.0231934e+01
   5.1497110e+06   5.2551270e+01
   5.1497430e+06   4.7302246e+01
   5.1503190e+06   4.6752930e+01
   5.1506610e+06   4.7485352e+01
   5.1507520e+06   4.6569824e+01
   5.1528330e+06   4.5959473e+01
   5.1543300e+06   4.6142578e+01
   5.4324610e+06   5.3039551e+01
   5.4324830e+06   4.7119141e+01
   5.4327030e+06   6.5979004e+01
   5.4328410e+06   4.7668457e+01
   5.4331600e+06   5.0903320e+01
   5.4342900e+06   4.6630859e+01
   5.4354900e+06   4.7790527e+01
   5.7950360e+06   5.6884766e+01
   5.7950820e+06   4.7729492e+01
   5.7951510e+06   4.8645020e+01
   5.7962570e+06   4.7729492e+01
   5.7962930e+06   4.6203613e+01
   5.7978150e+06   4.6264648e+01
   5.7991320e+06   4.8461914e+01
   5.8001110e+06   5.0231934e+01
   6.0346200e+06   5.1147461e+01
   6.0348200e+06   5.3161621e+01
   6.0354690e+06   5.4077148e+01
   6.0354960e+06   4.6752930e+01
   6.0360140e+06   4.7424316e+01
   6.0362190e+06   4.6997070e+01
   6.0366310e+06   5.2246094e+01
   6.0374060e+06   5.3588867e+01
   6.2607510e+06   5.9204102e+01
   6.2608610e+06   4.7851562e+01
   6.2609680e+06   4.5532227e+01
   6.2609810e+06   4.7668457e+01
   6.2612050e+06   4.7607422e+01
   6.2612730e+06   4.8339844e+01
   6.2615820e+06   4.9865723e+01
   6.2620340e+06   4.5654297e+01
   6.2622060e+06   4.6997070e+01
   6.2623330e+06   5.2185059e+01
   6.2630740e+06   4.9011230e+01
   6.2632030e+06   4.6936035e+01
   6.2635300e+06   4.9316406e+01
   6.9550710e+06   5.0842285e+01
   6.9551880e+06   4.7363281e+01
   6.9552180e+06   4.6447754e+01
   6.9552390e+06   5.2368164e+01
   6.9552970e+06   5.0537109e+01
   6.9553200e+06   4.8095703e+01
   6.9553820e+06   5.1086426e+01
   6.9554130e+06   4.7119141e+01
   6.9554580e+06   4.8583984e+01
   6.9554880e+06   5.0048828e+01
   6.9555220e+06   7.2937012e+01
   6.9557770e+06   4.6691895e+01
   6.9570000e+06   4.7851562e+01
   6.9573570e+06   4.8034668e+01
   7.2874010e+06   4.6630859e+01
   7.2876490e+06   5.9936523e+01
   7.2877010e+06   4.7119141e+01
   7.2878850e+06   4.7302246e+01
   7.2878990e+06   4.6386719e+01
   7.2880030e+06   5.7067871e+01
   7.2880570e+06   5.2001953e+01
   7.2882380e+06   5.5175781e+01
   7.2882630e+06   5.2917480e+01
   7.2886430e+06   4.8828125e+01
   7.2890260e+06   4.7912598e+01
   7.2891640e+06   4.5837402e+01
   7.2902410e+06   5.1513672e+01
   7.2907730e+06   5.2673340e+01
   7.4782350e+06   5.0415039e+01
   7.4784040e+06   4.6203613e+01
   7.4785520e+06   4.7180176e+01
   7.4785860e+06   6.0546875e+01
   7.4786440e+06   4.6386719e+01
   7.4787250e+06   4.7302246e+01
   7.4788810e+06   4.7790527e+01
   7.4789160e+06   4.9804688e+01
   7.4791050e+06   5.4199219e+01
   7.4795090e+06   4.7119141e+01
   7.4795910e+06   4.6081543e+01
   7.4802350e+06   6.7260742e+01
   7.4804370e+06   4.6997070e+01
   7.4808940e+06   4.6813965e+01
   7.7818100e+06   5.7861328e+01
   7.7818670e+06   4.5837402e+01
   7.7818880e+06   4.9438477e+01
   7.7819140e+06   4.5532227e+01
   7.7819420e+06   4.7363281e+01
   7.7821990e+06   4.7729492e+01
   7.7822850e+06   5.8044434e+01
   7.7824470e+06   4.9316406e+01
   7.7825110e+06   5.2001953e+01
   7.7825950e+06   5.4992676e+01
   7.7827620e+06   5.8532715e+01
   7.7829790e+06   5.8044434e+01
   7.7831010e+06   4.6936035e+01
   7.7835530e+06   5.9326172e+01
   7.7850630e+06   5.1452637e+01
   7.7857440e+06   5.6152344e+01
   7.7868130e+06   4.9987793e+01
   7.8045730e+06   5.1574707e+01
   7.8045980e+06   4.8522949e+01
   7.8046720e+06   5.2551270e+01
   7.8047750e+06   4.7485352e+01
   7.8048400e+06   4.6508789e+01
   7.8049260e+06   4.5776367e+01
   7.8050450e+06   4.8278809e+01
   7.8051470e+06   4.5715332e+01
   7.8052550e+06   4.6997070e+01
   7.8053770e+06   4.8034668e+01
   7.8055390e+06   5.5236816e+01
   7.8058740e+06   5.3283691e+01
   7.8061290e+06   4.7180176e+01
   7.8062000e+06   4.7729492e+01
   7.8066740e+06   4.8400879e+01
   7.8067980e+06   5.1086426e+01
   7.8080360e+06   4.9316406e+01
   7.8081840e+06   4.6447754e+01
   7.8086540e+06   5.1452637e+01
   7.8087660e+06   5.6030273e+01
   8.1322000e+06   4.6081543e+01
   8.1323250e+06   4.8339844e+01
   8.1323560e+06   5.1940918e+01
   8.1324380e+06   4.5715332e+01
   8.1324530e+06   4.5959473e+01
   8.1325070e+06   4.7546387e+01
   8.1326610e+06   4.6691895e+01
   8.1327390e+06   4.6264648e+01
   8.1328110e+06   4.6630859e+01
   8.1328510e+06   5.4931641e+01
   8.1329200e+06   4.9621582e+01
   8.1334080e+06   4.8889160e+01
   8.1342400e+06   4.6020508e+01
   8.1345890e+06   5.1391602e+01
   8.1354790e+06   5.4382324e+01
   8.1623540e+06   4.7241211e+01
   8.1624660e+06   4.5776367e+01
   8.1624850e+06   4.7302246e+01
   8.1626150e+06   4.9621582e+01
   8.1634300e+06   4.6752930e+01
   8.1637110e+06   5.9448242e+01
   8.1639870e+06   4.8645020e+01
   8.1640250e+06   4.8706055e+01
   8.1642090e+06   4.7668457e+01
   8.1645640e+06   4.8339844e+01
   8.1654500e+06   5.0537109e+01
   8.4119660e+06   5.2246094e+01
   8.4119880e+06   4.8767090e+01
   8.4121540e+06   4.6386719e+01
   8.4122440e+06   4.7119141e+01
   8.4122570e+06   5.3222656e+01
   8.4124780e+06   4.6630859e+01
   8.4125220e+06   4.6508789e+01
   8.4128700e+06   4.6142578e+01
   8.4131190e+06   5.2795410e+01
   8.4142420e+06   5.0903320e+01
   8.4146010e+06   4.7485352e+01
   8.4148320e+06   5.5664062e+01
   8.7429410e+06   5.0354004e+01
   8.7431590e+06   5.4565430e+01
   8.7433430e+06   4.9926758e+01
   8.7434800e+06   5.4382324e+01
   8.7435390e+06   4.9438477e+01
   8.7436030e+06   4.6997070e+01
   8.7436330e+06   6.8054199e+01
   8.7438460e+06   4.7607422e+01
   8.7447030e+06   4.8400879e+01
   8.7447870e+06   4.9926758e+01
   8.7453680e+06   4.6875000e+01
