   8.9970000e+06   0.0000000e+00
   2.7745000e+04   5.3588867e+01
   3.6699000e+04   5.3039551e+01
   4.2811000e+04   4.2541504e+01
   5.4111000e+04   4.1198730e+01
   6.1495000e+04   3.6315918e+01
   6.8274000e+04   4.5715332e+01
   7.4347000e+04   4.3945312e+01
   8.2912000e+04   4.2297363e+01
   9.0905000e+04   3.6437988e+01
   9.3452000e+04   4.1076660e+01
   9.3666000e+04   3.6315918e+01
   9.4387000e+04   5.3283691e+01
   9.4663000e+04   3.8452148e+01
   9.4681000e+04   3.7536621e+01
   9.4724000e+04   5.3833008e+01
   9.4802000e+04   3.6926270e+01
   9.4868000e+04   3.5949707e+01
   9.4919000e+04   4.0405273e+01
   9.5017000e+04   5.2246094e+01
   9.5080000e+04   3.7292480e+01
   9.5200000e+04   3.3752441e+01
   9.5230000e+04   3.4667969e+01
   9.5267000e+04   4.2785645e+01
   9.5324000e+04   3.8635254e+01
   9.5358000e+04   3.4423828e+01
   9.5495000e+04   3.9123535e+01
   9.5570000e+04   4.5593262e+01
   9.5614000e+04   3.6560059e+01
   9.5769000e+04   4.1503906e+01
   9.5902000e+04   3.4362793e+01
   9.5987000e+04   3.3386230e+01
   9.6038000e+04   4.9377441e+01
   9.6203000e+04   3.4912109e+01
   9.6305000e+04   4.6875000e+01
   9.6345000e+04   4.0893555e+01
   9.6598000e+04   5.5114746e+01
   9.6891000e+04   4.6508789e+01
   9.6927000e+04   4.4921875e+01
   9.7192000e+04   3.7719727e+01
   9.7518000e+04   3.4118652e+01
   9.7874000e+04   3.9367676e+01
   9.8217000e+04   3.5583496e+01
   9.8578000e+04   3.6132812e+01
   9.8632000e+04   3.6621094e+01
   9.9009000e+04   3.5461426e+01
   9.9066000e+04   3.3569336e+01
   9.9441000e+04   4.3457031e+01
   9.9991000e+04   3.4179688e+01
   1.0055100e+05   4.9621582e+01
   1.0194400e+05   4.1687012e+01
   1.0931900e+05   4.2358398e+01
   1.1227900e+05   3.5766602e+01
   1.1696000e+05   5.2795410e+01
   1.2024500e+05   3.8452148e+01
   1.2375300e+05   4.5166016e+01
   1.2901700e+05   4.4799805e+01
   1.3514600e+05   3.8757324e+01
   1.5280400e+05   4.4860840e+01
   1.8523600e+05   5.1452637e+01
   2.1153900e+05   4.0405273e+01
   2.2113200e+05   4.8095703e+01
   2.2816500e+05   4.1748047e+01
   2.4222400e+05   4.2175293e+01
   2.8739900e+05   3.6254883e+01
   2.8889600e+05   4.3273926e+01
   2.8891400e+05   3.4912109e+01
   2.8897000e+05   4.3090820e+01
   2.8907200e+05   4.0588379e+01
   2.8918100e+05   3.6437988e+01
   2.8933000e+05   3.5766602e+01
   2.8936200e+05   3.8879395e+01
   2.8942600e+05   4.3518066e+01
   2.8945800e+05   3.4606934e+01
   2.8949200e+05   3.8146973e+01
   2.8954000e+05   3.9855957e+01
   2.8966300e+05   5.2368164e+01
   2.8976800e+05   3.5888672e+01
   2.8987700e+05   4.0649414e+01
   2.9010800e+05   4.0527344e+01
   2.9031900e+05   3.5400391e+01
   2.9035700e+05   3.6865234e+01
   2.9040200e+05   3.9367676e+01
   2.9050600e+05   3.9245605e+01
   2.9057700e+05   3.4484863e+01
   2.9060500e+05   5.9692383e+01
   2.9111400e+05   4.3334961e+01
   2.9129100e+05   3.6010742e+01
   2.9138500e+05   3.4179688e+01
   2.9162500e+05   3.5278320e+01
   2.9171300e+05   3.9916992e+01
   2.9205600e+05   3.8269043e+01
   2.9240600e+05   3.6010742e+01
   2.9248400e+05   3.6804199e+01
   2.9279900e+05   4.5837402e+01
   2.9294100e+05   3.7231445e+01
   2.9316300e+05   4.1137695e+01
   2.9362300e+05   3.5827637e+01
   2.9420200e+05   4.1259766e+01
   2.9497600e+05   3.7170410e+01
   3.0596500e+05   3.3752441e+01
   3.0938400e+05   4.5166016e+01
   3.1379200e+05   4.1198730e+01
   3.1834200e+05   3.4973145e+01
   3.2163800e+05   3.9489746e+01
   3.2430600e+05   4.7546387e+01
   3.3472100e+05   4.2907715e+01
   3.4160900e+05   3.7292480e+01
   3.4701900e+05   3.8146973e+01
   3.6028100e+05   4.1198730e+01
   3.8183800e+05   4.3823242e+01
   3.9327200e+05   4.3640137e+01
   4.0278400e+05   4.1687012e+01
   4.0981400e+05   4.2480469e+01
   4.1754800e+05   3.3813477e+01
   4.2412800e+05   3.9794922e+01
   4.2900400e+05   4.5654297e+01
   4.3768900e+05   4.9499512e+01
   4.5315200e+05   4.1687012e+01
   4.8899700e+05   4.0710449e+01
   4.9570700e+05   4.3884277e+01
   5.1539000e+05   5.0781250e+01
   5.2502800e+05   3.5705566e+01
   5.3809200e+05   4.7302246e+01
   5.4264200e+05   4.9072266e+01
   5.4747300e+05   4.2236328e+01
   5.7427500e+05   4.5043945e+01
   5.8249700e+05   3.6010742e+01
   6.0061100e+05   4.5959473e+01
   6.1747500e+05   4.1625977e+01
   6.3651800e+05   4.5654297e+01
   6.3953400e+05   4.8950195e+01
   6.4008500e+05   3.5949707e+01
   6.4011700e+05   3.5156250e+01
   6.4012800e+05   5.6152344e+01
   6.4016800e+05   3.4423828e+01
   6.4020400e+05   3.3996582e+01
   6.4024900e+05   3.3569336e+01
   6.4028300e+05   3.3813477e+01
   6.4031800e+05   3.4057617e+01
   6.4035200e+05   3.5095215e+01
   6.4039400e+05   5.2673340e+01
   6.4052900e+05   3.6987305e+01
   6.4066200e+05   3.6804199e+01
   6.4068800e+05   3.9306641e+01
   6.4078900e+05   3.6621094e+01
   6.4089100e+05   4.7302246e+01
   6.4091400e+05   3.6010742e+01
   6.4109500e+05   3.5949707e+01
   6.4136600e+05   5.3283691e+01
   6.4138200e+05   3.7353516e+01
   6.4161000e+05   3.8085938e+01
   6.4186200e+05   5.5664062e+01
   6.4195600e+05   3.5583496e+01
   6.4210500e+05   4.9316406e+01
   6.4240100e+05   3.5766602e+01
   6.4266400e+05   4.8950195e+01
   6.4294300e+05   5.1574707e+01
   6.4300000e+05   3.3874512e+01
   6.4323700e+05   3.8513184e+01
   6.4352200e+05   3.7292480e+01
   6.4373000e+05   3.3874512e+01
   6.4382700e+05   4.2846680e+01
   6.4409300e+05   4.0466309e+01
   6.4415300e+05   3.6987305e+01
   6.4448000e+05   3.8940430e+01
   6.4463500e+05   3.3752441e+01
   6.4481000e+05   3.9733887e+01
   6.4485900e+05   3.3447266e+01
   6.4521200e+05   3.3874512e+01
   6.4563400e+05   3.5034180e+01
   6.4611700e+05   4.2297363e+01
   6.4698000e+05   4.2480469e+01
   6.5225400e+05   4.1625977e+01
   6.5499200e+05   4.6752930e+01
   6.5736700e+05   4.0832520e+01
   6.6045500e+05   4.1442871e+01
   6.6278100e+05   4.6752930e+01
   6.6503100e+05   4.7241211e+01
   6.6872200e+05   4.0466309e+01
   6.7338100e+05   3.9733887e+01
   6.7689500e+05   4.4738770e+01
   6.8298400e+05   3.4912109e+01
   6.9139000e+05   3.6804199e+01
   6.9795300e+05   4.2236328e+01
   7.0790900e+05   4.0466309e+01
   7.1619100e+05   4.2419434e+01
   7.2031000e+05   4.6386719e+01
   7.2903500e+05   3.3630371e+01
   7.3061900e+05   3.3508301e+01
   7.3363300e+05   4.9011230e+01
   7.4034000e+05   4.7119141e+01
   7.4434600e+05   4.5043945e+01
   7.5423300e+05   4.1137695e+01
   7.6017700e+05   3.7719727e+01
   7.6543300e+05   4.2297363e+01
   7.7265800e+05   4.6691895e+01
   7.7736200e+05   4.6386719e+01
   7.8602400e+05   3.4057617e+01
   7.9889800e+05   3.4362793e+01
   8.1585200e+05   4.1076660e+01
   8.2006900e+05   5.5053711e+01
   8.2253200e+05   4.2297363e+01
   8.2278000e+05   3.5278320e+01
   8.2302900e+05   3.3996582e+01
   8.2304000e+05   4.2480469e+01
   8.2334700e+05   5.1330566e+01
   8.2336500e+05   4.1259766e+01
   8.2351900e+05   4.8217773e+01
   8.2356000e+05   3.8635254e+01
   8.2363500e+05   5.5236816e+01
   8.2372800e+05   3.4545898e+01
   8.2388100e+05   4.6813965e+01
   8.2397300e+05   3.5644531e+01
   8.2405500e+05   3.7231445e+01
   8.2413700e+05   3.5278320e+01
   8.2427500e+05   3.6254883e+01
   8.2439100e+05   4.1320801e+01
   8.2446900e+05   3.8635254e+01
   8.2457900e+05   3.3935547e+01
   8.2465700e+05   4.3640137e+01
   8.2479000e+05   3.4667969e+01
   8.2483500e+05   3.7597656e+01
   8.2493300e+05   4.4799805e+01
   8.2523000e+05   3.9306641e+01
   8.2552800e+05   3.9245605e+01
   8.2585900e+05   3.5766602e+01
   8.2597400e+05   4.1931152e+01
   8.2617200e+05   3.3874512e+01
   8.2622400e+05   3.3569336e+01
   8.2636000e+05   3.3569336e+01
   8.2648500e+05   4.0466309e+01
   8.2682400e+05   3.8635254e+01
   8.2768400e+05   4.0832520e+01
   8.2827900e+05   4.0649414e+01
   8.2895000e+05   4.1137695e+01
   8.3006300e+05   4.3090820e+01
   8.4140400e+05   3.9550781e+01
   8.4623700e+05   3.6926270e+01
   8.4909700e+05   3.4362793e+01
   8.5878600e+05   3.9367676e+01
   8.6235500e+05   4.1748047e+01
   8.8287700e+05   3.5217285e+01
   8.9450300e+05   3.8940430e+01
   9.0970900e+05   4.7668457e+01
   9.2219600e+05   4.5166016e+01
   9.5145700e+05   3.7170410e+01
   9.7934700e+05   4.9255371e+01
   9.9072300e+05   3.7841797e+01
   1.0018320e+06   3.9733887e+01
   1.0068970e+06   5.2246094e+01
   1.0162850e+06   4.9255371e+01
   1.0239780e+06   3.9184570e+01
   1.0275510e+06   4.5898438e+01
   1.0341900e+06   3.9550781e+01
   1.0382510e+06   3.4179688e+01
   1.0447890e+06   3.9978027e+01
   1.0488960e+06   5.1940918e+01
   1.0490440e+06   4.2541504e+01
   1.0495560e+06   4.5288086e+01
   1.0495980e+06   3.6010742e+01
   1.0496270e+06   3.4790039e+01
   1.0497350e+06   3.3691406e+01
   1.0498620e+06   4.0893555e+01
   1.0499120e+06   3.4851074e+01
   1.0499440e+06   3.8574219e+01
   1.0500580e+06   3.6865234e+01
   1.0501470e+06   3.7658691e+01
   1.0502040e+06   3.5644531e+01
   1.0504140e+06   4.7119141e+01
   1.0504560e+06   3.4973145e+01
   1.0505200e+06   3.5217285e+01
   1.0506650e+06   3.8146973e+01
   1.0508950e+06   5.0476074e+01
   1.0511460e+06   4.1748047e+01
   1.0514120e+06   4.3151855e+01
   1.0516790e+06   4.5776367e+01
   1.0517570e+06   3.5034180e+01
   1.0519080e+06   3.4606934e+01
   1.0522570e+06   4.0039062e+01
   1.0525950e+06   4.4860840e+01
   1.0529310e+06   3.7536621e+01
   1.0532820e+06   3.7719727e+01
   1.0534460e+06   3.6376953e+01
   1.0536860e+06   3.4118652e+01
   1.0541890e+06   4.6264648e+01
   1.0547110e+06   4.0832520e+01
   1.0553510e+06   3.3447266e+01
   1.0554080e+06   3.8452148e+01
   1.0640860e+06   4.0771484e+01
   1.0663990e+06   4.1015625e+01
   1.0685400e+06   3.7719727e+01
   1.0712140e+06   3.9978027e+01
   1.0731930e+06   5.0354004e+01
   1.0755680e+06   3.7658691e+01
   1.0778580e+06   4.8767090e+01
   1.0801180e+06   3.8146973e+01
   1.0823860e+06   3.4423828e+01
   1.0850720e+06   4.6691895e+01
   1.0872440e+06   3.9184570e+01
   1.0892460e+06   4.6508789e+01
   1.0923120e+06   4.1320801e+01
   1.0949660e+06   4.3518066e+01
   1.0974560e+06   3.4362793e+01
   1.1001300e+06   4.4677734e+01
   1.1023440e+06   4.4311523e+01
   1.1050300e+06   4.0405273e+01
   1.1076270e+06   3.4057617e+01
   1.1095920e+06   4.8828125e+01
   1.1118360e+06   3.9794922e+01
   1.1147110e+06   4.4860840e+01
   1.1172230e+06   3.8757324e+01
   1.1221290e+06   3.9672852e+01
   1.1251010e+06   4.4799805e+01
   1.1274290e+06   4.1809082e+01
   1.1298920e+06   3.5705566e+01
   1.1339860e+06   3.8269043e+01
   1.1364000e+06   4.0527344e+01
   1.1390920e+06   3.6865234e+01
   1.1416680e+06   3.8330078e+01
   1.1446580e+06   3.3447266e+01
   1.1474520e+06   3.6804199e+01
   1.1507990e+06   3.5583496e+01
   1.1546440e+06   4.1198730e+01
   1.1580780e+06   4.3701172e+01
   1.1619500e+06   4.3518066e+01
   1.1690590e+06   3.4240723e+01
   1.1715890e+06   3.7231445e+01
   1.1763210e+06   3.9978027e+01
   1.1791900e+06   4.3579102e+01
   1.1821700e+06   3.8757324e+01
   1.1868930e+06   3.8208008e+01
   1.1918400e+06   4.5410156e+01
   1.1978250e+06   4.1809082e+01
   1.2004030e+06   4.8461914e+01
   1.2045720e+06   3.9916992e+01
   1.2072090e+06   3.6132812e+01
   1.2142730e+06   3.6254883e+01
   1.2187760e+06   4.5104980e+01
   1.2237100e+06   4.4006348e+01
   1.2283990e+06   3.6193848e+01
   1.2331880e+06   3.7414551e+01
   1.2423480e+06   4.6447754e+01
   1.2543040e+06   4.5471191e+01
   1.2585310e+06   4.2358398e+01
   1.2635710e+06   4.5837402e+01
   1.2675040e+06   4.6447754e+01
   1.2730690e+06   4.8461914e+01
   1.2768120e+06   3.4118652e+01
   1.2799200e+06   4.6142578e+01
   1.2869540e+06   3.7902832e+01
   1.2974670e+06   4.9560547e+01
   1.3060610e+06   3.9062500e+01
   1.3137120e+06   4.1442871e+01
   1.3187270e+06   3.7719727e+01
   1.3263110e+06   3.8696289e+01
   1.3327300e+06   3.5766602e+01
   1.3377500e+06   5.0598145e+01
   1.3436770e+06   3.8818359e+01
   1.3515840e+06   4.5410156e+01
   1.3566380e+06   4.3640137e+01
   1.3648370e+06   3.9794922e+01
   1.3684670e+06   5.0170898e+01
   1.3764390e+06   4.6813965e+01
   1.3801220e+06   4.5104980e+01
   1.3883870e+06   4.6203613e+01
   1.3916150e+06   4.5898438e+01
   1.3959430e+06   4.5654297e+01
   1.4015180e+06   3.5400391e+01
   1.4101130e+06   3.6499023e+01
   1.4137120e+06   3.9306641e+01
   1.4196300e+06   4.3212891e+01
   1.4420500e+06   3.9367676e+01
   1.4537340e+06   4.5043945e+01
   1.4539830e+06   3.9062500e+01
   1.4540370e+06   5.4443359e+01
   1.4541770e+06   3.3447266e+01
   1.4542140e+06   3.9550781e+01
   1.4542380e+06   3.9428711e+01
   1.4544120e+06   3.4667969e+01
   1.4544320e+06   3.5217285e+01
   1.4544540e+06   3.5949707e+01
   1.4544930e+06   4.6081543e+01
   1.4547300e+06   3.8635254e+01
   1.4548530e+06   3.4423828e+01
   1.4549740e+06   4.4494629e+01
   1.4551440e+06   3.9550781e+01
   1.4551830e+06   3.4362793e+01
   1.4552280e+06   3.5949707e+01
   1.4555000e+06   4.1870117e+01
   1.4556070e+06   4.0527344e+01
   1.4557670e+06   4.0039062e+01
   1.4558280e+06   4.1076660e+01
   1.4559140e+06   4.2114258e+01
   1.4562540e+06   3.4790039e+01
   1.4562900e+06   4.9621582e+01
   1.4564050e+06   3.9306641e+01
   1.4565640e+06   3.9123535e+01
   1.4568810e+06   4.7302246e+01
   1.4571720e+06   4.1931152e+01
   1.4572300e+06   4.1503906e+01
   1.4577810e+06   5.1086426e+01
   1.4580960e+06   3.7536621e+01
   1.4584260e+06   3.7292480e+01
   1.4587780e+06   4.4921875e+01
   1.4589830e+06   3.4057617e+01
   1.4592030e+06   3.9428711e+01
   1.4596390e+06   4.5715332e+01
   1.4601510e+06   4.7363281e+01
   1.4606740e+06   4.3090820e+01
   1.4613020e+06   3.4301758e+01
   1.4637460e+06   3.6987305e+01
   1.4679530e+06   4.0405273e+01
   1.4703230e+06   4.2785645e+01
   1.4722670e+06   4.3395996e+01
   1.4752510e+06   3.7475586e+01
   1.4776710e+06   4.0527344e+01
   1.4800060e+06   4.4677734e+01
   1.4819860e+06   4.2419434e+01
   1.4837270e+06   4.5715332e+01
   1.4854990e+06   5.0354004e+01
   1.4883270e+06   4.3090820e+01
   1.4905550e+06   3.6437988e+01
   1.4931820e+06   3.6132812e+01
   1.4952060e+06   3.6315918e+01
   1.5021550e+06   4.4067383e+01
   1.5043490e+06   3.9062500e+01
   1.5066030e+06   4.5410156e+01
   1.5096000e+06   3.3325195e+01
   1.5118310e+06   5.2612305e+01
   1.5146440e+06   3.4973145e+01
   1.5200980e+06   4.4250488e+01
   1.5242870e+06   3.5217285e+01
   1.5343560e+06   4.3945312e+01
   1.5457740e+06   4.9621582e+01
   1.5521910e+06   4.1259766e+01
   1.5617490e+06   3.9489746e+01
   1.5728850e+06   3.6437988e+01
   1.5755360e+06   5.3161621e+01
   1.5804830e+06   4.1137695e+01
   1.5889820e+06   3.9733887e+01
   1.5957790e+06   4.0588379e+01
   1.6061000e+06   3.5461426e+01
   1.6118160e+06   4.1381836e+01
   1.6230120e+06   4.3457031e+01
   1.6324310e+06   4.8950195e+01
   1.6382520e+06   3.4851074e+01
   1.6454570e+06   5.3222656e+01
   1.6523350e+06   4.2541504e+01
   1.6572990e+06   3.4973145e+01
   1.6612930e+06   3.8757324e+01
   1.6731210e+06   4.4067383e+01
   1.6788200e+06   3.8818359e+01
   1.6874270e+06   3.6376953e+01
   1.6965590e+06   5.1025391e+01
   1.7026860e+06   3.5461426e+01
   1.7077990e+06   3.5522461e+01
   1.7162840e+06   3.6437988e+01
   1.7242320e+06   4.5288086e+01
   1.7289990e+06   4.2114258e+01
   1.7366350e+06   4.8217773e+01
   1.7415070e+06   3.8330078e+01
   1.7453620e+06   3.9978027e+01
   1.7546820e+06   3.7963867e+01
   1.7614470e+06   3.4606934e+01
   1.7674610e+06   3.5339355e+01
   1.7749160e+06   3.9733887e+01
   1.7862090e+06   3.8269043e+01
   1.7965570e+06   3.4057617e+01
   1.8034420e+06   3.5888672e+01
   1.8115310e+06   4.1625977e+01
   1.8182030e+06   4.1992188e+01
   1.8225400e+06   4.7424316e+01
   1.8293760e+06   4.5898437e+01
   1.8320940e+06   3.8513184e+01
   1.8371770e+06   3.9062500e+01
   1.8442910e+06   5.0170898e+01
   1.8482200e+06   3.8269043e+01
   1.8529750e+06   4.4189453e+01
   1.8573940e+06   3.9489746e+01
   1.8608360e+06   4.2297363e+01
   1.8779650e+06   4.0649414e+01
   1.9014930e+06   4.1748047e+01
   1.9107680e+06   3.9245605e+01
   1.9210860e+06   4.2907715e+01
   1.9273920e+06   4.5837402e+01
   1.9312900e+06   3.8513184e+01
   1.9363030e+06   3.3935547e+01
   1.9400660e+06   4.5227051e+01
   1.9519780e+06   3.6682129e+01
   1.9534550e+06   3.4362793e+01
   1.9535370e+06   3.6071777e+01
   1.9536250e+06   4.5654297e+01
   1.9536610e+06   3.4545898e+01
   1.9537970e+06   4.4189453e+01
   1.9538690e+06   4.2236328e+01
   1.9538840e+06   4.6325684e+01
   1.9538990e+06   3.6621094e+01
   1.9540560e+06   3.4118652e+01
   1.9541010e+06   3.9794922e+01
   1.9541200e+06   4.4128418e+01
   1.9543280e+06   3.5034180e+01
   1.9543450e+06   3.3264160e+01
   1.9543970e+06   3.5827637e+01
   1.9544560e+06   3.4057617e+01
   1.9545900e+06   3.3935547e+01
   1.9547780e+06   3.3569336e+01
   1.9547950e+06   3.4545898e+01
   1.9548240e+06   3.6499023e+01
   1.9550400e+06   3.6376953e+01
   1.9551230e+06   3.4606934e+01
   1.9552020e+06   3.3996582e+01
   1.9552850e+06   4.0222168e+01
   1.9554160e+06   3.3813477e+01
   1.9555060e+06   3.5034180e+01
   1.9555530e+06   3.8513184e+01
   1.9558530e+06   3.7536621e+01
   1.9560370e+06   4.7119141e+01
   1.9564760e+06   3.4484863e+01
   1.9565570e+06   3.8635254e+01
   1.9568150e+06   4.1137695e+01
   1.9571000e+06   4.7912598e+01
   1.9573610e+06   3.7597656e+01
   1.9576310e+06   3.7414551e+01
   1.9578920e+06   4.0832520e+01
   1.9584730e+06   3.8879395e+01
   1.9587780e+06   3.6804199e+01
   1.9588720e+06   3.7597656e+01
   1.9590950e+06   4.0039062e+01
   1.9594270e+06   4.4921875e+01
   1.9597890e+06   4.5898438e+01
   1.9601390e+06   4.2785645e+01
   1.9605400e+06   3.4606934e+01
   1.9609820e+06   4.7302246e+01
   1.9615420e+06   5.6030273e+01
   1.9621490e+06   3.7414551e+01
   1.9636900e+06   3.9794922e+01
   1.9646800e+06   3.5888672e+01
   1.9657300e+06   4.3518066e+01
   1.9668120e+06   4.0039062e+01
   1.9681250e+06   4.2236328e+01
   1.9693870e+06   3.7719727e+01
   1.9704940e+06   4.3395996e+01
   1.9717340e+06   3.3752441e+01
   1.9748070e+06   4.0832520e+01
   1.9761040e+06   3.8635254e+01
   1.9775580e+06   4.0527344e+01
   1.9792400e+06   4.6691895e+01
   1.9823400e+06   4.5654297e+01
   1.9837800e+06   3.6376953e+01
   1.9851670e+06   4.4677734e+01
   1.9867920e+06   3.6499023e+01
   1.9950220e+06   4.1687012e+01
   1.9971480e+06   4.0771484e+01
   2.0015900e+06   3.6682129e+01
   2.0038990e+06   3.5217285e+01
   2.0063650e+06   3.7841797e+01
   2.0087370e+06   3.6560059e+01
   2.0106860e+06   3.5095215e+01
   2.0123950e+06   4.0283203e+01
   2.0143730e+06   3.6193848e+01
   2.0201290e+06   4.9255371e+01
   2.0245640e+06   4.4250488e+01
   2.0293150e+06   3.3386230e+01
   2.0320220e+06   4.5410156e+01
   2.0389980e+06   3.7841797e+01
   2.0507890e+06   4.0100098e+01
   2.0539900e+06   3.7841797e+01
   2.0569400e+06   3.6010742e+01
   2.0648690e+06   4.6936035e+01
   2.0748030e+06   5.4260254e+01
   2.0769910e+06   4.1564941e+01
   2.0781960e+06   4.5898438e+01
   2.0871950e+06   3.9123535e+01
   2.0951380e+06   3.3691406e+01
   2.1008740e+06   3.4484863e+01
   2.1117400e+06   4.2297363e+01
   2.1181410e+06   3.6193848e+01
   2.1243160e+06   3.8391113e+01
   2.1321650e+06   3.3386230e+01
   2.1394220e+06   3.8696289e+01
   2.1510000e+06   3.3447266e+01
   2.1575400e+06   3.7780762e+01
   2.1670910e+06   4.1442871e+01
   2.1716760e+06   4.6508789e+01
   2.1774780e+06   4.3457031e+01
   2.1840020e+06   4.0771484e+01
   2.1991320e+06   3.5583496e+01
   2.2086410e+06   4.3212891e+01
   2.2138370e+06   3.8879395e+01
   2.2157110e+06   4.4860840e+01
   2.2161780e+06   3.4729004e+01
   2.2162030e+06   6.4758301e+01
   2.2164670e+06   3.9672852e+01
   2.2164920e+06   4.0466309e+01
   2.2165770e+06   3.4973145e+01
   2.2167760e+06   5.3222656e+01
   2.2170350e+06   4.2114258e+01
   2.2172390e+06   4.2053223e+01
   2.2172860e+06   4.5104980e+01
   2.2173730e+06   3.3630371e+01
   2.2175360e+06   4.7241211e+01
   2.2177200e+06   3.5217285e+01
   2.2177750e+06   4.3640137e+01
   2.2178720e+06   3.4118652e+01
   2.2180640e+06   3.4423828e+01
   2.2183240e+06   5.9997559e+01
   2.2184240e+06   3.3874512e+01
   2.2186130e+06   3.9428711e+01
   2.2186600e+06   3.7719727e+01
   2.2188890e+06   3.5217285e+01
   2.2189520e+06   3.6499023e+01
   2.2192000e+06   3.6621094e+01
   2.2195080e+06   4.1320801e+01
   2.2198720e+06   3.6193848e+01
   2.2201680e+06   4.2297363e+01
   2.2203850e+06   3.3630371e+01
   2.2205760e+06   4.4982910e+01
   2.2209860e+06   3.7902832e+01
   2.2214120e+06   3.5339355e+01
   2.2219140e+06   3.7170410e+01
   2.2225080e+06   3.5949707e+01
   2.2233690e+06   4.0222168e+01
   2.2247020e+06   4.1931152e+01
   2.2283790e+06   3.4667969e+01
   2.2303280e+06   4.2846680e+01
   2.2333930e+06   4.3945312e+01
   2.2375500e+06   4.0222168e+01
   2.2392990e+06   3.7170410e+01
   2.2436500e+06   3.3569336e+01
   2.2457800e+06   4.2358398e+01
   2.2480740e+06   4.1687012e+01
   2.2504180e+06   4.4128418e+01
   2.2523640e+06   4.3334961e+01
   2.2544970e+06   4.1687012e+01
   2.2567010e+06   3.3935547e+01
   2.2595580e+06   3.3874512e+01
   2.2624660e+06   5.0354004e+01
   2.2651580e+06   4.2175293e+01
   2.2678650e+06   3.4545898e+01
   2.2706550e+06   3.8391113e+01
   2.2731550e+06   3.5217285e+01
   2.2773640e+06   3.7536621e+01
   2.2809760e+06   3.6560059e+01
   2.2843590e+06   4.5898438e+01
   2.2880510e+06   4.0771484e+01
   2.2911010e+06   4.3334961e+01
   2.2934360e+06   4.6447754e+01
   2.2978240e+06   4.0100098e+01
   2.3041670e+06   3.6071777e+01
   2.3075960e+06   4.3701172e+01
   2.3118000e+06   4.0222168e+01
   2.3173630e+06   4.1503906e+01
   2.3243900e+06   4.4555664e+01
   2.3272580e+06   3.4301758e+01
   2.3316380e+06   3.7231445e+01
   2.3362750e+06   4.8095703e+01
   2.3416730e+06   3.6743164e+01
   2.3455480e+06   3.8940430e+01
   2.3632130e+06   4.4860840e+01
   2.3682850e+06   3.8146973e+01
   2.3751920e+06   3.8940430e+01
   2.3827450e+06   3.5705566e+01
   2.3876070e+06   3.5705566e+01
   2.3925260e+06   4.5288086e+01
   2.4050780e+06   3.5583496e+01
   2.4104810e+06   4.6997070e+01
   2.4162820e+06   3.4423828e+01
   2.4166700e+06   3.5461426e+01
   2.4168460e+06   4.9316406e+01
   2.4170880e+06   3.5461426e+01
   2.4171160e+06   3.7963867e+01
   2.4171500e+06   3.7414551e+01
   2.4172230e+06   4.1564941e+01
   2.4173980e+06   3.5644531e+01
   2.4175030e+06   3.4362793e+01
   2.4175950e+06   3.4606934e+01
   2.4176530e+06   3.7902832e+01
   2.4177640e+06   3.6987305e+01
   2.4179250e+06   4.6936035e+01
   2.4179430e+06   3.4729004e+01
   2.4181790e+06   3.5339355e+01
   2.4182120e+06   3.7841797e+01
   2.4183780e+06   3.3569336e+01
   2.4184720e+06   4.2053223e+01
   2.4187630e+06   4.7729492e+01
   2.4190520e+06   3.9489746e+01
   2.4193560e+06   3.9978027e+01
   2.4196750e+06   3.9550781e+01
   2.4199870e+06   3.9489746e+01
   2.4201700e+06   3.9184570e+01
   2.4202830e+06   3.3691406e+01
   2.4203280e+06   4.2602539e+01
   2.4207140e+06   4.4250488e+01
   2.4211290e+06   3.6437988e+01
   2.4216060e+06   3.8696289e+01
   2.4221630e+06   3.4545898e+01
   2.4228280e+06   3.6376953e+01
   2.4237630e+06   3.5827637e+01
   2.4252780e+06   3.9306641e+01
   2.4289200e+06   3.9550781e+01
   2.4308240e+06   3.7597656e+01
   2.4334030e+06   3.8513184e+01
   2.4362480e+06   3.8452148e+01
   2.4383100e+06   4.2480469e+01
   2.4402990e+06   4.1687012e+01
   2.4425220e+06   4.0100098e+01
   2.4448760e+06   3.3447266e+01
   2.4469450e+06   4.1198730e+01
   2.4493170e+06   3.8330078e+01
   2.4514580e+06   3.3996582e+01
   2.4554290e+06   3.8940430e+01
   2.4577090e+06   3.7780762e+01
   2.4598740e+06   4.0832520e+01
   2.4620900e+06   4.4494629e+01
   2.4650000e+06   3.8208008e+01
   2.4683760e+06   4.1381836e+01
   2.4714180e+06   3.7841797e+01
   2.4737310e+06   4.1320801e+01
   2.4803820e+06   3.3691406e+01
   2.4831560e+06   3.3325195e+01
   2.4872870e+06   4.1137695e+01
   2.4899750e+06   3.7902832e+01
   2.4921570e+06   3.3996582e+01
   2.4943160e+06   4.7058105e+01
   2.4966580e+06   3.4179688e+01
   2.4995660e+06   4.2724609e+01
   2.5023080e+06   3.7841797e+01
   2.5071770e+06   4.0405273e+01
   2.5096930e+06   4.5166016e+01
   2.5166200e+06   3.4729004e+01
   2.5191970e+06   4.2114258e+01
   2.5217380e+06   4.1198730e+01
   2.5240550e+06   4.1687012e+01
   2.5262550e+06   3.9733887e+01
   2.5289670e+06   3.9978027e+01
   2.5320220e+06   4.0222168e+01
   2.5343050e+06   4.1564941e+01
   2.5368530e+06   4.2846680e+01
   2.5389360e+06   4.4494629e+01
   2.5431860e+06   4.0039062e+01
   2.5455220e+06   4.9438477e+01
   2.5478760e+06   4.1625977e+01
   2.5503290e+06   3.7902832e+01
   2.5531520e+06   4.3823242e+01
   2.5555970e+06   3.8635254e+01
   2.5576530e+06   4.5288086e+01
   2.5582910e+06   3.4973145e+01
   2.5587620e+06   4.6875000e+01
   2.5589860e+06   4.2846680e+01
   2.5590060e+06   3.4118652e+01
   2.5590940e+06   3.3264160e+01
   2.5591210e+06   3.5278320e+01
   2.5591510e+06   4.3884277e+01
   2.5591850e+06   3.9428711e+01
   2.5592870e+06   3.4057617e+01
   2.5594750e+06   3.6499023e+01
   2.5597790e+06   3.5034180e+01
   2.5599510e+06   3.6560059e+01
   2.5599820e+06   4.0283203e+01
   2.5600920e+06   3.9245605e+01
   2.5604320e+06   3.8513184e+01
   2.5607870e+06   5.8715820e+01
   2.5611420e+06   3.4301758e+01
   2.5615240e+06   4.0771484e+01
   2.5616370e+06   3.5644531e+01
   2.5619110e+06   3.7414551e+01
   2.5621500e+06   3.6376953e+01
   2.5623060e+06   3.9489746e+01
   2.5627600e+06   3.9428711e+01
   2.5631660e+06   3.3386230e+01
   2.5632220e+06   6.8481445e+01
   2.5635780e+06   3.4301758e+01
   2.5637490e+06   3.7109375e+01
   2.5659750e+06   4.2236328e+01
   2.5711080e+06   3.7353516e+01
   2.5737860e+06   4.0222168e+01
   2.5755990e+06   3.3325195e+01
   2.5772830e+06   4.2480469e+01
   2.5794880e+06   3.7719727e+01
   2.5814500e+06   3.3752441e+01
   2.5835740e+06   4.1137695e+01
   2.5857700e+06   3.7963867e+01
   2.5876790e+06   4.0771484e+01
   2.5893140e+06   3.3569336e+01
   2.5915800e+06   3.3508301e+01
   2.5946260e+06   4.9560547e+01
   2.5967140e+06   3.5278320e+01
   2.5990080e+06   4.4738770e+01
   2.6018120e+06   3.5156250e+01
   2.6084640e+06   3.6437988e+01
   2.6109700e+06   3.9672852e+01
   2.6139210e+06   4.1198730e+01
   2.6165970e+06   4.4433594e+01
   2.6194210e+06   4.4555664e+01
   2.6229260e+06   4.0344238e+01
   2.6256340e+06   4.0344238e+01
   2.6277930e+06   3.3996582e+01
   2.6300380e+06   3.8696289e+01
   2.6328710e+06   3.7719727e+01
   2.6350020e+06   3.4179688e+01
   2.6398970e+06   3.3508301e+01
   2.6438300e+06   4.3334961e+01
   2.6465340e+06   4.3457031e+01
   2.6509200e+06   3.3386230e+01
   2.6535460e+06   3.6682129e+01
   2.6588070e+06   4.0039062e+01
   2.6626640e+06   4.2724609e+01
   2.6661560e+06   3.4179688e+01
   2.6719910e+06   3.9306641e+01
   2.6788730e+06   4.5471191e+01
   2.6896990e+06   4.3273926e+01
   2.6955760e+06   4.0405273e+01
   2.6990070e+06   3.6193848e+01
   2.7170080e+06   4.3029785e+01
   2.7318660e+06   4.5349121e+01
   2.7329870e+06   4.1503906e+01
   2.7330840e+06   5.1147461e+01
   2.7331610e+06   3.4118652e+01
   2.7333130e+06   3.7231445e+01
   2.7334540e+06   3.7902832e+01
   2.7335270e+06   3.7719727e+01
   2.7335730e+06   3.3386230e+01
   2.7337020e+06   3.7231445e+01
   2.7337310e+06   3.9611816e+01
   2.7337880e+06   4.1748047e+01
   2.7340100e+06   3.3569336e+01
   2.7340240e+06   3.6010742e+01
   2.7342930e+06   3.9489746e+01
   2.7343770e+06   3.3508301e+01
   2.7345460e+06   3.6315918e+01
   2.7345720e+06   3.4851074e+01
   2.7346170e+06   3.9245605e+01
   2.7348690e+06   3.3325195e+01
   2.7348860e+06   3.5400391e+01
   2.7351770e+06   4.0344238e+01
   2.7356600e+06   3.3935547e+01
   2.7358010e+06   4.3395996e+01
   2.7361630e+06   3.8696289e+01
   2.7365310e+06   4.1015625e+01
   2.7369680e+06   3.8940430e+01
   2.7374320e+06   4.0588379e+01
   2.7375270e+06   3.5217285e+01
   2.7380240e+06   3.8391113e+01
   2.7391990e+06   3.5705566e+01
   2.7467810e+06   3.7536621e+01
   2.7498620e+06   3.6987305e+01
   2.7527580e+06   3.6926270e+01
   2.7562900e+06   4.0710449e+01
   2.7588040e+06   3.5278320e+01
   2.7623000e+06   4.0100098e+01
   2.7659320e+06   3.8330078e+01
   2.7695560e+06   3.3691406e+01
   2.7752120e+06   3.4057617e+01
   2.7920900e+06   3.8574219e+01
   2.8030470e+06   3.8635254e+01
   2.8078150e+06   3.7109375e+01
   2.8139450e+06   4.2236328e+01
   2.8244130e+06   3.5217285e+01
   2.8317710e+06   4.2602539e+01
   2.8430360e+06   4.2785645e+01
   2.8546830e+06   3.5217285e+01
   2.8692600e+06   4.4616699e+01
   2.8729450e+06   3.9489746e+01
   2.8816670e+06   4.0466309e+01
   2.8960230e+06   3.9062500e+01
   2.9012450e+06   4.1625977e+01
   2.9185890e+06   5.1269531e+01
   2.9251030e+06   3.9611816e+01
   2.9326920e+06   3.8879395e+01
   2.9412500e+06   3.3813477e+01
   2.9501500e+06   3.9611816e+01
   2.9603120e+06   4.3884277e+01
   2.9688370e+06   3.4545898e+01
   2.9766690e+06   3.3691406e+01
   2.9838770e+06   4.7119141e+01
   2.9875490e+06   3.8696289e+01
   2.9931030e+06   4.0527344e+01
   2.9974120e+06   4.2053223e+01
   3.0071520e+06   4.3151855e+01
   3.0105690e+06   4.2236328e+01
   3.0186890e+06   4.3945312e+01
   3.0233570e+06   3.6987305e+01
   3.0283390e+06   4.3334961e+01
   3.0316230e+06   3.3752441e+01
   3.0353720e+06   4.3701172e+01
   3.0380120e+06   4.3457031e+01
   3.0398770e+06   4.6264648e+01
   3.0399170e+06   4.0039062e+01
   3.0399890e+06   3.8391113e+01
   3.0400330e+06   3.5339355e+01
   3.0401260e+06   3.4912109e+01
   3.0401790e+06   3.5217285e+01
   3.0403300e+06   4.4799805e+01
   3.0404790e+06   3.8330078e+01
   3.0405200e+06   3.6621094e+01
   3.0406010e+06   4.8645020e+01
   3.0408990e+06   3.4973145e+01
   3.0414470e+06   5.8654785e+01
   3.0417060e+06   3.8208008e+01
   3.0417570e+06   3.4973145e+01
   3.0420630e+06   4.6325684e+01
   3.0422850e+06   3.4240723e+01
   3.0423540e+06   3.7353516e+01
   3.0426470e+06   3.4362793e+01
   3.0426630e+06   6.6955566e+01
   3.0426800e+06   3.3752441e+01
   3.0429980e+06   4.0588379e+01
   3.0433880e+06   3.7597656e+01
   3.0435350e+06   3.4423828e+01
   3.0438010e+06   3.9245605e+01
   3.0446160e+06   4.4250488e+01
   3.0451610e+06   3.7048340e+01
   3.0458580e+06   3.5705566e+01
   3.0523420e+06   4.4189453e+01
   3.0542670e+06   4.3395996e+01
   3.0560250e+06   3.8452148e+01
   3.0580620e+06   4.2663574e+01
   3.0599500e+06   3.6193848e+01
   3.0618780e+06   3.4301758e+01
   3.0637060e+06   3.9794922e+01
   3.0656560e+06   3.6010742e+01
   3.0676940e+06   4.1564941e+01
   3.0695010e+06   3.4240723e+01
   3.0713190e+06   3.7231445e+01
   3.0733110e+06   3.6132812e+01
   3.0753540e+06   3.8024902e+01
   3.0780950e+06   4.8522949e+01
   3.0807220e+06   4.0466309e+01
   3.0831610e+06   3.6926270e+01
   3.0875180e+06   4.4250488e+01
   3.0903890e+06   3.5827637e+01
   3.0993280e+06   3.6376953e+01
   3.1021020e+06   4.3273926e+01
   3.1144760e+06   4.1320801e+01
   3.1194540e+06   3.7475586e+01
   3.1277900e+06   3.6926270e+01
   3.1311280e+06   3.5400391e+01
   3.1417920e+06   3.7963867e+01
   3.1511240e+06   3.6315918e+01
   3.1567690e+06   3.4729004e+01
   3.1597970e+06   3.8085938e+01
   3.1703670e+06   3.5583496e+01
   3.1737190e+06   4.5898438e+01
   3.1783830e+06   4.1625977e+01
   3.1909360e+06   3.5522461e+01
   3.1944150e+06   3.7597656e+01
   3.2038600e+06   3.5583496e+01
   3.2137200e+06   3.9672852e+01
   3.2235720e+06   4.9377441e+01
   3.2331050e+06   4.3090820e+01
   3.2388350e+06   3.7475586e+01
   3.2429250e+06   3.4484863e+01
   3.2522320e+06   4.0832520e+01
   3.2573170e+06   4.4433594e+01
   3.2640450e+06   4.6508789e+01
   3.2674850e+06   3.5400391e+01
   3.2759590e+06   3.9550781e+01
   3.2822280e+06   4.1137695e+01
   3.2906820e+06   3.4362793e+01
   3.2960420e+06   4.6264648e+01
   3.3011740e+06   3.8818359e+01
   3.3074320e+06   3.6499023e+01
   3.3118400e+06   3.6376953e+01
   3.3211560e+06   4.0222168e+01
   3.3261900e+06   4.2602539e+01
   3.3362670e+06   4.4250488e+01
   3.3410830e+06   4.7363281e+01
   3.3487390e+06   3.9123535e+01
   3.3611880e+06   4.4921875e+01
   3.3680740e+06   3.3691406e+01
   3.3745000e+06   4.4372559e+01
   3.3786380e+06   3.6315918e+01
   3.3889780e+06   3.3813477e+01
   3.3932770e+06   3.9001465e+01
   3.3967050e+06   3.4423828e+01
   3.4051140e+06   4.9377441e+01
   3.4051590e+06   3.5156250e+01
   3.4089590e+06   3.4973145e+01
   3.4138210e+06   4.9499512e+01
   3.4159790e+06   4.6203613e+01
   3.4202790e+06   3.8879395e+01
   3.4233580e+06   4.0405273e+01
   3.4290030e+06   3.6132812e+01
   3.4320820e+06   4.9926758e+01
   3.4395040e+06   3.9428711e+01
   3.4427990e+06   4.0710449e+01
   3.4479960e+06   4.9560547e+01
   3.4503730e+06   4.7668457e+01
   3.4526450e+06   4.4250488e+01
   3.4530080e+06   3.6926270e+01
   3.4531610e+06   4.5227051e+01
   3.4532030e+06   3.5766602e+01
   3.4532250e+06   4.5959473e+01
   3.4533610e+06   4.6203613e+01
   3.4534900e+06   4.1687012e+01
   3.4537440e+06   3.7292480e+01
   3.4538510e+06   3.4851074e+01
   3.4539420e+06   3.4606934e+01
   3.4540370e+06   3.7170410e+01
   3.4541980e+06   3.7292480e+01
   3.4542930e+06   4.1687012e+01
   3.4544690e+06   3.7475586e+01
   3.4547360e+06   4.0527344e+01
   3.4550510e+06   3.6376953e+01
   3.4551510e+06   4.1137695e+01
   3.4554600e+06   3.9978027e+01
   3.4555570e+06   3.4362793e+01
   3.4558870e+06   3.9245605e+01
   3.4560970e+06   4.8095703e+01
   3.4561600e+06   3.5705566e+01
   3.4564230e+06   4.0466309e+01
   3.4564350e+06   4.8217773e+01
   3.4566820e+06   3.6010742e+01
   3.4567550e+06   4.7241211e+01
   3.4568960e+06   3.5095215e+01
   3.4570880e+06   3.6437988e+01
   3.4574600e+06   4.0283203e+01
   3.4578070e+06   3.6621094e+01
   3.4578460e+06   4.1503906e+01
   3.4582360e+06   3.5095215e+01
   3.4590440e+06   3.4851074e+01
   3.4606920e+06   3.7780762e+01
   3.4608140e+06   3.3935547e+01
   3.4629990e+06   3.7780762e+01
   3.4672000e+06   3.7170410e+01
   3.4692160e+06   3.6254883e+01
   3.4709590e+06   3.7353516e+01
   3.4723940e+06   4.1259766e+01
   3.4740470e+06   3.4362793e+01
   3.4758290e+06   3.4973145e+01
   3.4773330e+06   3.5705566e+01
   3.4788310e+06   3.8146973e+01
   3.4800840e+06   3.6926270e+01
   3.4815780e+06   3.5705566e+01
   3.4830850e+06   3.7536621e+01
   3.4847630e+06   3.6804199e+01
   3.4865070e+06   3.4423828e+01
   3.4879590e+06   3.7902832e+01
   3.4900020e+06   3.5278320e+01
   3.4919980e+06   4.2480469e+01
   3.4940110e+06   3.5217285e+01
   3.4958720e+06   4.0161133e+01
   3.4979650e+06   3.5400391e+01
   3.5002120e+06   3.5339355e+01
   3.5021290e+06   3.4973145e+01
   3.5045000e+06   3.4851074e+01
   3.5067350e+06   4.1809082e+01
   3.5090410e+06   3.8635254e+01
   3.5114850e+06   4.2419434e+01
   3.5158780e+06   4.0466309e+01
   3.5185590e+06   4.4860840e+01
   3.5224430e+06   4.1259766e+01
   3.5260580e+06   4.9377441e+01
   3.5292910e+06   3.7414551e+01
   3.5343600e+06   3.5095215e+01
   3.5368740e+06   3.7292480e+01
   3.5420040e+06   4.1198730e+01
   3.5447560e+06   3.3935547e+01
   3.5476840e+06   3.9489746e+01
   3.5540820e+06   4.9377441e+01
   3.5593720e+06   4.2114258e+01
   3.5624260e+06   3.6437988e+01
   3.5651750e+06   4.6691895e+01
   3.5677980e+06   3.9794922e+01
   3.5707940e+06   3.6987305e+01
   3.5752160e+06   4.2785645e+01
   3.5807860e+06   3.4118652e+01
   3.5881710e+06   4.4616699e+01
   3.5916740e+06   3.8757324e+01
   3.5944030e+06   3.7658691e+01
   3.5981130e+06   4.2602539e+01
   3.6005710e+06   3.5400391e+01
   3.6028810e+06   4.2114258e+01
   3.6048760e+06   3.4362793e+01
   3.6072210e+06   4.2480469e+01
   3.6091140e+06   3.5339355e+01
   3.6115950e+06   3.8635254e+01
   3.6147590e+06   4.1137695e+01
   3.6174610e+06   4.0832520e+01
   3.6228320e+06   3.5766602e+01
   3.6260640e+06   3.7475586e+01
   3.6309380e+06   3.5217285e+01
   3.6330260e+06   3.8146973e+01
   3.6359930e+06   4.5593262e+01
   3.6382140e+06   3.9733887e+01
   3.6413220e+06   3.4118652e+01
   3.6439970e+06   3.7902832e+01
   3.6459910e+06   4.3579102e+01
   3.6508340e+06   3.7353516e+01
   3.6536750e+06   4.2297363e+01
   3.6566120e+06   3.5583496e+01
   3.6615160e+06   4.3212891e+01
   3.6644310e+06   3.6621094e+01
   3.6718170e+06   3.3935547e+01
   3.6794340e+06   3.4179688e+01
   3.6847450e+06   3.8757324e+01
   3.6883730e+06   3.8269043e+01
   3.7002720e+06   4.2968750e+01
   3.7138120e+06   3.9001465e+01
   3.7205050e+06   3.9184570e+01
   3.7251050e+06   3.4790039e+01
   3.7333830e+06   3.8330078e+01
   3.7402690e+06   3.3935547e+01
   3.7465210e+06   4.3029785e+01
   3.7525870e+06   3.7597656e+01
   3.7638480e+06   4.4250488e+01
   3.7726270e+06   3.7780762e+01
   3.7793720e+06   3.4545898e+01
   3.7830170e+06   3.6682129e+01
   3.7841750e+06   5.2368164e+01
   3.7841940e+06   5.4992676e+01
   3.7843520e+06   3.7475586e+01
   3.7843750e+06   4.0893555e+01
   3.7844730e+06   4.9987793e+01
   3.7845320e+06   4.1564941e+01
   3.7846610e+06   4.4006348e+01
   3.7847470e+06   5.3833008e+01
   3.7850330e+06   3.9794922e+01
   3.7850860e+06   3.3874512e+01
   3.7852990e+06   5.6091309e+01
   3.7857220e+06   3.4362793e+01
   3.7858670e+06   4.2907715e+01
   3.7861590e+06   4.1870117e+01
   3.7861930e+06   4.3212891e+01
   3.7865600e+06   3.7170410e+01
   3.7870620e+06   4.0710449e+01
   3.7871830e+06   4.0039062e+01
   3.7873770e+06   3.6315918e+01
   3.7874000e+06   3.5522461e+01
   3.7876830e+06   4.3151855e+01
   3.7880320e+06   3.4851074e+01
   3.7884350e+06   4.5166016e+01
   3.7890410e+06   3.5583496e+01
   3.7892430e+06   5.3894043e+01
   3.7896520e+06   3.4606934e+01
   3.7897190e+06   4.8950195e+01
   3.7902500e+06   3.9489746e+01
   3.7908760e+06   3.7902832e+01
   3.7919010e+06   4.5654297e+01
   3.7932180e+06   3.5827637e+01
   3.7960770e+06   4.0771484e+01
   3.7982020e+06   3.7231445e+01
   3.8000280e+06   4.2724609e+01
   3.8015590e+06   3.6315918e+01
   3.8037110e+06   4.4677734e+01
   3.8054870e+06   3.4606934e+01
   3.8070230e+06   3.4484863e+01
   3.8089040e+06   3.6437988e+01
   3.8109640e+06   4.4250488e+01
   3.8124280e+06   3.5827637e+01
   3.8139610e+06   3.9001465e+01
   3.8160970e+06   4.5288086e+01
   3.8176780e+06   3.9001465e+01
   3.8200520e+06   4.3701172e+01
   3.8219410e+06   4.2907715e+01
   3.8272790e+06   3.4118652e+01
   3.8306190e+06   3.3874512e+01
   3.8336220e+06   3.4362793e+01
   3.8392050e+06   3.6926270e+01
   3.8414380e+06   3.7048340e+01
   3.8446370e+06   4.3334961e+01
   3.8486610e+06   4.0039062e+01
   3.8527440e+06   3.7170410e+01
   3.8562240e+06   4.1442871e+01
   3.8617070e+06   4.3090820e+01
   3.8651920e+06   3.6071777e+01
   3.8680420e+06   3.3935547e+01
   3.8717050e+06   3.4545898e+01
   3.8777040e+06   4.4555664e+01
   3.8809840e+06   3.7963867e+01
   3.8906690e+06   4.0710449e+01
   3.8934960e+06   4.1748047e+01
   3.8971780e+06   4.3945312e+01
   3.9033610e+06   4.7058105e+01
   3.9069440e+06   3.8818359e+01
   3.9174690e+06   4.7241211e+01
   3.9223670e+06   4.8217773e+01
   3.9403940e+06   3.9794922e+01
   3.9478450e+06   3.4667969e+01
   3.9552490e+06   4.1137695e+01
   3.9696670e+06   4.7180176e+01
   3.9740560e+06   4.2724609e+01
   3.9834550e+06   3.6010742e+01
   3.9876690e+06   3.9611816e+01
   3.9897440e+06   4.1748047e+01
   3.9898500e+06   3.4484863e+01
   3.9898790e+06   4.3212891e+01
   3.9899020e+06   3.6132812e+01
   3.9899170e+06   3.9916992e+01
   3.9899540e+06   3.9489746e+01
   3.9902370e+06   4.2724609e+01
   3.9903450e+06   3.3996582e+01
   3.9904950e+06   3.3752441e+01
   3.9905320e+06   5.5358887e+01
   3.9906210e+06   3.9978027e+01
   3.9908230e+06   3.9916992e+01
   3.9908830e+06   4.3579102e+01
   3.9910410e+06   3.7841797e+01
   3.9910960e+06   4.2724609e+01
   3.9913810e+06   3.9184570e+01
   3.9916120e+06   3.4851074e+01
   3.9916690e+06   4.9865723e+01
   3.9918870e+06   3.3691406e+01
   3.9920030e+06   3.5400391e+01
   3.9922050e+06   4.1259766e+01
   3.9922470e+06   3.8085938e+01
   3.9923320e+06   3.8757324e+01
   3.9924640e+06   3.7719727e+01
   3.9924960e+06   3.8940430e+01
   3.9926310e+06   3.6865234e+01
   3.9928420e+06   3.5705566e+01
   3.9930370e+06   4.1015625e+01
   3.9932960e+06   3.6437988e+01
   3.9934200e+06   3.4912109e+01
   3.9936850e+06   3.8818359e+01
   3.9938220e+06   3.6499023e+01
   3.9942120e+06   3.4484863e+01
   3.9942400e+06   4.6447754e+01
   3.9946940e+06   4.6203613e+01
   3.9951870e+06   3.7475586e+01
   3.9959030e+06   4.2053223e+01
   3.9970600e+06   3.6193848e+01
   4.0011300e+06   3.9855957e+01
   4.0084430e+06   3.5339355e+01
   4.0143960e+06   3.6621094e+01
   4.0168620e+06   4.0405273e+01
   4.0186490e+06   3.3813477e+01
   4.0203450e+06   3.6926270e+01
   4.0296050e+06   3.7170410e+01
   4.0390870e+06   3.7109375e+01
   4.0424360e+06   3.9306641e+01
   4.0511230e+06   4.1687012e+01
   4.0557530e+06   3.6987305e+01
   4.0684350e+06   4.5410156e+01
   4.0766660e+06   4.3212891e+01
   4.0857440e+06   4.3945312e+01
   4.0916300e+06   3.4790039e+01
   4.0989910e+06   3.6987305e+01
   4.1132870e+06   4.0832520e+01
   4.1373670e+06   4.2846680e+01
   4.1487580e+06   3.5339355e+01
   4.1663270e+06   4.2968750e+01
   4.1789540e+06   3.9062500e+01
   4.1827360e+06   4.0954590e+01
   4.1915020e+06   4.5959473e+01
   4.1986490e+06   4.3151855e+01
   4.2043680e+06   3.9794922e+01
   4.2142200e+06   5.7006836e+01
   4.2227440e+06   4.3151855e+01
   4.2272650e+06   3.5095215e+01
   4.2281460e+06   3.7170410e+01
   4.2282280e+06   3.8146973e+01
   4.2282560e+06   3.4301758e+01
   4.2282690e+06   4.5837402e+01
   4.2284050e+06   3.7841797e+01
   4.2284920e+06   3.3813477e+01
   4.2285270e+06   3.5766602e+01
   4.2285400e+06   3.5339355e+01
   4.2285610e+06   3.7719727e+01
   4.2286590e+06   4.4677734e+01
   4.2288170e+06   3.7231445e+01
   4.2288400e+06   5.4382324e+01
   4.2288680e+06   3.7902832e+01
   4.2290350e+06   4.1381836e+01
   4.2291170e+06   4.4128418e+01
   4.2293600e+06   3.5888672e+01
   4.2293740e+06   4.6630859e+01
   4.2294050e+06   3.4484863e+01
   4.2294870e+06   4.2968750e+01
   4.2296660e+06   4.0222168e+01
   4.2299620e+06   4.9621582e+01
   4.2300530e+06   4.2846680e+01
   4.2302000e+06   3.6865234e+01
   4.2302610e+06   3.9001465e+01
   4.2305830e+06   3.7841797e+01
   4.2309390e+06   3.6682129e+01
   4.2310370e+06   3.6621094e+01
   4.2311270e+06   3.9916992e+01
   4.2316500e+06   3.4301758e+01
   4.2320440e+06   3.8208008e+01
   4.2324500e+06   3.7353516e+01
   4.2329120e+06   3.5827637e+01
   4.2334690e+06   3.3935547e+01
   4.2374360e+06   4.2541504e+01
   4.2398180e+06   3.7841797e+01
   4.2418860e+06   4.0283203e+01
   4.2446920e+06   4.1809082e+01
   4.2466250e+06   4.0710449e+01
   4.2486100e+06   3.4667969e+01
   4.2505470e+06   3.9123535e+01
   4.2523350e+06   3.6987305e+01
   4.2544040e+06   3.9794922e+01
   4.2570420e+06   3.4301758e+01
   4.2600640e+06   3.8146973e+01
   4.2619500e+06   4.3518066e+01
   4.2673800e+06   3.5644531e+01
   4.2692520e+06   3.8879395e+01
   4.2726730e+06   4.0527344e+01
   4.2757970e+06   4.4555664e+01
   4.2830070e+06   3.5217285e+01
   4.2856400e+06   3.5827637e+01
   4.2894170e+06   4.0161133e+01
   4.2986990e+06   3.6865234e+01
   4.3030480e+06   3.4179688e+01
   4.3070650e+06   4.0283203e+01
   4.3133500e+06   3.9916992e+01
   4.3205160e+06   3.7780762e+01
   4.3267460e+06   3.5949707e+01
   4.3322760e+06   4.9072266e+01
   4.3374210e+06   4.2724609e+01
   4.3514110e+06   4.2358398e+01
   4.3618440e+06   3.3935547e+01
   4.3677900e+06   3.3935547e+01
   4.3743700e+06   4.1748047e+01
   4.3846310e+06   4.2114258e+01
   4.3901010e+06   3.3691406e+01
   4.4486200e+06   4.0954590e+01
   4.4555650e+06   3.4301758e+01
   4.4560280e+06   3.7902832e+01
   4.4562060e+06   3.3752441e+01
   4.4562370e+06   3.3752441e+01
   4.4562540e+06   5.7006836e+01
   4.4563080e+06   3.4362793e+01
   4.4563750e+06   3.5095215e+01
   4.4564250e+06   4.1320801e+01
   4.4565320e+06   3.5888672e+01
   4.4566770e+06   3.6315918e+01
   4.4567500e+06   3.5278320e+01
   4.4568050e+06   4.5654297e+01
   4.4569000e+06   3.4301758e+01
   4.4570020e+06   3.5461426e+01
   4.4570570e+06   4.4738770e+01
   4.4572120e+06   3.5339355e+01
   4.4572470e+06   3.4179688e+01
   4.4573200e+06   3.7658691e+01
   4.4574700e+06   3.8146973e+01
   4.4575860e+06   3.4057617e+01
   4.4578260e+06   3.3752441e+01
   4.4578660e+06   4.6691895e+01
   4.4579230e+06   3.4606934e+01
   4.4580640e+06   3.5339355e+01
   4.4582070e+06   3.7597656e+01
   4.4582940e+06   3.5644531e+01
   4.4584610e+06   3.4912109e+01
   4.4585440e+06   3.3874512e+01
   4.4587760e+06   4.9804688e+01
   4.4588930e+06   3.4851074e+01
   4.4590990e+06   3.8391113e+01
   4.4594170e+06   4.0649414e+01
   4.4594690e+06   3.5583496e+01
   4.4597600e+06   3.7536621e+01
   4.4601310e+06   3.8330078e+01
   4.4605740e+06   3.6926270e+01
   4.4610550e+06   4.3395996e+01
   4.4615950e+06   3.4729004e+01
   4.4792640e+06   3.5461426e+01
   4.4849670e+06   4.2968750e+01
   4.4881180e+06   3.6682129e+01
   4.4930050e+06   4.6447754e+01
   4.5063430e+06   4.1992188e+01
   4.5141090e+06   4.0405273e+01
   4.5191810e+06   3.6987305e+01
   4.5570080e+06   3.6193848e+01
   4.5837900e+06   4.0222168e+01
   4.5935910e+06   4.3151855e+01
   4.6177150e+06   4.6020508e+01
   4.6263720e+06   4.2297363e+01
   4.6278210e+06   3.7475586e+01
   4.6278530e+06   3.8085938e+01
   4.6279730e+06   4.0405273e+01
   4.6281010e+06   3.8085938e+01
   4.6281380e+06   4.7058105e+01
   4.6282160e+06   3.7597656e+01
   4.6284120e+06   4.3518066e+01
   4.6285380e+06   4.3518066e+01
   4.6286910e+06   4.7302246e+01
   4.6289660e+06   4.4555664e+01
   4.6290050e+06   3.4484863e+01
   4.6292360e+06   5.1147461e+01
   4.6294860e+06   3.6743164e+01
   4.6295060e+06   4.3151855e+01
   4.6295890e+06   3.7109375e+01
   4.6298400e+06   3.4301758e+01
   4.6301140e+06   4.5959473e+01
   4.6304070e+06   4.2419434e+01
   4.6307220e+06   4.9499512e+01
   4.6309420e+06   3.6132812e+01
   4.6310530e+06   3.5400391e+01
   4.6311000e+06   3.7963867e+01
   4.6314110e+06   3.5400391e+01
   4.6322620e+06   4.0100098e+01
   4.6327770e+06   3.5705566e+01
   4.6334020e+06   4.5837402e+01
   4.6346200e+06   3.8391113e+01
   4.6447590e+06   4.2968750e+01
   4.6512570e+06   5.1940918e+01
   4.6581020e+06   3.9855957e+01
   4.6610180e+06   3.8940430e+01
   4.6669740e+06   4.1625977e+01
   4.6718340e+06   4.3640137e+01
   4.6806810e+06   3.9611816e+01
   4.6879860e+06   3.9001465e+01
   4.7037150e+06   3.8818359e+01
   4.7089430e+06   4.4250488e+01
   4.7392420e+06   5.4260254e+01
   4.7477710e+06   3.6865234e+01
   4.7548550e+06   4.1503906e+01
   4.7606370e+06   4.7180176e+01
   4.7696690e+06   4.4921875e+01
   4.7780650e+06   3.7597656e+01
   4.8133180e+06   3.7231445e+01
   4.8177950e+06   3.7719727e+01
   4.8180090e+06   3.5217285e+01
   4.8182380e+06   6.7932129e+01
   4.8184390e+06   3.4851074e+01
   4.8188150e+06   3.8146973e+01
   4.8190860e+06   4.0344238e+01
   4.8192030e+06   3.8269043e+01
   4.8193620e+06   5.3222656e+01
   4.8194660e+06   4.1870117e+01
   4.8196010e+06   4.0954590e+01
   4.8196280e+06   4.3029785e+01
   4.8197740e+06   4.0344238e+01
   4.8199200e+06   3.5888672e+01
   4.8200700e+06   3.7475586e+01
   4.8201850e+06   4.0405273e+01
   4.8204820e+06   3.6743164e+01
   4.8208030e+06   3.7902832e+01
   4.8210840e+06   4.3273926e+01
   4.8211130e+06   3.9733887e+01
   4.8212500e+06   3.6987305e+01
   4.8214400e+06   4.3029785e+01
   4.8218100e+06   5.3283691e+01
   4.8226130e+06   4.0832520e+01
   4.8230910e+06   3.4606934e+01
   4.8237010e+06   3.9367676e+01
   4.8338340e+06   4.3029785e+01
   4.8396410e+06   3.6621094e+01
   4.8430250e+06   4.1564941e+01
   4.8480420e+06   3.9855957e+01
   4.8504760e+06   4.4128418e+01
   4.8523370e+06   3.6132812e+01
   4.8572510e+06   3.4240723e+01
   4.8616500e+06   3.7902832e+01
   4.8676990e+06   4.0954590e+01
   4.8720910e+06   3.5705566e+01
   4.8769300e+06   4.2480469e+01
   4.8863120e+06   4.3334961e+01
   4.9033550e+06   4.5227051e+01
   4.9115740e+06   3.5217285e+01
   4.9231020e+06   4.4128418e+01
   4.9364060e+06   3.5949707e+01
   4.9765640e+06   4.1564941e+01
   4.9843610e+06   4.6752930e+01
   4.9967880e+06   4.8828125e+01
   5.0070030e+06   4.4128418e+01
   5.0070420e+06   3.4729004e+01
   5.0073330e+06   3.3935547e+01
   5.0074430e+06   4.3640137e+01
   5.0074550e+06   4.0710449e+01
   5.0075610e+06   3.8146973e+01
   5.0076560e+06   3.3996582e+01
   5.0077340e+06   3.9855957e+01
   5.0077720e+06   4.0344238e+01
   5.0078280e+06   3.8635254e+01
   5.0079650e+06   4.0222168e+01
   5.0080540e+06   5.1391602e+01
   5.0081140e+06   4.5532227e+01
   5.0082080e+06   3.6865234e+01
   5.0083180e+06   3.6071777e+01
   5.0083370e+06   4.2419434e+01
   5.0084060e+06   3.4179688e+01
   5.0084320e+06   3.4301758e+01
   5.0085650e+06   3.4118652e+01
   5.0086210e+06   3.4606934e+01
   5.0088540e+06   3.8879395e+01
   5.0089200e+06   4.3334961e+01
   5.0092240e+06   3.9489746e+01
   5.0095580e+06   3.3874512e+01
   5.0098060e+06   4.1870117e+01
   5.0098390e+06   4.2236328e+01
   5.0101710e+06   3.3752441e+01
   5.0105420e+06   4.4250488e+01
   5.0112230e+06   3.5705566e+01
   5.0114120e+06   4.1442871e+01
   5.0119340e+06   3.5461426e+01
   5.0125770e+06   3.7597656e+01
   5.0140560e+06   3.6926270e+01
   5.0263940e+06   4.3334961e+01
   5.0398200e+06   3.6010742e+01
   5.0686570e+06   4.7363281e+01
   5.0696560e+06   4.4616699e+01
   5.0702070e+06   5.2062988e+01
   5.0703600e+06   3.5461426e+01
   5.0705450e+06   4.0588379e+01
   5.0706050e+06   3.7963867e+01
   5.0706180e+06   3.4851074e+01
   5.0706790e+06   3.5766602e+01
   5.0706910e+06   3.8391113e+01
   5.0708720e+06   3.5034180e+01
   5.0709880e+06   3.8330078e+01
   5.0711080e+06   3.3935547e+01
   5.0711700e+06   4.6325684e+01
   5.0714650e+06   3.8330078e+01
   5.0715550e+06   3.7902832e+01
   5.0719270e+06   3.4118652e+01
   5.0719570e+06   3.4240723e+01
   5.0720470e+06   4.4128418e+01
   5.0723480e+06   3.5522461e+01
   5.0726730e+06   3.7536621e+01
   5.0730110e+06   3.6804199e+01
   5.0733900e+06   4.1442871e+01
   5.0734160e+06   3.3874512e+01
   5.0738870e+06   3.8574219e+01
   5.0744000e+06   5.5541992e+01
   5.1037510e+06   4.1137695e+01
   5.1134400e+06   3.7475586e+01
   5.1250830e+06   4.7546387e+01
   5.1418900e+06   3.8757324e+01
   5.1486260e+06   3.4301758e+01
   5.1491490e+06   4.0771484e+01
   5.1491820e+06   3.5461426e+01
   5.1493680e+06   4.2480469e+01
   5.1493860e+06   3.5034180e+01
   5.1494700e+06   3.4912109e+01
   5.1494800e+06   4.5593262e+01
   5.1496140e+06   3.6560059e+01
   5.1497250e+06   3.4729004e+01
   5.1497600e+06   3.7780762e+01
   5.1497820e+06   5.1208496e+01
   5.1498150e+06   3.5522461e+01
   5.1501090e+06   4.7241211e+01
   5.1501510e+06   3.4912109e+01
   5.1504170e+06   3.5278320e+01
   5.1505220e+06   3.4301758e+01
   5.1507010e+06   4.0161133e+01
   5.1512960e+06   3.4851074e+01
   5.1513500e+06   4.0405273e+01
   5.1516770e+06   3.6865234e+01
   5.1520350e+06   3.6865234e+01
   5.1524420e+06   3.6437988e+01
   5.1528940e+06   3.4729004e+01
   5.1529990e+06   3.5034180e+01
   5.1540470e+06   3.8940430e+01
   5.1548490e+06   4.5166016e+01
   5.1680860e+06   3.8696289e+01
   5.1722720e+06   3.8208008e+01
   5.1785680e+06   3.3691406e+01
   5.1873410e+06   4.2480469e+01
   5.2055030e+06   4.2419434e+01
   5.2477210e+06   3.6010742e+01
   5.2635090e+06   4.4372559e+01
   5.2737860e+06   3.6987305e+01
   5.2888020e+06   4.3212891e+01
   5.3065620e+06   3.4240723e+01
   5.3158230e+06   3.5522461e+01
   5.3923830e+06   3.8391113e+01
   5.4315270e+06   3.4973145e+01
   5.4316510e+06   3.4301758e+01
   5.4318870e+06   4.0832520e+01
   5.4320510e+06   5.8593750e+01
   5.4321510e+06   3.8452148e+01
   5.4323030e+06   3.5400391e+01
   5.4323460e+06   4.6386719e+01
   5.4325520e+06   3.7597656e+01
   5.4326160e+06   4.0039062e+01
   5.4326790e+06   3.6560059e+01
   5.4328250e+06   3.7353516e+01
   5.4328530e+06   3.4973145e+01
   5.4328730e+06   3.3935547e+01
   5.4331360e+06   4.7119141e+01
   5.4331760e+06   3.8574219e+01
   5.4332120e+06   3.5583496e+01
   5.4335170e+06   3.4301758e+01
   5.4336980e+06   4.3151855e+01
   5.4339680e+06   3.5522461e+01
   5.4340020e+06   3.4729004e+01
   5.4342530e+06   4.0405273e+01
   5.4343260e+06   3.8940430e+01
   5.4345600e+06   3.5461426e+01
   5.4351970e+06   4.9133301e+01
   5.4355570e+06   4.6081543e+01
   5.4359540e+06   4.2480469e+01
   5.4363280e+06   3.7536621e+01
   5.4367770e+06   3.6682129e+01
   5.4373600e+06   4.2480469e+01
   5.4382100e+06   3.3813477e+01
   5.4394190e+06   4.0344238e+01
   5.4476640e+06   3.7536621e+01
   5.4504710e+06   4.1442871e+01
   5.4526200e+06   3.7170410e+01
   5.4553550e+06   3.9001465e+01
   5.4591000e+06   4.1564941e+01
   5.4727750e+06   3.7353516e+01
   5.4791620e+06   4.3518066e+01
   5.4899350e+06   4.8950195e+01
   5.5064190e+06   4.0466309e+01
   5.5474480e+06   4.1992188e+01
   5.5587860e+06   3.5888672e+01
   5.5688560e+06   3.6437988e+01
   5.5843550e+06   4.7729492e+01
   5.6082800e+06   3.9550781e+01
   5.6369910e+06   4.4555664e+01
   5.6439340e+06   4.4677734e+01
   5.6497240e+06   3.9855957e+01
   5.6616820e+06   4.0710449e+01
   5.6646560e+06   3.8024902e+01
   5.6675410e+06   3.3813477e+01
   5.6700790e+06   3.9978027e+01
   5.6725660e+06   4.6997070e+01
   5.6779390e+06   3.4057617e+01
   5.6825150e+06   3.6621094e+01
   5.6873280e+06   4.3823242e+01
   5.6905630e+06   3.8513184e+01
   5.6970120e+06   4.8767090e+01
   5.7062810e+06   3.7475586e+01
   5.7166500e+06   3.9733887e+01
   5.7222670e+06   4.5898438e+01
   5.7282040e+06   4.7180176e+01
   5.7400340e+06   3.4729004e+01
   5.7450650e+06   4.5227051e+01
   5.7553680e+06   4.0344238e+01
   5.7643450e+06   4.5837402e+01
   5.7727870e+06   4.0405273e+01
   5.7841050e+06   3.4240723e+01
   5.7908510e+06   4.0771484e+01
   5.7934480e+06   3.3691406e+01
   5.7946350e+06   5.2001953e+01
   5.7947810e+06   3.4301758e+01
   5.7949130e+06   4.1137695e+01
   5.7949390e+06   3.5217285e+01
   5.7950130e+06   3.5278320e+01
   5.7950650e+06   3.3752441e+01
   5.7951730e+06   3.4179688e+01
   5.7952170e+06   3.4973145e+01
   5.7952600e+06   3.7292480e+01
   5.7953060e+06   3.4240723e+01
   5.7954820e+06   4.4128418e+01
   5.7955940e+06   3.4790039e+01
   5.7957460e+06   4.6569824e+01
   5.7963020e+06   4.3945312e+01
   5.7968950e+06   3.7963867e+01
   5.7969080e+06   4.5959473e+01
   5.7971640e+06   3.6193848e+01
   5.7974980e+06   4.9987793e+01
   5.7978210e+06   4.4372559e+01
   5.7981600e+06   4.0588379e+01
   5.7985210e+06   3.3996582e+01
   5.7989140e+06   4.0832520e+01
   5.7992990e+06   4.3395996e+01
   5.8001790e+06   3.6193848e+01
   5.8008390e+06   4.4128418e+01
   5.8019220e+06   3.9672852e+01
   5.8068450e+06   3.6254883e+01
   5.8131750e+06   3.6315918e+01
   5.8152030e+06   3.5766602e+01
   5.8179190e+06   4.2053223e+01
   5.8201730e+06   4.3457031e+01
   5.8221040e+06   3.8574219e+01
   5.8282470e+06   3.4484863e+01
   5.8309510e+06   4.2724609e+01
   5.8337210e+06   3.6682129e+01
   5.8359680e+06   3.4362793e+01
   5.8387070e+06   4.2785645e+01
   5.8455010e+06   4.1992188e+01
   5.8502640e+06   3.4301758e+01
   5.8550460e+06   3.8269043e+01
   5.8602330e+06   4.3395996e+01
   5.8662230e+06   3.3752441e+01
   5.8722830e+06   4.0161133e+01
   5.8755620e+06   4.1259766e+01
   5.8808370e+06   3.7597656e+01
   5.8929690e+06   4.1870117e+01
   5.9021850e+06   3.7292480e+01
   5.9128680e+06   4.3884277e+01
   5.9287210e+06   3.5888672e+01
   5.9607530e+06   3.3813477e+01
   5.9784950e+06   4.2541504e+01
   6.0303180e+06   4.1503906e+01
   6.0335410e+06   3.4545898e+01
   6.0342790e+06   3.6621094e+01
   6.0343150e+06   5.4748535e+01
   6.0344440e+06   4.5410156e+01
   6.0345340e+06   3.4484863e+01
   6.0345690e+06   3.6682129e+01
   6.0345950e+06   3.5888672e+01
   6.0346140e+06   3.6010742e+01
   6.0347410e+06   3.7292480e+01
   6.0347850e+06   3.6132812e+01
   6.0348470e+06   4.1931152e+01
   6.0348900e+06   4.9560547e+01
   6.0349380e+06   3.6682129e+01
   6.0351200e+06   3.5461426e+01
   6.0351640e+06   4.9804688e+01
   6.0354060e+06   3.4179688e+01
   6.0354370e+06   3.4545898e+01
   6.0355410e+06   3.3630371e+01
   6.0356600e+06   3.7902832e+01
   6.0357150e+06   3.7963867e+01
   6.0357600e+06   3.4545898e+01
   6.0359860e+06   4.3762207e+01
   6.0360910e+06   3.5278320e+01
   6.0362820e+06   4.5227051e+01
   6.0365580e+06   4.0161133e+01
   6.0366170e+06   3.3386230e+01
   6.0368570e+06   4.2602539e+01
   6.0371770e+06   4.5959473e+01
   6.0372960e+06   3.8696289e+01
   6.0375170e+06   3.7841797e+01
   6.0377900e+06   3.4362793e+01
   6.0378550e+06   3.4057617e+01
   6.0384700e+06   3.3508301e+01
   6.0386240e+06   3.9001465e+01
   6.0390820e+06   5.3405762e+01
   6.0396350e+06   3.7841797e+01
   6.0402470e+06   4.4311523e+01
   6.0410660e+06   3.3508301e+01
   6.0482840e+06   3.3325195e+01
   6.0570720e+06   3.9062500e+01
   6.0610960e+06   3.6193848e+01
   6.0637550e+06   3.4301758e+01
   6.0691550e+06   4.0100098e+01
   6.0750380e+06   4.0649414e+01
   6.0797810e+06   3.8269043e+01
   6.0938820e+06   4.0649414e+01
   6.1995650e+06   3.9978027e+01
   6.2187040e+06   4.2053223e+01
   6.2546320e+06   3.7353516e+01
   6.2596570e+06   3.4606934e+01
   6.2602870e+06   3.3874512e+01
   6.2604290e+06   5.2001953e+01
   6.2604560e+06   3.7231445e+01
   6.2605470e+06   3.7780762e+01
   6.2606120e+06   4.4860840e+01
   6.2606890e+06   3.6682129e+01
   6.2607020e+06   3.3569336e+01
   6.2608550e+06   4.1320801e+01
   6.2609500e+06   5.5175781e+01
   6.2612010e+06   4.5349121e+01
   6.2612760e+06   3.4423828e+01
   6.2614100e+06   3.4851074e+01
   6.2614520e+06   4.0893555e+01
   6.2615370e+06   3.8330078e+01
   6.2617110e+06   3.8696289e+01
   6.2619900e+06   5.2062988e+01
   6.2621710e+06   3.9428711e+01
   6.2622220e+06   3.3630371e+01
   6.2628500e+06   4.1015625e+01
   6.2629640e+06   3.5461426e+01
   6.2631640e+06   3.4912109e+01
   6.2632160e+06   3.3996582e+01
   6.2633690e+06   3.4484863e+01
   6.2635630e+06   3.5827637e+01
   6.2644230e+06   3.8146973e+01
   6.2645360e+06   4.7363281e+01
   6.2649230e+06   3.6071777e+01
   6.2654210e+06   3.6560059e+01
   6.2671560e+06   3.3325195e+01
   6.2731310e+06   4.2541504e+01
   6.2835440e+06   3.5583496e+01
   6.2862140e+06   3.9855957e+01
   6.2916710e+06   3.8391113e+01
   6.3003320e+06   3.9062500e+01
   6.3073560e+06   4.3884277e+01
   6.3106460e+06   4.5104980e+01
   6.3167280e+06   3.6987305e+01
   6.3250920e+06   4.2846680e+01
   6.3324230e+06   3.7475586e+01
   6.3419620e+06   3.7719727e+01
   6.3732100e+06   3.9306641e+01
   6.4500200e+06   3.4423828e+01
   6.4538760e+06   3.3508301e+01
   6.4738040e+06   3.6499023e+01
   6.5096500e+06   4.6691895e+01
   6.5739930e+06   4.1625977e+01
   6.6652700e+06   3.9794922e+01
   6.6841730e+06   3.5156250e+01
   6.6996180e+06   4.3823242e+01
   6.7127120e+06   3.7170410e+01
   6.7303970e+06   3.3569336e+01
   6.7480420e+06   3.8574219e+01
   6.7589070e+06   4.9499512e+01
   6.7820430e+06   4.5959473e+01
   6.7883050e+06   3.7231445e+01
   6.7990700e+06   3.7719727e+01
   6.8056870e+06   3.9611816e+01
   6.8126640e+06   4.0771484e+01
   6.8208280e+06   3.8635254e+01
   6.8257830e+06   4.4128418e+01
   6.8365550e+06   5.0354004e+01
   6.8474350e+06   3.6132812e+01
   6.8616090e+06   4.1076660e+01
   6.8773540e+06   3.4057617e+01
   6.9219770e+06   3.4973145e+01
   6.9546800e+06   3.4118652e+01
   6.9548890e+06   3.6132812e+01
   6.9549480e+06   3.7048340e+01
   6.9549800e+06   4.1015625e+01
   6.9550050e+06   4.6020508e+01
   6.9550270e+06   4.4372559e+01
   6.9551050e+06   3.3813477e+01
   6.9554610e+06   4.7119141e+01
   6.9556560e+06   4.4250488e+01
   6.9557520e+06   4.1198730e+01
   6.9559610e+06   3.8696289e+01
   6.9560310e+06   3.5949707e+01
   6.9560750e+06   4.2663574e+01
   6.9562830e+06   5.0292969e+01
   6.9563000e+06   3.3508301e+01
   6.9564140e+06   3.3508301e+01
   6.9565070e+06   3.7536621e+01
   6.9568520e+06   3.5278320e+01
   6.9569420e+06   3.7719727e+01
   6.9570980e+06   3.3264160e+01
   6.9571790e+06   3.7414551e+01
   6.9574110e+06   3.4912109e+01
   6.9575920e+06   4.5104980e+01
   6.9576420e+06   3.6315918e+01
   6.9578150e+06   4.0039062e+01
   6.9578860e+06   5.1391602e+01
   6.9579900e+06   3.7658691e+01
   6.9581320e+06   3.6193848e+01
   6.9583270e+06   3.5278320e+01
   6.9584680e+06   3.3935547e+01
   6.9586580e+06   3.7475586e+01
   6.9588950e+06   3.5156250e+01
   6.9591090e+06   4.6875000e+01
   6.9591590e+06   3.6071777e+01
   6.9593010e+06   3.6437988e+01
   6.9594100e+06   3.8757324e+01
   6.9596790e+06   3.7048340e+01
   6.9599520e+06   3.8513184e+01
   6.9602320e+06   3.8879395e+01
   6.9606370e+06   3.6804199e+01
   6.9608430e+06   3.5217285e+01
   6.9609870e+06   3.5217285e+01
   6.9611210e+06   3.3386230e+01
   6.9611680e+06   4.3518066e+01
   6.9621770e+06   3.4057617e+01
   6.9628940e+06   4.5227051e+01
   6.9650010e+06   3.5156250e+01
   6.9655540e+06   3.9611816e+01
   6.9663920e+06   3.5705566e+01
   6.9703500e+06   3.3569336e+01
   6.9739160e+06   3.7536621e+01
   6.9759320e+06   3.6132812e+01
   6.9783430e+06   4.0466309e+01
   6.9813610e+06   4.2236328e+01
   6.9843950e+06   4.1687012e+01
   6.9875140e+06   3.8146973e+01
   6.9909860e+06   3.4790039e+01
   6.9948660e+06   3.4118652e+01
   7.0182060e+06   3.4240723e+01
   7.0366300e+06   4.2846680e+01
   7.0539360e+06   4.0954590e+01
   7.0877810e+06   4.0710449e+01
   7.0999700e+06   4.3640137e+01
   7.1120450e+06   4.2846680e+01
   7.1198290e+06   4.1442871e+01
   7.1279530e+06   3.8635254e+01
   7.1429470e+06   3.5705566e+01
   7.1501320e+06   3.6621094e+01
   7.1621380e+06   3.3813477e+01
   7.1621670e+06   4.3029785e+01
   7.1701870e+06   4.5288086e+01
   7.1813490e+06   3.8208008e+01
   7.1868490e+06   4.2846680e+01
   7.1932460e+06   4.4555664e+01
   7.2020380e+06   3.8635254e+01
   7.2097900e+06   3.3691406e+01
   7.2343200e+06   4.2907715e+01
   7.2872320e+06   3.9611816e+01
   7.2872890e+06   5.3833008e+01
   7.2873810e+06   4.6508789e+01
   7.2874240e+06   3.3630371e+01
   7.2874990e+06   3.8330078e+01
   7.2875150e+06   3.7902832e+01
   7.2875690e+06   3.7414551e+01
   7.2876940e+06   4.7485352e+01
   7.2877310e+06   3.4118652e+01
   7.2877520e+06   3.5949707e+01
   7.2877980e+06   3.9489746e+01
   7.2878990e+06   4.1198730e+01
   7.2880990e+06   3.4484863e+01
   7.2881680e+06   3.3203125e+01
   7.2882390e+06   4.1503906e+01
   7.2882790e+06   3.3264160e+01
   7.2883980e+06   3.6682129e+01
   7.2884840e+06   3.4667969e+01
   7.2885620e+06   3.5766602e+01
   7.2885960e+06   3.3508301e+01
   7.2888750e+06   5.5297852e+01
   7.2890460e+06   3.4790039e+01
   7.2891310e+06   3.6315918e+01
   7.2891570e+06   3.3264160e+01
   7.2893760e+06   3.3630371e+01
   7.2894020e+06   4.7241211e+01
   7.2896710e+06   3.8696289e+01
   7.2899180e+06   4.7729492e+01
   7.2901810e+06   3.5339355e+01
   7.2903060e+06   3.5827637e+01
   7.2903550e+06   3.3508301e+01
   7.2904650e+06   5.1696777e+01
   7.2904860e+06   3.3447266e+01
   7.2906220e+06   4.1381836e+01
   7.2907540e+06   4.5349121e+01
   7.2913350e+06   3.8574219e+01
   7.2914160e+06   3.3386230e+01
   7.2916360e+06   3.3630371e+01
   7.2919500e+06   3.3569336e+01
   7.2922230e+06   3.4912109e+01
   7.2922790e+06   4.4372559e+01
   7.2926330e+06   4.0771484e+01
   7.2927190e+06   3.3569336e+01
   7.2930270e+06   3.5583496e+01
   7.2934420e+06   3.5217285e+01
   7.2939270e+06   3.3203125e+01
   7.2945280e+06   4.1870117e+01
   7.2953900e+06   3.4667969e+01
   7.2965770e+06   3.5583496e+01
   7.3048770e+06   4.4128418e+01
   7.3090900e+06   3.6926270e+01
   7.3165710e+06   3.9672852e+01
   7.3376870e+06   3.9184570e+01
   7.3917990e+06   4.0100098e+01
   7.4598230e+06   4.1198730e+01
   7.4753190e+06   3.9611816e+01
   7.4776450e+06   3.4484863e+01
   7.4777750e+06   3.8085938e+01
   7.4779490e+06   3.4057617e+01
   7.4780640e+06   5.5175781e+01
   7.4781560e+06   3.7719727e+01
   7.4782250e+06   3.5949707e+01
   7.4783000e+06   3.5278320e+01
   7.4783400e+06   5.9692383e+01
   7.4783720e+06   3.3813477e+01
   7.4784260e+06   3.4118652e+01
   7.4784790e+06   3.5217285e+01
   7.4785870e+06   3.6743164e+01
   7.4786830e+06   3.4790039e+01
   7.4787050e+06   3.9245605e+01
   7.4787920e+06   4.0710449e+01
   7.4788320e+06   5.8166504e+01
   7.4790740e+06   3.8940430e+01
   7.4793040e+06   4.0649414e+01
   7.4793190e+06   3.9123535e+01
   7.4793870e+06   4.5104980e+01
   7.4795770e+06   3.3447266e+01
   7.4796600e+06   3.5888672e+01
   7.4798150e+06   3.4423828e+01
   7.4798470e+06   3.9245605e+01
   7.4801160e+06   3.7109375e+01
   7.4801530e+06   3.7719727e+01
   7.4803820e+06   4.4250488e+01
   7.4806730e+06   3.5827637e+01
   7.4809480e+06   3.8635254e+01
   7.4810350e+06   3.3691406e+01
   7.4811230e+06   3.4118652e+01
   7.4813190e+06   3.7109375e+01
   7.4816430e+06   4.3640137e+01
   7.4819440e+06   3.3264160e+01
   7.4820090e+06   4.1687012e+01
   7.4824010e+06   4.9926758e+01
   7.4828400e+06   3.8818359e+01
   7.4833550e+06   3.4179688e+01
   7.4851480e+06   3.4484863e+01
   7.4991630e+06   4.6936035e+01
   7.5110120e+06   3.9672852e+01
   7.5164790e+06   3.8146973e+01
   7.5243030e+06   3.6254883e+01
   7.5354860e+06   3.4484863e+01
   7.5446990e+06   3.4790039e+01
   7.5505840e+06   4.5593262e+01
   7.5668440e+06   3.9123535e+01
   7.5729370e+06   4.5349121e+01
   7.6175100e+06   3.8269043e+01
   7.6415110e+06   3.6254883e+01
   7.6485060e+06   4.2724609e+01
   7.6533000e+06   4.0039062e+01
   7.6840280e+06   4.1931152e+01
   7.7016160e+06   4.1931152e+01
   7.7029300e+06   3.3447266e+01
   7.7178200e+06   4.4494629e+01
   7.7371420e+06   4.1564941e+01
   7.7809000e+06   4.2663574e+01
   7.7814010e+06   3.3203125e+01
   7.7814200e+06   4.2907715e+01
   7.7815370e+06   3.4423828e+01
   7.7816020e+06   3.7597656e+01
   7.7816650e+06   3.6804199e+01
   7.7816860e+06   5.2551270e+01
   7.7819330e+06   5.0781250e+01
   7.7823890e+06   3.4179688e+01
   7.7824160e+06   5.9997559e+01
   7.7826470e+06   3.9428711e+01
   7.7828940e+06   4.4250488e+01
   7.7829890e+06   3.3691406e+01
   7.7830510e+06   3.4851074e+01
   7.7831520e+06   3.9794922e+01
   7.7832680e+06   3.5156250e+01
   7.7834070e+06   3.8940430e+01
   7.7834690e+06   3.7841797e+01
   7.7835090e+06   3.8024902e+01
   7.7836130e+06   3.3996582e+01
   7.7836870e+06   3.9306641e+01
   7.7839410e+06   4.0100098e+01
   7.7841450e+06   3.8330078e+01
   7.7841690e+06   3.3630371e+01
   7.7842110e+06   5.2307129e+01
   7.7845000e+06   4.3273926e+01
   7.7847890e+06   4.0832520e+01
   7.7850900e+06   3.4790039e+01
   7.7852570e+06   3.5766602e+01
   7.7854180e+06   3.3813477e+01
   7.7854520e+06   3.5522461e+01
   7.7857520e+06   4.4189453e+01
   7.7860790e+06   3.8513184e+01
   7.7864450e+06   3.6682129e+01
   7.7868410e+06   4.4311523e+01
   7.7873440e+06   3.9611816e+01
   7.7879920e+06   3.8146973e+01
   7.7888440e+06   3.5400391e+01
   7.7980050e+06   3.8269043e+01
   7.8008550e+06   4.4982910e+01
   7.8029750e+06   4.1015625e+01
   7.8037930e+06   3.5583496e+01
   7.8040000e+06   3.3264160e+01
   7.8041060e+06   3.9245605e+01
   7.8041610e+06   5.2856445e+01
   7.8044000e+06   3.7353516e+01
   7.8045020e+06   5.0292969e+01
   7.8046550e+06   3.3813477e+01
   7.8046920e+06   3.3508301e+01
   7.8050100e+06   3.4790039e+01
   7.8050600e+06   4.9560547e+01
   7.8053070e+06   3.4179688e+01
   7.8053460e+06   4.7363281e+01
   7.8054830e+06   3.8269043e+01
   7.8056120e+06   4.1870117e+01
   7.8059020e+06   4.3090820e+01
   7.8059470e+06   3.3935547e+01
   7.8060620e+06   3.6132812e+01
   7.8061970e+06   3.9916992e+01
   7.8065030e+06   4.8645020e+01
   7.8065290e+06   3.4240723e+01
   7.8068080e+06   3.8574219e+01
   7.8070490e+06   3.3630371e+01
   7.8071130e+06   3.8208008e+01
   7.8071400e+06   3.3813477e+01
   7.8073940e+06   3.8879395e+01
   7.8074200e+06   4.0832520e+01
   7.8077230e+06   3.4606934e+01
   7.8080780e+06   3.3386230e+01
   7.8084290e+06   3.6682129e+01
   7.8087860e+06   3.7780762e+01
   7.8091550e+06   3.4301758e+01
   7.8100550e+06   4.8461914e+01
   7.8109740e+06   3.6499023e+01
   7.8121970e+06   3.7048340e+01
   7.8232170e+06   4.2114258e+01
   7.8276120e+06   3.3508301e+01
   7.8350680e+06   4.2785645e+01
   7.8442160e+06   3.6926270e+01
   7.8528430e+06   4.9804687e+01
   8.0412590e+06   4.1931152e+01
   8.1318780e+06   5.5419922e+01
   8.1322170e+06   3.8391113e+01
   8.1322710e+06   4.5837402e+01
   8.1323100e+06   4.2907715e+01
   8.1323830e+06   4.0893555e+01
   8.1324040e+06   3.7963867e+01
   8.1325370e+06   3.5461426e+01
   8.1326810e+06   4.1503906e+01
   8.1327490e+06   3.7292480e+01
   8.1328440e+06   3.7780762e+01
   8.1328760e+06   3.5949707e+01
   8.1329740e+06   3.3935547e+01
   8.1330340e+06   3.4179688e+01
   8.1331910e+06   4.5532227e+01
   8.1334240e+06   5.2673340e+01
   8.1335100e+06   3.4912109e+01
   8.1335480e+06   3.9733887e+01
   8.1336650e+06   3.8696289e+01
   8.1338470e+06   3.5522461e+01
   8.1338940e+06   3.8574219e+01
   8.1340410e+06   3.5278320e+01
   8.1343890e+06   3.3386230e+01
   8.1346720e+06   3.5949707e+01
   8.1347160e+06   3.3996582e+01
   8.1347680e+06   3.3203125e+01
   8.1347960e+06   3.3935547e+01
   8.1349540e+06   3.7109375e+01
   8.1352380e+06   3.3752441e+01
   8.1354200e+06   3.8085938e+01
   8.1361300e+06   3.8146973e+01
   8.1364890e+06   3.9062500e+01
   8.1369000e+06   4.8950195e+01
   8.1373700e+06   3.6010742e+01
   8.1380720e+06   3.3874512e+01
   8.1395900e+06   4.1687012e+01
   8.1499520e+06   3.3630371e+01
   8.1534320e+06   4.2114258e+01
   8.1604200e+06   5.7678223e+01
   8.1617950e+06   3.4301758e+01
   8.1618210e+06   3.3325195e+01
   8.1619290e+06   3.3813477e+01
   8.1619510e+06   3.6376953e+01
   8.1619660e+06   3.4667969e+01
   8.1621240e+06   5.6335449e+01
   8.1623540e+06   3.8208008e+01
   8.1624160e+06   3.7963867e+01
   8.1624560e+06   3.7841797e+01
   8.1624770e+06   3.4362793e+01
   8.1625300e+06   3.6926270e+01
   8.1625640e+06   4.0405273e+01
   8.1627040e+06   4.2236328e+01
   8.1627290e+06   3.3569336e+01
   8.1627610e+06   4.4311523e+01
   8.1628400e+06   4.0222168e+01
   8.1629680e+06   4.6569824e+01
   8.1631120e+06   3.5034180e+01
   8.1632360e+06   4.2419434e+01
   8.1635080e+06   4.2358398e+01
   8.1636290e+06   3.4545898e+01
   8.1636630e+06   3.8024902e+01
   8.1636920e+06   3.3508301e+01
   8.1637830e+06   5.4565430e+01
   8.1639530e+06   3.5034180e+01
   8.1640760e+06   3.6865234e+01
   8.1642190e+06   3.3447266e+01
   8.1643350e+06   3.6010742e+01
   8.1643510e+06   3.8391113e+01
   8.1644820e+06   3.5400391e+01
   8.1645240e+06   3.7658691e+01
   8.1645420e+06   3.3325195e+01
   8.1646300e+06   4.0466309e+01
   8.1648640e+06   3.6621094e+01
   8.1649370e+06   4.6691895e+01
   8.1655320e+06   3.3325195e+01
   8.1655740e+06   3.3325195e+01
   8.1657630e+06   3.3508301e+01
   8.1662820e+06   4.3212891e+01
   8.1671190e+06   3.4301758e+01
   8.1680550e+06   3.6315918e+01
   8.1688620e+06   3.3874512e+01
   8.1914100e+06   3.3752441e+01
   8.2245080e+06   4.2358398e+01
   8.2450930e+06   4.9133301e+01
   8.3840920e+06   3.3813477e+01
   8.4111800e+06   3.3752441e+01
   8.4114880e+06   4.0344238e+01
   8.4117380e+06   6.7871094e+01
   8.4117700e+06   4.3273926e+01
   8.4118320e+06   3.3569336e+01
   8.4119080e+06   3.5827637e+01
   8.4119420e+06   3.6254883e+01
   8.4119940e+06   4.7302246e+01
   8.4120440e+06   3.4912109e+01
   8.4122640e+06   4.3518066e+01
   8.4123710e+06   4.0893555e+01
   8.4125280e+06   5.1574707e+01
   8.4126210e+06   3.5278320e+01
   8.4126470e+06   4.5349121e+01
   8.4127600e+06   3.7902832e+01
   8.4128480e+06   3.4545898e+01
   8.4129550e+06   3.6376953e+01
   8.4130720e+06   3.5278320e+01
   8.4132520e+06   5.6274414e+01
   8.4134900e+06   4.3579102e+01
   8.4137630e+06   3.5583496e+01
   8.4140360e+06   4.1137695e+01
   8.4140770e+06   3.3935547e+01
   8.4146220e+06   4.6936035e+01
   8.4149570e+06   5.3894043e+01
   8.4152790e+06   3.6865234e+01
   8.4156370e+06   3.8940430e+01
   8.4160570e+06   3.8208008e+01
   8.4166030e+06   3.9672852e+01
   8.4179510e+06   3.9733887e+01
   8.4311590e+06   3.4240723e+01
   8.4343820e+06   3.5034180e+01
   8.4394850e+06   4.7180176e+01
   8.4472990e+06   3.3447266e+01
   8.5149850e+06   3.9367676e+01
   8.7427590e+06   4.0771484e+01
   8.7431060e+06   3.8574219e+01
   8.7431360e+06   3.8330078e+01
   8.7432070e+06   4.2053223e+01
   8.7432170e+06   4.7302246e+01
   8.7432620e+06   6.5124512e+01
   8.7433470e+06   3.5278320e+01
   8.7433700e+06   3.3386230e+01
   8.7434010e+06   3.3996582e+01
   8.7434810e+06   6.2500000e+01
   8.7436110e+06   3.4301758e+01
   8.7437000e+06   4.8522949e+01
   8.7437760e+06   4.4006348e+01
   8.7438090e+06   4.4006348e+01
   8.7439000e+06   3.7048340e+01
   8.7439110e+06   3.6499023e+01
   8.7439830e+06   3.3386230e+01
   8.7440770e+06   3.4667969e+01
   8.7441340e+06   4.0161133e+01
   8.7443560e+06   3.7963867e+01
   8.7443740e+06   3.3752441e+01
   8.7445380e+06   3.5156250e+01
   8.7446200e+06   4.1442871e+01
   8.7446690e+06   3.3386230e+01
   8.7447260e+06   3.7841797e+01
   8.7447740e+06   3.7353516e+01
   8.7448640e+06   5.2368164e+01
   8.7451210e+06   3.9367676e+01
   8.7451790e+06   4.1137695e+01
   8.7456340e+06   5.1147461e+01
   8.7457140e+06   3.4118652e+01
   8.7458760e+06   3.4301758e+01
   8.7458970e+06   3.3386230e+01
   8.7461710e+06   5.3466797e+01
   8.7462850e+06   3.3813477e+01
   8.7464650e+06   4.5104980e+01
   8.7466990e+06   3.5217285e+01
   8.7467480e+06   3.3935547e+01
   8.7470860e+06   4.3334961e+01
   8.7474090e+06   4.2907715e+01
   8.7474190e+06   3.4362793e+01
   8.7475660e+06   3.3508301e+01
   8.7477440e+06   3.7414551e+01
   8.7481710e+06   3.9916992e+01
   8.7485940e+06   3.3447266e+01
   8.7490890e+06   4.6081543e+01
   8.7498260e+06   4.3334961e+01
   8.7511940e+06   3.7048340e+01
   8.7679700e+06   3.4362793e+01
   8.7807920e+06   4.3762207e+01
   8.7933930e+06   3.7963867e+01
   8.8045290e+06   3.5827637e+01
   8.8484110e+06   4.3395996e+01
   8.8664130e+06   4.0161133e+01
   8.9244210e+06   4.0405273e+01
   8.9380560e+06   3.7292480e+01
   8.9525770e+06   3.5278320e+01
   8.9621560e+06   4.6203613e+01
