   1.1996000e+07   0.0000000e+00
   1.9024800e+05   2.0141602e+01
   3.9468500e+05   3.9489746e+01
   3.9472500e+05   2.9968262e+01
   3.9473900e+05   2.8869629e+01
   3.9480000e+05   3.2470703e+01
   3.9482000e+05   2.4475098e+01
   3.9485200e+05   1.9287109e+01
   3.9487900e+05   1.8676758e+01
   3.9489000e+05   2.1667480e+01
   3.9502400e+05   1.8615723e+01
   3.9518800e+05   2.4536133e+01
   3.9525100e+05   2.7343750e+01
   3.9537500e+05   2.3132324e+01
   3.9645400e+05   1.9409180e+01
   3.9690500e+05   2.1667480e+01
   3.9721100e+05   1.8615723e+01
   3.9811200e+05   2.6062012e+01
   3.9842300e+05   1.9470215e+01
   3.9844600e+05   2.1423340e+01
   4.0660100e+05   1.9714355e+01
   4.0695900e+05   2.0263672e+01
   4.0700800e+05   2.3132324e+01
   4.0719500e+05   3.3752441e+01
   4.0720700e+05   2.0385742e+01
   4.0722800e+05   2.1606445e+01
   4.0726800e+05   2.7832031e+01
   4.0739900e+05   1.9592285e+01
   4.0776800e+05   1.8554688e+01
   4.0791100e+05   1.8615723e+01
   4.0812600e+05   1.8615723e+01
   4.0931600e+05   1.8554688e+01
   4.0993000e+05   2.0263672e+01
   4.1092700e+05   2.0385742e+01
   4.1149800e+05   1.8737793e+01
   4.7257100e+05   2.0935059e+01
   4.7363500e+05   2.1850586e+01
   9.4857700e+05   2.0385742e+01
   9.4859100e+05   2.1179199e+01
   9.4863300e+05   1.9104004e+01
   9.4864900e+05   3.1494141e+01
   9.4866100e+05   3.3081055e+01
   9.4868300e+05   1.8859863e+01
   9.4870100e+05   2.2521973e+01
   9.4882800e+05   2.6062012e+01
   9.4904000e+05   2.9663086e+01
   9.4918700e+05   3.1677246e+01
   9.4937300e+05   2.0996094e+01
   9.4949200e+05   1.9348145e+01
   9.4996600e+05   2.1972656e+01
   9.5085500e+05   2.0935059e+01
   9.5215500e+05   1.8432617e+01
   9.6071400e+05   1.8432617e+01
   9.6074300e+05   3.1250000e+01
   9.6076800e+05   2.1728516e+01
   9.6080300e+05   1.9958496e+01
   9.6082100e+05   2.2155762e+01
   9.6084500e+05   2.4597168e+01
   9.6090700e+05   1.8554688e+01
   9.6092100e+05   2.0385742e+01
   9.6096200e+05   2.0019531e+01
   9.6184000e+05   1.8432617e+01
   9.6211500e+05   2.1850586e+01
   9.6258200e+05   2.2033691e+01
   9.6334800e+05   2.4719238e+01
   1.0172970e+06   2.3803711e+01
   1.5951630e+06   2.8503418e+01
   1.5951870e+06   2.6367188e+01
   1.5952060e+06   2.8442383e+01
   1.5952220e+06   2.0935059e+01
   1.5952690e+06   2.8625488e+01
   1.5953510e+06   1.9104004e+01
   1.5954130e+06   2.2521973e+01
   1.5956110e+06   2.5329590e+01
   1.5966780e+06   1.9165039e+01
   1.5977090e+06   3.0944824e+01
   1.5979560e+06   1.9104004e+01
   1.5984340e+06   1.9714355e+01
   1.5984780e+06   2.1972656e+01
   1.5987820e+06   1.8615723e+01
   1.6072570e+06   2.2644043e+01
   1.6073210e+06   2.6184082e+01
   1.6073400e+06   2.3254395e+01
   1.6073860e+06   2.9418945e+01
   1.6074400e+06   1.9958496e+01
   1.6078720e+06   1.8554688e+01
   1.6086020e+06   1.8920898e+01
   1.6089200e+06   2.1179199e+01
   1.6097250e+06   2.0812988e+01
   1.6101790e+06   2.2705078e+01
   1.6106350e+06   2.2399902e+01
   1.6108550e+06   1.8676758e+01
   1.6127260e+06   1.8615723e+01
   1.9257620e+06   3.9916992e+01
   1.9257900e+06   3.0151367e+01
   1.9258050e+06   2.2583008e+01
   1.9258450e+06   2.8808594e+01
   1.9258780e+06   2.3010254e+01
   1.9259150e+06   2.6062012e+01
   1.9259770e+06   2.6672363e+01
   1.9260290e+06   2.4658203e+01
   1.9261400e+06   2.1423340e+01
   1.9279410e+06   2.0263672e+01
   1.9283710e+06   2.5024414e+01
   1.9286330e+06   2.1728516e+01
   1.9415500e+06   2.3010254e+01
   1.9415620e+06   3.0334473e+01
   1.9415910e+06   2.9052734e+01
   1.9416360e+06   2.9174805e+01
   1.9416500e+06   2.8198242e+01
   1.9416710e+06   2.2644043e+01
   1.9417280e+06   1.8615723e+01
   1.9417620e+06   1.8493652e+01
   1.9420070e+06   1.8432617e+01
   1.9420860e+06   1.9592285e+01
   1.9430160e+06   2.8503418e+01
   1.9433490e+06   1.9775391e+01
   1.9439240e+06   2.6916504e+01
   2.3531710e+06   2.8991699e+01
   2.3532280e+06   3.8024902e+01
   2.3532660e+06   3.4301758e+01
   2.3533140e+06   2.8076172e+01
   2.3533500e+06   2.0080566e+01
   2.3533820e+06   2.9724121e+01
   2.3534080e+06   2.0202637e+01
   2.3534420e+06   1.9409180e+01
   2.3535040e+06   1.9104004e+01
   2.3536750e+06   2.3559570e+01
   2.3537150e+06   2.0263672e+01
   2.3538180e+06   1.9165039e+01
   2.3541330e+06   1.8615723e+01
   2.3553960e+06   1.9592285e+01
   2.3556470e+06   2.0751953e+01
   2.3563760e+06   1.9165039e+01
   2.3643590e+06   2.0385742e+01
   2.3648470e+06   2.2216797e+01
   2.3655110e+06   1.9348145e+01
   2.3985900e+06   1.8859863e+01
   2.4007910e+06   1.9042969e+01
   2.4043650e+06   2.0202637e+01
   2.4059260e+06   2.8991699e+01
   2.4059540e+06   2.6062012e+01
   2.4059740e+06   2.0019531e+01
   2.4059960e+06   3.1921387e+01
   2.4060320e+06   1.8615723e+01
   2.4060800e+06   1.8676758e+01
   2.4061890e+06   1.9531250e+01
   2.4062390e+06   2.2338867e+01
   2.4063360e+06   2.1789551e+01
   2.4067620e+06   1.9592285e+01
   2.4069930e+06   1.8981934e+01
   2.4073080e+06   2.1667480e+01
   2.4075830e+06   2.3315430e+01
   2.4077630e+06   2.0629883e+01
   2.4080450e+06   1.9165039e+01
   2.4085500e+06   2.2827148e+01
   2.4087880e+06   1.8432617e+01
   2.4089840e+06   1.9531250e+01
   2.4090110e+06   2.0263672e+01
   3.0567840e+06   3.0517578e+01
   3.0568080e+06   2.4841309e+01
   3.0568370e+06   2.7404785e+01
   3.0568620e+06   1.8371582e+01
   3.0568750e+06   3.2287598e+01
   3.0569070e+06   2.0141602e+01
   3.0569360e+06   1.9775391e+01
   3.0569950e+06   2.4841309e+01
   3.0571920e+06   2.2216797e+01
   3.0572940e+06   2.0629883e+01
   3.0574630e+06   2.1301270e+01
   3.0579070e+06   2.0568848e+01
   3.0581610e+06   1.8981934e+01
   3.0583250e+06   1.9226074e+01
   3.0598020e+06   1.9897461e+01
   3.0598470e+06   2.1606445e+01
   3.0676760e+06   1.9165039e+01
   3.0678780e+06   2.4536133e+01
   3.0679020e+06   2.6306152e+01
   3.0679310e+06   2.2094727e+01
   3.0679620e+06   2.2766113e+01
   3.0679830e+06   2.1789551e+01
   3.0680000e+06   3.0944824e+01
   3.0680520e+06   1.9104004e+01
   3.0681980e+06   1.9897461e+01
   3.0683870e+06   2.1484375e+01
   3.0686030e+06   2.0263672e+01
   3.0688050e+06   1.9042969e+01
   3.0689240e+06   1.9714355e+01
   3.0690860e+06   2.2033691e+01
   3.0690970e+06   1.8554688e+01
   3.0695550e+06   2.0385742e+01
   3.0703710e+06   1.8981934e+01
   3.0703900e+06   1.8737793e+01
   3.0710050e+06   2.0324707e+01
   3.0833780e+06   1.8432617e+01
   3.1056490e+06   1.8798828e+01
   3.3891910e+06   2.1179199e+01
   3.6466350e+06   3.5278320e+01
   3.6466720e+06   2.4719238e+01
   3.6466840e+06   2.5207520e+01
   3.6467090e+06   2.1362305e+01
   3.6467290e+06   1.9653320e+01
   3.6467540e+06   3.2348633e+01
   3.6468090e+06   1.9775391e+01
   3.6468490e+06   1.9104004e+01
   3.6480760e+06   2.4047852e+01
   3.6500980e+06   1.8615723e+01
   3.6577910e+06   2.3254395e+01
   3.6584300e+06   3.1066895e+01
   3.6584670e+06   2.4536133e+01
   3.6585070e+06   2.3925781e+01
   3.6585320e+06   2.3742676e+01
   3.6586090e+06   1.8615723e+01
   3.6587930e+06   1.8981934e+01
   3.6590540e+06   1.8310547e+01
   3.6596840e+06   2.1789551e+01
   3.6601120e+06   2.0202637e+01
   3.6609770e+06   2.0263672e+01
   3.6610820e+06   1.8493652e+01
   3.6969060e+06   1.8310547e+01
   3.7003580e+06   1.9287109e+01
   3.7004020e+06   3.1433105e+01
   3.7004210e+06   1.8371582e+01
   3.7004520e+06   2.3193359e+01
   3.7004680e+06   3.3935547e+01
   3.7005550e+06   1.8798828e+01
   3.7006000e+06   2.2827148e+01
   3.7007120e+06   2.5756836e+01
   3.7008350e+06   2.0202637e+01
   3.7014790e+06   1.8371582e+01
   3.7016790e+06   1.8432617e+01
   3.7019480e+06   1.9042969e+01
   3.7042620e+06   1.9653320e+01
   3.9573120e+06   1.9836426e+01
   4.1347120e+06   2.4230957e+01
   4.1347690e+06   4.8950195e+01
   4.1348000e+06   2.3010254e+01
   4.1348100e+06   2.8320313e+01
   4.1348510e+06   2.8503418e+01
   4.1349090e+06   2.1362305e+01
   4.1349870e+06   1.8859863e+01
   4.1356650e+06   1.9348145e+01
   4.1360520e+06   1.8493652e+01
   4.1361420e+06   1.9714355e+01
   4.1370670e+06   1.9958496e+01
   4.1381410e+06   2.1118164e+01
   4.1463930e+06   2.0568848e+01
   4.1464260e+06   4.1931152e+01
   4.1464900e+06   3.5217285e+01
   4.1465110e+06   1.9653320e+01
   4.1465230e+06   2.3071289e+01
   4.1465620e+06   2.7404785e+01
   4.1467360e+06   2.4902344e+01
   4.1469390e+06   2.1179199e+01
   4.1470110e+06   2.0141602e+01
   4.1471770e+06   1.8371582e+01
   4.1472050e+06   1.8493652e+01
   4.1473940e+06   2.1911621e+01
   4.1489390e+06   2.1118164e+01
   4.1936000e+06   2.5817871e+01
   4.1936230e+06   2.7038574e+01
   4.1936750e+06   2.2888184e+01
   4.1936880e+06   2.3376465e+01
   4.1937120e+06   1.8493652e+01
   4.1937830e+06   2.1545410e+01
   4.1939400e+06   1.8554688e+01
   4.1941220e+06   2.0629883e+01
   4.1950380e+06   2.2644043e+01
   4.1952270e+06   1.9409180e+01
   4.1954750e+06   2.1240234e+01
   4.1954890e+06   1.9714355e+01
   4.1957250e+06   1.9470215e+01
   4.1959270e+06   1.8676758e+01
   4.6082100e+06   2.9663086e+01
   4.6082480e+06   3.0883789e+01
   4.6082700e+06   2.6123047e+01
   4.6083070e+06   2.8137207e+01
   4.6083850e+06   3.5339355e+01
   4.6084070e+06   2.1667480e+01
   4.6084240e+06   1.8432617e+01
   4.6084560e+06   1.8859863e+01
   4.6105360e+06   1.9714355e+01
   4.6137050e+06   1.8981934e+01
   4.6144530e+06   2.0751953e+01
   4.6209450e+06   3.2653809e+01
   4.6209670e+06   2.7343750e+01
   4.6210120e+06   1.9775391e+01
   4.6210330e+06   2.4597168e+01
   4.6211250e+06   2.2583008e+01
   4.6211350e+06   2.0385742e+01
   4.6215050e+06   2.0202637e+01
   4.6216310e+06   2.3559570e+01
   4.6217660e+06   1.9165039e+01
   4.6219990e+06   1.9042969e+01
   4.6222520e+06   2.0874023e+01
   4.6224110e+06   1.9287109e+01
   4.6236150e+06   2.0935059e+01
   4.6243490e+06   1.8676758e+01
   4.7924490e+06   1.8554688e+01
   4.8699290e+06   1.9165039e+01
   5.0139990e+06   2.1301270e+01
   5.0141470e+06   3.2287598e+01
   5.0141830e+06   3.1677246e+01
   5.0142220e+06   2.8991699e+01
   5.0143070e+06   2.1667480e+01
   5.0143180e+06   2.1057129e+01
   5.0143840e+06   1.9409180e+01
   5.0152110e+06   1.8493652e+01
   5.0157210e+06   1.9531250e+01
   5.0158790e+06   1.9775391e+01
   5.0269280e+06   3.1127930e+01
   5.0270020e+06   2.6306152e+01
   5.0270130e+06   2.2949219e+01
   5.0270460e+06   2.2949219e+01
   5.0270600e+06   2.2827148e+01
   5.0271130e+06   1.9042969e+01
   5.0271350e+06   1.8798828e+01
   5.0275240e+06   1.8676758e+01
   5.0279790e+06   2.7160645e+01
   5.0281930e+06   3.1127930e+01
   5.0284730e+06   2.0812988e+01
   5.0289650e+06   1.9775391e+01
   5.0297580e+06   1.9348145e+01
   5.0845800e+06   1.8798828e+01
   5.0934640e+06   2.2399902e+01
   5.0935080e+06   2.5878906e+01
   5.0935440e+06   2.0324707e+01
   5.0935550e+06   2.8381348e+01
   5.0936270e+06   2.1789551e+01
   5.0936610e+06   2.2277832e+01
   5.0936940e+06   2.0019531e+01
   5.0938490e+06   2.5878906e+01
   5.0955010e+06   1.9348145e+01
   5.0957640e+06   1.9653320e+01
   5.0965360e+06   1.8920898e+01
   5.3900590e+06   1.8676758e+01
   5.3988580e+06   2.0996094e+01
   5.4535120e+06   2.2155762e+01
   5.4536280e+06   3.6071777e+01
   5.4536550e+06   1.9714355e+01
   5.4536760e+06   2.7465820e+01
   5.4537120e+06   2.2277832e+01
   5.4537400e+06   2.5329590e+01
   5.4538000e+06   1.9042969e+01
   5.4538960e+06   2.0019531e+01
   5.4540970e+06   2.0141602e+01
   5.4550580e+06   2.2827148e+01
   5.4555530e+06   1.9348145e+01
   5.4559780e+06   1.9165039e+01
   5.4567560e+06   1.8859863e+01
   5.4570660e+06   1.8432617e+01
   5.4573960e+06   1.8798828e+01
   5.4666240e+06   1.9836426e+01
   5.4673390e+06   2.1362305e+01
   5.4673770e+06   3.6071777e+01
   5.4673940e+06   2.6550293e+01
   5.4674390e+06   2.4719238e+01
   5.4674540e+06   2.2827148e+01
   5.4675260e+06   2.2460938e+01
   5.4675480e+06   1.8615723e+01
   5.4675670e+06   2.0690918e+01
   5.4676770e+06   1.8310547e+01
   5.4678880e+06   2.3376465e+01
   5.4683160e+06   2.5695801e+01
   5.4685240e+06   1.8371582e+01
   5.4685670e+06   1.8981934e+01
   5.4690330e+06   1.9592285e+01
   5.4690560e+06   1.9836426e+01
   5.7084150e+06   2.0324707e+01
   5.8721610e+06   1.8676758e+01
   6.1351080e+06   2.1362305e+01
   6.2165790e+06   1.8798828e+01
   6.2243720e+06   1.9226074e+01
   6.3125410e+06   3.9489746e+01
   6.3125570e+06   1.9836426e+01
   6.3125760e+06   2.4902344e+01
   6.3125900e+06   2.8503418e+01
   6.3126330e+06   3.5949707e+01
   6.3126760e+06   2.3010254e+01
   6.3143830e+06   1.8249512e+01
   6.3155920e+06   1.9470215e+01
   6.3156040e+06   1.9958496e+01
   6.3158840e+06   1.8066406e+01
   6.3320670e+06   2.7587891e+01
   6.3320850e+06   2.2338867e+01
   6.3321140e+06   1.9897461e+01
   6.3321490e+06   4.0466309e+01
   6.3321590e+06   1.8859863e+01
   6.3322280e+06   1.9775391e+01
   6.3322550e+06   2.2521973e+01
   6.3326410e+06   1.8981934e+01
   6.3328090e+06   1.8798828e+01
   6.3338730e+06   2.2216797e+01
   6.3344390e+06   2.2460938e+01
   6.3358130e+06   2.0751953e+01
   6.3692540e+06   1.9104004e+01
   6.3695030e+06   1.9836426e+01
   6.3706640e+06   1.9592285e+01
   6.3712020e+06   3.5156250e+01
   6.3712140e+06   3.4240723e+01
   6.3712650e+06   3.7231445e+01
   6.3712780e+06   2.2583008e+01
   6.3713120e+06   2.0080566e+01
   6.3714250e+06   1.9836426e+01
   6.3719700e+06   1.8920898e+01
   6.3721240e+06   2.0324707e+01
   6.3722220e+06   1.8249512e+01
   6.3727120e+06   2.4353027e+01
   6.3732940e+06   1.8493652e+01
   6.7852440e+06   2.3193359e+01
   6.8028390e+06   1.8859863e+01
   6.8073360e+06   2.0080566e+01
   6.8148890e+06   1.9104004e+01
   6.8335810e+06   1.8554688e+01
   6.9573770e+06   2.0385742e+01
   6.9662830e+06   4.2480469e+01
   6.9663080e+06   3.0212402e+01
   6.9663490e+06   3.7231445e+01
   6.9663890e+06   1.9104004e+01
   6.9664050e+06   2.6245117e+01
   6.9664450e+06   2.3376465e+01
   6.9689180e+06   1.8920898e+01
   6.9692840e+06   1.9653320e+01
   6.9701000e+06   1.8127441e+01
   6.9748740e+06   1.8798828e+01
   6.9883270e+06   2.1484375e+01
   6.9883460e+06   3.2348633e+01
   6.9883980e+06   4.6142578e+01
   6.9884170e+06   1.8188477e+01
   6.9884440e+06   1.8188477e+01
   6.9885020e+06   1.8371582e+01
   6.9889190e+06   2.1850586e+01
   6.9891310e+06   1.9531250e+01
   6.9901930e+06   1.9165039e+01
   6.9903670e+06   2.1118164e+01
   6.9905630e+06   1.8371582e+01
   6.9908560e+06   2.3681641e+01
   6.9912120e+06   1.9348145e+01
   6.9912510e+06   2.1240234e+01
   6.9927760e+06   1.9287109e+01
   7.2592150e+06   1.9226074e+01
   7.3034410e+06   2.0324707e+01
   7.3200750e+06   1.9409180e+01
   7.3831410e+06   1.8798828e+01
   7.4338250e+06   2.3193359e+01
   7.4985640e+06   2.0263672e+01
   7.5121650e+06   1.8249512e+01
   7.5462340e+06   2.4108887e+01
   7.6503680e+06   2.4719238e+01
   7.6503790e+06   2.5573730e+01
   7.6504020e+06   3.1066895e+01
   7.6504130e+06   2.5695801e+01
   7.6504530e+06   3.3569336e+01
   7.6504830e+06   1.8432617e+01
   7.6505280e+06   1.9165039e+01
   7.6505520e+06   2.1057129e+01
   7.6506860e+06   2.3986816e+01
   7.6528300e+06   1.8737793e+01
   7.6711290e+06   2.7221680e+01
   7.6711470e+06   3.2226562e+01
   7.6712200e+06   3.2409668e+01
   7.6712300e+06   3.3996582e+01
   7.6713110e+06   1.9531250e+01
   7.6713320e+06   2.8076172e+01
   7.6713520e+06   1.8066406e+01
   7.6717510e+06   2.6733398e+01
   7.6718870e+06   2.2338867e+01
   7.6724750e+06   2.0202637e+01
   7.6728550e+06   2.3132324e+01
   7.6730120e+06   1.8859863e+01
   7.7252680e+06   1.8188477e+01
   7.7253330e+06   2.9418945e+01
   7.7253590e+06   2.2644043e+01
   7.7253910e+06   2.1606445e+01
   7.7254120e+06   2.2949219e+01
   7.7254330e+06   2.7343750e+01
   7.7255170e+06   1.8676758e+01
   7.7255270e+06   2.0874023e+01
   7.7256360e+06   1.9592285e+01
   7.7258230e+06   1.8554688e+01
   7.7265910e+06   1.8737793e+01
   8.0459110e+06   1.8432617e+01
   8.0459240e+06   3.1372070e+01
   8.0459480e+06   2.6977539e+01
   8.0459590e+06   2.8686523e+01
   8.0459900e+06   2.7465820e+01
   8.0460040e+06   2.1118164e+01
   8.0460940e+06   2.1911621e+01
   8.0461130e+06   1.8066406e+01
   8.0471530e+06   2.0935059e+01
   8.0476830e+06   2.0690918e+01
   8.0490640e+06   1.9775391e+01
   8.0495980e+06   1.8127441e+01
   8.0592330e+06   2.0751953e+01
   8.0604400e+06   3.0822754e+01
   8.0604650e+06   1.8188477e+01
   8.0605030e+06   2.1667480e+01
   8.0605250e+06   2.9724121e+01
   8.0605350e+06   2.0263672e+01
   8.0605830e+06   2.1301270e+01
   8.0606230e+06   2.0324707e+01
   8.0609720e+06   2.1240234e+01
   8.0613210e+06   1.8188477e+01
   8.0616310e+06   2.0507812e+01
   8.0617290e+06   1.9165039e+01
   8.0618950e+06   2.0751953e+01
   8.0622780e+06   2.1667480e+01
   8.0628640e+06   1.8493652e+01
   8.0631390e+06   2.3681641e+01
   8.0921280e+06   2.1118164e+01
   8.0928910e+06   1.8920898e+01
   8.1115880e+06   2.1911621e+01
   8.3818660e+06   1.9653320e+01
   8.4649330e+06   1.8310547e+01
   8.6048770e+06   1.9348145e+01
   8.6081820e+06   2.4536133e+01
   8.6091660e+06   2.8198242e+01
   8.6091790e+06   3.2104492e+01
   8.6092010e+06   2.1118164e+01
   8.6092410e+06   1.9531250e+01
   8.6093070e+06   2.1118164e+01
   8.6110520e+06   1.9531250e+01
   8.6113820e+06   1.8920898e+01
   8.6121070e+06   2.0324707e+01
   8.6288500e+06   3.5217285e+01
   8.6289030e+06   3.1799316e+01
   8.6289630e+06   1.8249512e+01
   8.6293060e+06   2.2033691e+01
   8.6294140e+06   2.4414062e+01
   8.6295630e+06   1.8615723e+01
   8.6296390e+06   1.9226074e+01
   8.6301560e+06   2.1057129e+01
   8.6316200e+06   1.8127441e+01
   8.9889980e+06   1.8798828e+01
   8.9975790e+06   1.9409180e+01
   9.0618100e+06   1.8432617e+01
   9.0619660e+06   3.3752441e+01
   9.0619840e+06   2.0568848e+01
   9.0620050e+06   2.8198242e+01
   9.0620200e+06   2.9418945e+01
   9.0620660e+06   1.9470215e+01
   9.0621060e+06   1.9104004e+01
   9.0647150e+06   1.8859863e+01
   9.0743250e+06   3.2165527e+01
   9.0743620e+06   2.8930664e+01
   9.0743750e+06   2.1667480e+01
   9.0744010e+06   2.3010254e+01
   9.0744190e+06   3.5461426e+01
   9.0744840e+06   2.4597168e+01
   9.0751560e+06   1.8981934e+01
   9.0753850e+06   1.9104004e+01
   9.0755130e+06   1.8676758e+01
   9.0757120e+06   2.0507812e+01
   9.0764820e+06   1.8310547e+01
   9.0774170e+06   2.0751953e+01
   9.1620220e+06   1.9653320e+01
   9.3427470e+06   1.8493652e+01
   9.3761060e+06   1.9714355e+01
   9.3762220e+06   4.5288086e+01
   9.3762500e+06   2.2766113e+01
   9.3762630e+06   1.9836426e+01
   9.3762890e+06   2.1240234e+01
   9.3763050e+06   2.4291992e+01
   9.3763290e+06   2.1484375e+01
   9.3763750e+06   2.0080566e+01
   9.3763990e+06   2.2521973e+01
   9.3775620e+06   2.0935059e+01
   9.3787920e+06   1.9348145e+01
   9.3895550e+06   2.9785156e+01
   9.3896200e+06   3.4423828e+01
   9.3896920e+06   2.0690918e+01
   9.3899180e+06   2.0751953e+01
   9.3899830e+06   1.8493652e+01
   9.3902940e+06   1.8371582e+01
   9.3903750e+06   2.3864746e+01
   9.3906890e+06   2.4169922e+01
   9.4335890e+06   2.0080566e+01
   9.4609210e+06   2.0324707e+01
   9.6849190e+06   3.5400391e+01
   9.6849660e+06   3.7902832e+01
   9.6849780e+06   1.8554688e+01
   9.6850020e+06   2.1118164e+01
   9.6850170e+06   2.4353027e+01
   9.6850890e+06   2.0141602e+01
   9.6851160e+06   2.1484375e+01
   9.7009740e+06   1.8249512e+01
   9.7011000e+06   3.0578613e+01
   9.7011280e+06   2.7954102e+01
   9.7011520e+06   2.0568848e+01
   9.7011790e+06   2.8015137e+01
   9.7012250e+06   1.8310547e+01
   9.7012490e+06   2.0874023e+01
   9.7013020e+06   1.8432617e+01
   9.7013490e+06   1.8249512e+01
   9.7015720e+06   2.1240234e+01
   9.7017560e+06   1.8371582e+01
   9.7021480e+06   2.1667480e+01
   9.7032300e+06   2.3376465e+01
   9.9541820e+06   1.9531250e+01
   9.9608440e+06   1.8676758e+01
   9.9892320e+06   1.9470215e+01
   1.0084701e+07   2.0629883e+01
   1.0095324e+07   1.8981934e+01
   1.0132518e+07   1.8310547e+01
   1.0303028e+07   1.8493652e+01
   1.0442392e+07   3.3813477e+01
   1.0442410e+07   2.4841309e+01
   1.0442428e+07   2.0141602e+01
   1.0442441e+07   2.2949219e+01
   1.0442470e+07   2.6062012e+01
   1.0442483e+07   1.8981934e+01
   1.0442526e+07   1.8798828e+01
   1.0453613e+07   2.3254395e+01
   1.0453624e+07   2.3803711e+01
   1.0453686e+07   2.8076172e+01
   1.0453788e+07   1.8554688e+01
   1.0454132e+07   2.0324707e+01
   1.0454358e+07   1.8676758e+01
   1.0533010e+07   3.9733887e+01
   1.0533044e+07   3.0151367e+01
   1.0533073e+07   2.2766113e+01
   1.0533085e+07   3.5888672e+01
   1.0533235e+07   1.9165039e+01
   1.0534812e+07   1.8371582e+01
   1.0580058e+07   3.2958984e+01
   1.0580085e+07   2.4475098e+01
   1.0580126e+07   3.6437988e+01
   1.0580164e+07   1.9592285e+01
   1.0580216e+07   2.4230957e+01
   1.0580335e+07   1.8432617e+01
   1.0580930e+07   1.8249512e+01
   1.0581204e+07   1.9775391e+01
   1.0582485e+07   2.0141602e+01
   1.0582906e+07   1.8615723e+01
   1.0584465e+07   1.8493652e+01
   1.0585533e+07   1.9165039e+01
   1.0616210e+07   2.7648926e+01
   1.0616221e+07   3.8879395e+01
   1.0616305e+07   3.1372070e+01
   1.0616316e+07   2.3803711e+01
   1.0616390e+07   2.2521973e+01
   1.0616428e+07   2.0996094e+01
   1.0616482e+07   1.9714355e+01
   1.0621756e+07   1.8676758e+01
   1.0661713e+07   3.1372070e+01
   1.0661730e+07   2.8198242e+01
   1.0661776e+07   3.9367676e+01
   1.0661787e+07   2.0324707e+01
   1.0661968e+07   2.1606445e+01
   1.0662778e+07   1.9348145e+01
   1.0663089e+07   1.9470215e+01
   1.0664240e+07   2.2338867e+01
   1.0665068e+07   1.8493652e+01
   1.0707112e+07   3.4545898e+01
   1.0707133e+07   1.8798828e+01
   1.0707175e+07   2.4230957e+01
   1.0707198e+07   2.8686523e+01
   1.0708069e+07   1.8676758e+01
   1.0710488e+07   1.8920898e+01
   1.0752623e+07   2.2521973e+01
   1.0753179e+07   2.2888184e+01
   1.0753258e+07   2.1667480e+01
   1.0753270e+07   4.0649414e+01
   1.0753309e+07   1.9470215e+01
   1.0753323e+07   3.1616211e+01
   1.0753341e+07   1.8981934e+01
   1.0753359e+07   2.1362305e+01
   1.0753389e+07   2.2644043e+01
   1.0753412e+07   1.8737793e+01
   1.0754566e+07   2.2155762e+01
   1.0756163e+07   2.0812988e+01
   1.0841209e+07   3.3325195e+01
   1.0841231e+07   2.7709961e+01
   1.0841272e+07   2.7221680e+01
   1.0841283e+07   2.1789551e+01
   1.0841341e+07   2.3132324e+01
   1.0841378e+07   2.4047852e+01
   1.0841403e+07   2.5512695e+01
   1.0843232e+07   1.9470215e+01
   1.1061654e+07   1.8432617e+01
   1.1297958e+07   1.9592285e+01
   1.1328540e+07   2.0385742e+01
   1.1572456e+07   3.5766602e+01
   1.1572484e+07   2.9479980e+01
   1.1572511e+07   4.1015625e+01
   1.1572538e+07   2.0996094e+01
   1.1572694e+07   2.4414062e+01
   1.1572743e+07   1.8981934e+01
   1.1573214e+07   2.0568848e+01
   1.1575948e+07   2.0263672e+01
   1.1583771e+07   2.8320312e+01
   1.1583783e+07   2.8747559e+01
   1.1583837e+07   3.5339355e+01
   1.1583854e+07   2.0080566e+01
   1.1584826e+07   2.0019531e+01
   1.1735331e+07   1.8432617e+01
   1.1735355e+07   3.0029297e+01
   1.1735388e+07   2.8442383e+01
   1.1735423e+07   2.1789551e+01
   1.1735436e+07   2.8442383e+01
   1.1735457e+07   1.8371582e+01
   1.1735484e+07   2.0385742e+01
   1.1735558e+07   1.8737793e+01
   1.1735589e+07   2.1484375e+01
   1.1736695e+07   2.0202637e+01
   1.1738440e+07   1.8981934e+01
   1.1751949e+07   1.9348145e+01
   1.1752006e+07   2.5390625e+01
   1.1752032e+07   2.8076172e+01
   1.1752081e+07   2.4414062e+01
   1.1752094e+07   2.0080566e+01
   1.1752104e+07   1.9531250e+01
   1.1752165e+07   1.8798828e+01
   1.1752202e+07   2.0507812e+01
   1.1752514e+07   1.9775391e+01
   1.1752585e+07   2.0446777e+01
   1.1752777e+07   2.4719238e+01
   1.1752868e+07   1.8432617e+01
   1.1753830e+07   1.8432617e+01
   1.1754339e+07   1.9714355e+01
   1.1819987e+07   3.4118652e+01
   1.1820033e+07   2.7160645e+01
   1.1820043e+07   2.7587891e+01
   1.1820080e+07   2.3986816e+01
   1.1820130e+07   1.8554688e+01
