   1.1996000e+07   0.0000000e+00
   1.5619000e+04   7.1533203e+01
   1.5682000e+04   7.1044922e+01
   1.6192000e+04   5.6701660e+01
   1.6563000e+04   6.7382813e+01
   1.6775000e+04   6.4331055e+01
   1.7068000e+04   6.6101074e+01
   1.7382000e+04   6.7932129e+01
   1.7662000e+04   6.7016602e+01
   1.8001000e+04   6.5307617e+01
   1.8509000e+04   6.0791016e+01
   2.7211000e+04   6.7871094e+01
   2.7289000e+04   6.2561035e+01
   2.7422000e+04   7.2570801e+01
   2.7698000e+04   6.9213867e+01
   2.7886000e+04   6.7626953e+01
   2.8066000e+04   6.7443848e+01
   2.8310000e+04   6.3781738e+01
   2.8660000e+04   6.3110352e+01
   2.8951000e+04   6.6345215e+01
   2.9372000e+04   6.5856934e+01
   4.3541000e+04   6.9519043e+01
   4.3636000e+04   6.1218262e+01
   4.3916000e+04   6.4208984e+01
   4.4220000e+04   6.4025879e+01
   4.4558000e+04   6.3598633e+01
   4.4890000e+04   6.8969727e+01
   4.5301000e+04   6.8664551e+01
   4.5783000e+04   6.5856934e+01
   4.6443000e+04   6.4697266e+01
   4.7238000e+04   6.8664551e+01
   8.4901000e+04   6.5856934e+01
   8.5045000e+04   6.6040039e+01
   8.5309000e+04   6.0668945e+01
   8.5792000e+04   6.3659668e+01
   8.6191000e+04   5.9387207e+01
   1.9525110e+06   7.0556641e+01
   1.9525710e+06   6.4392090e+01
   1.9533600e+06   4.9072266e+01
   1.9535940e+06   6.5307617e+01
   1.9538790e+06   6.4514160e+01
   1.9542380e+06   6.0974121e+01
   1.9546240e+06   6.0485840e+01
   1.9706110e+06   5.5725098e+01
   1.9706500e+06   1.6601562e+01
   1.9706920e+06   5.8715820e+01
   1.9708210e+06   7.2753906e+01
   1.9712140e+06   5.7922363e+01
   1.9714650e+06   6.2316895e+01
   1.9718430e+06   6.5246582e+01
   1.9722260e+06   6.5368652e+01
   1.9726270e+06   6.9885254e+01
   1.9733740e+06   5.8532715e+01
   2.0334110e+06   7.2021484e+01
   2.0334870e+06   6.3476563e+01
   2.0340240e+06   5.6213379e+01
   2.0342920e+06   6.6528320e+01
   2.0346130e+06   5.9143066e+01
   2.0350050e+06   6.0791016e+01
   2.0355130e+06   6.4453125e+01
   2.7142050e+06   6.9702148e+01
   2.7142710e+06   6.3598633e+01
   2.7146000e+06   6.0180664e+01
   2.7147730e+06   6.3659668e+01
   2.7150310e+06   6.1218262e+01
   2.7153460e+06   6.2988281e+01
   2.7156360e+06   6.3232422e+01
   2.7161880e+06   6.3537598e+01
   2.7248430e+06   6.8664551e+01
   2.7249420e+06   6.5002441e+01
   2.7250960e+06   6.5429688e+01
   2.7254350e+06   6.6345215e+01
   2.7257660e+06   6.5734863e+01
   2.7260450e+06   6.9458008e+01
   2.7263700e+06   6.4514160e+01
   2.7268500e+06   6.0180664e+01
   2.7274300e+06   6.4331055e+01
   3.2202250e+06   6.8176270e+01
   3.2202880e+06   7.0556641e+01
   3.2203860e+06   6.9091797e+01
   3.2206810e+06   5.8044434e+01
   3.2208520e+06   6.7138672e+01
   3.2211530e+06   6.0668945e+01
   3.2214490e+06   6.1218262e+01
   3.2330330e+06   6.0974121e+01
   3.2331020e+06   6.1828613e+01
   3.2331570e+06   1.6906738e+01
   3.2332660e+06   6.1157227e+01
   3.2334860e+06   6.3781738e+01
   3.2336940e+06   6.5307617e+01
   3.2340040e+06   6.4086914e+01
   3.2343130e+06   6.0180664e+01
   3.2350950e+06   6.3354492e+01
   3.2879850e+06   7.0129395e+01
   3.2880570e+06   6.6223145e+01
   3.2882230e+06   6.0607910e+01
   3.2884130e+06   6.4392090e+01
   3.2886350e+06   6.7077637e+01
   3.2889350e+06   5.7983398e+01
   3.5944440e+06   1.7089844e+01
   3.6561310e+06   1.6235352e+01
   4.4058540e+06   6.8420410e+01
   4.4059190e+06   6.8969727e+01
   4.4061140e+06   6.0485840e+01
   4.4066240e+06   5.8410645e+01
   4.4068040e+06   6.7077637e+01
   4.4070440e+06   6.2438965e+01
   4.4073880e+06   6.4880371e+01
   4.4078220e+06   6.0913086e+01
   4.4182680e+06   6.1218262e+01
   4.4183520e+06   6.9885254e+01
   4.4188070e+06   5.8410645e+01
   4.4190300e+06   6.7504883e+01
   4.4192880e+06   5.7800293e+01
   4.4195330e+06   4.0832520e+01
   4.4515600e+06   7.1533203e+01
   4.4516460e+06   6.5002441e+01
   4.4518220e+06   6.4025879e+01
   4.4521280e+06   6.0668945e+01
   4.4525060e+06   6.4636230e+01
   5.1509880e+06   7.1472168e+01
   5.1510580e+06   6.4880371e+01
   5.1511420e+06   6.7810059e+01
   5.1513430e+06   6.1950684e+01
   5.1517640e+06   5.6091309e+01
   5.1613350e+06   7.2265625e+01
   5.1614120e+06   6.7932129e+01
   5.1615270e+06   6.9152832e+01
   5.1618170e+06   6.2072754e+01
   5.1620340e+06   6.5368652e+01
   5.1622450e+06   6.4025879e+01
   5.1624570e+06   6.8054199e+01
   5.1628810e+06   6.4575195e+01
   5.1634050e+06   6.1340332e+01
   5.2143190e+06   7.0373535e+01
   5.2143890e+06   6.4697266e+01
   5.2144870e+06   6.6772461e+01
   5.2148440e+06   5.9631348e+01
   5.2151360e+06   6.4819336e+01
   5.2155750e+06   6.2133789e+01
   5.8197050e+06   7.7331543e+01
   5.8197750e+06   6.9152832e+01
   5.8198470e+06   7.1350098e+01
   5.8199450e+06   6.6833496e+01
   5.8201100e+06   6.5368652e+01
   5.8202770e+06   4.7424316e+01
   5.8207090e+06   6.2500000e+01
   5.8209990e+06   6.5673828e+01
   5.8322720e+06   7.1777344e+01
   5.8323420e+06   6.0852051e+01
   5.8324710e+06   6.6589355e+01
   5.8327240e+06   6.4270020e+01
   5.8329720e+06   6.3842773e+01
   5.8331970e+06   6.2805176e+01
   5.8334350e+06   6.4941406e+01
   5.8337210e+06   6.4086914e+01
   5.8871380e+06   6.6467285e+01
   5.8872080e+06   6.9702148e+01
   5.8873070e+06   6.0119629e+01
   5.8875190e+06   6.3110352e+01
   5.8877200e+06   5.8593750e+01
   5.8879550e+06   6.6894531e+01
   5.8882110e+06   6.1828613e+01
   5.8885710e+06   6.0241699e+01
   6.4514340e+06   1.6235352e+01
   7.3155590e+06   7.2631836e+01
   7.3156210e+06   6.7687988e+01
   7.3156920e+06   7.0068359e+01
   7.3164320e+06   5.4870605e+01
   7.3166810e+06   3.8940430e+01
   7.3169390e+06   6.1035156e+01
   7.3275110e+06   6.3842773e+01
   7.3276040e+06   6.8359375e+01
   7.3277800e+06   6.3781738e+01
   7.3279290e+06   6.7993164e+01
   7.3281540e+06   6.1950684e+01
   7.3283920e+06   6.3598633e+01
   7.3286000e+06   6.4392090e+01
   7.3288680e+06   7.0312500e+01
   7.3291900e+06   5.8593750e+01
   7.3765070e+06   1.6723633e+01
   7.3765550e+06   5.8532715e+01
   7.3766200e+06   6.4880371e+01
   7.3767270e+06   6.6406250e+01
   7.3768540e+06   6.8542480e+01
   7.3770480e+06   6.9152832e+01
   7.3772040e+06   6.4392090e+01
   7.3774170e+06   6.3659668e+01
   7.3776680e+06   5.9875488e+01
   7.3779260e+06   6.2072754e+01
   7.3782140e+06   6.5063477e+01
   8.1317550e+06   7.2143555e+01
   8.1318120e+06   6.5490723e+01
   8.1326170e+06   5.9692383e+01
   8.1328440e+06   6.6894531e+01
   8.1332130e+06   5.9570313e+01
   8.1437850e+06   6.2438965e+01
   8.1438570e+06   6.6345215e+01
   8.1439630e+06   6.4331055e+01
   8.1442360e+06   6.4086914e+01
   8.1444240e+06   6.6467285e+01
   8.1446530e+06   6.4147949e+01
   8.1449600e+06   6.5917969e+01
   8.1455430e+06   6.2133789e+01
   8.2015880e+06   6.9152832e+01
   8.2016580e+06   6.5856934e+01
   8.2017430e+06   6.7871094e+01
   8.2020930e+06   6.1096191e+01
   8.2023400e+06   6.1401367e+01
   8.2025550e+06   6.6894531e+01
   8.2028560e+06   6.3720703e+01
   9.0614340e+06   6.4453125e+01
   9.0614960e+06   6.4086914e+01
   9.0616000e+06   6.5979004e+01
   9.0625340e+06   5.7678223e+01
   9.0627860e+06   6.2500000e+01
   9.0735110e+06   6.4575195e+01
   9.0735870e+06   7.1166992e+01
   9.0737110e+06   6.2377930e+01
   9.0738530e+06   6.5856934e+01
   9.0741130e+06   6.2316895e+01
   9.0742960e+06   6.6589355e+01
   9.0745400e+06   6.7932129e+01
   9.0748140e+06   6.5795898e+01
   9.0751230e+06   6.5002441e+01
   9.6644500e+06   7.0007324e+01
   1.0013280e+07   6.9519043e+01
   1.0013338e+07   6.4880371e+01
   1.0014439e+07   5.6030273e+01
   1.0014643e+07   6.2561035e+01
   1.0037772e+07   3.6987305e+01
   1.0037835e+07   6.4392090e+01
   1.0038072e+07   5.9875488e+01
   1.0038243e+07   6.4636230e+01
   1.0038410e+07   6.3781738e+01
   1.0038664e+07   6.2255859e+01
   1.0038905e+07   6.4819336e+01
   1.0039143e+07   6.3354492e+01
   1.0088079e+07   6.3964844e+01
   1.0088164e+07   6.1462402e+01
   1.0088258e+07   6.6528320e+01
   1.0088390e+07   6.3598633e+01
   1.0088555e+07   6.6528320e+01
   1.0088732e+07   6.3415527e+01
   1.0089051e+07   6.1340332e+01
   1.0089354e+07   5.8715820e+01
   1.0875744e+07   6.6711426e+01
   1.0875799e+07   6.7199707e+01
   1.0876923e+07   5.4443359e+01
   1.0892686e+07   6.5795898e+01
   1.0892768e+07   6.7138672e+01
   1.0892878e+07   7.1411133e+01
   1.0893068e+07   6.4392090e+01
   1.0893231e+07   6.3781738e+01
   1.0893413e+07   6.1584473e+01
   1.0893638e+07   6.4697266e+01
   1.0893916e+07   6.6101074e+01
   1.0945090e+07   6.4819336e+01
   1.0945175e+07   6.9946289e+01
   1.0945264e+07   6.6223145e+01
   1.0945416e+07   6.3415527e+01
   1.0945547e+07   6.5856934e+01
   1.0945803e+07   5.8959961e+01
   1.0946056e+07   5.8471680e+01
   1.0990866e+07   5.9509277e+01
   1.0990949e+07   6.6162109e+01
   1.0991053e+07   5.4748535e+01
   1.0991332e+07   6.1401367e+01
   1.0991527e+07   5.8837891e+01
   1.0991817e+07   5.8471680e+01
   1.0992110e+07   6.4453125e+01
   1.1013459e+07   6.9213867e+01
   1.1013537e+07   6.3964844e+01
   1.1013699e+07   5.9082031e+01
   1.1013894e+07   6.0791016e+01
   1.1014266e+07   5.5175781e+01
   1.1035905e+07   6.5612793e+01
   1.1035992e+07   5.9570312e+01
   1.1036121e+07   6.2072754e+01
   1.1036405e+07   6.2805176e+01
   1.1036691e+07   6.3110352e+01
   1.1058519e+07   5.9753418e+01
   1.1058646e+07   6.2072754e+01
   1.1058782e+07   6.4575195e+01
   1.1059059e+07   6.4208984e+01
   1.1083130e+07   6.1157227e+01
   1.1083245e+07   6.5856934e+01
   1.1083438e+07   5.9509277e+01
   1.1083716e+07   6.3415527e+01
   1.1106687e+07   6.4453125e+01
   1.1106802e+07   6.7199707e+01
   1.1106979e+07   6.1889648e+01
   1.1107222e+07   5.9631348e+01
   1.1130889e+07   6.4086914e+01
   1.1130998e+07   6.2927246e+01
   1.1131184e+07   6.2500000e+01
   1.1131453e+07   5.7800293e+01
   1.1144349e+07   6.5307617e+01
   1.1155751e+07   6.5551758e+01
   1.1155875e+07   6.3537598e+01
   1.1156058e+07   6.7810059e+01
   1.1181452e+07   6.8115234e+01
   1.1181586e+07   6.8359375e+01
   1.1181757e+07   5.8898926e+01
   1.1206639e+07   6.8176270e+01
   1.1206779e+07   6.3293457e+01
   1.1207011e+07   6.0363770e+01
   1.1229097e+07   6.5917969e+01
   1.1229235e+07   6.0852051e+01
   1.1229506e+07   5.1147461e+01
   1.1253139e+07   5.6945801e+01
   1.1253267e+07   6.2988281e+01
   1.1253595e+07   5.3527832e+01
   1.1279546e+07   6.1523438e+01
   1.1279660e+07   6.7016602e+01
   1.1279981e+07   5.6213379e+01
   1.1312671e+07   6.3903809e+01
   1.1312879e+07   6.2316895e+01
   1.1313253e+07   5.8166504e+01
