   1.1996000e+07   0.0000000e+00
   5.5733000e+04   4.1687012e+01
   5.5821000e+04   3.8513184e+01
   5.5880000e+04   3.8391113e+01
   5.5956000e+04   4.9194336e+01
   5.5972000e+04   4.4921875e+01
   5.6035000e+04   5.2673340e+01
   5.6045000e+04   5.4687500e+01
   5.6078000e+04   5.1757812e+01
   5.6209000e+04   7.1044922e+01
   5.6228000e+04   4.0405273e+01
   5.6278000e+04   4.5715332e+01
   5.6353000e+04   4.6264648e+01
   5.6512000e+04   4.0161133e+01
   5.6587000e+04   4.3579102e+01
   5.6717000e+04   3.8940430e+01
   5.6767000e+04   4.1381836e+01
   5.6851000e+04   5.2062988e+01
   5.6863000e+04   3.9855957e+01
   5.7028000e+04   4.2053223e+01
   5.7236000e+04   4.5837402e+01
   5.8078000e+04   3.8635254e+01
   1.3794400e+05   3.6987305e+01
   1.8815600e+05   3.9550781e+01
   6.1265900e+05   3.6193848e+01
   6.1294500e+05   3.6682129e+01
   6.1300400e+05   4.0283203e+01
   6.1302500e+05   4.3151855e+01
   6.1311900e+05   4.6630859e+01
   6.1313400e+05   5.1513672e+01
   6.1315700e+05   4.1381836e+01
   6.1318000e+05   4.9865723e+01
   6.1321300e+05   3.8330078e+01
   6.1322400e+05   6.8054199e+01
   6.1324100e+05   5.4321289e+01
   6.1327000e+05   5.9448242e+01
   6.1333800e+05   4.2175293e+01
   6.1336100e+05   3.6376953e+01
   6.1339400e+05   4.1687012e+01
   6.1343200e+05   3.9978027e+01
   6.1345200e+05   3.6071777e+01
   6.1349400e+05   4.0893555e+01
   6.1351200e+05   3.6193848e+01
   6.1359800e+05   4.0832520e+01
   6.1371700e+05   4.6569824e+01
   6.1373000e+05   3.6254883e+01
   6.1378000e+05   3.6193848e+01
   6.1380700e+05   4.8583984e+01
   6.1396800e+05   4.7363281e+01
   6.1411000e+05   4.5349121e+01
   6.1421400e+05   4.0466309e+01
   6.1423400e+05   3.9672852e+01
   6.1507200e+05   3.6376953e+01
   6.1539000e+05   3.7902832e+01
   6.1575200e+05   3.9489746e+01
   6.1613800e+05   3.8513184e+01
   7.2771900e+05   3.9367676e+01
   7.2782900e+05   4.4433594e+01
   7.2789700e+05   5.6091309e+01
   7.2796200e+05   4.9865723e+01
   7.2798900e+05   3.7475586e+01
   7.2801000e+05   4.2968750e+01
   7.2802900e+05   4.2480469e+01
   7.2805700e+05   5.6823730e+01
   7.2808400e+05   4.2785645e+01
   7.2810600e+05   4.9987793e+01
   7.2811900e+05   4.6813965e+01
   7.2817300e+05   5.5480957e+01
   7.2825500e+05   4.8034668e+01
   7.2830500e+05   4.8522949e+01
   7.2835800e+05   5.7800293e+01
   7.2843000e+05   3.9794922e+01
   7.2844300e+05   3.8696289e+01
   7.2853700e+05   5.0842285e+01
   7.2855800e+05   3.6682129e+01
   7.2863200e+05   4.4555664e+01
   7.2868100e+05   3.8085938e+01
   7.2889200e+05   5.5541992e+01
   7.2905500e+05   3.7048340e+01
   7.2906600e+05   3.6499023e+01
   7.2929900e+05   4.6325684e+01
   7.2934800e+05   3.5827637e+01
   7.2938500e+05   3.7719727e+01
   7.2970800e+05   4.4250488e+01
   9.8780500e+05   3.9062500e+01
   1.0150650e+06   3.6743164e+01
   1.0161480e+06   4.0466309e+01
   1.0607400e+06   3.9001465e+01
   1.3790890e+06   3.6010742e+01
   1.4265530e+06   3.7719727e+01
   1.4266100e+06   4.4250488e+01
   1.4267180e+06   3.7841797e+01
   1.4267340e+06   3.6743164e+01
   1.4267520e+06   4.5532227e+01
   1.4267620e+06   3.7170410e+01
   1.4267870e+06   4.4189453e+01
   1.4268130e+06   4.8095703e+01
   1.4268250e+06   5.6091309e+01
   1.4268510e+06   6.6467285e+01
   1.4269130e+06   3.9367676e+01
   1.4269360e+06   3.6804199e+01
   1.4269690e+06   3.7109375e+01
   1.4269960e+06   3.7048340e+01
   1.4270590e+06   3.9611816e+01
   1.4271220e+06   3.6682129e+01
   1.4271630e+06   5.0903320e+01
   1.4272440e+06   3.6499023e+01
   1.4273550e+06   4.6630859e+01
   1.4273880e+06   3.9123535e+01
   1.4275520e+06   3.5888672e+01
   1.4277250e+06   4.6447754e+01
   1.4278300e+06   3.8391113e+01
   1.4278690e+06   4.0466309e+01
   1.4278840e+06   3.8635254e+01
   1.4281330e+06   4.0100098e+01
   1.4283120e+06   3.7170410e+01
   1.4283300e+06   4.0405273e+01
   1.4286150e+06   3.9733887e+01
   1.4299210e+06   3.7536621e+01
   1.4839230e+06   3.8513184e+01
   1.5062760e+06   4.8095703e+01
   1.5212740e+06   3.8085938e+01
   1.5381640e+06   3.6437988e+01
   1.5553600e+06   3.6804199e+01
   1.5596460e+06   3.6804199e+01
   1.5608400e+06   3.6132813e+01
   1.5813180e+06   4.1748047e+01
   1.5813780e+06   4.0771484e+01
   1.5814470e+06   5.2062988e+01
   1.5814900e+06   3.7353516e+01
   1.5815360e+06   3.8330078e+01
   1.5815520e+06   6.1889648e+01
   1.5815860e+06   5.1757812e+01
   1.5816030e+06   4.0344238e+01
   1.5816150e+06   4.0466309e+01
   1.5816350e+06   4.2785645e+01
   1.5816660e+06   4.7851562e+01
   1.5816870e+06   3.9123535e+01
   1.5817210e+06   3.6743164e+01
   1.5817560e+06   4.5471191e+01
   1.5817980e+06   3.8208008e+01
   1.5818270e+06   4.2968750e+01
   1.5818860e+06   4.5043945e+01
   1.5819780e+06   4.0588379e+01
   1.5820320e+06   3.7536621e+01
   1.5820680e+06   4.2236328e+01
   1.5821950e+06   4.1015625e+01
   1.5823200e+06   5.7556152e+01
   1.5823350e+06   3.8452148e+01
   1.5826510e+06   3.9855957e+01
   1.5828950e+06   4.1992188e+01
   1.5830370e+06   3.6437988e+01
   1.5830600e+06   3.8208008e+01
   1.5831020e+06   4.0466309e+01
   1.5836130e+06   3.8208008e+01
   1.7987390e+06   3.6926270e+01
   1.8361190e+06   3.7475586e+01
   1.8474570e+06   4.1076660e+01
   1.9385700e+06   5.2978516e+01
   1.9386250e+06   4.1381836e+01
   1.9387250e+06   6.3598633e+01
   1.9387450e+06   3.8146973e+01
   1.9387690e+06   4.3762207e+01
   1.9388090e+06   4.5532227e+01
   1.9388390e+06   3.7841797e+01
   1.9388510e+06   5.3161621e+01
   1.9388870e+06   4.4128418e+01
   1.9389140e+06   3.5827637e+01
   1.9389730e+06   3.8757324e+01
   1.9390110e+06   4.4067383e+01
   1.9390280e+06   4.9438477e+01
   1.9390900e+06   3.9489746e+01
   1.9391580e+06   4.9133301e+01
   1.9392190e+06   3.7475586e+01
   1.9392610e+06   3.8208008e+01
   1.9393440e+06   4.8950195e+01
   1.9394580e+06   3.9489746e+01
   1.9398880e+06   3.9123535e+01
   1.9399720e+06   4.3151855e+01
   1.9400860e+06   4.1687012e+01
   1.9982890e+06   3.8574219e+01
   1.9983230e+06   3.7414551e+01
   1.9985470e+06   4.3884277e+01
   1.9985650e+06   3.6315918e+01
   1.9985840e+06   3.7719727e+01
   1.9986130e+06   5.2307129e+01
   1.9986380e+06   5.2551270e+01
   1.9986680e+06   4.6264648e+01
   1.9986820e+06   3.7048340e+01
   1.9987010e+06   5.1635742e+01
   1.9987330e+06   3.9916992e+01
   1.9987600e+06   5.1635742e+01
   1.9988030e+06   4.5349121e+01
   1.9988380e+06   4.2114258e+01
   1.9990210e+06   4.3762207e+01
   1.9993320e+06   3.8757324e+01
   1.9993880e+06   4.0710449e+01
   1.9994900e+06   3.6804199e+01
   1.9996630e+06   3.7658691e+01
   1.9996930e+06   4.4189453e+01
   1.9998640e+06   3.9611816e+01
   2.0000970e+06   4.1137695e+01
   2.0002630e+06   3.9062500e+01
   2.0008780e+06   3.6437988e+01
   2.1055070e+06   3.9184570e+01
   2.1163760e+06   3.6132812e+01
   2.1381000e+06   3.5888672e+01
   2.2476540e+06   3.7048340e+01
   2.2843850e+06   3.7170410e+01
   2.3312950e+06   4.2358398e+01
   2.3318970e+06   3.9611816e+01
   2.3320590e+06   4.3395996e+01
   2.3320990e+06   3.6804199e+01
   2.3321810e+06   4.3701172e+01
   2.3322020e+06   5.1940918e+01
   2.3322810e+06   4.3151855e+01
   2.3323000e+06   5.4260254e+01
   2.3323260e+06   5.6945801e+01
   2.3323450e+06   5.3039551e+01
   2.3323650e+06   4.6081543e+01
   2.3323800e+06   3.8146973e+01
   2.3324210e+06   5.0903320e+01
   2.3324410e+06   4.0588379e+01
   2.3324810e+06   3.9367676e+01
   2.3325320e+06   5.6396484e+01
   2.3325870e+06   3.9794922e+01
   2.3326140e+06   3.8085938e+01
   2.3326380e+06   5.4504395e+01
   2.3326610e+06   4.6386719e+01
   2.3327510e+06   4.0832520e+01
   2.3328400e+06   3.9550781e+01
   2.3328830e+06   4.6997070e+01
   2.3329520e+06   4.7851562e+01
   2.3329680e+06   4.4189453e+01
   2.3330940e+06   4.3334961e+01
   2.3331750e+06   4.5043945e+01
   2.3333120e+06   3.6376953e+01
   2.3335430e+06   4.0283203e+01
   2.3336920e+06   3.7658691e+01
   2.4023580e+06   4.9194336e+01
   2.4025150e+06   4.7851562e+01
   2.4025560e+06   4.0527344e+01
   2.4025710e+06   4.3029785e+01
   2.4025830e+06   3.6315918e+01
   2.4026140e+06   6.5551758e+01
   2.4026300e+06   3.7719727e+01
   2.4026690e+06   4.5104980e+01
   2.4026850e+06   4.5410156e+01
   2.4027450e+06   4.0344238e+01
   2.4028270e+06   4.1198730e+01
   2.4028530e+06   6.1828613e+01
   2.4028710e+06   3.6621094e+01
   2.4029170e+06   4.1870117e+01
   2.4029920e+06   3.9367676e+01
   2.4030220e+06   4.3151855e+01
   2.4031210e+06   4.4189453e+01
   2.4033570e+06   4.3212891e+01
   2.4033760e+06   4.6691895e+01
   2.4035860e+06   6.4025879e+01
   2.4038530e+06   5.1635742e+01
   2.4038890e+06   4.3029785e+01
   2.4040970e+06   3.9794922e+01
   2.4058880e+06   4.2175293e+01
   2.8437140e+06   3.6010742e+01
   2.9114330e+06   4.2419434e+01
   2.9121560e+06   3.5827637e+01
   2.9123380e+06   4.0222168e+01
   2.9124270e+06   3.9855957e+01
   2.9124440e+06   4.5288086e+01
   2.9125150e+06   4.5471191e+01
   2.9125320e+06   4.3273926e+01
   2.9125580e+06   4.3029785e+01
   2.9125860e+06   6.6101074e+01
   2.9126020e+06   3.8635254e+01
   2.9126230e+06   5.4016113e+01
   2.9126330e+06   4.7058105e+01
   2.9126560e+06   3.8024902e+01
   2.9126790e+06   4.5104980e+01
   2.9127040e+06   3.7780762e+01
   2.9127500e+06   3.8208008e+01
   2.9127700e+06   3.8879395e+01
   2.9127820e+06   3.6071777e+01
   2.9128200e+06   3.5949707e+01
   2.9128880e+06   3.6071777e+01
   2.9129580e+06   4.1564941e+01
   2.9129770e+06   4.3579102e+01
   2.9130530e+06   4.0283203e+01
   2.9131640e+06   4.2846680e+01
   2.9132920e+06   3.8696289e+01
   2.9134330e+06   3.6132813e+01
   2.9135430e+06   3.9489746e+01
   2.9137700e+06   4.8522949e+01
   2.9139950e+06   4.4067383e+01
   2.9146080e+06   4.4494629e+01
   2.9339420e+06   4.1320801e+01
   2.9416980e+06   3.6193848e+01
   2.9418680e+06   3.6621094e+01
   2.9418790e+06   4.6264648e+01
   2.9419090e+06   3.6682129e+01
   2.9419330e+06   4.1015625e+01
   2.9419460e+06   4.9438477e+01
   2.9419560e+06   5.3344727e+01
   2.9419850e+06   3.6682129e+01
   2.9420160e+06   4.6813965e+01
   2.9420410e+06   4.7485352e+01
   2.9421120e+06   4.1503906e+01
   2.9422000e+06   3.8879395e+01
   2.9422520e+06   3.9184570e+01
   2.9423010e+06   3.9855957e+01
   2.9423190e+06   4.0588379e+01
   2.9423920e+06   3.6987305e+01
   2.9425230e+06   3.7231445e+01
   2.9425880e+06   3.9733887e+01
   2.9427030e+06   4.2236328e+01
   2.9427440e+06   3.6499023e+01
   2.9430910e+06   4.6203613e+01
   2.9435340e+06   4.5715332e+01
   3.0409410e+06   3.7292480e+01
   3.2272060e+06   3.6499023e+01
   3.3143540e+06   3.8391113e+01
   3.3144910e+06   3.6499023e+01
   3.3145480e+06   5.4260254e+01
   3.3145640e+06   3.8269043e+01
   3.3145970e+06   3.9916992e+01
   3.3146140e+06   4.1503906e+01
   3.3146480e+06   3.8513184e+01
   3.3147490e+06   4.9865723e+01
   3.3147610e+06   5.0781250e+01
   3.3148000e+06   4.0100098e+01
   3.3148490e+06   3.8024902e+01
   3.3148650e+06   4.1076660e+01
   3.3152260e+06   4.2663574e+01
   3.3155480e+06   4.4067383e+01
   3.3156990e+06   4.0405273e+01
   3.3157150e+06   3.7963867e+01
   3.3165560e+06   4.0161133e+01
   3.3409180e+06   3.6254883e+01
   3.3715680e+06   4.1137695e+01
   3.3716480e+06   3.6560059e+01
   3.3716890e+06   4.8461914e+01
   3.3717730e+06   3.9672852e+01
   3.3718030e+06   3.7597656e+01
   3.3718270e+06   4.4860840e+01
   3.3718560e+06   7.7270508e+01
   3.3718860e+06   4.0710449e+01
   3.3719150e+06   3.9428711e+01
   3.3719290e+06   4.7607422e+01
   3.3719650e+06   5.4626465e+01
   3.3719910e+06   4.0283203e+01
   3.3721210e+06   4.3701172e+01
   3.3721860e+06   3.9062500e+01
   3.3722560e+06   5.3100586e+01
   3.3723000e+06   4.2846680e+01
   3.3723100e+06   3.6010742e+01
   3.3724200e+06   3.9367676e+01
   3.3725370e+06   4.1992188e+01
   3.3726570e+06   4.1687012e+01
   3.3726770e+06   3.9184570e+01
   3.3727130e+06   3.7902832e+01
   3.3728200e+06   4.0283203e+01
   3.3728430e+06   4.4677734e+01
   3.3729830e+06   3.6499023e+01
   3.3732570e+06   3.6071777e+01
   3.3734180e+06   4.4677734e+01
   3.4622310e+06   3.8146973e+01
   3.4802250e+06   3.9672852e+01
   3.5470700e+06   3.8269043e+01
   3.6296940e+06   4.3029785e+01
   3.6449740e+06   3.8452148e+01
   3.6930200e+06   3.7109375e+01
   3.6930580e+06   3.6743164e+01
   3.6931440e+06   4.0161133e+01
   3.6931890e+06   3.8940430e+01
   3.6932100e+06   6.1584473e+01
   3.6932300e+06   4.5898438e+01
   3.6932740e+06   4.3823242e+01
   3.6933160e+06   3.6865234e+01
   3.6933780e+06   4.6020508e+01
   3.6934030e+06   4.4250488e+01
   3.6934400e+06   4.0344238e+01
   3.6934990e+06   4.0344238e+01
   3.6935750e+06   4.0222168e+01
   3.6936380e+06   5.1086426e+01
   3.6936480e+06   3.7414551e+01
   3.6940390e+06   3.9916992e+01
   3.6942980e+06   6.1218262e+01
   3.6980270e+06   3.7597656e+01
   3.7382570e+06   3.8330078e+01
   3.7383890e+06   3.7902832e+01
   3.7384410e+06   3.6437988e+01
   3.7384820e+06   4.6142578e+01
   3.7385000e+06   4.6569824e+01
   3.7385250e+06   4.1503906e+01
   3.7385360e+06   4.5410156e+01
   3.7385460e+06   3.8879395e+01
   3.7385810e+06   4.5288086e+01
   3.7386130e+06   6.0852051e+01
   3.7386270e+06   4.1381836e+01
   3.7386590e+06   4.4372559e+01
   3.7386880e+06   3.9367676e+01
   3.7387240e+06   3.9611816e+01
   3.7387450e+06   3.7536621e+01
   3.7387690e+06   3.6376953e+01
   3.7388080e+06   3.9123535e+01
   3.7388410e+06   3.6499023e+01
   3.7388640e+06   3.7597656e+01
   3.7389580e+06   4.2541504e+01
   3.7390040e+06   3.9733887e+01
   3.7390450e+06   4.7546387e+01
   3.7390770e+06   3.8330078e+01
   3.7390980e+06   4.3579102e+01
   3.7391570e+06   3.8635254e+01
   3.7391900e+06   3.6987305e+01
   3.7394320e+06   4.8583984e+01
   3.7394720e+06   4.3334961e+01
   3.7395440e+06   4.3457031e+01
   3.7397010e+06   3.9855957e+01
   3.7399270e+06   4.4799805e+01
   3.7403250e+06   3.6010742e+01
   3.7406190e+06   3.6376953e+01
   3.8056970e+06   3.6376953e+01
   3.8994730e+06   3.6560059e+01
   3.9605500e+06   3.8024902e+01
   4.0493470e+06   4.1442871e+01
   4.0494050e+06   5.6579590e+01
   4.0494850e+06   8.6669922e+01
   4.0495220e+06   4.0588379e+01
   4.0495480e+06   5.2795410e+01
   4.0495660e+06   5.0048828e+01
   4.0496010e+06   3.8391113e+01
   4.0496160e+06   3.6010742e+01
   4.0496380e+06   3.6437988e+01
   4.0496600e+06   4.2480469e+01
   4.0496710e+06   3.8024902e+01
   4.0497150e+06   6.4819336e+01
   4.0497640e+06   3.7841797e+01
   4.0497900e+06   3.9001465e+01
   4.0498190e+06   3.6560059e+01
   4.0498740e+06   3.7719727e+01
   4.0499350e+06   3.8818359e+01
   4.0499930e+06   5.1330566e+01
   4.0500460e+06   3.9123535e+01
   4.0501740e+06   3.9306641e+01
   4.0502950e+06   3.6254883e+01
   4.0506490e+06   3.6743164e+01
   4.0508230e+06   4.0710449e+01
   4.0509730e+06   3.9123535e+01
   4.0510180e+06   3.6804199e+01
   4.0654920e+06   4.1870117e+01
   4.0655090e+06   4.6630859e+01
   4.0655470e+06   5.6579590e+01
   4.0655630e+06   4.6142578e+01
   4.0655830e+06   3.9062500e+01
   4.0656050e+06   4.5593262e+01
   4.0656220e+06   5.5908203e+01
   4.0656450e+06   5.6701660e+01
   4.0656910e+06   4.3457031e+01
   4.0657750e+06   5.2307129e+01
   4.0658710e+06   4.4372559e+01
   4.0658860e+06   3.6743164e+01
   4.0659150e+06   3.6560059e+01
   4.0659540e+06   3.9978027e+01
   4.0659680e+06   3.7658691e+01
   4.0660290e+06   4.0527344e+01
   4.0660990e+06   4.5349121e+01
   4.0662480e+06   4.1503906e+01
   4.0663510e+06   4.2602539e+01
   4.0664450e+06   3.7353516e+01
   4.0666230e+06   3.6193848e+01
   4.0668300e+06   3.6193848e+01
   4.1250410e+06   3.9184570e+01
   4.1613920e+06   3.8269043e+01
   4.1615270e+06   6.0913086e+01
   4.1616000e+06   4.1015625e+01
   4.1616150e+06   3.6743164e+01
   4.1616590e+06   4.5227051e+01
   4.1616730e+06   7.5012207e+01
   4.1616920e+06   4.7729492e+01
   4.1617190e+06   4.8095703e+01
   4.1617550e+06   3.6010742e+01
   4.1617730e+06   4.3273926e+01
   4.1617990e+06   4.5288086e+01
   4.1618090e+06   4.5227051e+01
   4.1618320e+06   5.1330566e+01
   4.1619680e+06   4.2541504e+01
   4.1621370e+06   3.9550781e+01
   4.1623050e+06   4.6447754e+01
   4.1625680e+06   3.7841797e+01
   4.1626790e+06   3.6743164e+01
   4.1627110e+06   3.6193848e+01
   4.2135330e+06   4.4799805e+01
   4.2136840e+06   4.5959473e+01
   4.2138130e+06   4.5043945e+01
   4.2138400e+06   4.2602539e+01
   4.2138550e+06   4.5959473e+01
   4.2138710e+06   5.2856445e+01
   4.2138840e+06   3.9245605e+01
   4.2139370e+06   5.8044434e+01
   4.2139830e+06   4.1809082e+01
   4.2139980e+06   4.0527344e+01
   4.2140330e+06   3.8574219e+01
   4.2141410e+06   4.4433594e+01
   4.2142210e+06   3.7048340e+01
   4.2142430e+06   5.0964355e+01
   4.2143310e+06   4.4677734e+01
   4.2144310e+06   3.6987305e+01
   4.2144570e+06   4.2541504e+01
   4.2145960e+06   4.1503906e+01
   4.2147460e+06   3.9367676e+01
   4.2147700e+06   4.3029785e+01
   4.2148110e+06   3.8452148e+01
   4.2149570e+06   4.4067383e+01
   4.2149840e+06   3.8085938e+01
   4.2151390e+06   3.6560059e+01
   4.2611250e+06   4.8095703e+01
   4.2613380e+06   3.9367676e+01
   4.2613720e+06   4.3151855e+01
   4.2614190e+06   4.1992188e+01
   4.2614590e+06   5.8410645e+01
   4.2614720e+06   4.3029785e+01
   4.2615040e+06   4.6020508e+01
   4.2615540e+06   3.9428711e+01
   4.2615660e+06   4.5654297e+01
   4.2616410e+06   4.6569824e+01
   4.2617430e+06   4.0283203e+01
   4.2618080e+06   3.6621094e+01
   4.2619790e+06   3.6865234e+01
   4.2620680e+06   4.0344238e+01
   4.2621590e+06   5.2673340e+01
   4.2623290e+06   3.6010742e+01
   4.2623800e+06   3.7658691e+01
   4.2625530e+06   4.2419434e+01
   4.3128510e+06   3.7902832e+01
   4.3154910e+06   3.9794922e+01
   4.3157060e+06   4.5410156e+01
   4.3157190e+06   3.8085938e+01
   4.3157650e+06   4.1137695e+01
   4.3157790e+06   4.6081543e+01
   4.3158200e+06   4.1748047e+01
   4.3158330e+06   3.8635254e+01
   4.3158470e+06   3.8208008e+01
   4.3158600e+06   5.9997559e+01
   4.3158870e+06   4.9926758e+01
   4.3158990e+06   4.1687012e+01
   4.3159570e+06   4.5227051e+01
   4.3161040e+06   4.3334961e+01
   4.3161200e+06   4.8522949e+01
   4.3162570e+06   6.2255859e+01
   4.3163470e+06   5.0415039e+01
   4.3164720e+06   4.3029785e+01
   4.3164920e+06   4.4189453e+01
   4.3167050e+06   3.9062500e+01
   4.3169850e+06   3.7048340e+01
   4.3676870e+06   3.8513184e+01
   4.3679760e+06   4.4189453e+01
   4.3680530e+06   3.6743164e+01
   4.3681890e+06   4.7119141e+01
   4.3682130e+06   4.1015625e+01
   4.3682590e+06   5.8898926e+01
   4.3682930e+06   4.7119141e+01
   4.3683160e+06   3.9916992e+01
   4.3683730e+06   4.0588379e+01
   4.3684030e+06   5.4321289e+01
   4.3685140e+06   4.0344238e+01
   4.3686080e+06   3.7902832e+01
   4.3686830e+06   4.2602539e+01
   4.3687280e+06   4.2480469e+01
   4.3689960e+06   3.7170410e+01
   4.3692830e+06   3.6987305e+01
   4.3694340e+06   4.4982910e+01
   4.4029840e+06   4.5776367e+01
   4.4034630e+06   3.8146973e+01
   4.4034930e+06   4.3701172e+01
   4.4035390e+06   5.9509277e+01
   4.4035630e+06   3.6254883e+01
   4.4035870e+06   6.2316895e+01
   4.4036120e+06   5.4809570e+01
   4.4036230e+06   6.2072754e+01
   4.4036650e+06   4.0893555e+01
   4.4036830e+06   3.9184570e+01
   4.4037370e+06   3.8085938e+01
   4.4038260e+06   3.6254883e+01
   4.4038470e+06   4.2663574e+01
   4.4038800e+06   3.9550781e+01
   4.4039330e+06   5.2307129e+01
   4.4040330e+06   3.6743164e+01
   4.4041190e+06   4.1809082e+01
   4.4042760e+06   4.5837402e+01
   4.4044360e+06   6.1096191e+01
   4.4048530e+06   3.6315918e+01
   4.4818670e+06   4.0588379e+01
   4.5202160e+06   3.9489746e+01
   4.6155290e+06   3.9001465e+01
   4.7428210e+06   3.6071777e+01
   4.7491710e+06   3.9611816e+01
   4.7492050e+06   3.9794922e+01
   4.7492250e+06   6.5673828e+01
   4.7492440e+06   5.2124023e+01
   4.7492640e+06   5.5664062e+01
   4.7492770e+06   3.8146973e+01
   4.7492950e+06   4.3029785e+01
   4.7494150e+06   3.9306641e+01
   4.7494490e+06   3.8879395e+01
   4.7495230e+06   3.7353516e+01
   4.7496530e+06   4.3212891e+01
   4.7497230e+06   3.9184570e+01
   4.7497330e+06   3.6010742e+01
   4.7497970e+06   3.6132812e+01
   4.7499910e+06   4.4128418e+01
   4.7500620e+06   3.8574219e+01
   4.7502030e+06   4.3945313e+01
   4.7504150e+06   3.9978027e+01
   4.7504570e+06   3.7170410e+01
   4.7506090e+06   3.8940430e+01
   4.7846140e+06   3.8696289e+01
   4.7848080e+06   4.4799805e+01
   4.7848580e+06   4.2785645e+01
   4.7850300e+06   4.1259766e+01
   4.7850830e+06   3.9489746e+01
   4.7850990e+06   4.8828125e+01
   4.7851250e+06   4.6569824e+01
   4.7851470e+06   4.0832520e+01
   4.7851850e+06   3.9489746e+01
   4.7852390e+06   4.1442871e+01
   4.7852790e+06   5.0170898e+01
   4.7853710e+06   4.4189453e+01
   4.7854270e+06   4.8156738e+01
   4.7854890e+06   3.6132812e+01
   4.7855300e+06   5.1269531e+01
   4.7855670e+06   3.8635254e+01
   4.7857230e+06   3.9062500e+01
   4.7858140e+06   3.8391113e+01
   4.7859250e+06   4.4311523e+01
   4.7861980e+06   4.8828125e+01
   4.8783390e+06   3.9916992e+01
   4.9511060e+06   3.8513184e+01
   4.9771700e+06   3.9123535e+01
   5.0030640e+06   4.1748047e+01
   5.0930190e+06   3.7902832e+01
   5.0930730e+06   4.0710449e+01
   5.0933050e+06   3.6621094e+01
   5.0933470e+06   4.0954590e+01
   5.0933630e+06   4.4738770e+01
   5.0934330e+06   4.8400879e+01
   5.0934500e+06   4.8583984e+01
   5.0934940e+06   3.8757324e+01
   5.0935190e+06   3.7719727e+01
   5.0935450e+06   4.5593262e+01
   5.0935580e+06   3.8024902e+01
   5.0935770e+06   3.7719727e+01
   5.0936020e+06   4.0100098e+01
   5.0936340e+06   4.6081543e+01
   5.0936930e+06   3.9306641e+01
   5.0937870e+06   3.8513184e+01
   5.0939440e+06   4.5593262e+01
   5.0939770e+06   4.2419434e+01
   5.0940130e+06   4.1503906e+01
   5.0940490e+06   3.8635254e+01
   5.0941520e+06   3.9489746e+01
   5.0941760e+06   4.1381836e+01
   5.0942840e+06   3.9306641e+01
   5.0946690e+06   3.8208008e+01
   5.0947270e+06   4.0039062e+01
   5.0948060e+06   3.9978027e+01
   5.0956840e+06   3.8574219e+01
   5.1120050e+06   4.7546387e+01
   5.1120200e+06   4.1259766e+01
   5.1120380e+06   5.9997559e+01
   5.1120670e+06   5.6823730e+01
   5.1120800e+06   3.7658691e+01
   5.1121040e+06   4.7973633e+01
   5.1121280e+06   3.8574219e+01
   5.1121650e+06   4.1381836e+01
   5.1121770e+06   3.7231445e+01
   5.1121990e+06   3.6621094e+01
   5.1122560e+06   5.0231934e+01
   5.1122800e+06   3.7231445e+01
   5.1123120e+06   4.6447754e+01
   5.1123770e+06   5.4504395e+01
   5.1125210e+06   4.0283203e+01
   5.1126170e+06   4.8583984e+01
   5.1126660e+06   3.7536621e+01
   5.1126830e+06   3.9611816e+01
   5.1127150e+06   3.6376953e+01
   5.1129250e+06   3.9306641e+01
   5.1131620e+06   4.1687012e+01
   5.2072480e+06   3.9550781e+01
   5.2363070e+06   3.9733887e+01
   5.4311540e+06   3.6437988e+01
   5.4315010e+06   5.3405762e+01
   5.4316970e+06   3.9611816e+01
   5.4317710e+06   6.3964844e+01
   5.4318140e+06   7.4462891e+01
   5.4318700e+06   4.1015625e+01
   5.4318920e+06   4.3640137e+01
   5.4319180e+06   3.8879395e+01
   5.4319400e+06   4.9865723e+01
   5.4319930e+06   4.1870117e+01
   5.4320720e+06   4.8095703e+01
   5.4321290e+06   4.1320801e+01
   5.4321610e+06   3.8391113e+01
   5.4321840e+06   3.9550781e+01
   5.4322510e+06   4.0222168e+01
   5.4323190e+06   3.6193848e+01
   5.4324020e+06   3.9611816e+01
   5.4324690e+06   3.8269043e+01
   5.4326790e+06   3.7048340e+01
   5.4328560e+06   3.6621094e+01
   5.4329540e+06   3.6560059e+01
   5.4330920e+06   3.8513184e+01
   5.4332310e+06   3.8391113e+01
   5.4332670e+06   3.6621094e+01
   5.4340610e+06   4.3457031e+01
   5.4470900e+06   3.9123535e+01
   5.4471180e+06   4.9377441e+01
   5.4471360e+06   4.3945312e+01
   5.4471530e+06   3.8085938e+01
   5.4471790e+06   5.8105469e+01
   5.4471930e+06   4.3701172e+01
   5.4472210e+06   4.0283203e+01
   5.4472500e+06   4.2358398e+01
   5.4472900e+06   4.7668457e+01
   5.4473210e+06   3.7231445e+01
   5.4473500e+06   3.9489746e+01
   5.4473800e+06   5.1452637e+01
   5.4474490e+06   4.3273926e+01
   5.4475150e+06   3.7536621e+01
   5.4476190e+06   5.8105469e+01
   5.4477100e+06   4.9682617e+01
   5.4478250e+06   4.1259766e+01
   5.4478820e+06   3.7902832e+01
   5.4479390e+06   3.7475586e+01
   5.4479850e+06   3.9672852e+01
   5.4481030e+06   4.2968750e+01
   5.4482300e+06   3.7292480e+01
   5.4482970e+06   3.8940430e+01
   5.4485070e+06   5.7922363e+01
   5.4488490e+06   3.6132812e+01
   5.6646010e+06   3.6010742e+01
   5.6732770e+06   3.8513184e+01
   5.6935590e+06   5.6579590e+01
   5.6936680e+06   6.0119629e+01
   5.6937060e+06   6.9641113e+01
   5.6937430e+06   5.0903320e+01
   5.6937580e+06   5.8471680e+01
   5.6937770e+06   3.8024902e+01
   5.6938150e+06   4.1198730e+01
   5.6938700e+06   3.6865234e+01
   5.6939140e+06   4.2480469e+01
   5.6939420e+06   4.9743652e+01
   5.6939540e+06   4.3579102e+01
   5.6939990e+06   4.3273926e+01
   5.6940420e+06   4.2602539e+01
   5.6940720e+06   3.6315918e+01
   5.6941130e+06   3.8208008e+01
   5.6941710e+06   3.8696289e+01
   5.6942470e+06   5.2246094e+01
   5.6943310e+06   3.6315918e+01
   5.6944400e+06   4.6691895e+01
   5.6945970e+06   4.1137695e+01
   5.6948830e+06   5.1147461e+01
   5.6949760e+06   3.7475586e+01
   5.6952690e+06   3.9550781e+01
   5.7097460e+06   3.7719727e+01
   5.7097900e+06   4.1198730e+01
   5.7098070e+06   3.9367676e+01
   5.7098230e+06   4.6081543e+01
   5.7098490e+06   3.6010742e+01
   5.7098600e+06   6.5551758e+01
   5.7098810e+06   4.7668457e+01
   5.7099010e+06   3.6926270e+01
   5.7099400e+06   4.4311523e+01
   5.7099710e+06   4.3029785e+01
   5.7099840e+06   4.2053223e+01
   5.7100150e+06   4.4128418e+01
   5.7100790e+06   3.7231445e+01
   5.7102810e+06   4.1992188e+01
   5.7103710e+06   4.6813965e+01
   5.7104650e+06   3.8696289e+01
   5.7106500e+06   5.6762695e+01
   5.7107750e+06   4.4006348e+01
   5.7109770e+06   4.4006348e+01
   5.7110370e+06   4.2053223e+01
   5.7111900e+06   4.5104980e+01
   5.7520400e+06   3.6621094e+01
   5.8163350e+06   4.0161133e+01
   5.8304000e+06   3.7841797e+01
   5.9065720e+06   3.7902832e+01
   6.0695040e+06   3.9306641e+01
   6.0696370e+06   4.2175293e+01
   6.0696600e+06   4.0527344e+01
   6.0696720e+06   4.5104980e+01
   6.0697450e+06   5.0292969e+01
   6.0697920e+06   4.4616699e+01
   6.0698360e+06   5.8776855e+01
   6.0699140e+06   3.8513184e+01
   6.0700150e+06   4.0039062e+01
   6.0700310e+06   3.7109375e+01
   6.0700660e+06   4.9072266e+01
   6.0700950e+06   3.6010742e+01
   6.0701560e+06   3.6560059e+01
   6.0701930e+06   3.8757324e+01
   6.0702710e+06   3.6865234e+01
   6.0704190e+06   4.1503906e+01
   6.0704540e+06   3.7109375e+01
   6.0705730e+06   3.5949707e+01
   6.0706880e+06   3.7353516e+01
   6.0707910e+06   6.0363770e+01
   6.0708250e+06   4.4616699e+01
   6.0717260e+06   3.8940430e+01
   6.0868740e+06   4.4189453e+01
   6.0869070e+06   3.6987305e+01
   6.0869240e+06   4.3151855e+01
   6.0869350e+06   4.5959473e+01
   6.0869550e+06   3.7353516e+01
   6.0870000e+06   3.9611816e+01
   6.0870950e+06   4.1137695e+01
   6.0871080e+06   4.8095703e+01
   6.0871810e+06   3.7170410e+01
   6.0872410e+06   4.1076660e+01
   6.0873270e+06   4.4372559e+01
   6.0874070e+06   5.5114746e+01
   6.0874280e+06   5.0231934e+01
   6.0874970e+06   4.1992188e+01
   6.0875310e+06   3.7414551e+01
   6.0875530e+06   4.6447754e+01
   6.0875920e+06   4.3212891e+01
   6.0877660e+06   3.6865234e+01
   6.0878260e+06   4.6813965e+01
   6.0878980e+06   4.9255371e+01
   6.0880630e+06   3.6315918e+01
   6.0881830e+06   3.8635254e+01
   6.0882350e+06   3.6499023e+01
   6.0883450e+06   3.8269043e+01
   6.0884650e+06   3.7292480e+01
   6.0885120e+06   3.9611816e+01
   6.0910190e+06   3.6193848e+01
   6.1689690e+06   3.8879395e+01
   6.1693790e+06   4.2602539e+01
   6.1694700e+06   3.6437988e+01
   6.1695000e+06   4.2541504e+01
   6.1695210e+06   3.8269043e+01
   6.1695460e+06   4.0161133e+01
   6.1695660e+06   3.6376953e+01
   6.1695950e+06   6.0485840e+01
   6.1696270e+06   3.7414551e+01
   6.1697690e+06   3.6132812e+01
   6.1697940e+06   3.8574219e+01
   6.1698540e+06   5.2429199e+01
   6.1699180e+06   4.5715332e+01
   6.1699910e+06   3.7109375e+01
   6.1700790e+06   4.4616699e+01
   6.1702470e+06   4.5837402e+01
   6.1703720e+06   4.0344238e+01
   6.1705110e+06   3.6682129e+01
   6.1705310e+06   4.4677734e+01
   6.1705920e+06   3.6376953e+01
   6.1707290e+06   4.5410156e+01
   6.2192790e+06   4.0771484e+01
   6.2195860e+06   3.8696289e+01
   6.2196410e+06   5.6030273e+01
   6.2196840e+06   5.4748535e+01
   6.2196980e+06   4.8278809e+01
   6.2197470e+06   4.2968750e+01
   6.2197600e+06   3.9611816e+01
   6.2197840e+06   4.0588379e+01
   6.2197990e+06   3.9672852e+01
   6.2198220e+06   6.0058594e+01
   6.2198360e+06   3.9245605e+01
   6.2198700e+06   4.6875000e+01
   6.2199230e+06   4.5043945e+01
   6.2199600e+06   4.0222168e+01
   6.2200220e+06   4.4372559e+01
   6.2202150e+06   4.6630859e+01
   6.2202440e+06   3.6499023e+01
   6.2204480e+06   3.6010742e+01
   6.2205720e+06   3.7170410e+01
   6.2206010e+06   3.7902832e+01
   6.2207370e+06   4.5593262e+01
   6.2209090e+06   3.6254883e+01
   6.2209470e+06   3.7475586e+01
   6.2609110e+06   3.7536621e+01
   6.2611230e+06   4.6997070e+01
   6.2611420e+06   3.7170410e+01
   6.2612160e+06   4.8339844e+01
   6.2612430e+06   3.8452148e+01
   6.2612620e+06   4.1320801e+01
   6.2612800e+06   4.3151855e+01
   6.2613360e+06   3.8574219e+01
   6.2613510e+06   3.9367676e+01
   6.2614030e+06   5.2185059e+01
   6.2615110e+06   3.6132812e+01
   6.2615330e+06   5.5114746e+01
   6.2616320e+06   4.3823242e+01
   6.2616440e+06   3.9733887e+01
   6.2617400e+06   3.7414551e+01
   6.2617600e+06   4.1625977e+01
   6.2621930e+06   3.9855957e+01
   6.2623980e+06   3.7902832e+01
   6.2627840e+06   3.6560059e+01
   6.3084460e+06   4.0588379e+01
   6.3084680e+06   4.2846680e+01
   6.3085400e+06   4.0832520e+01
   6.3085710e+06   3.9245605e+01
   6.3085920e+06   4.7607422e+01
   6.3086550e+06   4.6875000e+01
   6.3086730e+06   4.9072266e+01
   6.3086950e+06   4.0710449e+01
   6.3087200e+06   4.0466309e+01
   6.3087460e+06   4.0344238e+01
   6.3087790e+06   4.5410156e+01
   6.3088020e+06   4.5043945e+01
   6.3088380e+06   4.9011230e+01
   6.3088900e+06   4.5410156e+01
   6.3089050e+06   3.8757324e+01
   6.3089860e+06   4.0100098e+01
   6.3090580e+06   4.5471191e+01
   6.3090750e+06   4.1442871e+01
   6.3091730e+06   3.7353516e+01
   6.3093040e+06   3.6682129e+01
   6.3095640e+06   3.8696289e+01
   6.3097230e+06   4.2053223e+01
   6.3102530e+06   3.6499023e+01
   6.3105250e+06   3.6132812e+01
   6.3479640e+06   3.9794922e+01
   6.3479820e+06   3.6865234e+01
   6.3482450e+06   3.6071777e+01
   6.3483110e+06   3.6376953e+01
   6.3483570e+06   4.1809082e+01
   6.3483800e+06   4.0161133e+01
   6.3484300e+06   3.7841797e+01
   6.3484410e+06   6.2622070e+01
   6.3484630e+06   4.2541504e+01
   6.3485260e+06   4.5288086e+01
   6.3485400e+06   4.7546387e+01
   6.3486280e+06   3.6926270e+01
   6.3486460e+06   4.4616699e+01
   6.3487430e+06   5.1330566e+01
   6.3487670e+06   4.2907715e+01
   6.3489240e+06   4.8461914e+01
   6.3490120e+06   4.6936035e+01
   6.3493690e+06   3.6560059e+01
   6.3495700e+06   3.5949707e+01
   6.3497740e+06   4.0771484e+01
   6.4053100e+06   3.7536621e+01
   6.4054460e+06   3.7170410e+01
   6.4054580e+06   4.2968750e+01
   6.4054820e+06   5.1025391e+01
   6.4055450e+06   3.7414551e+01
   6.4055560e+06   4.8767090e+01
   6.4055760e+06   4.1015625e+01
   6.4055920e+06   6.3171387e+01
   6.4056160e+06   4.2724609e+01
   6.4056290e+06   3.8879395e+01
   6.4056720e+06   3.7414551e+01
   6.4056840e+06   3.7353516e+01
   6.4057150e+06   5.0964355e+01
   6.4057760e+06   4.6508789e+01
   6.4058190e+06   3.6987305e+01
   6.4058680e+06   3.8635254e+01
   6.4059400e+06   3.6010742e+01
   6.4060850e+06   4.0954590e+01
   6.4060990e+06   3.7170410e+01
   6.4062580e+06   3.7963867e+01
   6.4063000e+06   3.6376953e+01
   6.4063790e+06   4.3945312e+01
   6.4068000e+06   5.2856445e+01
   6.5189400e+06   3.9794922e+01
   6.7241740e+06   3.7109375e+01
   6.8043030e+06   4.4555664e+01
   6.8119730e+06   3.6926270e+01
   6.8121170e+06   4.2785645e+01
   6.8121300e+06   4.7790527e+01
   6.8121650e+06   5.4321289e+01
   6.8121780e+06   5.1208496e+01
   6.8122180e+06   5.1818848e+01
   6.8122330e+06   5.6579590e+01
   6.8122540e+06   4.9804688e+01
   6.8123010e+06   3.9001465e+01
   6.8123180e+06   4.4677734e+01
   6.8123980e+06   3.7231445e+01
   6.8125130e+06   3.8574219e+01
   6.8125370e+06   3.6499023e+01
   6.8125500e+06   3.8574219e+01
   6.8126130e+06   4.2907715e+01
   6.8126690e+06   4.0771484e+01
   6.8126790e+06   3.6682129e+01
   6.8127870e+06   3.6376953e+01
   6.8131480e+06   4.7851562e+01
   6.8132270e+06   3.9489746e+01
   6.8133000e+06   3.6376953e+01
   6.8134340e+06   3.6865234e+01
   6.8135800e+06   3.7109375e+01
   6.8342060e+06   3.7597656e+01
   6.8733110e+06   4.5410156e+01
   6.8733280e+06   4.4677734e+01
   6.8734610e+06   4.5043945e+01
   6.8735990e+06   3.6987305e+01
   6.8736230e+06   4.1259766e+01
   6.8736390e+06   4.2846680e+01
   6.8736820e+06   3.6743164e+01
   6.8737190e+06   6.2622070e+01
   6.8737700e+06   3.7658691e+01
   6.8737890e+06   3.7902832e+01
   6.8738100e+06   4.3823242e+01
   6.8738760e+06   3.6987305e+01
   6.8739310e+06   3.5949707e+01
   6.8739530e+06   4.5898438e+01
   6.8739640e+06   3.8085938e+01
   6.8740070e+06   4.7302246e+01
   6.8740310e+06   3.9123535e+01
   6.8740740e+06   4.1931152e+01
   6.8741430e+06   3.6010742e+01
   6.8742110e+06   4.1076660e+01
   6.8742940e+06   4.1870117e+01
   6.8744570e+06   3.9306641e+01
   6.8745700e+06   5.6945801e+01
   6.8747170e+06   3.6560059e+01
   6.8749820e+06   3.7597656e+01
   7.2281160e+06   3.8146973e+01
   7.2282410e+06   4.0527344e+01
   7.2284220e+06   3.6560059e+01
   7.2284960e+06   4.1076660e+01
   7.2285340e+06   5.5419922e+01
   7.2285660e+06   4.6569824e+01
   7.2285800e+06   3.8391113e+01
   7.2286160e+06   4.1015625e+01
   7.2286370e+06   3.9428711e+01
   7.2287080e+06   5.5236816e+01
   7.2287300e+06   3.9489746e+01
   7.2287860e+06   4.8400879e+01
   7.2288400e+06   4.4982910e+01
   7.2289030e+06   4.4982910e+01
   7.2289930e+06   4.2480469e+01
   7.2290770e+06   3.6865234e+01
   7.2291250e+06   3.9855957e+01
   7.2294580e+06   3.8757324e+01
   7.2295840e+06   3.6437988e+01
   7.2297970e+06   3.5949707e+01
   7.2468450e+06   4.1015625e+01
   7.2468680e+06   4.1992188e+01
   7.2468780e+06   4.6447754e+01
   7.2469180e+06   5.4138184e+01
   7.2469310e+06   4.8095703e+01
   7.2469540e+06   5.5114746e+01
   7.2469820e+06   4.8339844e+01
   7.2470240e+06   3.9001465e+01
   7.2470830e+06   4.0649414e+01
   7.2470990e+06   3.7414551e+01
   7.2471310e+06   5.3771973e+01
   7.2471580e+06   4.9804688e+01
   7.2472320e+06   3.7170410e+01
   7.2472750e+06   4.1442871e+01
   7.2473580e+06   4.6508789e+01
   7.2475190e+06   3.6804199e+01
   7.2476400e+06   4.7973633e+01
   7.2478400e+06   4.2358398e+01
   7.2480790e+06   3.6560059e+01
   7.2482600e+06   3.6560059e+01
   7.2988090e+06   3.8024902e+01
   7.3472250e+06   3.6193848e+01
   7.3473310e+06   4.3273926e+01
   7.3474360e+06   3.7719727e+01
   7.3474610e+06   5.3100586e+01
   7.3474970e+06   7.4768066e+01
   7.3475250e+06   5.0598145e+01
   7.3475400e+06   4.8522949e+01
   7.3475870e+06   3.6071777e+01
   7.3476040e+06   5.3527832e+01
   7.3476440e+06   3.6315918e+01
   7.3476600e+06   3.8208008e+01
   7.3476940e+06   4.4128418e+01
   7.3477040e+06   3.8146973e+01
   7.3477520e+06   5.5053711e+01
   7.3478100e+06   3.6071777e+01
   7.3478790e+06   3.8208008e+01
   7.3479730e+06   3.8879395e+01
   7.3480590e+06   4.2175293e+01
   7.3481280e+06   3.6804199e+01
   7.3484930e+06   4.0710449e+01
   7.3486270e+06   3.7963867e+01
   7.3489270e+06   3.6926270e+01
   7.4058860e+06   3.6315918e+01
   7.9332410e+06   3.6010742e+01
   7.9495050e+06   3.7414551e+01
   7.9495930e+06   4.9255371e+01
   7.9496850e+06   4.9926758e+01
   7.9497400e+06   4.4738770e+01
   7.9497890e+06   6.2622070e+01
   7.9498260e+06   3.7902832e+01
   7.9498500e+06   4.3457031e+01
   7.9498660e+06   3.7597656e+01
   7.9499440e+06   4.0588379e+01
   7.9499750e+06   3.7109375e+01
   7.9501050e+06   4.9926758e+01
   7.9501590e+06   3.6010742e+01
   7.9501750e+06   3.9733887e+01
   7.9502240e+06   4.4006348e+01
   7.9505060e+06   4.0771484e+01
   7.9506240e+06   3.7597656e+01
   7.9506900e+06   3.8940430e+01
   7.9507830e+06   4.3579102e+01
   7.9509250e+06   4.0832520e+01
   7.9510660e+06   3.6376953e+01
   7.9512320e+06   4.5471191e+01
   8.0272950e+06   4.8034668e+01
   8.0306960e+06   4.5471191e+01
   8.0308110e+06   4.1564941e+01
   8.0309210e+06   5.8959961e+01
   8.0309570e+06   5.6823730e+01
   8.0309790e+06   5.7373047e+01
   8.0310200e+06   3.6132812e+01
   8.0310660e+06   6.0607910e+01
   8.0310960e+06   4.1748047e+01
   8.0311090e+06   6.7687988e+01
   8.0311370e+06   4.0771484e+01
   8.0311520e+06   4.3762207e+01
   8.0311700e+06   3.7231445e+01
   8.0311950e+06   5.4260254e+01
   8.0312130e+06   4.1137695e+01
   8.0312870e+06   3.6987305e+01
   8.0313580e+06   3.7658691e+01
   8.0314410e+06   3.6193848e+01
   8.0315280e+06   4.7790527e+01
   8.0319900e+06   4.0588379e+01
   8.0320580e+06   3.6437988e+01
   8.0321420e+06   4.0100098e+01
   8.0323340e+06   3.7048340e+01
   8.0325790e+06   3.6071777e+01
   8.1018060e+06   5.0109863e+01
   8.1018480e+06   3.6193848e+01
   8.1018860e+06   5.9204102e+01
   8.1019300e+06   4.1320801e+01
   8.1019600e+06   3.7963867e+01
   8.1019730e+06   5.4687500e+01
   8.1020070e+06   3.7109375e+01
   8.1020360e+06   3.6621094e+01
   8.1020720e+06   5.3161621e+01
   8.1020850e+06   5.1269531e+01
   8.1021300e+06   3.7780762e+01
   8.1021760e+06   3.7353516e+01
   8.1022260e+06   4.0527344e+01
   8.1022580e+06   4.1748047e+01
   8.1022720e+06   5.1025391e+01
   8.1024230e+06   4.8889160e+01
   8.1027280e+06   3.8085938e+01
   8.1027810e+06   3.8635254e+01
   8.1029220e+06   4.5654297e+01
   8.1031310e+06   4.1625977e+01
   8.1031890e+06   3.9184570e+01
   8.1325570e+06   3.9916992e+01
   8.1328380e+06   4.1076660e+01
   8.1328510e+06   5.3405762e+01
   8.1328720e+06   4.0832520e+01
   8.1329320e+06   3.7109375e+01
   8.1329430e+06   4.7058105e+01
   8.1329660e+06   4.6813965e+01
   8.1330160e+06   3.7353516e+01
   8.1330330e+06   4.2114258e+01
   8.1330550e+06   4.1015625e+01
   8.1330750e+06   5.7495117e+01
   8.1331240e+06   4.1442871e+01
   8.1331470e+06   3.6132812e+01
   8.1332560e+06   3.7963867e+01
   8.1333740e+06   3.7475586e+01
   8.1333940e+06   3.6376953e+01
   8.1335200e+06   3.8452148e+01
   8.1336830e+06   4.2602539e+01
   8.1337220e+06   3.7048340e+01
   8.1338580e+06   3.7658691e+01
   8.1341750e+06   3.7597656e+01
   8.1345030e+06   4.1503906e+01
   8.2321610e+06   3.6987305e+01
   8.3144740e+06   3.8879395e+01
   8.5051760e+06   5.2551270e+01
   8.5052740e+06   3.8024902e+01
   8.5052970e+06   4.8278809e+01
   8.5053800e+06   4.3518066e+01
   8.5053950e+06   3.7963867e+01
   8.5054510e+06   4.6875000e+01
   8.5054750e+06   3.8208008e+01
   8.5054860e+06   5.4382324e+01
   8.5055070e+06   4.1198730e+01
   8.5055190e+06   5.5908203e+01
   8.5055760e+06   4.2663574e+01
   8.5056610e+06   3.9550781e+01
   8.5057080e+06   5.0720215e+01
   8.5057250e+06   3.9184570e+01
   8.5058160e+06   3.9550781e+01
   8.5058740e+06   4.2724609e+01
   8.5059670e+06   3.7780762e+01
   8.5061270e+06   5.4504395e+01
   8.5064630e+06   4.0649414e+01
   8.5066070e+06   4.3457031e+01
   8.5542330e+06   3.6621094e+01
   8.5545160e+06   4.9743652e+01
   8.5545850e+06   5.6762695e+01
   8.5546060e+06   4.9194336e+01
   8.5546410e+06   3.6071777e+01
   8.5546540e+06   4.7668457e+01
   8.5546890e+06   5.3588867e+01
   8.5547320e+06   3.9062500e+01
   8.5547580e+06   3.6682129e+01
   8.5547870e+06   3.5949707e+01
   8.5548080e+06   3.9428711e+01
   8.5548330e+06   3.7658691e+01
   8.5548510e+06   3.8024902e+01
   8.5548870e+06   4.1748047e+01
   8.5550140e+06   4.0588379e+01
   8.5550870e+06   5.1757812e+01
   8.5551220e+06   4.3457031e+01
   8.5552250e+06   4.5410156e+01
   8.5552370e+06   3.6865234e+01
   8.5553910e+06   5.5419922e+01
   8.5554930e+06   4.0039062e+01
   8.5555910e+06   4.0283203e+01
   8.5556160e+06   4.1442871e+01
   8.5557550e+06   3.8146973e+01
   8.5560030e+06   3.6499023e+01
   8.5560540e+06   3.6071777e+01
   8.6118090e+06   4.0710449e+01
   8.6137300e+06   3.5949707e+01
   8.6197160e+06   3.8085938e+01
   8.6764940e+06   3.9489746e+01
   8.9487520e+06   3.6132812e+01
   8.9909190e+06   4.3762207e+01
   9.0160820e+06   4.8034668e+01
   9.0161740e+06   4.2602539e+01
   9.0162080e+06   3.7170410e+01
   9.0162230e+06   4.0466309e+01
   9.0162430e+06   5.9753418e+01
   9.0162620e+06   3.6254883e+01
   9.0162890e+06   4.1503906e+01
   9.0163140e+06   5.1574707e+01
   9.0163280e+06   4.9621582e+01
   9.0163610e+06   3.8452148e+01
   9.0163980e+06   3.9978027e+01
   9.0164540e+06   4.3395996e+01
   9.0164800e+06   3.9428711e+01
   9.0164990e+06   4.1320801e+01
   9.0165590e+06   3.7231445e+01
   9.0166580e+06   4.0710449e+01
   9.0169840e+06   3.6376953e+01
   9.0170610e+06   3.6621094e+01
   9.0172060e+06   4.3273926e+01
   9.0172730e+06   3.6193848e+01
   9.0174750e+06   3.6071777e+01
   9.0178640e+06   3.9001465e+01
   9.0180080e+06   3.7536621e+01
   9.0187570e+06   3.6682129e+01
   9.0942260e+06   5.1269531e+01
   9.0942860e+06   4.0588379e+01
   9.0943270e+06   4.8217773e+01
   9.0943590e+06   4.7607422e+01
   9.0943750e+06   4.8400879e+01
   9.0943960e+06   6.3903809e+01
   9.0944360e+06   4.7790527e+01
   9.0944960e+06   4.6203613e+01
   9.0945400e+06   5.8105469e+01
   9.0945980e+06   4.9743652e+01
   9.0946720e+06   4.6630859e+01
   9.0946870e+06   3.9306641e+01
   9.0948370e+06   3.6376953e+01
   9.0949800e+06   3.6621094e+01
   9.0950590e+06   4.0954590e+01
   9.0950760e+06   4.0954590e+01
   9.0953030e+06   3.6193848e+01
   9.0953460e+06   4.1320801e+01
   9.0961260e+06   3.9855957e+01
   9.0965100e+06   3.9794922e+01
   9.1362580e+06   3.5949707e+01
   9.1362860e+06   6.1645508e+01
   9.1363600e+06   4.0588379e+01
   9.1364140e+06   3.8208008e+01
   9.1364290e+06   4.3395996e+01
   9.1364530e+06   4.1198730e+01
   9.1364830e+06   4.6020508e+01
   9.1365050e+06   4.3945312e+01
   9.1365250e+06   4.3945313e+01
   9.1365480e+06   4.0405273e+01
   9.1365660e+06   3.7475586e+01
   9.1365890e+06   4.1320801e+01
   9.1366060e+06   3.6376953e+01
   9.1366250e+06   4.4128418e+01
   9.1366830e+06   4.3823242e+01
   9.1367040e+06   4.8583984e+01
   9.1367360e+06   3.8391113e+01
   9.1368080e+06   4.6691895e+01
   9.1369020e+06   6.7687988e+01
   9.1369690e+06   3.7048340e+01
   9.1370010e+06   6.0607910e+01
   9.1371430e+06   6.1218262e+01
   9.1372850e+06   4.3273926e+01
   9.1374290e+06   3.7475586e+01
   9.1377520e+06   3.7170410e+01
   9.3610380e+06   3.8818359e+01
   9.4437780e+06   3.9062500e+01
   9.5482820e+06   3.7536621e+01
   9.5483530e+06   3.5949707e+01
   9.5484980e+06   4.9316406e+01
   9.5485230e+06   3.7780762e+01
   9.5485650e+06   4.3884277e+01
   9.5486040e+06   4.1320801e+01
   9.5486590e+06   4.9499512e+01
   9.5486810e+06   3.6254883e+01
   9.5487140e+06   3.9062500e+01
   9.5487360e+06   4.4311523e+01
   9.5487970e+06   4.5471191e+01
   9.5488150e+06   4.6569824e+01
   9.5488540e+06   3.7048340e+01
   9.5488800e+06   4.6203613e+01
   9.5489080e+06   5.2551270e+01
   9.5489420e+06   3.9367676e+01
   9.5489520e+06   3.6193848e+01
   9.5489840e+06   4.8645020e+01
   9.5490310e+06   6.6162109e+01
   9.5491990e+06   5.0170898e+01
   9.5494030e+06   5.3222656e+01
   9.5494420e+06   3.7841797e+01
   9.5495790e+06   3.8391113e+01
   9.5496080e+06   3.5888672e+01
   9.5496460e+06   3.9245605e+01
   9.5497320e+06   3.6804199e+01
   9.5497810e+06   4.6875000e+01
   9.5503440e+06   4.0405273e+01
   9.5526610e+06   3.7048340e+01
   9.5718410e+06   4.0405273e+01
   9.5749910e+06   3.7780762e+01
   9.5751590e+06   5.3161621e+01
   9.5751970e+06   4.5349121e+01
   9.5752150e+06   5.2185059e+01
   9.5752410e+06   3.9001465e+01
   9.5752640e+06   6.1462402e+01
   9.5752800e+06   3.7353516e+01
   9.5752920e+06   5.1269531e+01
   9.5753310e+06   4.7485352e+01
   9.5753730e+06   4.1687012e+01
   9.5754200e+06   3.8818359e+01
   9.5754800e+06   4.9377441e+01
   9.5754950e+06   4.4738770e+01
   9.5755170e+06   4.0588379e+01
   9.5755650e+06   3.6560059e+01
   9.5756180e+06   4.1320801e+01
   9.5756630e+06   3.9001465e+01
   9.5756840e+06   4.8339844e+01
   9.5757730e+06   6.1950684e+01
   9.5759980e+06   4.9987793e+01
   9.5760970e+06   3.7597656e+01
   9.5761120e+06   3.7902832e+01
   9.5762980e+06   3.9916992e+01
   9.5765120e+06   4.6875000e+01
   9.5766880e+06   3.9550781e+01
   9.5767010e+06   3.6682129e+01
   9.5770350e+06   4.7851562e+01
   9.5772000e+06   4.0222168e+01
   9.8140680e+06   4.3090820e+01
   9.8142410e+06   4.2297363e+01
   9.8143690e+06   3.6376953e+01
   9.8143800e+06   5.6091309e+01
   9.8144440e+06   4.2236328e+01
   9.8144600e+06   4.4250488e+01
   9.8144890e+06   6.0302734e+01
   9.8145260e+06   4.3640137e+01
   9.8145370e+06   5.5297852e+01
   9.8145820e+06   5.1757812e+01
   9.8146120e+06   4.8583984e+01
   9.8146300e+06   4.3457031e+01
   9.8146620e+06   4.0649414e+01
   9.8146820e+06   4.0832520e+01
   9.8147000e+06   6.1828613e+01
   9.8147300e+06   3.6987305e+01
   9.8147640e+06   4.1992188e+01
   9.8147780e+06   4.4616699e+01
   9.8148440e+06   4.9194336e+01
   9.8149280e+06   3.8085938e+01
   9.8149440e+06   4.4616699e+01
   9.8150190e+06   4.4921875e+01
   9.8151210e+06   4.8828125e+01
   9.8153270e+06   4.3151855e+01
   9.8155790e+06   4.1442871e+01
   9.8158790e+06   3.7109375e+01
   9.8383870e+06   4.2053223e+01
   9.8384510e+06   4.0405273e+01
   9.8386980e+06   5.4870605e+01
   9.8387320e+06   4.8400879e+01
   9.8387520e+06   3.8940430e+01
   9.8387670e+06   3.9367676e+01
   9.8387860e+06   4.5166016e+01
   9.8388160e+06   4.4372559e+01
   9.8388390e+06   5.0659180e+01
   9.8388760e+06   4.8950195e+01
   9.8388950e+06   4.1931152e+01
   9.8389250e+06   5.7495117e+01
   9.8389490e+06   4.0588379e+01
   9.8389890e+06   4.0771484e+01
   9.8390390e+06   3.7170410e+01
   9.8391350e+06   3.9001465e+01
   9.8391910e+06   4.4738770e+01
   9.8393130e+06   4.4860840e+01
   9.8395140e+06   4.5166016e+01
   9.8396400e+06   4.4372559e+01
   9.8397060e+06   3.5888672e+01
   9.8402420e+06   3.8330078e+01
   9.8409010e+06   4.4250488e+01
   1.0063537e+07   4.7180176e+01
   1.0063643e+07   4.4006348e+01
   1.0063700e+07   4.2114258e+01
   1.0063736e+07   3.7292480e+01
   1.0063810e+07   4.2480469e+01
   1.0063840e+07   5.9570312e+01
   1.0063884e+07   3.9123535e+01
   1.0063922e+07   5.3649902e+01
   1.0063942e+07   4.4555664e+01
   1.0063980e+07   3.9672852e+01
   1.0064042e+07   4.1870117e+01
   1.0064052e+07   4.3212891e+01
   1.0064105e+07   5.3771973e+01
   1.0064131e+07   3.7475586e+01
   1.0064165e+07   3.8940430e+01
   1.0064297e+07   5.2001953e+01
   1.0064397e+07   4.5227051e+01
   1.0064443e+07   3.6010742e+01
   1.0064711e+07   4.0710449e+01
   1.0064870e+07   3.9062500e+01
   1.0064897e+07   3.6010742e+01
   1.0127381e+07   4.8645020e+01
   1.0127464e+07   4.0893555e+01
   1.0127656e+07   3.6071777e+01
   1.0127720e+07   3.9794922e+01
   1.0127743e+07   4.5043945e+01
   1.0127772e+07   4.9804688e+01
   1.0127797e+07   5.0537109e+01
   1.0127828e+07   4.5776367e+01
   1.0127844e+07   3.6560059e+01
   1.0127871e+07   5.8898926e+01
   1.0127905e+07   4.1198730e+01
   1.0127920e+07   6.3781738e+01
   1.0127979e+07   4.0283203e+01
   1.0128011e+07   3.9245605e+01
   1.0128032e+07   5.1940918e+01
   1.0128050e+07   3.8330078e+01
   1.0128122e+07   3.8513184e+01
   1.0128158e+07   3.7658691e+01
   1.0128289e+07   3.9062500e+01
   1.0128308e+07   3.9001465e+01
   1.0128385e+07   5.5358887e+01
   1.0128557e+07   3.7170410e+01
   1.0128637e+07   3.7658691e+01
   1.0128940e+07   3.7597656e+01
   1.0129146e+07   4.1198730e+01
   1.0221939e+07   3.9794922e+01
   1.0410124e+07   3.7231445e+01
   1.0526113e+07   3.8085938e+01
   1.0526326e+07   4.4006348e+01
   1.0526384e+07   5.3955078e+01
   1.0526398e+07   4.7546387e+01
   1.0526430e+07   4.3090820e+01
   1.0526451e+07   4.3457031e+01
   1.0526473e+07   3.8391113e+01
   1.0526521e+07   5.0048828e+01
   1.0526531e+07   4.1320801e+01
   1.0526566e+07   3.8940430e+01
   1.0526594e+07   3.8330078e+01
   1.0526615e+07   3.8818359e+01
   1.0526650e+07   5.3649902e+01
   1.0526689e+07   3.6010742e+01
   1.0526769e+07   3.8208008e+01
   1.0526852e+07   3.7597656e+01
   1.0526886e+07   3.7231445e+01
   1.0526996e+07   3.6376953e+01
   1.0527012e+07   4.9438477e+01
   1.0527160e+07   4.2419434e+01
   1.0527272e+07   3.6071777e+01
   1.0527299e+07   4.2480469e+01
   1.0527504e+07   3.8818359e+01
   1.0527600e+07   3.9245605e+01
   1.0527644e+07   4.0893555e+01
   1.0551483e+07   4.2968750e+01
   1.0551658e+07   3.9611816e+01
   1.0551801e+07   5.0109863e+01
   1.0551827e+07   3.7048340e+01
   1.0551848e+07   4.2602539e+01
   1.0551868e+07   4.5837402e+01
   1.0551898e+07   3.8452148e+01
   1.0551922e+07   3.8330078e+01
   1.0551967e+07   4.6325684e+01
   1.0551982e+07   3.9611816e+01
   1.0552007e+07   3.7231445e+01
   1.0552035e+07   4.4372559e+01
   1.0552079e+07   4.8278809e+01
   1.0552094e+07   4.1320801e+01
   1.0552133e+07   3.8635254e+01
   1.0552163e+07   3.7048340e+01
   1.0552231e+07   5.4992676e+01
   1.0552297e+07   4.3151855e+01
   1.0552313e+07   4.6997070e+01
   1.0552382e+07   3.7048340e+01
   1.0552427e+07   4.2785645e+01
   1.0552467e+07   4.5349121e+01
   1.0552544e+07   3.8269043e+01
   1.0552670e+07   5.2795410e+01
   1.0552713e+07   3.9001465e+01
   1.0552844e+07   4.3457031e+01
   1.0553050e+07   3.7048340e+01
   1.0553308e+07   3.6987305e+01
   1.0752183e+07   4.1137695e+01
   1.0752551e+07   4.1809082e+01
   1.0752626e+07   3.5949707e+01
   1.0752652e+07   7.4890137e+01
   1.0752673e+07   4.9194336e+01
   1.0752695e+07   4.6081543e+01
   1.0752756e+07   3.6315918e+01
   1.0752767e+07   4.0649414e+01
   1.0752824e+07   3.9062500e+01
   1.0752841e+07   3.6071777e+01
   1.0752860e+07   3.9794922e+01
   1.0752877e+07   4.4006348e+01
   1.0752957e+07   3.7719727e+01
   1.0752985e+07   4.3945312e+01
   1.0753064e+07   4.0527344e+01
   1.0753153e+07   5.7128906e+01
   1.0753392e+07   3.7902832e+01
   1.0753576e+07   3.6865234e+01
   1.0753720e+07   3.9184570e+01
   1.0753876e+07   4.6813965e+01
   1.0753910e+07   3.9489746e+01
   1.0753928e+07   4.1870117e+01
   1.0754115e+07   3.8208008e+01
   1.0787844e+07   4.1503906e+01
   1.1193589e+07   4.2053223e+01
   1.1193726e+07   3.6193848e+01
   1.1193759e+07   4.1381836e+01
   1.1193877e+07   4.0283203e+01
   1.1193928e+07   5.4321289e+01
   1.1193957e+07   3.9489746e+01
   1.1193998e+07   5.2795410e+01
   1.1194015e+07   4.0588379e+01
   1.1194034e+07   3.9367676e+01
   1.1194062e+07   3.9672852e+01
   1.1194078e+07   3.9245605e+01
   1.1194103e+07   5.0292969e+01
   1.1194115e+07   4.1748047e+01
   1.1194147e+07   6.4086914e+01
   1.1194168e+07   3.6132812e+01
   1.1194180e+07   4.4677734e+01
   1.1194250e+07   4.1381836e+01
   1.1194306e+07   4.4616699e+01
   1.1194438e+07   4.9499512e+01
   1.1194516e+07   4.8645020e+01
   1.1194596e+07   3.7109375e+01
   1.1194726e+07   3.9916992e+01
   1.1194807e+07   3.7658691e+01
   1.1194940e+07   3.6193848e+01
   1.1198712e+07   3.8208008e+01
   1.1218191e+07   4.2724609e+01
   1.1218549e+07   3.8696289e+01
   1.1218613e+07   3.9306641e+01
   1.1218650e+07   3.8208008e+01
   1.1218667e+07   6.3476562e+01
   1.1218706e+07   4.6081543e+01
   1.1218729e+07   4.2236328e+01
   1.1218755e+07   4.5288086e+01
   1.1218780e+07   4.1076660e+01
   1.1218790e+07   5.8654785e+01
   1.1218811e+07   4.4555664e+01
   1.1218829e+07   4.3334961e+01
   1.1218876e+07   5.1696777e+01
   1.1218890e+07   3.6621094e+01
   1.1218917e+07   3.5888672e+01
   1.1219068e+07   3.8574219e+01
   1.1219136e+07   3.6743164e+01
   1.1219212e+07   4.0100098e+01
   1.1219307e+07   3.9733887e+01
   1.1219404e+07   3.6254883e+01
   1.1219429e+07   4.1076660e+01
   1.1219513e+07   6.1401367e+01
   1.1219535e+07   3.9428711e+01
   1.1219675e+07   3.7475586e+01
   1.1219842e+07   4.3518066e+01
   1.1317150e+07   3.9916992e+01
   1.1350070e+07   4.5898438e+01
   1.1350259e+07   3.6621094e+01
   1.1350288e+07   3.8940430e+01
   1.1350305e+07   4.5227051e+01
   1.1350327e+07   3.8024902e+01
   1.1350380e+07   3.8208008e+01
   1.1350403e+07   6.3049316e+01
   1.1350422e+07   4.6508789e+01
   1.1350472e+07   6.4270020e+01
   1.1350527e+07   4.2724609e+01
   1.1350606e+07   3.9611816e+01
   1.1350627e+07   3.7658691e+01
   1.1350686e+07   4.0771484e+01
   1.1350728e+07   4.4128418e+01
   1.1350741e+07   6.5612793e+01
   1.1350822e+07   4.1076660e+01
   1.1350904e+07   5.0170898e+01
   1.1350978e+07   3.7048340e+01
   1.1351054e+07   3.9245605e+01
   1.1351422e+07   3.7597656e+01
   1.1351597e+07   4.1015625e+01
   1.1352030e+07   4.0588379e+01
   1.1419927e+07   4.6447754e+01
   1.1750081e+07   4.0832520e+01
   1.1750308e+07   3.7475586e+01
   1.1750368e+07   3.7780762e+01
   1.1750397e+07   4.1870117e+01
   1.1750424e+07   5.6396484e+01
   1.1750469e+07   3.9367676e+01
   1.1750490e+07   5.6579590e+01
   1.1750500e+07   3.7353516e+01
   1.1750520e+07   5.8593750e+01
   1.1750545e+07   5.0170898e+01
   1.1750568e+07   5.9814453e+01
   1.1750626e+07   4.7485352e+01
   1.1750636e+07   4.7363281e+01
   1.1750667e+07   4.3945312e+01
   1.1750694e+07   4.1625977e+01
   1.1750759e+07   5.2795410e+01
   1.1750776e+07   4.2724609e+01
   1.1750842e+07   3.7536621e+01
   1.1751028e+07   3.6804199e+01
   1.1751045e+07   3.6071777e+01
   1.1751075e+07   3.5888672e+01
   1.1751147e+07   6.0668945e+01
   1.1751283e+07   3.8696289e+01
   1.1751301e+07   3.8513184e+01
   1.1751467e+07   4.1870117e+01
   1.1751884e+07   3.6071777e+01
   1.1858065e+07   3.6621094e+01
