   1.1996000e+07   0.0000000e+00
   5.5846000e+04   5.9753418e+01
   5.5885000e+04   4.1931152e+01
   5.5944000e+04   4.5410156e+01
   5.5960000e+04   7.5561523e+01
   5.5980000e+04   4.5837402e+01
   5.6011000e+04   3.4149170e+02
   5.6038000e+04   2.1020508e+02
   5.6068000e+04   1.4807129e+02
   5.6086000e+04   5.9814453e+01
   5.6098000e+04   1.4453125e+02
   5.6109000e+04   6.4758301e+01
   5.6136000e+04   5.7067871e+01
   5.6148000e+04   6.8786621e+01
   5.6173000e+04   4.1320801e+01
   5.6183000e+04   8.4960938e+01
   5.6244000e+04   4.2175293e+01
   5.6259000e+04   1.2835693e+02
   5.6284000e+04   4.4982910e+01
   5.6353000e+04   4.9987793e+01
   5.6370000e+04   4.2602539e+01
   5.6416000e+04   4.1870117e+01
   5.6446000e+04   3.9062500e+01
   5.6473000e+04   4.4128418e+01
   5.6505000e+04   4.0039062e+01
   5.6553000e+04   4.1015625e+01
   5.6573000e+04   4.1259766e+01
   5.6587000e+04   4.6203613e+01
   5.6618000e+04   4.0161133e+01
   5.6643000e+04   9.3261719e+01
   5.6658000e+04   5.4321289e+01
   5.6693000e+04   4.7485352e+01
   5.6709000e+04   4.1381836e+01
   5.6751000e+04   4.1137695e+01
   5.6772000e+04   5.5480957e+01
   5.6835000e+04   5.5725098e+01
   5.6857000e+04   4.1809082e+01
   5.6898000e+04   9.8815918e+01
   5.6963000e+04   4.6752930e+01
   5.6996000e+04   4.6142578e+01
   5.7093000e+04   4.2175293e+01
   5.7137000e+04   1.0614014e+02
   5.7158000e+04   6.5551758e+01
   5.7188000e+04   6.4086914e+01
   5.7213000e+04   4.3395996e+01
   5.7393000e+04   9.1003418e+01
   5.7579000e+04   4.5166016e+01
   5.7837000e+04   3.8574219e+01
   5.7910000e+04   1.7138672e+02
   6.1295400e+05   4.8461914e+01
   6.1297300e+05   4.6447754e+01
   6.1301600e+05   4.2053223e+01
   6.1306800e+05   6.8298340e+01
   6.1307800e+05   4.2358398e+01
   6.1309700e+05   2.4206543e+02
   6.1311800e+05   6.2255859e+01
   6.1315000e+05   2.2338867e+02
   6.1316100e+05   4.9011230e+01
   6.1317900e+05   5.5725098e+01
   6.1321400e+05   1.7138672e+02
   6.1323000e+05   1.3372803e+02
   6.1324600e+05   5.2246094e+01
   6.1327900e+05   1.2835693e+02
   6.1329800e+05   3.9489746e+01
   6.1333400e+05   6.0119629e+01
   6.1336400e+05   4.5776367e+01
   6.1339500e+05   4.6813965e+01
   6.1340900e+05   9.3383789e+01
   6.1344600e+05   4.2846680e+01
   6.1346400e+05   3.9306641e+01
   6.1350400e+05   4.7851562e+01
   6.1358700e+05   5.6396484e+01
   6.1363700e+05   5.7067871e+01
   6.1365300e+05   5.0659180e+01
   6.1369600e+05   5.0231934e+01
   6.1373400e+05   4.8706055e+01
   6.1375700e+05   6.1462402e+01
   6.1381600e+05   4.3151855e+01
   6.1383600e+05   4.6752930e+01
   6.1389200e+05   3.9001465e+01
   6.1391100e+05   4.9743652e+01
   6.1404100e+05   5.4687500e+01
   6.1421700e+05   5.7983398e+01
   6.1424900e+05   5.6579590e+01
   6.1432900e+05   4.2175293e+01
   6.1435500e+05   4.0771484e+01
   6.1444300e+05   6.9396973e+01
   6.1445300e+05   1.0681152e+02
   6.1452600e+05   6.0302734e+01
   6.1455400e+05   4.8156738e+01
   6.1458900e+05   4.1259766e+01
   6.1466300e+05   1.0345459e+02
   6.1473300e+05   1.1779785e+02
   6.1477300e+05   4.4799805e+01
   6.1479800e+05   1.0540771e+02
   6.1481800e+05   5.9509277e+01
   6.1483800e+05   3.8757324e+01
   6.1501400e+05   4.8828125e+01
   6.1503300e+05   3.9550781e+01
   6.1511900e+05   1.5557861e+02
   6.1535100e+05   4.3518066e+01
   7.2784800e+05   5.4992676e+01
   7.2790300e+05   4.0588379e+01
   7.2797800e+05   4.8217773e+01
   7.2800000e+05   8.1481934e+01
   7.2802200e+05   5.1879883e+01
   7.2804900e+05   2.8228760e+02
   7.2807100e+05   2.2393799e+02
   7.2808500e+05   1.1383057e+02
   7.2810200e+05   1.0406494e+02
   7.2812500e+05   1.4886475e+02
   7.2815400e+05   4.1381836e+01
   7.2816400e+05   4.5043945e+01
   7.2817400e+05   1.4782715e+02
   7.2819400e+05   1.2213135e+02
   7.2821600e+05   4.3273926e+01
   7.2824700e+05   4.1320801e+01
   7.2825800e+05   4.4799805e+01
   7.2827700e+05   5.0170898e+01
   7.2830500e+05   1.1370850e+02
   7.2833500e+05   5.2246094e+01
   7.2834500e+05   4.2785645e+01
   7.2838900e+05   4.2114258e+01
   7.2842200e+05   4.4738770e+01
   7.2846600e+05   4.1442871e+01
   7.2854700e+05   4.9377441e+01
   7.2856100e+05   1.2121582e+02
   7.2861800e+05   5.0537109e+01
   7.2867100e+05   5.7434082e+01
   7.2869900e+05   1.0351562e+02
   7.2873000e+05   4.4555664e+01
   7.2874700e+05   4.4860840e+01
   7.2879800e+05   4.3334961e+01
   7.2882400e+05   4.4616699e+01
   7.2883600e+05   8.5693359e+01
   7.2890800e+05   8.5021973e+01
   7.2893100e+05   4.2419434e+01
   7.2908100e+05   3.9550781e+01
   7.2912800e+05   9.7961426e+01
   7.2925000e+05   4.4067383e+01
   7.2927200e+05   1.1230469e+02
   7.2930600e+05   4.7668457e+01
   7.2932000e+05   4.4250488e+01
   7.2935600e+05   3.8513184e+01
   7.2954300e+05   4.3273926e+01
   7.2978700e+05   4.1076660e+01
   7.2982100e+05   3.9672852e+01
   7.2997100e+05   1.7395020e+02
   1.4266350e+06   6.9396973e+01
   1.4266740e+06   8.7890625e+01
   1.4266880e+06   4.3395996e+01
   1.4267120e+06   4.5410156e+01
   1.4267350e+06   2.7850342e+02
   1.4267690e+06   2.2253418e+02
   1.4267980e+06   1.0369873e+02
   1.4268300e+06   1.5325928e+02
   1.4268550e+06   1.1889648e+02
   1.4268950e+06   1.1993408e+02
   1.4269110e+06   4.2297363e+01
   1.4269490e+06   7.7819824e+01
   1.4269640e+06   6.8969727e+01
   1.4269880e+06   1.0266113e+02
   1.4270450e+06   6.2561035e+01
   1.4271270e+06   4.0710449e+01
   1.4271450e+06   7.6049805e+01
   1.4272130e+06   3.9123535e+01
   1.4272470e+06   3.8879395e+01
   1.4272770e+06   4.2480469e+01
   1.4272870e+06   5.3955078e+01
   1.4273160e+06   6.4331055e+01
   1.4273890e+06   4.0466309e+01
   1.4274350e+06   4.3151855e+01
   1.4274500e+06   3.8513184e+01
   1.4275790e+06   8.6914062e+01
   1.4276050e+06   3.9916992e+01
   1.4276300e+06   5.0781250e+01
   1.4276590e+06   4.2297363e+01
   1.4277240e+06   8.6914062e+01
   1.4277750e+06   3.9550781e+01
   1.4278050e+06   3.8818359e+01
   1.4278410e+06   3.9733887e+01
   1.4278950e+06   4.0893555e+01
   1.4279410e+06   3.9978027e+01
   1.4279760e+06   8.7097168e+01
   1.4280300e+06   4.8706055e+01
   1.4281070e+06   3.8757324e+01
   1.4281220e+06   6.0302734e+01
   1.4281510e+06   4.9621582e+01
   1.4281620e+06   5.4443359e+01
   1.4281770e+06   4.6875000e+01
   1.4283480e+06   4.6630859e+01
   1.4283700e+06   1.2365723e+02
   1.4284010e+06   5.6884766e+01
   1.4284110e+06   4.1625977e+01
   1.4284910e+06   3.9184570e+01
   1.4286910e+06   1.2426758e+02
   1.4288620e+06   4.0039062e+01
   1.5814090e+06   7.0739746e+01
   1.5814850e+06   3.8696289e+01
   1.5815330e+06   9.6801758e+01
   1.5815580e+06   5.5847168e+01
   1.5815700e+06   3.0865479e+02
   1.5815900e+06   3.2647705e+02
   1.5816010e+06   1.2927246e+02
   1.5816280e+06   9.9853516e+01
   1.5816520e+06   8.2702637e+01
   1.5816710e+06   4.5288086e+01
   1.5816910e+06   4.1564941e+01
   1.5817130e+06   1.6308594e+02
   1.5817270e+06   4.1564941e+01
   1.5817370e+06   8.0993652e+01
   1.5817640e+06   6.8969727e+01
   1.5817910e+06   6.3354492e+01
   1.5818300e+06   1.0119629e+02
   1.5818430e+06   1.2890625e+02
   1.5818770e+06   4.7851562e+01
   1.5819090e+06   4.2602539e+01
   1.5819310e+06   4.2663574e+01
   1.5819410e+06   5.4260254e+01
   1.5820070e+06   4.1564941e+01
   1.5820480e+06   1.0406494e+02
   1.5820640e+06   7.1228027e+01
   1.5821040e+06   5.1757812e+01
   1.5821360e+06   4.0832520e+01
   1.5821870e+06   8.7158203e+01
   1.5822220e+06   4.4860840e+01
   1.5822510e+06   4.8767090e+01
   1.5822650e+06   4.5898438e+01
   1.5823150e+06   1.3220215e+02
   1.5823410e+06   6.4453125e+01
   1.5824140e+06   4.1809082e+01
   1.5824850e+06   1.3568115e+02
   1.5825180e+06   6.5917969e+01
   1.5825400e+06   4.9743652e+01
   1.5826650e+06   1.1798096e+02
   1.5827230e+06   1.1273193e+02
   1.5827330e+06   3.8940430e+01
   1.5828880e+06   4.9377441e+01
   1.5829080e+06   5.0598145e+01
   1.5830350e+06   8.2458496e+01
   1.5830800e+06   1.4337158e+02
   1.5831100e+06   9.8815918e+01
   1.5834400e+06   1.3470459e+02
   1.9385570e+06   5.8837891e+01
   1.9386140e+06   4.8583984e+01
   1.9386810e+06   9.1735840e+01
   1.9387150e+06   6.5917969e+01
   1.9387440e+06   3.0554199e+02
   1.9387680e+06   2.0733643e+02
   1.9387790e+06   1.7736816e+02
   1.9388030e+06   7.5927734e+01
   1.9388320e+06   1.0437012e+02
   1.9388610e+06   1.8103027e+02
   1.9388790e+06   4.6569824e+01
   1.9389130e+06   1.4520264e+02
   1.9389330e+06   4.8339844e+01
   1.9389940e+06   1.2255859e+02
   1.9390270e+06   5.4992676e+01
   1.9390900e+06   7.9406738e+01
   1.9391180e+06   4.0771484e+01
   1.9391980e+06   4.8522949e+01
   1.9392180e+06   8.7829590e+01
   1.9392560e+06   4.7668457e+01
   1.9392730e+06   4.0161133e+01
   1.9393530e+06   8.9599609e+01
   1.9393990e+06   4.8156738e+01
   1.9394880e+06   1.0546875e+02
   1.9394980e+06   5.2307129e+01
   1.9395210e+06   4.7973633e+01
   1.9395390e+06   4.3762207e+01
   1.9395560e+06   3.8757324e+01
   1.9396520e+06   5.8776855e+01
   1.9396660e+06   1.2890625e+02
   1.9397520e+06   4.1748047e+01
   1.9398710e+06   1.3348389e+02
   1.9398950e+06   4.9926758e+01
   1.9399250e+06   4.4860840e+01
   1.9399920e+06   1.1047363e+02
   1.9400790e+06   4.6142578e+01
   1.9400960e+06   4.0039062e+01
   1.9984690e+06   5.4565430e+01
   1.9985200e+06   4.6020508e+01
   1.9985670e+06   4.3884277e+01
   1.9985830e+06   1.2481689e+02
   1.9986170e+06   2.0080566e+02
   1.9986450e+06   2.7636719e+02
   1.9986640e+06   1.9134521e+02
   1.9986750e+06   1.0742188e+02
   1.9987120e+06   1.6143799e+02
   1.9987320e+06   4.5715332e+01
   1.9987420e+06   5.1269531e+01
   1.9987650e+06   7.1289062e+01
   1.9987920e+06   9.4726562e+01
   1.9988120e+06   5.4931641e+01
   1.9988270e+06   1.5124512e+02
   1.9988380e+06   4.0039062e+01
   1.9988690e+06   5.8654785e+01
   1.9988980e+06   4.5349121e+01
   1.9989140e+06   1.1492920e+02
   1.9989510e+06   9.6740723e+01
   1.9989650e+06   4.7424316e+01
   1.9990100e+06   4.1992188e+01
   1.9990430e+06   4.0771484e+01
   1.9990560e+06   1.1621094e+02
   1.9990830e+06   4.6875000e+01
   1.9991180e+06   4.1625977e+01
   1.9992350e+06   1.3885498e+02
   1.9992460e+06   7.7697754e+01
   1.9992730e+06   1.0137939e+02
   1.9993880e+06   4.1259766e+01
   1.9994090e+06   4.4128418e+01
   1.9994340e+06   1.3378906e+02
   1.9994830e+06   8.3129883e+01
   1.9994960e+06   4.4494629e+01
   1.9995540e+06   5.7800293e+01
   1.9996170e+06   6.5551758e+01
   1.9996380e+06   4.7912598e+01
   1.9997030e+06   5.0170898e+01
   1.9997430e+06   4.9072266e+01
   1.9999160e+06   8.9294434e+01
   2.0000250e+06   4.4006348e+01
   2.0001690e+06   3.8818359e+01
   2.0003550e+06   1.3427734e+02
   2.0003700e+06   5.7434082e+01
   2.3321520e+06   5.8532715e+01
   2.3321740e+06   7.2509766e+01
   2.3322300e+06   8.7768555e+01
   2.3322730e+06   4.9133301e+01
   2.3322950e+06   2.9699707e+02
   2.3323180e+06   8.7463379e+01
   2.3323320e+06   1.1010742e+02
   2.3323670e+06   7.7697754e+01
   2.3324050e+06   1.4410400e+02
   2.3324280e+06   5.0720215e+01
   2.3324400e+06   1.0229492e+02
   2.3324910e+06   8.7768555e+01
   2.3325160e+06   4.4677734e+01
   2.3325390e+06   4.2785645e+01
   2.3325720e+06   1.3793945e+02
   2.3326050e+06   4.4311523e+01
   2.3326470e+06   8.1176758e+01
   2.3327350e+06   4.4128418e+01
   2.3327510e+06   8.5266113e+01
   2.3327710e+06   4.5776367e+01
   2.3327860e+06   4.0344238e+01
   2.3328860e+06   7.8918457e+01
   2.3329840e+06   4.2236328e+01
   2.3329980e+06   3.9489746e+01
   2.3330230e+06   7.4401855e+01
   2.3330720e+06   3.8757324e+01
   2.3331170e+06   4.0405273e+01
   2.3331520e+06   4.4250488e+01
   2.3331640e+06   6.9458008e+01
   2.3333030e+06   9.4726562e+01
   2.3333210e+06   4.8278809e+01
   2.3333440e+06   4.6997070e+01
   2.3334370e+06   4.4982910e+01
   2.3334810e+06   4.4433594e+01
   2.3335250e+06   4.8217773e+01
   2.3335460e+06   9.1430664e+01
   2.3336950e+06   1.3824463e+02
   2.3337870e+06   9.5703125e+01
   2.4024070e+06   5.1696777e+01
   2.4025320e+06   8.2763672e+01
   2.4025590e+06   5.8654785e+01
   2.4025710e+06   4.6411133e+02
   2.4026100e+06   1.6064453e+02
   2.4026270e+06   1.3720703e+02
   2.4026440e+06   7.9162598e+01
   2.4026680e+06   1.7016602e+02
   2.4026860e+06   4.6569824e+01
   2.4027140e+06   6.4453125e+01
   2.4027470e+06   1.2609863e+02
   2.4027680e+06   8.4960938e+01
   2.4027790e+06   4.3701172e+01
   2.4028510e+06   1.6052246e+02
   2.4028620e+06   5.8532715e+01
   2.4029200e+06   5.2124023e+01
   2.4029480e+06   4.6203613e+01
   2.4029600e+06   1.0974121e+02
   2.4029880e+06   4.1137695e+01
   2.4030130e+06   5.5358887e+01
   2.4030700e+06   3.9062500e+01
   2.4030820e+06   1.2554932e+02
   2.4031100e+06   4.3701172e+01
   2.4031470e+06   4.7607422e+01
   2.4031950e+06   5.5175781e+01
   2.4032220e+06   4.9194336e+01
   2.4032400e+06   4.0771484e+01
   2.4033160e+06   4.0588379e+01
   2.4033310e+06   4.3457031e+01
   2.4034060e+06   1.5191650e+02
   2.4034290e+06   4.5227051e+01
   2.4034900e+06   3.9184570e+01
   2.4035640e+06   5.3955078e+01
   2.4035830e+06   4.7729492e+01
   2.4035930e+06   8.8928223e+01
   2.4036130e+06   1.2475586e+02
   2.4037930e+06   6.3354492e+01
   2.4039990e+06   1.5802002e+02
   2.4040200e+06   4.1381836e+01
   2.4040430e+06   1.3739014e+02
   2.4042010e+06   4.0649414e+01
   2.9123910e+06   4.8828125e+01
   2.9125020e+06   1.1914062e+02
   2.9125320e+06   5.9753418e+01
   2.9125610e+06   4.8767090e+01
   2.9125870e+06   6.3476563e+01
   2.9126090e+06   2.0361328e+02
   2.9126200e+06   8.5205078e+01
   2.9126540e+06   8.1665039e+01
   2.9126780e+06   1.8048096e+02
   2.9127110e+06   7.0556641e+01
   2.9127270e+06   5.0720215e+01
   2.9127570e+06   1.7333984e+02
   2.9127670e+06   1.0009766e+02
   2.9128080e+06   3.9123535e+01
   2.9128270e+06   1.1193848e+02
   2.9128490e+06   4.8461914e+01
   2.9129130e+06   4.4433594e+01
   2.9129330e+06   4.3823242e+01
   2.9129720e+06   3.9123535e+01
   2.9130110e+06   3.9001465e+01
   2.9130590e+06   4.8156738e+01
   2.9130980e+06   3.8757324e+01
   2.9131710e+06   3.9672852e+01
   2.9131880e+06   4.5959473e+01
   2.9132250e+06   4.4433594e+01
   2.9133460e+06   7.0983887e+01
   2.9133630e+06   5.9570312e+01
   2.9134610e+06   7.2082520e+01
   2.9134800e+06   4.2114258e+01
   2.9135000e+06   4.6936035e+01
   2.9135230e+06   5.0598145e+01
   2.9136070e+06   8.5205078e+01
   2.9136220e+06   4.7607422e+01
   2.9136690e+06   5.8044434e+01
   2.9137700e+06   9.6618652e+01
   2.9138110e+06   4.7729492e+01
   2.9138360e+06   4.6813965e+01
   2.9138750e+06   4.1870117e+01
   2.9139770e+06   1.0784912e+02
   2.9142900e+06   1.1077881e+02
   2.9417700e+06   4.4677734e+01
   2.9418510e+06   5.2124023e+01
   2.9418730e+06   5.8471680e+01
   2.9418840e+06   4.4982910e+01
   2.9419120e+06   2.8527832e+02
   2.9419300e+06   2.2186279e+02
   2.9419400e+06   4.7058105e+01
   2.9419700e+06   1.3269043e+02
   2.9419800e+06   1.5881348e+02
   2.9420180e+06   1.2835693e+02
   2.9420290e+06   8.7097168e+01
   2.9420710e+06   6.6528320e+01
   2.9420830e+06   5.5603027e+01
   2.9420940e+06   4.2907715e+01
   2.9421380e+06   1.2628174e+02
   2.9421490e+06   5.2673340e+01
   2.9421610e+06   5.9448242e+01
   2.9421780e+06   4.3090820e+01
   2.9422220e+06   3.9123535e+01
   2.9422570e+06   4.2053223e+01
   2.9422740e+06   1.1743164e+02
   2.9423150e+06   2.0141602e+02
   2.9423930e+06   4.2114258e+01
   2.9424300e+06   8.1542969e+01
   2.9425030e+06   1.2939453e+02
   2.9425310e+06   4.1076660e+01
   2.9425520e+06   4.0039062e+01
   2.9426590e+06   1.4178467e+02
   2.9426780e+06   9.4848633e+01
   2.9426980e+06   6.1523438e+01
   2.9427180e+06   4.3457031e+01
   2.9428060e+06   4.1870117e+01
   2.9428360e+06   4.8339844e+01
   2.9428670e+06   8.2580566e+01
   2.9429590e+06   6.3964844e+01
   2.9430510e+06   4.9743652e+01
   2.9432400e+06   1.2322998e+02
   2.9434550e+06   1.1932373e+02
   2.9435990e+06   6.1584473e+01
   2.9438870e+06   4.1320801e+01
   2.9440850e+06   1.8731689e+02
   3.3144190e+06   4.4799805e+01
   3.3145080e+06   8.8867188e+01
   3.3145390e+06   2.5384521e+02
   3.3145670e+06   6.4086914e+01
   3.3145940e+06   1.0400391e+02
   3.3146050e+06   2.2747803e+02
   3.3146180e+06   1.9299316e+02
   3.3146290e+06   4.2663574e+01
   3.3146400e+06   4.8461914e+01
   3.3146720e+06   1.7962646e+02
   3.3146860e+06   1.0455322e+02
   3.3147140e+06   5.5969238e+01
   3.3147290e+06   1.6497803e+02
   3.3147480e+06   6.8359375e+01
   3.3147850e+06   8.4838867e+01
   3.3148040e+06   1.4447021e+02
   3.3148230e+06   4.4494629e+01
   3.3148540e+06   4.9621582e+01
   3.3148970e+06   5.8776855e+01
   3.3149330e+06   3.8513184e+01
   3.3150060e+06   1.1163330e+02
   3.3150170e+06   4.3090820e+01
   3.3150430e+06   4.9194336e+01
   3.3151080e+06   5.8044434e+01
   3.3151360e+06   4.3151855e+01
   3.3151660e+06   3.8879395e+01
   3.3151830e+06   5.0292969e+01
   3.3152330e+06   4.7485352e+01
   3.3153200e+06   4.6630859e+01
   3.3153750e+06   1.0809326e+02
   3.3154030e+06   4.0222168e+01
   3.3155130e+06   7.9284668e+01
   3.3156560e+06   9.0515137e+01
   3.3157020e+06   4.0771484e+01
   3.3158860e+06   1.3977051e+02
   3.3159430e+06   4.1259766e+01
   3.3717040e+06   4.3701172e+01
   3.3717470e+06   3.9184570e+01
   3.3718200e+06   7.0617676e+01
   3.3718330e+06   6.3354492e+01
   3.3718580e+06   2.6245117e+02
   3.3718800e+06   1.8133545e+02
   3.3719090e+06   1.4971924e+02
   3.3719370e+06   9.6069336e+01
   3.3719510e+06   6.8115234e+01
   3.3719860e+06   1.0601807e+02
   3.3720110e+06   4.5043945e+01
   3.3720320e+06   1.2188721e+02
   3.3720660e+06   4.0466309e+01
   3.3720780e+06   5.5908203e+01
   3.3720920e+06   1.4636230e+02
   3.3721220e+06   4.0954590e+01
   3.3721360e+06   4.8645020e+01
   3.3721480e+06   1.1846924e+02
   3.3721960e+06   1.3177490e+02
   3.3722450e+06   4.6691895e+01
   3.3722740e+06   6.7993164e+01
   3.3723050e+06   9.3811035e+01
   3.3723320e+06   4.0649414e+01
   3.3723460e+06   4.0161133e+01
   3.3723900e+06   3.8635254e+01
   3.3724280e+06   5.5847168e+01
   3.3724650e+06   4.1015625e+01
   3.3724930e+06   1.4703369e+02
   3.3725450e+06   4.0710449e+01
   3.3726600e+06   8.1726074e+01
   3.3726750e+06   1.8072510e+02
   3.3727260e+06   4.3334961e+01
   3.3728090e+06   5.0354004e+01
   3.3728450e+06   3.9001465e+01
   3.3728620e+06   1.4575195e+02
   3.3728820e+06   3.8879395e+01
   3.3729110e+06   4.0405273e+01
   3.3729730e+06   3.9245605e+01
   3.3730090e+06   3.8818359e+01
   3.3730470e+06   6.2683105e+01
   3.3731230e+06   8.0383301e+01
   3.3731430e+06   4.8278809e+01
   3.3733700e+06   8.0017090e+01
   3.3733980e+06   4.6142578e+01
   3.3736100e+06   4.1198730e+01
   3.3737360e+06   4.2846680e+01
   3.6929900e+06   3.9550781e+01
   3.6930800e+06   4.1137695e+01
   3.6931090e+06   4.0039062e+01
   3.6931260e+06   3.8269043e+01
   3.6931890e+06   9.3872070e+01
   3.6931990e+06   2.9528809e+02
   3.6932400e+06   2.1063232e+02
   3.6932580e+06   6.2072754e+01
   3.6932920e+06   1.5130615e+02
   3.6933110e+06   1.0955811e+02
   3.6933480e+06   1.1682129e+02
   3.6933650e+06   4.7607422e+01
   3.6933850e+06   4.1259766e+01
   3.6934040e+06   1.0113525e+02
   3.6934230e+06   1.1981201e+02
   3.6934700e+06   4.8950195e+01
   3.6934910e+06   1.1047363e+02
   3.6935310e+06   5.8288574e+01
   3.6935750e+06   4.1320801e+01
   3.6936270e+06   7.0556641e+01
   3.6936810e+06   4.1992188e+01
   3.6937280e+06   4.8767090e+01
   3.6937390e+06   4.8034668e+01
   3.6937690e+06   9.4726562e+01
   3.6937790e+06   4.6508789e+01
   3.6938190e+06   4.4250488e+01
   3.6938820e+06   5.7189941e+01
   3.6940820e+06   9.1003418e+01
   3.6941100e+06   4.2846680e+01
   3.6941340e+06   4.1137695e+01
   3.6942390e+06   1.1450195e+02
   3.6942680e+06   5.5480957e+01
   3.6943940e+06   7.5256348e+01
   3.6944520e+06   4.0222168e+01
   3.6945480e+06   4.0344238e+01
   3.6945690e+06   9.6984863e+01
   3.6945970e+06   8.1359863e+01
   3.6948580e+06   3.9489746e+01
   3.7382860e+06   5.5969238e+01
   3.7384380e+06   4.2846680e+01
   3.7384510e+06   3.9062500e+01
   3.7385030e+06   2.1105957e+02
   3.7385220e+06   2.4719238e+02
   3.7385550e+06   2.0300293e+02
   3.7385870e+06   1.5783691e+02
   3.7385990e+06   1.7633057e+02
   3.7386310e+06   6.8786621e+01
   3.7386620e+06   9.6191406e+01
   3.7387080e+06   1.0223389e+02
   3.7387360e+06   4.9194336e+01
   3.7387460e+06   1.2786865e+02
   3.7387930e+06   5.8105469e+01
   3.7388260e+06   4.4433594e+01
   3.7388440e+06   1.0296631e+02
   3.7388930e+06   1.2939453e+02
   3.7389190e+06   3.8635254e+01
   3.7389470e+06   3.8818359e+01
   3.7389720e+06   4.2175293e+01
   3.7390020e+06   3.8269043e+01
   3.7390170e+06   7.5256348e+01
   3.7390430e+06   4.4189453e+01
   3.7390560e+06   1.5631104e+02
   3.7390970e+06   4.4799805e+01
   3.7391640e+06   6.9885254e+01
   3.7391850e+06   4.0466309e+01
   3.7392970e+06   1.5087891e+02
   3.7393420e+06   7.8979492e+01
   3.7394300e+06   4.4921875e+01
   3.7394740e+06   4.1931152e+01
   3.7394920e+06   4.9377441e+01
   3.7395100e+06   3.9001465e+01
   3.7396010e+06   4.3518066e+01
   3.7396710e+06   5.5358887e+01
   3.7396830e+06   6.0302734e+01
   3.7397980e+06   4.6813965e+01
   3.7399640e+06   9.9182129e+01
   4.0493250e+06   4.4982910e+01
   4.0494020e+06   4.0588379e+01
   4.0494430e+06   4.5166016e+01
   4.0494660e+06   8.0505371e+01
   4.0494960e+06   3.0767822e+02
   4.0495150e+06   2.2967529e+02
   4.0495340e+06   1.6632080e+02
   4.0495500e+06   6.5307617e+01
   4.0495930e+06   1.5844727e+02
   4.0496050e+06   1.1474609e+02
   4.0496360e+06   7.8186035e+01
   4.0496570e+06   6.8542480e+01
   4.0496870e+06   7.9528809e+01
   4.0497030e+06   5.2124023e+01
   4.0497240e+06   1.1779785e+02
   4.0497500e+06   4.4799805e+01
   4.0497760e+06   3.9611816e+01
   4.0497940e+06   4.3579102e+01
   4.0498120e+06   1.0034180e+02
   4.0498740e+06   4.2968750e+01
   4.0498950e+06   5.7128906e+01
   4.0499050e+06   3.9978027e+01
   4.0499400e+06   4.1687012e+01
   4.0499990e+06   4.1625977e+01
   4.0500360e+06   5.8288574e+01
   4.0500850e+06   6.3659668e+01
   4.0501510e+06   4.5654297e+01
   4.0501730e+06   7.1716309e+01
   4.0501940e+06   4.2663574e+01
   4.0502160e+06   5.0292969e+01
   4.0502420e+06   3.8574219e+01
   4.0502720e+06   4.2907715e+01
   4.0503410e+06   1.1334229e+02
   4.0503850e+06   4.5471191e+01
   4.0503950e+06   4.4189453e+01
   4.0504410e+06   3.8879395e+01
   4.0505080e+06   1.0260010e+02
   4.0505690e+06   4.2114258e+01
   4.0506120e+06   4.2053223e+01
   4.0506260e+06   5.2124023e+01
   4.0506610e+06   6.2011719e+01
   4.0507000e+06   1.1431885e+02
   4.0508770e+06   3.8757324e+01
   4.0508910e+06   6.8908691e+01
   4.0509150e+06   5.1391602e+01
   4.0509310e+06   3.9306641e+01
   4.0511250e+06   8.0871582e+01
   4.0654530e+06   4.4616699e+01
   4.0654810e+06   2.2430420e+02
   4.0655020e+06   6.3903809e+01
   4.0655150e+06   1.7242432e+02
   4.0655370e+06   9.1003418e+01
   4.0655690e+06   6.7382812e+01
   4.0655830e+06   4.2907715e+01
   4.0655940e+06   1.5649414e+02
   4.0656180e+06   5.1391602e+01
   4.0656540e+06   7.6538086e+01
   4.0656830e+06   5.7312012e+01
   4.0657100e+06   1.1877441e+02
   4.0657280e+06   4.0405273e+01
   4.0657750e+06   6.6406250e+01
   4.0657900e+06   4.3762207e+01
   4.0658520e+06   9.5336914e+01
   4.0658700e+06   1.5576172e+02
   4.0659770e+06   8.1481934e+01
   4.0659940e+06   4.6081543e+01
   4.0660460e+06   1.3861084e+02
   4.0660720e+06   4.0405273e+01
   4.0660900e+06   4.7058105e+01
   4.0661220e+06   4.4128418e+01
   4.0661660e+06   6.9030762e+01
   4.0662320e+06   4.5349121e+01
   4.0662450e+06   3.8208008e+01
   4.0662860e+06   1.4245605e+02
   4.0663120e+06   4.8034668e+01
   4.0663460e+06   7.5744629e+01
   4.0663900e+06   4.5227051e+01
   4.0664860e+06   5.3283691e+01
   4.0666270e+06   4.6142578e+01
   4.0666950e+06   4.2419434e+01
   4.0669260e+06   3.8513184e+01
   4.0669520e+06   9.0209961e+01
   4.0671520e+06   9.7167969e+01
   4.0671680e+06   3.8940430e+01
   4.1614300e+06   5.4687500e+01
   4.1615410e+06   4.6386719e+01
   4.1615520e+06   5.0781250e+01
   4.1616050e+06   4.1381836e+01
   4.1616240e+06   6.5734863e+01
   4.1616410e+06   2.5482178e+02
   4.1616770e+06   1.0870361e+02
   4.1616920e+06   1.1022949e+02
   4.1617060e+06   4.9194336e+01
   4.1617280e+06   1.0156250e+02
   4.1617560e+06   4.8889160e+01
   4.1617730e+06   9.1125488e+01
   4.1617970e+06   1.6784668e+02
   4.1618070e+06   5.4016113e+01
   4.1618350e+06   3.8635254e+01
   4.1618470e+06   3.9794922e+01
   4.1618680e+06   1.5203857e+02
   4.1619120e+06   3.8696289e+01
   4.1619510e+06   9.8999023e+01
   4.1619710e+06   4.6630859e+01
   4.1620090e+06   3.9733887e+01
   4.1620320e+06   4.5471191e+01
   4.1620460e+06   9.7412109e+01
   4.1620680e+06   3.9001465e+01
   4.1621070e+06   3.8635254e+01
   4.1621690e+06   1.2939453e+02
   4.1621790e+06   4.7119141e+01
   4.1622010e+06   3.8330078e+01
   4.1622280e+06   6.5307617e+01
   4.1622880e+06   1.1401367e+02
   4.1623100e+06   4.3212891e+01
   4.1623960e+06   5.2917480e+01
   4.1624130e+06   1.0211182e+02
   4.1624410e+06   4.1564941e+01
   4.1624710e+06   4.7668457e+01
   4.1625480e+06   4.6569824e+01
   4.1625800e+06   1.2609863e+02
   4.1626060e+06   3.9794922e+01
   4.1626200e+06   4.2541504e+01
   4.1626540e+06   4.1320801e+01
   4.1627610e+06   3.9611816e+01
   4.1628230e+06   8.4411621e+01
   4.1629030e+06   4.3212891e+01
   4.1629330e+06   4.0588379e+01
   4.1629570e+06   4.3518066e+01
   4.1630270e+06   7.3120117e+01
   4.1632020e+06   3.9611816e+01
   4.1634350e+06   1.1322021e+02
   4.2134370e+06   5.2673340e+01
   4.2136180e+06   5.4077148e+01
   4.2137540e+06   4.7302246e+01
   4.2137690e+06   4.2541504e+01
   4.2138070e+06   2.3577881e+02
   4.2138180e+06   1.4392090e+02
   4.2138510e+06   6.4331055e+01
   4.2138710e+06   1.9232178e+02
   4.2138950e+06   1.2402344e+02
   4.2139230e+06   1.6369629e+02
   4.2139380e+06   6.6589355e+01
   4.2139590e+06   6.6406250e+01
   4.2139800e+06   5.1757812e+01
   4.2139960e+06   6.9396973e+01
   4.2140230e+06   4.8706055e+01
   4.2140380e+06   7.1472168e+01
   4.2140780e+06   3.9794922e+01
   4.2141070e+06   6.5612793e+01
   4.2141240e+06   1.7840576e+02
   4.2141430e+06   8.1848145e+01
   4.2141670e+06   4.0222168e+01
   4.2142390e+06   1.4654541e+02
   4.2142610e+06   5.2490234e+01
   4.2142730e+06   4.2419434e+01
   4.2142940e+06   5.0537109e+01
   4.2143630e+06   4.1320801e+01
   4.2143820e+06   1.3909912e+02
   4.2144100e+06   4.9926758e+01
   4.2144200e+06   5.2124023e+01
   4.2144480e+06   4.3884277e+01
   4.2144590e+06   3.9062500e+01
   4.2144890e+06   4.1687012e+01
   4.2145620e+06   4.0954590e+01
   4.2146470e+06   1.7059326e+02
   4.2146570e+06   8.6730957e+01
   4.2147990e+06   4.5593262e+01
   4.2148190e+06   1.3922119e+02
   4.2148440e+06   4.4311523e+01
   4.2150490e+06   1.3269043e+02
   4.2151050e+06   4.2297363e+01
   4.2154170e+06   1.1889648e+02
   4.2607720e+06   5.0537109e+01
   4.2611040e+06   4.4738770e+01
   4.2612810e+06   5.2429199e+01
   4.2614040e+06   1.5551758e+02
   4.2614190e+06   6.0546875e+01
   4.2614430e+06   8.9965820e+01
   4.2614630e+06   1.9897461e+02
   4.2614920e+06   1.6613770e+02
   4.2615040e+06   7.9772949e+01
   4.2615170e+06   1.0565186e+02
   4.2615510e+06   7.9223633e+01
   4.2615690e+06   5.2490234e+01
   4.2616060e+06   1.7956543e+02
   4.2616200e+06   5.6030273e+01
   4.2616430e+06   4.1931152e+01
   4.2616670e+06   4.5593262e+01
   4.2616900e+06   4.2968750e+01
   4.2617020e+06   5.1025391e+01
   4.2617330e+06   1.5667725e+02
   4.2617700e+06   5.9387207e+01
   4.2618360e+06   4.5288086e+01
   4.2618710e+06   7.5805664e+01
   4.2618860e+06   1.4758301e+02
   4.2618960e+06   4.4921875e+01
   4.2619800e+06   4.5776367e+01
   4.2620120e+06   4.2602539e+01
   4.2620230e+06   1.2084961e+02
   4.2620450e+06   4.0222168e+01
   4.2621470e+06   1.3958740e+02
   4.2621740e+06   7.4218750e+01
   4.2622280e+06   3.9245605e+01
   4.2623720e+06   1.4971924e+02
   4.2624010e+06   3.9489746e+01
   4.2624790e+06   4.2358398e+01
   4.2625550e+06   4.1259766e+01
   4.2625740e+06   1.5594482e+02
   4.2627430e+06   6.7932129e+01
   4.2627710e+06   4.9255371e+01
   4.3133510e+06   5.7800293e+01
   4.3150860e+06   5.4687500e+01
   4.3155010e+06   5.3222656e+01
   4.3156820e+06   4.6142578e+01
   4.3157230e+06   3.9978027e+01
   4.3157610e+06   8.1054688e+01
   4.3157750e+06   2.8442383e+02
   4.3157960e+06   4.2358398e+01
   4.3158240e+06   2.2467041e+02
   4.3158420e+06   1.5289307e+02
   4.3158580e+06   1.1993408e+02
   4.3159060e+06   1.8157959e+02
   4.3159220e+06   5.8471680e+01
   4.3159510e+06   3.9306641e+01
   4.3159700e+06   5.2795410e+01
   4.3159840e+06   1.3476562e+02
   4.3160130e+06   4.8767090e+01
   4.3160320e+06   1.0559082e+02
   4.3160500e+06   5.1940918e+01
   4.3160660e+06   4.4494629e+01
   4.3160900e+06   1.4727783e+02
   4.3161180e+06   3.9184570e+01
   4.3161680e+06   9.2773438e+01
   4.3162090e+06   1.3580322e+02
   4.3162330e+06   3.9489746e+01
   4.3162570e+06   4.5959473e+01
   4.3162820e+06   6.3171387e+01
   4.3162960e+06   4.7851562e+01
   4.3163630e+06   4.0954590e+01
   4.3163910e+06   4.2907715e+01
   4.3164020e+06   8.6303711e+01
   4.3164230e+06   4.0161133e+01
   4.3164960e+06   4.3884277e+01
   4.3165440e+06   5.1696777e+01
   4.3165590e+06   1.1883545e+02
   4.3165760e+06   4.5532227e+01
   4.3165940e+06   4.1320801e+01
   4.3166900e+06   5.8105469e+01
   4.3167660e+06   4.2175293e+01
   4.3167930e+06   1.6064453e+02
   4.3168260e+06   4.4860840e+01
   4.3169240e+06   6.0058594e+01
   4.3169360e+06   4.7912598e+01
   4.3169870e+06   5.4016113e+01
   4.3171740e+06   7.7087402e+01
   4.3646190e+06   4.2053223e+01
   4.3673390e+06   4.3640137e+01
   4.3678120e+06   4.2663574e+01
   4.3680530e+06   4.4128418e+01
   4.3681420e+06   3.9916992e+01
   4.3682120e+06   2.6214600e+02
   4.3682320e+06   1.2921143e+02
   4.3682680e+06   4.9133301e+01
   4.3682780e+06   1.3073730e+02
   4.3683150e+06   1.0308838e+02
   4.3683360e+06   6.4453125e+01
   4.3683740e+06   5.8593750e+01
   4.3683870e+06   1.0461426e+02
   4.3684300e+06   4.0893555e+01
   4.3684420e+06   4.5776367e+01
   4.3684570e+06   4.2785645e+01
   4.3684810e+06   5.2673340e+01
   4.3684950e+06   5.0537109e+01
   4.3685180e+06   5.2185059e+01
   4.3685470e+06   4.1381836e+01
   4.3685900e+06   9.0576172e+01
   4.3686280e+06   1.4410400e+02
   4.3687190e+06   3.8513184e+01
   4.3687790e+06   1.4825439e+02
   4.3687920e+06   4.4555664e+01
   4.3689130e+06   4.1259766e+01
   4.3689250e+06   8.5449219e+01
   4.3689400e+06   1.2420654e+02
   4.3689860e+06   4.0161133e+01
   4.3690740e+06   5.4504395e+01
   4.3690850e+06   1.1938477e+02
   4.3692310e+06   4.9255371e+01
   4.3692470e+06   4.2419434e+01
   4.3693090e+06   4.1015625e+01
   4.3693380e+06   8.3618164e+01
   4.3694210e+06   3.8818359e+01
   4.3695100e+06   5.0903320e+01
   4.3695790e+06   8.5571289e+01
   4.3695890e+06   4.0283203e+01
   4.4012420e+06   4.5043945e+01
   4.4028930e+06   4.1259766e+01
   4.4032240e+06   4.5898438e+01
   4.4034540e+06   1.6864014e+02
   4.4035010e+06   3.9184570e+01
   4.4035120e+06   2.4859619e+02
   4.4035460e+06   1.9323730e+02
   4.4035720e+06   1.4654541e+02
   4.4035970e+06   1.1981201e+02
   4.4036140e+06   5.8471680e+01
   4.4036390e+06   7.7148437e+01
   4.4036670e+06   6.2988281e+01
   4.4036970e+06   1.4172363e+02
   4.4037100e+06   6.2744141e+01
   4.4037470e+06   4.2968750e+01
   4.4037950e+06   4.1809082e+01
   4.4038260e+06   8.2336426e+01
   4.4038520e+06   3.9916992e+01
   4.4038860e+06   3.8574219e+01
   4.4039120e+06   1.5252686e+02
   4.4039350e+06   6.1645508e+01
   4.4039500e+06   4.5043945e+01
   4.4039690e+06   4.4311523e+01
   4.4040320e+06   4.3823242e+01
   4.4040760e+06   5.4809570e+01
   4.4041090e+06   3.8391113e+01
   4.4041260e+06   4.0710449e+01
   4.4042060e+06   4.6020508e+01
   4.4042170e+06   5.6823730e+01
   4.4042590e+06   5.4870605e+01
   4.4042840e+06   7.1166992e+01
   4.4042950e+06   4.2419434e+01
   4.4043340e+06   4.0283203e+01
   4.4044140e+06   5.6518555e+01
   4.4044820e+06   4.8156738e+01
   4.4045880e+06   5.9753418e+01
   4.4046180e+06   8.3801270e+01
   4.4047320e+06   3.8818359e+01
   4.4047940e+06   3.9550781e+01
   4.4048220e+06   6.4819336e+01
   4.4048490e+06   4.9011230e+01
   4.4048980e+06   5.0659180e+01
   4.4058440e+06   3.8940430e+01
   4.4494510e+06   4.3518066e+01
   4.4512180e+06   4.0100098e+01
   4.4935560e+06   4.9621582e+01
   4.7487510e+06   5.1818848e+01
   4.7490210e+06   4.9499512e+01
   4.7491130e+06   3.8269043e+01
   4.7491410e+06   3.9855957e+01
   4.7491630e+06   7.7209473e+01
   4.7491860e+06   2.4945068e+02
   4.7492140e+06   3.8879395e+01
   4.7492290e+06   5.2185059e+01
   4.7492530e+06   2.9071045e+02
   4.7492640e+06   1.9696045e+02
   4.7492810e+06   4.3457031e+01
   4.7493000e+06   6.8176270e+01
   4.7493240e+06   5.2917480e+01
   4.7493370e+06   8.4777832e+01
   4.7493670e+06   4.9560547e+01
   4.7493950e+06   5.5664062e+01
   4.7494090e+06   1.1773682e+02
   4.7494460e+06   4.3701172e+01
   4.7494770e+06   9.0759277e+01
   4.7494870e+06   4.7119141e+01
   4.7495660e+06   9.9731445e+01
   4.7496070e+06   5.0720215e+01
   4.7496700e+06   6.0913086e+01
   4.7497120e+06   4.0466309e+01
   4.7497240e+06   4.2114258e+01
   4.7497950e+06   4.0527344e+01
   4.7498590e+06   4.4189453e+01
   4.7498690e+06   8.2275391e+01
   4.7499550e+06   6.5917969e+01
   4.7500080e+06   4.6386719e+01
   4.7500390e+06   4.7241211e+01
   4.7501120e+06   4.0222168e+01
   4.7501360e+06   4.2175293e+01
   4.7502280e+06   4.3884277e+01
   4.7502660e+06   4.3762207e+01
   4.7502760e+06   8.4350586e+01
   4.7503030e+06   3.8208008e+01
   4.7503240e+06   4.3334961e+01
   4.7504480e+06   4.9011230e+01
   4.7506860e+06   1.1621094e+02
   4.7507910e+06   4.0954590e+01
   4.7508080e+06   8.5937500e+01
   4.7508410e+06   5.2429199e+01
   4.7511740e+06   4.2724609e+01
   4.7846940e+06   4.7607422e+01
   4.7848690e+06   4.3701172e+01
   4.7849450e+06   4.0222168e+01
   4.7849980e+06   1.5734863e+02
   4.7850260e+06   6.9702148e+01
   4.7850540e+06   2.6879883e+02
   4.7850810e+06   1.8133545e+02
   4.7851040e+06   1.5283203e+02
   4.7851160e+06   1.5435791e+02
   4.7851430e+06   8.7707520e+01
   4.7851540e+06   5.9631348e+01
   4.7851770e+06   4.9377441e+01
   4.7852080e+06   4.6691895e+01
   4.7852190e+06   1.8701172e+02
   4.7852510e+06   4.5654297e+01
   4.7852690e+06   4.8645020e+01
   4.7852950e+06   4.2846680e+01
   4.7853710e+06   1.1914062e+02
   4.7853860e+06   1.5917969e+02
   4.7854200e+06   7.5744629e+01
   4.7854410e+06   4.0405273e+01
   4.7854790e+06   5.2062988e+01
   4.7854990e+06   5.0842285e+01
   4.7855140e+06   1.3439941e+02
   4.7855520e+06   8.9843750e+01
   4.7856010e+06   4.0588379e+01
   4.7856260e+06   1.3189697e+02
   4.7856820e+06   4.1137695e+01
   4.7857100e+06   3.9672852e+01
   4.7857220e+06   6.0363770e+01
   4.7857610e+06   4.1748047e+01
   4.7858040e+06   1.2469482e+02
   4.7858550e+06   3.8513184e+01
   4.7859160e+06   8.7219238e+01
   4.7860460e+06   4.7668457e+01
   4.7861340e+06   8.3923340e+01
   4.7862620e+06   4.7607422e+01
   4.7862880e+06   5.1818848e+01
   4.7865520e+06   1.2780762e+02
   4.7866300e+06   4.8583984e+01
   4.7869800e+06   4.8278809e+01
   5.0931170e+06   6.0974121e+01
   5.0932190e+06   4.1320801e+01
   5.0932340e+06   4.2907715e+01
   5.0932670e+06   7.7087402e+01
   5.0932970e+06   5.4443359e+01
   5.0933270e+06   2.5726318e+02
   5.0933610e+06   2.3437500e+02
   5.0933890e+06   1.2091064e+02
   5.0933990e+06   4.4616699e+01
   5.0934260e+06   1.5270996e+02
   5.0934390e+06   1.2384033e+02
   5.0934680e+06   5.5053711e+01
   5.0934850e+06   1.4874268e+02
   5.0935080e+06   4.8583984e+01
   5.0935200e+06   5.1147461e+01
   5.0935500e+06   5.7312012e+01
   5.0935730e+06   4.6447754e+01
   5.0935940e+06   1.2805176e+02
   5.0936350e+06   4.7119141e+01
   5.0936630e+06   7.8125000e+01
   5.0936730e+06   5.2185059e+01
   5.0937050e+06   4.4677734e+01
   5.0937480e+06   9.7229004e+01
   5.0937810e+06   4.0222168e+01
   5.0938610e+06   7.5073242e+01
   5.0939240e+06   4.9743652e+01
   5.0939740e+06   8.4228516e+01
   5.0939940e+06   4.0222168e+01
   5.0940740e+06   5.8471680e+01
   5.0941020e+06   7.4707031e+01
   5.0942540e+06   5.6518555e+01
   5.0942910e+06   3.8208008e+01
   5.0943250e+06   5.5480957e+01
   5.0944330e+06   3.9306641e+01
   5.0944590e+06   1.1022949e+02
   5.0945010e+06   4.0222168e+01
   5.0945130e+06   4.2297363e+01
   5.0946010e+06   3.9001465e+01
   5.0948050e+06   3.9550781e+01
   5.0948670e+06   1.3305664e+02
   5.0948930e+06   8.2702637e+01
   5.0950850e+06   8.7097168e+01
   5.1120140e+06   1.8572998e+02
   5.1120350e+06   1.5356445e+02
   5.1120670e+06   3.0841064e+02
   5.1120780e+06   5.8288574e+01
   5.1120900e+06   3.9367676e+01
   5.1121160e+06   1.3421631e+02
   5.1121380e+06   4.9987793e+01
   5.1121520e+06   4.9499512e+01
   5.1121870e+06   1.0729980e+02
   5.1122170e+06   4.8461914e+01
   5.1122540e+06   3.8635254e+01
   5.1122900e+06   4.0771484e+01
   5.1123020e+06   6.3903809e+01
   5.1123250e+06   4.4677734e+01
   5.1123610e+06   3.9367676e+01
   5.1123850e+06   1.5093994e+02
   5.1124070e+06   4.2297363e+01
   5.1124740e+06   8.9843750e+01
   5.1125240e+06   1.4880371e+02
   5.1125510e+06   3.9550781e+01
   5.1125900e+06   5.0720215e+01
   5.1126330e+06   4.8034668e+01
   5.1126690e+06   7.3120117e+01
   5.1126850e+06   4.0222168e+01
   5.1127160e+06   4.6325684e+01
   5.1127740e+06   1.4770508e+02
   5.1129030e+06   5.9448242e+01
   5.1129220e+06   4.2907715e+01
   5.1130600e+06   4.0893555e+01
   5.1130720e+06   5.3466797e+01
   5.1130970e+06   1.6308594e+02
   5.1131800e+06   9.8999023e+01
   5.1132290e+06   6.4086914e+01
   5.1134130e+06   8.8134766e+01
   5.1134420e+06   4.0161133e+01
   5.1136910e+06   9.3261719e+01
   5.1165170e+06   3.8635254e+01
   5.4314820e+06   5.8105469e+01
   5.4316960e+06   4.0954590e+01
   5.4317570e+06   3.9794922e+01
   5.4317750e+06   2.7520752e+02
   5.4317880e+06   4.0100098e+01
   5.4318140e+06   1.9586182e+02
   5.4318270e+06   2.6239014e+02
   5.4318560e+06   8.2092285e+01
   5.4318780e+06   6.4086914e+01
   5.4318940e+06   9.2773438e+01
   5.4319160e+06   1.0131836e+02
   5.4319460e+06   6.3659668e+01
   5.4319780e+06   4.5410156e+01
   5.4319960e+06   1.5228271e+02
   5.4320080e+06   1.0266113e+02
   5.4320440e+06   4.0649414e+01
   5.4320660e+06   9.9121094e+01
   5.4320800e+06   3.9733887e+01
   5.4320920e+06   3.9672852e+01
   5.4321280e+06   3.8513184e+01
   5.4321530e+06   4.1137695e+01
   5.4321780e+06   5.1086426e+01
   5.4322060e+06   8.7707520e+01
   5.4322310e+06   5.0720215e+01
   5.4322630e+06   4.4311523e+01
   5.4322930e+06   5.7250977e+01
   5.4323380e+06   4.8217773e+01
   5.4324020e+06   6.5612793e+01
   5.4324510e+06   4.9804688e+01
   5.4324830e+06   4.6936035e+01
   5.4325020e+06   4.0649414e+01
   5.4325220e+06   4.0466309e+01
   5.4325630e+06   8.2763672e+01
   5.4326550e+06   3.9245605e+01
   5.4326890e+06   1.1071777e+02
   5.4327140e+06   5.4504395e+01
   5.4327520e+06   3.9001465e+01
   5.4328000e+06   4.6203613e+01
   5.4328450e+06   1.0870361e+02
   5.4328710e+06   5.0415039e+01
   5.4330180e+06   4.2419434e+01
   5.4331550e+06   3.8391113e+01
   5.4331940e+06   3.8696289e+01
   5.4332380e+06   1.3079834e+02
   5.4332490e+06   4.8645020e+01
   5.4333000e+06   3.9855957e+01
   5.4334630e+06   5.9448242e+01
   5.4336910e+06   1.0125732e+02
   5.4471260e+06   7.4401855e+01
   5.4471590e+06   1.3989258e+02
   5.4471800e+06   2.5463867e+02
   5.4472250e+06   1.7803955e+02
   5.4472580e+06   1.2817383e+02
   5.4472860e+06   5.0415039e+01
   5.4473280e+06   5.6396484e+01
   5.4473420e+06   4.3579102e+01
   5.4473620e+06   1.0498047e+02
   5.4473980e+06   3.9428711e+01
   5.4474430e+06   4.0100098e+01
   5.4474740e+06   4.2907715e+01
   5.4475130e+06   1.9128418e+02
   5.4475440e+06   4.4189453e+01
   5.4475630e+06   4.1748047e+01
   5.4475930e+06   4.7424316e+01
   5.4476320e+06   4.1687012e+01
   5.4476620e+06   7.7026367e+01
   5.4476890e+06   1.3311768e+02
   5.4477120e+06   4.9743652e+01
   5.4477730e+06   3.8330078e+01
   5.4478470e+06   5.1879883e+01
   5.4478680e+06   1.4825439e+02
   5.4479730e+06   4.4006348e+01
   5.4479960e+06   4.9560547e+01
   5.4480840e+06   6.0424805e+01
   5.4481140e+06   5.4992676e+01
   5.4481270e+06   3.8208008e+01
   5.4481660e+06   4.1625977e+01
   5.4482620e+06   5.4992676e+01
   5.4482770e+06   8.4594727e+01
   5.4483210e+06   4.6752930e+01
   5.4485120e+06   8.4594727e+01
   5.4485230e+06   9.7045898e+01
   5.4487050e+06   3.9855957e+01
   5.4487670e+06   1.2451172e+02
   5.5566360e+06   3.9001465e+01
   5.6932960e+06   5.8898926e+01
   5.6934880e+06   4.7546387e+01
   5.6936020e+06   3.9916992e+01
   5.6936470e+06   4.2114258e+01
   5.6936620e+06   3.0651855e+02
   5.6937050e+06   1.7797852e+02
   5.6937270e+06   1.8609619e+02
   5.6937390e+06   5.8410645e+01
   5.6937770e+06   1.5795898e+02
   5.6937970e+06   5.8837891e+01
   5.6938170e+06   4.4067383e+01
   5.6938310e+06   5.3161621e+01
   5.6938680e+06   1.6687012e+02
   5.6938920e+06   3.8818359e+01
   5.6939220e+06   5.0292969e+01
   5.6939520e+06   1.4050293e+02
   5.6939710e+06   5.0292969e+01
   5.6940090e+06   4.7119141e+01
   5.6940360e+06   3.9428711e+01
   5.6940630e+06   3.8696289e+01
   5.6940980e+06   8.6181641e+01
   5.6941210e+06   4.8950195e+01
   5.6941650e+06   5.7373047e+01
   5.6941920e+06   5.4992676e+01
   5.6942040e+06   4.2541504e+01
   5.6942880e+06   4.4921875e+01
   5.6943250e+06   4.5104980e+01
   5.6943550e+06   3.9916992e+01
   5.6944210e+06   4.1687012e+01
   5.6944570e+06   1.2860107e+02
   5.6944670e+06   5.6579590e+01
   5.6944890e+06   3.9428711e+01
   5.6945800e+06   8.0444336e+01
   5.6946270e+06   4.7424316e+01
   5.6947240e+06   1.0235596e+02
   5.6947350e+06   5.1635742e+01
   5.6948200e+06   7.4768066e+01
   5.6948510e+06   5.4077148e+01
   5.6948840e+06   4.2968750e+01
   5.6950210e+06   1.1676025e+02
   5.6950650e+06   9.2651367e+01
   5.6952580e+06   7.7880859e+01
   5.7098070e+06   5.3710937e+01
   5.7098370e+06   7.6049805e+01
   5.7098650e+06   2.3498535e+02
   5.7098770e+06   6.9824219e+01
   5.7099130e+06   2.0275879e+02
   5.7099360e+06   6.8969727e+01
   5.7099480e+06   5.5419922e+01
   5.7099710e+06   6.5917969e+01
   5.7100010e+06   4.1687012e+01
   5.7100120e+06   5.4199219e+01
   5.7100430e+06   4.9743652e+01
   5.7101100e+06   4.1809082e+01
   5.7101570e+06   4.1076660e+01
   5.7101720e+06   1.5747070e+02
   5.7101880e+06   1.1328125e+02
   5.7102190e+06   4.1625977e+01
   5.7102340e+06   4.7790527e+01
   5.7102770e+06   4.1687012e+01
   5.7102870e+06   5.8349609e+01
   5.7103370e+06   8.6364746e+01
   5.7103570e+06   1.5893555e+02
   5.7103970e+06   5.0659180e+01
   5.7104100e+06   4.1748047e+01
   5.7104780e+06   3.9184570e+01
   5.7104950e+06   4.4860840e+01
   5.7105230e+06   1.9812012e+02
   5.7105350e+06   4.0161133e+01
   5.7105520e+06   4.1137695e+01
   5.7106810e+06   4.3457031e+01
   5.7107230e+06   4.4372559e+01
   5.7107380e+06   4.9926758e+01
   5.7107500e+06   4.4372559e+01
   5.7108080e+06   3.9855957e+01
   5.7109160e+06   4.1137695e+01
   5.7110270e+06   3.9794922e+01
   5.7111220e+06   3.8391113e+01
   5.7111790e+06   9.8632813e+01
   5.7111890e+06   4.0344238e+01
   5.7112830e+06   8.8317871e+01
   5.7114020e+06   1.1877441e+02
   5.7114180e+06   4.9865723e+01
   6.0694600e+06   5.0231934e+01
   6.0695670e+06   5.0109863e+01
   6.0696350e+06   4.7729492e+01
   6.0696500e+06   2.9882813e+02
   6.0696750e+06   1.7956543e+02
   6.0696970e+06   1.1218262e+02
   6.0697240e+06   1.2988281e+02
   6.0697350e+06   1.8756104e+02
   6.0697800e+06   5.3771973e+01
   6.0698040e+06   4.7851562e+01
   6.0698200e+06   1.7382812e+02
   6.0698340e+06   4.0100098e+01
   6.0698670e+06   5.2612305e+01
   6.0698880e+06   5.0842285e+01
   6.0699040e+06   8.2397461e+01
   6.0699550e+06   6.1157227e+01
   6.0699730e+06   8.5021973e+01
   6.0699900e+06   3.8879395e+01
   6.0700370e+06   4.0710449e+01
   6.0700550e+06   1.2493896e+02
   6.0701000e+06   4.1992188e+01
   6.0701250e+06   4.3945312e+01
   6.0701700e+06   4.9438477e+01
   6.0702050e+06   5.7739258e+01
   6.0702500e+06   4.0588379e+01
   6.0702900e+06   4.0405273e+01
   6.0703730e+06   4.2114258e+01
   6.0704200e+06   7.5805664e+01
   6.0704350e+06   5.0292969e+01
   6.0705310e+06   7.9772949e+01
   6.0705430e+06   4.8828125e+01
   6.0705970e+06   4.0893555e+01
   6.0706750e+06   6.6955566e+01
   6.0706970e+06   5.9204102e+01
   6.0707070e+06   4.8278809e+01
   6.0708250e+06   4.3823242e+01
   6.0708570e+06   4.5166016e+01
   6.0708690e+06   4.7119141e+01
   6.0709420e+06   3.9733887e+01
   6.0710340e+06   4.4311523e+01
   6.0711250e+06   7.5012207e+01
   6.0868700e+06   5.9020996e+01
   6.0868870e+06   7.6721191e+01
   6.0869060e+06   1.3476562e+02
   6.0869200e+06   9.0454102e+01
   6.0869450e+06   6.1523438e+01
   6.0869770e+06   2.4572754e+02
   6.0869930e+06   7.4951172e+01
   6.0870040e+06   4.6936035e+01
   6.0870410e+06   6.8359375e+01
   6.0870590e+06   3.8330078e+01
   6.0871320e+06   4.1442871e+01
   6.0871590e+06   3.9428711e+01
   6.0871830e+06   5.1147461e+01
   6.0872020e+06   4.4860840e+01
   6.0872200e+06   5.3833008e+01
   6.0872330e+06   2.7233887e+02
   6.0872580e+06   5.3833008e+01
   6.0872910e+06   3.8269043e+01
   6.0873230e+06   5.8227539e+01
   6.0873470e+06   1.5325928e+02
   6.0873940e+06   1.1767578e+02
   6.0874050e+06   6.0058594e+01
   6.0874390e+06   5.0048828e+01
   6.0874670e+06   4.0466309e+01
   6.0874980e+06   3.8940430e+01
   6.0875120e+06   1.4758301e+02
   6.0875360e+06   4.0222168e+01
   6.0875600e+06   8.1970215e+01
   6.0876170e+06   4.2785645e+01
   6.0876340e+06   4.1137695e+01
   6.0876670e+06   4.3884277e+01
   6.0877160e+06   4.1992188e+01
   6.0877500e+06   9.3994141e+01
   6.0877600e+06   4.0771484e+01
   6.0878330e+06   4.1564941e+01
   6.0879670e+06   4.0588379e+01
   6.0880750e+06   4.0893555e+01
   6.0881350e+06   3.8146973e+01
   6.1690950e+06   4.0222168e+01
   6.1693330e+06   4.5043945e+01
   6.1693670e+06   4.0466309e+01
   6.1694720e+06   4.0649414e+01
   6.1695280e+06   2.8607178e+02
   6.1695460e+06   1.2030029e+02
   6.1695780e+06   2.2937012e+02
   6.1696020e+06   1.5173340e+02
   6.1696210e+06   1.2017822e+02
   6.1696350e+06   5.3710938e+01
   6.1696630e+06   6.8969727e+01
   6.1696760e+06   1.1914062e+02
   6.1697010e+06   8.7341309e+01
   6.1697320e+06   4.1625977e+01
   6.1697490e+06   5.5114746e+01
   6.1697760e+06   6.5368652e+01
   6.1697930e+06   4.6142578e+01
   6.1698070e+06   5.1452637e+01
   6.1698470e+06   5.4260254e+01
   6.1699200e+06   6.6833496e+01
   6.1699360e+06   1.4648438e+02
   6.1699670e+06   3.9855957e+01
   6.1700130e+06   4.2297363e+01
   6.1700260e+06   4.2236328e+01
   6.1700460e+06   1.3049316e+02
   6.1701310e+06   3.9367676e+01
   6.1701520e+06   1.2280273e+02
   6.1701780e+06   3.9916992e+01
   6.1701960e+06   4.8889160e+01
   6.1702340e+06   4.0649414e+01
   6.1703920e+06   4.8706055e+01
   6.1704170e+06   1.2939453e+02
   6.1704540e+06   3.8391113e+01
   6.1704860e+06   3.9733887e+01
   6.1705420e+06   6.5246582e+01
   6.1705530e+06   4.1259766e+01
   6.1706380e+06   4.2724609e+01
   6.1707330e+06   4.1259766e+01
   6.1707970e+06   7.4401855e+01
   6.1710190e+06   4.6936035e+01
   6.1712340e+06   9.7839355e+01
   6.2188830e+06   5.4321289e+01
   6.2193750e+06   4.1442871e+01
   6.2195580e+06   4.1015625e+01
   6.2195730e+06   4.3151855e+01
   6.2196830e+06   4.4555664e+01
   6.2197010e+06   5.2673340e+01
   6.2197510e+06   3.2934570e+02
   6.2197870e+06   1.6345215e+02
   6.2197980e+06   1.0510254e+02
   6.2198270e+06   7.2387695e+01
   6.2198440e+06   6.2072754e+01
   6.2198540e+06   7.4768066e+01
   6.2198870e+06   5.1574707e+01
   6.2199100e+06   5.7434082e+01
   6.2199290e+06   9.9975586e+01
   6.2199520e+06   4.5227051e+01
   6.2200080e+06   4.2297363e+01
   6.2200190e+06   5.5603027e+01
   6.2200620e+06   4.2541504e+01
   6.2200780e+06   6.2500000e+01
   6.2200890e+06   1.5686035e+02
   6.2201370e+06   4.9255371e+01
   6.2201570e+06   3.9428711e+01
   6.2201780e+06   5.1330566e+01
   6.2201920e+06   4.7485352e+01
   6.2202260e+06   1.4013672e+02
   6.2202810e+06   5.5725098e+01
   6.2203270e+06   3.9672852e+01
   6.2203370e+06   5.9448242e+01
   6.2203570e+06   4.1809082e+01
   6.2203840e+06   4.8095703e+01
   6.2204370e+06   4.2114258e+01
   6.2204530e+06   4.9682617e+01
   6.2204880e+06   3.9062500e+01
   6.2205470e+06   4.4311523e+01
   6.2205700e+06   1.3372803e+02
   6.2205870e+06   4.2480469e+01
   6.2206050e+06   3.8940430e+01
   6.2206960e+06   6.3842773e+01
   6.2207620e+06   1.5393066e+02
   6.2209020e+06   8.5693359e+01
   6.2213030e+06   9.4970703e+01
   6.2591660e+06   4.0222168e+01
   6.2603180e+06   5.0415039e+01
   6.2608280e+06   4.6264648e+01
   6.2610300e+06   4.3762207e+01
   6.2611170e+06   3.9367676e+01
   6.2611530e+06   4.5471191e+01
   6.2611700e+06   2.9022217e+02
   6.2611800e+06   1.1096191e+02
   6.2612190e+06   5.8471680e+01
   6.2612350e+06   2.7587891e+02
   6.2612590e+06   1.4178467e+02
   6.2612850e+06   7.8735352e+01
   6.2613050e+06   6.2500000e+01
   6.2613270e+06   6.3964844e+01
   6.2613460e+06   5.5664062e+01
   6.2613600e+06   5.8532715e+01
   6.2613930e+06   1.1444092e+02
   6.2614180e+06   6.1950684e+01
   6.2614310e+06   1.5740967e+02
   6.2614680e+06   4.1687012e+01
   6.2615050e+06   4.0710449e+01
   6.2615250e+06   1.1254883e+02
   6.2615410e+06   3.9978027e+01
   6.2615810e+06   4.6386719e+01
   6.2615960e+06   1.1279297e+02
   6.2616160e+06   4.6997070e+01
   6.2616620e+06   4.6203613e+01
   6.2616810e+06   8.6242676e+01
   6.2617020e+06   1.2249756e+02
   6.2617250e+06   4.7485352e+01
   6.2617590e+06   3.9001465e+01
   6.2618150e+06   4.7607422e+01
   6.2618290e+06   5.1391602e+01
   6.2619750e+06   6.0852051e+01
   6.2620090e+06   4.4189453e+01
   6.2620220e+06   4.8645020e+01
   6.2620360e+06   3.9916992e+01
   6.2621800e+06   8.1848145e+01
   6.2622170e+06   1.3769531e+02
   6.2622380e+06   3.9001465e+01
   6.2622700e+06   4.2480469e+01
   6.2623500e+06   3.9489746e+01
   6.2623870e+06   3.8513184e+01
   6.2624000e+06   4.7729492e+01
   6.2624450e+06   6.0180664e+01
   6.2626230e+06   8.6975098e+01
   6.2628970e+06   1.1492920e+02
   6.3062200e+06   5.2246094e+01
   6.3068860e+06   5.1452637e+01
   6.3078160e+06   4.3029785e+01
   6.3082340e+06   4.3395996e+01
   6.3084570e+06   6.0607910e+01
   6.3085930e+06   1.5179443e+02
   6.3086220e+06   2.6184082e+02
   6.3086360e+06   1.1791992e+02
   6.3086670e+06   1.9921875e+02
   6.3086970e+06   1.4093018e+02
   6.3087140e+06   1.2457275e+02
   6.3087340e+06   4.1564941e+01
   6.3087640e+06   7.6904297e+01
   6.3087780e+06   1.3043213e+02
   6.3088050e+06   4.6569824e+01
   6.3088500e+06   4.6691895e+01
   6.3088720e+06   5.2307129e+01
   6.3088860e+06   3.9001465e+01
   6.3089160e+06   1.0534668e+02
   6.3089330e+06   1.3555908e+02
   6.3089430e+06   5.0170898e+01
   6.3089920e+06   4.1687012e+01
   6.3090180e+06   5.5236816e+01
   6.3090410e+06   1.5570068e+02
   6.3090670e+06   6.3354492e+01
   6.3090940e+06   4.4921875e+01
   6.3091490e+06   4.2236328e+01
   6.3091670e+06   4.7180176e+01
   6.3091810e+06   1.2390137e+02
   6.3092130e+06   5.1574707e+01
   6.3093450e+06   1.5887451e+02
   6.3093700e+06   4.1198730e+01
   6.3094000e+06   3.9978027e+01
   6.3095740e+06   6.5002441e+01
   6.3095920e+06   5.3039551e+01
   6.3096810e+06   4.1381836e+01
   6.3097860e+06   4.3640137e+01
   6.3097960e+06   1.9573975e+02
   6.3098600e+06   3.9916992e+01
   6.3101090e+06   8.8989258e+01
   6.3444310e+06   3.9245605e+01
   6.3467150e+06   4.6508789e+01
   6.3477140e+06   4.2724609e+01
   6.3480740e+06   4.3945313e+01
   6.3482750e+06   3.8330078e+01
   6.3483290e+06   4.0039062e+01
   6.3483570e+06   1.4312744e+02
   6.3483870e+06   2.8387451e+02
   6.3484040e+06   5.8532715e+01
   6.3484270e+06   1.1651611e+02
   6.3484370e+06   1.4807129e+02
   6.3484560e+06   1.0186768e+02
   6.3484670e+06   4.8583984e+01
   6.3484920e+06   1.5948486e+02
   6.3485090e+06   4.0771484e+01
   6.3485400e+06   4.2907715e+01
   6.3485710e+06   1.3842773e+02
   6.3486010e+06   4.5288086e+01
   6.3486210e+06   4.0588379e+01
   6.3486350e+06   3.8940430e+01
   6.3486750e+06   5.7250977e+01
   6.3486950e+06   1.6363525e+02
   6.3487110e+06   7.1411133e+01
   6.3487420e+06   6.3171387e+01
   6.3488290e+06   4.0283203e+01
   6.3488540e+06   4.5043945e+01
   6.3489010e+06   1.5466309e+02
   6.3489170e+06   4.8217773e+01
   6.3489410e+06   4.6691895e+01
   6.3489930e+06   3.8208008e+01
   6.3490460e+06   5.1147461e+01
   6.3490860e+06   4.4982910e+01
   6.3491620e+06   4.8217773e+01
   6.3491920e+06   3.9611816e+01
   6.3492220e+06   5.2368164e+01
   6.3493470e+06   1.2030029e+02
   6.3493760e+06   4.6569824e+01
   6.3493970e+06   5.2307129e+01
   6.3494920e+06   4.3273926e+01
   6.3495560e+06   1.6290283e+02
   6.3495670e+06   9.9609375e+01
   6.3496120e+06   3.9245605e+01
   6.3497530e+06   5.4199219e+01
   6.3497630e+06   4.3457031e+01
   6.3500260e+06   7.2448730e+01
   6.4023350e+06   4.5227051e+01
   6.4037420e+06   4.2663574e+01
   6.4046550e+06   4.5776367e+01
   6.4051510e+06   5.0537109e+01
   6.4053890e+06   4.0710449e+01
   6.4054660e+06   4.2175293e+01
   6.4055080e+06   4.6630859e+01
   6.4055350e+06   5.2429199e+01
   6.4055510e+06   2.6257324e+02
   6.4055750e+06   9.1430664e+01
   6.4056090e+06   7.0373535e+01
   6.4056190e+06   1.2268066e+02
   6.4056510e+06   4.6081543e+01
   6.4056680e+06   5.3833008e+01
   6.4056840e+06   7.0922852e+01
   6.4057250e+06   1.5808105e+02
   6.4057370e+06   4.4433594e+01
   6.4057650e+06   1.0192871e+02
   6.4057750e+06   4.4494629e+01
   6.4057940e+06   6.6162109e+01
   6.4058190e+06   4.5043945e+01
   6.4058330e+06   5.1818848e+01
   6.4058550e+06   1.7687988e+02
   6.4058680e+06   6.5917969e+01
   6.4059520e+06   5.7861328e+01
   6.4059920e+06   1.3336182e+02
   6.4060240e+06   4.8156738e+01
   6.4060970e+06   6.5124512e+01
   6.4061130e+06   5.2124023e+01
   6.4061230e+06   4.6813965e+01
   6.4061980e+06   3.9367676e+01
   6.4062210e+06   4.1809082e+01
   6.4062770e+06   4.9499512e+01
   6.4062920e+06   9.0332031e+01
   6.4063050e+06   1.3458252e+02
   6.4064550e+06   5.2062988e+01
   6.4064840e+06   6.6894531e+01
   6.4066640e+06   3.8513184e+01
   6.4066780e+06   4.7607422e+01
   6.4067160e+06   3.8635254e+01
   6.4068010e+06   3.8879395e+01
   6.4068390e+06   7.5256348e+01
   6.4070690e+06   1.0119629e+02
   6.4070890e+06   7.7758789e+01
   6.4409430e+06   4.3518066e+01
   6.4889380e+06   4.7363281e+01
   6.5457660e+06   4.7912598e+01
   6.8117750e+06   5.3894043e+01
   6.8119980e+06   4.3212891e+01
   6.8120960e+06   3.8635254e+01
   6.8121430e+06   8.5449219e+01
   6.8121610e+06   4.7790527e+01
   6.8121790e+06   2.6995850e+02
   6.8122060e+06   8.2214355e+01
   6.8122260e+06   2.0928955e+02
   6.8122420e+06   5.0537109e+01
   6.8122650e+06   1.3958740e+02
   6.8122810e+06   6.3110352e+01
   6.8123000e+06   1.9067383e+02
   6.8123300e+06   6.2561035e+01
   6.8123610e+06   9.9060059e+01
   6.8123740e+06   1.7254639e+02
   6.8124090e+06   4.7973633e+01
   6.8124280e+06   5.2001953e+01
   6.8124410e+06   6.2805176e+01
   6.8124660e+06   5.4626465e+01
   6.8125010e+06   7.1105957e+01
   6.8125540e+06   4.3579102e+01
   6.8125720e+06   4.4372559e+01
   6.8126380e+06   3.9672852e+01
   6.8127190e+06   9.0942383e+01
   6.8127300e+06   6.9580078e+01
   6.8127520e+06   4.2419434e+01
   6.8128720e+06   4.4433594e+01
   6.8128820e+06   6.9396973e+01
   6.8129240e+06   4.3395996e+01
   6.8129440e+06   5.3894043e+01
   6.8129990e+06   7.2265625e+01
   6.8130720e+06   4.5227051e+01
   6.8131310e+06   3.8879395e+01
   6.8131540e+06   6.2683105e+01
   6.8131780e+06   4.4799805e+01
   6.8133300e+06   5.0476074e+01
   6.8133600e+06   5.3100586e+01
   6.8134680e+06   4.0405273e+01
   6.8134870e+06   8.6120605e+01
   6.8137050e+06   5.0415039e+01
   6.8733140e+06   5.5480957e+01
   6.8734680e+06   4.7241211e+01
   6.8735840e+06   4.1564941e+01
   6.8736480e+06   9.2590332e+01
   6.8736640e+06   3.0938721e+02
   6.8736880e+06   2.3132324e+02
   6.8737050e+06   5.4687500e+01
   6.8737330e+06   1.2365723e+02
   6.8737580e+06   1.1431885e+02
   6.8737730e+06   5.0781250e+01
   6.8737990e+06   1.0992432e+02
   6.8738090e+06   5.4931641e+01
   6.8738320e+06   4.9743652e+01
   6.8738600e+06   1.1877441e+02
   6.8738820e+06   5.2917480e+01
   6.8739020e+06   1.2652588e+02
   6.8739220e+06   3.9611816e+01
   6.8739520e+06   5.3344727e+01
   6.8739870e+06   7.4584961e+01
   6.8739980e+06   3.9001465e+01
   6.8740230e+06   4.2236328e+01
   6.8740390e+06   1.5600586e+02
   6.8740490e+06   5.3894043e+01
   6.8741050e+06   4.1320801e+01
   6.8741170e+06   5.0537109e+01
   6.8741510e+06   4.7973633e+01
   6.8741910e+06   1.4282227e+02
   6.8742110e+06   4.4677734e+01
   6.8742570e+06   5.4138184e+01
   6.8743210e+06   4.0527344e+01
   6.8743480e+06   1.0931396e+02
   6.8743760e+06   4.8278809e+01
   6.8744310e+06   4.2785645e+01
   6.8745660e+06   1.2426758e+02
   6.8747310e+06   4.0893555e+01
   6.8747630e+06   3.9733887e+01
   6.8748570e+06   4.1259766e+01
   6.8748730e+06   1.1639404e+02
   6.8750190e+06   3.8513184e+01
   6.8750650e+06   6.6406250e+01
   6.8753120e+06   9.8693848e+01
   7.2281930e+06   4.9499512e+01
   7.2283350e+06   4.3090820e+01
   7.2283950e+06   4.1992188e+01
   7.2284090e+06   8.4716797e+01
   7.2284310e+06   2.7404785e+02
   7.2284590e+06   6.1523438e+01
   7.2284820e+06   1.7163086e+02
   7.2285140e+06   2.0422363e+02
   7.2285480e+06   1.1010742e+02
   7.2285610e+06   4.9865723e+01
   7.2285840e+06   4.2175293e+01
   7.2286030e+06   1.9525146e+02
   7.2286180e+06   6.0058594e+01
   7.2286340e+06   8.6608887e+01
   7.2286750e+06   1.2310791e+02
   7.2286910e+06   4.7180176e+01
   7.2287370e+06   1.2390137e+02
   7.2287590e+06   5.3894043e+01
   7.2287910e+06   4.8156738e+01
   7.2288200e+06   1.0906982e+02
   7.2288540e+06   4.5227051e+01
   7.2288730e+06   3.8879395e+01
   7.2289000e+06   5.2001953e+01
   7.2289580e+06   5.0292969e+01
   7.2289930e+06   5.0292969e+01
   7.2290710e+06   4.3518066e+01
   7.2290900e+06   6.6406250e+01
   7.2291610e+06   5.4748535e+01
   7.2292220e+06   3.8574219e+01
   7.2292390e+06   1.0174561e+02
   7.2292970e+06   4.3945312e+01
   7.2293260e+06   3.8146973e+01
   7.2294140e+06   1.0473633e+02
   7.2294380e+06   3.9550781e+01
   7.2295730e+06   8.6669922e+01
   7.2296630e+06   3.8208008e+01
   7.2297110e+06   1.0070801e+02
   7.2299260e+06   4.4128418e+01
   7.2300510e+06   9.9426270e+01
   7.2301800e+06   3.9367676e+01
   7.2303890e+06   4.1687012e+01
   7.2468620e+06   8.2519531e+01
   7.2468740e+06   5.1208496e+01
   7.2468970e+06   1.4074707e+02
   7.2469150e+06   2.3968506e+02
   7.2469360e+06   6.0302734e+01
   7.2469640e+06   2.0220947e+02
   7.2469850e+06   7.8430176e+01
   7.2469990e+06   4.9255371e+01
   7.2470340e+06   7.4890137e+01
   7.2470550e+06   6.9335938e+01
   7.2470710e+06   5.4748535e+01
   7.2470970e+06   5.6701660e+01
   7.2471170e+06   5.1757812e+01
   7.2471530e+06   5.3222656e+01
   7.2472010e+06   4.9926758e+01
   7.2472420e+06   4.1259766e+01
   7.2472610e+06   1.0559082e+02
   7.2472900e+06   4.8706055e+01
   7.2473080e+06   3.9123535e+01
   7.2473340e+06   1.6094971e+02
   7.2473490e+06   4.2602539e+01
   7.2473960e+06   9.4543457e+01
   7.2474180e+06   4.9682617e+01
   7.2474640e+06   3.8513184e+01
   7.2475500e+06   3.9184570e+01
   7.2475870e+06   6.9702148e+01
   7.2477160e+06   1.1828613e+02
   7.2477420e+06   7.9772949e+01
   7.2478890e+06   1.3665771e+02
   7.2479310e+06   5.2185059e+01
   7.2482680e+06   7.8186035e+01
   7.2483010e+06   4.8095703e+01
   7.2486520e+06   4.0954590e+01
   7.3466610e+06   4.1503906e+01
   7.3472270e+06   4.7790527e+01
   7.3473060e+06   4.1320801e+01
   7.3473940e+06   5.8593750e+01
   7.3474170e+06   4.4555664e+01
   7.3474600e+06   4.3029785e+01
   7.3474700e+06   2.9119873e+02
   7.3474930e+06   3.9672852e+01
   7.3475180e+06   1.5496826e+02
   7.3475370e+06   5.7983398e+01
   7.3475520e+06   1.5240479e+02
   7.3475700e+06   5.7434082e+01
   7.3475940e+06   4.0527344e+01
   7.3476100e+06   5.3649902e+01
   7.3476300e+06   4.8217773e+01
   7.3476600e+06   1.7156982e+02
   7.3476700e+06   1.2097168e+02
   7.3476930e+06   4.7912598e+01
   7.3477350e+06   4.6325684e+01
   7.3477450e+06   4.3884277e+01
   7.3477690e+06   1.6162109e+02
   7.3478490e+06   4.5166016e+01
   7.3478630e+06   1.0174561e+02
   7.3478880e+06   4.4921875e+01
   7.3479690e+06   4.9560547e+01
   7.3479910e+06   1.0046387e+02
   7.3480020e+06   5.2734375e+01
   7.3480540e+06   3.9306641e+01
   7.3480910e+06   1.0144043e+02
   7.3481650e+06   4.4982910e+01
   7.3482260e+06   1.0699463e+02
   7.3482580e+06   7.8247070e+01
   7.3482930e+06   4.8400879e+01
   7.3483900e+06   3.8574219e+01
   7.3484150e+06   6.3659668e+01
   7.3484540e+06   3.8940430e+01
   7.3485230e+06   3.9001465e+01
   7.3486610e+06   4.2175293e+01
   7.3487740e+06   5.4199219e+01
   7.3488580e+06   4.1687012e+01
   7.3490690e+06   7.2814941e+01
   7.3494120e+06   1.3323975e+02
   7.4416210e+06   3.8940430e+01
   7.9494620e+06   4.7790527e+01
   7.9495990e+06   4.0527344e+01
   7.9496150e+06   4.7729492e+01
   7.9496660e+06   4.5593262e+01
   7.9496950e+06   2.6525879e+02
   7.9497160e+06   1.6534424e+02
   7.9497510e+06   9.3627930e+01
   7.9497700e+06   9.0820312e+01
   7.9497990e+06   1.1260986e+02
   7.9498290e+06   1.5612793e+02
   7.9498450e+06   4.4982910e+01
   7.9498740e+06   8.8806152e+01
   7.9499060e+06   5.9509277e+01
   7.9499280e+06   4.6630859e+01
   7.9499480e+06   5.6762695e+01
   7.9499650e+06   4.6142578e+01
   7.9499850e+06   6.0791016e+01
   7.9500020e+06   4.3884277e+01
   7.9500490e+06   1.2774658e+02
   7.9500600e+06   5.1269531e+01
   7.9501590e+06   5.6945801e+01
   7.9501760e+06   4.3518066e+01
   7.9502140e+06   4.1320801e+01
   7.9502830e+06   4.4311523e+01
   7.9502970e+06   7.3364258e+01
   7.9503670e+06   3.8635254e+01
   7.9503820e+06   3.9489746e+01
   7.9504210e+06   3.9550781e+01
   7.9504370e+06   4.1137695e+01
   7.9504720e+06   3.8513184e+01
   7.9506150e+06   7.6354980e+01
   7.9507310e+06   7.0800781e+01
   7.9507410e+06   4.5104980e+01
   7.9508560e+06   5.8898926e+01
   7.9508700e+06   6.0791016e+01
   7.9509040e+06   3.9428711e+01
   7.9509440e+06   9.4787598e+01
   7.9509670e+06   4.5654297e+01
   7.9510820e+06   9.0393066e+01
   8.0306520e+06   3.8330078e+01
   8.0307480e+06   4.6813965e+01
   8.0308910e+06   5.0109863e+01
   8.0309330e+06   4.2114258e+01
   8.0309520e+06   4.1625977e+01
   8.0309950e+06   9.9731445e+01
   8.0310120e+06   2.4060059e+02
   8.0310390e+06   1.7779541e+02
   8.0310660e+06   1.5924072e+02
   8.0310900e+06   1.1944580e+02
   8.0311010e+06   8.0383301e+01
   8.0311190e+06   4.2541504e+01
   8.0311520e+06   1.1090088e+02
   8.0311660e+06   6.2316895e+01
   8.0312000e+06   1.0180664e+02
   8.0312230e+06   4.4433594e+01
   8.0312470e+06   4.5410156e+01
   8.0313060e+06   6.1523438e+01
   8.0313170e+06   1.2054443e+02
   8.0314060e+06   1.0351562e+02
   8.0314450e+06   3.9978027e+01
   8.0314890e+06   4.1259766e+01
   8.0315320e+06   1.0852051e+02
   8.0316200e+06   5.8776855e+01
   8.0316490e+06   9.0942383e+01
   8.0316650e+06   3.8513184e+01
   8.0317470e+06   7.5378418e+01
   8.0318000e+06   3.8513184e+01
   8.0318860e+06   4.3762207e+01
   8.0319050e+06   4.6508789e+01
   8.0319690e+06   1.2200928e+02
   8.0319990e+06   3.8879395e+01
   8.0320650e+06   3.8330078e+01
   8.0320870e+06   6.8725586e+01
   8.0321300e+06   4.8645020e+01
   8.0324150e+06   3.8818359e+01
   8.0324640e+06   1.3958740e+02
   8.0326330e+06   1.1828613e+02
   8.1014320e+06   5.2612305e+01
   8.1017350e+06   4.7973633e+01
   8.1017830e+06   3.9001465e+01
   8.1018580e+06   6.1401367e+01
   8.1018930e+06   3.9550781e+01
   8.1019060e+06   1.1053467e+02
   8.1019300e+06   2.5244141e+02
   8.1019490e+06   4.8156738e+01
   8.1019740e+06   2.6806641e+02
   8.1019920e+06   1.3806152e+02
   8.1020120e+06   5.6091309e+01
   8.1020360e+06   1.4837646e+02
   8.1020490e+06   5.4138184e+01
   8.1020820e+06   6.6284180e+01
   8.1021050e+06   5.7983398e+01
   8.1021370e+06   9.1796875e+01
   8.1021730e+06   1.1383057e+02
   8.1021990e+06   4.6630859e+01
   8.1022210e+06   4.1564941e+01
   8.1022390e+06   7.0068359e+01
   8.1022710e+06   4.1320801e+01
   8.1022900e+06   1.4660645e+02
   8.1023080e+06   4.0100098e+01
   8.1023530e+06   7.4401855e+01
   8.1023970e+06   1.4135742e+02
   8.1024170e+06   4.5349121e+01
   8.1025370e+06   1.2298584e+02
   8.1025640e+06   3.8574219e+01
   8.1026050e+06   4.0527344e+01
   8.1026540e+06   3.9672852e+01
   8.1026790e+06   1.0070801e+02
   8.1027920e+06   4.5410156e+01
   8.1028380e+06   9.6862793e+01
   8.1028960e+06   3.9550781e+01
   8.1029310e+06   6.3964844e+01
   8.1029680e+06   4.6875000e+01
   8.1031050e+06   4.2907715e+01
   8.1032230e+06   3.8757324e+01
   8.1032400e+06   7.3059082e+01
   8.1033020e+06   4.2846680e+01
   8.1033320e+06   3.9062500e+01
   8.1033500e+06   3.9611816e+01
   8.1037380e+06   9.6008301e+01
   8.1319570e+06   4.1992188e+01
   8.1325440e+06   4.0100098e+01
   8.1327370e+06   4.2602539e+01
   8.1328280e+06   4.1625977e+01
   8.1328740e+06   5.0292969e+01
   8.1329010e+06   3.1152344e+02
   8.1329330e+06   2.1484375e+02
   8.1329480e+06   7.0007324e+01
   8.1329720e+06   1.1730957e+02
   8.1329840e+06   1.3458252e+02
   8.1330210e+06   7.6904297e+01
   8.1330390e+06   5.2368164e+01
   8.1330490e+06   4.2968750e+01
   8.1330790e+06   3.9184570e+01
   8.1331100e+06   4.0893555e+01
   8.1331360e+06   1.2438965e+02
   8.1331590e+06   4.1503906e+01
   8.1331880e+06   4.9926758e+01
   8.1332150e+06   4.3273926e+01
   8.1332400e+06   4.2236328e+01
   8.1332670e+06   5.2856445e+01
   8.1332960e+06   3.8940430e+01
   8.1333390e+06   4.1564941e+01
   8.1333740e+06   1.0931396e+02
   8.1334030e+06   7.4218750e+01
   8.1334260e+06   4.6325684e+01
   8.1334660e+06   4.0100098e+01
   8.1335590e+06   1.6766357e+02
   8.1335900e+06   4.3273926e+01
   8.1336210e+06   5.3405762e+01
   8.1336690e+06   4.0588379e+01
   8.1336850e+06   4.2053223e+01
   8.1337210e+06   1.3073730e+02
   8.1337410e+06   4.3762207e+01
   8.1338110e+06   7.1594238e+01
   8.1338380e+06   4.2053223e+01
   8.1338700e+06   3.9306641e+01
   8.1340120e+06   1.4202881e+02
   8.1340220e+06   4.8522949e+01
   8.1340350e+06   6.4453125e+01
   8.1342560e+06   4.0649414e+01
   8.1344130e+06   8.4289551e+01
   8.1346490e+06   4.0039062e+01
   8.1346740e+06   9.7717285e+01
   8.1347620e+06   3.9550781e+01
   8.1852360e+06   4.0710449e+01
   8.1858030e+06   5.3588867e+01
   8.2367120e+06   4.8828125e+01
   8.2533460e+06   3.8269043e+01
   8.5051440e+06   5.1025391e+01
   8.5052860e+06   3.9062500e+01
   8.5053100e+06   4.0588379e+01
   8.5053650e+06   5.3527832e+01
   8.5054060e+06   8.0505371e+01
   8.5054200e+06   5.7678223e+01
   8.5054390e+06   2.9351807e+02
   8.5054520e+06   1.6442871e+02
   8.5054790e+06   1.8255615e+02
   8.5055050e+06   6.2683105e+01
   8.5055300e+06   1.6003418e+02
   8.5055570e+06   1.4355469e+02
   8.5055780e+06   7.0922852e+01
   8.5056020e+06   4.0893555e+01
   8.5056280e+06   6.9519043e+01
   8.5056600e+06   5.3771973e+01
   8.5056770e+06   4.7912598e+01
   8.5057000e+06   1.4593506e+02
   8.5057200e+06   5.3771973e+01
   8.5057420e+06   4.6813965e+01
   8.5057780e+06   3.9306641e+01
   8.5057920e+06   1.1108398e+02
   8.5058790e+06   9.7961426e+01
   8.5059140e+06   3.8269043e+01
   8.5060220e+06   7.0434570e+01
   8.5060320e+06   3.8940430e+01
   8.5060680e+06   4.4067383e+01
   8.5061690e+06   7.4890137e+01
   8.5062020e+06   4.1503906e+01
   8.5062300e+06   4.0893555e+01
   8.5062780e+06   4.0771484e+01
   8.5063110e+06   6.0424805e+01
   8.5064490e+06   7.9956055e+01
   8.5064690e+06   4.1564941e+01
   8.5065780e+06   8.3374023e+01
   8.5067700e+06   9.9853516e+01
   8.5067980e+06   4.0588379e+01
   8.5544310e+06   4.5898438e+01
   8.5545610e+06   3.9550781e+01
   8.5546160e+06   4.2358398e+01
   8.5546340e+06   4.2254639e+02
   8.5546630e+06   2.0721436e+02
   8.5546910e+06   1.1529541e+02
   8.5547070e+06   1.4208984e+02
   8.5547240e+06   6.4514160e+01
   8.5547610e+06   1.0736084e+02
   8.5547810e+06   4.1564941e+01
   8.5548260e+06   8.9172363e+01
   8.5548430e+06   4.6813965e+01
   8.5548550e+06   4.2663574e+01
   8.5549110e+06   5.7800293e+01
   8.5549350e+06   6.1279297e+01
   8.5549960e+06   4.7851562e+01
   8.5550170e+06   4.8645020e+01
   8.5550660e+06   4.1137695e+01
   8.5550790e+06   8.9782715e+01
   8.5551320e+06   3.8269043e+01
   8.5551770e+06   4.3945312e+01
   8.5551980e+06   1.2066650e+02
   8.5552160e+06   3.8940430e+01
   8.5552260e+06   3.8452148e+01
   8.5552520e+06   4.1442871e+01
   8.5552970e+06   1.0394287e+02
   8.5553740e+06   5.3955078e+01
   8.5554940e+06   4.3640137e+01
   8.5555130e+06   1.2585449e+02
   8.5555910e+06   6.9702148e+01
   8.5556170e+06   3.9550781e+01
   8.5556490e+06   4.2602539e+01
   8.5556690e+06   5.5969238e+01
   8.5557780e+06   5.3344727e+01
   8.5558590e+06   3.8574219e+01
   8.5560490e+06   8.9050293e+01
   8.5563280e+06   9.5581055e+01
   8.5572920e+06   3.8146973e+01
   8.6503640e+06   5.5175781e+01
   9.0160160e+06   4.7912598e+01
   9.0161370e+06   5.9204102e+01
   9.0161670e+06   4.3212891e+01
   9.0161980e+06   6.7016602e+01
   9.0162200e+06   4.9682617e+01
   9.0162350e+06   3.1652832e+02
   9.0162550e+06   2.0697021e+02
   9.0162830e+06   2.1264648e+02
   9.0162930e+06   7.9772949e+01
   9.0163390e+06   1.1029053e+02
   9.0163520e+06   9.3872070e+01
   9.0163710e+06   6.5734863e+01
   9.0163890e+06   4.2236328e+01
   9.0164050e+06   3.8330078e+01
   9.0164280e+06   1.6986084e+02
   9.0164510e+06   6.5002441e+01
   9.0164700e+06   6.4208984e+01
   9.0165000e+06   1.3641357e+02
   9.0165200e+06   4.3762207e+01
   9.0165410e+06   4.2785645e+01
   9.0166050e+06   5.4565430e+01
   9.0166430e+06   5.5419922e+01
   9.0166590e+06   4.7973633e+01
   9.0166840e+06   6.4453125e+01
   9.0167050e+06   3.9794922e+01
   9.0168390e+06   5.1940918e+01
   9.0169100e+06   4.8095703e+01
   9.0169310e+06   4.1320801e+01
   9.0169730e+06   5.1330566e+01
   9.0170460e+06   7.3913574e+01
   9.0170720e+06   5.0659180e+01
   9.0171230e+06   4.6020508e+01
   9.0171950e+06   7.8857422e+01
   9.0172090e+06   4.4860840e+01
   9.0172470e+06   4.3823242e+01
   9.0173020e+06   4.2480469e+01
   9.0173490e+06   1.0778809e+02
   9.0174470e+06   6.5979004e+01
   9.0174820e+06   9.8510742e+01
   9.0176260e+06   4.1442871e+01
   9.0941390e+06   5.7678223e+01
   9.0942240e+06   5.1330566e+01
   9.0942520e+06   7.2265625e+01
   9.0942940e+06   6.6772461e+01
   9.0943040e+06   3.1738281e+02
   9.0943300e+06   2.2576904e+02
   9.0943480e+06   6.6772461e+01
   9.0943680e+06   7.9833984e+01
   9.0943880e+06   4.3090820e+01
   9.0944020e+06   6.9091797e+01
   9.0944310e+06   6.1523438e+01
   9.0944460e+06   9.3383789e+01
   9.0944710e+06   7.3364258e+01
   9.0945090e+06   5.6823730e+01
   9.0945460e+06   1.3061523e+02
   9.0945750e+06   4.3273926e+01
   9.0945900e+06   5.9265137e+01
   9.0946090e+06   5.0659180e+01
   9.0946550e+06   3.8635254e+01
   9.0946720e+06   1.5289307e+02
   9.0946870e+06   4.5227051e+01
   9.0947340e+06   4.3029785e+01
   9.0947650e+06   1.3262939e+02
   9.0947820e+06   5.0292969e+01
   9.0947950e+06   3.9978027e+01
   9.0948960e+06   3.7597656e+01
   9.0949100e+06   1.2744141e+02
   9.0949960e+06   3.8146973e+01
   9.0950620e+06   9.8937988e+01
   9.0950940e+06   5.4748535e+01
   9.0952210e+06   1.1889648e+02
   9.0952460e+06   4.2785645e+01
   9.0952670e+06   3.7902832e+01
   9.0952970e+06   4.6142578e+01
   9.0953610e+06   4.5837402e+01
   9.0953980e+06   5.6152344e+01
   9.0955070e+06   1.3500977e+02
   9.0955450e+06   7.4645996e+01
   9.0956650e+06   6.6894531e+01
   9.0959310e+06   9.1369629e+01
   9.0960340e+06   4.7851562e+01
   9.0961690e+06   1.3275146e+02
   9.1361140e+06   5.5053711e+01
   9.1362660e+06   4.3395996e+01
   9.1363300e+06   3.9245605e+01
   9.1363600e+06   6.4392090e+01
   9.1363880e+06   5.6091309e+01
   9.1364010e+06   3.8708496e+02
   9.1364270e+06   9.1979980e+01
   9.1364410e+06   9.6679688e+01
   9.1364690e+06   1.1724854e+02
   9.1364980e+06   7.9040527e+01
   9.1365310e+06   1.6546631e+02
   9.1365590e+06   1.0461426e+02
   9.1365790e+06   5.2551270e+01
   9.1366080e+06   4.0893555e+01
   9.1366190e+06   5.5358887e+01
   9.1366330e+06   1.5185547e+02
   9.1366780e+06   6.8481445e+01
   9.1367010e+06   3.8330078e+01
   9.1367130e+06   4.6142578e+01
   9.1367610e+06   6.1401367e+01
   9.1367800e+06   5.3100586e+01
   9.1368180e+06   4.1198730e+01
   9.1368340e+06   4.4311523e+01
   9.1368840e+06   3.9978027e+01
   9.1369250e+06   1.3922119e+02
   9.1369490e+06   7.0922852e+01
   9.1369660e+06   3.9611816e+01
   9.1369930e+06   3.9367676e+01
   9.1370500e+06   1.2121582e+02
   9.1371110e+06   5.2429199e+01
   9.1371620e+06   3.8391113e+01
   9.1371800e+06   5.4138184e+01
   9.1372000e+06   4.4982910e+01
   9.1372560e+06   4.8461914e+01
   9.1373230e+06   5.2124023e+01
   9.1373620e+06   1.1883545e+02
   9.1374120e+06   4.3090820e+01
   9.1375030e+06   4.0588379e+01
   9.1375250e+06   7.8674316e+01
   9.1375500e+06   4.8461914e+01
   9.1376160e+06   3.8208008e+01
   9.1376310e+06   4.0100098e+01
   9.1377250e+06   1.5295410e+02
   9.1377520e+06   4.2541504e+01
   9.1379080e+06   4.2785645e+01
   9.3051870e+06   3.7719727e+01
   9.5484650e+06   5.6579590e+01
   9.5485810e+06   3.7841797e+01
   9.5486070e+06   4.4067383e+01
   9.5486620e+06   1.0888672e+02
   9.5486820e+06   3.2440186e+02
   9.5487030e+06   8.4106445e+01
   9.5487310e+06   2.6611328e+02
   9.5487580e+06   1.3458252e+02
   9.5487790e+06   1.5594482e+02
   9.5487890e+06   7.3547363e+01
   9.5488040e+06   5.7250977e+01
   9.5488310e+06   4.9438477e+01
   9.5488530e+06   9.9548340e+01
   9.5488740e+06   4.8889160e+01
   9.5488950e+06   5.3344727e+01
   9.5489330e+06   5.9753418e+01
   9.5489470e+06   7.0129395e+01
   9.5489600e+06   7.3852539e+01
   9.5489980e+06   4.2907715e+01
   9.5490610e+06   1.1767578e+02
   9.5490730e+06   5.1635742e+01
   9.5491050e+06   4.3273926e+01
   9.5491480e+06   5.4931641e+01
   9.5492440e+06   1.1328125e+02
   9.5493780e+06   7.0251465e+01
   9.5494270e+06   4.6936035e+01
   9.5495320e+06   5.5358887e+01
   9.5495730e+06   4.0283203e+01
   9.5496560e+06   4.1076660e+01
   9.5496670e+06   6.5917969e+01
   9.5498070e+06   3.9794922e+01
   9.5498270e+06   1.1407471e+02
   9.5498630e+06   4.0893555e+01
   9.5500180e+06   9.5153809e+01
   9.5500550e+06   4.4982910e+01
   9.5502110e+06   1.0412598e+02
   9.5750070e+06   5.3405762e+01
   9.5751390e+06   5.9326172e+01
   9.5751780e+06   4.7241211e+01
   9.5752060e+06   1.8688965e+02
   9.5752210e+06   2.4804688e+02
   9.5752360e+06   1.9866943e+02
   9.5752530e+06   7.7941895e+01
   9.5752870e+06   1.5753174e+02
   9.5753060e+06   7.6171875e+01
   9.5753210e+06   4.8767090e+01
   9.5753430e+06   1.1120605e+02
   9.5753700e+06   5.0292969e+01
   9.5754000e+06   7.8002930e+01
   9.5754170e+06   1.4416504e+02
   9.5754540e+06   4.6325684e+01
   9.5754760e+06   4.6081543e+01
   9.5755070e+06   4.3701172e+01
   9.5755190e+06   7.0983887e+01
   9.5755490e+06   3.8330078e+01
   9.5755750e+06   4.9621582e+01
   9.5755950e+06   4.8339844e+01
   9.5756390e+06   4.2785645e+01
   9.5756510e+06   4.9743652e+01
   9.5756790e+06   5.0598145e+01
   9.5757020e+06   6.8603516e+01
   9.5757210e+06   4.1442871e+01
   9.5757340e+06   4.2663574e+01
   9.5757560e+06   4.8645020e+01
   9.5758060e+06   4.1687012e+01
   9.5758460e+06   7.9467773e+01
   9.5758780e+06   3.8146973e+01
   9.5759000e+06   1.3397217e+02
   9.5759600e+06   4.1076660e+01
   9.5760190e+06   8.2519531e+01
   9.5760860e+06   4.1198730e+01
   9.5761330e+06   5.6152344e+01
   9.5761910e+06   8.6364746e+01
   9.5762370e+06   4.4555664e+01
   9.5762800e+06   1.5515137e+02
   9.5763110e+06   4.4616699e+01
   9.5763380e+06   4.3457031e+01
   9.5763600e+06   4.6997070e+01
   9.5763770e+06   3.9611816e+01
   9.5764950e+06   9.4299316e+01
   9.5766380e+06   4.0466309e+01
   9.5766650e+06   8.6608887e+01
   9.5768880e+06   3.7963867e+01
   9.5770800e+06   4.9072266e+01
   9.8141360e+06   5.1269531e+01
   9.8142930e+06   4.5349121e+01
   9.8143970e+06   3.8635254e+01
   9.8144070e+06   5.2978516e+01
   9.8144490e+06   4.1564941e+01
   9.8144690e+06   2.8436279e+02
   9.8144870e+06   7.0800781e+01
   9.8145060e+06   2.2424316e+02
   9.8145360e+06   1.2750244e+02
   9.8145640e+06   8.5510254e+01
   9.8145760e+06   7.8186035e+01
   9.8146010e+06   5.0170898e+01
   9.8146340e+06   1.1309814e+02
   9.8146460e+06   1.2322998e+02
   9.8146860e+06   4.3762207e+01
   9.8147280e+06   1.7578125e+02
   9.8147440e+06   4.2358398e+01
   9.8147630e+06   3.8269043e+01
   9.8147910e+06   4.0710449e+01
   9.8148130e+06   1.4208984e+02
   9.8148440e+06   5.2062988e+01
   9.8149040e+06   3.9611816e+01
   9.8149280e+06   1.4984131e+02
   9.8149990e+06   3.9550781e+01
   9.8150240e+06   1.1010742e+02
   9.8151230e+06   4.5349121e+01
   9.8151650e+06   4.3457031e+01
   9.8152190e+06   1.2170410e+02
   9.8152610e+06   4.5837402e+01
   9.8152880e+06   3.8269043e+01
   9.8153560e+06   1.2036133e+02
   9.8154000e+06   4.9194336e+01
   9.8155710e+06   3.8940430e+01
   9.8155870e+06   8.4716797e+01
   9.8156320e+06   1.2536621e+02
   9.8156520e+06   3.8574219e+01
   9.8157720e+06   6.7138672e+01
   9.8160560e+06   4.0771484e+01
   9.8161390e+06   7.5012207e+01
   9.8385460e+06   4.5410156e+01
   9.8385820e+06   3.8330078e+01
   9.8386580e+06   5.3100586e+01
   9.8386790e+06   4.0893555e+01
   9.8387100e+06   3.8696289e+01
   9.8387310e+06   1.0656738e+02
   9.8387530e+06   2.9315186e+02
   9.8387640e+06   1.9921875e+02
   9.8387860e+06   1.1944580e+02
   9.8388090e+06   1.6162109e+02
   9.8388340e+06   5.4443359e+01
   9.8388520e+06   5.9509277e+01
   9.8388680e+06   4.3518066e+01
   9.8388800e+06   9.0759277e+01
   9.8389180e+06   5.3894043e+01
   9.8389330e+06   5.4504395e+01
   9.8389560e+06   4.2053223e+01
   9.8389670e+06   8.3190918e+01
   9.8389840e+06   4.2602539e+01
   9.8390190e+06   4.9438477e+01
   9.8390340e+06   5.5603027e+01
   9.8390490e+06   1.6418457e+02
   9.8390860e+06   1.0943604e+02
   9.8391110e+06   4.6081543e+01
   9.8391280e+06   4.1687012e+01
   9.8391470e+06   4.1320801e+01
   9.8391700e+06   4.1198730e+01
   9.8391850e+06   8.8806152e+01
   9.8392130e+06   3.9794922e+01
   9.8392230e+06   6.7932129e+01
   9.8392370e+06   3.9245605e+01
   9.8392820e+06   5.2490234e+01
   9.8392970e+06   4.6813965e+01
   9.8393450e+06   5.5480957e+01
   9.8393870e+06   8.7768555e+01
   9.8394390e+06   5.7067871e+01
   9.8394850e+06   3.8146973e+01
   9.8395150e+06   5.3283691e+01
   9.8395760e+06   1.5417480e+02
   9.8395990e+06   8.5510254e+01
   9.8396620e+06   4.0710449e+01
   9.8397970e+06   3.7902832e+01
   9.8398500e+06   4.3334961e+01
   9.8399290e+06   4.7119141e+01
   9.8399480e+06   4.1015625e+01
   9.8399670e+06   6.9824219e+01
   9.8401420e+06   4.2846680e+01
   9.8402640e+06   3.9367676e+01
   9.8404410e+06   4.0649414e+01
   1.0063378e+07   4.7241211e+01
   1.0063565e+07   4.2419434e+01
   1.0063669e+07   4.0649414e+01
   1.0063734e+07   3.9550781e+01
   1.0063815e+07   4.8461914e+01
   1.0063834e+07   4.2810059e+02
   1.0063850e+07   8.1542969e+01
   1.0063878e+07   2.0617676e+02
   1.0063888e+07   1.0577393e+02
   1.0063917e+07   1.2677002e+02
   1.0063933e+07   4.0771484e+01
   1.0063947e+07   5.6640625e+01
   1.0063980e+07   1.7626953e+02
   1.0063996e+07   8.6181641e+01
   1.0064014e+07   4.5471191e+01
   1.0064031e+07   5.0231934e+01
   1.0064054e+07   1.2915039e+02
   1.0064092e+07   5.8898926e+01
   1.0064124e+07   1.0076904e+02
   1.0064148e+07   4.7302246e+01
   1.0064194e+07   3.8391113e+01
   1.0064215e+07   3.9062500e+01
   1.0064229e+07   7.6293945e+01
   1.0064333e+07   1.1737061e+02
   1.0064347e+07   3.8635254e+01
   1.0064402e+07   3.8330078e+01
   1.0064434e+07   4.0405273e+01
   1.0064452e+07   4.3090820e+01
   1.0064503e+07   4.0771484e+01
   1.0064538e+07   4.0832520e+01
   1.0064563e+07   3.7597656e+01
   1.0064575e+07   4.1564941e+01
   1.0064653e+07   1.1383057e+02
   1.0064726e+07   3.9733887e+01
   1.0064888e+07   1.1505127e+02
   1.0064903e+07   4.6447754e+01
   1.0064937e+07   3.9978027e+01
   1.0065087e+07   1.1480713e+02
   1.0065320e+07   3.8146973e+01
   1.0065357e+07   5.3649902e+01
   1.0127319e+07   5.4565430e+01
   1.0127621e+07   5.7189941e+01
   1.0127691e+07   4.2236328e+01
   1.0127723e+07   4.5349121e+01
   1.0127745e+07   4.2602539e+01
   1.0127778e+07   1.4727783e+02
   1.0127793e+07   3.2415771e+02
   1.0127813e+07   5.6945801e+01
   1.0127835e+07   1.6894531e+02
   1.0127852e+07   1.6149902e+02
   1.0127880e+07   1.5100098e+02
   1.0127899e+07   6.2316895e+01
   1.0127919e+07   6.3537598e+01
   1.0127935e+07   1.0485840e+02
   1.0127951e+07   4.6813965e+01
   1.0127967e+07   4.0283203e+01
   1.0128009e+07   1.2524414e+02
   1.0128019e+07   1.2573242e+02
   1.0128037e+07   4.2968750e+01
   1.0128058e+07   4.7851562e+01
   1.0128112e+07   7.1838379e+01
   1.0128125e+07   6.6101074e+01
   1.0128141e+07   1.4398193e+02
   1.0128210e+07   5.6518555e+01
   1.0128253e+07   4.3334961e+01
   1.0128300e+07   5.6152344e+01
   1.0128356e+07   4.4799805e+01
   1.0128386e+07   5.2124023e+01
   1.0128410e+07   3.8879395e+01
   1.0128450e+07   5.1147461e+01
   1.0128465e+07   4.6875000e+01
   1.0128484e+07   4.1442871e+01
   1.0128593e+07   4.2907715e+01
   1.0128641e+07   1.1608887e+02
   1.0128686e+07   3.8879395e+01
   1.0128760e+07   4.7912598e+01
   1.0128866e+07   5.8105469e+01
   1.0128928e+07   1.4257812e+02
   1.0129099e+07   4.8217773e+01
   1.0129151e+07   3.7658691e+01
   1.0129162e+07   4.1015625e+01
   1.0129279e+07   6.6711426e+01
   1.0129345e+07   5.2429199e+01
   1.0129371e+07   4.6081543e+01
   1.0194655e+07   5.4077148e+01
   1.0526107e+07   4.4921875e+01
   1.0526256e+07   5.2612305e+01
   1.0526303e+07   4.3640137e+01
   1.0526344e+07   6.0729980e+01
   1.0526359e+07   3.2275391e+02
   1.0526401e+07   9.9853516e+01
   1.0526436e+07   6.7687988e+01
   1.0526450e+07   6.2438965e+01
   1.0526480e+07   1.0974121e+02
   1.0526496e+07   5.2307129e+01
   1.0526511e+07   1.5075684e+02
   1.0526529e+07   6.0241699e+01
   1.0526563e+07   6.6223145e+01
   1.0526575e+07   5.9265137e+01
   1.0526602e+07   4.6325684e+01
   1.0526621e+07   5.7739258e+01
   1.0526638e+07   4.8156738e+01
   1.0526659e+07   3.9306641e+01
   1.0526696e+07   1.2713623e+02
   1.0526706e+07   6.2377930e+01
   1.0526765e+07   3.9916992e+01
   1.0526797e+07   1.2091064e+02
   1.0526911e+07   9.6862793e+01
   1.0526956e+07   3.9489746e+01
   1.0526978e+07   4.6569824e+01
   1.0527068e+07   4.0283203e+01
   1.0527099e+07   3.9611816e+01
   1.0527122e+07   6.5368652e+01
   1.0527163e+07   4.9255371e+01
   1.0527190e+07   5.0903320e+01
   1.0527265e+07   5.0415039e+01
   1.0527311e+07   3.9978027e+01
   1.0527469e+07   5.7434082e+01
   1.0527496e+07   1.1187744e+02
   1.0527522e+07   3.8269043e+01
   1.0527660e+07   1.1944580e+02
   1.0527673e+07   9.8266602e+01
   1.0551562e+07   5.6091309e+01
   1.0551695e+07   6.2133789e+01
   1.0551751e+07   3.7658691e+01
   1.0551778e+07   1.5814209e+02
   1.0551813e+07   4.7851562e+01
   1.0551845e+07   2.0660400e+02
   1.0551863e+07   9.3750000e+01
   1.0551904e+07   1.8212891e+02
   1.0551931e+07   7.6293945e+01
   1.0551956e+07   5.0659180e+01
   1.0551973e+07   1.0791016e+02
   1.0551986e+07   5.3527832e+01
   1.0552022e+07   4.6936035e+01
   1.0552095e+07   1.2518311e+02
   1.0552114e+07   1.1651611e+02
   1.0552129e+07   4.1198730e+01
   1.0552171e+07   4.1076660e+01
   1.0552184e+07   3.8879395e+01
   1.0552204e+07   6.3232422e+01
   1.0552227e+07   5.7128906e+01
   1.0552254e+07   1.5863037e+02
   1.0552318e+07   4.1015625e+01
   1.0552379e+07   1.2933350e+02
   1.0552397e+07   5.8776855e+01
   1.0552409e+07   8.7890625e+01
   1.0552435e+07   3.8757324e+01
   1.0552500e+07   4.2785645e+01
   1.0552518e+07   4.4738770e+01
   1.0552567e+07   1.2377930e+02
   1.0552586e+07   6.8786621e+01
   1.0552637e+07   3.9550781e+01
   1.0552684e+07   5.0170898e+01
   1.0552715e+07   4.4189453e+01
   1.0552746e+07   5.4870605e+01
   1.0552756e+07   3.8635254e+01
   1.0552821e+07   3.9978027e+01
   1.0552856e+07   4.7790527e+01
   1.0552965e+07   8.3862305e+01
   1.0553100e+07   5.4809570e+01
   1.0553155e+07   9.3505859e+01
   1.0553269e+07   4.0039062e+01
   1.0752357e+07   4.6630859e+01
   1.0752542e+07   5.5603027e+01
   1.0752615e+07   4.8095703e+01
   1.0752657e+07   4.1687012e+01
   1.0752667e+07   3.0834961e+02
   1.0752687e+07   1.9079590e+02
   1.0752719e+07   2.4176025e+02
   1.0752746e+07   9.1003418e+01
   1.0752769e+07   1.9818115e+02
   1.0752786e+07   3.9367676e+01
   1.0752825e+07   5.5541992e+01
   1.0752862e+07   1.0852051e+02
   1.0752877e+07   1.9219971e+02
   1.0752906e+07   5.2978516e+01
   1.0752942e+07   4.1076660e+01
   1.0752962e+07   2.1008301e+02
   1.0752977e+07   7.4096680e+01
   1.0753045e+07   4.2724609e+01
   1.0753057e+07   8.6975098e+01
   1.0753091e+07   4.0222168e+01
   1.0753109e+07   4.4921875e+01
   1.0753146e+07   1.1553955e+02
   1.0753162e+07   3.9550781e+01
   1.0753276e+07   4.2541504e+01
   1.0753302e+07   1.2042236e+02
   1.0753329e+07   4.6752930e+01
   1.0753379e+07   4.1992188e+01
   1.0753448e+07   4.3762207e+01
   1.0753464e+07   1.0607910e+02
   1.0753493e+07   4.4555664e+01
   1.0753515e+07   4.2358398e+01
   1.0753534e+07   3.9306641e+01
   1.0753599e+07   4.2236328e+01
   1.0753634e+07   1.0821533e+02
   1.0753661e+07   5.0842285e+01
   1.0753816e+07   3.8574219e+01
   1.0753940e+07   1.2225342e+02
   1.0753951e+07   8.7341309e+01
   1.0754176e+07   7.2021484e+01
   1.0754415e+07   1.0784912e+02
   1.0754444e+07   4.1442871e+01
   1.1193728e+07   5.7434082e+01
   1.1193803e+07   4.0771484e+01
   1.1193837e+07   4.2968750e+01
   1.1193889e+07   4.5410156e+01
   1.1193917e+07   7.0556641e+01
   1.1193944e+07   2.9595947e+02
   1.1193978e+07   8.7341309e+01
   1.1193993e+07   2.4029541e+02
   1.1194010e+07   1.4508057e+02
   1.1194033e+07   6.8359375e+01
   1.1194053e+07   4.3518066e+01
   1.1194077e+07   1.4276123e+02
   1.1194098e+07   5.9570312e+01
   1.1194116e+07   4.9926758e+01
   1.1194141e+07   3.9855957e+01
   1.1194179e+07   1.0260010e+02
   1.1194192e+07   8.7585449e+01
   1.1194254e+07   1.1376953e+02
   1.1194275e+07   6.4697266e+01
   1.1194303e+07   4.2480469e+01
   1.1194318e+07   4.8400879e+01
   1.1194361e+07   1.0034180e+02
   1.1194452e+07   3.8024902e+01
   1.1194477e+07   6.0913086e+01
   1.1194550e+07   4.6813965e+01
   1.1194569e+07   4.0954590e+01
   1.1194620e+07   7.5927734e+01
   1.1194631e+07   4.3090820e+01
   1.1194732e+07   9.0270996e+01
   1.1194754e+07   6.5917969e+01
   1.1194770e+07   4.4311523e+01
   1.1194822e+07   3.7719727e+01
   1.1194860e+07   6.6955566e+01
   1.1194894e+07   4.8278809e+01
   1.1194974e+07   3.8696289e+01
   1.1195048e+07   4.4555664e+01
   1.1195125e+07   1.1364746e+02
   1.1195155e+07   4.4189453e+01
   1.1195417e+07   1.1956787e+02
   1.1195615e+07   7.8430176e+01
   1.1195922e+07   1.4379883e+02
   1.1218497e+07   4.8156738e+01
   1.1218605e+07   4.2785645e+01
   1.1218627e+07   6.1096191e+01
   1.1218669e+07   5.1879883e+01
   1.1218700e+07   1.4959717e+02
   1.1218723e+07   3.0773926e+02
   1.1218743e+07   2.1881104e+02
   1.1218776e+07   1.6192627e+02
   1.1218796e+07   6.9946289e+01
   1.1218822e+07   4.5166016e+01
   1.1218833e+07   6.3354492e+01
   1.1218863e+07   1.3311768e+02
   1.1218903e+07   6.8237305e+01
   1.1218931e+07   6.3415527e+01
   1.1218942e+07   4.2114258e+01
   1.1218966e+07   5.5114746e+01
   1.1218987e+07   1.4880371e+02
   1.1219012e+07   4.9438477e+01
   1.1219041e+07   1.0369873e+02
   1.1219076e+07   4.6447754e+01
   1.1219158e+07   5.9509277e+01
   1.1219179e+07   4.9865723e+01
   1.1219205e+07   4.0710449e+01
   1.1219231e+07   3.7597656e+01
   1.1219249e+07   3.7902832e+01
   1.1219303e+07   4.5837402e+01
   1.1219325e+07   4.1076660e+01
   1.1219477e+07   1.4709473e+02
   1.1219501e+07   7.6049805e+01
   1.1219624e+07   3.8330078e+01
   1.1219657e+07   3.9184570e+01
   1.1219733e+07   1.3867188e+02
   1.1219764e+07   4.7790527e+01
   1.1219853e+07   4.0283203e+01
   1.1219878e+07   5.5847168e+01
   1.1220011e+07   4.3334961e+01
   1.1220059e+07   9.3688965e+01
   1.1220232e+07   3.9062500e+01
   1.1220311e+07   1.2176514e+02
   1.1350067e+07   4.8950195e+01
   1.1350261e+07   4.0588379e+01
   1.1350288e+07   3.7658691e+01
   1.1350362e+07   3.9916992e+01
   1.1350378e+07   4.5776367e+01
   1.1350396e+07   4.4921875e+01
   1.1350409e+07   2.6885986e+02
   1.1350440e+07   1.9384766e+02
   1.1350454e+07   9.3322754e+01
   1.1350487e+07   4.8828125e+01
   1.1350519e+07   3.7963867e+01
   1.1350531e+07   6.0485840e+01
   1.1350561e+07   1.3159180e+02
   1.1350585e+07   5.9936523e+01
   1.1350618e+07   1.1669922e+02
   1.1350638e+07   3.7597656e+01
   1.1350670e+07   5.4748535e+01
   1.1350699e+07   4.6813965e+01
   1.1350734e+07   3.9733887e+01
   1.1350772e+07   4.4006348e+01
   1.1350789e+07   1.5557861e+02
   1.1350807e+07   6.5307617e+01
   1.1350825e+07   5.7128906e+01
   1.1350877e+07   3.9001465e+01
   1.1350924e+07   1.4495850e+02
   1.1350935e+07   6.9641113e+01
   1.1350963e+07   4.2053223e+01
   1.1351033e+07   3.9489746e+01
   1.1351064e+07   3.7963867e+01
   1.1351088e+07   5.2001953e+01
   1.1351119e+07   4.3151855e+01
   1.1351222e+07   4.1503906e+01
   1.1351233e+07   4.6508789e+01
   1.1351249e+07   9.3383789e+01
   1.1351282e+07   4.0771484e+01
   1.1351377e+07   5.6762695e+01
   1.1351393e+07   1.2292480e+02
   1.1351422e+07   6.3598633e+01
   1.1351462e+07   4.1076660e+01
   1.1351477e+07   3.7963867e+01
   1.1351580e+07   4.9438477e+01
   1.1351609e+07   4.5288086e+01
   1.1351665e+07   3.9123535e+01
   1.1351689e+07   9.9365234e+01
   1.1351720e+07   3.8269043e+01
   1.1351909e+07   4.8278809e+01
   1.1461405e+07   4.8217773e+01
   1.1750184e+07   4.8156738e+01
   1.1750338e+07   4.9926758e+01
   1.1750437e+07   9.4238281e+01
   1.1750449e+07   3.2446289e+02
   1.1750465e+07   1.6729736e+02
   1.1750495e+07   8.3801270e+01
   1.1750505e+07   2.9370117e+02
   1.1750537e+07   9.0148926e+01
   1.1750550e+07   1.0845947e+02
   1.1750588e+07   3.8574219e+01
   1.1750618e+07   1.5673828e+02
   1.1750648e+07   6.1157227e+01
   1.1750662e+07   4.6386719e+01
   1.1750700e+07   5.4565430e+01
   1.1750717e+07   1.3665771e+02
   1.1750737e+07   3.9489746e+01
   1.1750773e+07   3.9855957e+01
   1.1750810e+07   3.9001465e+01
   1.1750864e+07   1.0144043e+02
   1.1750896e+07   4.8156738e+01
   1.1750912e+07   4.5349121e+01
   1.1750977e+07   8.6364746e+01
   1.1750997e+07   4.2358398e+01
   1.1751068e+07   6.1950684e+01
   1.1751177e+07   5.5053711e+01
   1.1751203e+07   3.9428711e+01
   1.1751220e+07   4.0771484e+01
   1.1751290e+07   6.6467285e+01
   1.1751365e+07   3.8574219e+01
   1.1751391e+07   5.9875488e+01
   1.1751584e+07   9.5947266e+01
   1.1751854e+07   7.1533203e+01
