   1.1981000e+07   0.0000000e+00
   1.1266800e+05   3.3691406e+01
   8.2672600e+05   3.3569336e+01
   8.9430000e+05   3.3874512e+01
   1.0873740e+06   3.5156250e+01
   1.2222100e+06   3.4118652e+01
   1.7072330e+06   3.5583496e+01
   2.0087680e+06   3.7414551e+01
   3.2347170e+06   3.4790039e+01
   3.6984810e+06   3.3630371e+01
   3.7909980e+06   3.3691406e+01
   3.9042790e+06   3.6621094e+01
   4.6783930e+06   3.9611816e+01
   4.7660720e+06   3.6437988e+01
   6.1182660e+06   3.7292480e+01
   6.2600390e+06   3.3569336e+01
   6.3527120e+06   4.0710449e+01
   7.2162270e+06   4.0100098e+01
   7.5715800e+06   3.4362793e+01
   8.1285030e+06   3.5705566e+01
   8.1647880e+06   3.5644531e+01
   8.2347790e+06   3.4851074e+01
   8.4771530e+06   3.3813477e+01
   8.6167300e+06   3.5705566e+01
   9.0652420e+06   3.3569336e+01
   9.8930210e+06   3.3508301e+01
   9.8931950e+06   3.5156250e+01
   1.0401164e+07   3.4179688e+01
   1.1056851e+07   3.3447266e+01
   1.1112545e+07   3.5095215e+01
   1.1686083e+07   3.9428711e+01
