   1.1996000e+07   0.0000000e+00
   9.6426000e+04   5.0903320e+01
   9.6441000e+04   4.2724609e+01
   1.1137600e+05   5.6640625e+01
   1.5071800e+05   4.6020508e+01
   1.5074500e+05   3.7353516e+01
   1.5079300e+05   3.7780762e+01
   1.5081200e+05   3.6376953e+01
   1.7051100e+05   4.2907715e+01
   1.7052500e+05   4.2785645e+01
   1.7057000e+05   4.1259766e+01
   1.8382900e+05   5.8410645e+01
   1.8389000e+05   3.9611816e+01
   1.8390100e+05   4.7180176e+01
   2.0023200e+05   3.9428711e+01
   2.0026400e+05   3.7963867e+01
   2.0029000e+05   4.6447754e+01
   2.0032200e+05   4.5227051e+01
   2.0059800e+05   3.5339355e+01
   2.1758100e+05   3.9306641e+01
   2.1764300e+05   3.6499023e+01
   2.1767400e+05   3.8330078e+01
   2.1768800e+05   3.7780762e+01
   2.3234200e+05   3.9794922e+01
   2.3236500e+05   3.6621094e+01
   2.3240900e+05   5.0170898e+01
   2.3243300e+05   3.7963867e+01
   2.5051300e+05   3.8574219e+01
   2.5066300e+05   3.9672852e+01
   2.6833800e+05   3.6315918e+01
   2.6837700e+05   3.5583496e+01
   2.6840300e+05   4.6386719e+01
   2.6844900e+05   4.4616699e+01
   2.6857000e+05   3.5644531e+01
   3.2495900e+05   3.5461426e+01
   3.2499500e+05   5.8227539e+01
   8.4358800e+05   3.5827637e+01
   8.4370900e+05   3.8269043e+01
   8.4372600e+05   5.0781250e+01
   8.4375900e+05   4.5410156e+01
   8.6197200e+05   4.1809082e+01
   8.6200400e+05   3.9733887e+01
   8.6203000e+05   4.1809082e+01
   8.6207600e+05   4.2419434e+01
   9.2374800e+05   3.6010742e+01
   1.2876980e+06   4.7302246e+01
   1.2877210e+06   4.4067383e+01
   1.3311990e+06   3.6071777e+01
   1.6527840e+06   3.7414551e+01
   2.1232390e+06   3.6437988e+01
   2.1429070e+06   3.6499023e+01
   2.1962820e+06   4.1931152e+01
   2.1963110e+06   5.5603027e+01
   2.1963310e+06   3.6804199e+01
   2.1963690e+06   3.7109375e+01
   2.2101000e+06   3.5278320e+01
   2.2101400e+06   4.6264648e+01
   2.2101950e+06   3.8146973e+01
   2.2202790e+06   3.6254883e+01
   2.2203490e+06   3.7780762e+01
   2.2203930e+06   3.9611816e+01
   2.2204040e+06   3.7231445e+01
   2.2204760e+06   3.6682129e+01
   2.2205740e+06   3.9611816e+01
   2.2327550e+06   3.8940430e+01
   2.2428430e+06   3.7841797e+01
   2.2428730e+06   3.5278320e+01
   2.2429470e+06   4.1320801e+01
   2.2430220e+06   3.6376953e+01
   2.2434300e+06   3.7963867e+01
   2.2547500e+06   4.2846680e+01
   2.2663790e+06   3.9428711e+01
   2.2664340e+06   4.3823242e+01
   2.2664830e+06   3.5644531e+01
   2.2668640e+06   3.9611816e+01
   2.2786060e+06   3.7780762e+01
   2.2786370e+06   3.6682129e+01
   2.2906990e+06   3.6560059e+01
   2.2907520e+06   4.3640137e+01
   2.3030610e+06   3.9672852e+01
   2.3037790e+06   4.1259766e+01
   2.3149820e+06   3.6193848e+01
   2.3150180e+06   3.9062500e+01
   2.3295050e+06   4.3884277e+01
   2.3295270e+06   6.1218262e+01
   2.3425680e+06   4.2602539e+01
   2.3724290e+06   4.2358398e+01
   2.3724500e+06   3.9062500e+01
   2.3725200e+06   3.7292480e+01
   2.3921080e+06   3.7231445e+01
   2.3925040e+06   3.5278320e+01
   2.4112360e+06   4.4189453e+01
   2.4296920e+06   3.7841797e+01
   2.4297250e+06   3.7780762e+01
   2.4487660e+06   5.0781250e+01
   2.4489960e+06   3.5400391e+01
   2.4748780e+06   4.0283203e+01
   2.4748950e+06   5.4260254e+01
   2.4749400e+06   4.4433594e+01
   2.4749760e+06   3.8818359e+01
   2.4750100e+06   4.2053223e+01
   2.6964980e+06   4.4677734e+01
   2.6965220e+06   4.0283203e+01
   2.7725540e+06   3.6437988e+01
   2.7725990e+06   5.6640625e+01
   2.7726480e+06   4.8950195e+01
   2.7726950e+06   3.6071777e+01
   2.8289700e+06   3.6804199e+01
   2.8290000e+06   3.6132812e+01
   2.8290510e+06   3.9245605e+01
   2.8931130e+06   4.1137695e+01
   2.8932620e+06   3.5583496e+01
   2.8933350e+06   3.7048340e+01
   2.9572450e+06   3.8696289e+01
   2.9574530e+06   3.5949707e+01
   3.0191330e+06   3.6010742e+01
   3.0193350e+06   4.3579102e+01
   3.0193710e+06   4.0100098e+01
   4.6445410e+06   3.6987305e+01
   5.1462860e+06   3.7292480e+01
   5.8180510e+06   5.0964355e+01
   5.8180610e+06   5.4504395e+01
   5.8181060e+06   4.0832520e+01
   5.8411000e+06   3.7231445e+01
   5.8606430e+06   3.6010742e+01
   5.8606770e+06   3.7353516e+01
   5.8607100e+06   4.0161133e+01
   5.8607520e+06   4.6264648e+01
   5.8818340e+06   4.0161133e+01
   5.8818720e+06   3.7292480e+01
   5.8818910e+06   3.8452148e+01
   5.8819380e+06   4.9865723e+01
   5.8952290e+06   4.6020508e+01
   5.8953790e+06   4.0100098e+01
   5.9074650e+06   5.2795410e+01
   5.9074760e+06   3.6315918e+01
   5.9204210e+06   4.1503906e+01
   5.9341120e+06   3.9367676e+01
   5.9341550e+06   4.0954590e+01
   5.9343760e+06   3.7353516e+01
   5.9348460e+06   4.0405273e+01
   5.9497490e+06   3.8696289e+01
   5.9498970e+06   3.6071777e+01
   5.9658310e+06   3.6193848e+01
   5.9658780e+06   3.9794922e+01
   5.9879950e+06   4.1198730e+01
   6.0127330e+06   4.0588379e+01
   6.0127970e+06   4.3640137e+01
   6.0128300e+06   5.1574707e+01
   6.0129630e+06   3.6315918e+01
   6.0131960e+06   3.6437988e+01
   6.0487160e+06   3.6743164e+01
   6.0487570e+06   3.9733887e+01
   6.0487980e+06   3.8513184e+01
   6.0913590e+06   4.5288086e+01
   6.0914280e+06   4.1015625e+01
   6.5289780e+06   4.6936035e+01
   6.5290050e+06   3.7292480e+01
   6.5291890e+06   3.6376953e+01
   6.5704680e+06   3.5827637e+01
   6.5706130e+06   4.3029785e+01
   6.5706970e+06   4.3701172e+01
   6.5707260e+06   3.5522461e+01
   6.5707580e+06   4.4128418e+01
   6.5709690e+06   3.6437988e+01
   6.6057450e+06   3.6560059e+01
   6.6057670e+06   3.5949707e+01
   6.6058090e+06   4.3212891e+01
   6.6058400e+06   5.9020996e+01
   6.6222300e+06   3.6499023e+01
   6.6222630e+06   4.0161133e+01
   6.6507050e+06   3.6315918e+01
   6.6507400e+06   4.5104980e+01
   6.6508000e+06   3.5705566e+01
   6.6675880e+06   4.0771484e+01
   6.6676130e+06   3.9367676e+01
   6.6676890e+06   4.2236328e+01
   6.6830890e+06   3.6193848e+01
   6.6831920e+06   4.4616699e+01
   6.6832040e+06   4.2236328e+01
   6.6992990e+06   3.8208008e+01
   6.6993570e+06   3.6987305e+01
   6.6993740e+06   3.5583496e+01
   6.6993880e+06   3.8452148e+01
   6.6994220e+06   4.3762207e+01
   6.7140310e+06   4.0832520e+01
   6.7140630e+06   3.8146973e+01
   6.7140950e+06   3.5522461e+01
   6.7141690e+06   3.7597656e+01
   6.7283580e+06   4.1320801e+01
   6.7284030e+06   4.1015625e+01
   6.7284430e+06   3.6621094e+01
   6.7286930e+06   3.8452148e+01
   6.7442160e+06   4.2541504e+01
   6.7442380e+06   3.5888672e+01
   6.7744900e+06   4.3151855e+01
   6.7992660e+06   4.0283203e+01
   6.7993420e+06   4.5715332e+01
   6.7993800e+06   3.9123535e+01
   6.7994150e+06   4.8278809e+01
   6.7994850e+06   4.1137695e+01
   6.8237950e+06   3.9306641e+01
   6.8238130e+06   3.8208008e+01
   6.8491330e+06   4.1137695e+01
   6.8491790e+06   3.5766602e+01
   6.8491910e+06   3.9306641e+01
   6.8701680e+06   3.7475586e+01
   6.8701990e+06   3.8269043e+01
   6.8702810e+06   3.6865234e+01
   6.8702970e+06   3.7170410e+01
   6.8703710e+06   3.6376953e+01
   6.9041770e+06   3.5522461e+01
   6.9616630e+06   3.6315918e+01
   6.9616760e+06   3.8269043e+01
   6.9617400e+06   3.7902832e+01
   6.9618950e+06   3.5827637e+01
   8.4560700e+06   3.6376953e+01
   8.4561020e+06   4.3273926e+01
   8.4561180e+06   5.6701660e+01
   8.4561590e+06   4.7424316e+01
   8.4755690e+06   3.9428711e+01
   8.4756400e+06   3.7841797e+01
   8.4756970e+06   3.5644531e+01
   8.4757270e+06   4.0222168e+01
   8.4993510e+06   3.9245605e+01
   8.4993890e+06   3.7475586e+01
   8.5127300e+06   4.6997070e+01
   8.5128400e+06   5.5297852e+01
   8.5129700e+06   3.5522461e+01
   8.5257810e+06   3.5827637e+01
   8.5385190e+06   4.4494629e+01
   8.5385550e+06   4.2846680e+01
   8.5514150e+06   3.6254883e+01
   8.5515300e+06   3.6499023e+01
   8.5666610e+06   4.3029785e+01
   8.5667250e+06   3.9794922e+01
   8.5809010e+06   3.5705566e+01
   8.5809630e+06   3.6560059e+01
   8.6010480e+06   3.8635254e+01
   8.6010980e+06   3.9489746e+01
   8.6011210e+06   3.6621094e+01
   8.6362100e+06   3.8024902e+01
   8.6362550e+06   4.0405273e+01
   8.6363350e+06   3.6682129e+01
   9.0223750e+06   3.7170410e+01
   9.0224110e+06   4.5288086e+01
   9.0224820e+06   4.0405273e+01
   9.0945510e+06   3.8574219e+01
   9.0945640e+06   4.8645020e+01
   9.0946210e+06   5.1818848e+01
   9.0946650e+06   3.8574219e+01
   9.1566700e+06   3.6743164e+01
   9.1567090e+06   5.1879883e+01
   9.1567410e+06   3.7048340e+01
   9.1868720e+06   3.6071777e+01
   9.1869100e+06   4.0527344e+01
   9.2231650e+06   3.7048340e+01
   9.2231830e+06   3.6315918e+01
   9.2232520e+06   4.4555664e+01
   9.2394040e+06   3.9184570e+01
   9.2395720e+06   3.7902832e+01
   9.2566410e+06   4.0344238e+01
   9.2725730e+06   4.0649414e+01
   9.2866320e+06   3.7475586e+01
   9.2866540e+06   4.2907715e+01
   9.2866950e+06   4.0161133e+01
   9.3018040e+06   4.3457031e+01
   9.3018400e+06   4.2846680e+01
   9.3019090e+06   4.3823242e+01
   9.3178520e+06   3.7658691e+01
   9.3179070e+06   3.7231445e+01
   9.3182030e+06   3.7536621e+01
   9.3427260e+06   5.0476074e+01
   9.3427980e+06   3.7048340e+01
   9.3607260e+06   3.7536621e+01
   9.3630070e+06   3.6315918e+01
   9.3811680e+06   3.6682129e+01
   9.3811920e+06   4.0344238e+01
   9.4002430e+06   4.1320801e+01
   9.4002740e+06   3.5949707e+01
   9.4004370e+06   4.0771484e+01
   9.4004990e+06   4.4006348e+01
   9.4179730e+06   4.6752930e+01
   9.4180880e+06   3.7414551e+01
   9.4183970e+06   3.7902832e+01
   9.4813120e+06   3.9489746e+01
   9.4814160e+06   4.2785645e+01
   9.4814790e+06   3.8208008e+01
   9.5252490e+06   4.1931152e+01
   9.5253130e+06   3.6682129e+01
   9.5253500e+06   3.7414551e+01
   9.5253780e+06   3.8208008e+01
   9.7669090e+06   3.6010742e+01
   1.0654509e+07   3.8696289e+01
   1.0654553e+07   3.9306641e+01
   1.0654579e+07   3.7536621e+01
   1.0714358e+07   4.7851562e+01
   1.0714378e+07   3.7231445e+01
   1.0714417e+07   3.8391113e+01
   1.0740466e+07   4.4006348e+01
   1.0740543e+07   4.6081543e+01
   1.0740569e+07   3.6560059e+01
   1.0755892e+07   5.1330566e+01
   1.0755991e+07   4.2907715e+01
   1.0770460e+07   3.7170410e+01
   1.0770524e+07   3.6437988e+01
   1.0784861e+07   3.9306641e+01
   1.0784880e+07   3.7658691e+01
   1.0784943e+07   3.8696289e+01
   1.0798576e+07   4.3212891e+01
   1.0798687e+07   4.4250488e+01
   1.0816054e+07   4.3640137e+01
   1.0835073e+07   4.3884277e+01
   1.0835098e+07   3.9794922e+01
   1.0835128e+07   3.8452148e+01
   1.0852383e+07   3.9978027e+01
   1.0852509e+07   3.6315918e+01
   1.0878773e+07   3.7963867e+01
   1.0878810e+07   5.0781250e+01
   1.0878877e+07   3.7292480e+01
   1.0878916e+07   3.6132812e+01
   1.0901378e+07   3.9855957e+01
   1.0901471e+07   3.9367676e+01
   1.0901514e+07   3.6376953e+01
   1.0966890e+07   4.2053223e+01
   1.1688205e+07   3.7719727e+01
