   1.2043000e+07   0.0000000e+00
   6.8837900e+05   1.1230469e+01
   1.2092320e+06   1.1169434e+01
   1.4387110e+06   1.1108398e+01
   2.2902810e+06   1.1108398e+01
   2.8218990e+06   1.1718750e+01
   4.3535010e+06   1.1352539e+01
   5.3077590e+06   1.0986328e+01
   5.6709550e+06   1.1169434e+01
   6.0028640e+06   1.1474609e+01
   7.0807100e+06   1.1047363e+01
   7.3817940e+06   1.1108398e+01
   7.8883480e+06   1.2207031e+01
   9.0863030e+06   1.1169434e+01
   9.9412300e+06   1.1169434e+01
   1.0048420e+07   1.1413574e+01
   1.0456128e+07   1.2207031e+01
   1.0456996e+07   1.2329102e+01
   1.1823877e+07   1.1169434e+01
