   1.1996000e+07   0.0000000e+00
   3.9927200e+05   3.3691406e+01
   3.9960900e+05   4.0344238e+01
   3.9971600e+05   3.5888672e+01
   8.1874900e+05   3.5888672e+01
   8.1879900e+05   3.6804199e+01
   8.1887400e+05   3.3325195e+01
   8.1895300e+05   3.3264160e+01
   8.1906700e+05   4.1015625e+01
   8.1932400e+05   3.3508301e+01
   8.1938200e+05   3.9245605e+01
   8.1976000e+05   3.7963867e+01
   8.4473700e+05   7.9528809e+01
   9.9590300e+05   3.5522461e+01
   1.2064700e+06   3.4912109e+01
   1.2228310e+06   3.2897949e+01
   1.5145290e+06   3.4423828e+01
   1.7374080e+06   3.3447266e+01
   1.7832520e+06   6.2988281e+01
   1.8181370e+06   3.3630371e+01
   1.9180730e+06   3.3569336e+01
   1.9180880e+06   6.2072754e+01
   1.9658630e+06   3.3630371e+01
   1.9659100e+06   6.0852051e+01
   1.9676260e+06   4.0649414e+01
   1.9885790e+06   3.5156250e+01
   1.9990240e+06   5.7617187e+01
   2.0165270e+06   6.5002441e+01
   2.0170270e+06   3.7414551e+01
   2.0280390e+06   7.1350098e+01
   2.0776740e+06   6.5429688e+01
   2.1015770e+06   6.8664551e+01
   2.1016310e+06   4.4067383e+01
   2.1034780e+06   3.4484863e+01
   2.1208380e+06   6.6772461e+01
   2.1456670e+06   3.3081055e+01
   2.1457280e+06   7.1899414e+01
   2.1458000e+06   5.8471680e+01
   2.1629090e+06   3.2775879e+01
   2.1666970e+06   6.4270020e+01
   2.2680010e+06   7.9406738e+01
   2.3321180e+06   3.4484863e+01
   2.3954340e+06   3.5400391e+01
   2.4544190e+06   3.6560059e+01
   2.4545600e+06   3.2775879e+01
   2.4546460e+06   6.8969727e+01
   2.7364750e+06   3.4057617e+01
   2.7365500e+06   4.0893555e+01
   2.7365780e+06   4.0527344e+01
   2.7366100e+06   7.0739746e+01
   2.7366340e+06   3.5888672e+01
   2.7366520e+06   6.4147949e+01
   2.7366820e+06   3.7658691e+01
   2.7366930e+06   3.7292480e+01
   2.7367190e+06   3.8757324e+01
   2.7367530e+06   3.9306641e+01
   2.7367700e+06   3.6132812e+01
   2.7368040e+06   4.0222168e+01
   2.7369950e+06   4.0527344e+01
   2.7462790e+06   4.7180176e+01
   2.7467210e+06   3.9184570e+01
   2.7476250e+06   3.8818359e+01
   2.7482620e+06   3.7597656e+01
   2.7489680e+06   4.1259766e+01
   2.7526140e+06   5.1147461e+01
   2.7529550e+06   5.1147461e+01
   2.7737950e+06   3.4179688e+01
   2.7738270e+06   7.2448730e+01
   2.7738440e+06   5.8837891e+01
   2.7738940e+06   6.8054199e+01
   2.7739250e+06   5.1635742e+01
   2.7739400e+06   3.4973145e+01
   2.7739710e+06   3.6071777e+01
   2.7740130e+06   4.7180176e+01
   2.7740400e+06   3.2775879e+01
   2.7741610e+06   3.5583496e+01
   2.7742150e+06   3.3569336e+01
   2.7742990e+06   3.3264160e+01
   2.7744380e+06   3.4606934e+01
   2.7744910e+06   3.4118652e+01
   2.7745530e+06   3.3752441e+01
   2.7747910e+06   3.4912109e+01
   2.7754100e+06   3.4729004e+01
   2.7758120e+06   3.2897949e+01
   2.7771430e+06   4.7790527e+01
   2.7806140e+06   3.3996582e+01
   2.7809540e+06   4.9133301e+01
   2.7815720e+06   4.7546387e+01
   2.7917880e+06   5.9448242e+01
   2.7918120e+06   3.8513184e+01
   2.7918280e+06   3.4423828e+01
   2.7918770e+06   5.4931641e+01
   2.7919410e+06   3.3020020e+01
   2.7919550e+06   4.1564941e+01
   2.7920240e+06   3.2836914e+01
   2.7920780e+06   3.9062500e+01
   2.7922110e+06   3.9306641e+01
   2.7923240e+06   3.9611816e+01
   2.8017680e+06   3.7780762e+01
   2.8018740e+06   3.5461426e+01
   2.8018910e+06   6.0180664e+01
   2.8020210e+06   4.7241211e+01
   2.8021730e+06   4.0222168e+01
   2.8021920e+06   4.0710449e+01
   2.8103680e+06   3.2775879e+01
   2.8103890e+06   4.9560547e+01
   2.8104690e+06   5.5603027e+01
   2.8104840e+06   4.9682617e+01
   2.8105680e+06   4.5532227e+01
   2.8106380e+06   3.3996582e+01
   2.8107390e+06   4.1381836e+01
   2.8112080e+06   3.2897949e+01
   2.8113230e+06   4.5471191e+01
   2.8221810e+06   3.7841797e+01
   2.8222300e+06   3.8513184e+01
   2.8222590e+06   3.9428711e+01
   2.8222830e+06   5.5236816e+01
   2.8223020e+06   3.5766602e+01
   2.8223980e+06   3.7414551e+01
   2.8224270e+06   3.4667969e+01
   2.8224990e+06   4.7973633e+01
   2.8225120e+06   3.3264160e+01
   2.8227600e+06   4.5654297e+01
   2.8325070e+06   3.5400391e+01
   2.8325410e+06   3.5888672e+01
   2.8325690e+06   6.9946289e+01
   2.8326150e+06   3.3813477e+01
   2.8326680e+06   4.3151855e+01
   2.8326850e+06   3.3935547e+01
   2.8327550e+06   4.8950195e+01
   2.8327860e+06   3.5888672e+01
   2.8328140e+06   3.4790039e+01
   2.8328480e+06   3.5156250e+01
   2.8330080e+06   3.3935547e+01
   2.8333240e+06   3.7048340e+01
   2.8333970e+06   3.5827637e+01
   2.8437040e+06   3.6315918e+01
   2.8437480e+06   6.3476562e+01
   2.8438780e+06   5.1574707e+01
   2.8575770e+06   4.2480469e+01
   2.8576420e+06   5.9265137e+01
   2.8576810e+06   4.6142578e+01
   2.8577180e+06   5.8654785e+01
   2.8577360e+06   3.4667969e+01
   2.8577610e+06   3.5583496e+01
   2.8577860e+06   3.6621094e+01
   2.8578260e+06   3.2653809e+01
   2.8578570e+06   3.3813477e+01
   2.8579500e+06   3.8513184e+01
   2.8579840e+06   3.5339355e+01
   2.8582680e+06   3.4729004e+01
   2.8589100e+06   3.3569336e+01
   2.8630090e+06   3.6560059e+01
   2.8706780e+06   6.4514160e+01
   2.8707470e+06   3.3569336e+01
   2.8847520e+06   3.5400391e+01
   2.8847750e+06   5.1940918e+01
   2.8847960e+06   5.9082031e+01
   2.8848160e+06   3.5095215e+01
   2.8848420e+06   4.0771484e+01
   2.8848610e+06   5.1086426e+01
   2.8848720e+06   5.0842285e+01
   2.8849020e+06   3.4118652e+01
   2.8849270e+06   4.5593262e+01
   2.8850310e+06   3.5278320e+01
   2.8851080e+06   3.6437988e+01
   2.8863320e+06   4.2358398e+01
   2.9043320e+06   3.9245605e+01
   2.9043530e+06   4.6508789e+01
   2.9043860e+06   6.7871094e+01
   2.9044720e+06   7.3242188e+01
   2.9044940e+06   3.5888672e+01
   2.9045610e+06   4.1137695e+01
   2.9045710e+06   4.3395996e+01
   2.9046120e+06   3.7231445e+01
   2.9046290e+06   3.4179688e+01
   2.9047470e+06   3.4179688e+01
   2.9048620e+06   3.4057617e+01
   2.9049050e+06   3.6071777e+01
   2.9049500e+06   4.0405273e+01
   2.9311650e+06   4.4921875e+01
   2.9311900e+06   4.4494629e+01
   2.9312240e+06   3.5888672e+01
   2.9312560e+06   6.4453125e+01
   2.9312870e+06   3.5888672e+01
   2.9313180e+06   4.9072266e+01
   2.9313750e+06   3.7353516e+01
   2.9314430e+06   3.8452148e+01
   2.9315530e+06   3.8146973e+01
   2.9320440e+06   3.5827637e+01
   2.9330250e+06   4.9743652e+01
   2.9563390e+06   3.2775879e+01
   2.9563570e+06   4.4860840e+01
   2.9564000e+06   5.1147461e+01
   2.9564320e+06   6.2744141e+01
   2.9564510e+06   4.3457031e+01
   2.9564850e+06   3.5827637e+01
   2.9565010e+06   4.3457031e+01
   2.9565210e+06   3.6865234e+01
   2.9565420e+06   3.8513184e+01
   2.9565560e+06   3.3020020e+01
   2.9570020e+06   3.6682129e+01
   2.9572810e+06   4.3334961e+01
   2.9575110e+06   3.6254883e+01
   2.9577550e+06   4.1198730e+01
   2.9925100e+06   3.4606934e+01
   2.9925690e+06   3.5400391e+01
   2.9925820e+06   5.9936523e+01
   2.9926020e+06   4.9011230e+01
   2.9926290e+06   5.4138184e+01
   2.9926550e+06   5.2062988e+01
   2.9926750e+06   3.9916992e+01
   2.9927460e+06   3.8757324e+01
   2.9927680e+06   4.0283203e+01
   2.9930690e+06   4.0771484e+01
   2.9940060e+06   4.2297363e+01
   2.9949860e+06   4.3640137e+01
   3.0215520e+06   3.4240723e+01
   3.0216150e+06   4.4616699e+01
   3.0216390e+06   4.3579102e+01
   3.0216500e+06   5.3527832e+01
   3.0216860e+06   3.7231445e+01
   3.0216980e+06   6.0241699e+01
   3.0217470e+06   3.4423828e+01
   3.0217840e+06   3.7231445e+01
   3.0218150e+06   4.4433594e+01
   3.0225730e+06   3.2531738e+01
   3.0227290e+06   3.3935547e+01
   3.0230020e+06   4.7485352e+01
   3.0236700e+06   4.8156738e+01
   3.0514230e+06   4.7912598e+01
   3.0514460e+06   6.4453125e+01
   3.0514640e+06   4.5288086e+01
   3.0515060e+06   5.0048828e+01
   3.0515180e+06   3.2592773e+01
   3.0515500e+06   3.3935547e+01
   3.0516050e+06   3.7170410e+01
   3.0516360e+06   3.2836914e+01
   3.0516670e+06   3.7475586e+01
   3.0522760e+06   3.7719727e+01
   3.0525350e+06   3.4851074e+01
   3.0529170e+06   5.1879883e+01
   3.0532010e+06   4.2968750e+01
   3.0537500e+06   5.2001953e+01
   3.0632020e+06   6.3476562e+01
   3.0757550e+06   4.5043945e+01
   3.0757970e+06   7.4584961e+01
   3.0758500e+06   4.1320801e+01
   3.0758960e+06   3.3264160e+01
   3.0759920e+06   3.3508301e+01
   3.0760600e+06   3.9794922e+01
   3.0770110e+06   4.2175293e+01
   3.0772480e+06   3.2592773e+01
   3.0776980e+06   4.4494629e+01
   3.0853510e+06   5.4626465e+01
   3.1061740e+06   5.7861328e+01
   3.1062110e+06   3.7963867e+01
   3.1062270e+06   4.4738770e+01
   3.1062480e+06   3.3386230e+01
   3.1062840e+06   4.1076660e+01
   3.1063360e+06   4.7363281e+01
   3.1063870e+06   3.9794922e+01
   3.1071210e+06   3.4606934e+01
   3.1072260e+06   3.2714844e+01
   3.1073330e+06   3.7963867e+01
   3.1075550e+06   3.6315918e+01
   3.1082700e+06   4.6752930e+01
   3.1340570e+06   3.2653809e+01
   3.1340730e+06   4.6691895e+01
   3.1340890e+06   3.5278320e+01
   3.1341080e+06   3.2836914e+01
   3.1341310e+06   4.0405273e+01
   3.1341450e+06   3.8513184e+01
   3.1341720e+06   4.2236328e+01
   3.1342020e+06   5.0476074e+01
   3.1342370e+06   3.8879395e+01
   3.1342650e+06   3.5888672e+01
   3.1343160e+06   3.4667969e+01
   3.1343600e+06   3.3020020e+01
   3.1344360e+06   3.6560059e+01
   3.1345170e+06   3.3569336e+01
   3.1353840e+06   3.2531738e+01
   3.1357260e+06   3.8085938e+01
   3.1361080e+06   5.2185059e+01
   3.1368750e+06   5.1574707e+01
   3.1637310e+06   3.3874512e+01
   3.1637660e+06   3.9550781e+01
   3.1637830e+06   7.1350098e+01
   3.1638100e+06   4.0222168e+01
   3.1638230e+06   3.3203125e+01
   3.1638580e+06   3.3325195e+01
   3.1639210e+06   3.6743164e+01
   3.1639400e+06   5.5541992e+01
   3.1647590e+06   3.3325195e+01
   3.1647990e+06   3.2714844e+01
   3.1653500e+06   4.7546387e+01
   3.1657000e+06   4.4555664e+01
   3.1659310e+06   4.1809082e+01
   3.1943300e+06   3.5034180e+01
   3.1943500e+06   8.4167480e+01
   3.1944210e+06   3.5095215e+01
   3.1944500e+06   3.6376953e+01
   3.1944710e+06   3.5095215e+01
   3.1945310e+06   3.6804199e+01
   3.1945630e+06   3.5949707e+01
   3.1945970e+06   3.7597656e+01
   3.1946290e+06   3.9611816e+01
   3.1947640e+06   3.4790039e+01
   3.1953540e+06   4.0710449e+01
   3.1957920e+06   3.7353516e+01
   3.1961020e+06   4.7607422e+01
   3.1963490e+06   4.3701172e+01
   3.1966310e+06   4.6569824e+01
   3.2248270e+06   5.3039551e+01
   3.2248370e+06   5.2978516e+01
   3.2248660e+06   4.2297363e+01
   3.2249200e+06   4.1076660e+01
   3.2249710e+06   3.9978027e+01
   3.2250040e+06   3.3813477e+01
   3.2250350e+06   3.3264160e+01
   3.2251090e+06   3.3447266e+01
   3.2261090e+06   3.4362793e+01
   3.2266790e+06   4.8034668e+01
   3.2276470e+06   4.9560547e+01
   3.2283050e+06   4.3640137e+01
   3.2289170e+06   5.0354004e+01
   3.2496490e+06   3.3020020e+01
   3.2496810e+06   3.4301758e+01
   3.2496970e+06   6.3354492e+01
   3.2497580e+06   4.2419434e+01
   3.2497810e+06   3.8513184e+01
   3.2498100e+06   4.6325684e+01
   3.2498370e+06   4.8217773e+01
   3.2498640e+06   4.6020508e+01
   3.2498940e+06   3.7414551e+01
   3.2499220e+06   3.4240723e+01
   3.2499600e+06   3.5888672e+01
   3.2500070e+06   3.5949707e+01
   3.2500900e+06   3.8085938e+01
   3.2501270e+06   3.4423828e+01
   3.2507050e+06   3.4912109e+01
   3.2510370e+06   3.3264160e+01
   3.2511150e+06   3.6437988e+01
   3.2516870e+06   3.4484863e+01
   3.2517890e+06   4.0710449e+01
   3.2528020e+06   5.0170898e+01
   3.2854970e+06   3.4423828e+01
   3.2855960e+06   6.4941406e+01
   3.2856410e+06   4.5104980e+01
   3.2856690e+06   4.4860840e+01
   3.2856980e+06   3.5888672e+01
   3.2857210e+06   4.9804688e+01
   3.2857480e+06   3.4484863e+01
   3.2857720e+06   3.7048340e+01
   3.2858000e+06   3.7963867e+01
   3.2858230e+06   3.5827637e+01
   3.2858580e+06   3.7658691e+01
   3.2858950e+06   3.4973145e+01
   3.2862050e+06   3.2958984e+01
   3.2875550e+06   3.9855957e+01
   3.2898120e+06   5.4565430e+01
   3.3154090e+06   3.6193848e+01
   3.3154340e+06   9.5581055e+01
   3.3154610e+06   3.4851074e+01
   3.3154870e+06   5.2612305e+01
   3.3155070e+06   3.3203125e+01
   3.3155330e+06   4.9316406e+01
   3.3155810e+06   3.3142090e+01
   3.3156490e+06   4.4006348e+01
   3.3168960e+06   4.2236328e+01
   3.3178220e+06   5.2062988e+01
   3.3184340e+06   4.5959473e+01
   3.3505620e+06   3.5400391e+01
   3.3506110e+06   3.4973145e+01
   3.3506380e+06   4.1564941e+01
   3.3506750e+06   3.8513184e+01
   3.3507030e+06   3.3508301e+01
   3.3507210e+06   4.5898438e+01
   3.3507750e+06   3.4423828e+01
   3.3508200e+06   3.7048340e+01
   3.3508510e+06   3.9611816e+01
   3.3508860e+06   3.5156250e+01
   3.3513950e+06   4.0954590e+01
   3.3516980e+06   4.2541504e+01
   3.3517700e+06   3.6560059e+01
   3.3521560e+06   3.5949707e+01
   3.3525680e+06   4.6325684e+01
   3.3527820e+06   4.6142578e+01
   3.3532680e+06   4.5349121e+01
   3.3541720e+06   5.1330566e+01
   3.3554810e+06   5.4992676e+01
   3.3915200e+06   3.8696289e+01
   3.3915780e+06   4.4006348e+01
   3.3915990e+06   3.6804199e+01
   3.3916530e+06   3.4729004e+01
   3.3916660e+06   3.6254883e+01
   3.3916800e+06   3.5949707e+01
   3.3917000e+06   4.1748047e+01
   3.3917170e+06   4.8522949e+01
   3.3917620e+06   3.6010742e+01
   3.3918250e+06   3.4851074e+01
   3.3919530e+06   3.4057617e+01
   3.3921280e+06   3.3752441e+01
   3.3928990e+06   3.3752441e+01
   3.3929740e+06   3.2531738e+01
   3.3932710e+06   4.3395996e+01
   3.3940860e+06   4.7973633e+01
   3.3944590e+06   4.2175293e+01
   3.3949880e+06   4.7241211e+01
   3.4380520e+06   3.5583496e+01
   3.4380920e+06   4.5227051e+01
   3.4381090e+06   4.5410156e+01
   3.4381230e+06   5.0720215e+01
   3.4381510e+06   3.6437988e+01
   3.4381730e+06   4.4921875e+01
   3.4382110e+06   5.0842285e+01
   3.4382570e+06   3.4118652e+01
   3.4382710e+06   3.3691406e+01
   3.4383320e+06   3.4179688e+01
   3.4383740e+06   3.3935547e+01
   3.4386460e+06   3.3020020e+01
   3.4401010e+06   4.2602539e+01
   3.4406560e+06   4.2114258e+01
   3.4411350e+06   4.7363281e+01
   3.4419710e+06   4.8522949e+01
   3.4443750e+06   4.7668457e+01
   3.4884600e+06   3.6437988e+01
   3.4884810e+06   3.3996582e+01
   3.4885470e+06   5.3161621e+01
   3.4886580e+06   5.1330566e+01
   3.4886900e+06   4.5288086e+01
   3.4887170e+06   3.5949707e+01
   3.4887480e+06   3.9611816e+01
   3.4887960e+06   3.6499023e+01
   3.4888120e+06   3.3630371e+01
   3.4888620e+06   4.3884277e+01
   3.4888830e+06   3.5217285e+01
   3.4888930e+06   3.4179688e+01
   3.4889290e+06   3.8391113e+01
   3.4889640e+06   3.6071777e+01
   3.4904940e+06   3.6315918e+01
   3.4909590e+06   3.3752441e+01
   3.4911050e+06   4.8461914e+01
   3.4916310e+06   4.8828125e+01
   3.4924120e+06   5.0659180e+01
   3.5258350e+06   5.3283691e+01
   3.5258700e+06   3.5095215e+01
   3.5258980e+06   3.5522461e+01
   3.5259410e+06   3.4545898e+01
   3.5259690e+06   3.8391113e+01
   3.5260120e+06   3.5461426e+01
   3.5260390e+06   3.2714844e+01
   3.5260680e+06   3.5278320e+01
   3.5261790e+06   3.2592773e+01
   3.5261900e+06   3.5888672e+01
   3.5265290e+06   3.3142090e+01
   3.5270050e+06   3.6560059e+01
   3.5276850e+06   3.5522461e+01
   3.5280070e+06   3.6437988e+01
   3.5283270e+06   4.0100098e+01
   3.5292600e+06   4.2297363e+01
   3.5635790e+06   4.3640137e+01
   3.5638500e+06   3.8269043e+01
   3.5639290e+06   5.7800293e+01
   3.5639430e+06   3.3813477e+01
   3.5639570e+06   3.3325195e+01
   3.5639890e+06   3.3325195e+01
   3.5639990e+06   3.5705566e+01
   3.5640550e+06   3.5827637e+01
   3.5641020e+06   4.1564941e+01
   3.5641260e+06   3.4423828e+01
   3.5642410e+06   3.5888672e+01
   3.5642820e+06   3.9184570e+01
   3.5644760e+06   3.4362793e+01
   3.5652120e+06   4.2785645e+01
   3.5657600e+06   3.7780762e+01
   3.5663310e+06   5.6518555e+01
   3.5667300e+06   5.1391602e+01
   3.5674440e+06   4.6020508e+01
   3.6040110e+06   3.8574219e+01
   3.6041450e+06   3.3020020e+01
   3.6041850e+06   7.2937012e+01
   3.6042190e+06   3.2836914e+01
   3.6043170e+06   6.3598633e+01
   3.6043360e+06   3.6987305e+01
   3.6043550e+06   4.0100098e+01
   3.6043970e+06   3.7536621e+01
   3.6044380e+06   3.4118652e+01
   3.6044550e+06   4.6020508e+01
   3.6045060e+06   3.6193848e+01
   3.6045720e+06   4.0954590e+01
   3.6050070e+06   3.3142090e+01
   3.6052280e+06   4.4799805e+01
   3.6053750e+06   5.0842285e+01
   3.6056610e+06   4.6203613e+01
   3.6402780e+06   4.6691895e+01
   3.6404870e+06   5.0781250e+01
   3.6405880e+06   3.2836914e+01
   3.6405980e+06   3.3264160e+01
   3.6406240e+06   6.4392090e+01
   3.6406780e+06   3.3447266e+01
   3.6407160e+06   4.6508789e+01
   3.6408300e+06   5.3161621e+01
   3.6408860e+06   3.4851074e+01
   3.6409620e+06   3.9245605e+01
   3.6412870e+06   4.0039062e+01
   3.6749720e+06   4.4433594e+01
   3.6750240e+06   3.2653809e+01
   3.6750540e+06   5.4138184e+01
   3.7063320e+06   3.3081055e+01
   3.7063420e+06   5.9875488e+01
   3.7063950e+06   3.3630371e+01
   3.7064360e+06   3.3996582e+01
   3.7451100e+06   3.9794922e+01
   3.7451520e+06   6.2988281e+01
   3.7451840e+06   3.5949707e+01
   3.7455220e+06   3.5705566e+01
   3.7870780e+06   3.2531738e+01
   3.8095870e+06   4.1625977e+01
   3.9441280e+06   3.3752441e+01
   3.9734960e+06   3.3508301e+01
   3.9811580e+06   3.2592773e+01
   4.3585150e+06   3.3325195e+01
   4.6127530e+06   9.1186523e+01
   4.6953880e+06   3.3935547e+01
   4.6956730e+06   3.3508301e+01
   4.8849640e+06   3.6193848e+01
   5.0966610e+06   3.2775879e+01
   5.1227860e+06   3.6193848e+01
   5.2558030e+06   3.5339355e+01
   5.3249120e+06   3.3386230e+01
   5.4101130e+06   3.3020020e+01
   5.4104050e+06   3.7414551e+01
   5.4518110e+06   3.2592773e+01
   5.6554720e+06   3.4729004e+01
   5.7884250e+06   3.4667969e+01
   6.3001190e+06   3.4057617e+01
   6.3006990e+06   3.8696289e+01
   6.3432990e+06   3.3508301e+01
   6.3944770e+06   3.5583496e+01
   6.4991320e+06   3.7109375e+01
   6.7614580e+06   3.4179688e+01
   6.8932450e+06   3.4545898e+01
   6.8932560e+06   4.5227051e+01
   6.8932740e+06   5.6030273e+01
   6.8933050e+06   4.1503906e+01
   6.8933160e+06   3.7353516e+01
   6.8933400e+06   3.9428711e+01
   6.8933520e+06   5.2673340e+01
   6.8934050e+06   5.0292969e+01
   6.8934600e+06   4.2297363e+01
   6.8934710e+06   3.2714844e+01
   6.8934860e+06   3.4729004e+01
   6.8938110e+06   3.3020020e+01
   6.8987120e+06   3.7536621e+01
   6.9042270e+06   3.9001465e+01
   6.9054460e+06   3.8757324e+01
   6.9191780e+06   3.2897949e+01
   6.9192430e+06   3.8024902e+01
   6.9192590e+06   4.9072266e+01
   6.9193100e+06   4.4189453e+01
   6.9193200e+06   6.1035156e+01
   6.9193400e+06   3.4118652e+01
   6.9193650e+06   4.4372559e+01
   6.9193950e+06   3.7292480e+01
   6.9194100e+06   3.4179688e+01
   6.9194860e+06   5.4870605e+01
   6.9195290e+06   3.3264160e+01
   6.9197830e+06   3.2653809e+01
   6.9200150e+06   3.4729004e+01
   6.9205090e+06   3.3630371e+01
   6.9205480e+06   3.4667969e+01
   6.9213850e+06   3.3142090e+01
   6.9217000e+06   3.7658691e+01
   6.9220810e+06   3.6010742e+01
   6.9243850e+06   3.4301758e+01
   6.9268950e+06   3.3020020e+01
   6.9278380e+06   3.3935547e+01
   6.9353120e+06   7.1716309e+01
   6.9353450e+06   3.6437988e+01
   6.9353570e+06   3.9184570e+01
   6.9353940e+06   5.1757812e+01
   6.9354180e+06   3.8879395e+01
   6.9354450e+06   4.5654297e+01
   6.9354710e+06   3.8635254e+01
   6.9355730e+06   3.4301758e+01
   6.9356140e+06   3.4301758e+01
   6.9363250e+06   3.5705566e+01
   6.9393900e+06   3.6254883e+01
   6.9497760e+06   5.1818848e+01
   6.9498180e+06   5.0964355e+01
   6.9498340e+06   4.1137695e+01
   6.9498660e+06   3.5644531e+01
   6.9498790e+06   4.6203613e+01
   6.9499100e+06   3.4606934e+01
   6.9499670e+06   4.1748047e+01
   6.9500140e+06   3.6987305e+01
   6.9500440e+06   4.1076660e+01
   6.9501230e+06   4.5471191e+01
   6.9501610e+06   5.0292969e+01
   6.9504340e+06   3.4240723e+01
   6.9509200e+06   3.5705566e+01
   6.9669080e+06   6.5185547e+01
   6.9669550e+06   6.4147949e+01
   6.9669650e+06   5.4870605e+01
   6.9670030e+06   3.4484863e+01
   6.9670230e+06   5.0598145e+01
   6.9670530e+06   4.4006348e+01
   6.9670650e+06   4.1931152e+01
   6.9671030e+06   5.1940918e+01
   6.9671660e+06   3.7963867e+01
   6.9671870e+06   3.3691406e+01
   6.9672170e+06   3.5095215e+01
   6.9672680e+06   3.2714844e+01
   6.9674410e+06   3.7170410e+01
   6.9679380e+06   3.6499023e+01
   6.9737430e+06   3.4790039e+01
   6.9888100e+06   4.1137695e+01
   6.9888350e+06   5.3710938e+01
   6.9888600e+06   3.5217285e+01
   6.9888700e+06   5.8166504e+01
   6.9888860e+06   5.2246094e+01
   6.9889140e+06   3.3203125e+01
   6.9889270e+06   3.5949707e+01
   6.9889510e+06   4.0649414e+01
   6.9889740e+06   4.2358398e+01
   6.9890100e+06   4.2846680e+01
   6.9890780e+06   3.2958984e+01
   6.9891120e+06   3.9855957e+01
   6.9891370e+06   3.7963867e+01
   6.9892110e+06   3.9916992e+01
   6.9892890e+06   3.8574219e+01
   6.9893010e+06   3.3996582e+01
   6.9893190e+06   3.2714844e+01
   6.9896660e+06   3.6499023e+01
   7.0080950e+06   3.5888672e+01
   7.0099560e+06   3.5827637e+01
   7.0099710e+06   6.3537598e+01
   7.0100000e+06   4.1931152e+01
   7.0100140e+06   3.6499023e+01
   7.0100480e+06   6.1218262e+01
   7.0100650e+06   3.2897949e+01
   7.0100990e+06   4.0710449e+01
   7.0101330e+06   3.3630371e+01
   7.0101550e+06   3.5400391e+01
   7.0101910e+06   3.4362793e+01
   7.0102230e+06   3.6132813e+01
   7.0102590e+06   3.6315918e+01
   7.0102840e+06   3.2897949e+01
   7.0106300e+06   3.4851074e+01
   7.0112890e+06   5.0048828e+01
   7.0129330e+06   3.3264160e+01
   7.0285400e+06   5.6457520e+01
   7.0285970e+06   5.5358887e+01
   7.0286330e+06   3.7414551e+01
   7.0286620e+06   6.1767578e+01
   7.0287250e+06   3.6071777e+01
   7.0287600e+06   3.6010742e+01
   7.0287780e+06   3.3569336e+01
   7.0288230e+06   3.3996582e+01
   7.0288750e+06   3.6010742e+01
   7.0289660e+06   3.3813477e+01
   7.0290000e+06   3.4362793e+01
   7.0291460e+06   3.4973145e+01
   7.0291830e+06   3.5217285e+01
   7.0471560e+06   3.4729004e+01
   7.0471980e+06   3.3874512e+01
   7.0472350e+06   3.4851074e+01
   7.0472600e+06   3.6621094e+01
   7.0472890e+06   4.1992188e+01
   7.0473140e+06   3.4973145e+01
   7.0473480e+06   4.1198730e+01
   7.0474070e+06   4.3212891e+01
   7.0474260e+06   4.1198730e+01
   7.0475340e+06   3.7719727e+01
   7.0476270e+06   3.4240723e+01
   7.0477950e+06   3.3203125e+01
   7.0478850e+06   3.6804199e+01
   7.0483350e+06   5.1574707e+01
   7.0678320e+06   3.2836914e+01
   7.0678660e+06   3.8208008e+01
   7.0679200e+06   6.5795898e+01
   7.0679340e+06   4.4677734e+01
   7.0679680e+06   4.1442871e+01
   7.0680000e+06   3.3020020e+01
   7.0680710e+06   3.5522461e+01
   7.0681110e+06   3.9062500e+01
   7.0685360e+06   4.0039062e+01
   7.0685860e+06   3.4729004e+01
   7.0687610e+06   3.3264160e+01
   7.0910460e+06   4.4860840e+01
   7.0910900e+06   3.7170410e+01
   7.0911120e+06   5.8044434e+01
   7.0911360e+06   3.6315918e+01
   7.0911510e+06   5.6579590e+01
   7.0911670e+06   3.3020020e+01
   7.0912630e+06   4.4860840e+01
   7.0912940e+06   3.6926270e+01
   7.0913620e+06   3.5888672e+01
   7.0918780e+06   3.4606934e+01
   7.0921070e+06   3.5278320e+01
   7.1132390e+06   4.5837402e+01
   7.1132620e+06   3.2714844e+01
   7.1132900e+06   6.1157227e+01
   7.1133240e+06   3.2836914e+01
   7.1133440e+06   3.5461426e+01
   7.1133810e+06   3.7658691e+01
   7.1134010e+06   3.8269043e+01
   7.1134580e+06   3.8574219e+01
   7.1134870e+06   3.8818359e+01
   7.1135240e+06   5.0354004e+01
   7.1135780e+06   4.1503906e+01
   7.1136460e+06   3.5888672e+01
   7.1138970e+06   3.2714844e+01
   7.1141910e+06   4.6020508e+01
   7.1382050e+06   3.6926270e+01
   7.1382320e+06   8.4655762e+01
   7.1382470e+06   4.6569824e+01
   7.1382780e+06   3.5827637e+01
   7.1382890e+06   3.4729004e+01
   7.1383320e+06   4.4311523e+01
   7.1383440e+06   5.5908203e+01
   7.1383720e+06   4.0832520e+01
   7.1384530e+06   3.4423828e+01
   7.1384790e+06   3.6743164e+01
   7.1385180e+06   3.3264160e+01
   7.1385410e+06   3.2897949e+01
   7.1389370e+06   3.3630371e+01
   7.1392660e+06   3.5034180e+01
   7.1396360e+06   5.2062988e+01
   7.1640690e+06   4.8278809e+01
   7.1641060e+06   4.3945312e+01
   7.1641180e+06   4.4555664e+01
   7.1641400e+06   7.9162598e+01
   7.1641560e+06   4.3579102e+01
   7.1641780e+06   3.7353516e+01
   7.1641910e+06   4.4616699e+01
   7.1642120e+06   3.6376953e+01
   7.1642420e+06   4.2907715e+01
   7.1642730e+06   3.5827637e+01
   7.1642910e+06   3.8085938e+01
   7.1648820e+06   4.1870117e+01
   7.1649110e+06   3.3020020e+01
   7.1868520e+06   5.3283691e+01
   7.1868990e+06   4.7546387e+01
   7.1869210e+06   4.0771484e+01
   7.1869330e+06   4.8461914e+01
   7.1869510e+06   3.9733887e+01
   7.1869910e+06   3.9611816e+01
   7.1870060e+06   4.1870117e+01
   7.1871100e+06   3.6010742e+01
   7.1876470e+06   3.3447266e+01
   7.1878590e+06   3.8879395e+01
   7.2113290e+06   3.6315918e+01
   7.2113450e+06   3.7841797e+01
   7.2113620e+06   3.9916992e+01
   7.2113760e+06   7.2753906e+01
   7.2114130e+06   4.6386719e+01
   7.2114300e+06   5.8837891e+01
   7.2114560e+06   3.4545898e+01
   7.2114850e+06   5.4016113e+01
   7.2115430e+06   3.6682129e+01
   7.2115540e+06   3.6437988e+01
   7.2115980e+06   3.2958984e+01
   7.2116370e+06   3.3447266e+01
   7.2130810e+06   5.3405762e+01
   7.2343220e+06   3.7231445e+01
   7.2343350e+06   4.0222168e+01
   7.2343510e+06   3.9978027e+01
   7.2343830e+06   8.5632324e+01
   7.2344010e+06   3.8757324e+01
   7.2344280e+06   3.4973145e+01
   7.2344480e+06   4.4555664e+01
   7.2344700e+06   4.4433594e+01
   7.2344970e+06   5.0537109e+01
   7.2345170e+06   3.8269043e+01
   7.2345560e+06   3.3447266e+01
   7.2353210e+06   3.7292480e+01
   7.2561480e+06   3.8574219e+01
   7.2562100e+06   4.6936035e+01
   7.2562290e+06   4.1503906e+01
   7.2562690e+06   5.8715820e+01
   7.2563360e+06   3.8391113e+01
   7.2563600e+06   3.9550781e+01
   7.2563700e+06   3.5034180e+01
   7.2564510e+06   3.4667969e+01
   7.2565670e+06   3.7170410e+01
   7.2570580e+06   3.5217285e+01
   7.2574290e+06   4.1992188e+01
   7.2843870e+06   3.3447266e+01
   7.2844030e+06   3.5278320e+01
   7.2844570e+06   6.1523437e+01
   7.2844910e+06   5.8837891e+01
   7.2845010e+06   4.8095703e+01
   7.2845380e+06   3.9550781e+01
   7.2845780e+06   3.8330078e+01
   7.2845880e+06   3.5217285e+01
   7.2846280e+06   4.2297363e+01
   7.2846790e+06   3.6437988e+01
   7.2853390e+06   3.5034180e+01
   7.2859040e+06   4.3395996e+01
   7.3181470e+06   3.5888672e+01
   7.3181860e+06   3.3203125e+01
   7.3182090e+06   3.8146973e+01
   7.3182470e+06   3.3874512e+01
   7.3182740e+06   4.1381836e+01
   7.3183040e+06   3.8146973e+01
   7.3183260e+06   3.2897949e+01
   7.3187760e+06   3.5888672e+01
   7.3189610e+06   3.8085938e+01
   7.3191030e+06   3.5461426e+01
   7.3192670e+06   3.8879395e+01
   7.3195420e+06   4.3579102e+01
   7.3198380e+06   5.1452637e+01
   7.3301310e+06   5.3955078e+01
   7.3301830e+06   3.3447266e+01
   7.3302070e+06   6.2866211e+01
   7.3302560e+06   3.3935547e+01
   7.3303440e+06   4.9865723e+01
   7.3305330e+06   7.0007324e+01
   7.3524380e+06   3.5888672e+01
   7.3524490e+06   4.0893555e+01
   7.3524740e+06   6.7626953e+01
   7.3524960e+06   4.0893555e+01
   7.3525270e+06   5.6823730e+01
   7.3525570e+06   3.3874512e+01
   7.3525750e+06   3.7902832e+01
   7.3526000e+06   3.9428711e+01
   7.3526250e+06   3.4973145e+01
   7.3526770e+06   3.9123535e+01
   7.3528190e+06   3.4118652e+01
   7.3532750e+06   3.3020020e+01
   7.3534730e+06   3.2836914e+01
   7.3731980e+06   4.6203613e+01
   7.3732230e+06   5.9509277e+01
   7.3732550e+06   4.3823242e+01
   7.3732840e+06   4.4250488e+01
   7.3733140e+06   3.8085938e+01
   7.3733460e+06   3.5522461e+01
   7.3735350e+06   3.6743164e+01
   7.3736160e+06   3.3142090e+01
   7.3738770e+06   3.9611816e+01
   7.3995240e+06   3.3508301e+01
   7.3995560e+06   5.5053711e+01
   7.3995690e+06   5.5053711e+01
   7.3996000e+06   3.3081055e+01
   7.3996120e+06   3.3935547e+01
   7.3996350e+06   4.4860840e+01
   7.3996480e+06   3.9367676e+01
   7.3996730e+06   4.7424316e+01
   7.3996970e+06   3.4118652e+01
   7.3997220e+06   3.3447266e+01
   7.3997670e+06   3.8269043e+01
   7.3997850e+06   3.6987305e+01
   7.3998920e+06   3.4790039e+01
   7.4003160e+06   4.0344238e+01
   7.4004830e+06   3.4545898e+01
   7.4030790e+06   3.2836914e+01
   7.4220470e+06   4.0954590e+01
   7.4220610e+06   5.3466797e+01
   7.4220750e+06   6.5734863e+01
   7.4221040e+06   4.1320801e+01
   7.4221290e+06   4.4677734e+01
   7.4221640e+06   3.4912109e+01
   7.4221840e+06   4.7241211e+01
   7.4222270e+06   3.3142090e+01
   7.4222940e+06   3.8146973e+01
   7.4225450e+06   3.4484863e+01
   7.4481630e+06   3.3081055e+01
   7.4482030e+06   3.9978027e+01
   7.4482250e+06   5.3466797e+01
   7.4482550e+06   4.3395996e+01
   7.4482860e+06   5.3039551e+01
   7.4483020e+06   4.0039062e+01
   7.4483320e+06   3.8696289e+01
   7.4483550e+06   4.1687012e+01
   7.4484350e+06   3.8024902e+01
   7.4484660e+06   3.3813477e+01
   7.4484930e+06   3.4729004e+01
   7.4485150e+06   3.5522461e+01
   7.4691350e+06   3.2714844e+01
   7.4691580e+06   5.7983398e+01
   7.4692030e+06   3.8146973e+01
   7.4692310e+06   3.4729004e+01
   7.4692640e+06   4.4433594e+01
   7.4692990e+06   3.8879395e+01
   7.4693270e+06   4.4372559e+01
   7.4694780e+06   3.8269043e+01
   7.4695020e+06   3.5644531e+01
   7.4695980e+06   3.5095215e+01
   7.4697130e+06   3.3752441e+01
   7.4698130e+06   3.2714844e+01
   7.4699120e+06   4.1320801e+01
   7.5056780e+06   3.7841797e+01
   7.5057070e+06   3.3386230e+01
   7.5057320e+06   5.2795410e+01
   7.5057700e+06   3.8818359e+01
   7.5057880e+06   3.3569336e+01
   7.5058220e+06   3.5400391e+01
   7.5058500e+06   4.1076660e+01
   7.5059060e+06   4.2358398e+01
   7.5059510e+06   3.2714844e+01
   7.5060860e+06   3.6254883e+01
   7.5066360e+06   3.6071777e+01
   7.5346530e+06   3.3203125e+01
   7.5348190e+06   6.4147949e+01
   7.5348360e+06   4.0405273e+01
   7.5348830e+06   4.9743652e+01
   7.5349490e+06   3.5156250e+01
   7.5349630e+06   3.4362793e+01
   7.5350080e+06   4.1137695e+01
   7.5350310e+06   4.6875000e+01
   7.5350710e+06   3.6376953e+01
   7.5593670e+06   3.3996582e+01
   7.5594690e+06   3.7963867e+01
   7.5594860e+06   5.2795410e+01
   7.5595050e+06   4.7058105e+01
   7.5595400e+06   4.1320801e+01
   7.5595530e+06   3.8085938e+01
   7.5595780e+06   3.7292480e+01
   7.5596000e+06   3.9855957e+01
   7.5596310e+06   4.8950195e+01
   7.5596490e+06   3.7231445e+01
   7.5604080e+06   4.3212891e+01
   7.5918090e+06   6.0913086e+01
   7.5918670e+06   4.0222168e+01
   7.5918910e+06   3.4362793e+01
   7.5919170e+06   4.6020508e+01
   7.5919290e+06   4.1503906e+01
   7.5920130e+06   3.3813477e+01
   7.5920440e+06   5.3344727e+01
   7.5920880e+06   3.5583496e+01
   7.5921560e+06   4.3640137e+01
   7.5923240e+06   3.2958984e+01
   7.6001100e+06   3.7475586e+01
   7.6195290e+06   3.6254883e+01
   7.6195860e+06   3.2897949e+01
   7.6196180e+06   6.9824219e+01
   7.6196620e+06   3.5949707e+01
   7.6196910e+06   3.4545898e+01
   7.6197020e+06   4.8645020e+01
   7.6197360e+06   3.5583496e+01
   7.6198170e+06   3.3630371e+01
   7.6198450e+06   4.9011230e+01
   7.6199220e+06   3.6132812e+01
   7.6200060e+06   4.3823242e+01
   7.6202980e+06   5.6213379e+01
   7.6556930e+06   3.2958984e+01
   7.6557260e+06   3.3081055e+01
   7.6557870e+06   3.9062500e+01
   7.6558130e+06   4.3029785e+01
   7.6558560e+06   3.7780762e+01
   7.6558860e+06   3.9001465e+01
   7.6559000e+06   3.8208008e+01
   7.6559200e+06   3.8085938e+01
   7.6559880e+06   3.6621094e+01
   7.6560160e+06   4.3090820e+01
   7.6560580e+06   3.6987305e+01
   7.6561020e+06   3.5827637e+01
   7.6561820e+06   3.6132812e+01
   7.6563810e+06   4.0527344e+01
   7.6568590e+06   3.6193848e+01
   7.6799630e+06   3.3691406e+01
   7.6800230e+06   3.3447266e+01
   7.6800570e+06   6.7443848e+01
   7.6800790e+06   3.8269043e+01
   7.6801120e+06   4.7790527e+01
   7.6801290e+06   3.2958984e+01
   7.6801630e+06   4.7973633e+01
   7.6802010e+06   4.0222168e+01
   7.6802200e+06   4.4982910e+01
   7.6802320e+06   3.9306641e+01
   7.6802940e+06   3.8574219e+01
   7.6803190e+06   3.6987305e+01
   7.6803620e+06   3.3020020e+01
   7.6804000e+06   3.6926270e+01
   7.6804770e+06   3.5827637e+01
   7.6805310e+06   3.4912109e+01
   7.6805750e+06   4.5104980e+01
   7.6807650e+06   4.2602539e+01
   9.0402570e+06   3.3569336e+01
   9.1617400e+06   3.5095215e+01
   9.1619420e+06   3.3020020e+01
   9.1626080e+06   3.4118652e+01
   9.1775980e+06   3.3874512e+01
   9.1789810e+06   3.5339355e+01
   9.1895090e+06   6.8908691e+01
   9.5962660e+06   3.3935547e+01
   9.6710380e+06   3.5339355e+01
   9.7066550e+06   3.4545898e+01
   9.7200100e+06   3.3752441e+01
   9.7460690e+06   3.2775879e+01
   9.7746670e+06   3.9672852e+01
   9.7747060e+06   3.5461426e+01
   9.8024630e+06   3.4545898e+01
   9.8025550e+06   3.9062500e+01
   9.8179940e+06   4.2358398e+01
   9.8184170e+06   3.8208008e+01
   9.8331700e+06   7.1105957e+01
   9.8489710e+06   3.5461426e+01
   9.8489880e+06   7.3913574e+01
   9.9005780e+06   3.7353516e+01
   9.9277730e+06   3.2775879e+01
   9.9359570e+06   3.3142090e+01
   9.9427650e+06   3.4118652e+01
   9.9614250e+06   3.2775879e+01
   9.9678900e+06   3.4667969e+01
   9.9935700e+06   3.2836914e+01
   1.0011105e+07   3.3142090e+01
   1.0011339e+07   3.4912109e+01
   1.0030538e+07   3.3935547e+01
   1.0030601e+07   3.4423828e+01
   1.0044852e+07   3.2653809e+01
   1.0052976e+07   3.4667969e+01
   1.0065900e+07   3.3081055e+01
   1.0066764e+07   3.9733887e+01
   1.0182872e+07   3.7841797e+01
   1.0182992e+07   3.3020020e+01
   1.0280075e+07   3.2836914e+01
   1.0291735e+07   3.2958984e+01
   1.0310838e+07   3.6010742e+01
   1.0310860e+07   3.7353516e+01
   1.0310911e+07   4.8461914e+01
   1.0310933e+07   4.2297363e+01
   1.0310959e+07   5.2673340e+01
   1.0310970e+07   4.4982910e+01
   1.0310986e+07   3.8696289e+01
   1.0311002e+07   3.6926270e+01
   1.0311013e+07   6.8115234e+01
   1.0311041e+07   3.4912109e+01
   1.0311069e+07   5.1574707e+01
   1.0311125e+07   4.6691895e+01
   1.0311380e+07   3.3874512e+01
   1.0311463e+07   3.4790039e+01
   1.0311611e+07   3.4423828e+01
   1.0312992e+07   4.1625977e+01
   1.0315369e+07   5.1147461e+01
   1.0316886e+07   4.5471191e+01
   1.0318463e+07   4.7668457e+01
   1.0318839e+07   3.9855957e+01
   1.0319287e+07   5.3710938e+01
   1.0320296e+07   4.3640137e+01
   1.0329744e+07   5.5236816e+01
   1.0329797e+07   3.7841797e+01
   1.0329816e+07   5.9082031e+01
   1.0329861e+07   3.3325195e+01
   1.0329889e+07   5.0842285e+01
   1.0329904e+07   4.1503906e+01
   1.0329976e+07   3.6987305e+01
   1.0330040e+07   4.2358398e+01
   1.0330075e+07   3.3996582e+01
   1.0330147e+07   3.3264160e+01
   1.0330194e+07   3.3508301e+01
   1.0330349e+07   3.5034180e+01
   1.0331177e+07   3.4729004e+01
   1.0344898e+07   3.3325195e+01
   1.0344918e+07   3.5461426e+01
   1.0344930e+07   4.1076660e+01
   1.0344962e+07   3.4790039e+01
   1.0345007e+07   4.2846680e+01
   1.0345093e+07   3.7719727e+01
   1.0345118e+07   3.7963867e+01
   1.0345207e+07   3.3935547e+01
   1.0345255e+07   3.3569336e+01
   1.0345302e+07   3.4240723e+01
   1.0345338e+07   3.2775879e+01
   1.0345379e+07   3.3813477e+01
   1.0345475e+07   3.2836914e+01
   1.0345808e+07   3.3508301e+01
   1.0347667e+07   3.5339355e+01
   1.0368514e+07   3.6254883e+01
   1.0368552e+07   3.8940430e+01
   1.0368563e+07   4.4921875e+01
   1.0368604e+07   4.2846680e+01
   1.0368627e+07   4.1992188e+01
   1.0368656e+07   3.8879395e+01
   1.0368686e+07   3.5339355e+01
   1.0368703e+07   4.7363281e+01
   1.0368726e+07   4.0893555e+01
   1.0368737e+07   3.3142090e+01
   1.0368771e+07   3.3630371e+01
   1.0368809e+07   4.1137695e+01
   1.0368834e+07   3.3813477e+01
   1.0369304e+07   3.4484863e+01
   1.0370143e+07   3.7902832e+01
   1.0396010e+07   3.7841797e+01
   1.0396024e+07   6.2438965e+01
   1.0396060e+07   5.1635742e+01
   1.0396101e+07   5.2001953e+01
   1.0396128e+07   4.2907715e+01
   1.0396160e+07   5.8898926e+01
   1.0396171e+07   4.7912598e+01
   1.0396217e+07   5.4687500e+01
   1.0396233e+07   3.7536621e+01
   1.0396525e+07   3.3325195e+01
   1.0396780e+07   3.4606934e+01
   1.0418746e+07   4.5593262e+01
   1.0418770e+07   3.8085938e+01
   1.0418786e+07   3.2714844e+01
   1.0418819e+07   3.6987305e+01
   1.0418836e+07   3.8146973e+01
   1.0418859e+07   4.0527344e+01
   1.0418876e+07   3.3569336e+01
   1.0418892e+07   4.1748047e+01
   1.0418916e+07   3.6499023e+01
   1.0418950e+07   4.6752930e+01
   1.0419029e+07   3.4179688e+01
   1.0419133e+07   3.7109375e+01
   1.0419222e+07   3.4484863e+01
   1.0421501e+07   3.4423828e+01
   1.0451776e+07   3.3142090e+01
   1.0451907e+07   4.6142578e+01
   1.0451958e+07   4.9133301e+01
   1.0451977e+07   3.2958984e+01
   1.0451994e+07   4.7363281e+01
   1.0452015e+07   4.1931152e+01
   1.0452063e+07   3.2714844e+01
   1.0452781e+07   4.2846680e+01
   1.0453941e+07   5.0476074e+01
   1.0493644e+07   5.4260254e+01
   1.0493670e+07   6.1645508e+01
   1.0493695e+07   3.5827637e+01
   1.0493707e+07   4.1137695e+01
   1.0493736e+07   3.8269043e+01
   1.0493773e+07   4.3029785e+01
   1.0493783e+07   5.5358887e+01
   1.0493806e+07   3.6804199e+01
   1.0493935e+07   3.4729004e+01
   1.0494289e+07   4.5166016e+01
   1.0494662e+07   3.2897949e+01
   1.0494820e+07   4.4738770e+01
   1.0495190e+07   5.3344727e+01
   1.0533786e+07   3.6682129e+01
   1.0533821e+07   4.3945312e+01
   1.0533839e+07   3.7231445e+01
   1.0533857e+07   5.3649902e+01
   1.0533872e+07   3.5888672e+01
   1.0533913e+07   4.6142578e+01
   1.0534030e+07   3.5827637e+01
   1.0534152e+07   3.3081055e+01
   1.0535684e+07   5.1086426e+01
   1.0567271e+07   3.2897949e+01
   1.0567303e+07   4.0344238e+01
   1.0567324e+07   7.0373535e+01
   1.0567353e+07   4.5715332e+01
   1.0567374e+07   4.1503906e+01
   1.0567391e+07   3.3264160e+01
   1.0567430e+07   3.5156250e+01
   1.0567448e+07   4.2602539e+01
   1.0567466e+07   3.3935547e+01
   1.0567504e+07   3.4423828e+01
   1.0567563e+07   3.4851074e+01
   1.0567597e+07   3.4729004e+01
   1.0568300e+07   3.2653809e+01
   1.0568355e+07   3.4973145e+01
   1.0568718e+07   3.4545898e+01
   1.0568883e+07   4.3212891e+01
   1.0614550e+07   3.3813477e+01
   1.0614705e+07   6.7443848e+01
   1.0614741e+07   5.3771973e+01
   1.0614753e+07   3.9001465e+01
   1.0614795e+07   4.9255371e+01
   1.0614818e+07   3.5278320e+01
   1.0614838e+07   3.2958984e+01
   1.0614859e+07   3.4301758e+01
   1.0614905e+07   3.9733887e+01
   1.0614935e+07   4.4006348e+01
   1.0614999e+07   3.7536621e+01
   1.0615115e+07   3.3691406e+01
   1.0615350e+07   3.3264160e+01
   1.0615709e+07   3.6865234e+01
   1.0615879e+07   4.4250488e+01
   1.0616215e+07   3.8330078e+01
   1.0617009e+07   5.4748535e+01
   1.0617541e+07   5.5725098e+01
   1.0649564e+07   3.4179688e+01
   1.0649640e+07   5.0170898e+01
   1.0649659e+07   5.0048828e+01
   1.0649669e+07   3.5522461e+01
   1.0649703e+07   7.6660156e+01
   1.0649750e+07   7.1533203e+01
   1.0649787e+07   4.5166016e+01
   1.0649802e+07   3.3691406e+01
   1.0649829e+07   4.8217773e+01
   1.0649862e+07   3.8208008e+01
   1.0649893e+07   3.2775879e+01
   1.0649926e+07   4.1870117e+01
   1.0650407e+07   3.2775879e+01
   1.0650615e+07   3.5400391e+01
   1.0651381e+07   4.7912598e+01
   1.0686555e+07   4.1503906e+01
   1.0686591e+07   6.0668945e+01
   1.0686610e+07   4.2541504e+01
   1.0686625e+07   4.0222168e+01
   1.0686669e+07   3.3142090e+01
   1.0686771e+07   3.7963867e+01
   1.0686801e+07   3.6071777e+01
   1.0687378e+07   4.0222168e+01
   1.0687832e+07   3.4729004e+01
   1.0688256e+07   4.1320801e+01
   1.0689862e+07   5.6701660e+01
   1.0726256e+07   3.4362793e+01
   1.0726270e+07   3.9123535e+01
   1.0726299e+07   3.6071777e+01
   1.0726310e+07   3.3691406e+01
   1.0726339e+07   4.6997070e+01
   1.0726361e+07   3.4423828e+01
   1.0726415e+07   4.0344238e+01
   1.0726454e+07   3.7780762e+01
   1.0727598e+07   4.0283203e+01
   1.0727841e+07   3.6865234e+01
   1.0728157e+07   3.9367676e+01
   1.0760922e+07   3.3874512e+01
   1.0760957e+07   8.6853027e+01
   1.0760969e+07   3.5461426e+01
   1.0760979e+07   4.1748047e+01
   1.0761000e+07   4.0893555e+01
   1.0761015e+07   3.9184570e+01
   1.0761026e+07   5.4016113e+01
   1.0761078e+07   3.3752441e+01
   1.0761097e+07   3.5827637e+01
   1.0761136e+07   3.3081055e+01
   1.0761196e+07   4.3640137e+01
   1.0761223e+07   3.3081055e+01
   1.0762106e+07   3.3508301e+01
   1.0762285e+07   3.3630371e+01
   1.0762941e+07   4.3334961e+01
   1.0764325e+07   5.0231934e+01
   1.0818864e+07   3.5522461e+01
   1.0818882e+07   8.1054688e+01
   1.0818893e+07   4.2541504e+01
   1.0818931e+07   4.3823242e+01
   1.0818959e+07   5.4077148e+01
   1.0818978e+07   4.6081543e+01
   1.0819006e+07   3.4057617e+01
   1.0819023e+07   3.6132812e+01
   1.0819073e+07   3.4667969e+01
   1.0819236e+07   3.3874512e+01
   1.0819344e+07   3.3569336e+01
   1.0819380e+07   3.8940430e+01
   1.0820076e+07   3.3203125e+01
   1.0820744e+07   5.2551270e+01
   1.0821178e+07   5.2978516e+01
   1.0821424e+07   4.3029785e+01
   1.0866287e+07   3.4912109e+01
   1.0866317e+07   3.4912109e+01
   1.0866336e+07   4.1809082e+01
   1.0866355e+07   3.5705566e+01
   1.0866386e+07   3.4179688e+01
   1.0866433e+07   3.2958984e+01
   1.0866450e+07   4.1381836e+01
   1.0866494e+07   3.7109375e+01
   1.0866530e+07   4.4921875e+01
   1.0866558e+07   3.2714844e+01
   1.0866590e+07   3.2958984e+01
   1.0866862e+07   3.9367676e+01
   1.0866960e+07   3.2775879e+01
   1.0867328e+07   3.4973145e+01
   1.0867404e+07   3.3569336e+01
   1.0867668e+07   3.6254883e+01
   1.0868103e+07   5.1513672e+01
   1.0868494e+07   4.4677734e+01
   1.0942458e+07   4.3640137e+01
   1.0942489e+07   4.0832520e+01
   1.0942515e+07   3.9794922e+01
   1.0942536e+07   4.8950195e+01
   1.0942557e+07   3.9733887e+01
   1.0942603e+07   3.3569336e+01
   1.0942613e+07   4.3945312e+01
   1.0942632e+07   3.3081055e+01
   1.0942735e+07   3.4484863e+01
   1.0943625e+07   4.1076660e+01
   1.0944031e+07   5.0048828e+01
   1.0944596e+07   5.1513672e+01
   1.0944908e+07   3.2775879e+01
   1.0948479e+07   3.5949707e+01
   1.0958630e+07   7.3120117e+01
   1.1836421e+07   3.5034180e+01
   1.1836563e+07   3.4362793e+01
   1.1836625e+07   3.4118652e+01
   1.1836652e+07   6.7321777e+01
   1.1836680e+07   4.5043945e+01
   1.1836705e+07   5.0659180e+01
   1.1836734e+07   4.9865723e+01
   1.1836753e+07   5.1635742e+01
   1.1836778e+07   3.9855957e+01
   1.1836806e+07   3.9550781e+01
   1.1836832e+07   4.1503906e+01
   1.1836907e+07   3.4118652e+01
   1.1836939e+07   3.4790039e+01
   1.1836980e+07   3.7109375e+01
   1.1837137e+07   4.3212891e+01
   1.1837349e+07   3.3081055e+01
   1.1837707e+07   3.3020020e+01
   1.1840353e+07   3.3020020e+01
   1.1841774e+07   6.6284180e+01
