   1.1996000e+07   0.0000000e+00
   6.0100000e+02   3.2897949e+01
   1.3124000e+04   3.1799316e+01
   2.9045000e+04   3.1127930e+01
   6.0435000e+04   3.1555176e+01
   7.7339000e+04   3.1616211e+01
   8.8621000e+04   3.2165527e+01
   9.5527000e+04   3.1127930e+01
   9.6111000e+04   3.1127930e+01
   1.0251400e+05   3.4790039e+01
   1.0313800e+05   3.2287598e+01
   1.0478400e+05   3.4912109e+01
   1.0865500e+05   3.4973145e+01
   1.1094800e+05   3.1616211e+01
   1.1752900e+05   3.2653809e+01
   1.1818300e+05   3.1677246e+01
   1.1909900e+05   4.1015625e+01
   1.1931800e+05   3.2592773e+01
   1.2795100e+05   3.3142090e+01
   1.2926400e+05   3.3996582e+01
   1.2991300e+05   3.1433105e+01
   1.3063100e+05   3.1799316e+01
   1.3162400e+05   3.1433105e+01
   1.3166000e+05   3.3996582e+01
   1.3226500e+05   3.1982422e+01
   1.3411800e+05   3.2287598e+01
   1.3415400e+05   3.2348633e+01
   1.3623100e+05   3.2287598e+01
   1.3977200e+05   3.2958984e+01
   1.4321900e+05   3.1860352e+01
   1.4436000e+05   3.2836914e+01
   1.4879300e+05   3.1616211e+01
   1.5250800e+05   3.3386230e+01
   1.5291300e+05   3.2104492e+01
   1.5327500e+05   3.1799316e+01
   1.5517900e+05   3.2409668e+01
   1.5535300e+05   3.6499023e+01
   1.5540200e+05   3.2043457e+01
   1.5558900e+05   3.0761719e+01
   1.5577700e+05   3.2653809e+01
   1.5615100e+05   3.3325195e+01
   1.5633800e+05   3.1372070e+01
   1.5675700e+05   3.3874512e+01
   1.5715600e+05   3.0944824e+01
   1.5731600e+05   3.4240723e+01
   1.5736800e+05   3.1005859e+01
   1.5770700e+05   3.1860352e+01
   1.5819700e+05   3.2043457e+01
   1.5829200e+05   3.1799316e+01
   1.5835200e+05   3.2836914e+01
   1.5836200e+05   3.2775879e+01
   1.5882900e+05   3.1982422e+01
   1.5894100e+05   3.0761719e+01
   1.5896500e+05   3.2958984e+01
   1.5901400e+05   3.5827637e+01
   1.5909000e+05   3.3142090e+01
   1.5932800e+05   3.7719727e+01
   1.5947000e+05   3.6071777e+01
   1.5971500e+05   3.1066895e+01
   1.5996600e+05   3.4667969e+01
   1.6022700e+05   3.1066895e+01
   1.6032400e+05   3.1066895e+01
   1.6046400e+05   3.0944824e+01
   1.6055000e+05   3.3874512e+01
   1.6063400e+05   3.7658691e+01
   1.6078800e+05   3.5827637e+01
   1.6081800e+05   3.1494141e+01
   1.6117500e+05   3.2165527e+01
   1.6188300e+05   3.2226562e+01
   1.6302800e+05   3.2592773e+01
   1.6328100e+05   3.0883789e+01
   1.6329300e+05   3.9855957e+01
   1.6333700e+05   3.0822754e+01
   1.6374800e+05   3.1250000e+01
   1.6389700e+05   3.2836914e+01
   1.6401800e+05   3.4118652e+01
   1.6459800e+05   3.2470703e+01
   1.6464900e+05   3.2287598e+01
   1.6528900e+05   3.5583496e+01
   1.6564100e+05   3.3691406e+01
   1.6590600e+05   3.6560059e+01
   1.6602800e+05   3.5278320e+01
   1.6616900e+05   3.1738281e+01
   1.6634300e+05   3.1677246e+01
   1.6653700e+05   3.1372070e+01
   1.6725100e+05   3.2897949e+01
   1.6740000e+05   3.1372070e+01
   1.6759400e+05   3.5034180e+01
   1.6771700e+05   3.1494141e+01
   1.6789800e+05   3.1311035e+01
   1.7128300e+05   3.1005859e+01
   1.7314700e+05   3.7475586e+01
   1.7326500e+05   3.1311035e+01
   1.7347200e+05   3.6376953e+01
   1.7378100e+05   3.0822754e+01
   1.7433800e+05   3.1616211e+01
   1.7490900e+05   3.4973145e+01
   1.7506300e+05   3.1494141e+01
   1.7517000e+05   3.2348633e+01
   1.7548800e+05   3.0761719e+01
   1.7649500e+05   3.0944824e+01
   1.7710400e+05   3.2226563e+01
   1.7717000e+05   3.0883789e+01
   1.7827100e+05   3.2714844e+01
   1.7873400e+05   3.2531738e+01
   1.8001500e+05   3.1250000e+01
   1.8045300e+05   3.5400391e+01
   1.8066000e+05   3.1250000e+01
   1.8108700e+05   3.1494141e+01
   1.8170800e+05   3.2653809e+01
   1.8193700e+05   3.5583496e+01
   1.8198600e+05   3.3447266e+01
   1.8260400e+05   3.7963867e+01
   1.8283500e+05   3.1799316e+01
   1.8287900e+05   3.1005859e+01
   1.8290700e+05   3.4484863e+01
   1.8310000e+05   3.0944824e+01
   1.8319400e+05   3.3325195e+01
   1.8342600e+05   3.3996582e+01
   1.8411800e+05   3.5949707e+01
   1.8511100e+05   3.3081055e+01
   1.8649800e+05   3.1860352e+01
   1.8745400e+05   3.3203125e+01
   1.8773500e+05   3.1005859e+01
   1.8778200e+05   3.2470703e+01
   1.8796200e+05   3.1066895e+01
   1.8804600e+05   3.3203125e+01
   1.8823200e+05   3.3935547e+01
   1.8858100e+05   3.2714844e+01
   1.8882800e+05   3.3569336e+01
   1.8901900e+05   3.2531738e+01
   1.8941000e+05   3.1372070e+01
   1.9097600e+05   3.0822754e+01
   1.9135400e+05   3.1616211e+01
   1.9230400e+05   3.1433105e+01
   1.9290900e+05   3.4667969e+01
   1.9536000e+05   3.1982422e+01
   1.9542500e+05   3.2714844e+01
   1.9603600e+05   3.0944824e+01
   1.9672700e+05   3.1066895e+01
   1.9692300e+05   3.0822754e+01
   1.9790200e+05   3.5217285e+01
   1.9902900e+05   3.1005859e+01
   1.9935400e+05   3.3874512e+01
   2.0008400e+05   3.2653809e+01
   2.0176900e+05   3.1127930e+01
   2.0191800e+05   3.4606934e+01
   2.0348500e+05   3.3752441e+01
   2.0356700e+05   3.6010742e+01
   2.0366400e+05   3.0944824e+01
   2.0387000e+05   3.1372070e+01
   2.0409400e+05   3.4729004e+01
   2.0438100e+05   3.3081055e+01
   2.0488300e+05   3.1372070e+01
   2.0527500e+05   3.2531738e+01
   2.0533800e+05   3.5827637e+01
   2.0601200e+05   3.2958984e+01
   2.0662300e+05   3.0944824e+01
   2.0666600e+05   3.1677246e+01
   2.0674000e+05   3.2897949e+01
   2.0793000e+05   3.7109375e+01
   2.0832100e+05   3.3142090e+01
   2.0837500e+05   3.0822754e+01
   2.0886000e+05   3.4179688e+01
   2.0892600e+05   3.2043457e+01
   2.0930900e+05   3.1921387e+01
   2.0935200e+05   3.3752441e+01
   2.0942400e+05   3.1616211e+01
   2.0958900e+05   3.5461426e+01
   2.0990000e+05   3.5827637e+01
   2.1045600e+05   3.1250000e+01
   2.1049200e+05   3.7414551e+01
   2.1093700e+05   3.2714844e+01
   2.1139500e+05   3.1921387e+01
   2.1180200e+05   3.2226562e+01
   2.1192800e+05   3.5583496e+01
   2.1196500e+05   3.0944824e+01
   2.1236100e+05   3.7170410e+01
   2.1253000e+05   3.5644531e+01
   2.1260800e+05   3.1921387e+01
   2.1270400e+05   3.2409668e+01
   2.1276700e+05   3.0883789e+01
   2.1345200e+05   3.2043457e+01
   2.1353200e+05   3.5644531e+01
   2.1367500e+05   3.6560059e+01
   2.1452100e+05   3.3386230e+01
   2.1454300e+05   3.0761719e+01
   2.1489200e+05   3.0883789e+01
   2.1495500e+05   3.1494141e+01
   2.1516000e+05   3.0761719e+01
   2.1601100e+05   3.3142090e+01
   2.1645700e+05   3.5888672e+01
   2.1665300e+05   3.0944824e+01
   2.1676400e+05   3.2043457e+01
   2.1730000e+05   3.1005859e+01
   2.1735300e+05   3.1433105e+01
   2.2045600e+05   3.1982422e+01
   2.2118100e+05   3.1250000e+01
   2.2163800e+05   3.4484863e+01
   2.2173600e+05   3.1860352e+01
   2.2277200e+05   3.5827637e+01
   2.2426000e+05   3.1738281e+01
   2.2498000e+05   3.3142090e+01
   2.2537800e+05   3.4118652e+01
   2.2540800e+05   3.2592773e+01
   2.2547400e+05   3.3752441e+01
   2.2566300e+05   3.2470703e+01
   2.2706300e+05   3.1372070e+01
   2.2758400e+05   3.0761719e+01
   2.2766400e+05   3.1982422e+01
   2.2853400e+05   3.3996582e+01
   2.2877100e+05   3.2531738e+01
   2.2998600e+05   3.2348633e+01
   2.3001400e+05   3.0822754e+01
   2.3008500e+05   3.3508301e+01
   2.3011000e+05   3.1127930e+01
   2.3085800e+05   3.1555176e+01
   2.3096100e+05   3.6254883e+01
   2.3113700e+05   3.6254883e+01
   2.3140300e+05   3.0761719e+01
   2.3175800e+05   3.3508301e+01
   2.3204600e+05   3.4484863e+01
   2.3217400e+05   3.2348633e+01
   2.3220500e+05   3.1066895e+01
   2.3235000e+05   3.4484863e+01
   2.3290600e+05   3.1494141e+01
   2.3305800e+05   3.0944824e+01
   2.3328700e+05   3.5400391e+01
   2.3333900e+05   3.1738281e+01
   2.3335700e+05   3.1982422e+01
   2.3342300e+05   3.6132812e+01
   2.3347900e+05   3.2104492e+01
   2.3351600e+05   3.0761719e+01
   2.3365900e+05   3.7292480e+01
   2.3388200e+05   3.1616211e+01
   2.3403400e+05   3.2287598e+01
   2.3426400e+05   3.4362793e+01
   2.3434600e+05   3.3569336e+01
   2.3439300e+05   3.9550781e+01
   2.3452700e+05   3.1921387e+01
   2.3491500e+05   3.1433105e+01
   2.3538400e+05   3.9550781e+01
   2.3557100e+05   3.0822754e+01
   2.3560000e+05   3.1616211e+01
   2.3636700e+05   3.2531738e+01
   2.3706300e+05   3.3508301e+01
   2.3800800e+05   3.6926270e+01
   2.3823300e+05   3.6132812e+01
   2.3842600e+05   3.1921387e+01
   2.3865800e+05   3.1005859e+01
   2.3884700e+05   3.1127930e+01
   2.3911700e+05   3.2897949e+01
   2.3951600e+05   3.2287598e+01
   2.3974100e+05   3.3386230e+01
   2.4009300e+05   3.3996582e+01
   2.4063900e+05   3.0761719e+01
   2.4131500e+05   3.1677246e+01
   2.4138900e+05   3.4790039e+01
   2.4232800e+05   3.2775879e+01
   2.4272900e+05   3.1066895e+01
   2.4337100e+05   3.1555176e+01
   2.4356900e+05   3.2653809e+01
   2.4395500e+05   3.3447266e+01
   2.4422900e+05   3.2104492e+01
   2.4432100e+05   3.2470703e+01
   2.4458900e+05   3.3874512e+01
   2.4495400e+05   3.2409668e+01
   2.4516400e+05   3.1860352e+01
   2.4520100e+05   4.2724609e+01
   2.4524900e+05   3.1555176e+01
   2.4542200e+05   3.6254883e+01
   2.4559900e+05   3.1555176e+01
   2.4564300e+05   3.1188965e+01
   2.4605200e+05   3.1188965e+01
   2.4638300e+05   3.4729004e+01
   2.4646500e+05   3.0944824e+01
   2.4747100e+05   3.7353516e+01
   2.4770400e+05   3.4118652e+01
   2.4779000e+05   3.4362793e+01
   2.4799600e+05   3.1799316e+01
   2.4810200e+05   3.4667969e+01
   2.4814900e+05   3.5217285e+01
   2.4840000e+05   3.3569336e+01
   2.4858700e+05   3.0883789e+01
   2.4869600e+05   3.1494141e+01
   2.4898300e+05   3.1005859e+01
   2.4918700e+05   3.3081055e+01
   2.4933500e+05   3.2287598e+01
   2.4954000e+05   3.0822754e+01
   2.4968100e+05   3.0883789e+01
   2.4977900e+05   3.2165527e+01
   2.4998400e+05   3.3386230e+01
   2.5025300e+05   3.4729004e+01
   2.5032200e+05   3.2348633e+01
   2.5063100e+05   3.1738281e+01
   2.5105200e+05   3.9611816e+01
   2.5116400e+05   3.5400391e+01
   2.5124700e+05   3.1188965e+01
   2.5127600e+05   3.2226562e+01
   2.5132400e+05   3.4301758e+01
   2.5137700e+05   3.1311035e+01
   2.5139100e+05   3.3325195e+01
   2.5167300e+05   3.1433105e+01
   2.5180800e+05   3.1555176e+01
   2.5196700e+05   3.2165527e+01
   2.5201800e+05   3.4057617e+01
   2.5207100e+05   3.6193848e+01
   2.5209700e+05   3.2409668e+01
   2.5244300e+05   3.2714844e+01
   2.5251200e+05   3.2897949e+01
   2.5277700e+05   3.1616211e+01
   2.5280200e+05   3.3325195e+01
   2.5281600e+05   3.2226562e+01
   2.5296100e+05   3.5705566e+01
   2.5298500e+05   3.0822754e+01
   2.5309400e+05   3.1799316e+01
   2.5311200e+05   3.1860352e+01
   2.5336000e+05   3.2592773e+01
   2.5345300e+05   3.5400391e+01
   2.5361900e+05   3.3996582e+01
   2.5399800e+05   3.6743164e+01
   2.5404500e+05   3.2409668e+01
   2.5413500e+05   3.2836914e+01
   2.5452500e+05   3.2897949e+01
   2.5472700e+05   3.3081055e+01
   2.5500300e+05   3.3020020e+01
   2.5539900e+05   3.0761719e+01
   2.5577700e+05   3.2470703e+01
   2.5597200e+05   3.3020020e+01
   2.5601500e+05   3.2836914e+01
   2.5620900e+05   3.2531738e+01
   2.5624400e+05   3.3386230e+01
   2.5636700e+05   3.3447266e+01
   2.5650400e+05   3.2287598e+01
   2.5653400e+05   3.3996582e+01
   2.5669500e+05   3.5766602e+01
   2.5675600e+05   3.2775879e+01
   2.5689100e+05   3.2775879e+01
   2.5709600e+05   3.1188965e+01
   2.5715600e+05   3.2104492e+01
   2.5743100e+05   3.1311035e+01
   2.5746200e+05   3.2287598e+01
   2.5757200e+05   3.1738281e+01
   2.5759900e+05   3.3447266e+01
   2.5768200e+05   3.1555176e+01
   2.5772600e+05   3.1616211e+01
   2.5774500e+05   3.1005859e+01
   2.5777600e+05   3.2958984e+01
   2.5798300e+05   3.1188965e+01
   2.5818700e+05   3.6437988e+01
   2.5854700e+05   4.4738770e+01
   2.5860900e+05   3.6254883e+01
   2.5906700e+05   3.2714844e+01
   2.5943300e+05   3.1921387e+01
   2.5946800e+05   3.1738281e+01
   2.5949700e+05   3.6682129e+01
   2.5961100e+05   3.2714844e+01
   2.5974600e+05   3.1677246e+01
   2.6013700e+05   3.2897949e+01
   2.6016600e+05   3.4484863e+01
   2.6027100e+05   3.2897949e+01
   2.6048600e+05   3.4667969e+01
   2.6054200e+05   3.2043457e+01
   2.6067600e+05   3.5644531e+01
   2.6069100e+05   3.1433105e+01
   2.6072300e+05   3.2592773e+01
   2.6092600e+05   3.2348633e+01
   2.6101700e+05   3.6315918e+01
   2.6133900e+05   3.4240723e+01
   2.6151900e+05   3.2958984e+01
   2.6157600e+05   3.1372070e+01
   2.6195500e+05   3.2958984e+01
   2.6244100e+05   3.2592773e+01
   2.6254500e+05   3.1860352e+01
   2.6256000e+05   3.5766602e+01
   2.6259600e+05   3.3142090e+01
   2.6260900e+05   3.2653809e+01
   2.6265900e+05   3.2958984e+01
   2.6276000e+05   3.1982422e+01
   2.6291400e+05   3.1433105e+01
   2.6296700e+05   3.2958984e+01
   2.6299200e+05   3.1555176e+01
   2.6308600e+05   3.3752441e+01
   2.6325200e+05   3.3508301e+01
   2.6375000e+05   3.3813477e+01
   2.6397000e+05   3.3996582e+01
   2.6428200e+05   3.1311035e+01
   2.6437700e+05   3.1494141e+01
   2.6442400e+05   3.4729004e+01
   2.6479800e+05   3.1188965e+01
   2.6486700e+05   3.1860352e+01
   2.6501100e+05   3.2897949e+01
   2.6509700e+05   3.1677246e+01
   2.6535300e+05   3.6682129e+01
   2.6539000e+05   3.2104492e+01
   2.6547400e+05   3.3386230e+01
   2.6562200e+05   3.3996582e+01
   2.6569500e+05   3.1494141e+01
   2.6575800e+05   3.1188965e+01
   2.6579400e+05   3.2714844e+01
   2.6615800e+05   3.2348633e+01
   2.6633700e+05   3.0944824e+01
   2.6702500e+05   3.0944824e+01
   2.6705800e+05   3.1188965e+01
   2.6721600e+05   3.2775879e+01
   2.6736700e+05   3.1005859e+01
   2.6755700e+05   3.1250000e+01
   2.6792400e+05   3.6743164e+01
   2.6795900e+05   3.2409668e+01
   2.6833600e+05   3.3203125e+01
   2.6840400e+05   3.2043457e+01
   2.6853800e+05   3.1494141e+01
   2.6897600e+05   3.0944824e+01
   2.6917700e+05   3.0944824e+01
   2.6937500e+05   3.7902832e+01
   2.6946200e+05   3.3081055e+01
   2.6991800e+05   3.2287598e+01
   2.7014900e+05   3.2531738e+01
   2.7025700e+05   3.3081055e+01
   2.7044200e+05   3.0761719e+01
   2.7049700e+05   3.7414551e+01
   2.7060500e+05   4.0527344e+01
   2.7064500e+05   3.3569336e+01
   2.7097900e+05   3.3020020e+01
   2.7103500e+05   3.3569336e+01
   2.7110200e+05   3.2897949e+01
   2.7116000e+05   3.0761719e+01
   2.7131200e+05   3.0761719e+01
   2.7199800e+05   3.1799316e+01
   2.7208700e+05   3.1555176e+01
   2.7269700e+05   3.5827637e+01
   2.7292600e+05   3.3142090e+01
   2.7302300e+05   3.1860352e+01
   2.7303700e+05   3.6071777e+01
   2.7315400e+05   3.4667969e+01
   2.7322300e+05   3.1677246e+01
   2.7330900e+05   4.0222168e+01
   2.7339400e+05   3.2348633e+01
   2.7341400e+05   3.0822754e+01
   2.7377400e+05   3.5827637e+01
   2.7428900e+05   3.1311035e+01
   2.7434000e+05   3.1799316e+01
   2.7444500e+05   3.6743164e+01
   2.7452300e+05   3.2775879e+01
   2.7458200e+05   3.6926270e+01
   2.7460900e+05   3.2775879e+01
   2.7471900e+05   3.4057617e+01
   2.7473100e+05   3.7963867e+01
   2.7477100e+05   3.3020020e+01
   2.7481000e+05   3.4667969e+01
   2.7505400e+05   3.2592773e+01
   2.7510000e+05   3.0822754e+01
   2.7536200e+05   3.3325195e+01
   2.7539900e+05   3.4301758e+01
   2.7621600e+05   3.4179688e+01
   2.7641900e+05   3.2226562e+01
   2.7695100e+05   3.2165527e+01
   2.7699700e+05   3.3020020e+01
   2.7723000e+05   3.1494141e+01
   2.7726200e+05   3.1494141e+01
   2.7728900e+05   3.1799316e+01
   2.7734300e+05   3.8879395e+01
   2.7738800e+05   3.5095215e+01
   2.7762300e+05   3.1066895e+01
   2.7764900e+05   3.3569336e+01
   2.7777200e+05   3.2592773e+01
   2.7783800e+05   3.2348633e+01
   2.7792100e+05   3.7597656e+01
   2.7811000e+05   3.1860352e+01
   2.7856300e+05   3.4973145e+01
   2.7870600e+05   3.2409668e+01
   2.7892900e+05   3.4301758e+01
   2.7894100e+05   3.0944824e+01
   2.7910100e+05   3.2043457e+01
   2.7938200e+05   3.1555176e+01
   2.7956800e+05   3.2348633e+01
   2.7982200e+05   3.5339355e+01
   2.7992800e+05   3.1188965e+01
   2.7995600e+05   3.7536621e+01
   2.8000300e+05   3.2897949e+01
   2.8008300e+05   3.1433105e+01
   2.8018700e+05   3.1860352e+01
   2.8039100e+05   3.1616211e+01
   2.8079900e+05   3.1433105e+01
   2.8093300e+05   3.1921387e+01
   2.8096900e+05   3.2470703e+01
   2.8107100e+05   3.4179688e+01
   2.8120600e+05   3.1738281e+01
   2.8135300e+05   3.7353516e+01
   2.8234200e+05   3.0944824e+01
   2.8258300e+05   3.5766602e+01
   2.8263200e+05   3.3081055e+01
   2.8276400e+05   3.9672852e+01
   2.8341500e+05   3.5034180e+01
   2.8364600e+05   3.1677246e+01
   2.8369700e+05   3.3386230e+01
   2.8394300e+05   3.3996582e+01
   2.8415100e+05   3.3508301e+01
   2.8444700e+05   3.3203125e+01
   2.8451500e+05   3.6743164e+01
   2.8467400e+05   3.0761719e+01
   2.8490500e+05   3.1127930e+01
   2.8540300e+05   3.1433105e+01
   2.8591200e+05   3.2104492e+01
   2.8604300e+05   3.2043457e+01
   2.8614400e+05   4.0161133e+01
   2.8617100e+05   3.3081055e+01
   2.8646100e+05   3.2836914e+01
   2.8649100e+05   3.3386230e+01
   2.8654700e+05   3.5095215e+01
   2.8670100e+05   3.4118652e+01
   2.8706500e+05   3.4729004e+01
   2.8764900e+05   3.2043457e+01
   2.8837800e+05   3.2531738e+01
   2.8862200e+05   3.2653809e+01
   2.8900300e+05   4.1442871e+01
   2.8955400e+05   3.1250000e+01
   2.8964600e+05   3.1860352e+01
   2.8992100e+05   3.5461426e+01
   2.9002200e+05   3.1616211e+01
   2.9037200e+05   3.1433105e+01
   2.9049000e+05   3.3935547e+01
   2.9121000e+05   3.3935547e+01
   2.9148200e+05   3.2043457e+01
   2.9158300e+05   3.1860352e+01
   2.9159500e+05   3.2531738e+01
   2.9175400e+05   3.2897949e+01
   2.9177100e+05   3.1677246e+01
   2.9179600e+05   3.1555176e+01
   2.9190900e+05   3.2836914e+01
   2.9255100e+05   3.2165527e+01
   2.9323400e+05   3.1250000e+01
   2.9328700e+05   3.2226562e+01
   2.9352100e+05   3.2226562e+01
   2.9393700e+05   3.0883789e+01
   2.9424300e+05   3.1494141e+01
   2.9441900e+05   3.0761719e+01
   2.9480700e+05   3.1494141e+01
   2.9495300e+05   3.1799316e+01
   2.9507400e+05   3.1616211e+01
   2.9516000e+05   3.2775879e+01
   2.9524800e+05   3.1860352e+01
   2.9531700e+05   3.3996582e+01
   2.9574200e+05   3.5400391e+01
   2.9580400e+05   3.0883789e+01
   2.9581700e+05   3.1799316e+01
   2.9588000e+05   3.1433105e+01
   2.9606700e+05   3.1677246e+01
   2.9641600e+05   3.1494141e+01
   2.9673500e+05   3.2348633e+01
   2.9686500e+05   3.1250000e+01
   2.9701700e+05   3.2531738e+01
   2.9707800e+05   3.2104492e+01
   2.9722000e+05   3.1127930e+01
   2.9754000e+05   3.2165527e+01
   2.9765500e+05   3.2836914e+01
   2.9787400e+05   3.3081055e+01
   2.9805000e+05   3.2897949e+01
   2.9810100e+05   3.7780762e+01
   2.9816200e+05   4.4494629e+01
   2.9842000e+05   3.9916992e+01
   2.9858700e+05   3.2714844e+01
   2.9862200e+05   3.3142090e+01
   2.9882800e+05   3.0944824e+01
   2.9913100e+05   3.2897949e+01
   2.9947300e+05   3.3691406e+01
   2.9965900e+05   3.0761719e+01
   2.9971900e+05   3.0761719e+01
   2.9995000e+05   3.2043457e+01
   3.0008500e+05   3.1494141e+01
   3.0036800e+05   3.2043457e+01
   3.0040500e+05   3.1250000e+01
   3.0051000e+05   3.2836914e+01
   3.0063600e+05   3.1921387e+01
   3.0120200e+05   3.1677246e+01
   3.0137300e+05   3.2226562e+01
   3.0144600e+05   3.2836914e+01
   3.0150600e+05   3.2836914e+01
   3.0161000e+05   3.1005859e+01
   3.0235800e+05   3.2531738e+01
   3.0247100e+05   3.1921387e+01
   3.0256200e+05   3.0761719e+01
   3.0260900e+05   3.1738281e+01
   3.0271600e+05   3.2165527e+01
   3.0288400e+05   3.2409668e+01
   3.0291400e+05   3.0944824e+01
   3.0295200e+05   3.2592773e+01
   3.0304900e+05   3.1372070e+01
   3.0338300e+05   3.1738281e+01
   3.0352600e+05   3.0822754e+01
   3.0390900e+05   3.2470703e+01
   3.0399800e+05   3.1372070e+01
   3.0424200e+05   3.1188965e+01
   3.0495200e+05   3.0883789e+01
   3.0502100e+05   3.3752441e+01
   3.0505700e+05   3.3691406e+01
   3.0546100e+05   3.1005859e+01
   3.0551700e+05   3.1433105e+01
   3.0582800e+05   3.3935547e+01
   3.0614100e+05   3.1494141e+01
   3.0628500e+05   3.3020020e+01
   3.0631900e+05   3.0822754e+01
   3.0659200e+05   3.1555176e+01
   3.0770800e+05   3.4240723e+01
   3.0823700e+05   3.3508301e+01
   3.0835100e+05   3.1066895e+01
   3.0862000e+05   3.4973145e+01
   3.0890700e+05   3.1188965e+01
   3.0984100e+05   3.1555176e+01
   3.1009800e+05   3.2287598e+01
   3.1025100e+05   3.1555176e+01
   3.1063700e+05   3.5034180e+01
   3.1105800e+05   3.3813477e+01
   3.1196800e+05   3.2775879e+01
   3.1206700e+05   3.1677246e+01
   3.1245100e+05   3.2043457e+01
   3.1365100e+05   3.2226562e+01
   3.1404100e+05   3.6437988e+01
   3.1408500e+05   3.2104492e+01
   3.1445700e+05   3.3508301e+01
   3.1506100e+05   3.1311035e+01
   3.1561500e+05   3.0944824e+01
   3.1617100e+05   3.2592773e+01
   3.1622500e+05   3.1127930e+01
   3.1641500e+05   3.5644531e+01
   3.1727100e+05   3.3874512e+01
   3.1772000e+05   3.3691406e+01
   3.1786600e+05   3.0761719e+01
   3.1930900e+05   3.2165527e+01
   3.1936600e+05   3.2775879e+01
   3.1952700e+05   3.1799316e+01
   3.1956700e+05   3.7292480e+01
   3.1960000e+05   3.2897949e+01
   3.1987800e+05   3.1005859e+01
   3.2027900e+05   3.1494141e+01
   3.2159100e+05   3.6499023e+01
   3.2188200e+05   3.0944824e+01
   3.2213700e+05   3.2958984e+01
   3.2221900e+05   3.8940430e+01
   3.2236500e+05   3.4423828e+01
   3.2282600e+05   3.3630371e+01
   3.2292400e+05   3.1372070e+01
   3.2297600e+05   4.0954590e+01
   3.2302100e+05   3.1250000e+01
   3.2303500e+05   3.1250000e+01
   3.2352400e+05   3.2470703e+01
   3.2355800e+05   3.1250000e+01
   3.2379000e+05   3.1799316e+01
   3.2439900e+05   3.2714844e+01
   3.2461000e+05   3.3081055e+01
   3.2523900e+05   3.1005859e+01
   3.2531800e+05   3.6193848e+01
   3.2577800e+05   3.2592773e+01
   3.2634300e+05   3.6682129e+01
   3.2735000e+05   3.0883789e+01
   3.2766900e+05   3.1616211e+01
   3.2819500e+05   3.3630371e+01
   3.2885300e+05   3.0944824e+01
   3.2921500e+05   3.1738281e+01
   3.3010800e+05   3.1799316e+01
   3.3034500e+05   3.2897949e+01
   3.3092500e+05   3.2653809e+01
   3.3138300e+05   3.2775879e+01
   3.3143300e+05   3.1188965e+01
   3.3150100e+05   3.1311035e+01
   3.3234300e+05   3.2348633e+01
   3.3241500e+05   3.1066895e+01
   3.3446000e+05   3.2165527e+01
   3.3474700e+05   3.1311035e+01
   3.3498300e+05   3.4057617e+01
   3.3506800e+05   3.1738281e+01
   3.3552200e+05   3.2104492e+01
   3.3572600e+05   3.1188965e+01
   3.3579900e+05   3.4484863e+01
   3.3620300e+05   3.0822754e+01
   3.3642700e+05   3.2287598e+01
   3.3692200e+05   3.3874512e+01
   3.3729900e+05   3.6743164e+01
   3.3749400e+05   3.4729004e+01
   3.3840200e+05   3.3264160e+01
   3.3844100e+05   3.3386230e+01
   3.3941200e+05   3.2531738e+01
   3.3946100e+05   3.3081055e+01
   3.3955300e+05   3.2653809e+01
   3.3969700e+05   3.1677246e+01
   3.4073000e+05   3.0761719e+01
   3.4106700e+05   3.0944824e+01
   3.4260200e+05   3.2775879e+01
   3.4280300e+05   3.0822754e+01
   3.4308100e+05   3.0822754e+01
   3.4454400e+05   3.1738281e+01
   3.4457600e+05   3.3020020e+01
   3.4480200e+05   3.3447266e+01
   3.4481700e+05   3.4790039e+01
   3.4484800e+05   3.2043457e+01
   3.4488400e+05   3.1066895e+01
   3.4492700e+05   3.1738281e+01
   3.4532700e+05   3.3264160e+01
   3.4553800e+05   3.3203125e+01
   3.4566600e+05   3.0944824e+01
   3.4575300e+05   3.4606934e+01
   3.4693500e+05   3.4118652e+01
   3.4738700e+05   3.5949707e+01
   3.4827800e+05   3.2226562e+01
   3.4862500e+05   3.1127930e+01
   3.4910700e+05   3.5400391e+01
   3.5110000e+05   3.1921387e+01
   3.5124300e+05   3.1677246e+01
   3.5141400e+05   3.1982422e+01
   3.5167200e+05   3.4118652e+01
   3.5239700e+05   3.0822754e+01
   3.5246500e+05   3.3691406e+01
   3.5326300e+05   3.1250000e+01
   3.5334100e+05   3.1555176e+01
   3.5356000e+05   3.2592773e+01
   3.5369300e+05   3.5583496e+01
   3.5390200e+05   3.8208008e+01
   3.5393400e+05   3.1555176e+01
   3.5566700e+05   3.2653809e+01
   3.5628700e+05   3.2653809e+01
   3.5640400e+05   3.3142090e+01
   3.5738300e+05   3.3142090e+01
   3.5761900e+05   3.2287598e+01
   3.5792100e+05   3.1860352e+01
   3.5810300e+05   3.1677246e+01
   3.5822000e+05   3.1005859e+01
   3.5837400e+05   3.0761719e+01
   3.5848200e+05   3.1677246e+01
   3.5872100e+05   3.2531738e+01
   3.5878000e+05   3.2897949e+01
   3.5886600e+05   3.1250000e+01
   3.5909700e+05   3.1494141e+01
   3.5978900e+05   3.3264160e+01
   3.6088700e+05   3.1921387e+01
   3.6099700e+05   3.1799316e+01
   3.6139100e+05   3.0761719e+01
   3.6170000e+05   3.8757324e+01
   3.6185800e+05   3.1127930e+01
   3.6215600e+05   3.2287598e+01
   3.6235600e+05   3.2043457e+01
   3.6278500e+05   3.7109375e+01
   3.6343400e+05   3.0883789e+01
   3.6369300e+05   3.3569336e+01
   3.6382500e+05   3.1433105e+01
   3.6421700e+05   3.3752441e+01
   3.6449500e+05   3.1005859e+01
   3.6527000e+05   3.1799316e+01
   3.6590200e+05   3.4179688e+01
   3.6595200e+05   3.7231445e+01
   3.6606600e+05   3.1433105e+01
   3.6638100e+05   3.7231445e+01
   3.6640300e+05   3.0883789e+01
   3.6686300e+05   3.1982422e+01
   3.6714700e+05   3.1311035e+01
   3.6723000e+05   3.1066895e+01
   3.6745600e+05   3.5583496e+01
   3.6760100e+05   3.4912109e+01
   3.6771900e+05   3.1799316e+01
   3.6779600e+05   3.2836914e+01
   3.6803600e+05   3.3813477e+01
   3.6845300e+05   3.4240723e+01
   3.6866100e+05   3.1616211e+01
   3.6925200e+05   3.5522461e+01
   3.7059000e+05   3.3325195e+01
   3.7133000e+05   3.8635254e+01
   3.7134000e+05   3.0944824e+01
   3.7235900e+05   3.3081055e+01
   3.7276600e+05   3.1066895e+01
   3.7378700e+05   3.3569336e+01
   3.7404500e+05   3.4118652e+01
   3.7412200e+05   3.1738281e+01
   3.7443500e+05   3.3996582e+01
   3.7475800e+05   3.5888672e+01
   3.7498600e+05   3.2043457e+01
   3.7549200e+05   3.1066895e+01
   3.7552300e+05   3.1127930e+01
   3.7618700e+05   3.1188965e+01
   3.7624600e+05   3.0822754e+01
   3.7627100e+05   3.4301758e+01
   3.7672000e+05   3.4179688e+01
   3.7685400e+05   3.2897949e+01
   3.7690000e+05   3.3325195e+01
   3.7738200e+05   3.2836914e+01
   3.7786600e+05   3.1677246e+01
   3.7798800e+05   3.4973145e+01
   3.7819800e+05   3.3691406e+01
   3.7861900e+05   3.1860352e+01
   3.7898000e+05   3.3081055e+01
   3.8143800e+05   3.1188965e+01
   3.8171100e+05   3.2348633e+01
   3.8225900e+05   3.1005859e+01
   3.8235700e+05   3.2897949e+01
   3.8267400e+05   3.1921387e+01
   3.8269900e+05   3.0761719e+01
   3.8290500e+05   3.3569336e+01
   3.8348900e+05   3.5034180e+01
   3.8407600e+05   3.1250000e+01
   3.8472600e+05   3.2531738e+01
   3.8477200e+05   3.3325195e+01
   3.8509700e+05   3.2531738e+01
   3.8519500e+05   3.0822754e+01
   3.8550500e+05   3.3386230e+01
   3.8559300e+05   3.3325195e+01
   3.8564400e+05   3.2531738e+01
   3.8626000e+05   3.1250000e+01
   3.8693300e+05   3.1616211e+01
   3.8726900e+05   3.2592773e+01
   3.8757600e+05   3.1616211e+01
   3.8792900e+05   3.1921387e+01
   3.8880900e+05   3.1616211e+01
   3.8932100e+05   3.3630371e+01
   3.9034500e+05   3.2775879e+01
   3.9098100e+05   3.0761719e+01
   3.9112200e+05   3.1433105e+01
   3.9117900e+05   4.0161133e+01
   3.9131800e+05   3.0761719e+01
   3.9160300e+05   3.2897949e+01
   3.9180400e+05   3.3142090e+01
   3.9189400e+05   3.5522461e+01
   3.9237700e+05   3.2958984e+01
   3.9251600e+05   3.1921387e+01
   3.9282800e+05   3.8269043e+01
   3.9328200e+05   3.2958984e+01
   3.9395000e+05   3.1860352e+01
   3.9402800e+05   3.1982422e+01
   3.9465500e+05   3.1250000e+01
   3.9574100e+05   3.1921387e+01
   3.9596800e+05   3.1127930e+01
   3.9628600e+05   3.5034180e+01
   3.9667400e+05   3.2714844e+01
   3.9767300e+05   3.2287598e+01
   3.9810900e+05   3.0822754e+01
   3.9837900e+05   3.2958984e+01
   3.9848200e+05   3.1555176e+01
   3.9940300e+05   3.0761719e+01
   3.9993300e+05   3.3264160e+01
   4.0028700e+05   3.0761719e+01
   4.0032400e+05   3.3996582e+01
   4.0040000e+05   3.0761719e+01
   4.0084300e+05   3.2836914e+01
   4.0185200e+05   3.3508301e+01
   4.0273500e+05   3.2226562e+01
   4.0324400e+05   3.5034180e+01
   4.0337300e+05   3.5583496e+01
   4.0341300e+05   3.5888672e+01
   4.0435900e+05   3.1494141e+01
   4.0499200e+05   3.1127930e+01
   4.0883300e+05   3.1860352e+01
   4.0894200e+05   3.1860352e+01
   4.1085100e+05   3.1311035e+01
   4.1195500e+05   3.0761719e+01
   4.1301600e+05   3.4606934e+01
   4.1434800e+05   3.1250000e+01
   4.1487300e+05   3.4545898e+01
   4.1502100e+05   3.3935547e+01
   4.1527600e+05   3.1494141e+01
   4.1561100e+05   3.1982422e+01
   4.1583100e+05   3.4057617e+01
   4.1593500e+05   3.1799316e+01
   4.1660900e+05   3.1921387e+01
   4.1725700e+05   3.2287598e+01
   4.1740100e+05   3.0822754e+01
   4.1779800e+05   3.1555176e+01
   4.1826200e+05   3.7719727e+01
   4.1892000e+05   3.1005859e+01
   4.1917700e+05   3.3264160e+01
   4.1980000e+05   3.1066895e+01
   4.2013600e+05   3.2348633e+01
   4.2031300e+05   3.1860352e+01
   4.2134900e+05   3.3142090e+01
   4.2338400e+05   3.1005859e+01
   4.2394400e+05   3.4423828e+01
   4.2449800e+05   3.2287598e+01
   4.2663100e+05   3.2043457e+01
   4.2708200e+05   3.1921387e+01
   4.2773500e+05   3.2409668e+01
   4.2825300e+05   3.3996582e+01
   4.2893000e+05   3.1311035e+01
   4.2895800e+05   3.1005859e+01
   4.3149400e+05   3.1616211e+01
   4.3160900e+05   3.1555176e+01
   4.3212600e+05   3.4362793e+01
   4.3254600e+05   3.1005859e+01
   4.3319800e+05   3.3142090e+01
   4.3322900e+05   3.2043457e+01
   4.3345500e+05   3.7780762e+01
   4.3393300e+05   3.9062500e+01
   4.3394600e+05   3.1677246e+01
   4.3431100e+05   3.1799316e+01
   4.3433000e+05   3.2409668e+01
   4.3452400e+05   3.0944824e+01
   4.3457300e+05   3.1311035e+01
   4.3545100e+05   3.1250000e+01
   4.3632800e+05   3.2592773e+01
   4.3669000e+05   3.1311035e+01
   4.3734400e+05   3.1433105e+01
   4.3799900e+05   3.0761719e+01
   4.3869200e+05   3.1555176e+01
   4.4081400e+05   3.1188965e+01
   4.4202800e+05   3.1188965e+01
   4.4310400e+05   3.0761719e+01
   4.4374900e+05   3.1433105e+01
   4.4463900e+05   3.0883789e+01
   4.4523000e+05   3.6804199e+01
   4.4612300e+05   3.1188965e+01
   4.4758500e+05   3.1005859e+01
   4.4841300e+05   3.1677246e+01
   4.5072900e+05   3.4851074e+01
   4.5184100e+05   3.2165527e+01
   4.5284300e+05   3.3020020e+01
   4.5387800e+05   3.2409668e+01
   4.5595400e+05   3.1555176e+01
   4.5701800e+05   3.0944824e+01
   4.5731900e+05   3.2043457e+01
   4.5742200e+05   3.3325195e+01
   4.5761100e+05   3.1250000e+01
   4.5765000e+05   3.5644531e+01
   4.6153700e+05   3.1860352e+01
   4.6198600e+05   3.0883789e+01
   4.6406100e+05   3.1982422e+01
   4.6581700e+05   3.1738281e+01
   4.6592200e+05   3.1616211e+01
   4.6640600e+05   3.6804199e+01
   4.6679400e+05   3.1433105e+01
   4.6690000e+05   3.2592773e+01
   4.6798400e+05   3.0822754e+01
   4.6917200e+05   3.1799316e+01
   4.7048500e+05   3.1066895e+01
   4.7057600e+05   3.2104492e+01
   4.7448300e+05   3.1433105e+01
   4.7470800e+05   3.2104492e+01
   4.7647300e+05   3.0883789e+01
   4.7800500e+05   3.3935547e+01
   4.7880300e+05   3.2592773e+01
   4.8264500e+05   3.1738281e+01
   4.8320500e+05   3.1494141e+01
   4.8558000e+05   3.1494141e+01
   4.8632500e+05   3.7231445e+01
   4.8796100e+05   3.1799316e+01
   4.8882900e+05   3.2043457e+01
   4.8962900e+05   3.1372070e+01
   4.9044600e+05   3.9489746e+01
   4.9152700e+05   3.3264160e+01
   4.9214000e+05   3.2409668e+01
   4.9279600e+05   3.1066895e+01
   4.9355700e+05   3.2104492e+01
   4.9548200e+05   3.4667969e+01
   4.9654500e+05   3.1616211e+01
   4.9736300e+05   3.1127930e+01
   4.9773100e+05   3.0822754e+01
   4.9867800e+05   3.2043457e+01
   4.9903400e+05   3.4057617e+01
   4.9945300e+05   3.4057617e+01
   5.0033000e+05   3.6315918e+01
   5.0040200e+05   3.2897949e+01
   5.0045800e+05   3.1311035e+01
   5.0068600e+05   3.1433105e+01
   5.0308000e+05   3.4179688e+01
   5.0433800e+05   3.3264160e+01
   5.0470400e+05   3.1311035e+01
   5.0535000e+05   4.0649414e+01
   5.0690200e+05   3.2775879e+01
   5.0760400e+05   3.1494141e+01
   5.0809100e+05   3.1066895e+01
   5.0821300e+05   3.8269043e+01
   5.0965300e+05   3.1005859e+01
   5.0991800e+05   3.3508301e+01
   5.1090100e+05   3.1433105e+01
   5.1092500e+05   3.2226562e+01
   5.1123000e+05   3.1677246e+01
   5.1273900e+05   3.2653809e+01
   5.1398100e+05   3.1738281e+01
   5.1498700e+05   3.0883789e+01
   5.1672100e+05   3.3691406e+01
   5.1727300e+05   3.2775879e+01
   5.1769000e+05   3.1066895e+01
   5.1804600e+05   3.1372070e+01
   5.1831500e+05   3.1066895e+01
   5.1868100e+05   3.1066895e+01
   5.2230200e+05   3.3142090e+01
   5.2590200e+05   3.0944824e+01
   5.2844000e+05   3.2653809e+01
   5.2984800e+05   3.2104492e+01
   5.3021400e+05   3.2409668e+01
   5.3292800e+05   3.6315918e+01
   5.3340900e+05   3.1738281e+01
   5.3343300e+05   3.1555176e+01
   5.3484100e+05   3.2104492e+01
   5.3500400e+05   3.3081055e+01
   5.3804100e+05   3.1066895e+01
   5.3898700e+05   3.3935547e+01
   5.3920900e+05   3.4606934e+01
   5.4149700e+05   3.3569336e+01
   5.4207200e+05   3.2226562e+01
   5.4268600e+05   3.1616211e+01
   5.4274500e+05   3.5095215e+01
   5.4331900e+05   3.1005859e+01
   5.4347600e+05   3.3813477e+01
   5.4500700e+05   3.1616211e+01
   5.4503800e+05   3.1738281e+01
   5.4560500e+05   3.1982422e+01
   5.4599100e+05   3.2348633e+01
   5.4912500e+05   3.0883789e+01
   5.5197900e+05   3.3142090e+01
   5.5305700e+05   3.0883789e+01
   5.5456000e+05   3.1433105e+01
   5.5462200e+05   3.1616211e+01
   5.5729000e+05   3.1921387e+01
   5.6064000e+05   3.2165527e+01
   5.6128200e+05   3.2958984e+01
   5.6163200e+05   3.4606934e+01
   5.6270300e+05   3.5278320e+01
   5.6381400e+05   3.2775879e+01
   5.6512000e+05   3.1311035e+01
   5.6608600e+05   3.1982422e+01
   5.6661700e+05   3.0944824e+01
   5.6861800e+05   3.6865234e+01
   5.7045200e+05   3.2592773e+01
   5.7072600e+05   3.2165527e+01
   5.7128400e+05   3.3752441e+01
   5.7224900e+05   3.1372070e+01
   5.7397100e+05   3.1250000e+01
   5.7452000e+05   3.3874512e+01
   5.7620200e+05   3.3569336e+01
   5.7731500e+05   3.3386230e+01
   5.7867200e+05   3.1188965e+01
   5.7908700e+05   3.2714844e+01
   5.7955500e+05   3.1250000e+01
   5.8146200e+05   3.3569336e+01
   5.8181800e+05   3.4851074e+01
   5.8283800e+05   3.1555176e+01
   5.8439300e+05   3.0883789e+01
   5.8511400e+05   3.4118652e+01
   5.8540100e+05   3.1127930e+01
   5.8731000e+05   3.4423828e+01
   5.8792200e+05   3.1616211e+01
   5.8851200e+05   3.5583496e+01
   5.8855800e+05   3.1494141e+01
   5.8945900e+05   3.1005859e+01
   5.9024800e+05   3.4545898e+01
   5.9029100e+05   3.3691406e+01
   5.9077900e+05   3.1127930e+01
   5.9253000e+05   3.1005859e+01
   5.9364700e+05   3.1738281e+01
   5.9428600e+05   3.1250000e+01
   5.9492800e+05   3.2470703e+01
   5.9523800e+05   3.0822754e+01
   5.9570200e+05   3.3508301e+01
   5.9666600e+05   3.1982422e+01
   5.9787600e+05   3.3569336e+01
   5.9799400e+05   3.1677246e+01
   5.9898700e+05   3.2653809e+01
   5.9911600e+05   3.4362793e+01
   5.9915200e+05   3.3996582e+01
   6.0051400e+05   3.4240723e+01
   6.0079000e+05   3.1188965e+01
   6.0108400e+05   3.1982422e+01
   6.0132100e+05   3.2165527e+01
   6.0727500e+05   3.0883789e+01
   6.0750200e+05   3.1127930e+01
   6.0810400e+05   3.1738281e+01
   6.1051500e+05   3.1860352e+01
   6.1157100e+05   3.1494141e+01
   6.1288500e+05   3.1555176e+01
   6.1307300e+05   3.1616211e+01
   6.1367500e+05   3.3020020e+01
   6.1402200e+05   3.8513184e+01
   6.1457200e+05   3.1127930e+01
   6.1720000e+05   3.2958984e+01
   6.1847200e+05   3.6560059e+01
   6.1858200e+05   3.4301758e+01
   6.1867100e+05   3.1494141e+01
   6.1964000e+05   3.1372070e+01
   6.1990200e+05   3.3142090e+01
   6.2137900e+05   3.2531738e+01
   6.2204300e+05   3.1494141e+01
   6.2350400e+05   3.2104492e+01
   6.2594400e+05   3.4362793e+01
   6.2761000e+05   3.5705566e+01
   6.2927100e+05   3.5217285e+01
   6.2965200e+05   3.0822754e+01
   6.3033700e+05   3.2165527e+01
   6.3096300e+05   3.2470703e+01
   6.3180100e+05   3.1311035e+01
   6.3206300e+05   3.1127930e+01
   6.3254500e+05   3.1127930e+01
   6.3265600e+05   3.3386230e+01
   6.3353300e+05   3.0761719e+01
   6.3359700e+05   3.1616211e+01
   6.3392000e+05   3.1311035e+01
   6.3399000e+05   3.1494141e+01
   6.3417200e+05   3.4423828e+01
   6.3429900e+05   3.2287598e+01
   6.3452500e+05   3.3142090e+01
   6.3598000e+05   3.1738281e+01
   6.3603800e+05   3.0761719e+01
   6.3646400e+05   3.1982422e+01
   6.3711600e+05   3.2043457e+01
   6.3753300e+05   3.1188965e+01
   6.3810900e+05   3.2165527e+01
   6.3816500e+05   3.1372070e+01
   6.3929000e+05   3.3752441e+01
   6.3936500e+05   3.1372070e+01
   6.3950600e+05   3.1250000e+01
   6.3953300e+05   3.0822754e+01
   6.3985800e+05   3.5095215e+01
   6.4003000e+05   3.5278320e+01
   6.4067300e+05   3.1433105e+01
   6.4087700e+05   3.0761719e+01
   6.4184000e+05   3.2409668e+01
   6.4203300e+05   3.3508301e+01
   6.4224500e+05   3.4057617e+01
   6.4337800e+05   3.1799316e+01
   6.4342600e+05   3.0944824e+01
   6.4372400e+05   3.2287598e+01
   6.4393300e+05   3.4423828e+01
   6.4419200e+05   3.1127930e+01
   6.4443000e+05   3.2897949e+01
   6.4510700e+05   3.3264160e+01
   6.4638500e+05   3.3020020e+01
   6.4663900e+05   3.0761719e+01
   6.4813400e+05   3.1372070e+01
   6.4817100e+05   3.1921387e+01
   6.4844500e+05   3.3508301e+01
   6.4911700e+05   3.1677246e+01
   6.4947500e+05   3.1250000e+01
   6.5186500e+05   3.1066895e+01
   6.5207500e+05   3.2470703e+01
   6.5275600e+05   3.5400391e+01
   6.5281600e+05   3.3996582e+01
   6.5439100e+05   3.3447266e+01
   6.5562100e+05   3.2653809e+01
   6.5644400e+05   3.1433105e+01
   6.5713100e+05   3.3630371e+01
   6.5750100e+05   3.0822754e+01
   6.5778100e+05   3.1311035e+01
   6.5793900e+05   3.1311035e+01
   6.5870200e+05   3.2653809e+01
   6.5942600e+05   3.2531738e+01
   6.5954300e+05   3.2592773e+01
   6.6031200e+05   3.2287598e+01
   6.6056000e+05   3.0761719e+01
   6.6081200e+05   3.5339355e+01
   6.6132100e+05   3.3081055e+01
   6.6143200e+05   3.6621094e+01
   6.6160200e+05   3.4179688e+01
   6.6311000e+05   3.0761719e+01
   6.6341600e+05   3.1188965e+01
   6.6387900e+05   3.1005859e+01
   6.6420100e+05   3.3264160e+01
   6.6450300e+05   3.1188965e+01
   6.6458500e+05   3.4118652e+01
   6.6471800e+05   3.3630371e+01
   6.6557800e+05   3.1738281e+01
   6.6602000e+05   3.0822754e+01
   6.6782400e+05   3.3691406e+01
   6.6799800e+05   3.1127930e+01
   6.6848700e+05   4.0466309e+01
   6.7082700e+05   3.2592773e+01
   6.7097800e+05   3.9428711e+01
   6.7119100e+05   3.0883789e+01
   6.7154600e+05   3.4545898e+01
   6.7169600e+05   3.1372070e+01
   6.7260700e+05   3.1127930e+01
   6.7329400e+05   3.2958984e+01
   6.7508800e+05   3.7109375e+01
   6.7517400e+05   3.1616211e+01
   6.7519400e+05   3.2287598e+01
   6.7591700e+05   3.2897949e+01
   6.7741300e+05   3.1799316e+01
   6.7755800e+05   3.1005859e+01
   6.7918800e+05   3.2714844e+01
   6.8137900e+05   3.2348633e+01
   6.8165000e+05   3.3691406e+01
   6.8209300e+05   3.3142090e+01
   6.8262000e+05   3.2287598e+01
   6.8329800e+05   3.7170410e+01
   6.8487500e+05   3.0761719e+01
   6.8499600e+05   3.2897949e+01
   6.8666400e+05   3.1433105e+01
   6.8669400e+05   3.1677246e+01
   6.8957000e+05   3.1005859e+01
   6.9132000e+05   3.1188965e+01
   6.9188200e+05   3.0944824e+01
   6.9452400e+05   3.0944824e+01
   6.9527600e+05   3.1982422e+01
   6.9636100e+05   3.1616211e+01
   6.9697800e+05   3.1799316e+01
   6.9742500e+05   3.0822754e+01
   6.9765200e+05   3.1921387e+01
   6.9818900e+05   3.2714844e+01
   7.0020900e+05   3.0761719e+01
   7.0249600e+05   3.2226562e+01
   7.0386700e+05   3.1372070e+01
   7.0880100e+05   3.1127930e+01
   7.1249700e+05   3.3935547e+01
   7.1343000e+05   3.2165527e+01
   7.1395100e+05   3.1616211e+01
   7.1400900e+05   3.3447266e+01
   7.1644500e+05   3.1738281e+01
   7.1692900e+05   3.3081055e+01
   7.1771700e+05   3.3203125e+01
   7.1924600e+05   3.1799316e+01
   7.2201500e+05   3.1494141e+01
   7.2283900e+05   3.6743164e+01
   7.2468000e+05   3.1188965e+01
   7.3271600e+05   3.2226562e+01
   7.3636900e+05   3.1921387e+01
   7.3827600e+05   3.1433105e+01
   7.3882300e+05   3.2348633e+01
   7.3917600e+05   3.1005859e+01
   7.3997600e+05   3.1738281e+01
   7.4532300e+05   3.1311035e+01
   7.4538600e+05   3.1311035e+01
   7.5534700e+05   3.3935547e+01
   7.5767500e+05   3.2104492e+01
   7.5926800e+05   3.0944824e+01
   7.5985800e+05   3.0822754e+01
   7.7124000e+05   3.0822754e+01
   7.7159900e+05   3.1433105e+01
   7.7820000e+05   3.2409668e+01
   7.7948100e+05   3.3752441e+01
   7.8027200e+05   3.2043457e+01
   7.8364400e+05   3.3264160e+01
   7.8497100e+05   3.3386230e+01
   7.8571300e+05   3.5583496e+01
   7.8634900e+05   3.2958984e+01
   7.8667800e+05   3.5888672e+01
   7.8683100e+05   3.6071777e+01
   7.8728300e+05   3.1555176e+01
   7.8731100e+05   3.1372070e+01
   7.8859800e+05   3.1921387e+01
   7.8862000e+05   3.3325195e+01
   7.8973900e+05   3.3203125e+01
   7.9063100e+05   3.1799316e+01
   7.9117500e+05   3.1250000e+01
   7.9130100e+05   3.1250000e+01
   7.9470000e+05   3.2714844e+01
   7.9605300e+05   3.2775879e+01
   7.9914500e+05   3.0822754e+01
   7.9985300e+05   3.1494141e+01
   8.0149400e+05   3.0761719e+01
   8.0722200e+05   3.0944824e+01
   8.0857200e+05   3.4240723e+01
   8.0932000e+05   3.1188965e+01
   8.1002800e+05   3.4667969e+01
   8.1046200e+05   3.2226562e+01
   8.1193200e+05   3.2470703e+01
   8.1334800e+05   3.2531738e+01
   8.1338800e+05   3.4179688e+01
   8.1413500e+05   3.2714844e+01
   8.1448900e+05   3.3569336e+01
   8.1549500e+05   3.0883789e+01
   8.1703800e+05   3.2531738e+01
   8.2489200e+05   3.3264160e+01
   8.2846900e+05   3.1311035e+01
   8.2856300e+05   3.1677246e+01
   8.2893200e+05   3.1127930e+01
   8.2921600e+05   3.2897949e+01
   8.2938400e+05   3.2287598e+01
   8.3698900e+05   3.0883789e+01
   8.3750300e+05   3.4484863e+01
   8.3875800e+05   3.3630371e+01
   8.3951300e+05   3.1738281e+01
   8.4049300e+05   3.3264160e+01
   8.4157500e+05   3.0761719e+01
   8.4218500e+05   3.3752441e+01
   8.4284200e+05   3.0761719e+01
   8.4347200e+05   3.3813477e+01
   8.4785200e+05   3.7231445e+01
   8.4805400e+05   3.1860352e+01
   8.5132900e+05   3.2165527e+01
   8.5156800e+05   3.5034180e+01
   8.5193200e+05   3.3081055e+01
   8.5473500e+05   3.1005859e+01
   8.5649900e+05   3.0883789e+01
   8.5738300e+05   3.1005859e+01
   8.5941000e+05   3.1127930e+01
   8.6232300e+05   3.2775879e+01
   8.6549100e+05   3.1127930e+01
   8.6598300e+05   3.1555176e+01
   8.7108800e+05   3.1005859e+01
   8.7181300e+05   3.0822754e+01
   8.7960000e+05   3.1677246e+01
   8.8132000e+05   3.1066895e+01
   8.8221000e+05   3.2470703e+01
   8.8274800e+05   3.1066895e+01
   8.9387400e+05   3.0944824e+01
   9.1736300e+05   3.2592773e+01
   9.2086800e+05   3.2043457e+01
   9.2130500e+05   3.1494141e+01
   9.3159800e+05   3.4790039e+01
   9.5008100e+05   3.1982422e+01
   9.7744400e+05   3.1616211e+01
   9.7903300e+05   3.0822754e+01
   9.8285800e+05   3.2653809e+01
   9.8462300e+05   3.2592773e+01
   9.8585800e+05   3.0761719e+01
   9.9475200e+05   3.2714844e+01
   1.0028800e+06   3.7536621e+01
   1.0078870e+06   3.0822754e+01
   1.0083220e+06   3.2165527e+01
   1.0113140e+06   3.3020020e+01
   1.0125850e+06   3.3325195e+01
   1.0166900e+06   3.1616211e+01
   1.0172250e+06   3.3996582e+01
   1.0175670e+06   3.1311035e+01
   1.0188930e+06   3.1738281e+01
   1.0217170e+06   3.2043457e+01
   1.0247250e+06   3.1799316e+01
   1.0295450e+06   3.0822754e+01
   1.0347720e+06   3.1372070e+01
   1.0348260e+06   3.2226563e+01
   1.0385250e+06   3.1127930e+01
   1.0386200e+06   3.4606934e+01
   1.0400640e+06   3.2348633e+01
   1.0421930e+06   3.2470703e+01
   1.0497600e+06   3.0883789e+01
   1.0502010e+06   3.1494141e+01
   1.0502450e+06   3.2836914e+01
   1.0502860e+06   3.1494141e+01
   1.0526030e+06   3.1127930e+01
   1.0534040e+06   3.1066895e+01
   1.0546650e+06   3.2836914e+01
   1.0554670e+06   3.2653809e+01
   1.0563650e+06   3.3691406e+01
   1.0571380e+06   3.1372070e+01
   1.0576120e+06   3.1555176e+01
   1.0583780e+06   3.1738281e+01
   1.0586150e+06   3.1677246e+01
   1.0613250e+06   3.1066895e+01
   1.0618530e+06   3.1250000e+01
   1.0622970e+06   3.1250000e+01
   1.0632450e+06   3.3874512e+01
   1.0692810e+06   3.1433105e+01
   1.0702630e+06   3.1494141e+01
   1.0704670e+06   3.2043457e+01
   1.0721020e+06   3.2592773e+01
   1.0721830e+06   3.2592773e+01
   1.0734860e+06   3.0883789e+01
   1.0769870e+06   3.1677246e+01
   1.0813320e+06   3.1250000e+01
   1.0863310e+06   3.4729004e+01
   1.0871680e+06   3.1799316e+01
   1.0914460e+06   3.3752441e+01
   1.0932500e+06   3.2104492e+01
   1.0935970e+06   3.2897949e+01
   1.0980530e+06   3.2348633e+01
   1.0982890e+06   3.0944824e+01
   1.0987980e+06   3.1921387e+01
   1.0988520e+06   3.5522461e+01
   1.0996950e+06   3.2958984e+01
   1.1005990e+06   3.0822754e+01
   1.1009420e+06   3.1127930e+01
   1.1028710e+06   3.1250000e+01
   1.1040850e+06   3.1738281e+01
   1.1056150e+06   3.1921387e+01
   1.1065750e+06   3.1066895e+01
   1.1066500e+06   3.0761719e+01
   1.1068270e+06   3.2104492e+01
   1.1086350e+06   3.2592773e+01
   1.1094670e+06   3.1311035e+01
   1.1109810e+06   3.3508301e+01
   1.1145780e+06   3.2775879e+01
   1.1156940e+06   3.2653809e+01
   1.1213250e+06   3.0883789e+01
   1.1215240e+06   3.2653809e+01
   1.1266510e+06   3.0883789e+01
   1.1275470e+06   3.3935547e+01
   1.1279060e+06   3.0883789e+01
   1.1292670e+06   3.1127930e+01
   1.1301410e+06   3.1066895e+01
   1.1338850e+06   3.1250000e+01
   1.1374670e+06   3.2226562e+01
   1.1377390e+06   3.2104492e+01
   1.1388640e+06   3.1005859e+01
   1.1413450e+06   3.1921387e+01
   1.1423260e+06   3.0944824e+01
   1.1450370e+06   3.1982422e+01
   1.1459940e+06   3.1005859e+01
   1.1471160e+06   3.2287598e+01
   1.1474150e+06   3.1311035e+01
   1.1529560e+06   3.8208008e+01
   1.1554710e+06   3.1005859e+01
   1.1579810e+06   3.1005859e+01
   1.1580860e+06   3.5949707e+01
   1.1585850e+06   3.1494141e+01
   1.1592870e+06   3.1433105e+01
   1.1648060e+06   3.1738281e+01
   1.1649730e+06   3.1372070e+01
   1.1692170e+06   3.2836914e+01
   1.1692440e+06   3.1494141e+01
   1.1699940e+06   3.2043457e+01
   1.1734310e+06   3.3447266e+01
   1.1741150e+06   3.2714844e+01
   1.1760120e+06   3.1738281e+01
   1.1769020e+06   3.1555176e+01
   1.1778740e+06   3.1555176e+01
   1.1781780e+06   3.3386230e+01
   1.1815360e+06   3.5156250e+01
   1.1962270e+06   3.0944824e+01
   1.1962930e+06   3.3569336e+01
   1.2031630e+06   3.1860352e+01
   1.2078620e+06   3.1188965e+01
   1.2095360e+06   3.1005859e+01
   1.2107560e+06   3.1188965e+01
   1.2109960e+06   3.5766602e+01
   1.2111800e+06   3.1005859e+01
   1.2113440e+06   3.2043457e+01
   1.2144170e+06   3.3325195e+01
   1.2160420e+06   3.1188965e+01
   1.2170060e+06   3.0944824e+01
   1.2171820e+06   3.2470703e+01
   1.2174870e+06   3.3630371e+01
   1.2192200e+06   3.1982422e+01
   1.2207900e+06   3.3081055e+01
   1.2217720e+06   3.1127930e+01
   1.2227520e+06   3.4912109e+01
   1.2233040e+06   3.2104492e+01
   1.2234700e+06   3.3142090e+01
   1.2297000e+06   3.1555176e+01
   1.2383920e+06   3.1677246e+01
   1.2487580e+06   3.0822754e+01
   1.2506870e+06   3.2592773e+01
   1.2518410e+06   3.0761719e+01
   1.2526090e+06   3.1188965e+01
   1.2535450e+06   3.2348633e+01
   1.2576860e+06   3.1433105e+01
   1.2723120e+06   3.2348633e+01
   1.2732100e+06   3.1921387e+01
   1.2813940e+06   3.1188965e+01
   1.2819780e+06   3.1066895e+01
   1.2829330e+06   3.2592773e+01
   1.2861830e+06   3.1311035e+01
   1.2896750e+06   3.0883789e+01
   1.2915950e+06   3.1555176e+01
   1.2940550e+06   3.1127930e+01
   1.2945590e+06   3.1127930e+01
   1.2950450e+06   3.1127930e+01
   1.2982670e+06   3.2470703e+01
   1.2992950e+06   3.1616211e+01
   1.3073860e+06   3.0761719e+01
   1.3118150e+06   3.1982422e+01
   1.3220740e+06   3.2043457e+01
   1.3222180e+06   3.0944824e+01
   1.3302640e+06   3.1860352e+01
   1.3334770e+06   3.1066895e+01
   1.3343440e+06   3.1433105e+01
   1.3346910e+06   3.1677246e+01
   1.3352860e+06   3.0761719e+01
   1.3373050e+06   3.2775879e+01
   1.3443940e+06   3.1372070e+01
   1.3586830e+06   3.0883789e+01
   1.3652010e+06   3.3325195e+01
   1.3677420e+06   3.2043457e+01
   1.3807900e+06   3.1250000e+01
   1.4155640e+06   3.3325195e+01
   1.4290190e+06   3.0883789e+01
   1.4378810e+06   3.1311035e+01
   6.1347450e+06   3.1921387e+01
   6.4443790e+06   3.0700684e+01
   6.8933180e+06   3.2348633e+01
   1.0329991e+07   3.1127930e+01
