   1.1996000e+07   0.0000000e+00
   6.3262100e+05   1.1535645e+01
   9.4376800e+05   1.1596680e+01
   1.4934150e+06   1.1535645e+01
   2.2944140e+06   1.1596680e+01
   2.4827950e+06   1.1840820e+01
   2.8023970e+06   1.1535645e+01
   3.6479990e+06   1.1779785e+01
   4.4320240e+06   1.1718750e+01
   5.6056870e+06   1.1657715e+01
   7.6397930e+06   1.1779785e+01
   7.7675380e+06   1.1657715e+01
   9.2400570e+06   1.1779785e+01
   9.3711220e+06   1.1657715e+01
   9.5315500e+06   1.2084961e+01
   9.6787660e+06   1.1535645e+01
   9.7993000e+06   1.1779785e+01
   9.9266990e+06   1.1718750e+01
   1.0674597e+07   1.1962891e+01
   1.1247499e+07   1.1535645e+01
   1.1365147e+07   1.1535645e+01
