   1.1996000e+07   0.0000000e+00
   3.9944400e+05   3.3996582e+01
   3.9948900e+05   3.6193848e+01
   3.9951800e+05   3.5522461e+01
   3.9954000e+05   3.6621094e+01
   3.9960800e+05   3.5034180e+01
   3.9973400e+05   3.5827637e+01
   3.9974500e+05   4.1320801e+01
   5.4729400e+05   3.4729004e+01
   8.1873000e+05   3.3813477e+01
   8.1886600e+05   3.6315918e+01
   8.1895300e+05   3.4667969e+01
   8.1898700e+05   4.2419434e+01
   8.1902700e+05   3.4484863e+01
   8.1906900e+05   3.3935547e+01
   8.1909100e+05   3.9489746e+01
   8.9233100e+05   3.3813477e+01
   1.0799200e+06   3.3264160e+01
   1.2699740e+06   3.3264160e+01
   1.2701020e+06   3.3142090e+01
   1.7379120e+06   3.4790039e+01
   1.7843420e+06   3.4301758e+01
   1.8198780e+06   3.3813477e+01
   1.8279810e+06   3.3569336e+01
   1.9183530e+06   3.5827637e+01
   1.9286600e+06   3.3386230e+01
   2.0625810e+06   3.4423828e+01
   2.2960560e+06   3.3569336e+01
   2.7363780e+06   4.2724609e+01
   2.7364310e+06   3.4973145e+01
   2.7364620e+06   3.9672852e+01
   2.7364950e+06   3.5095215e+01
   2.7365090e+06   3.8452148e+01
   2.7365330e+06   6.8237305e+01
   2.7365630e+06   4.9499512e+01
   2.7365820e+06   8.2458496e+01
   2.7366000e+06   7.4096680e+01
   2.7366250e+06   5.2917480e+01
   2.7366490e+06   1.0034180e+02
   2.7366660e+06   6.5185547e+01
   2.7366790e+06   4.6691895e+01
   2.7367120e+06   6.6711426e+01
   2.7367450e+06   4.1259766e+01
   2.7367640e+06   4.8095703e+01
   2.7367840e+06   3.5339355e+01
   2.7368070e+06   4.9987793e+01
   2.7368270e+06   5.5236816e+01
   2.7368490e+06   4.7180176e+01
   2.7368950e+06   4.7668457e+01
   2.7369070e+06   4.3518066e+01
   2.7369290e+06   3.3935547e+01
   2.7369460e+06   3.9550781e+01
   2.7369890e+06   4.2297363e+01
   2.7370160e+06   3.8574219e+01
   2.7370420e+06   3.9978027e+01
   2.7371060e+06   3.3691406e+01
   2.7372340e+06   4.2114258e+01
   2.7737300e+06   3.8696289e+01
   2.7737430e+06   5.1025391e+01
   2.7737530e+06   4.1992188e+01
   2.7737780e+06   6.6894531e+01
   2.7737980e+06   3.6926270e+01
   2.7738150e+06   5.7006836e+01
   2.7738380e+06   4.4372559e+01
   2.7738490e+06   4.6752930e+01
   2.7738590e+06   6.0668945e+01
   2.7738830e+06   3.8269043e+01
   2.7739000e+06   3.9611816e+01
   2.7739110e+06   5.0231934e+01
   2.7739280e+06   3.5400391e+01
   2.7739520e+06   4.9011230e+01
   2.7739860e+06   3.5339355e+01
   2.7740570e+06   3.9672852e+01
   2.7740840e+06   3.6132812e+01
   2.7741330e+06   3.6071777e+01
   2.7741510e+06   3.3508301e+01
   2.7743090e+06   3.5705566e+01
   2.7743720e+06   3.6071777e+01
   2.7743890e+06   3.4240723e+01
   2.7919340e+06   3.8696289e+01
   2.7920840e+06   3.3325195e+01
   2.7921040e+06   3.6132812e+01
   2.7921890e+06   3.5705566e+01
   2.7922390e+06   3.4057617e+01
   2.7923140e+06   3.3325195e+01
   2.7927660e+06   3.6804199e+01
   2.8020220e+06   3.5827637e+01
   2.8021220e+06   3.8696289e+01
   2.8022180e+06   3.6315918e+01
   2.8022480e+06   4.1076660e+01
   2.8022980e+06   4.5043945e+01
   2.8023840e+06   4.5104980e+01
   2.8024580e+06   3.3874512e+01
   2.8024760e+06   3.9733887e+01
   2.8026390e+06   4.0405273e+01
   2.8105070e+06   4.1564941e+01
   2.8105330e+06   3.5827637e+01
   2.8105640e+06   4.5410156e+01
   2.8106120e+06   5.9082031e+01
   2.8106360e+06   4.1748047e+01
   2.8106530e+06   4.7302246e+01
   2.8106810e+06   4.4250488e+01
   2.8106930e+06   3.3508301e+01
   2.8107220e+06   4.5715332e+01
   2.8107440e+06   4.0893555e+01
   2.8107810e+06   4.4555664e+01
   2.8108040e+06   3.3386230e+01
   2.8108670e+06   3.3508301e+01
   2.8108980e+06   3.7597656e+01
   2.8109350e+06   3.3874512e+01
   2.8109720e+06   4.0771484e+01
   2.8110070e+06   4.6264648e+01
   2.8110250e+06   3.4240723e+01
   2.8110600e+06   3.4912109e+01
   2.8110900e+06   3.3142090e+01
   2.8111210e+06   3.7719727e+01
   2.8112510e+06   3.8757324e+01
   2.8113130e+06   3.4362793e+01
   2.8223940e+06   4.9499512e+01
   2.8326910e+06   4.8278809e+01
   2.8327370e+06   3.6132812e+01
   2.8327540e+06   4.3457031e+01
   2.8327720e+06   4.5776367e+01
   2.8328250e+06   3.5705566e+01
   2.8328410e+06   6.1157227e+01
   2.8328550e+06   4.2968750e+01
   2.8328960e+06   4.4433594e+01
   2.8329090e+06   4.9377441e+01
   2.8329430e+06   5.1391602e+01
   2.8329550e+06   4.7241211e+01
   2.8330170e+06   3.6132812e+01
   2.8330500e+06   4.0954590e+01
   2.8330670e+06   3.4240723e+01
   2.8331000e+06   3.3874512e+01
   2.8331410e+06   3.6132812e+01
   2.8331650e+06   3.9123535e+01
   2.8331800e+06   4.2236328e+01
   2.8331990e+06   4.9621582e+01
   2.8332640e+06   3.4179688e+01
   2.8333320e+06   3.4423828e+01
   2.8333620e+06   3.3752441e+01
   2.8334310e+06   3.5034180e+01
   2.8577230e+06   3.4301758e+01
   2.8577490e+06   4.0954590e+01
   2.8577650e+06   5.2856445e+01
   2.8577900e+06   7.1472168e+01
   2.8578070e+06   6.2561035e+01
   2.8578440e+06   3.6132812e+01
   2.8578810e+06   3.4484863e+01
   2.8579010e+06   8.9233398e+01
   2.8579200e+06   5.5847168e+01
   2.8579370e+06   4.8522949e+01
   2.8579650e+06   4.3701172e+01
   2.8579870e+06   5.8471680e+01
   2.8579990e+06   3.7475586e+01
   2.8580110e+06   3.4973145e+01
   2.8580390e+06   5.6762695e+01
   2.8580660e+06   6.1645508e+01
   2.8580970e+06   5.3894043e+01
   2.8581420e+06   3.7231445e+01
   2.8581930e+06   3.4606934e+01
   2.8582090e+06   3.6071777e+01
   2.8582250e+06   3.6132812e+01
   2.8582460e+06   3.5522461e+01
   2.8582640e+06   3.3325195e+01
   2.8582860e+06   3.3325195e+01
   2.8583780e+06   3.6376953e+01
   2.8584600e+06   3.4301758e+01
   2.8586770e+06   3.8757324e+01
   2.8708000e+06   3.3569336e+01
   2.8848910e+06   3.3142090e+01
   2.8849100e+06   3.8757324e+01
   2.8849210e+06   4.7363281e+01
   2.8849510e+06   5.2795410e+01
   2.8849690e+06   7.3913574e+01
   2.8849840e+06   4.0893555e+01
   2.8850300e+06   3.4240723e+01
   2.8850410e+06   3.7170410e+01
   2.8850780e+06   6.9274902e+01
   2.8850910e+06   3.8635254e+01
   2.8851910e+06   4.9255371e+01
   2.8852030e+06   3.7048340e+01
   2.8852670e+06   5.2551270e+01
   2.8853600e+06   3.6376953e+01
   2.8854230e+06   3.6621094e+01
   2.8854520e+06   3.5705566e+01
   2.8855920e+06   3.3142090e+01
   2.8856810e+06   3.4057617e+01
   2.8867080e+06   3.4912109e+01
   2.9044880e+06   3.6926270e+01
   2.9044980e+06   4.8706055e+01
   2.9045530e+06   3.6682129e+01
   2.9045650e+06   3.3874512e+01
   2.9046060e+06   4.5288086e+01
   2.9046300e+06   3.6376953e+01
   2.9046870e+06   3.6560059e+01
   2.9047230e+06   3.4606934e+01
   2.9047400e+06   3.4729004e+01
   2.9048460e+06   3.4057617e+01
   2.9312500e+06   3.4729004e+01
   2.9312760e+06   5.0109863e+01
   2.9312950e+06   4.0588379e+01
   2.9313180e+06   5.7067871e+01
   2.9313300e+06   5.4504395e+01
   2.9313460e+06   7.1472168e+01
   2.9313790e+06   3.8757324e+01
   2.9314060e+06   5.8959961e+01
   2.9314290e+06   4.5349121e+01
   2.9314420e+06   4.4738770e+01
   2.9314640e+06   4.8400879e+01
   2.9314870e+06   4.0527344e+01
   2.9315220e+06   6.0485840e+01
   2.9315330e+06   4.3395996e+01
   2.9315440e+06   3.3508301e+01
   2.9315910e+06   5.3649902e+01
   2.9316120e+06   4.5043945e+01
   2.9316220e+06   3.6437988e+01
   2.9316410e+06   4.1992188e+01
   2.9316640e+06   4.5349121e+01
   2.9316880e+06   5.2062988e+01
   2.9317320e+06   3.4606934e+01
   2.9319000e+06   3.4606934e+01
   2.9319600e+06   3.8269043e+01
   2.9330670e+06   3.5949707e+01
   2.9565070e+06   5.8776855e+01
   2.9565270e+06   4.3884277e+01
   2.9565450e+06   5.3649902e+01
   2.9565590e+06   4.6020508e+01
   2.9566020e+06   3.5217285e+01
   2.9566180e+06   4.4860840e+01
   2.9566470e+06   3.7292480e+01
   2.9566570e+06   5.1635742e+01
   2.9566720e+06   5.3100586e+01
   2.9566890e+06   5.0842285e+01
   2.9567250e+06   3.4851074e+01
   2.9567400e+06   4.0039062e+01
   2.9567520e+06   3.3447266e+01
   2.9567660e+06   5.4138184e+01
   2.9567950e+06   3.3325195e+01
   2.9568500e+06   4.8706055e+01
   2.9569070e+06   4.1931152e+01
   2.9569470e+06   3.4790039e+01
   2.9569920e+06   3.7963867e+01
   2.9570230e+06   4.2053223e+01
   2.9570470e+06   3.4912109e+01
   2.9570860e+06   3.8208008e+01
   2.9571010e+06   3.6010742e+01
   2.9571450e+06   3.4118652e+01
   2.9572220e+06   3.3386230e+01
   2.9926640e+06   3.6743164e+01
   2.9927000e+06   6.9091797e+01
   2.9927170e+06   4.8400879e+01
   2.9927620e+06   5.1574707e+01
   2.9927720e+06   3.6682129e+01
   2.9927870e+06   4.6020508e+01
   2.9928030e+06   6.0363770e+01
   2.9928150e+06   6.9641113e+01
   2.9928580e+06   7.2021484e+01
   2.9928790e+06   3.9916992e+01
   2.9928940e+06   4.3090820e+01
   2.9929230e+06   3.4118652e+01
   2.9929380e+06   4.5410156e+01
   2.9929600e+06   4.5166016e+01
   2.9929890e+06   3.9611816e+01
   2.9930040e+06   3.5461426e+01
   2.9930720e+06   3.9550781e+01
   2.9931120e+06   3.5278320e+01
   2.9932890e+06   3.3874512e+01
   2.9934680e+06   3.6010742e+01
   3.0217060e+06   3.3874512e+01
   3.0217280e+06   3.6682129e+01
   3.0217420e+06   3.5156250e+01
   3.0217800e+06   6.5002441e+01
   3.0217930e+06   4.8278809e+01
   3.0218430e+06   4.3884277e+01
   3.0218690e+06   3.8330078e+01
   3.0218800e+06   5.6945801e+01
   3.0219050e+06   5.9020996e+01
   3.0219320e+06   3.4362793e+01
   3.0219450e+06   5.9020996e+01
   3.0219700e+06   4.4189453e+01
   3.0219940e+06   5.6884766e+01
   3.0220120e+06   4.3640137e+01
   3.0220950e+06   3.2287598e+01
   3.0221310e+06   5.4626465e+01
   3.0221490e+06   3.2043457e+01
   3.0221880e+06   3.2043457e+01
   3.0222400e+06   3.2043457e+01
   3.0223540e+06   3.3386230e+01
   3.0228820e+06   3.3691406e+01
   3.0239760e+06   3.2470703e+01
   3.0514790e+06   3.5888672e+01
   3.0515540e+06   3.5644531e+01
   3.0515760e+06   4.0588379e+01
   3.0516060e+06   5.5786133e+01
   3.0516200e+06   3.8269043e+01
   3.0516380e+06   3.5217285e+01
   3.0516920e+06   3.6193848e+01
   3.0517040e+06   3.4301758e+01
   3.0517220e+06   4.9133301e+01
   3.0517540e+06   3.3874512e+01
   3.0517730e+06   4.0832520e+01
   3.0518100e+06   4.2663574e+01
   3.0518510e+06   3.2226562e+01
   3.0518700e+06   3.4240723e+01
   3.0519020e+06   4.7058105e+01
   3.0519570e+06   3.3142090e+01
   3.0519790e+06   3.3386230e+01
   3.0521850e+06   3.2348633e+01
   3.0522280e+06   3.2043457e+01
   3.0523400e+06   3.2531738e+01
   3.0523740e+06   3.5278320e+01
   3.0525070e+06   3.2958984e+01
   3.0758620e+06   3.3508301e+01
   3.0759040e+06   3.5827637e+01
   3.0759690e+06   5.7617188e+01
   3.0759880e+06   5.2917480e+01
   3.0760260e+06   4.3273926e+01
   3.0760500e+06   3.3874512e+01
   3.0760920e+06   4.1748047e+01
   3.0761090e+06   7.6110840e+01
   3.0761280e+06   3.7353516e+01
   3.0761380e+06   4.5166016e+01
   3.0761510e+06   3.8818359e+01
   3.0761800e+06   3.3630371e+01
   3.0762100e+06   3.2531738e+01
   3.0762330e+06   3.2287598e+01
   3.0762660e+06   4.4616699e+01
   3.0763010e+06   4.6875000e+01
   3.0763240e+06   4.2114258e+01
   3.0763380e+06   4.7912598e+01
   3.0763620e+06   4.0893555e+01
   3.0764110e+06   3.2531738e+01
   3.0764890e+06   3.4240723e+01
   3.0765100e+06   3.4667969e+01
   3.0769560e+06   3.5156250e+01
   3.0770880e+06   3.7353516e+01
   3.1063020e+06   3.3996582e+01
   3.1063400e+06   6.3537598e+01
   3.1063660e+06   5.6762695e+01
   3.1063770e+06   3.7658691e+01
   3.1064060e+06   4.5104980e+01
   3.1064230e+06   3.4545898e+01
   3.1064390e+06   6.7199707e+01
   3.1064580e+06   6.9885254e+01
   3.1064780e+06   3.3508301e+01
   3.1064880e+06   5.4199219e+01
   3.1065210e+06   5.3527832e+01
   3.1065310e+06   3.6010742e+01
   3.1065430e+06   4.4189453e+01
   3.1065600e+06   4.7180176e+01
   3.1065770e+06   3.8635254e+01
   3.1065940e+06   3.8757324e+01
   3.1066290e+06   3.9794922e+01
   3.1066440e+06   3.9367676e+01
   3.1066550e+06   3.5339355e+01
   3.1066840e+06   4.3823242e+01
   3.1067110e+06   4.6325684e+01
   3.1068100e+06   3.3020020e+01
   3.1068240e+06   3.5217285e+01
   3.1069870e+06   3.3203125e+01
   3.1071810e+06   3.4301758e+01
   3.1172820e+06   3.2226562e+01
   3.1342260e+06   4.5959473e+01
   3.1342360e+06   3.4729004e+01
   3.1342730e+06   3.8513184e+01
   3.1342980e+06   5.3894043e+01
   3.1343250e+06   5.3527832e+01
   3.1343360e+06   5.5114746e+01
   3.1343740e+06   4.0466309e+01
   3.1344170e+06   4.1503906e+01
   3.1344310e+06   5.1574707e+01
   3.1344590e+06   4.2663574e+01
   3.1344800e+06   3.2775879e+01
   3.1345030e+06   4.5837402e+01
   3.1345450e+06   3.7902832e+01
   3.1345840e+06   3.9978027e+01
   3.1346410e+06   3.4484863e+01
   3.1346930e+06   3.5034180e+01
   3.1348140e+06   3.2470703e+01
   3.1348760e+06   3.3325195e+01
   3.1349710e+06   3.5583496e+01
   3.1638660e+06   4.1076660e+01
   3.1638850e+06   5.0598145e+01
   3.1639040e+06   4.3029785e+01
   3.1639500e+06   6.5612793e+01
   3.1639620e+06   3.5644531e+01
   3.1639790e+06   3.5400391e+01
   3.1640020e+06   5.6396484e+01
   3.1640200e+06   3.4057617e+01
   3.1640440e+06   6.0302734e+01
   3.1640660e+06   4.6752930e+01
   3.1641110e+06   3.5644531e+01
   3.1641390e+06   5.4199219e+01
   3.1641530e+06   3.6437988e+01
   3.1641700e+06   4.9316406e+01
   3.1641990e+06   4.8522949e+01
   3.1642190e+06   3.3508301e+01
   3.1642520e+06   3.4301758e+01
   3.1642860e+06   3.3203125e+01
   3.1643170e+06   3.9428711e+01
   3.1643500e+06   3.6865234e+01
   3.1644010e+06   4.1503906e+01
   3.1644270e+06   3.5583496e+01
   3.1645430e+06   4.2968750e+01
   3.1646160e+06   3.4729004e+01
   3.1647370e+06   3.3020020e+01
   3.1647940e+06   3.4423828e+01
   3.1648500e+06   3.5949707e+01
   3.1661150e+06   3.5888672e+01
   3.1944720e+06   3.7353516e+01
   3.1944870e+06   3.7475586e+01
   3.1945210e+06   6.1645508e+01
   3.1945440e+06   9.4543457e+01
   3.1945620e+06   4.6630859e+01
   3.1945760e+06   3.5583496e+01
   3.1945860e+06   4.0039063e+01
   3.1946040e+06   3.6071777e+01
   3.1946330e+06   3.8391113e+01
   3.1946530e+06   7.5622559e+01
   3.1946700e+06   3.9001465e+01
   3.1947030e+06   3.3142090e+01
   3.1947160e+06   3.3081055e+01
   3.1947630e+06   4.7729492e+01
   3.1947900e+06   3.4545898e+01
   3.1948040e+06   4.4555664e+01
   3.1948310e+06   3.9794922e+01
   3.1948650e+06   5.0292969e+01
   3.1949120e+06   4.1809082e+01
   3.1949380e+06   3.6376953e+01
   3.1952640e+06   4.2602539e+01
   3.1953680e+06   3.2226562e+01
   3.2249220e+06   3.7414551e+01
   3.2249830e+06   3.9916992e+01
   3.2250210e+06   4.9865723e+01
   3.2250340e+06   3.5400391e+01
   3.2250690e+06   5.6274414e+01
   3.2250810e+06   4.1503906e+01
   3.2250970e+06   4.0222168e+01
   3.2251160e+06   4.0893555e+01
   3.2251430e+06   5.2429199e+01
   3.2251640e+06   3.4545898e+01
   3.2251790e+06   6.5002441e+01
   3.2251990e+06   3.9489746e+01
   3.2252150e+06   3.6621094e+01
   3.2252380e+06   3.7109375e+01
   3.2252560e+06   3.2653809e+01
   3.2252770e+06   3.4179688e+01
   3.2253110e+06   4.5959473e+01
   3.2253300e+06   3.9062500e+01
   3.2253400e+06   3.4790039e+01
   3.2253800e+06   3.7902832e+01
   3.2254240e+06   3.5522461e+01
   3.2254610e+06   3.2714844e+01
   3.2254960e+06   3.5339355e+01
   3.2256390e+06   3.2836914e+01
   3.2256720e+06   3.2653809e+01
   3.2257300e+06   3.3630371e+01
   3.2257770e+06   4.2480469e+01
   3.2261730e+06   3.2043457e+01
   3.2288580e+06   3.3142090e+01
   3.2498380e+06   4.5410156e+01
   3.2498690e+06   4.9438477e+01
   3.2499110e+06   5.0537109e+01
   3.2499310e+06   3.8208008e+01
   3.2499720e+06   3.9001465e+01
   3.2499940e+06   3.3508301e+01
   3.2500050e+06   3.2409668e+01
   3.2500320e+06   3.7841797e+01
   3.2500440e+06   4.2053223e+01
   3.2501380e+06   3.2958984e+01
   3.2501510e+06   4.2785645e+01
   3.2501880e+06   4.1015625e+01
   3.2502190e+06   6.7199707e+01
   3.2502440e+06   4.0039062e+01
   3.2502830e+06   3.8757324e+01
   3.2503140e+06   3.6987305e+01
   3.2503520e+06   3.3081055e+01
   3.2503810e+06   3.8757324e+01
   3.2503930e+06   3.9611816e+01
   3.2504470e+06   3.6376953e+01
   3.2504600e+06   3.4973145e+01
   3.2505000e+06   3.2653809e+01
   3.2505930e+06   4.1870117e+01
   3.2857300e+06   4.3640137e+01
   3.2857600e+06   4.4128418e+01
   3.2857890e+06   7.5378418e+01
   3.2858050e+06   3.2775879e+01
   3.2858300e+06   4.3640137e+01
   3.2858410e+06   3.3081055e+01
   3.2858580e+06   4.7058105e+01
   3.2858720e+06   4.1259766e+01
   3.2858880e+06   3.9367676e+01
   3.2859040e+06   4.9194336e+01
   3.2859170e+06   4.0710449e+01
   3.2859330e+06   3.3142090e+01
   3.2859490e+06   4.5532227e+01
   3.2859800e+06   4.5410156e+01
   3.2860160e+06   3.9245605e+01
   3.2860390e+06   3.9733887e+01
   3.2860890e+06   3.7719727e+01
   3.2861840e+06   3.5217285e+01
   3.2862270e+06   3.8879395e+01
   3.2862590e+06   3.4484863e+01
   3.2866270e+06   3.6254883e+01
   3.3155500e+06   4.0283203e+01
   3.3155960e+06   4.9133301e+01
   3.3156090e+06   4.4311523e+01
   3.3156320e+06   4.4494629e+01
   3.3156510e+06   5.7067871e+01
   3.3156840e+06   4.5593262e+01
   3.3157080e+06   5.0659180e+01
   3.3157290e+06   3.6865234e+01
   3.3157430e+06   4.9743652e+01
   3.3157670e+06   4.0710449e+01
   3.3157830e+06   3.6621094e+01
   3.3158230e+06   3.5156250e+01
   3.3158500e+06   4.9621582e+01
   3.3158750e+06   5.3405762e+01
   3.3158910e+06   3.2409668e+01
   3.3159110e+06   4.8217773e+01
   3.3159380e+06   3.2958984e+01
   3.3159540e+06   6.4147949e+01
   3.3159950e+06   4.2480469e+01
   3.3160460e+06   3.5888672e+01
   3.3161140e+06   4.0527344e+01
   3.3161530e+06   3.2775879e+01
   3.3161770e+06   3.2531738e+01
   3.3162030e+06   3.5034180e+01
   3.3162690e+06   3.3142090e+01
   3.3163120e+06   3.7292480e+01
   3.3163500e+06   3.7170410e+01
   3.3163860e+06   3.3569336e+01
   3.3164540e+06   3.8818359e+01
   3.3164850e+06   3.4240723e+01
   3.3166530e+06   3.2348633e+01
   3.3507660e+06   3.7719727e+01
   3.3507920e+06   5.2001953e+01
   3.3508050e+06   5.4382324e+01
   3.3508370e+06   4.7485352e+01
   3.3508560e+06   3.6743164e+01
   3.3508700e+06   5.1757812e+01
   3.3509030e+06   5.4687500e+01
   3.3509310e+06   5.5969238e+01
   3.3509560e+06   3.6193848e+01
   3.3509740e+06   5.5114746e+01
   3.3510100e+06   4.1442871e+01
   3.3510390e+06   4.1381836e+01
   3.3510540e+06   6.1157227e+01
   3.3510720e+06   3.2714844e+01
   3.3510930e+06   5.0292969e+01
   3.3511190e+06   3.2592773e+01
   3.3511450e+06   3.4790039e+01
   3.3511590e+06   3.2470703e+01
   3.3511760e+06   3.8146973e+01
   3.3511980e+06   3.5644531e+01
   3.3512610e+06   3.8024902e+01
   3.3513140e+06   3.6193848e+01
   3.3513440e+06   3.5705566e+01
   3.3515260e+06   3.6437988e+01
   3.3515610e+06   3.2043457e+01
   3.3517120e+06   3.2836914e+01
   3.3517740e+06   4.1687012e+01
   3.3520380e+06   3.3508301e+01
   3.3524560e+06   3.3935547e+01
   3.3917180e+06   5.1696777e+01
   3.3917370e+06   3.5949707e+01
   3.3917730e+06   4.1870117e+01
   3.3917960e+06   7.3059082e+01
   3.3918230e+06   4.2541504e+01
   3.3918360e+06   3.2897949e+01
   3.3918590e+06   5.7861328e+01
   3.3918760e+06   5.4382324e+01
   3.3919010e+06   5.9936523e+01
   3.3919160e+06   9.3383789e+01
   3.3919450e+06   4.4311523e+01
   3.3919550e+06   4.0954590e+01
   3.3919750e+06   3.7780762e+01
   3.3920060e+06   3.3203125e+01
   3.3920360e+06   5.1696777e+01
   3.3920860e+06   4.3884277e+01
   3.3921200e+06   3.4606934e+01
   3.3921420e+06   4.2053223e+01
   3.3921790e+06   3.3996582e+01
   3.3921920e+06   4.2053223e+01
   3.3922170e+06   3.6132812e+01
   3.3922480e+06   3.5095215e+01
   3.3924520e+06   3.3142090e+01
   3.3933890e+06   3.4423828e+01
   3.4382170e+06   3.8391113e+01
   3.4382350e+06   3.5888672e+01
   3.4382730e+06   5.6335449e+01
   3.4382850e+06   4.0283203e+01
   3.4383000e+06   3.6804199e+01
   3.4383220e+06   3.8208008e+01
   3.4383350e+06   4.4067383e+01
   3.4383560e+06   4.6508789e+01
   3.4383760e+06   3.6987305e+01
   3.4383870e+06   5.1086426e+01
   3.4384220e+06   4.7363281e+01
   3.4384470e+06   3.6987305e+01
   3.4384620e+06   5.2978516e+01
   3.4384860e+06   4.2907715e+01
   3.4385290e+06   5.1269531e+01
   3.4385930e+06   3.4423828e+01
   3.4386050e+06   3.2226562e+01
   3.4386390e+06   4.5349121e+01
   3.4386500e+06   3.6315918e+01
   3.4386790e+06   4.1076660e+01
   3.4386940e+06   3.2897949e+01
   3.4387040e+06   3.2348633e+01
   3.4388150e+06   3.2836914e+01
   3.4388780e+06   3.2104492e+01
   3.4389590e+06   4.4433594e+01
   3.4389890e+06   3.3325195e+01
   3.4887620e+06   3.4667969e+01
   3.4888090e+06   4.1748047e+01
   3.4888350e+06   7.0922852e+01
   3.4888590e+06   7.4890137e+01
   3.4888800e+06   4.1931152e+01
   3.4889030e+06   3.9550781e+01
   3.4889170e+06   5.0109863e+01
   3.4889480e+06   3.6621094e+01
   3.4889600e+06   7.1289062e+01
   3.4889860e+06   5.6274414e+01
   3.4889960e+06   5.0292969e+01
   3.4890130e+06   4.2785645e+01
   3.4890300e+06   5.5175781e+01
   3.4890420e+06   6.2194824e+01
   3.4890670e+06   4.1992188e+01
   3.4890830e+06   5.4321289e+01
   3.4891290e+06   3.3935547e+01
   3.4891480e+06   4.4799805e+01
   3.4891730e+06   4.1320801e+01
   3.4891910e+06   4.4494629e+01
   3.4892170e+06   3.6254883e+01
   3.4892310e+06   3.5644531e+01
   3.4893010e+06   3.6926270e+01
   3.4893340e+06   3.2470703e+01
   3.4893880e+06   3.5461426e+01
   3.4894520e+06   4.2907715e+01
   3.4895270e+06   3.3142090e+01
   3.4895860e+06   3.7719727e+01
   3.4896360e+06   3.3996582e+01
   3.4897130e+06   3.3508301e+01
   3.4897560e+06   3.3874512e+01
   3.4897980e+06   3.2958984e+01
   3.4900740e+06   4.0466309e+01
   3.4903110e+06   3.2409668e+01
   3.4905170e+06   3.2958984e+01
   3.5259910e+06   3.5949707e+01
   3.5260420e+06   5.7434082e+01
   3.5260550e+06   5.6152344e+01
   3.5260770e+06   5.4748535e+01
   3.5261070e+06   5.0781250e+01
   3.5261330e+06   3.9794922e+01
   3.5261460e+06   3.5339355e+01
   3.5261650e+06   3.7292480e+01
   3.5261900e+06   3.8269043e+01
   3.5262050e+06   6.8176270e+01
   3.5262340e+06   3.4240723e+01
   3.5262600e+06   4.4372559e+01
   3.5262840e+06   5.3344727e+01
   3.5263200e+06   6.0607910e+01
   3.5263340e+06   3.8452148e+01
   3.5263600e+06   3.6315918e+01
   3.5263710e+06   3.3508301e+01
   3.5264340e+06   4.1442871e+01
   3.5264620e+06   3.5278320e+01
   3.5264890e+06   3.6437988e+01
   3.5265240e+06   4.9987793e+01
   3.5265650e+06   3.6804199e+01
   3.5265850e+06   3.5705566e+01
   3.5266120e+06   3.5461426e+01
   3.5267570e+06   3.2226562e+01
   3.5269510e+06   3.3081055e+01
   3.5640510e+06   3.9428711e+01
   3.5640650e+06   3.7048340e+01
   3.5640980e+06   3.2104492e+01
   3.5641110e+06   5.4748535e+01
   3.5641470e+06   4.8522949e+01
   3.5641790e+06   4.2114258e+01
   3.5642120e+06   5.1391602e+01
   3.5642270e+06   5.2734375e+01
   3.5642580e+06   4.1076660e+01
   3.5642740e+06   3.4790039e+01
   3.5643060e+06   5.9509277e+01
   3.5643350e+06   7.0495605e+01
   3.5643580e+06   3.7597656e+01
   3.5643740e+06   3.8940430e+01
   3.5644040e+06   6.5185547e+01
   3.5644190e+06   3.6682129e+01
   3.5644630e+06   6.3049316e+01
   3.5644940e+06   5.2734375e+01
   3.5645250e+06   3.5766602e+01
   3.5645450e+06   4.1503906e+01
   3.5645840e+06   3.4240723e+01
   3.5646020e+06   3.6865234e+01
   3.5646610e+06   3.3264160e+01
   3.5647090e+06   4.2297363e+01
   3.5647760e+06   3.7841797e+01
   3.5648340e+06   3.3691406e+01
   3.5649890e+06   3.3508301e+01
   3.5650710e+06   3.2958984e+01
   3.6044820e+06   3.2104492e+01
   3.6044980e+06   3.2531738e+01
   3.6045160e+06   4.8767090e+01
   3.6045410e+06   4.1931152e+01
   3.6045620e+06   3.6193848e+01
   3.6045860e+06   4.1625977e+01
   3.6045990e+06   3.6804199e+01
   3.6046310e+06   3.4240723e+01
   3.6046480e+06   3.4729004e+01
   3.6046650e+06   4.2175293e+01
   3.6046780e+06   3.4301758e+01
   3.6046920e+06   5.4199219e+01
   3.6047140e+06   5.8166504e+01
   3.6047380e+06   4.9682617e+01
   3.6047590e+06   5.1452637e+01
   3.6047930e+06   6.1706543e+01
   3.6048290e+06   4.0771484e+01
   3.6048520e+06   5.0903320e+01
   3.6048670e+06   3.2470703e+01
   3.6048940e+06   3.7719727e+01
   3.6049170e+06   4.4128418e+01
   3.6049390e+06   3.5583496e+01
   3.6049940e+06   3.2409668e+01
   3.6050170e+06   3.2775879e+01
   3.6050780e+06   3.7780762e+01
   3.6050890e+06   4.7424316e+01
   3.6051010e+06   3.3691406e+01
   3.6051830e+06   3.2409668e+01
   3.6052520e+06   3.5339355e+01
   3.6053040e+06   3.4484863e+01
   3.6054290e+06   3.4729004e+01
   3.6055760e+06   3.2348633e+01
   3.6406630e+06   3.4606934e+01
   3.6406940e+06   3.3996582e+01
   3.6407990e+06   4.2541504e+01
   3.6408120e+06   3.9428711e+01
   3.6408390e+06   5.5725098e+01
   3.6408690e+06   3.9428711e+01
   3.6409000e+06   3.5827637e+01
   3.6409280e+06   4.0344238e+01
   3.6409380e+06   3.9001465e+01
   3.6409610e+06   3.7109375e+01
   3.6409850e+06   6.2377930e+01
   3.6409970e+06   3.7231445e+01
   3.6410270e+06   4.0832520e+01
   3.6410620e+06   3.8635254e+01
   3.6410920e+06   4.5410156e+01
   3.6411190e+06   3.4851074e+01
   3.6411440e+06   4.0649414e+01
   3.6411650e+06   4.9316406e+01
   3.6411810e+06   3.4851074e+01
   3.6412090e+06   3.9672852e+01
   3.6412440e+06   3.5522461e+01
   3.6412770e+06   4.1198730e+01
   3.6412870e+06   3.5034180e+01
   3.6413800e+06   3.4362793e+01
   3.6414350e+06   3.3142090e+01
   3.6416540e+06   3.3325195e+01
   3.6751980e+06   4.2663574e+01
   3.6752230e+06   4.1015625e+01
   3.6752430e+06   5.3771973e+01
   3.6752680e+06   3.2287598e+01
   3.6752870e+06   5.7556152e+01
   3.6753150e+06   4.3212891e+01
   3.6753390e+06   3.7048340e+01
   3.6753610e+06   3.5827637e+01
   3.6753820e+06   3.4912109e+01
   3.6754030e+06   4.3518066e+01
   3.6754160e+06   3.8696289e+01
   3.6754490e+06   4.2785645e+01
   3.6754920e+06   3.3935547e+01
   3.6755030e+06   4.4189453e+01
   3.6755310e+06   3.9123535e+01
   3.6755510e+06   3.4240723e+01
   3.6755830e+06   4.2724609e+01
   3.6755970e+06   3.2714844e+01
   3.6756630e+06   3.3447266e+01
   3.6757130e+06   3.7109375e+01
   3.6757960e+06   3.2287598e+01
   3.6758280e+06   3.2043457e+01
   3.6758870e+06   3.5888672e+01
   3.7065180e+06   4.0344238e+01
   3.7065690e+06   6.0058594e+01
   3.7066210e+06   4.3090820e+01
   3.7066330e+06   4.6325684e+01
   3.7066510e+06   7.8552246e+01
   3.7066690e+06   3.5095215e+01
   3.7067060e+06   4.1137695e+01
   3.7067330e+06   4.1687012e+01
   3.7067620e+06   3.8940430e+01
   3.7068130e+06   4.0710449e+01
   3.7068460e+06   3.8696289e+01
   3.7068980e+06   4.0710449e+01
   3.7069230e+06   3.9916992e+01
   3.7070040e+06   3.6682129e+01
   3.7070330e+06   3.2531738e+01
   3.7070710e+06   3.2470703e+01
   3.7071340e+06   3.3935547e+01
   3.7071710e+06   3.5034180e+01
   3.7452340e+06   3.2531738e+01
   3.7453620e+06   4.5288086e+01
   3.7453930e+06   5.4443359e+01
   3.7454100e+06   4.0588379e+01
   3.7454520e+06   6.7260742e+01
   3.7454830e+06   5.5541992e+01
   3.7455270e+06   3.3264160e+01
   3.7455430e+06   4.3273926e+01
   3.7455620e+06   3.6621094e+01
   3.7456020e+06   3.8574219e+01
   3.7456420e+06   3.9978027e+01
   3.7456770e+06   3.2043457e+01
   3.7457140e+06   3.5156250e+01
   3.7869860e+06   3.2043457e+01
   3.7870890e+06   3.6804199e+01
   3.7871530e+06   5.2795410e+01
   3.7871960e+06   3.9062500e+01
   3.7872280e+06   3.2592773e+01
   3.7872770e+06   3.5400391e+01
   3.7873220e+06   3.9001465e+01
   3.7875980e+06   3.3508301e+01
   4.2504180e+06   3.2165527e+01
   4.6699060e+06   3.2043457e+01
   4.9794230e+06   3.2531738e+01
   5.0793260e+06   3.6376953e+01
   5.2109920e+06   3.6926270e+01
   5.2110250e+06   3.2653809e+01
   5.2429670e+06   3.2043457e+01
   5.2487110e+06   3.5278320e+01
   5.2519930e+06   3.9611816e+01
   5.3233910e+06   3.7109375e+01
   5.3791150e+06   3.8757324e+01
   5.3792430e+06   3.4912109e+01
   5.4209910e+06   3.2165527e+01
   5.4263180e+06   3.2043457e+01
   5.4511860e+06   3.2104492e+01
   5.4665600e+06   3.2836914e+01
   5.4983900e+06   3.2104492e+01
   5.5081910e+06   3.4179688e+01
   5.6765280e+06   3.3142090e+01
   5.7175210e+06   3.2775879e+01
   5.7399710e+06   3.5095215e+01
   5.7719290e+06   3.4301758e+01
   5.7872200e+06   3.2897949e+01
   5.8018570e+06   3.5339355e+01
   5.8890630e+06   3.5461426e+01
   5.9037700e+06   3.3447266e+01
   5.9413490e+06   3.5644531e+01
   5.9893990e+06   3.2226562e+01
   6.1839360e+06   3.3508301e+01
   6.2994950e+06   3.2775879e+01
   6.4997940e+06   3.7719727e+01
   6.6511810e+06   3.2897949e+01
   6.7616950e+06   4.0283203e+01
   6.7619510e+06   3.6499023e+01
   6.8932740e+06   4.1076660e+01
   6.8933250e+06   3.5339355e+01
   6.8933410e+06   7.8796387e+01
   6.8933650e+06   3.9550781e+01
   6.8933750e+06   5.6457520e+01
   6.8933970e+06   1.1352539e+02
   6.8934090e+06   8.0566406e+01
   6.8934360e+06   1.0101318e+02
   6.8934640e+06   4.9011230e+01
   6.8934900e+06   4.3151855e+01
   6.8935070e+06   4.4738770e+01
   6.8935210e+06   4.6752930e+01
   6.8935450e+06   5.9997559e+01
   6.8935590e+06   3.7536621e+01
   6.8935720e+06   4.1625977e+01
   6.8935940e+06   5.1025391e+01
   6.8936120e+06   3.8208008e+01
   6.8936290e+06   4.2419434e+01
   6.8936490e+06   4.4067383e+01
   6.8936830e+06   3.3264160e+01
   6.8937020e+06   3.3508301e+01
   6.8937670e+06   3.3325195e+01
   6.8938180e+06   4.3151855e+01
   6.8938310e+06   4.3029785e+01
   6.8939520e+06   3.5217285e+01
   6.8939940e+06   3.4423828e+01
   6.8941610e+06   3.8940430e+01
   6.8941730e+06   3.3142090e+01
   6.9095330e+06   3.2653809e+01
   6.9133010e+06   3.5705566e+01
   6.9193350e+06   3.3874512e+01
   6.9194000e+06   3.9062500e+01
   6.9194190e+06   4.5776367e+01
   6.9194550e+06   3.2714844e+01
   6.9194880e+06   3.6499023e+01
   6.9195190e+06   4.0222168e+01
   6.9195470e+06   4.4311523e+01
   6.9195600e+06   4.9682617e+01
   6.9195800e+06   3.3630371e+01
   6.9196170e+06   5.0720215e+01
   6.9196280e+06   3.5034180e+01
   6.9196810e+06   4.4616699e+01
   6.9196930e+06   4.1259766e+01
   6.9197140e+06   3.3264160e+01
   6.9197420e+06   3.4240723e+01
   6.9197620e+06   3.3386230e+01
   6.9199450e+06   3.5522461e+01
   6.9199960e+06   3.4240723e+01
   6.9200930e+06   3.8635254e+01
   6.9201650e+06   3.4118652e+01
   6.9204000e+06   3.3203125e+01
   6.9353670e+06   3.3325195e+01
   6.9353940e+06   4.0527344e+01
   6.9354450e+06   6.3903809e+01
   6.9354640e+06   5.1818848e+01
   6.9354790e+06   4.1503906e+01
   6.9354920e+06   4.1625977e+01
   6.9355360e+06   4.2541504e+01
   6.9355470e+06   5.6457520e+01
   6.9355650e+06   4.4250488e+01
   6.9356090e+06   4.9194336e+01
   6.9356390e+06   4.3762207e+01
   6.9356610e+06   5.1208496e+01
   6.9356740e+06   4.0466309e+01
   6.9356960e+06   5.0781250e+01
   6.9357490e+06   4.0588379e+01
   6.9357670e+06   4.2236328e+01
   6.9357820e+06   3.3935547e+01
   6.9358010e+06   5.1208496e+01
   6.9358110e+06   3.6865234e+01
   6.9358650e+06   4.0710449e+01
   6.9358880e+06   4.0771484e+01
   6.9358990e+06   3.5095215e+01
   6.9361100e+06   3.3996582e+01
   6.9361960e+06   3.9794922e+01
   6.9364140e+06   3.2836914e+01
   6.9498770e+06   3.3020020e+01
   6.9499250e+06   3.4606934e+01
   6.9499690e+06   5.5969238e+01
   6.9499870e+06   3.5888672e+01
   6.9500100e+06   4.9987793e+01
   6.9500310e+06   3.5095215e+01
   6.9500630e+06   3.7719727e+01
   6.9500880e+06   4.4555664e+01
   6.9501180e+06   4.4921875e+01
   6.9502040e+06   4.9133301e+01
   6.9502200e+06   4.3518066e+01
   6.9502650e+06   4.0893555e+01
   6.9502870e+06   3.2775879e+01
   6.9503360e+06   3.8452148e+01
   6.9504640e+06   3.6682129e+01
   6.9505250e+06   3.6132812e+01
   6.9670290e+06   4.8828125e+01
   6.9670420e+06   6.4453125e+01
   6.9670640e+06   5.9082031e+01
   6.9670770e+06   7.9833984e+01
   6.9670990e+06   5.2551270e+01
   6.9671260e+06   5.1940918e+01
   6.9671520e+06   6.9152832e+01
   6.9671690e+06   6.2316895e+01
   6.9671830e+06   5.2429199e+01
   6.9671960e+06   5.2124023e+01
   6.9672230e+06   3.8330078e+01
   6.9672350e+06   4.4006348e+01
   6.9672720e+06   5.1635742e+01
   6.9672980e+06   3.9550781e+01
   6.9673140e+06   3.7353516e+01
   6.9673460e+06   3.9428711e+01
   6.9673700e+06   4.5654297e+01
   6.9674070e+06   5.9509277e+01
   6.9674190e+06   3.6682129e+01
   6.9675650e+06   3.3996582e+01
   6.9680240e+06   3.7414551e+01
   6.9685990e+06   3.3935547e+01
   6.9889470e+06   4.0588379e+01
   6.9889780e+06   4.7424316e+01
   6.9890070e+06   6.6528320e+01
   6.9890400e+06   5.2917480e+01
   6.9890630e+06   4.7912598e+01
   6.9891000e+06   4.1870117e+01
   6.9891220e+06   3.8269043e+01
   6.9891580e+06   5.1513672e+01
   6.9891770e+06   3.7109375e+01
   6.9892050e+06   4.7668457e+01
   6.9892380e+06   3.5888672e+01
   6.9892540e+06   3.7536621e+01
   6.9892840e+06   4.9560547e+01
   6.9893540e+06   3.2897949e+01
   6.9893870e+06   3.7231445e+01
   6.9894390e+06   4.1442871e+01
   6.9894630e+06   3.3752441e+01
   6.9894900e+06   3.5766602e+01
   6.9896270e+06   3.5278320e+01
   7.0100730e+06   4.8706055e+01
   7.0100830e+06   4.1015625e+01
   7.0101210e+06   7.0434570e+01
   7.0101320e+06   5.7983398e+01
   7.0101540e+06   5.0781250e+01
   7.0101870e+06   6.1767578e+01
   7.0102080e+06   5.7983398e+01
   7.0102280e+06   4.4250488e+01
   7.0102400e+06   5.0903320e+01
   7.0102730e+06   3.4362793e+01
   7.0103200e+06   5.8227539e+01
   7.0103370e+06   3.7841797e+01
   7.0103520e+06   3.2714844e+01
   7.0103680e+06   3.8696289e+01
   7.0103830e+06   3.6560059e+01
   7.0104140e+06   3.7109375e+01
   7.0104450e+06   3.3325195e+01
   7.0104790e+06   3.6621094e+01
   7.0104960e+06   3.6071777e+01
   7.0105620e+06   3.2897949e+01
   7.0105920e+06   3.3691406e+01
   7.0286820e+06   3.6315918e+01
   7.0287100e+06   3.5095215e+01
   7.0287540e+06   3.2653809e+01
   7.0287750e+06   5.0964355e+01
   7.0288040e+06   5.0231934e+01
   7.0288230e+06   3.5949707e+01
   7.0288590e+06   4.1381836e+01
   7.0288720e+06   3.3569336e+01
   7.0289000e+06   3.5156250e+01
   7.0289980e+06   3.3630371e+01
   7.0290530e+06   3.4057617e+01
   7.0473620e+06   3.3691406e+01
   7.0473980e+06   4.4067383e+01
   7.0474110e+06   6.0607910e+01
   7.0474270e+06   6.0668945e+01
   7.0474530e+06   5.5419922e+01
   7.0474800e+06   3.7292480e+01
   7.0475010e+06   5.2734375e+01
   7.0475110e+06   6.5673828e+01
   7.0475430e+06   4.8522949e+01
   7.0475870e+06   3.3447266e+01
   7.0476210e+06   5.7067871e+01
   7.0476400e+06   4.7241211e+01
   7.0476690e+06   4.0039063e+01
   7.0477650e+06   3.8330078e+01
   7.0479080e+06   3.2897949e+01
   7.0480020e+06   3.9306641e+01
   7.0481380e+06   3.2897949e+01
   7.0679770e+06   4.4433594e+01
   7.0680210e+06   3.4179688e+01
   7.0680490e+06   3.7170410e+01
   7.0680620e+06   5.2673340e+01
   7.0681150e+06   3.4973145e+01
   7.0682180e+06   3.7658691e+01
   7.0682300e+06   5.7312012e+01
   7.0682760e+06   4.4006348e+01
   7.0683190e+06   4.7180176e+01
   7.0683620e+06   4.9316406e+01
   7.0683840e+06   3.2958984e+01
   7.0684740e+06   3.6315918e+01
   7.0684870e+06   3.7475586e+01
   7.0685710e+06   3.4240723e+01
   7.0911370e+06   3.6132813e+01
   7.0911700e+06   4.8706055e+01
   7.0912090e+06   7.2448730e+01
   7.0912350e+06   4.6508789e+01
   7.0912570e+06   7.1655273e+01
   7.0912860e+06   5.4626465e+01
   7.0913000e+06   5.1086426e+01
   7.0913240e+06   5.9936523e+01
   7.0913400e+06   4.4067383e+01
   7.0913670e+06   3.9367676e+01
   7.0914060e+06   4.2541504e+01
   7.0914260e+06   4.6264648e+01
   7.0914410e+06   3.3691406e+01
   7.0914550e+06   3.7231445e+01
   7.0914690e+06   4.0771484e+01
   7.0915040e+06   3.2836914e+01
   7.0915200e+06   3.6254883e+01
   7.0915320e+06   3.6987305e+01
   7.0915560e+06   3.5522461e+01
   7.0915790e+06   3.3203125e+01
   7.0916990e+06   3.6193848e+01
   7.0917230e+06   3.3142090e+01
   7.0917380e+06   3.4667969e+01
   7.0919350e+06   3.2592773e+01
   7.0920140e+06   3.9306641e+01
   7.0920880e+06   3.5583496e+01
   7.1133450e+06   3.4729004e+01
   7.1133720e+06   3.3264160e+01
   7.1133980e+06   5.2551270e+01
   7.1134310e+06   6.0729980e+01
   7.1134440e+06   3.6437988e+01
   7.1134740e+06   3.6437988e+01
   7.1134860e+06   3.9184570e+01
   7.1135070e+06   4.5288086e+01
   7.1135310e+06   5.3161621e+01
   7.1135550e+06   3.4912109e+01
   7.1135790e+06   4.4860840e+01
   7.1136230e+06   4.4738770e+01
   7.1136460e+06   3.6254883e+01
   7.1136580e+06   3.6315918e+01
   7.1136840e+06   3.3508301e+01
   7.1137040e+06   3.5034180e+01
   7.1137330e+06   3.4118652e+01
   7.1137700e+06   3.8696289e+01
   7.1137830e+06   3.9245605e+01
   7.1138500e+06   4.1687012e+01
   7.1139240e+06   3.7414551e+01
   7.1145000e+06   3.7963867e+01
   7.1382340e+06   3.2714844e+01
   7.1383000e+06   3.9184570e+01
   7.1383100e+06   3.6865234e+01
   7.1383450e+06   6.7993164e+01
   7.1383570e+06   5.9753418e+01
   7.1383770e+06   4.9682617e+01
   7.1383940e+06   3.4362793e+01
   7.1384160e+06   7.2326660e+01
   7.1384580e+06   4.7851563e+01
   7.1384960e+06   5.7128906e+01
   7.1385060e+06   5.4382324e+01
   7.1385370e+06   4.9438477e+01
   7.1385650e+06   4.5959473e+01
   7.1385870e+06   5.2856445e+01
   7.1386020e+06   4.5532227e+01
   7.1387100e+06   3.6315918e+01
   7.1387220e+06   3.9978027e+01
   7.1387620e+06   3.5095215e+01
   7.1387740e+06   3.4484863e+01
   7.1388130e+06   4.4616699e+01
   7.1388680e+06   4.1320801e+01
   7.1389280e+06   3.8269043e+01
   7.1389600e+06   3.5156250e+01
   7.1390960e+06   3.7841797e+01
   7.1411300e+06   3.3752441e+01
   7.1642240e+06   4.3762207e+01
   7.1642430e+06   3.6193848e+01
   7.1642720e+06   4.1503906e+01
   7.1642910e+06   8.1665039e+01
   7.1643030e+06   4.3640137e+01
   7.1643200e+06   3.9184570e+01
   7.1643340e+06   5.0598145e+01
   7.1643510e+06   3.9611816e+01
   7.1643740e+06   4.8583984e+01
   7.1643930e+06   3.4484863e+01
   7.1644080e+06   4.2724609e+01
   7.1644340e+06   6.2438965e+01
   7.1644620e+06   3.5339355e+01
   7.1644790e+06   4.7363281e+01
   7.1644960e+06   3.6621094e+01
   7.1645360e+06   3.8757324e+01
   7.1645680e+06   3.8085938e+01
   7.1645870e+06   3.4179688e+01
   7.1646620e+06   3.3813477e+01
   7.1647210e+06   3.3508301e+01
   7.1647420e+06   3.3386230e+01
   7.1647700e+06   3.5461426e+01
   7.1649790e+06   3.8513184e+01
   7.1651910e+06   3.4484863e+01
   7.1655550e+06   3.6621094e+01
   7.1869500e+06   3.9489746e+01
   7.1869640e+06   3.3630371e+01
   7.1870010e+06   5.2429199e+01
   7.1870170e+06   5.9509277e+01
   7.1870350e+06   3.7536621e+01
   7.1870550e+06   9.8266602e+01
   7.1870700e+06   3.3020020e+01
   7.1870970e+06   3.3996582e+01
   7.1871070e+06   6.0607910e+01
   7.1871240e+06   4.9865723e+01
   7.1871380e+06   4.4006348e+01
   7.1871500e+06   4.0832520e+01
   7.1871610e+06   4.0344238e+01
   7.1871800e+06   4.2480469e+01
   7.1871910e+06   3.6621094e+01
   7.1872210e+06   3.7902832e+01
   7.1872310e+06   5.6701660e+01
   7.1872600e+06   5.7678223e+01
   7.1872840e+06   4.5166016e+01
   7.1873130e+06   3.2714844e+01
   7.1873280e+06   4.0283203e+01
   7.1873870e+06   4.1564941e+01
   7.1874210e+06   4.8828125e+01
   7.1874490e+06   3.3325195e+01
   7.1874740e+06   4.0344238e+01
   7.1875060e+06   3.3447266e+01
   7.1875470e+06   3.3935547e+01
   7.1876670e+06   3.6682129e+01
   7.1878660e+06   3.5705566e+01
   7.2114620e+06   3.3813477e+01
   7.2115000e+06   3.7536621e+01
   7.2115290e+06   7.0678711e+01
   7.2115440e+06   7.7758789e+01
   7.2115730e+06   4.1931152e+01
   7.2115900e+06   4.6569824e+01
   7.2116060e+06   4.0710449e+01
   7.2116160e+06   3.7170410e+01
   7.2116410e+06   4.9377441e+01
   7.2116530e+06   4.3945312e+01
   7.2116830e+06   7.7697754e+01
   7.2117170e+06   4.9499512e+01
   7.2117370e+06   4.8950195e+01
   7.2117550e+06   3.3020020e+01
   7.2117740e+06   3.3386230e+01
   7.2118000e+06   4.1442871e+01
   7.2118170e+06   4.2724609e+01
   7.2118300e+06   4.2724609e+01
   7.2118520e+06   3.3691406e+01
   7.2119170e+06   4.6752930e+01
   7.2119380e+06   4.2236328e+01
   7.2119570e+06   4.5104980e+01
   7.2119970e+06   3.9367676e+01
   7.2120410e+06   3.6804199e+01
   7.2344840e+06   4.4799805e+01
   7.2345160e+06   5.2429199e+01
   7.2345260e+06   4.2297363e+01
   7.2345560e+06   5.5236816e+01
   7.2345730e+06   3.6437988e+01
   7.2346480e+06   3.9306641e+01
   7.2346810e+06   5.0109863e+01
   7.2346940e+06   4.5043945e+01
   7.2347260e+06   4.3151855e+01
   7.2347580e+06   5.0903320e+01
   7.2347780e+06   4.2114258e+01
   7.2348180e+06   3.3508301e+01
   7.2348470e+06   5.1574707e+01
   7.2348790e+06   4.4555664e+01
   7.2348960e+06   3.9733887e+01
   7.2349270e+06   3.6804199e+01
   7.2349750e+06   4.4982910e+01
   7.2349860e+06   3.7841797e+01
   7.2350070e+06   3.7292480e+01
   7.2350270e+06   3.2653809e+01
   7.2563350e+06   4.7302246e+01
   7.2563760e+06   6.2866211e+01
   7.2563950e+06   4.2907715e+01
   7.2564180e+06   3.9367676e+01
   7.2564360e+06   4.1137695e+01
   7.2564640e+06   3.5522461e+01
   7.2564850e+06   5.1025391e+01
   7.2565130e+06   3.8146973e+01
   7.2565290e+06   3.7658691e+01
   7.2565630e+06   3.6376953e+01
   7.2565760e+06   3.2836914e+01
   7.2566270e+06   3.8085938e+01
   7.2566400e+06   3.6193848e+01
   7.2566710e+06   3.6376953e+01
   7.2566910e+06   6.6162109e+01
   7.2567130e+06   3.7475586e+01
   7.2567560e+06   3.7780762e+01
   7.2567750e+06   4.5104980e+01
   7.2568070e+06   3.3142090e+01
   7.2568410e+06   3.5522461e+01
   7.2570300e+06   3.2775879e+01
   7.2571020e+06   3.3691406e+01
   7.2845780e+06   4.1442871e+01
   7.2845970e+06   3.9428711e+01
   7.2846260e+06   8.2336426e+01
   7.2846450e+06   5.1574707e+01
   7.2846590e+06   4.5043945e+01
   7.2846780e+06   5.4260254e+01
   7.2847010e+06   4.9255371e+01
   7.2847180e+06   5.3222656e+01
   7.2847360e+06   3.5034180e+01
   7.2847670e+06   3.4545898e+01
   7.2847810e+06   4.7790527e+01
   7.2848140e+06   3.8085938e+01
   7.2848340e+06   4.7668457e+01
   7.2848630e+06   6.0913086e+01
   7.2848820e+06   4.9011230e+01
   7.2849020e+06   4.5837402e+01
   7.2849120e+06   4.3823242e+01
   7.2849350e+06   5.0170898e+01
   7.2849530e+06   4.7302246e+01
   7.2849920e+06   3.3935547e+01
   7.2850130e+06   3.4301758e+01
   7.2850790e+06   3.2653809e+01
   7.2852020e+06   3.2775879e+01
   7.2854290e+06   3.4362793e+01
   7.2855960e+06   3.5522461e+01
   7.3183260e+06   5.5664063e+01
   7.3183490e+06   5.9448242e+01
   7.3183800e+06   5.3039551e+01
   7.3183980e+06   3.4057617e+01
   7.3184220e+06   4.6752930e+01
   7.3184490e+06   3.9245605e+01
   7.3184670e+06   3.7597656e+01
   7.3184850e+06   5.0720215e+01
   7.3185000e+06   7.6110840e+01
   7.3185330e+06   4.3151855e+01
   7.3185710e+06   3.4423828e+01
   7.3185920e+06   4.9865723e+01
   7.3186120e+06   5.5541992e+01
   7.3186270e+06   4.0466309e+01
   7.3186420e+06   3.8757324e+01
   7.3186560e+06   5.4504395e+01
   7.3186730e+06   3.4179688e+01
   7.3186830e+06   3.6865234e+01
   7.3187010e+06   3.4667969e+01
   7.3187240e+06   5.4321289e+01
   7.3187850e+06   3.5461426e+01
   7.3188840e+06   3.6071777e+01
   7.3525100e+06   3.7109375e+01
   7.3525690e+06   3.2958984e+01
   7.3525960e+06   5.5969238e+01
   7.3526170e+06   3.9672852e+01
   7.3526300e+06   4.8339844e+01
   7.3526520e+06   5.0659180e+01
   7.3526770e+06   4.2480469e+01
   7.3526890e+06   5.2185059e+01
   7.3527120e+06   5.1818848e+01
   7.3527300e+06   4.8278809e+01
   7.3527650e+06   6.0058594e+01
   7.3527860e+06   5.4992676e+01
   7.3528030e+06   3.8085938e+01
   7.3528260e+06   3.3569336e+01
   7.3528500e+06   4.5715332e+01
   7.3528720e+06   3.4057617e+01
   7.3528940e+06   3.7353516e+01
   7.3529310e+06   3.9306641e+01
   7.3529490e+06   3.6193848e+01
   7.3529860e+06   3.4545898e+01
   7.3530060e+06   3.7170410e+01
   7.3530370e+06   3.8818359e+01
   7.3530480e+06   3.4729004e+01
   7.3530980e+06   3.8452148e+01
   7.3531600e+06   3.5827637e+01
   7.3532430e+06   3.6193848e+01
   7.3534790e+06   3.3081055e+01
   7.3537860e+06   3.3081055e+01
   7.3733570e+06   4.0588379e+01
   7.3733860e+06   3.6437988e+01
   7.3734160e+06   4.8400879e+01
   7.3734440e+06   3.8818359e+01
   7.3734670e+06   5.4992676e+01
   7.3735050e+06   4.7058105e+01
   7.3735370e+06   3.9489746e+01
   7.3735670e+06   5.6579590e+01
   7.3735930e+06   3.7414551e+01
   7.3736430e+06   4.7363281e+01
   7.3736650e+06   3.3813477e+01
   7.3737260e+06   3.9001465e+01
   7.3737690e+06   4.0405273e+01
   7.3996510e+06   3.4912109e+01
   7.3996750e+06   4.1564941e+01
   7.3996940e+06   4.4372559e+01
   7.3997350e+06   3.5217285e+01
   7.3997570e+06   4.9377441e+01
   7.3997920e+06   4.5043945e+01
   7.3998050e+06   4.7729492e+01
   7.3998300e+06   5.7495117e+01
   7.3998470e+06   4.0100098e+01
   7.3998750e+06   3.9428711e+01
   7.3999190e+06   3.4423828e+01
   7.3999290e+06   3.9611816e+01
   7.3999540e+06   7.5988770e+01
   7.3999770e+06   4.1137695e+01
   7.3999890e+06   4.9743652e+01
   7.4000530e+06   4.6081543e+01
   7.4000690e+06   5.1086426e+01
   7.4001220e+06   3.3508301e+01
   7.4001340e+06   3.6560059e+01
   7.4001460e+06   4.9621582e+01
   7.4001810e+06   3.4179688e+01
   7.4002020e+06   3.9978027e+01
   7.4002120e+06   4.0649414e+01
   7.4002560e+06   3.9245605e+01
   7.4003390e+06   3.4729004e+01
   7.4003640e+06   4.0588379e+01
   7.4005490e+06   4.0466309e+01
   7.4221860e+06   3.9001465e+01
   7.4222240e+06   4.2175293e+01
   7.4222450e+06   5.9570312e+01
   7.4222720e+06   5.8105469e+01
   7.4222840e+06   4.2297363e+01
   7.4222980e+06   4.9011230e+01
   7.4223160e+06   5.7312012e+01
   7.4223410e+06   3.5583496e+01
   7.4223510e+06   3.9672852e+01
   7.4223770e+06   3.8452148e+01
   7.4223990e+06   3.2897949e+01
   7.4224200e+06   3.5339355e+01
   7.4224480e+06   4.1076660e+01
   7.4224730e+06   3.7109375e+01
   7.4224920e+06   5.7983398e+01
   7.4225100e+06   4.7546387e+01
   7.4225360e+06   4.3090820e+01
   7.4225580e+06   4.0283203e+01
   7.4225960e+06   4.6325684e+01
   7.4226160e+06   4.3029785e+01
   7.4226670e+06   3.4912109e+01
   7.4226800e+06   3.5095215e+01
   7.4226980e+06   3.8330078e+01
   7.4227920e+06   3.2592773e+01
   7.4228360e+06   3.3081055e+01
   7.4228810e+06   3.3874512e+01
   7.4483290e+06   4.4250488e+01
   7.4483540e+06   3.6865234e+01
   7.4483850e+06   3.6193848e+01
   7.4484310e+06   7.0129395e+01
   7.4484440e+06   3.9611816e+01
   7.4484590e+06   6.6650391e+01
   7.4484870e+06   5.1452637e+01
   7.4485150e+06   3.9672852e+01
   7.4485370e+06   3.4057617e+01
   7.4485530e+06   3.6193848e+01
   7.4485780e+06   3.9306641e+01
   7.4486070e+06   3.2836914e+01
   7.4486390e+06   3.4973145e+01
   7.4486590e+06   4.3457031e+01
   7.4486870e+06   5.3588867e+01
   7.4487140e+06   4.5043945e+01
   7.4487320e+06   3.6621094e+01
   7.4487520e+06   3.5339355e+01
   7.4487810e+06   3.2836914e+01
   7.4487960e+06   3.8330078e+01
   7.4488230e+06   3.7231445e+01
   7.4489080e+06   3.3996582e+01
   7.4489270e+06   3.7536621e+01
   7.4489720e+06   3.7231445e+01
   7.4693420e+06   3.3569336e+01
   7.4693610e+06   5.2001953e+01
   7.4693850e+06   4.2541504e+01
   7.4694100e+06   4.6264648e+01
   7.4694280e+06   5.1635742e+01
   7.4694460e+06   3.6804199e+01
   7.4694660e+06   3.8452148e+01
   7.4695200e+06   4.4738770e+01
   7.4695530e+06   3.2897949e+01
   7.4695710e+06   4.3945312e+01
   7.4695970e+06   3.5766602e+01
   7.4696100e+06   5.3710937e+01
   7.4696590e+06   3.5583496e+01
   7.4696860e+06   3.9672852e+01
   7.4697300e+06   3.8818359e+01
   7.4697490e+06   3.7902832e+01
   7.4697640e+06   3.4240723e+01
   7.4698060e+06   3.7536621e+01
   7.4699290e+06   3.5644531e+01
   7.5058770e+06   3.7963867e+01
   7.5059050e+06   4.1992188e+01
   7.5059170e+06   7.3425293e+01
   7.5059500e+06   3.6987305e+01
   7.5059620e+06   7.6721191e+01
   7.5059870e+06   4.2602539e+01
   7.5060110e+06   4.3457031e+01
   7.5060360e+06   4.1931152e+01
   7.5060640e+06   6.9335938e+01
   7.5060920e+06   4.0527344e+01
   7.5061040e+06   7.5439453e+01
   7.5061280e+06   5.6762695e+01
   7.5061530e+06   5.7617188e+01
   7.5061840e+06   3.9062500e+01
   7.5062550e+06   5.8654785e+01
   7.5062990e+06   5.1147461e+01
   7.5063420e+06   3.8940430e+01
   7.5063800e+06   3.9733887e+01
   7.5063970e+06   3.3996582e+01
   7.5064310e+06   3.9550781e+01
   7.5064860e+06   3.8024902e+01
   7.5348950e+06   3.4057617e+01
   7.5349410e+06   3.7109375e+01
   7.5349660e+06   3.2897949e+01
   7.5349880e+06   3.3752441e+01
   7.5350110e+06   3.3386230e+01
   7.5350260e+06   4.4128418e+01
   7.5350520e+06   4.9255371e+01
   7.5350860e+06   4.3334961e+01
   7.5351410e+06   3.8757324e+01
   7.5351750e+06   5.5603027e+01
   7.5352090e+06   4.5349121e+01
   7.5352390e+06   4.8950195e+01
   7.5352490e+06   4.0039062e+01
   7.5352880e+06   4.5471191e+01
   7.5353420e+06   3.7658691e+01
   7.5353700e+06   3.6071777e+01
   7.5353870e+06   4.4738770e+01
   7.5353990e+06   4.5043945e+01
   7.5354160e+06   3.9855957e+01
   7.5354530e+06   3.4851074e+01
   7.5354760e+06   3.5583496e+01
   7.5355710e+06   3.5156250e+01
   7.5358060e+06   3.6132812e+01
   7.5596270e+06   3.4912109e+01
   7.5596700e+06   4.2663574e+01
   7.5596880e+06   4.9560547e+01
   7.5597110e+06   4.6997070e+01
   7.5597280e+06   5.7617188e+01
   7.5597390e+06   3.3752441e+01
   7.5597640e+06   6.9152832e+01
   7.5597880e+06   3.6254883e+01
   7.5598100e+06   4.1320801e+01
   7.5598280e+06   3.6315918e+01
   7.5598490e+06   4.7668457e+01
   7.5598770e+06   3.2653809e+01
   7.5599030e+06   4.6386719e+01
   7.5599270e+06   4.3640137e+01
   7.5599400e+06   3.5644531e+01
   7.5599900e+06   4.0954590e+01
   7.5600180e+06   3.4179688e+01
   7.5600570e+06   4.3884277e+01
   7.5601370e+06   3.5156250e+01
   7.5601570e+06   3.7231445e+01
   7.5602180e+06   3.3813477e+01
   7.5919070e+06   3.2653809e+01
   7.5919570e+06   4.0466309e+01
   7.5919870e+06   3.6315918e+01
   7.5920090e+06   4.5593262e+01
   7.5920460e+06   3.3935547e+01
   7.5920620e+06   3.7292480e+01
   7.5920830e+06   3.4423828e+01
   7.5920960e+06   6.1828613e+01
   7.5921460e+06   4.4616699e+01
   7.5921660e+06   3.2775879e+01
   7.5922020e+06   3.5827637e+01
   7.5922460e+06   3.6682129e+01
   7.5922760e+06   5.3588867e+01
   7.5923080e+06   3.6132812e+01
   7.5923240e+06   3.6743164e+01
   7.5923610e+06   3.6682129e+01
   7.5923880e+06   4.4555664e+01
   7.5924270e+06   3.6010742e+01
   7.5924730e+06   3.7902832e+01
   7.5924850e+06   3.3020020e+01
   7.6197160e+06   3.7109375e+01
   7.6197680e+06   4.5043945e+01
   7.6198020e+06   3.4851074e+01
   7.6198180e+06   3.6804199e+01
   7.6198640e+06   3.6437988e+01
   7.6198770e+06   3.2714844e+01
   7.6199010e+06   4.4555664e+01
   7.6199440e+06   3.3264160e+01
   7.6199590e+06   3.3874512e+01
   7.6199790e+06   3.3691406e+01
   7.6199890e+06   3.9306641e+01
   7.6200350e+06   4.8767090e+01
   7.6201290e+06   3.9611816e+01
   7.6201620e+06   3.2836914e+01
   7.6201960e+06   3.2714844e+01
   7.6558670e+06   3.4851074e+01
   7.6558850e+06   4.2053223e+01
   7.6559270e+06   4.0771484e+01
   7.6559690e+06   4.3273926e+01
   7.6559990e+06   5.0109863e+01
   7.6560150e+06   4.2663574e+01
   7.6560380e+06   3.8940430e+01
   7.6560770e+06   8.3007812e+01
   7.6561050e+06   3.2897949e+01
   7.6561150e+06   5.8410645e+01
   7.6561820e+06   4.1137695e+01
   7.6562410e+06   4.3029785e+01
   7.6562860e+06   3.6560059e+01
   7.6563030e+06   3.7353516e+01
   7.6563860e+06   3.9062500e+01
   7.6802540e+06   3.2775879e+01
   7.6802690e+06   3.6254883e+01
   7.6803030e+06   4.4067383e+01
   7.6803160e+06   3.2775879e+01
   7.6803910e+06   3.7353516e+01
   7.6804930e+06   3.5522461e+01
   7.6805570e+06   3.5278320e+01
   7.6805850e+06   3.6010742e+01
   7.6806660e+06   3.7658691e+01
   7.6807310e+06   3.4790039e+01
   9.0397410e+06   4.7058105e+01
   9.0398950e+06   3.6621094e+01
   9.0586530e+06   3.3203125e+01
   9.1626770e+06   3.3142090e+01
   9.1787420e+06   3.5278320e+01
   9.2968390e+06   3.3508301e+01
   9.3029280e+06   3.3081055e+01
   9.4964430e+06   3.5156250e+01
   9.4966010e+06   3.6621094e+01
   9.5028220e+06   3.3447266e+01
   9.5279140e+06   3.4362793e+01
   9.5958470e+06   3.4606934e+01
   9.5959460e+06   3.5156250e+01
   9.6698370e+06   3.3325195e+01
   9.6699370e+06   3.6193848e+01
   9.6709540e+06   3.3935547e+01
   9.6792580e+06   3.2775879e+01
   9.6930490e+06   3.7658691e+01
   9.7198010e+06   3.5827637e+01
   9.7743380e+06   3.2775879e+01
   9.7744490e+06   3.2714844e+01
   9.8511800e+06   3.4423828e+01
   9.8912420e+06   3.3935547e+01
   9.9032800e+06   3.3569336e+01
   9.9139010e+06   3.3020020e+01
   9.9180270e+06   3.3203125e+01
   9.9462120e+06   3.4118652e+01
   9.9858530e+06   3.6437988e+01
   9.9939960e+06   4.1442871e+01
   1.0004072e+07   3.8024902e+01
   1.0031325e+07   4.1748047e+01
   1.0045138e+07   3.4667969e+01
   1.0053479e+07   3.5949707e+01
   1.0053602e+07   3.3508301e+01
   1.0054657e+07   5.9265137e+01
   1.0066089e+07   3.2958984e+01
   1.0066172e+07   3.5522461e+01
   1.0066415e+07   3.5095215e+01
   1.0066546e+07   3.3081055e+01
   1.0079409e+07   3.9184570e+01
   1.0079638e+07   3.3142090e+01
   1.0079653e+07   3.3752441e+01
   1.0079814e+07   5.2307129e+01
   1.0091643e+07   4.0893555e+01
   1.0091751e+07   3.8024902e+01
   1.0091781e+07   3.3508301e+01
   1.0091861e+07   5.8593750e+01
   1.0092156e+07   4.9194336e+01
   1.0103475e+07   3.3691406e+01
   1.0103749e+07   5.1940918e+01
   1.0109129e+07   3.3996582e+01
   1.0109368e+07   5.6213379e+01
   1.0124855e+07   3.4851074e+01
   1.0124893e+07   5.2978516e+01
   1.0124927e+07   4.2663574e+01
   1.0124989e+07   3.7292480e+01
   1.0125017e+07   3.9794922e+01
   1.0125218e+07   3.3935547e+01
   1.0135000e+07   3.4362793e+01
   1.0135010e+07   4.9743652e+01
   1.0135129e+07   4.2114258e+01
   1.0135146e+07   4.0222168e+01
   1.0135173e+07   5.4565430e+01
   1.0135202e+07   3.3081055e+01
   1.0135481e+07   4.3029785e+01
   1.0147418e+07   3.6010742e+01
   1.0147480e+07   3.3264160e+01
   1.0147493e+07   4.1809082e+01
   1.0147563e+07   4.2358398e+01
   1.0147596e+07   4.3823242e+01
   1.0147678e+07   7.3730469e+01
   1.0147787e+07   3.3081055e+01
   1.0147863e+07   3.5949707e+01
   1.0158355e+07   3.5705566e+01
   1.0158530e+07   6.2500000e+01
   1.0158613e+07   3.6926270e+01
   1.0158637e+07   4.6081543e+01
   1.0158749e+07   4.1137695e+01
   1.0158982e+07   4.6020508e+01
   1.0183007e+07   3.7231445e+01
   1.0183051e+07   3.2836914e+01
   1.0183070e+07   3.6804199e+01
   1.0183091e+07   6.6467285e+01
   1.0183114e+07   3.2836914e+01
   1.0183165e+07   3.3325195e+01
   1.0183244e+07   5.4016113e+01
   1.0183350e+07   3.4484863e+01
   1.0183750e+07   3.4545898e+01
   1.0191030e+07   3.4973145e+01
   1.0213389e+07   3.6926270e+01
   1.0213492e+07   6.3964844e+01
   1.0213514e+07   3.8330078e+01
   1.0213597e+07   4.3457031e+01
   1.0213757e+07   3.9733887e+01
   1.0239471e+07   3.7414551e+01
   1.0239576e+07   5.4016113e+01
   1.0239586e+07   3.3691406e+01
   1.0239625e+07   3.8024902e+01
   1.0239721e+07   5.1940918e+01
   1.0239947e+07   4.5471191e+01
   1.0280135e+07   3.4301758e+01
   1.0280221e+07   3.3325195e+01
   1.0280260e+07   5.9509277e+01
   1.0280284e+07   3.6804199e+01
   1.0280321e+07   3.9367676e+01
   1.0280468e+07   3.5888672e+01
   1.0280564e+07   4.7546387e+01
   1.0292797e+07   4.1748047e+01
   1.0292957e+07   3.4729004e+01
   1.0299418e+07   3.6132812e+01
   1.0299532e+07   4.9621582e+01
   1.0299740e+07   5.1757812e+01
   1.0299915e+07   3.5095215e+01
   1.0310701e+07   3.7841797e+01
   1.0310773e+07   3.9123535e+01
   1.0310799e+07   4.3945312e+01
   1.0310817e+07   5.7495117e+01
   1.0310833e+07   4.7363281e+01
   1.0310843e+07   5.4687500e+01
   1.0310853e+07   4.6691895e+01
   1.0310878e+07   6.2011719e+01
   1.0310896e+07   5.9326172e+01
   1.0310911e+07   5.1452637e+01
   1.0310922e+07   5.1269531e+01
   1.0310938e+07   5.8593750e+01
   1.0310957e+07   5.9326172e+01
   1.0311006e+07   8.3190918e+01
   1.0311017e+07   6.1889648e+01
   1.0311038e+07   5.7800293e+01
   1.0311055e+07   4.0161133e+01
   1.0311066e+07   6.3049316e+01
   1.0311091e+07   5.3222656e+01
   1.0311133e+07   3.9978027e+01
   1.0311161e+07   3.4057617e+01
   1.0311186e+07   4.1870117e+01
   1.0311234e+07   4.0954590e+01
   1.0311328e+07   3.6621094e+01
   1.0311350e+07   3.7231445e+01
   1.0311415e+07   3.7841797e+01
   1.0311506e+07   3.5888672e+01
   1.0311547e+07   3.7902832e+01
   1.0311763e+07   3.7536621e+01
   1.0311799e+07   3.3935547e+01
   1.0314788e+07   3.3508301e+01
   1.0329947e+07   3.5522461e+01
   1.0329984e+07   3.2775879e+01
   1.0330032e+07   3.8818359e+01
   1.0330087e+07   3.6254883e+01
   1.0330108e+07   3.8269043e+01
   1.0330168e+07   4.1076660e+01
   1.0330192e+07   3.5644531e+01
   1.0330361e+07   3.9978027e+01
   1.0330424e+07   4.0161133e+01
   1.0330496e+07   4.0893555e+01
   1.0330644e+07   3.5705566e+01
   1.0344997e+07   4.5288086e+01
   1.0345014e+07   3.3813477e+01
   1.0345026e+07   4.7851562e+01
   1.0345054e+07   6.8054199e+01
   1.0345067e+07   5.4992676e+01
   1.0345078e+07   4.7485352e+01
   1.0345116e+07   5.6396484e+01
   1.0345151e+07   3.9611816e+01
   1.0345161e+07   3.5949707e+01
   1.0345181e+07   4.1625977e+01
   1.0345215e+07   3.9428711e+01
   1.0345238e+07   4.0527344e+01
   1.0345251e+07   4.1809082e+01
   1.0345314e+07   3.8818359e+01
   1.0345331e+07   4.1259766e+01
   1.0345346e+07   3.7231445e+01
   1.0345413e+07   3.6560059e+01
   1.0345456e+07   3.4423828e+01
   1.0345503e+07   3.5827637e+01
   1.0345559e+07   3.5156250e+01
   1.0345579e+07   3.5400391e+01
   1.0345597e+07   3.6499023e+01
   1.0345649e+07   3.4729004e+01
   1.0345725e+07   3.6987305e+01
   1.0345884e+07   3.5522461e+01
   1.0345989e+07   3.6193848e+01
   1.0346632e+07   3.3203125e+01
   1.0347250e+07   3.2897949e+01
   1.0368633e+07   4.9011230e+01
   1.0368663e+07   5.6579590e+01
   1.0368676e+07   5.9326172e+01
   1.0368701e+07   4.2724609e+01
   1.0368735e+07   4.8767090e+01
   1.0368753e+07   3.4790039e+01
   1.0368773e+07   6.6711426e+01
   1.0368799e+07   4.0466309e+01
   1.0368810e+07   3.5217285e+01
   1.0368830e+07   5.0659180e+01
   1.0368848e+07   6.0241699e+01
   1.0368861e+07   3.6987305e+01
   1.0368886e+07   4.0039062e+01
   1.0368905e+07   4.3945312e+01
   1.0368941e+07   4.3273926e+01
   1.0368977e+07   3.7048340e+01
   1.0369021e+07   3.8330078e+01
   1.0369054e+07   3.5644531e+01
   1.0369092e+07   3.3752441e+01
   1.0369142e+07   3.3630371e+01
   1.0369168e+07   3.9428711e+01
   1.0369233e+07   3.4362793e+01
   1.0369546e+07   3.3996582e+01
   1.0396108e+07   3.6193848e+01
   1.0396148e+07   3.5217285e+01
   1.0396162e+07   3.9489746e+01
   1.0396185e+07   5.8349609e+01
   1.0396200e+07   5.2001953e+01
   1.0396245e+07   4.9133301e+01
   1.0396272e+07   3.6682129e+01
   1.0396289e+07   3.7231445e+01
   1.0396299e+07   4.4860840e+01
   1.0396332e+07   4.7607422e+01
   1.0396350e+07   3.5705566e+01
   1.0396362e+07   3.7597656e+01
   1.0396389e+07   4.3884277e+01
   1.0396416e+07   3.6865234e+01
   1.0396439e+07   3.8757324e+01
   1.0396459e+07   3.6132812e+01
   1.0396470e+07   3.3752441e+01
   1.0396514e+07   3.6560059e+01
   1.0396628e+07   3.4729004e+01
   1.0396652e+07   4.0283203e+01
   1.0396762e+07   3.5522461e+01
   1.0396847e+07   3.6926270e+01
   1.0418851e+07   3.3630371e+01
   1.0418866e+07   3.4179688e+01
   1.0418912e+07   3.5156250e+01
   1.0418943e+07   5.9448242e+01
   1.0418966e+07   3.9123535e+01
   1.0418995e+07   4.8645020e+01
   1.0419019e+07   3.4423828e+01
   1.0419030e+07   4.1687012e+01
   1.0419053e+07   3.4851074e+01
   1.0419102e+07   3.8757324e+01
   1.0419123e+07   4.7302246e+01
   1.0419141e+07   3.5278320e+01
   1.0419215e+07   3.4973145e+01
   1.0419240e+07   3.3996582e+01
   1.0419271e+07   3.5949707e+01
   1.0419314e+07   4.1076660e+01
   1.0419389e+07   3.3935547e+01
   1.0419526e+07   3.3142090e+01
   1.0451980e+07   3.7414551e+01
   1.0452020e+07   3.8940430e+01
   1.0452056e+07   5.0598145e+01
   1.0452069e+07   4.1625977e+01
   1.0452089e+07   3.4790039e+01
   1.0452103e+07   5.0354004e+01
   1.0452130e+07   4.3762207e+01
   1.0452145e+07   3.7719727e+01
   1.0452158e+07   3.5949707e+01
   1.0452184e+07   5.7312012e+01
   1.0452195e+07   4.6813965e+01
   1.0452207e+07   6.1889648e+01
   1.0452228e+07   3.3569336e+01
   1.0452252e+07   5.3649902e+01
   1.0452271e+07   5.8898926e+01
   1.0452285e+07   4.1381836e+01
   1.0452335e+07   3.6437988e+01
   1.0452377e+07   3.6254883e+01
   1.0452388e+07   3.9794922e+01
   1.0452412e+07   3.3020020e+01
   1.0452491e+07   3.2897949e+01
   1.0452538e+07   3.5278320e+01
   1.0452672e+07   3.5156250e+01
   1.0452858e+07   3.4973145e+01
   1.0493665e+07   3.7597656e+01
   1.0493717e+07   5.0109863e+01
   1.0493746e+07   6.6528320e+01
   1.0493768e+07   1.1486816e+02
   1.0493808e+07   6.8176270e+01
   1.0493819e+07   3.4851074e+01
   1.0493842e+07   7.8857422e+01
   1.0493868e+07   4.7058105e+01
   1.0493898e+07   7.9833984e+01
   1.0493930e+07   3.3996582e+01
   1.0493948e+07   4.8278809e+01
   1.0493962e+07   3.6560059e+01
   1.0493973e+07   4.2480469e+01
   1.0493985e+07   4.7363281e+01
   1.0494005e+07   4.7302246e+01
   1.0494041e+07   3.7170410e+01
   1.0494098e+07   3.7231445e+01
   1.0494117e+07   3.4973145e+01
   1.0494177e+07   3.4179688e+01
   1.0494221e+07   3.5766602e+01
   1.0494309e+07   3.4606934e+01
   1.0494400e+07   4.2480469e+01
   1.0494544e+07   4.2114258e+01
   1.0494669e+07   3.2958984e+01
   1.0494694e+07   3.4545898e+01
   1.0494729e+07   3.5827637e+01
   1.0494943e+07   3.3874512e+01
   1.0533779e+07   4.7363281e+01
   1.0533801e+07   8.8256836e+01
   1.0533819e+07   3.8085938e+01
   1.0533841e+07   6.1584473e+01
   1.0533854e+07   6.9641113e+01
   1.0533874e+07   4.9743652e+01
   1.0533895e+07   4.1625977e+01
   1.0533911e+07   4.5837402e+01
   1.0533932e+07   4.7302246e+01
   1.0533948e+07   3.3203125e+01
   1.0533961e+07   6.3354492e+01
   1.0533993e+07   4.6264648e+01
   1.0534018e+07   5.2856445e+01
   1.0534082e+07   4.6875000e+01
   1.0534176e+07   3.6376953e+01
   1.0534301e+07   3.4057617e+01
   1.0534332e+07   3.3203125e+01
   1.0534440e+07   3.6071777e+01
   1.0534467e+07   3.3752441e+01
   1.0534481e+07   3.7597656e+01
   1.0534621e+07   3.6315918e+01
   1.0534883e+07   3.3996582e+01
   1.0535284e+07   3.5400391e+01
   1.0567385e+07   3.7780762e+01
   1.0567404e+07   5.9082031e+01
   1.0567438e+07   7.6965332e+01
   1.0567484e+07   3.9855957e+01
   1.0567502e+07   4.6630859e+01
   1.0567518e+07   6.0363770e+01
   1.0567532e+07   3.8208008e+01
   1.0567555e+07   3.7536621e+01
   1.0567576e+07   3.6804199e+01
   1.0567604e+07   5.2917480e+01
   1.0567636e+07   6.0180664e+01
   1.0567650e+07   3.3752441e+01
   1.0567666e+07   4.4982910e+01
   1.0567682e+07   3.9855957e+01
   1.0567724e+07   3.5034180e+01
   1.0567768e+07   3.3325195e+01
   1.0567977e+07   3.5278320e+01
   1.0567999e+07   4.0466309e+01
   1.0614754e+07   3.5095215e+01
   1.0614774e+07   4.3518066e+01
   1.0614811e+07   4.4433594e+01
   1.0614835e+07   1.0894775e+02
   1.0614852e+07   5.5786133e+01
   1.0614888e+07   4.4372559e+01
   1.0614915e+07   6.8908691e+01
   1.0614943e+07   4.9682617e+01
   1.0614959e+07   4.5654297e+01
   1.0614974e+07   5.4809570e+01
   1.0614997e+07   5.0231934e+01
   1.0615010e+07   3.7719727e+01
   1.0615048e+07   4.8767090e+01
   1.0615093e+07   4.5532227e+01
   1.0615129e+07   5.1513672e+01
   1.0615161e+07   3.3020020e+01
   1.0615186e+07   3.5522461e+01
   1.0615254e+07   3.6560059e+01
   1.0615351e+07   3.3813477e+01
   1.0615384e+07   3.3813477e+01
   1.0615451e+07   3.7536621e+01
   1.0615500e+07   4.0771484e+01
   1.0615735e+07   3.6499023e+01
   1.0615943e+07   3.4851074e+01
   1.0616095e+07   3.7048340e+01
   1.0649510e+07   3.2714844e+01
   1.0649548e+07   4.4738770e+01
   1.0649565e+07   4.2907715e+01
   1.0649578e+07   6.0363770e+01
   1.0649602e+07   3.6804199e+01
   1.0649619e+07   3.7780762e+01
   1.0649640e+07   5.8959961e+01
   1.0649666e+07   3.6376953e+01
   1.0649692e+07   5.6030273e+01
   1.0649703e+07   5.6396484e+01
   1.0649716e+07   6.4392090e+01
   1.0649729e+07   3.4301758e+01
   1.0649754e+07   3.5522461e+01
   1.0649814e+07   5.5297852e+01
   1.0649842e+07   4.5410156e+01
   1.0649876e+07   3.4484863e+01
   1.0649984e+07   3.3020020e+01
   1.0650032e+07   3.5278320e+01
   1.0650152e+07   4.5593262e+01
   1.0650189e+07   3.4912109e+01
   1.0650350e+07   4.2785645e+01
   1.0650442e+07   3.2958984e+01
   1.0650847e+07   3.7414551e+01
   1.0651119e+07   3.4851074e+01
   1.0686634e+07   3.6071777e+01
   1.0686663e+07   3.8269043e+01
   1.0686673e+07   4.4921875e+01
   1.0686708e+07   6.6772461e+01
   1.0686737e+07   4.0771484e+01
   1.0686754e+07   6.9519043e+01
   1.0686773e+07   6.7138672e+01
   1.0686802e+07   3.4118652e+01
   1.0686815e+07   4.4616699e+01
   1.0686828e+07   3.4484863e+01
   1.0686849e+07   5.3527832e+01
   1.0686859e+07   6.1950684e+01
   1.0686869e+07   4.9255371e+01
   1.0686894e+07   5.9692383e+01
   1.0686911e+07   4.3029785e+01
   1.0686927e+07   5.1696777e+01
   1.0686940e+07   4.9865723e+01
   1.0686951e+07   3.6132812e+01
   1.0686983e+07   3.2958984e+01
   1.0687008e+07   3.3020020e+01
   1.0687053e+07   3.6010742e+01
   1.0687072e+07   3.5827637e+01
   1.0687184e+07   3.7414551e+01
   1.0687207e+07   3.7170410e+01
   1.0687225e+07   3.4301758e+01
   1.0687257e+07   4.5532227e+01
   1.0687313e+07   4.7363281e+01
   1.0687381e+07   3.6376953e+01
   1.0726343e+07   4.0649414e+01
   1.0726356e+07   8.7402344e+01
   1.0726395e+07   9.5153809e+01
   1.0726406e+07   4.8950195e+01
   1.0726435e+07   3.9672852e+01
   1.0726449e+07   3.5400391e+01
   1.0726465e+07   3.3325195e+01
   1.0726493e+07   4.9316406e+01
   1.0726516e+07   4.0710449e+01
   1.0726532e+07   5.0598145e+01
   1.0726560e+07   6.5368652e+01
   1.0726576e+07   5.5725098e+01
   1.0726589e+07   4.1137695e+01
   1.0726612e+07   3.9489746e+01
   1.0726626e+07   4.1076660e+01
   1.0726655e+07   3.3935547e+01
   1.0726687e+07   4.8339844e+01
   1.0726700e+07   3.5827637e+01
   1.0726717e+07   3.3935547e+01
   1.0726750e+07   3.3203125e+01
   1.0726816e+07   3.6376953e+01
   1.0726830e+07   3.2836914e+01
   1.0726854e+07   3.5339355e+01
   1.0726871e+07   3.5644531e+01
   1.0726915e+07   3.8513184e+01
   1.0727416e+07   3.5827637e+01
   1.0727670e+07   3.2775879e+01
   1.0761054e+07   7.1411133e+01
   1.0761088e+07   9.6557617e+01
   1.0761101e+07   5.7067871e+01
   1.0761130e+07   3.6132812e+01
   1.0761168e+07   6.7871094e+01
   1.0761183e+07   6.2194824e+01
   1.0761208e+07   4.2968750e+01
   1.0761235e+07   4.3762207e+01
   1.0761248e+07   4.1381836e+01
   1.0761279e+07   4.8889160e+01
   1.0761296e+07   6.0058594e+01
   1.0761306e+07   4.0039062e+01
   1.0761330e+07   4.6875000e+01
   1.0761349e+07   4.8339844e+01
   1.0761378e+07   5.7312012e+01
   1.0761398e+07   3.6682129e+01
   1.0761456e+07   5.6762695e+01
   1.0761490e+07   3.8879395e+01
   1.0761587e+07   3.9428711e+01
   1.0761668e+07   3.2958984e+01
   1.0761757e+07   3.4851074e+01
   1.0761985e+07   3.3447266e+01
   1.0761998e+07   3.3569336e+01
   1.0762129e+07   3.5095215e+01
   1.0818796e+07   3.8024902e+01
   1.0818808e+07   3.5278320e+01
   1.0818819e+07   3.4179688e+01
   1.0818836e+07   5.6335449e+01
   1.0818850e+07   5.3100586e+01
   1.0818892e+07   5.9448242e+01
   1.0818909e+07   6.6650391e+01
   1.0818929e+07   4.8461914e+01
   1.0818963e+07   6.0180664e+01
   1.0818985e+07   4.7180176e+01
   1.0818999e+07   4.4433594e+01
   1.0819011e+07   3.3569336e+01
   1.0819032e+07   4.1931152e+01
   1.0819045e+07   4.2297363e+01
   1.0819081e+07   3.9123535e+01
   1.0819125e+07   3.7597656e+01
   1.0819159e+07   4.6691895e+01
   1.0819193e+07   3.9001465e+01
   1.0819236e+07   4.0527344e+01
   1.0819287e+07   3.3386230e+01
   1.0819331e+07   3.3874512e+01
   1.0819434e+07   3.3996582e+01
   1.0819643e+07   3.2836914e+01
   1.0866246e+07   3.5766602e+01
   1.0866264e+07   5.7373047e+01
   1.0866280e+07   5.3222656e+01
   1.0866306e+07   4.2480469e+01
   1.0866338e+07   6.2072754e+01
   1.0866351e+07   5.0781250e+01
   1.0866375e+07   5.2062988e+01
   1.0866394e+07   3.4301758e+01
   1.0866426e+07   3.8024902e+01
   1.0866441e+07   5.0903320e+01
   1.0866456e+07   3.7841797e+01
   1.0866483e+07   5.6152344e+01
   1.0866524e+07   3.2775879e+01
   1.0866564e+07   3.9306641e+01
   1.0866584e+07   3.4851074e+01
   1.0866608e+07   3.4240723e+01
   1.0866632e+07   4.3212891e+01
   1.0866653e+07   3.3996582e+01
   1.0866663e+07   4.0954590e+01
   1.0866705e+07   3.6437988e+01
   1.0866732e+07   3.2897949e+01
   1.0866753e+07   3.9123535e+01
   1.0866820e+07   4.6447754e+01
   1.0866926e+07   3.7902832e+01
   1.0867100e+07   3.9489746e+01
   1.0867196e+07   3.3752441e+01
   1.0867225e+07   4.2602539e+01
   1.0942337e+07   3.3142090e+01
   1.0942350e+07   3.2836914e+01
   1.0942374e+07   4.9499512e+01
   1.0942385e+07   3.4484863e+01
   1.0942399e+07   4.5959473e+01
   1.0942413e+07   7.8247070e+01
   1.0942423e+07   4.3579102e+01
   1.0942455e+07   7.3669434e+01
   1.0942471e+07   4.3029785e+01
   1.0942481e+07   5.1086426e+01
   1.0942493e+07   3.3020020e+01
   1.0942514e+07   3.2836914e+01
   1.0942528e+07   5.0964355e+01
   1.0942556e+07   3.4667969e+01
   1.0942575e+07   3.8635254e+01
   1.0942591e+07   3.8635254e+01
   1.0942604e+07   4.6630859e+01
   1.0942622e+07   4.2602539e+01
   1.0942646e+07   4.0649414e+01
   1.0942660e+07   3.4423828e+01
   1.0942732e+07   4.5532227e+01
   1.0942781e+07   3.8574219e+01
   1.0942826e+07   4.1625977e+01
   1.0942877e+07   4.1015625e+01
   1.0942954e+07   3.3874512e+01
   1.0942965e+07   3.3874512e+01
   1.0943047e+07   3.3081055e+01
   1.0943080e+07   3.2714844e+01
   1.0943181e+07   3.3935547e+01
   1.1315510e+07   3.2958984e+01
   1.1727744e+07   3.3752441e+01
   1.1743848e+07   3.3447266e+01
   1.1836552e+07   3.3752441e+01
   1.1836645e+07   4.2846680e+01
   1.1836675e+07   5.2490234e+01
   1.1836686e+07   3.6560059e+01
   1.1836699e+07   4.0710449e+01
   1.1836712e+07   6.0363770e+01
   1.1836738e+07   3.6987305e+01
   1.1836761e+07   5.1696777e+01
   1.1836773e+07   7.0617676e+01
   1.1836791e+07   6.0424805e+01
   1.1836815e+07   5.2429199e+01
   1.1836838e+07   5.0170898e+01
   1.1836861e+07   7.0251465e+01
   1.1836887e+07   5.9570312e+01
   1.1836913e+07   4.0283203e+01
   1.1836929e+07   5.7800293e+01
   1.1836941e+07   4.0283203e+01
   1.1836955e+07   7.1166992e+01
   1.1836981e+07   4.0954590e+01
   1.1837001e+07   3.5034180e+01
   1.1837039e+07   5.0537109e+01
   1.1837049e+07   4.1015625e+01
   1.1837064e+07   6.0302734e+01
   1.1837122e+07   3.8879395e+01
   1.1837164e+07   3.7414551e+01
   1.1837210e+07   5.2001953e+01
   1.1837231e+07   3.3508301e+01
   1.1837244e+07   3.3203125e+01
   1.1837276e+07   3.6987305e+01
   1.1837296e+07   3.7475586e+01
   1.1837333e+07   3.2836914e+01
   1.1837355e+07   4.5837402e+01
   1.1837432e+07   4.0405273e+01
   1.1837475e+07   3.3752441e+01
   1.1837644e+07   3.2775879e+01
   1.1837665e+07   3.4301758e+01
   1.1837862e+07   3.6987305e+01
   1.1837932e+07   3.9001465e+01
   1.1838081e+07   3.3935547e+01
   1.1838114e+07   3.3996582e+01
