   1.1996000e+07   0.0000000e+00
   3.1583100e+05   3.5339355e+01
   5.5867600e+05   3.6682129e+01
   5.5870500e+05   3.5583496e+01
   5.5880200e+05   4.4738770e+01
   5.5885200e+05   3.8574219e+01
   5.5893800e+05   3.7414551e+01
   5.7548900e+05   4.5166016e+01
   5.7555000e+05   3.5705566e+01
   5.7558600e+05   3.7170410e+01
   5.7569700e+05   4.6142578e+01
   5.7585200e+05   3.5827637e+01
   5.7598100e+05   4.6264648e+01
   6.0786100e+05   4.4677734e+01
   6.0839600e+05   3.7048340e+01
   6.0852400e+05   3.8879395e+01
   6.0891400e+05   3.6804199e+01
   6.5064500e+05   3.5644531e+01
   1.2624820e+06   3.9489746e+01
   1.2625220e+06   3.5400391e+01
   1.2625530e+06   3.6560059e+01
   1.2626140e+06   3.6682129e+01
   1.2626680e+06   3.6071777e+01
   1.2626830e+06   4.3029785e+01
   2.1671530e+06   3.9794922e+01
   2.1671840e+06   4.3151855e+01
   2.1672010e+06   3.9489746e+01
   2.1672340e+06   4.1748047e+01
   2.1672610e+06   4.8706055e+01
   2.1679840e+06   3.6621094e+01
   2.1690270e+06   4.1076660e+01
   2.7479990e+06   3.5644531e+01
   2.7482450e+06   3.5644531e+01
   2.8585500e+06   4.2602539e+01
   2.8585650e+06   5.1879883e+01
   2.8585920e+06   4.8889160e+01
   2.8586570e+06   3.8085938e+01
   2.8588090e+06   3.9306641e+01
   2.8609730e+06   3.5888672e+01
   2.8611120e+06   4.2785645e+01
   2.8813720e+06   3.6193848e+01
   2.8814470e+06   4.3273926e+01
   2.8816130e+06   3.6743164e+01
   2.8816420e+06   3.7597656e+01
   2.8817360e+06   3.7292480e+01
   2.9006010e+06   3.8330078e+01
   2.9007390e+06   4.3395996e+01
   2.9011520e+06   3.5339355e+01
   2.9014000e+06   3.6926270e+01
   3.0775180e+06   3.6376953e+01
   3.1254650e+06   3.6682129e+01
   3.1480190e+06   3.7475586e+01
   3.2153020e+06   3.6804199e+01
   3.2334630e+06   3.6804199e+01
   3.2731200e+06   3.5766602e+01
   3.4619760e+06   3.5705566e+01
   4.7993280e+06   3.5583496e+01
   4.9880830e+06   5.1208496e+01
   4.9881460e+06   3.9978027e+01
   4.9881630e+06   3.8330078e+01
   4.9881940e+06   3.5888672e+01
   4.9886130e+06   3.6499023e+01
   5.0067710e+06   3.8635254e+01
   5.0067970e+06   3.6132812e+01
   5.0069110e+06   4.0893555e+01
   5.0070010e+06   3.7231445e+01
   5.0070730e+06   3.6560059e+01
   5.0277340e+06   3.7719727e+01
   5.0278830e+06   3.6560059e+01
   5.0279670e+06   3.6804199e+01
   5.0285430e+06   3.9916992e+01
   5.0730470e+06   3.5461426e+01
   5.0730760e+06   3.6743164e+01
   5.0732200e+06   3.9245605e+01
   5.0732660e+06   3.6437988e+01
   5.1228680e+06   3.7353516e+01
   6.9155550e+06   4.9194336e+01
   6.9156790e+06   3.5583496e+01
   6.9177910e+06   4.7607422e+01
   6.9458180e+06   4.0832520e+01
   6.9458800e+06   3.7597656e+01
   6.9459080e+06   4.1870117e+01
   6.9459420e+06   3.6743164e+01
   6.9459640e+06   4.6691895e+01
   6.9460340e+06   3.7902832e+01
   6.9460840e+06   3.6865234e+01
   6.9461670e+06   3.5583496e+01
   6.9468450e+06   3.8208008e+01
   6.9877960e+06   4.0649414e+01
   6.9878070e+06   3.5827637e+01
   6.9878430e+06   3.8085938e+01
   6.9879240e+06   3.8269043e+01
   6.9879400e+06   4.0771484e+01
   6.9880100e+06   3.6193848e+01
   8.8800630e+06   3.7414551e+01
   8.8802150e+06   5.1940918e+01
   8.9856640e+06   3.5644531e+01
   8.9856860e+06   3.9123535e+01
   8.9857150e+06   4.1015625e+01
   8.9858820e+06   3.6376953e+01
   8.9865010e+06   3.6743164e+01
   9.6177010e+06   3.6193848e+01
   9.6177290e+06   3.7597656e+01
   9.6177480e+06   3.7658691e+01
   9.6177650e+06   3.8085938e+01
   9.6178390e+06   3.4973145e+01
   9.6184970e+06   3.5949707e+01
   9.6841760e+06   3.6376953e+01
   9.6842430e+06   3.6682129e+01
   9.6842670e+06   3.9916992e+01
   9.6843180e+06   4.3395996e+01
   9.6844660e+06   3.8696289e+01
   9.6845130e+06   3.4851074e+01
   9.6850830e+06   3.6743164e+01
   9.6859550e+06   3.5156250e+01
   9.6865230e+06   3.8574219e+01
   9.6908210e+06   3.4912109e+01
   9.9381010e+06   3.4790039e+01
