   1.1996000e+07   0.0000000e+00
   1.5337900e+05   3.5278320e+01
   2.8965200e+05   3.2531738e+01
   3.4294500e+05   3.1738281e+01
   3.8162600e+05   3.6682129e+01
   3.9648200e+05   4.1076660e+01
   1.0716630e+06   3.1738281e+01
   1.0905690e+06   3.1982422e+01
   1.1630730e+06   4.1198730e+01
   1.2091420e+06   3.4545898e+01
   1.2147890e+06   3.2653809e+01
   1.4682610e+06   3.5339355e+01
   1.7275460e+06   3.2287598e+01
   1.7916170e+06   3.8574219e+01
   1.8548310e+06   3.6254883e+01
   1.8828570e+06   3.5156250e+01
   2.1351030e+06   3.1921387e+01
   2.1820790e+06   4.9621582e+01
   2.1821010e+06   3.5705566e+01
   2.1821260e+06   3.4423828e+01
   2.1821990e+06   3.8269043e+01
   2.1822510e+06   5.3771973e+01
   2.1822680e+06   4.3945313e+01
   2.1823410e+06   4.1503906e+01
   2.1823710e+06   3.6926270e+01
   2.1825330e+06   3.3508301e+01
   2.2017000e+06   3.2897949e+01
   2.2151160e+06   3.5034180e+01
   2.2155240e+06   3.4973145e+01
   2.2359370e+06   3.3508301e+01
   2.2489810e+06   3.2104492e+01
   2.2494770e+06   3.2043457e+01
   2.2784890e+06   3.2714844e+01
   2.2853560e+06   3.3813477e+01
   2.2857660e+06   3.7109375e+01
   2.2871900e+06   3.2592773e+01
   2.2955470e+06   3.2287598e+01
   2.3141900e+06   3.1982422e+01
   2.3210410e+06   3.3935547e+01
   2.3429780e+06   3.8879395e+01
   2.3435150e+06   3.2653809e+01
   2.3457650e+06   3.1677246e+01
   2.3524250e+06   3.1982422e+01
   2.3594310e+06   3.3691406e+01
   2.3600360e+06   3.2897949e+01
   2.3743920e+06   3.3813477e+01
   2.3822730e+06   3.5949707e+01
   2.3824710e+06   3.3935547e+01
   2.3939240e+06   3.2592773e+01
   2.4360930e+06   3.3325195e+01
   2.4460950e+06   3.3020020e+01
   2.4463180e+06   3.1677246e+01
   2.4561810e+06   3.5522461e+01
   2.4695490e+06   3.2043457e+01
   2.4846020e+06   3.7597656e+01
   2.4847460e+06   3.2165527e+01
   2.5172220e+06   3.2348633e+01
   2.5290310e+06   3.2104492e+01
   2.5724250e+06   3.2653809e+01
   2.5726110e+06   3.5766602e+01
   2.5972630e+06   3.4118652e+01
   2.6104070e+06   3.2836914e+01
   2.6171210e+06   3.5827637e+01
   2.6314870e+06   3.2409668e+01
   2.6472410e+06   3.2714844e+01
   2.7093350e+06   3.5522461e+01
   2.7811230e+06   3.8879395e+01
   2.7814120e+06   3.3020020e+01
   2.8069680e+06   3.3874512e+01
   2.8808580e+06   3.8391113e+01
   2.8811160e+06   4.1320801e+01
   2.8812190e+06   3.5156250e+01
   2.8813260e+06   3.5400391e+01
   2.8814280e+06   3.7902832e+01
   2.8814610e+06   3.8574219e+01
   2.8814950e+06   5.3161621e+01
   2.8815390e+06   3.7475586e+01
   2.8815500e+06   3.7780762e+01
   2.8815830e+06   4.5898438e+01
   2.8816120e+06   3.4057617e+01
   2.8816380e+06   3.2043457e+01
   2.8816730e+06   3.6499023e+01
   2.8816970e+06   3.4301758e+01
   2.8817130e+06   3.1982422e+01
   2.8817550e+06   4.3945312e+01
   2.8818810e+06   3.2043457e+01
   2.9331930e+06   3.7597656e+01
   2.9333820e+06   3.2165527e+01
   2.9336480e+06   3.5827637e+01
   2.9336900e+06   3.1555176e+01
   2.9337710e+06   4.1564941e+01
   2.9338650e+06   3.4118652e+01
   2.9340690e+06   3.4423828e+01
   2.9341650e+06   3.2043457e+01
   2.9342050e+06   3.4729004e+01
   2.9343040e+06   4.1809082e+01
   2.9343240e+06   3.3691406e+01
   2.9343570e+06   3.1677246e+01
   2.9344130e+06   3.5949707e+01
   2.9344630e+06   3.5522461e+01
   2.9344850e+06   3.5522461e+01
   2.9345180e+06   3.5217285e+01
   2.9345340e+06   3.1616211e+01
   2.9345570e+06   3.8940430e+01
   2.9346120e+06   3.5034180e+01
   2.9346310e+06   4.3457031e+01
   2.9346740e+06   3.9123535e+01
   2.9347340e+06   3.7475586e+01
   2.9347520e+06   3.3264160e+01
   2.9971450e+06   3.1677246e+01
   2.9972820e+06   3.3752441e+01
   2.9973040e+06   3.7414551e+01
   2.9974020e+06   3.3996582e+01
   2.9974220e+06   4.1503906e+01
   2.9976150e+06   3.3447266e+01
   2.9979190e+06   3.3752441e+01
   2.9980400e+06   3.4179688e+01
   2.9986490e+06   3.1555176e+01
   3.0197500e+06   3.2958984e+01
   3.0222450e+06   3.2043457e+01
   3.0483790e+06   3.1311035e+01
   3.0684830e+06   3.2531738e+01
   3.0685140e+06   4.1748047e+01
   3.0685340e+06   3.1433105e+01
   3.0686490e+06   3.1555176e+01
   3.0687710e+06   3.2897949e+01
   3.0896550e+06   3.5461426e+01
   3.1088810e+06   3.7475586e+01
   3.1090390e+06   3.1616211e+01
   3.1102470e+06   3.3142090e+01
   3.1293530e+06   3.1433105e+01
   3.1543530e+06   3.3813477e+01
   3.1813170e+06   3.2409668e+01
   3.2022180e+06   3.4667969e+01
   3.2255910e+06   3.5888672e+01
   3.2258150e+06   3.3996582e+01
   3.2258430e+06   3.1799316e+01
   3.2702090e+06   3.1677246e+01
   3.2709590e+06   3.1127930e+01
   3.2895400e+06   3.4423828e+01
   3.2897840e+06   3.2836914e+01
   3.3051060e+06   3.8269043e+01
   3.3141580e+06   3.1982422e+01
   3.3826690e+06   3.3996582e+01
   3.3827650e+06   3.3386230e+01
   3.3829440e+06   3.1494141e+01
   3.3830070e+06   3.9733887e+01
   3.4067750e+06   3.5827637e+01
   3.5474240e+06   3.1738281e+01
   3.7765590e+06   3.2531738e+01
   4.1440260e+06   3.1738281e+01
   4.3298650e+06   3.1860352e+01
   4.3300780e+06   3.3081055e+01
   4.5175300e+06   3.2104492e+01
   4.5177080e+06   3.2043457e+01
   4.5177370e+06   3.3020020e+01
   4.5738560e+06   3.8391113e+01
   4.5739600e+06   3.6621094e+01
   4.5741400e+06   4.2480469e+01
   4.5742250e+06   3.6682129e+01
   4.5743230e+06   5.7067871e+01
   4.5743390e+06   3.9123535e+01
   4.5743720e+06   4.4250488e+01
   4.5743880e+06   4.5959473e+01
   4.5744110e+06   5.4016113e+01
   4.5744360e+06   5.3344727e+01
   4.5744770e+06   4.1748047e+01
   4.5745300e+06   4.2236328e+01
   4.5745640e+06   6.1767578e+01
   4.5745900e+06   3.6010742e+01
   4.5746040e+06   3.4973145e+01
   4.5746490e+06   3.5583496e+01
   4.5747380e+06   3.3691406e+01
   4.5753040e+06   3.2775879e+01
   4.5767550e+06   3.2226562e+01
   4.6311840e+06   4.7363281e+01
   4.6313300e+06   4.2236328e+01
   4.6314120e+06   3.2653809e+01
   4.6314720e+06   3.4301758e+01
   4.6314970e+06   3.2104492e+01
   4.6315710e+06   3.5400391e+01
   4.6316250e+06   4.4433594e+01
   4.6317170e+06   3.1433105e+01
   4.6317940e+06   4.4555664e+01
   4.6319150e+06   3.3081055e+01
   4.6320310e+06   4.5227051e+01
   4.6867430e+06   3.2897949e+01
   4.6867590e+06   3.6437988e+01
   4.6868490e+06   3.9794922e+01
   4.6868810e+06   3.8757324e+01
   4.6869230e+06   3.3569336e+01
   4.6870560e+06   3.3752441e+01
   4.6871220e+06   3.3630371e+01
   4.6871570e+06   3.3081055e+01
   4.6872460e+06   3.1372070e+01
   4.6872710e+06   3.7475586e+01
   4.6872940e+06   3.8146973e+01
   4.6873070e+06   3.2592773e+01
   4.6873320e+06   3.7719727e+01
   4.6873430e+06   3.1616211e+01
   4.6873600e+06   3.5461426e+01
   4.6873710e+06   5.0415039e+01
   4.6874020e+06   3.6621094e+01
   4.6874170e+06   3.9794922e+01
   4.6875440e+06   3.7963867e+01
   4.8140170e+06   3.1250000e+01
   4.8140960e+06   4.3945312e+01
   4.8141470e+06   3.7536621e+01
   4.8141780e+06   3.2653809e+01
   4.8142040e+06   3.7597656e+01
   4.8142210e+06   3.1433105e+01
   4.8143100e+06   3.5461426e+01
   4.8144010e+06   4.2053223e+01
   4.8144430e+06   4.5837402e+01
   4.8144850e+06   3.6132812e+01
   4.8145270e+06   5.0842285e+01
   4.8145370e+06   4.5043945e+01
   4.8145610e+06   3.3264160e+01
   4.8145960e+06   3.5644531e+01
   4.8146190e+06   4.9072266e+01
   4.8146500e+06   3.5095215e+01
   4.8146840e+06   3.3813477e+01
   4.8147310e+06   3.3752441e+01
   4.8147820e+06   3.1188965e+01
   4.8148100e+06   4.0283203e+01
   4.8148810e+06   3.4606934e+01
   4.8148990e+06   3.1372070e+01
   5.2128390e+06   3.1250000e+01
   5.2130730e+06   3.7170410e+01
   5.2131190e+06   3.4057617e+01
   5.2131400e+06   6.0913086e+01
   5.2131590e+06   3.8269043e+01
   5.2131850e+06   4.8156738e+01
   5.2132060e+06   4.6630859e+01
   5.2132260e+06   3.8513184e+01
   5.2132440e+06   3.6804199e+01
   5.2132620e+06   3.6499023e+01
   5.2132780e+06   3.5888672e+01
   5.2133260e+06   3.3691406e+01
   5.2133650e+06   3.3142090e+01
   5.2134040e+06   3.3569336e+01
   5.2134280e+06   3.3081055e+01
   5.2134560e+06   3.4729004e+01
   5.2134940e+06   3.5522461e+01
   5.2135990e+06   3.1738281e+01
   5.2532320e+06   3.2043457e+01
   5.3974610e+06   3.2714844e+01
   5.3974800e+06   3.5644531e+01
   5.3975340e+06   3.3569336e+01
   5.3975740e+06   3.7048340e+01
   5.3975860e+06   4.2724609e+01
   5.3976080e+06   3.9306641e+01
   5.3976320e+06   4.5166016e+01
   5.3976630e+06   5.4016113e+01
   5.3977040e+06   7.2570801e+01
   5.3978550e+06   3.3142090e+01
   5.3978940e+06   3.2653809e+01
   5.3979540e+06   3.2470703e+01
   5.3980320e+06   3.7048340e+01
   5.3981110e+06   3.4851074e+01
   5.4143580e+06   3.1494141e+01
   5.4402410e+06   4.2907715e+01
   5.4403500e+06   3.7963867e+01
   5.4404110e+06   3.2714844e+01
   5.4404770e+06   3.3142090e+01
   5.4405150e+06   3.9978027e+01
   5.4406200e+06   3.3020020e+01
   5.4406890e+06   3.3081055e+01
   5.4407550e+06   5.3955078e+01
   5.4408090e+06   4.6020508e+01
   5.4409180e+06   3.1433105e+01
   5.4410990e+06   3.2836914e+01
   5.4412790e+06   4.0649414e+01
   5.4415640e+06   4.4250488e+01
   5.4620850e+06   3.7048340e+01
   5.4621740e+06   3.9489746e+01
   5.4621930e+06   3.2165527e+01
   5.4622950e+06   3.1250000e+01
   5.4623070e+06   3.5095215e+01
   5.4623340e+06   3.4362793e+01
   5.4624400e+06   3.4912109e+01
   5.4625910e+06   3.6499023e+01
   5.4632140e+06   3.1799316e+01
   5.4831760e+06   3.1372070e+01
   5.4832900e+06   3.2226562e+01
   5.4834200e+06   4.2724609e+01
   5.4834530e+06   3.6437988e+01
   5.4839270e+06   3.4729004e+01
   5.5040630e+06   3.4118652e+01
   5.5157570e+06   4.3884277e+01
   5.5159320e+06   3.8513184e+01
   5.5159580e+06   3.3508301e+01
   5.5162390e+06   3.2775879e+01
   5.5168360e+06   3.4729004e+01
   5.5430420e+06   3.4240723e+01
   5.5432110e+06   3.3142090e+01
   5.5433880e+06   3.1250000e+01
   5.5435390e+06   3.4729004e+01
   5.5718010e+06   3.3996582e+01
   5.5859780e+06   3.3569336e+01
   5.5861020e+06   3.1921387e+01
   5.5962120e+06   4.1809082e+01
   5.5964910e+06   3.1738281e+01
   5.6064410e+06   3.1494141e+01
   5.6173070e+06   3.6010742e+01
   5.6286140e+06   3.1677246e+01
   5.6600050e+06   3.2470703e+01
   5.6863010e+06   3.1860352e+01
   5.6864060e+06   4.0222168e+01
   5.6864860e+06   3.4606934e+01
   5.7531840e+06   3.2958984e+01
   5.7797700e+06   3.9123535e+01
   5.7947900e+06   4.5104980e+01
   5.8195760e+06   3.1311035e+01
   5.8910890e+06   3.1494141e+01
   5.9454180e+06   3.5400391e+01
   5.9454800e+06   4.0832520e+01
   5.9661010e+06   3.5583496e+01
   5.9930420e+06   3.2470703e+01
   6.0244040e+06   3.7963867e+01
   6.0553750e+06   3.2348633e+01
   6.0557310e+06   4.4921875e+01
   6.0948330e+06   3.2348633e+01
   6.0950920e+06   3.9489746e+01
   6.1159190e+06   4.4860840e+01
   6.1164020e+06   3.1799316e+01
   6.1386060e+06   4.7668457e+01
   6.1387880e+06   3.3447266e+01
   6.1607070e+06   3.1555176e+01
   6.1609460e+06   3.3386230e+01
   6.1996130e+06   4.1503906e+01
   6.1996780e+06   3.2470703e+01
   6.1997500e+06   3.3752441e+01
   6.2000870e+06   3.6071777e+01
   6.2221800e+06   3.7963867e+01
   6.2430360e+06   3.8452148e+01
   6.2660470e+06   3.5156250e+01
   6.2887780e+06   3.6010742e+01
   6.2956310e+06   3.4851074e+01
   6.3179140e+06   3.2104492e+01
   6.3182670e+06   3.4667969e+01
   6.3185330e+06   3.1738281e+01
   6.3389250e+06   3.2836914e+01
   6.3618530e+06   4.6447754e+01
   6.3855590e+06   3.8085937e+01
   6.3857150e+06   3.5705566e+01
   6.4203470e+06   3.2043457e+01
   6.4208990e+06   3.6743164e+01
   6.4525730e+06   3.1860352e+01
   6.4526290e+06   3.1311035e+01
   6.4766520e+06   3.3142090e+01
   6.5044800e+06   3.3569336e+01
   6.5046880e+06   3.1188965e+01
   6.5050110e+06   3.3081055e+01
   6.5352070e+06   3.5400391e+01
   6.5355140e+06   3.2043457e+01
   6.5554700e+06   3.2348633e+01
   6.5815050e+06   3.3081055e+01
   6.5995220e+06   3.3081055e+01
   6.6371890e+06   3.2897949e+01
   6.6373900e+06   3.4912109e+01
   6.6374090e+06   3.1616211e+01
   6.6699650e+06   3.3447266e+01
   6.7376520e+06   5.3710938e+01
   6.7380490e+06   4.2419434e+01
   6.7381000e+06   4.3457031e+01
   6.7381310e+06   6.5124512e+01
   6.7381440e+06   3.5156250e+01
   6.7381720e+06   4.5837402e+01
   6.7382030e+06   3.8635254e+01
   6.7382230e+06   3.3691406e+01
   6.7382560e+06   6.5002441e+01
   6.7382870e+06   6.5063477e+01
   6.7383320e+06   5.7800293e+01
   6.7383720e+06   3.4912109e+01
   6.7384350e+06   8.3557129e+01
   6.7385660e+06   3.5583496e+01
   6.7386540e+06   3.1616211e+01
   6.9155650e+06   3.2714844e+01
   6.9156540e+06   3.7048340e+01
   6.9161070e+06   4.4433594e+01
   6.9161400e+06   4.0161133e+01
   6.9161590e+06   5.0048828e+01
   6.9161840e+06   4.2968750e+01
   6.9162120e+06   3.5583496e+01
   6.9162240e+06   4.1381836e+01
   6.9162460e+06   5.2001953e+01
   6.9162700e+06   4.9011230e+01
   6.9162990e+06   5.4565430e+01
   6.9163220e+06   5.9204102e+01
   6.9163470e+06   5.3833008e+01
   6.9163660e+06   3.4301758e+01
   6.9163930e+06   3.4667969e+01
   6.9164540e+06   3.9489746e+01
   6.9164770e+06   3.3691406e+01
   6.9164900e+06   3.7048340e+01
   6.9165200e+06   3.1677246e+01
   6.9165620e+06   3.2348633e+01
   6.9165750e+06   3.1433105e+01
   6.9166560e+06   3.2287598e+01
   7.1375210e+06   4.4921875e+01
   7.1375610e+06   3.9062500e+01
   7.1375980e+06   4.0832520e+01
   7.1376240e+06   4.5104980e+01
   7.1376380e+06   3.6193848e+01
   7.1376720e+06   3.2348633e+01
   7.1376860e+06   3.8452148e+01
   7.1377070e+06   4.3823242e+01
   7.1377350e+06   4.4494629e+01
   7.1377490e+06   3.2043457e+01
   7.1378080e+06   3.1982422e+01
   7.1378430e+06   3.3142090e+01
   7.1378810e+06   3.4240723e+01
   7.1379190e+06   3.4484863e+01
   7.1379540e+06   3.3447266e+01
   7.1379750e+06   4.6508789e+01
   7.1379950e+06   4.1870117e+01
   7.1380250e+06   4.3212891e+01
   7.1380380e+06   3.3142090e+01
   7.1380570e+06   3.1311035e+01
   7.1380770e+06   4.3090820e+01
   7.1381340e+06   4.0161133e+01
   7.1381690e+06   3.3020020e+01
   7.1381880e+06   3.9184570e+01
   7.1382470e+06   3.3569336e+01
   7.1383420e+06   4.9621582e+01
   7.1384310e+06   3.2409668e+01
   7.1387600e+06   3.6926270e+01
   7.1390530e+06   3.2836914e+01
   7.1671760e+06   3.8024902e+01
   7.1672820e+06   3.4118652e+01
   7.1672940e+06   5.3833008e+01
   7.1673140e+06   3.8513184e+01
   7.1676480e+06   3.5400391e+01
   7.1680410e+06   3.4057617e+01
   7.1860700e+06   4.2602539e+01
   7.1869170e+06   3.6865234e+01
   7.1911990e+06   3.1982422e+01
   7.2054920e+06   3.5034180e+01
   7.2055060e+06   3.5217285e+01
   7.2245760e+06   3.4301758e+01
   7.2378920e+06   4.4555664e+01
   7.2385150e+06   3.3874512e+01
   7.2527260e+06   3.5095215e+01
   7.2529480e+06   3.4057617e+01
   7.2659650e+06   3.3020020e+01
   7.2838710e+06   3.6499023e+01
   7.2839340e+06   3.1311035e+01
   7.2840390e+06   3.6376953e+01
   7.2992230e+06   3.1799316e+01
   7.2993370e+06   3.2775879e+01
   7.3094200e+06   3.2592773e+01
   7.3222420e+06   3.5461426e+01
   7.3363780e+06   3.5766602e+01
   7.3504310e+06   3.2897949e+01
   7.3661780e+06   3.3691406e+01
   7.3662230e+06   3.1372070e+01
   7.3662920e+06   3.4118652e+01
   7.3665680e+06   3.3508301e+01
   7.4007290e+06   3.4057617e+01
   7.4010360e+06   3.3508301e+01
   7.4183170e+06   3.3081055e+01
   7.4334980e+06   4.4616699e+01
   7.4475200e+06   4.2297363e+01
   7.4639650e+06   3.7963867e+01
   7.4639940e+06   3.1677246e+01
   7.4804970e+06   4.4128418e+01
   7.4806770e+06   3.3508301e+01
   7.5110910e+06   4.0222168e+01
   7.5321170e+06   3.6987305e+01
   7.5476260e+06   3.8146973e+01
   7.5683670e+06   3.4240723e+01
   7.5686290e+06   3.3386230e+01
   7.5869600e+06   3.2714844e+01
   7.6045940e+06   3.9550781e+01
   7.6227210e+06   3.2653809e+01
   7.6229430e+06   3.4240723e+01
   7.6230570e+06   3.1494141e+01
   7.6501690e+06   3.2165527e+01
   7.6503770e+06   3.3874512e+01
   7.6511000e+06   3.2226562e+01
   7.6704340e+06   3.2348633e+01
   7.6894320e+06   3.1860352e+01
   7.7065250e+06   3.4790039e+01
   7.7336250e+06   3.7109375e+01
   7.7728930e+06   3.1494141e+01
   7.7935430e+06   3.3203125e+01
   7.8220700e+06   3.1494141e+01
   7.8223870e+06   3.4423828e+01
   7.8272040e+06   3.5156250e+01
   7.8445620e+06   3.9672852e+01
   7.9897400e+06   3.3935547e+01
   7.9897650e+06   4.8889160e+01
   7.9898480e+06   3.2836914e+01
   7.9898720e+06   3.1799316e+01
   7.9898900e+06   3.3508301e+01
   7.9899130e+06   4.4128418e+01
   7.9899430e+06   5.9143066e+01
   7.9899550e+06   4.8461914e+01
   7.9899780e+06   5.5297852e+01
   7.9900050e+06   3.4729004e+01
   7.9900540e+06   7.6232910e+01
   7.9900920e+06   3.3752441e+01
   7.9901240e+06   3.9367676e+01
   7.9901360e+06   3.7536621e+01
   7.9902160e+06   3.8269043e+01
   7.9902430e+06   3.1494141e+01
   7.9903210e+06   3.2592773e+01
   7.9904110e+06   3.1677246e+01
   7.9953720e+06   3.7719727e+01
   7.9987130e+06   3.5156250e+01
   7.9995810e+06   4.6264648e+01
   7.9997190e+06   4.0710449e+01
   8.1088320e+06   3.1860352e+01
   8.1410280e+06   3.3142090e+01
   8.1411920e+06   3.2714844e+01
   8.1412170e+06   3.5339355e+01
   8.1412400e+06   3.5217285e+01
   8.1413020e+06   3.3447266e+01
   8.1413230e+06   3.8146973e+01
   8.1413390e+06   6.4697266e+01
   8.1413740e+06   3.7719727e+01
   8.1413920e+06   6.7565918e+01
   8.1414130e+06   5.7434082e+01
   8.1414350e+06   3.2104492e+01
   8.1414630e+06   6.0607910e+01
   8.1414860e+06   3.3081055e+01
   8.1415230e+06   3.6132812e+01
   8.1415470e+06   3.2043457e+01
   8.1415740e+06   3.3874512e+01
   8.1416050e+06   4.0344238e+01
   8.1416250e+06   3.8024902e+01
   8.1416380e+06   3.9245605e+01
   8.1417510e+06   3.5217285e+01
   8.1429440e+06   3.2287598e+01
   8.1431710e+06   3.3691406e+01
   8.2418450e+06   3.7048340e+01
   8.3104300e+06   3.5095215e+01
   8.3105900e+06   4.0283203e+01
   8.3106100e+06   3.1738281e+01
   8.3106450e+06   3.8330078e+01
   8.3106630e+06   4.6203613e+01
   8.3106970e+06   4.2419434e+01
   8.3107180e+06   5.8715820e+01
   8.3107460e+06   4.1381836e+01
   8.3107570e+06   3.5522461e+01
   8.3107770e+06   3.1433105e+01
   8.3108250e+06   5.5236816e+01
   8.3108360e+06   3.6926270e+01
   8.3108590e+06   3.1311035e+01
   8.3108710e+06   3.2653809e+01
   8.3108910e+06   6.5612793e+01
   8.3109340e+06   3.8940430e+01
   8.3109570e+06   3.9489746e+01
   8.3110160e+06   3.1311035e+01
   8.3117350e+06   3.3752441e+01
   8.3121000e+06   3.8635254e+01
   8.4507350e+06   3.4790039e+01
   8.4507700e+06   4.1870117e+01
   8.4508490e+06   3.3813477e+01
   8.4508920e+06   3.7658691e+01
   8.4509210e+06   4.4494629e+01
   8.4509370e+06   4.3029785e+01
   8.4509570e+06   5.5175781e+01
   8.4509720e+06   3.8818359e+01
   8.4510220e+06   3.5339355e+01
   8.4510800e+06   3.4973145e+01
   8.4511780e+06   3.4240723e+01
   8.4512070e+06   3.2348633e+01
   8.4512330e+06   3.6560059e+01
   8.4513000e+06   3.3386230e+01
   8.4513940e+06   3.3264160e+01
   8.4516620e+06   3.2165527e+01
   8.4528020e+06   3.1555176e+01
   8.5773080e+06   4.4067383e+01
   8.5773430e+06   3.5888672e+01
   8.5773620e+06   3.6560059e+01
   8.5773900e+06   5.0903320e+01
   8.5774040e+06   3.4851074e+01
   8.5774310e+06   6.1584473e+01
   8.5774660e+06   4.0161133e+01
   8.5774810e+06   4.1809082e+01
   8.5774980e+06   8.3068848e+01
   8.5775320e+06   3.2775879e+01
   8.5775440e+06   3.6010742e+01
   8.5775580e+06   3.4240723e+01
   8.5776170e+06   3.6926270e+01
   8.5776600e+06   3.3081055e+01
   8.5776920e+06   3.1616211e+01
   8.5777120e+06   3.2592773e+01
   8.5777340e+06   3.3142090e+01
   8.5789740e+06   3.1250000e+01
   8.6920600e+06   3.1188965e+01
   8.6921100e+06   3.2287598e+01
   8.6922100e+06   3.2958984e+01
   8.6923270e+06   3.5461426e+01
   8.6923980e+06   3.7902832e+01
   8.6924230e+06   4.2602539e+01
   8.6924400e+06   3.1433105e+01
   8.6924710e+06   7.9223633e+01
   8.6925010e+06   3.8879395e+01
   8.6925200e+06   5.5053711e+01
   8.6925400e+06   6.7687988e+01
   8.6925910e+06   3.1738281e+01
   8.6926060e+06   3.5888672e+01
   8.6926360e+06   3.8574219e+01
   8.6926490e+06   4.5471191e+01
   8.6926680e+06   3.5095215e+01
   8.6927700e+06   3.3020020e+01
   8.6936310e+06   3.3386230e+01
   8.7806430e+06   3.1616211e+01
   8.7806640e+06   5.7739258e+01
   8.7807120e+06   4.5104980e+01
   8.7807340e+06   4.4921875e+01
   8.7807750e+06   4.5532227e+01
   8.7807920e+06   5.7922363e+01
   8.7808240e+06   3.1188965e+01
   8.7808380e+06   4.3273926e+01
   8.7808620e+06   3.6010742e+01
   8.7808730e+06   3.5156250e+01
   8.7809020e+06   3.6010742e+01
   8.7809390e+06   3.2592773e+01
   8.7809700e+06   3.6376953e+01
   8.7810280e+06   3.7780762e+01
   8.7812410e+06   3.3813477e+01
   8.7815000e+06   3.4973145e+01
   8.7821230e+06   3.1982422e+01
   8.8291330e+06   3.1250000e+01
   8.8291690e+06   3.3569336e+01
   8.8292100e+06   3.6987305e+01
   8.8292490e+06   4.0161133e+01
   8.8292790e+06   4.1198730e+01
   8.8293250e+06   3.8574219e+01
   8.8293370e+06   3.6865234e+01
   8.8293850e+06   4.2358398e+01
   8.8294270e+06   3.5522461e+01
   8.8294530e+06   4.4189453e+01
   8.8294650e+06   4.7302246e+01
   8.8294950e+06   4.0344238e+01
   8.8295080e+06   5.3833008e+01
   8.8295220e+06   5.4809570e+01
   8.8295920e+06   3.4301758e+01
   8.8296120e+06   4.1503906e+01
   8.8296660e+06   3.5644531e+01
   8.8297040e+06   3.3447266e+01
   8.8297240e+06   4.3762207e+01
   8.8299000e+06   3.6315918e+01
   8.8594770e+06   3.3630371e+01
   8.8595230e+06   3.8696289e+01
   8.8595590e+06   3.6926270e+01
   8.8596230e+06   5.1147461e+01
   8.8597870e+06   3.6926270e+01
   8.8926140e+06   3.4423828e+01
   8.8926940e+06   3.3569336e+01
   8.8930080e+06   3.8635254e+01
   8.8933730e+06   3.1982422e+01
   8.9049920e+06   3.1250000e+01
   8.9050510e+06   3.2104492e+01
   8.9051330e+06   3.8513184e+01
   8.9057600e+06   3.6193848e+01
   8.9165210e+06   3.4667969e+01
   8.9168570e+06   3.1738281e+01
   8.9174470e+06   3.1372070e+01
   8.9323470e+06   3.6621094e+01
   8.9324990e+06   3.3081055e+01
   8.9463490e+06   3.2653809e+01
   8.9470700e+06   3.1372070e+01
   8.9572550e+06   3.2043457e+01
   8.9578770e+06   3.7597656e+01
   8.9854650e+06   3.8024902e+01
   8.9974200e+06   3.2287598e+01
   9.0210670e+06   3.9855957e+01
   9.0306110e+06   3.3447266e+01
   9.0309860e+06   3.3813477e+01
   9.2947540e+06   4.1809082e+01
   9.3871740e+06   3.7719727e+01
   9.4076030e+06   3.7353516e+01
   9.4077330e+06   3.2958984e+01
   9.4265530e+06   4.0222168e+01
   9.4266940e+06   3.4545898e+01
   9.4851070e+06   4.5776367e+01
   9.5085320e+06   3.2531738e+01
   9.5383510e+06   3.2531738e+01
   9.5691910e+06   3.5766602e+01
   9.6106420e+06   3.2409668e+01
   9.6107450e+06   4.3945312e+01
   9.6547610e+06   3.1982422e+01
   9.6548960e+06   4.1259766e+01
   9.6664400e+06   3.1738281e+01
   9.7026680e+06   3.2531738e+01
   9.7030200e+06   3.1677246e+01
   9.7200040e+06   3.3996582e+01
   9.7385160e+06   4.6264648e+01
   9.7389110e+06   3.7536621e+01
   9.7541190e+06   3.4851074e+01
   9.8870490e+06   4.7912598e+01
   9.8943560e+06   3.9855957e+01
   9.8945640e+06   3.5644531e+01
   9.8945780e+06   5.4870605e+01
   9.8946300e+06   3.8391113e+01
   9.8946450e+06   3.7109375e+01
   9.8947620e+06   3.1677246e+01
   9.8948320e+06   4.2358398e+01
   9.8948580e+06   4.2236328e+01
   9.8948950e+06   3.2592773e+01
   9.8949180e+06   4.4799805e+01
   9.8949590e+06   4.2236328e+01
   9.8949870e+06   7.1533203e+01
   9.8950160e+06   3.9794922e+01
   9.8950360e+06   3.2653809e+01
   9.8950680e+06   4.4799805e+01
   9.8951060e+06   3.1982422e+01
   9.8953560e+06   3.7902832e+01
   9.9704050e+06   3.8391113e+01
   9.9706060e+06   4.0039062e+01
   9.9706740e+06   3.9550781e+01
   9.9707440e+06   3.1738281e+01
   9.9708500e+06   3.5217285e+01
   9.9708640e+06   3.7597656e+01
   9.9709130e+06   5.2856445e+01
   9.9709760e+06   4.0283203e+01
   9.9710050e+06   4.1015625e+01
   9.9710230e+06   3.2653809e+01
   9.9710890e+06   3.9794922e+01
   9.9711000e+06   3.4484863e+01
   9.9712290e+06   4.1748047e+01
   9.9712430e+06   4.7485352e+01
   9.9713470e+06   3.4118652e+01
   9.9713730e+06   4.4860840e+01
   9.9714090e+06   3.6254883e+01
   9.9715660e+06   3.3081055e+01
   1.0074129e+07   3.2714844e+01
   1.0086335e+07   3.3752441e+01
   1.0086478e+07   3.5034180e+01
   1.0086606e+07   3.1433105e+01
   1.0086710e+07   4.0100098e+01
   1.0086786e+07   3.1860352e+01
   1.0086809e+07   4.3640137e+01
   1.0086845e+07   3.3508301e+01
   1.0086879e+07   3.2226563e+01
   1.0086903e+07   3.5400391e+01
   1.0086919e+07   3.4118652e+01
   1.0086932e+07   4.6081543e+01
   1.0086969e+07   5.7067871e+01
   1.0087004e+07   4.0466309e+01
   1.0087026e+07   3.1433105e+01
   1.0087038e+07   3.8391113e+01
   1.0087050e+07   3.2409668e+01
   1.0087092e+07   4.5043945e+01
   1.0087174e+07   3.2531738e+01
   1.0087195e+07   3.2714844e+01
   1.0087242e+07   4.0771484e+01
   1.0087316e+07   3.4729004e+01
   1.0087413e+07   3.4362793e+01
   1.0179823e+07   3.6743164e+01
   1.0179949e+07   3.2104492e+01
   1.0180026e+07   4.8400879e+01
   1.0180153e+07   3.2409668e+01
   1.0180243e+07   3.6621094e+01
   1.0180270e+07   3.5644531e+01
   1.0180294e+07   3.2043457e+01
   1.0180309e+07   4.5288086e+01
   1.0180337e+07   4.7546387e+01
   1.0180358e+07   6.4392090e+01
   1.0180400e+07   3.7780762e+01
   1.0180427e+07   3.8452148e+01
   1.0180455e+07   3.5217285e+01
   1.0180497e+07   3.2043457e+01
   1.0180572e+07   3.1677246e+01
   1.0180594e+07   3.3264160e+01
   1.0180612e+07   3.4545898e+01
   1.0181247e+07   3.6071777e+01
   1.0181939e+07   3.1677246e+01
   1.0299979e+07   3.3264160e+01
   1.0300008e+07   3.9245605e+01
   1.0300065e+07   3.9184570e+01
   1.0300180e+07   3.2165527e+01
   1.0300193e+07   6.0607910e+01
   1.0300232e+07   3.4973145e+01
   1.0300248e+07   3.4851074e+01
   1.0300261e+07   6.1462402e+01
   1.0300300e+07   5.1208496e+01
   1.0300320e+07   3.7231445e+01
   1.0300351e+07   6.9580078e+01
   1.0300372e+07   3.4973145e+01
   1.0300386e+07   5.6091309e+01
   1.0300397e+07   3.8940430e+01
   1.0300407e+07   4.5837402e+01
   1.0300420e+07   3.7780762e+01
   1.0300443e+07   4.9377441e+01
   1.0300489e+07   4.5104980e+01
   1.0300507e+07   3.6560059e+01
   1.0300669e+07   3.4179688e+01
   1.0300741e+07   3.5095215e+01
   1.0302945e+07   3.3264160e+01
   1.0402683e+07   3.4118652e+01
   1.0402781e+07   3.4606934e+01
   1.0402833e+07   3.8757324e+01
   1.0402955e+07   3.5278320e+01
   1.0403018e+07   4.2419434e+01
   1.0403040e+07   3.4545898e+01
   1.0403067e+07   6.9641113e+01
   1.0403084e+07   3.9550781e+01
   1.0403123e+07   4.7180176e+01
   1.0403142e+07   4.2602539e+01
   1.0403153e+07   4.2480469e+01
   1.0403178e+07   3.4606934e+01
   1.0403200e+07   6.5490723e+01
   1.0403233e+07   3.2592773e+01
   1.0403262e+07   3.2104492e+01
   1.0403328e+07   3.4667969e+01
   1.0403347e+07   3.8879395e+01
   1.0403511e+07   3.3386230e+01
   1.0423589e+07   3.8269043e+01
   1.0524031e+07   3.1860352e+01
   1.0524308e+07   3.1555176e+01
   1.0524420e+07   4.9560547e+01
   1.0524501e+07   4.6386719e+01
   1.0524586e+07   4.8889160e+01
   1.0524596e+07   6.5734863e+01
   1.0524627e+07   5.0170898e+01
   1.0524657e+07   3.9611816e+01
   1.0524677e+07   5.4504395e+01
   1.0524739e+07   4.6752930e+01
   1.0524773e+07   5.6030273e+01
   1.0525001e+07   3.2470703e+01
   1.0525017e+07   3.1616211e+01
   1.0621656e+07   4.0588379e+01
   1.0621721e+07   3.4484863e+01
   1.0621743e+07   4.0588379e+01
   1.0621790e+07   3.3569336e+01
   1.0621811e+07   4.9133301e+01
   1.0621836e+07   3.6560059e+01
   1.0621867e+07   4.6569824e+01
   1.0621890e+07   4.5898438e+01
   1.0621918e+07   7.5622559e+01
   1.0621930e+07   4.0527344e+01
   1.0621943e+07   3.7841797e+01
   1.0621954e+07   5.9326172e+01
   1.0621990e+07   5.6457520e+01
   1.0622060e+07   4.4982910e+01
   1.0622100e+07   4.2297363e+01
   1.0622111e+07   3.4179688e+01
   1.0622248e+07   3.8024902e+01
   1.0711426e+07   3.3203125e+01
   1.0711630e+07   3.1677246e+01
   1.0711748e+07   3.2531738e+01
   1.0711831e+07   3.1738281e+01
   1.0711862e+07   4.3823242e+01
   1.0711915e+07   3.1982422e+01
   1.0711954e+07   5.2307129e+01
   1.0711968e+07   3.3996582e+01
   1.0712002e+07   7.0068359e+01
   1.0712012e+07   4.3273926e+01
   1.0712042e+07   4.8400879e+01
   1.0712087e+07   6.1767578e+01
   1.0712107e+07   3.5949707e+01
   1.0712124e+07   4.5959473e+01
   1.0712156e+07   4.0161133e+01
   1.0712177e+07   5.2001953e+01
   1.0712218e+07   3.3447266e+01
   1.0712240e+07   3.4423828e+01
   1.0712256e+07   3.6743164e+01
   1.0712325e+07   3.5827637e+01
   1.0712425e+07   3.5278320e+01
   1.0712524e+07   3.1799316e+01
   1.0712867e+07   3.3874512e+01
   1.0790329e+07   3.3691406e+01
   1.0790347e+07   3.8818359e+01
   1.0790436e+07   3.1799316e+01
   1.0790466e+07   3.9245605e+01
   1.0790483e+07   4.3212891e+01
   1.0790497e+07   3.3264160e+01
   1.0790560e+07   3.5705566e+01
   1.0790585e+07   3.5278320e+01
   1.0790619e+07   3.3996582e+01
   1.0790644e+07   5.4382324e+01
   1.0790671e+07   3.9978027e+01
   1.0790719e+07   4.9133301e+01
   1.0790739e+07   4.3640137e+01
   1.0790785e+07   3.3874512e+01
   1.0790802e+07   3.9123535e+01
   1.0790832e+07   3.1799316e+01
   1.0791186e+07   3.2226562e+01
   1.0791539e+07   3.4790039e+01
   1.0794060e+07   3.2226562e+01
   1.0818665e+07   5.1330566e+01
   1.0838827e+07   3.1738281e+01
   1.0842246e+07   3.4545898e+01
   1.0842299e+07   4.0161133e+01
   1.0842332e+07   4.5837402e+01
   1.0842380e+07   3.9611816e+01
   1.0842452e+07   3.4851074e+01
   1.0842631e+07   5.4687500e+01
   1.0842679e+07   5.0476074e+01
   1.0842720e+07   3.2104492e+01
   1.0842732e+07   4.7729492e+01
   1.0842766e+07   3.3020020e+01
   1.0842797e+07   5.5175781e+01
   1.0842817e+07   5.5297852e+01
   1.0842877e+07   3.3752441e+01
   1.0842908e+07   4.4250488e+01
   1.0842938e+07   4.1198730e+01
   1.0842986e+07   6.9519043e+01
   1.0843000e+07   4.2724609e+01
   1.0843026e+07   3.7963867e+01
   1.0843056e+07   3.5888672e+01
   1.0843156e+07   3.2531738e+01
   1.0846209e+07   3.3813477e+01
   1.0892154e+07   3.1860352e+01
   1.0892208e+07   3.8391113e+01
   1.0892332e+07   4.0771484e+01
   1.0892515e+07   4.1931152e+01
   1.0892629e+07   4.3334961e+01
   1.0892712e+07   3.1921387e+01
   1.0892847e+07   4.0893555e+01
   1.1046486e+07   3.1311035e+01
   1.1097146e+07   3.2714844e+01
   1.1144298e+07   3.4240723e+01
   1.1162138e+07   3.6682129e+01
   1.1186763e+07   3.2775879e+01
   1.1204602e+07   3.3813477e+01
   1.1314222e+07   3.3142090e+01
   1.1491982e+07   3.1860352e+01
   1.1537427e+07   3.2165527e+01
   1.1602986e+07   3.6865234e+01
   1.1603159e+07   3.3386230e+01
   1.1603573e+07   3.4179688e+01
   1.1672982e+07   3.2409668e+01
   1.1735729e+07   3.2043457e+01
   1.1736273e+07   3.5644531e+01
   1.1770214e+07   4.6630859e+01
   1.1776558e+07   3.7048340e+01
   1.1800132e+07   3.4362793e+01
   1.1806649e+07   3.3447266e+01
   1.1824451e+07   3.1433105e+01
   1.1905138e+07   3.1372070e+01
   1.1910302e+07   3.3203125e+01
   1.1955063e+07   3.2470703e+01
