   1.1996000e+07   0.0000000e+00
   3.4160000e+03   5.2368164e+01
   3.4870000e+03   5.3955078e+01
   3.3152000e+04   6.2377930e+01
   5.0260000e+04   5.1940918e+01
   1.1378000e+05   5.4016113e+01
   1.1485000e+05   4.9316406e+01
   1.4137200e+05   5.4016113e+01
   1.5832000e+05   5.0598145e+01
   1.6201200e+05   5.1513672e+01
   1.8527600e+05   5.3894043e+01
   1.8707900e+05   5.0659180e+01
   2.0544200e+05   6.9030762e+01
   2.0545400e+05   5.0842285e+01
   2.0549300e+05   5.1696777e+01
   2.0553000e+05   6.4697266e+01
   2.0563600e+05   5.1269531e+01
   2.0580200e+05   5.1452637e+01
   2.0586100e+05   6.1767578e+01
   2.0596200e+05   6.4819336e+01
   2.0597300e+05   5.5419922e+01
   2.0606600e+05   5.0903320e+01
   2.0633000e+05   5.5664062e+01
   2.0652900e+05   5.8227539e+01
   2.1636500e+05   5.0964355e+01
   2.1709400e+05   5.5908203e+01
   2.4815300e+05   5.0537109e+01
   2.5865500e+05   6.0180664e+01
   2.6268200e+05   5.2856445e+01
   2.8030000e+05   5.3894043e+01
   3.1965000e+05   5.6274414e+01
   3.1980000e+05   6.5246582e+01
   3.1989700e+05   6.0302734e+01
   3.1991700e+05   5.2734375e+01
   3.1997000e+05   6.5246582e+01
   3.2029000e+05   5.1208496e+01
   3.5899200e+05   4.9194336e+01
   3.9055800e+05   5.2124023e+01
   4.2331900e+05   5.1696777e+01
   4.2610200e+05   5.0048828e+01
   4.6825400e+05   5.2917480e+01
   4.8698300e+05   4.9499512e+01
   5.3792100e+05   5.5541992e+01
   5.4404200e+05   4.9194336e+01
   5.5113000e+05   4.9804688e+01
   5.8060000e+05   5.6823730e+01
   6.4149800e+05   5.8044434e+01
   7.0916500e+05   5.0170898e+01
   7.4222300e+05   5.3771973e+01
   7.5978100e+05   6.2133789e+01
   7.5986700e+05   6.0913086e+01
   7.6000600e+05   7.8674316e+01
   7.6008500e+05   5.6030273e+01
   7.6012200e+05   5.2673340e+01
   7.6018200e+05   5.1757812e+01
   7.6025500e+05   5.9875488e+01
   7.6030200e+05   5.0903320e+01
   7.6043400e+05   5.3283691e+01
   7.6102200e+05   5.4565430e+01
   8.0914300e+05   4.9316406e+01
   8.1997200e+05   4.9621582e+01
   8.4232900e+05   5.2551270e+01
   8.5779300e+05   5.2429199e+01
   8.7034700e+05   6.0607910e+01
   8.7037200e+05   6.2133789e+01
   8.7046100e+05   5.0537109e+01
   8.7048200e+05   5.3588867e+01
   8.7053700e+05   6.4575195e+01
   8.7064600e+05   4.9133301e+01
   8.7073700e+05   5.1330566e+01
   8.8785300e+05   5.4260254e+01
   9.0640000e+05   5.1086426e+01
   9.0830200e+05   4.9255371e+01
   9.5303900e+05   5.5419922e+01
   1.0063060e+06   4.9682617e+01
   1.0443890e+06   5.0537109e+01
   1.0444180e+06   6.0363770e+01
   1.0444920e+06   5.0720215e+01
   1.0445320e+06   5.0781250e+01
   1.0445510e+06   7.3242188e+01
   1.0446010e+06   5.3955078e+01
   1.0446400e+06   5.0964355e+01
   1.0448940e+06   5.7312012e+01
   1.0450830e+06   5.1574707e+01
   1.0932440e+06   4.9682617e+01
   1.1062240e+06   6.1950684e+01
   1.1062470e+06   6.0668945e+01
   1.1064370e+06   5.8227539e+01
   1.1065110e+06   5.0659180e+01
   1.1065540e+06   5.3222656e+01
   1.1065870e+06   5.0354004e+01
   1.1650470e+06   4.9987793e+01
   1.1701660e+06   4.9682617e+01
   1.2031150e+06   5.2490234e+01
   1.2332260e+06   5.0903320e+01
   1.3138710e+06   6.1462402e+01
   1.3336190e+06   5.7434082e+01
   1.3749470e+06   5.5603027e+01
   1.4089010e+06   5.3161621e+01
   1.4434400e+06   4.9072266e+01
   1.5007270e+06   6.3720703e+01
   1.5007610e+06   6.1462402e+01
   1.5008130e+06   5.0720215e+01
   1.5008590e+06   7.0251465e+01
   1.5009270e+06   5.7250977e+01
   1.5010200e+06   4.9377441e+01
   1.5279940e+06   5.0292969e+01
   1.5471630e+06   5.7006836e+01
   1.5543980e+06   5.4687500e+01
   1.5600280e+06   6.4575195e+01
   1.6000370e+06   5.8654785e+01
   1.6254990e+06   5.8105469e+01
   1.6311870e+06   5.0170898e+01
   1.6443430e+06   5.8349609e+01
   1.6947330e+06   5.7373047e+01
   1.7241070e+06   5.2246094e+01
   1.7355280e+06   5.1025391e+01
   1.7724570e+06   5.1330566e+01
   1.8451910e+06   5.0720215e+01
   1.8453650e+06   5.1452637e+01
   1.8454210e+06   6.7504883e+01
   1.8455830e+06   6.3537598e+01
   1.8456140e+06   5.1818848e+01
   1.8458360e+06   4.9926758e+01
   1.8458850e+06   5.9265137e+01
   1.8460130e+06   5.5053711e+01
   1.8460450e+06   6.3537598e+01
   1.8462290e+06   4.9865723e+01
   1.8626190e+06   5.0903320e+01
   1.9959610e+06   4.9743652e+01
   2.0279740e+06   5.2246094e+01
   2.0383400e+06   5.3833008e+01
   2.0916560e+06   5.1696777e+01
   2.0918540e+06   5.2795410e+01
   2.0919770e+06   5.0659180e+01
   2.0920590e+06   5.2429199e+01
   2.0920690e+06   5.7373047e+01
   2.0921470e+06   4.9133301e+01
   2.0922440e+06   5.4138184e+01
   2.0926200e+06   4.9560547e+01
   2.1024710e+06   5.5603027e+01
   2.1035020e+06   5.5969238e+01
   2.1035680e+06   5.9326172e+01
   2.1036780e+06   6.1340332e+01
   2.1038850e+06   6.9885254e+01
   2.1048410e+06   5.8776855e+01
   2.1051940e+06   5.3894043e+01
   2.1057710e+06   5.1452637e+01
   2.1060600e+06   5.4565430e+01
   2.2144630e+06   6.8054199e+01
   2.2165820e+06   5.4626465e+01
   2.2408320e+06   4.9499512e+01
   2.2588850e+06   5.2062988e+01
   2.3134070e+06   5.1208496e+01
   2.3246900e+06   5.2734375e+01
   2.3692490e+06   5.1269531e+01
   2.4025690e+06   5.2246094e+01
   2.4274970e+06   5.0842285e+01
   2.4433200e+06   5.2307129e+01
   2.5775360e+06   4.9072266e+01
   2.5827100e+06   5.3344727e+01
   2.6099760e+06   4.9804688e+01
   2.6242410e+06   5.4626465e+01
   2.6242830e+06   5.9753418e+01
   2.6243210e+06   5.6091309e+01
   2.6243390e+06   5.1025391e+01
   2.6243630e+06   6.5551758e+01
   2.6244250e+06   4.9072266e+01
   2.6244620e+06   6.2255859e+01
   2.6244760e+06   5.3344727e+01
   2.6245660e+06   5.8105469e+01
   2.6246490e+06   5.5236816e+01
   2.6247200e+06   5.8837891e+01
   2.6252580e+06   4.9926758e+01
   2.6357360e+06   5.0720215e+01
   2.6357610e+06   5.2246094e+01
   2.6359430e+06   5.2001953e+01
   2.6360280e+06   5.2246094e+01
   2.6361550e+06   5.3405762e+01
   2.6363280e+06   5.3771973e+01
   2.6365670e+06   5.0415039e+01
   2.6366160e+06   5.1330566e+01
   2.6380270e+06   4.9377441e+01
   2.6427550e+06   5.5053711e+01
   2.6514410e+06   6.2011719e+01
   2.6516910e+06   5.8349609e+01
   2.6518310e+06   5.1391602e+01
   2.6522690e+06   5.9631348e+01
   2.6525580e+06   8.5937500e+01
   2.7211030e+06   5.6701660e+01
   2.7237490e+06   5.5236816e+01
   2.7506720e+06   5.7373047e+01
   2.7521610e+06   4.9804688e+01
   2.7773780e+06   5.5419922e+01
   2.8069230e+06   5.0415039e+01
   2.8168370e+06   4.9438477e+01
   2.8464080e+06   5.6396484e+01
   2.8803040e+06   5.1208496e+01
   2.9453770e+06   6.2438965e+01
   2.9895470e+06   4.9377441e+01
   3.0093160e+06   5.4382324e+01
   3.0634560e+06   4.7546387e+01
   3.0819340e+06   4.8156738e+01
   3.1131760e+06   4.8767090e+01
   3.1714290e+06   4.8095703e+01
   3.1744810e+06   4.7851562e+01
   3.1908940e+06   4.9377441e+01
   3.2388150e+06   4.8156738e+01
   3.2388510e+06   6.1523438e+01
   3.2388720e+06   5.0109863e+01
   3.2388870e+06   5.2795410e+01
   3.2389650e+06   8.7707520e+01
   3.2390870e+06   5.1940918e+01
   3.2391410e+06   6.3598633e+01
   3.2399170e+06   5.4443359e+01
   3.2762640e+06   4.8217773e+01
   3.2782240e+06   4.7302246e+01
   3.2958210e+06   5.5358887e+01
   3.3097050e+06   4.9682617e+01
   3.3113050e+06   4.7729492e+01
   3.3251930e+06   4.7729492e+01
   3.3400320e+06   5.1025391e+01
   3.3487880e+06   5.0476074e+01
   3.3527060e+06   4.7424316e+01
   3.3792140e+06   4.8645020e+01
   3.4135450e+06   5.1391602e+01
   3.4320270e+06   5.8349609e+01
   3.4849630e+06   4.8400879e+01
   3.5066230e+06   4.6752930e+01
   3.5210240e+06   4.6936035e+01
   3.5272500e+06   4.6997070e+01
   3.5871380e+06   5.3833008e+01
   3.6116540e+06   5.6213379e+01
   3.6366920e+06   5.1208496e+01
   3.6403280e+06   5.9509277e+01
   3.6403720e+06   4.9804688e+01
   3.6404690e+06   5.6823730e+01
   3.6405060e+06   8.6242676e+01
   3.6405780e+06   4.7302246e+01
   3.6406090e+06   5.1818848e+01
   3.6406720e+06   6.4392090e+01
   3.6408300e+06   4.8034668e+01
   3.6409180e+06   4.9255371e+01
   3.6409290e+06   4.8522949e+01
   3.6410730e+06   5.3466797e+01
   3.6565540e+06   4.8767090e+01
   3.6819270e+06   4.8828125e+01
   3.6950130e+06   4.7607422e+01
   3.6963500e+06   4.8889160e+01
   3.7036930e+06   4.6875000e+01
   3.7125680e+06   4.9987793e+01
   3.7134750e+06   5.1208496e+01
   3.7147620e+06   5.0109863e+01
   3.7334850e+06   6.0180664e+01
   3.7391490e+06   5.4443359e+01
   3.7560650e+06   4.8950195e+01
   3.7562890e+06   5.0659180e+01
   3.7823530e+06   4.6997070e+01
   3.7837020e+06   5.1940918e+01
   3.7877970e+06   4.9560547e+01
   3.7904530e+06   4.9438477e+01
   3.7984570e+06   5.0231934e+01
   3.8022170e+06   4.9316406e+01
   3.8022500e+06   5.9753418e+01
   3.8024250e+06   1.0211182e+02
   3.8024450e+06   4.8095703e+01
   3.8024990e+06   4.6936035e+01
   3.8025830e+06   5.3771973e+01
   3.8027350e+06   5.6762695e+01
   3.8029390e+06   7.0983887e+01
   3.8035140e+06   4.8278809e+01
   3.8267860e+06   4.7363281e+01
   3.8485630e+06   4.6875000e+01
   3.8502740e+06   4.8156738e+01
   3.8526430e+06   4.7180176e+01
   3.8622080e+06   4.9560547e+01
   3.8623620e+06   5.9875488e+01
   3.8625340e+06   5.8166504e+01
   3.8625720e+06   6.4270020e+01
   3.8626060e+06   5.2001953e+01
   3.8626200e+06   5.4504395e+01
   3.8626400e+06   4.8156738e+01
   3.8627090e+06   5.3222656e+01
   3.8627380e+06   4.9377441e+01
   3.8628100e+06   5.0415039e+01
   3.8628940e+06   5.9753418e+01
   3.8630220e+06   4.9499512e+01
   3.8632940e+06   5.1086426e+01
   3.8639870e+06   4.9621582e+01
   3.8642990e+06   5.0048828e+01
   3.8869080e+06   5.1330566e+01
   3.9014710e+06   5.0231934e+01
   3.9138740e+06   4.9560547e+01
   3.9160810e+06   4.8828125e+01
   3.9163620e+06   5.5908203e+01
   3.9166810e+06   4.6936035e+01
   3.9381670e+06   4.7607422e+01
   3.9462330e+06   4.8828125e+01
   3.9511470e+06   4.8278809e+01
   3.9827360e+06   4.9072266e+01
   4.0198430e+06   5.0170898e+01
   4.0207630e+06   5.5358887e+01
   4.0211350e+06   4.9743652e+01
   4.0567760e+06   4.6813965e+01
   4.0741490e+06   5.0903320e+01
   4.1064470e+06   5.4931641e+01
   4.1064930e+06   7.8247070e+01
   4.1066220e+06   5.8959961e+01
   4.1068390e+06   5.3649902e+01
   4.1071520e+06   5.9204102e+01
   4.1177310e+06   5.5480957e+01
   4.1315400e+06   5.2795410e+01
   4.1347320e+06   5.4504395e+01
   4.1431460e+06   4.8278809e+01
   4.1540350e+06   4.7424316e+01
   4.1677600e+06   5.8715820e+01
   4.1684420e+06   4.8583984e+01
   4.1690220e+06   5.3649902e+01
   4.2029610e+06   4.8889160e+01
   4.2156370e+06   5.1757812e+01
   4.2166140e+06   4.8461914e+01
   4.2211000e+06   5.2368164e+01
   4.2462610e+06   4.9072266e+01
   4.2464180e+06   4.9743652e+01
   4.2620230e+06   4.6875000e+01
   4.2692430e+06   4.6936035e+01
   4.2775050e+06   6.1096191e+01
   4.2784060e+06   4.8034668e+01
   4.2790360e+06   4.8889160e+01
   4.3407310e+06   4.8095703e+01
   4.3416050e+06   5.9387207e+01
   4.3699710e+06   6.0302734e+01
   4.3818260e+06   5.0354004e+01
   4.3831900e+06   4.7790527e+01
   4.3871610e+06   5.1574707e+01
   4.3964290e+06   6.7443848e+01
   4.4289710e+06   4.7668457e+01
   4.4328270e+06   5.2185059e+01
   4.4659240e+06   4.8461914e+01
   4.4877320e+06   5.0598145e+01
   4.4898800e+06   5.4504395e+01
   4.4899350e+06   4.7424316e+01
   4.4900120e+06   4.7180176e+01
   4.4900230e+06   5.4382324e+01
   4.4900440e+06   7.8002930e+01
   4.4901410e+06   7.3852539e+01
   4.4901670e+06   4.9743652e+01
   4.4902290e+06   4.7546387e+01
   4.4903180e+06   6.2072754e+01
   4.4903850e+06   5.5114746e+01
   4.4905370e+06   4.9072266e+01
   4.4906630e+06   4.8706055e+01
   4.4907820e+06   4.8217773e+01
   4.4911700e+06   4.7668457e+01
   4.5131560e+06   5.1269531e+01
   4.5353610e+06   5.8227539e+01
   4.5360730e+06   4.9316406e+01
   4.5703630e+06   4.9804688e+01
   4.5709630e+06   5.0354004e+01
   4.5987760e+06   4.7729492e+01
   4.6428570e+06   4.7363281e+01
   4.6593780e+06   4.9255371e+01
   4.6740020e+06   4.8461914e+01
   4.6745880e+06   5.4382324e+01
   4.6907630e+06   4.9926758e+01
   4.7051800e+06   5.0170898e+01
   4.7280510e+06   5.3710938e+01
   4.7280860e+06   7.2875977e+01
   4.7281490e+06   5.7678223e+01
   4.7282370e+06   7.0129395e+01
   4.7282940e+06   5.5786133e+01
   4.7283660e+06   5.5786133e+01
   4.7283860e+06   5.7128906e+01
   4.7284360e+06   4.8156738e+01
   4.7293310e+06   5.0231934e+01
   4.7380680e+06   4.9194336e+01
   4.7388110e+06   4.7912598e+01
   4.7389340e+06   4.8278809e+01
   4.7389610e+06   4.6997070e+01
   4.7390130e+06   5.2062988e+01
   4.7392640e+06   4.7485352e+01
   4.7392900e+06   5.2001953e+01
   4.7393560e+06   5.0109863e+01
   4.7395080e+06   5.0781250e+01
   4.7395620e+06   5.0964355e+01
   4.7398380e+06   4.7302246e+01
   4.7399790e+06   5.1513672e+01
   4.7404100e+06   4.6691895e+01
   4.7528580e+06   5.4382324e+01
   4.7853090e+06   5.0048828e+01
   4.7898150e+06   4.8217773e+01
   4.7924360e+06   5.4016113e+01
   4.8147280e+06   4.8950195e+01
   4.8204710e+06   5.8227539e+01
   4.8359570e+06   4.8950195e+01
   4.8452780e+06   5.1574707e+01
   4.8514670e+06   4.7058105e+01
   4.8624710e+06   4.7790527e+01
   4.8736130e+06   4.8522949e+01
   4.8927560e+06   5.9082031e+01
   4.9109080e+06   5.5786133e+01
   4.9247020e+06   4.7302246e+01
   4.9530330e+06   4.8522949e+01
   4.9585960e+06   4.8400879e+01
   5.0117280e+06   5.8166504e+01
   5.0297090e+06   5.7495117e+01
   5.0506580e+06   4.7607422e+01
   5.0549670e+06   5.4687500e+01
   5.0561010e+06   4.6875000e+01
   5.1359220e+06   4.8095703e+01
   5.1694790e+06   7.3059082e+01
   5.1903590e+06   5.7617188e+01
   5.2140510e+06   5.4077148e+01
   5.2486140e+06   4.7180176e+01
   5.2511130e+06   5.6518555e+01
   5.3161320e+06   4.9621582e+01
   5.3300190e+06   4.7058105e+01
   5.3853760e+06   4.7851562e+01
   5.4116250e+06   5.0170898e+01
   5.4361710e+06   5.3283691e+01
   5.4362010e+06   5.5053711e+01
   5.4362780e+06   4.6936035e+01
   5.4363750e+06   4.9865723e+01
   5.4363880e+06   5.3222656e+01
   5.4364190e+06   4.7729492e+01
   5.4365200e+06   6.1279297e+01
   5.4365610e+06   4.8339844e+01
   5.4368490e+06   5.1879883e+01
   5.4369400e+06   4.7058105e+01
   5.4376680e+06   5.4443359e+01
   5.4380830e+06   4.9499512e+01
   5.4385890e+06   4.7912598e+01
   5.4395440e+06   4.7485352e+01
   5.4474850e+06   5.5664062e+01
   5.4482410e+06   5.0659180e+01
   5.4488090e+06   5.6213379e+01
   5.4488450e+06   4.7607422e+01
   5.4489270e+06   4.8706055e+01
   5.4489730e+06   5.8837891e+01
   5.4491260e+06   5.7983398e+01
   5.4492310e+06   5.6884766e+01
   5.4493050e+06   4.7851562e+01
   5.4493690e+06   5.0903320e+01
   5.4495010e+06   6.9091797e+01
   5.4496580e+06   4.6875000e+01
   5.4498860e+06   4.6997070e+01
   5.4501880e+06   4.7729492e+01
   5.5161560e+06   5.4992676e+01
   5.5274010e+06   6.1340332e+01
   5.5274710e+06   5.3833008e+01
   5.5275220e+06   5.1940918e+01
   5.5276150e+06   7.2875977e+01
   5.5276770e+06   5.2368164e+01
   5.5277090e+06   4.7363281e+01
   5.5277560e+06   5.3833008e+01
   5.5279000e+06   5.9753418e+01
   5.5280590e+06   5.5725098e+01
   5.5281820e+06   4.8400879e+01
   5.5284080e+06   4.9377441e+01
   5.5289320e+06   5.5969238e+01
   5.5443270e+06   5.5053711e+01
   5.5655300e+06   4.6997070e+01
   5.5691400e+06   4.6813965e+01
   5.5713240e+06   4.6875000e+01
   5.5794580e+06   4.7973633e+01
   5.5806570e+06   5.3588867e+01
   5.5893060e+06   4.8583984e+01
   5.5998610e+06   4.9316406e+01
   5.6120730e+06   5.0292969e+01
   5.6139530e+06   5.0537109e+01
   5.6165490e+06   5.7067871e+01
   5.6254500e+06   4.7363281e+01
   5.6383570e+06   5.7434082e+01
   5.6430150e+06   4.9133301e+01
   5.6444330e+06   4.6997070e+01
   5.6601760e+06   4.7729492e+01
   5.6860090e+06   4.8706055e+01
   5.7046990e+06   4.6936035e+01
   5.7310290e+06   4.8828125e+01
   5.7370820e+06   4.7668457e+01
   5.7396050e+06   5.0048828e+01
   5.7471130e+06   5.6457520e+01
   5.7476510e+06   4.7363281e+01
   5.7600180e+06   4.6691895e+01
   5.8295300e+06   4.9438477e+01
   5.8925920e+06   5.4565430e+01
   5.9173600e+06   6.0485840e+01
   5.9381930e+06   4.9438477e+01
   5.9419250e+06   4.6752930e+01
   5.9673250e+06   5.0720215e+01
   6.0065280e+06   4.9255371e+01
   6.0271220e+06   5.2612305e+01
   6.0437390e+06   4.7546387e+01
   6.0630560e+06   4.9316406e+01
   6.0669930e+06   5.1330566e+01
   6.0671710e+06   7.3730469e+01
   6.0672470e+06   6.6528320e+01
   6.0673220e+06   6.3537598e+01
   6.0674000e+06   4.9499512e+01
   6.0675050e+06   4.7668457e+01
   6.0678500e+06   5.0720215e+01
   6.0680950e+06   4.9377441e+01
   6.0690780e+06   5.2795410e+01
   6.0776580e+06   4.8522949e+01
   6.0925350e+06   5.0292969e+01
   6.1052520e+06   4.7668457e+01
   6.1232660e+06   5.1879883e+01
   6.1493550e+06   4.6875000e+01
   6.1687080e+06   4.9072266e+01
   6.1847070e+06   4.7058105e+01
   6.1941930e+06   5.3955078e+01
   6.2193130e+06   5.5969238e+01
   6.2284580e+06   4.6813965e+01
   6.2376520e+06   4.7729492e+01
   6.2620660e+06   4.9316406e+01
   6.2659930e+06   5.1513672e+01
   6.2674120e+06   5.2307129e+01
   6.2675140e+06   4.7058105e+01
   6.2676240e+06   4.7790527e+01
   6.2676880e+06   8.9050293e+01
   6.2677160e+06   5.1513672e+01
   6.2677560e+06   4.7363281e+01
   6.2680640e+06   4.6508789e+01
   6.2682390e+06   4.8339844e+01
   6.2690980e+06   4.8034668e+01
   6.3101700e+06   4.9255371e+01
   6.3355860e+06   5.2978516e+01
   6.3378540e+06   5.0659180e+01
   6.3442840e+06   4.8400879e+01
   6.3838000e+06   5.3527832e+01
   6.4129000e+06   4.8034668e+01
   6.4172710e+06   4.9743652e+01
   6.5035840e+06   5.2001953e+01
   6.5079270e+06   4.7485352e+01
   6.5665650e+06   4.9377441e+01
   6.5730780e+06   4.9499512e+01
   6.6203740e+06   5.0781250e+01
   6.6310450e+06   4.9316406e+01
   6.6310850e+06   4.6508789e+01
   6.6311330e+06   5.7067871e+01
   6.6311640e+06   5.7434082e+01
   6.6312930e+06   5.3466797e+01
   6.6314320e+06   5.3588867e+01
   6.6316080e+06   5.3771973e+01
   6.6318840e+06   4.6691895e+01
   6.6319640e+06   4.7546387e+01
   6.6324780e+06   4.6569824e+01
   6.6329590e+06   5.2673340e+01
   6.6413750e+06   5.0292969e+01
   6.6414610e+06   4.7363281e+01
   6.6461290e+06   5.0781250e+01
   6.6462080e+06   5.3955078e+01
   6.6463490e+06   4.9560547e+01
   6.6463850e+06   7.8247070e+01
   6.6465320e+06   5.5419922e+01
   6.6466570e+06   5.2490234e+01
   6.6478280e+06   4.7546387e+01
   6.6493650e+06   4.6752930e+01
   6.6780950e+06   5.6335449e+01
   6.7002510e+06   4.6508789e+01
   6.7183080e+06   4.6813965e+01
   6.7248510e+06   4.8522949e+01
   6.7320190e+06   4.7973633e+01
   6.7477870e+06   5.0842285e+01
   6.7534120e+06   4.8400879e+01
   6.7846120e+06   4.9926758e+01
   6.7922870e+06   4.6630859e+01
   6.8003240e+06   5.4565430e+01
   6.8033880e+06   4.7119141e+01
   6.8242250e+06   5.1208496e+01
   6.8327430e+06   5.2856445e+01
   6.8441920e+06   5.0781250e+01
   6.8460990e+06   4.6752930e+01
   6.8520650e+06   4.8522949e+01
   6.8593740e+06   4.9133301e+01
   6.9271310e+06   4.9560547e+01
   6.9271890e+06   5.0048828e+01
   6.9272150e+06   4.7790527e+01
   6.9273630e+06   6.1767578e+01
   6.9274040e+06   6.1523438e+01
   6.9274820e+06   5.2429199e+01
   6.9275340e+06   4.8217773e+01
   6.9275480e+06   4.6569824e+01
   6.9277660e+06   4.6447754e+01
   6.9277950e+06   4.9072266e+01
   6.9281060e+06   4.7790527e+01
   6.9383000e+06   5.2185059e+01
   6.9386130e+06   4.9316406e+01
   6.9388360e+06   6.3842773e+01
   6.9391340e+06   5.1208496e+01
   6.9394350e+06   4.6508789e+01
   6.9395770e+06   4.8889160e+01
   6.9397850e+06   6.3293457e+01
   6.9401070e+06   4.7668457e+01
   6.9936020e+06   4.8156738e+01
   7.0043800e+06   4.7180176e+01
   7.0145890e+06   5.1940918e+01
   7.0236170e+06   4.7973633e+01
   7.0291600e+06   5.5114746e+01
   7.0359010e+06   5.1269531e+01
   7.0359160e+06   4.9133301e+01
   7.0670750e+06   4.8583984e+01
   7.0721710e+06   4.8583984e+01
   7.0781010e+06   5.3894043e+01
   7.1459700e+06   4.7058105e+01
   7.1682240e+06   5.4016113e+01
   7.1699900e+06   4.9072266e+01
   7.1704400e+06   4.7790527e+01
   7.2092130e+06   4.7729492e+01
   7.2205350e+06   5.4809570e+01
   7.2280300e+06   4.9377441e+01
   7.2562200e+06   6.0302734e+01
   7.2639900e+06   4.8034668e+01
   7.2745180e+06   4.6997070e+01
   7.2999730e+06   4.6630859e+01
   7.3339510e+06   5.7678223e+01
   7.3474550e+06   4.7607422e+01
   7.3474690e+06   4.8156738e+01
   7.3475160e+06   5.2734375e+01
   7.3475550e+06   5.6945801e+01
   7.3476440e+06   7.3669434e+01
   7.3477220e+06   5.2917480e+01
   7.3477990e+06   6.3110352e+01
   7.3478830e+06   5.2185059e+01
   7.3481750e+06   5.1330566e+01
   7.3483080e+06   4.8950195e+01
   7.3582530e+06   4.9072266e+01
   7.3587990e+06   5.1940918e+01
   7.3595640e+06   6.0119629e+01
   7.3597570e+06   5.9570312e+01
   7.3598770e+06   5.2001953e+01
   7.3598930e+06   6.1157227e+01
   7.3599180e+06   5.3649902e+01
   7.3600400e+06   4.8400879e+01
   7.3601490e+06   5.3283691e+01
   7.3601800e+06   5.8776855e+01
   7.3604120e+06   6.5063477e+01
   7.3612910e+06   5.5847168e+01
   7.4120690e+06   4.6997070e+01
   7.4255410e+06   4.7058105e+01
   7.4597010e+06   5.0354004e+01
   7.4633870e+06   4.6447754e+01
   7.4700710e+06   4.6569824e+01
   7.4719390e+06   4.8339844e+01
   7.4876100e+06   4.9987793e+01
   7.5244840e+06   5.9143066e+01
   7.5367280e+06   4.8706055e+01
   7.5411360e+06   4.7363281e+01
   7.5481280e+06   4.9194336e+01
   7.5590040e+06   5.2307129e+01
   7.5636470e+06   5.0659180e+01
   7.6432050e+06   5.6762695e+01
   7.6432520e+06   5.3283691e+01
   7.6433070e+06   7.1716309e+01
   7.6433690e+06   5.1574707e+01
   7.6434560e+06   7.2875977e+01
   7.6435810e+06   7.7087402e+01
   7.6436860e+06   4.8583984e+01
   7.6438150e+06   5.1391602e+01
   7.6439600e+06   4.8828125e+01
   7.6440610e+06   5.4138184e+01
   7.6442030e+06   5.0231934e+01
   7.6969550e+06   6.2377930e+01
   7.7350520e+06   5.7922363e+01
   7.7409010e+06   4.8583984e+01
   7.7512790e+06   5.0903320e+01
   7.7526730e+06   4.9682617e+01
   7.7729290e+06   4.7790527e+01
   7.7833020e+06   5.1330566e+01
   7.7924040e+06   4.8339844e+01
   7.8020260e+06   4.9133301e+01
   7.8456400e+06   4.7485352e+01
   7.8530130e+06   5.3771973e+01
   7.8727320e+06   5.2246094e+01
   7.8733710e+06   4.9743652e+01
   7.9117230e+06   4.8400879e+01
   7.9129420e+06   4.9133301e+01
   7.9504510e+06   4.6569824e+01
   7.9953130e+06   5.0415039e+01
   7.9953990e+06   5.5664063e+01
   7.9954350e+06   5.8776855e+01
   7.9954780e+06   5.5969238e+01
   7.9956120e+06   4.9926758e+01
   7.9957670e+06   5.3100586e+01
   7.9958160e+06   5.6396484e+01
   7.9962020e+06   5.7495117e+01
   7.9965950e+06   4.7546387e+01
   8.0059190e+06   5.3771973e+01
   8.0070170e+06   4.8217773e+01
   8.0337570e+06   4.9316406e+01
   8.0696250e+06   5.1147461e+01
   8.1145860e+06   4.7241211e+01
   8.1435840e+06   4.9499512e+01
   8.1655730e+06   5.2917480e+01
   8.2245910e+06   5.6884766e+01
   8.2309850e+06   4.8583984e+01
   8.2312120e+06   4.9560547e+01
   8.2312710e+06   4.8828125e+01
   8.2312830e+06   5.6762695e+01
   8.2314260e+06   5.1208496e+01
   8.2314700e+06   5.6396484e+01
   8.2315170e+06   4.6813965e+01
   8.2315550e+06   6.8115234e+01
   8.2317080e+06   4.9987793e+01
   8.2317350e+06   4.7607422e+01
   8.2321110e+06   5.8837891e+01
   8.2323400e+06   4.6569824e+01
   8.2732210e+06   4.8767090e+01
   8.2762570e+06   4.8950195e+01
   8.3194400e+06   4.8095703e+01
   8.3201910e+06   5.1635742e+01
   8.3369570e+06   5.4809570e+01
   8.3380790e+06   5.0598145e+01
   8.3775580e+06   5.0415039e+01
   8.4085540e+06   5.6823730e+01
   8.4253670e+06   5.6579590e+01
   8.4511460e+06   4.6447754e+01
   8.4522220e+06   4.6569824e+01
   8.4565180e+06   5.0170898e+01
   8.4683970e+06   5.3161621e+01
   8.4685730e+06   5.3833008e+01
   8.4685870e+06   5.3833008e+01
   8.4686760e+06   5.7861328e+01
   8.4687100e+06   6.6955566e+01
   8.4687670e+06   7.0495605e+01
   8.4688510e+06   5.2917480e+01
   8.4693310e+06   5.0720215e+01
   8.5091760e+06   4.9926758e+01
   8.5224940e+06   5.7861328e+01
   8.5242980e+06   5.0781250e+01
   8.5264230e+06   4.9865723e+01
   8.5506100e+06   5.5419922e+01
   8.5693730e+06   4.6569824e+01
   8.5977090e+06   5.6640625e+01
   8.6117500e+06   4.7729492e+01
   8.6185680e+06   6.0119629e+01
   8.6323920e+06   5.2307129e+01
   8.6429590e+06   4.6630859e+01
   8.6607520e+06   4.6447754e+01
   8.6762890e+06   4.7790527e+01
   8.6941610e+06   4.9438477e+01
   8.6976120e+06   4.7180176e+01
   8.7405540e+06   4.9682617e+01
   8.7695840e+06   5.7922363e+01
   8.7835660e+06   5.3588867e+01
   8.7836850e+06   6.6833496e+01
   8.7837750e+06   4.8583984e+01
   8.7838140e+06   4.6752930e+01
   8.7838390e+06   5.4260254e+01
   8.7838710e+06   7.1289062e+01
   8.7839080e+06   5.0537109e+01
   8.7839380e+06   6.5856934e+01
   8.7839970e+06   4.6752930e+01
   8.7840340e+06   5.3405762e+01
   8.7840530e+06   4.9255371e+01
   8.7841210e+06   5.3527832e+01
   8.7842050e+06   4.7607422e+01
   8.7843320e+06   5.5114746e+01
   8.7852370e+06   4.9804688e+01
   8.8143950e+06   4.8950195e+01
   8.8682330e+06   4.6752930e+01
   8.8894780e+06   5.2246094e+01
   8.9035870e+06   4.7058105e+01
   8.9693570e+06   4.8522949e+01
   9.0184390e+06   5.5908203e+01
   9.0336920e+06   4.4921875e+01
   9.0361430e+06   4.5043945e+01
   9.0542460e+06   5.1086426e+01
   9.0542910e+06   7.1838379e+01
   9.0543090e+06   4.9560547e+01
   9.0543830e+06   6.5185547e+01
   9.0544040e+06   6.1584473e+01
   9.0544740e+06   4.8400879e+01
   9.0545900e+06   6.6528320e+01
   9.0546690e+06   5.2612305e+01
   9.0547480e+06   4.8889160e+01
   9.0547880e+06   4.9621582e+01
   9.0550690e+06   4.5043945e+01
   9.0552610e+06   5.7617188e+01
   9.0659290e+06   4.6020508e+01
   9.0660430e+06   4.5104980e+01
   9.0660650e+06   4.9682617e+01
   9.0661400e+06   4.5227051e+01
   9.0662570e+06   4.5227051e+01
   9.0662760e+06   6.5917969e+01
   9.0663530e+06   4.6936035e+01
   9.0663830e+06   5.2246094e+01
   9.0663980e+06   5.5480957e+01
   9.0664240e+06   4.7912598e+01
   9.0664700e+06   4.9499512e+01
   9.0665920e+06   5.1452637e+01
   9.0667410e+06   5.2368164e+01
   9.0672380e+06   5.3955078e+01
   9.0678730e+06   5.0292969e+01
   9.0683440e+06   4.6508789e+01
   9.0930930e+06   4.5166016e+01
   9.1039630e+06   5.4626465e+01
   9.1552190e+06   4.5776367e+01
   9.1587720e+06   5.3710938e+01
   9.1717430e+06   4.5532227e+01
   9.1768010e+06   4.6264648e+01
   9.1906920e+06   5.4016113e+01
   9.1929780e+06   4.7058105e+01
   9.2161360e+06   4.5471191e+01
   9.2210650e+06   4.7363281e+01
   9.2365470e+06   4.8461914e+01
   9.2381360e+06   4.5715332e+01
   9.2554250e+06   4.5654297e+01
   9.2593750e+06   4.6630859e+01
   9.2623250e+06   4.6264648e+01
   9.2635210e+06   4.6691895e+01
   9.2643900e+06   4.5349121e+01
   9.2790520e+06   4.6936035e+01
   9.2859010e+06   5.3649902e+01
   9.2992390e+06   4.9133301e+01
   9.3133270e+06   4.8095703e+01
   9.3178250e+06   4.9865723e+01
   9.3277500e+06   5.0048828e+01
   9.3315230e+06   4.6813965e+01
   9.3625320e+06   4.5898438e+01
   9.3724460e+06   5.0537109e+01
   9.3933660e+06   4.5471191e+01
   9.4252570e+06   4.7241211e+01
   9.4580490e+06   4.5837402e+01
   9.4708870e+06   4.6081543e+01
   9.4793680e+06   4.8095703e+01
   9.5246150e+06   4.5532227e+01
   9.5291450e+06   4.7302246e+01
   9.5365250e+06   5.0720215e+01
   9.5422850e+06   4.6447754e+01
   9.5423130e+06   6.3049316e+01
   9.5423690e+06   6.4453125e+01
   9.5424070e+06   5.7617188e+01
   9.5424370e+06   5.4443359e+01
   9.5425610e+06   6.2377930e+01
   9.5426120e+06   4.7302246e+01
   9.5427270e+06   4.5104980e+01
   9.5427820e+06   4.5227051e+01
   9.5430870e+06   5.7128906e+01
   9.5431590e+06   4.5471191e+01
   9.5589580e+06   4.5715332e+01
   9.5668220e+06   4.7180176e+01
   9.5720510e+06   4.9133301e+01
   9.5744970e+06   4.8706055e+01
   9.5879730e+06   5.1940918e+01
   9.5991360e+06   4.6630859e+01
   9.6020590e+06   4.5410156e+01
   9.6127440e+06   4.6997070e+01
   9.6223160e+06   4.5532227e+01
   9.6256900e+06   5.4260254e+01
   9.6265320e+06   4.6813965e+01
   9.6268440e+06   4.5715332e+01
   9.6270780e+06   5.4443359e+01
   9.6674450e+06   4.7241211e+01
   9.6698340e+06   4.4982910e+01
   9.6772140e+06   4.5410156e+01
   9.6905310e+06   4.5104980e+01
   9.7030640e+06   4.9621582e+01
   9.7099910e+06   4.6264648e+01
   9.7418540e+06   5.0598145e+01
   9.7546800e+06   4.6142578e+01
   9.7644710e+06   4.7607422e+01
   9.7694860e+06   5.1025391e+01
   9.7727660e+06   4.9682617e+01
   9.7820640e+06   5.4321289e+01
   9.8120490e+06   4.6508789e+01
   9.8377240e+06   5.7250977e+01
   9.8377710e+06   5.2795410e+01
   9.8378400e+06   5.2429199e+01
   9.8379340e+06   5.4504395e+01
   9.8380130e+06   5.9570312e+01
   9.8380510e+06   5.1452637e+01
   9.8380980e+06   6.1767578e+01
   9.8381650e+06   5.4931641e+01
   9.8382000e+06   5.3588867e+01
   9.8384910e+06   4.6508789e+01
   9.8386220e+06   4.6813965e+01
   9.8484210e+06   4.6020508e+01
   9.8487630e+06   4.6813965e+01
   9.8490650e+06   4.5654297e+01
   9.8491520e+06   5.6152344e+01
   9.8494700e+06   5.1025391e+01
   9.8495720e+06   6.0852051e+01
   9.8496720e+06   5.1269531e+01
   9.8496990e+06   4.9133301e+01
   9.8497960e+06   4.7546387e+01
   9.8498910e+06   4.9133301e+01
   9.8499990e+06   4.5104980e+01
   9.8502530e+06   4.5471191e+01
   9.8504360e+06   4.5715332e+01
   9.8831090e+06   4.8583984e+01
   9.8906090e+06   4.7241211e+01
   9.9041410e+06   5.0598145e+01
   9.9161390e+06   4.7790527e+01
   9.9396990e+06   4.8706055e+01
   9.9502150e+06   4.6447754e+01
   9.9515890e+06   4.5166016e+01
   9.9710390e+06   4.5959473e+01
   9.9769300e+06   4.8217773e+01
   9.9929050e+06   4.8095703e+01
   9.9943840e+06   4.6875000e+01
   1.0001528e+07   4.5715332e+01
   1.0006192e+07   4.5410156e+01
   1.0012230e+07   5.3100586e+01
   1.0025296e+07   4.5654297e+01
   1.0027755e+07   4.8278809e+01
   1.0030177e+07   4.8950195e+01
   1.0036937e+07   4.5104980e+01
   1.0044720e+07   4.5593262e+01
   1.0061376e+07   4.5410156e+01
   1.0062328e+07   5.9814453e+01
   1.0062434e+07   4.9316406e+01
   1.0062465e+07   4.5532227e+01
   1.0062476e+07   5.9326172e+01
   1.0062516e+07   5.8471680e+01
   1.0062575e+07   6.0546875e+01
   1.0062647e+07   5.5297852e+01
   1.0062689e+07   5.0109863e+01
   1.0062720e+07   5.0415039e+01
   1.0062846e+07   4.5776367e+01
   1.0062977e+07   4.6630859e+01
   1.0063350e+07   4.5043945e+01
   1.0075976e+07   5.3649902e+01
   1.0079496e+07   4.9072266e+01
   1.0081900e+07   4.6691895e+01
   1.0085166e+07   4.8889160e+01
   1.0087852e+07   4.6447754e+01
   1.0089584e+07   4.6997070e+01
   1.0094822e+07   4.8645020e+01
   1.0143670e+07   4.9682617e+01
   1.0158666e+07   4.8339844e+01
   1.0166662e+07   4.6386719e+01
   1.0176044e+07   4.5654297e+01
   1.0177162e+07   4.5593262e+01
   1.0185163e+07   4.5959473e+01
   1.0195598e+07   4.6752930e+01
   1.0224360e+07   4.8217773e+01
   1.0225650e+07   4.5104980e+01
   1.0234847e+07   4.7180176e+01
   1.0239860e+07   4.5715332e+01
   1.0248027e+07   4.5959473e+01
   1.0249440e+07   4.9438477e+01
   1.0253838e+07   4.7241211e+01
   1.0260440e+07   4.5776367e+01
   1.0274711e+07   5.4443359e+01
   1.0286566e+07   4.8461914e+01
   1.0299250e+07   4.5104980e+01
   1.0309318e+07   4.5166016e+01
   1.0333063e+07   5.1574707e+01
   1.0349587e+07   5.1025391e+01
   1.0355647e+07   4.5104980e+01
   1.0370321e+07   4.6813965e+01
   1.0396450e+07   6.1157227e+01
   1.0420457e+07   4.6142578e+01
   1.0433313e+07   4.6020508e+01
   1.0515231e+07   4.7790527e+01
   1.0579308e+07   4.7485352e+01
   1.0605386e+07   4.5410156e+01
   1.0667849e+07   4.7668457e+01
   1.0708443e+07   4.5654297e+01
   1.0847700e+07   4.6997070e+01
   1.0848012e+07   5.2490234e+01
   1.0848033e+07   7.6293945e+01
   1.0848137e+07   6.3537598e+01
   1.0848149e+07   6.4514160e+01
   1.0848217e+07   5.1696777e+01
   1.0848283e+07   5.2185059e+01
   1.0848315e+07   5.3710938e+01
   1.0848414e+07   4.9865723e+01
   1.0848444e+07   5.1086426e+01
   1.0848541e+07   4.8278809e+01
   1.0848611e+07   4.7302246e+01
   1.0848631e+07   4.6447754e+01
   1.0880477e+07   4.8217773e+01
   1.0890470e+07   4.8400879e+01
   1.0906384e+07   4.6142578e+01
   1.0910097e+07   4.5227051e+01
   1.0914447e+07   4.6142578e+01
   1.0925528e+07   4.5043945e+01
   1.0934100e+07   4.8583984e+01
   1.0944865e+07   4.7973633e+01
   1.0945876e+07   5.0048828e+01
   1.0967632e+07   4.6569824e+01
   1.0990661e+07   4.8339844e+01
   1.1021593e+07   4.8828125e+01
   1.1031217e+07   4.7729492e+01
   1.1042330e+07   4.6752930e+01
   1.1058643e+07   5.3527832e+01
   1.1070344e+07   4.7058105e+01
   1.1090091e+07   4.6142578e+01
   1.1096584e+07   4.5166016e+01
   1.1133575e+07   4.5593262e+01
   1.1175314e+07   4.8767090e+01
   1.1176620e+07   5.5419922e+01
   1.1200582e+07   4.6875000e+01
   1.1299581e+07   4.8461914e+01
   1.1299891e+07   5.1818848e+01
   1.1299947e+07   4.5349121e+01
   1.1299968e+07   4.5288086e+01
   1.1300063e+07   6.4880371e+01
   1.1300133e+07   5.2551270e+01
   1.1300170e+07   5.6884766e+01
   1.1300196e+07   5.0842285e+01
   1.1300235e+07   4.6203613e+01
   1.1302052e+07   4.5837402e+01
   1.1316562e+07   5.3039551e+01
   1.1316613e+07   6.4453125e+01
   1.1316625e+07   5.0598145e+01
   1.1316702e+07   4.8217773e+01
   1.1316753e+07   5.3649902e+01
   1.1316789e+07   5.1025391e+01
   1.1316878e+07   4.5898438e+01
   1.1316968e+07   4.9865723e+01
   1.1317082e+07   5.6091309e+01
   1.1317436e+07   4.6813965e+01
   1.1317789e+07   4.5043945e+01
   1.1317952e+07   4.5104980e+01
   1.1318424e+07   5.0659180e+01
   1.1318513e+07   4.5349121e+01
   1.1328211e+07   5.5603027e+01
   1.1331551e+07   4.6142578e+01
   1.1332062e+07   4.5410156e+01
   1.1353577e+07   7.0068359e+01
   1.1359167e+07   4.7119141e+01
   1.1405156e+07   4.7973633e+01
   1.1418897e+07   5.2246094e+01
   1.1421171e+07   5.0109863e+01
   1.1437787e+07   5.1513672e+01
   1.1447069e+07   5.3466797e+01
   1.1467985e+07   4.6875000e+01
   1.1473500e+07   5.1513672e+01
   1.1474836e+07   5.0659180e+01
   1.1479561e+07   4.5043945e+01
   1.1480633e+07   4.4982910e+01
   1.1480690e+07   4.5776367e+01
   1.1480717e+07   4.9987793e+01
   1.1480850e+07   4.5166016e+01
   1.1480945e+07   6.2805176e+01
   1.1481018e+07   5.7983398e+01
   1.1481028e+07   5.4626465e+01
   1.1481131e+07   5.1879883e+01
   1.1481218e+07   5.4077148e+01
   1.1481228e+07   5.0781250e+01
   1.1481312e+07   4.8156738e+01
   1.1481525e+07   5.8410645e+01
   1.1481665e+07   4.7485352e+01
   1.1490140e+07   4.4921875e+01
   1.1495614e+07   5.1574707e+01
   1.1496440e+07   5.1574707e+01
   1.1512172e+07   4.5043945e+01
   1.1518251e+07   5.0659180e+01
   1.1524326e+07   4.5776367e+01
   1.1528430e+07   4.8461914e+01
   1.1530558e+07   4.7119141e+01
   1.1536504e+07   4.6813965e+01
   1.1543674e+07   5.0720215e+01
   1.1545594e+07   5.1940918e+01
   1.1547824e+07   4.5898438e+01
   1.1549043e+07   4.5837402e+01
   1.1549197e+07   4.5166016e+01
   1.1549824e+07   5.6640625e+01
   1.1549866e+07   5.3710938e+01
   1.1550025e+07   5.3771973e+01
   1.1550082e+07   5.7922363e+01
   1.1550111e+07   6.2927246e+01
   1.1550198e+07   5.3161621e+01
   1.1550229e+07   4.5837402e+01
   1.1550377e+07   4.6203613e+01
   1.1550464e+07   4.8706055e+01
   1.1550529e+07   4.8339844e+01
   1.1550642e+07   5.7556152e+01
   1.1550929e+07   4.6081543e+01
   1.1551290e+07   6.0058594e+01
   1.1551496e+07   5.7434082e+01
   1.1567537e+07   4.7912598e+01
   1.1574170e+07   4.6142578e+01
   1.1575362e+07   5.4443359e+01
   1.1576082e+07   4.5410156e+01
   1.1592589e+07   5.9997559e+01
   1.1593991e+07   4.7424316e+01
   1.1599655e+07   4.8156738e+01
   1.1605392e+07   4.4921875e+01
   1.1609224e+07   4.9072266e+01
   1.1613467e+07   4.9011230e+01
   1.1617476e+07   4.6875000e+01
   1.1617587e+07   4.6142578e+01
   1.1617661e+07   5.4077148e+01
   1.1617741e+07   7.0617676e+01
   1.1617822e+07   5.1940918e+01
   1.1617900e+07   4.8889160e+01
   1.1617975e+07   4.7973633e+01
   1.1618080e+07   4.9316406e+01
   1.1631676e+07   5.2124023e+01
   1.1638934e+07   5.1452637e+01
   1.1655371e+07   4.5654297e+01
   1.1658284e+07   5.1391602e+01
   1.1660108e+07   5.2429199e+01
   1.1661913e+07   5.3100586e+01
   1.1664369e+07   4.5654297e+01
   1.1669129e+07   4.5532227e+01
   1.1673878e+07   4.8889160e+01
   1.1676036e+07   4.9011230e+01
   1.1680304e+07   5.3222656e+01
   1.1683365e+07   5.3833008e+01
   1.1683421e+07   4.9682617e+01
   1.1683462e+07   4.8034668e+01
   1.1683517e+07   4.5227051e+01
   1.1683549e+07   4.9560547e+01
   1.1683682e+07   4.4921875e+01
   1.1683724e+07   6.4208984e+01
   1.1683747e+07   4.8583984e+01
   1.1683802e+07   5.7067871e+01
   1.1684136e+07   4.9194336e+01
   1.1684375e+07   4.4982910e+01
   1.1710331e+07   4.9011230e+01
   1.1725455e+07   5.0415039e+01
   1.1729115e+07   5.8532715e+01
   1.1733530e+07   4.9194336e+01
   1.1735761e+07   4.5288086e+01
   1.1739634e+07   4.8706055e+01
   1.1747657e+07   5.2795410e+01
   1.1747679e+07   4.5715332e+01
   1.1747747e+07   4.9377441e+01
   1.1747791e+07   4.7546387e+01
   1.1747829e+07   4.6142578e+01
   1.1747874e+07   4.9682617e+01
   1.1747884e+07   6.2866211e+01
   1.1747975e+07   5.6518555e+01
   1.1748259e+07   4.6936035e+01
   1.1748345e+07   4.9682617e+01
   1.1748678e+07   5.1208496e+01
   1.1748908e+07   4.6691895e+01
   1.1749401e+07   4.7546387e+01
   1.1763811e+07   4.9011230e+01
   1.1796343e+07   4.9804688e+01
   1.1806511e+07   4.6752930e+01
   1.1819096e+07   5.3588867e+01
   1.1845971e+07   6.0668945e+01
   1.1851964e+07   4.8889160e+01
   1.1860201e+07   4.7729492e+01
   1.1863570e+07   4.6508789e+01
   1.1869234e+07   4.7302246e+01
   1.1872676e+07   4.5776367e+01
   1.1877371e+07   5.6274414e+01
   1.1885869e+07   5.9082031e+01
   1.1888878e+07   4.6203613e+01
   1.1890314e+07   4.6569824e+01
   1.1891255e+07   4.5166016e+01
   1.1895321e+07   4.7973633e+01
   1.1900158e+07   5.4443359e+01
   1.1904618e+07   4.5104980e+01
   1.1952317e+07   4.5227051e+01
   1.1958504e+07   4.4921875e+01
