   1.1996000e+07   0.0000000e+00
   7.1801500e+05   3.7414551e+01
   7.6031500e+05   3.7536621e+01
   8.7038500e+05   3.8085938e+01
   1.2516360e+06   3.7841797e+01
   1.7694760e+06   3.7475586e+01
   1.8417730e+06   3.7780762e+01
   2.0920580e+06   4.2724609e+01
   2.4288550e+06   3.8574219e+01
   3.7777560e+06   3.7597656e+01
   3.8024460e+06   3.7048340e+01
   3.8024900e+06   3.7780762e+01
   3.9051360e+06   3.9489746e+01
   4.1065020e+06   3.7353516e+01
   4.7395220e+06   3.6926270e+01
   5.6680020e+06   3.9550781e+01
   6.6312480e+06   4.4799805e+01
   6.6462250e+06   4.2968750e+01
   8.0054610e+06   3.7597656e+01
   9.8379310e+06   4.0283203e+01
   1.0272969e+07   3.7841797e+01
