   1.1996000e+07   0.0000000e+00
   2.8526200e+05   6.9946289e+01
   2.8529600e+05   5.7006836e+01
   2.8543400e+05   5.9814453e+01
   3.1464200e+05   6.1218262e+01
   7.9185900e+05   6.4208984e+01
   7.9190200e+05   5.9265137e+01
   7.9202900e+05   6.3110352e+01
   7.9206100e+05   6.1401367e+01
   8.1346500e+05   6.5246582e+01
   8.1385300e+05   6.4453125e+01
   8.3031400e+05   5.6701660e+01
   8.4076000e+05   5.8593750e+01
   1.0648450e+06   6.2194824e+01
   1.0651630e+06   6.2072754e+01
   1.5923140e+06   5.6945801e+01
   1.8704680e+06   5.8654785e+01
   1.8705540e+06   7.4096680e+01
   1.8858200e+06   5.7678223e+01
   1.8859760e+06   6.6345215e+01
   1.8860570e+06   5.8166504e+01
   1.8876220e+06   5.8044434e+01
   1.8879930e+06   5.9265137e+01
   1.8888190e+06   5.9936523e+01
   1.9027000e+06   6.7993164e+01
   3.0132760e+06   6.3415527e+01
   3.0301460e+06   6.1462402e+01
   3.0304040e+06   5.9448242e+01
   3.0508480e+06   5.7067871e+01
   3.5186080e+06   5.7373047e+01
   4.2838380e+06   6.4697266e+01
   4.2838550e+06   5.9082031e+01
   4.3069440e+06   5.8654785e+01
   4.3070850e+06   5.7800293e+01
   4.3071160e+06   5.8410645e+01
   4.3094220e+06   5.8044434e+01
   4.3097100e+06   5.9204102e+01
   4.3198870e+06   5.9875488e+01
   4.3301900e+06   5.7373047e+01
   4.5834720e+06   6.1645508e+01
   4.7777770e+06   5.9204102e+01
   4.7778750e+06   5.8654785e+01
   4.7779120e+06   5.9997559e+01
   4.8020160e+06   5.7983398e+01
   5.0315970e+06   7.5317383e+01
   5.0317540e+06   6.2927246e+01
   6.1185110e+06   5.7006836e+01
   6.1186040e+06   6.0668945e+01
   6.1186280e+06   6.6528320e+01
   6.1186620e+06   6.0424805e+01
   6.1204810e+06   6.0485840e+01
   6.1358160e+06   6.4941406e+01
   6.1504100e+06   5.7373047e+01
   6.8230910e+06   6.4331055e+01
   6.8231400e+06   5.7250977e+01
   6.8380710e+06   6.3720703e+01
   6.8382330e+06   5.7067871e+01
   6.8383240e+06   6.3049316e+01
   7.3592640e+06   5.7983398e+01
   7.3593590e+06   6.7443848e+01
   7.3593930e+06   8.2397461e+01
   7.3594570e+06   6.5429688e+01
   7.3753560e+06   6.3415527e+01
   7.3914850e+06   5.7800293e+01
   7.9090560e+06   6.0668945e+01
   8.0575660e+06   6.0241699e+01
   8.0576800e+06   6.5307617e+01
   8.0963730e+06   5.7800293e+01
   8.0964510e+06   6.4697266e+01
   8.1088580e+06   5.7067871e+01
   8.1089040e+06   5.9326172e+01
   8.1091920e+06   5.9265137e+01
   8.2769520e+06   6.8603516e+01
   8.7319030e+06   6.0119629e+01
   8.7319980e+06   5.7495117e+01
   8.7320470e+06   5.9814453e+01
   9.2444320e+06   6.7504883e+01
   9.2445250e+06   7.5195312e+01
   9.2445400e+06   6.3232422e+01
   9.2445500e+06   6.3842773e+01
   9.2457860e+06   6.0485840e+01
   9.2637190e+06   6.5185547e+01
   9.2639990e+06   5.7800293e+01
   9.2782590e+06   6.0668945e+01
   9.2782740e+06   7.2021484e+01
   9.3494970e+06   5.7678223e+01
   9.3495100e+06   5.7556152e+01
   9.3496330e+06   6.4941406e+01
   9.3497050e+06   6.0852051e+01
   9.3497300e+06   5.6945801e+01
   9.4153720e+06   5.9143066e+01
   9.4154500e+06   6.8908691e+01
   9.5096250e+06   5.8105469e+01
   1.0195731e+07   6.1645508e+01
   1.0195747e+07   7.5073242e+01
   1.0483385e+07   6.4697266e+01
   1.0483437e+07   6.2194824e+01
   1.0483468e+07   6.4270020e+01
   1.0483483e+07   7.1960449e+01
   1.0483715e+07   5.9265137e+01
   1.0509458e+07   5.7006836e+01
   1.0510585e+07   5.7678223e+01
   1.0528397e+07   5.7006836e+01
   1.1232778e+07   6.3476562e+01
   1.1232788e+07   5.7739258e+01
   1.1232827e+07   6.0607910e+01
   1.1232849e+07   5.7067871e+01
   1.1232879e+07   5.8166504e+01
   1.1261347e+07   5.7678223e+01
   1.1261562e+07   5.7250977e+01
   1.1278574e+07   5.7739258e+01
   1.1436204e+07   6.1279297e+01
   1.1487569e+07   5.7556152e+01
   1.1842172e+07   6.0485840e+01
   1.1842267e+07   5.8532715e+01
   1.1842304e+07   5.7312012e+01
   1.1868946e+07   6.5490723e+01
   1.1869051e+07   6.1218262e+01
   1.1869182e+07   6.1157227e+01
