   1.1996000e+07   0.0000000e+00
   2.3495300e+05   1.0864258e+01
   8.9380200e+05   1.0803223e+01
   1.7923710e+06   1.0925293e+01
   3.5921270e+06   1.0559082e+01
   5.1108490e+06   1.0742188e+01
   5.4580660e+06   1.0559082e+01
   7.0646780e+06   1.0864258e+01
   7.8706370e+06   1.1047363e+01
   8.5805960e+06   1.0986328e+01
   8.7835390e+06   1.0925293e+01
   9.1842820e+06   1.1108398e+01
   9.3963200e+06   1.0559082e+01
   9.6027590e+06   1.1352539e+01
   9.8083610e+06   1.0437012e+01
   1.0725299e+07   1.0803223e+01
   1.1333969e+07   1.0864258e+01
   1.1437648e+07   1.0803223e+01
   1.1496428e+07   1.1108398e+01
   1.1602134e+07   1.0437012e+01
   1.1857607e+07   1.0742188e+01
