   1.1996000e+07   0.0000000e+00
   1.0630800e+05   5.1696777e+01
   1.0757700e+05   5.0170898e+01
   1.0806000e+05   4.5166016e+01
   1.0880600e+05   5.0659180e+01
   1.0902900e+05   4.5410156e+01
   1.0905000e+05   4.9621582e+01
   1.0955000e+05   4.4677734e+01
   1.1343000e+05   5.1635742e+01
   1.1345300e+05   4.4006348e+01
   1.1361100e+05   1.7919922e+02
   1.1364100e+05   7.2875977e+01
   1.1367000e+05   9.6252441e+01
   1.1369000e+05   4.5654297e+01
   1.1371900e+05   6.3903809e+01
   1.1380000e+05   8.2641602e+01
   1.1384800e+05   5.2734375e+01
   1.1389000e+05   4.6142578e+01
   1.1395800e+05   4.7302246e+01
   1.1430800e+05   4.6813965e+01
   1.1436200e+05   4.4067383e+01
   1.1445500e+05   4.5227051e+01
   1.1458100e+05   9.5397949e+01
   1.1475400e+05   5.1391602e+01
   1.1478300e+05   1.0528564e+02
   1.1484200e+05   5.4382324e+01
   1.1498400e+05   8.3007813e+01
   1.1500100e+05   4.7790527e+01
   1.1506200e+05   4.3762207e+01
   1.1520700e+05   8.8867188e+01
   1.1526300e+05   6.2622070e+01
   1.1538000e+05   6.1645508e+01
   1.1542300e+05   5.4321289e+01
   1.1554400e+05   4.6325684e+01
   1.1559100e+05   6.0302734e+01
   1.1577500e+05   5.2185059e+01
   1.1591100e+05   5.3100586e+01
   1.1622400e+05   5.1391602e+01
   1.1652900e+05   4.6569824e+01
   1.1736300e+05   4.3334961e+01
   1.1804200e+05   4.8767090e+01
   1.1862900e+05   5.0292969e+01
   1.1934700e+05   4.3273926e+01
   1.2935600e+05   4.6936035e+01
   1.2939700e+05   1.7401123e+02
   1.2941800e+05   4.3395996e+01
   1.2946100e+05   5.9997559e+01
   1.2950100e+05   1.1743164e+02
   1.2952400e+05   4.4311523e+01
   1.2953500e+05   5.4870605e+01
   1.2966600e+05   5.5175781e+01
   1.2974300e+05   4.6020508e+01
   1.3027300e+05   4.6020508e+01
   1.3086900e+05   5.2978516e+01
   1.3105300e+05   5.0781250e+01
   1.3161200e+05   5.7434082e+01
   1.3166700e+05   4.6264648e+01
   1.3202200e+05   5.1330566e+01
   1.3222900e+05   1.0565186e+02
   1.3260800e+05   7.3120117e+01
   1.3310500e+05   7.2998047e+01
   1.3347500e+05   5.2062988e+01
   1.8003400e+05   6.0241699e+01
   1.8010000e+05   1.8902588e+02
   1.8012900e+05   5.1635742e+01
   1.8015200e+05   5.1696777e+01
   1.8017300e+05   5.3771973e+01
   1.8019400e+05   5.3100586e+01
   1.8021100e+05   8.9294434e+01
   1.8024500e+05   5.3466797e+01
   1.8029800e+05   9.7167969e+01
   1.8030800e+05   5.6762695e+01
   1.8034500e+05   5.1452637e+01
   1.8038300e+05   5.0964355e+01
   1.8049000e+05   4.7607422e+01
   1.8052400e+05   4.7363281e+01
   1.8058100e+05   4.6386719e+01
   1.8102000e+05   4.3212891e+01
   1.8105700e+05   5.5053711e+01
   1.8120900e+05   4.9072266e+01
   1.8122100e+05   1.1657715e+02
   1.8128900e+05   4.3640137e+01
   1.8153700e+05   4.5166016e+01
   2.2552100e+05   4.9316406e+01
   2.8882400e+05   4.4921875e+01
   4.6794700e+05   4.9316406e+01
   5.2077900e+05   5.1147461e+01
   5.2159900e+05   4.8522949e+01
   5.5211000e+05   4.5654297e+01
   5.7871700e+05   4.3701172e+01
   6.0800300e+05   5.0659180e+01
   6.0816400e+05   4.3518066e+01
   6.0822400e+05   4.3884277e+01
   8.0669600e+05   4.4189453e+01
   8.6095500e+05   5.1330566e+01
   8.6156600e+05   4.3395996e+01
   9.3607700e+05   4.4799805e+01
   9.3619600e+05   4.9072266e+01
   9.3647500e+05   4.5410156e+01
   1.0125050e+06   4.4921875e+01
   1.0475930e+06   4.6386719e+01
   1.0808210e+06   4.7851562e+01
   1.1054040e+06   4.9438477e+01
   1.1073670e+06   4.4616699e+01
   1.1109700e+06   6.6650391e+01
   1.1454980e+06   5.6579590e+01
   1.1456720e+06   4.7302246e+01
   1.1495230e+06   4.3518066e+01
   1.2530670e+06   5.0170898e+01
   1.3819920e+06   4.3212891e+01
   1.3823470e+06   4.6997070e+01
   1.4194730e+06   5.7983398e+01
   1.4196020e+06   4.5288086e+01
   1.4641580e+06   4.5898438e+01
   1.4642180e+06   4.5166016e+01
   1.4865330e+06   4.5837402e+01
   1.4866570e+06   4.3945313e+01
   1.5091760e+06   4.7851563e+01
   1.5319090e+06   4.3212891e+01
   1.5399070e+06   4.3945312e+01
   1.5399370e+06   1.5954590e+02
   1.5399510e+06   9.6008301e+01
   1.5399860e+06   1.1706543e+02
   1.5400120e+06   5.1269531e+01
   1.5400540e+06   5.0598145e+01
   1.5400670e+06   6.2683105e+01
   1.5401050e+06   4.4372559e+01
   1.5401180e+06   5.9204102e+01
   1.5404060e+06   4.3395996e+01
   1.5486290e+06   4.6386719e+01
   1.5487760e+06   5.1513672e+01
   1.5488260e+06   2.0526123e+02
   1.5488500e+06   7.9162598e+01
   1.5488990e+06   5.9631348e+01
   1.5489160e+06   1.2756348e+02
   1.5489480e+06   5.9631348e+01
   1.5489830e+06   7.3791504e+01
   1.5490020e+06   4.3762207e+01
   1.5490290e+06   6.4025879e+01
   1.5490470e+06   4.4860840e+01
   1.5490780e+06   5.5603027e+01
   1.5491270e+06   9.8022461e+01
   1.5491540e+06   4.4677734e+01
   1.5492700e+06   8.3679199e+01
   1.5493740e+06   5.0598145e+01
   1.5495040e+06   4.5166016e+01
   1.5496000e+06   6.2988281e+01
   1.5496110e+06   4.4799805e+01
   1.5497830e+06   8.2397461e+01
   1.5498370e+06   4.6691895e+01
   1.5499630e+06   4.3334961e+01
   1.5500180e+06   9.5703125e+01
   1.5501120e+06   5.1269531e+01
   1.5503630e+06   8.0932617e+01
   1.5507340e+06   1.0223389e+02
   1.5510510e+06   4.3518066e+01
   1.5511100e+06   5.0476074e+01
   1.5513090e+06   1.0235596e+02
   1.5516290e+06   5.2368164e+01
   1.5516480e+06   6.6040039e+01
   1.5518910e+06   4.6020508e+01
   1.5519010e+06   1.0784912e+02
   1.5521110e+06   7.1289062e+01
   1.5522690e+06   4.3945312e+01
   1.5524210e+06   7.2143555e+01
   1.5535480e+06   5.1269531e+01
   1.5893270e+06   4.4006348e+01
   1.5895140e+06   4.5349121e+01
   1.5897130e+06   4.6264648e+01
   1.5897600e+06   6.5124512e+01
   1.5897940e+06   2.0812988e+02
   1.5898160e+06   5.6274414e+01
   1.5898300e+06   7.3425293e+01
   1.5898620e+06   5.7983398e+01
   1.5898940e+06   6.1645508e+01
   1.5899450e+06   1.1779785e+02
   1.5899810e+06   6.0119629e+01
   1.5900100e+06   5.1574707e+01
   1.5900400e+06   5.7312012e+01
   1.5900910e+06   5.0598145e+01
   1.5901250e+06   5.2062988e+01
   1.5901760e+06   4.3945312e+01
   1.5902940e+06   8.4228516e+01
   1.5903040e+06   4.8217773e+01
   1.5904740e+06   4.7729492e+01
   1.5905270e+06   1.0443115e+02
   1.5905680e+06   4.9621582e+01
   1.5906790e+06   4.3884277e+01
   1.5911090e+06   4.3701172e+01
   1.6616630e+06   8.4533691e+01
   1.6832840e+06   4.4677734e+01
   1.7075130e+06   4.8339844e+01
   1.7077090e+06   4.5959473e+01
   1.7546050e+06   4.7607422e+01
   1.7547010e+06   4.7241211e+01
   1.7835400e+06   4.3395996e+01
   1.7835530e+06   5.1330566e+01
   1.8046440e+06   4.3334961e+01
   1.8267360e+06   4.3273926e+01
   1.8874980e+06   4.6752930e+01
   1.8877310e+06   4.3945313e+01
   1.9344540e+06   4.6386719e+01
   1.9595500e+06   4.3701172e+01
   1.9829840e+06   4.3273926e+01
   1.9831900e+06   4.3334961e+01
   1.9832110e+06   4.7302246e+01
   2.0002330e+06   4.6264648e+01
   2.0271730e+06   5.6030273e+01
   2.1051050e+06   4.7302246e+01
   2.1057230e+06   5.1940918e+01
   2.1604650e+06   4.6691895e+01
   2.1608690e+06   4.4311523e+01
   2.1836010e+06   4.8645020e+01
   2.2095440e+06   4.5837402e+01
   2.2095890e+06   4.3884277e+01
   2.2098960e+06   4.7363281e+01
   2.2336800e+06   4.5471191e+01
   2.2660140e+06   4.4128418e+01
   2.3021350e+06   4.8095703e+01
   2.3211910e+06   4.4860840e+01
   2.3513860e+06   4.9743652e+01
   2.3514590e+06   4.4616699e+01
   2.3515460e+06   4.3701172e+01
   2.3808530e+06   4.4372559e+01
   2.4099380e+06   5.4138184e+01
   2.4099660e+06   4.7119141e+01
   2.4100070e+06   4.7424316e+01
   2.4102430e+06   4.6813965e+01
   2.4597700e+06   4.8278809e+01
   2.4597880e+06   4.6691895e+01
   2.5035300e+06   5.0720215e+01
   2.5035500e+06   2.5421143e+02
   2.5035800e+06   7.6232910e+01
   2.5035970e+06   1.2414551e+02
   2.5036240e+06   4.6447754e+01
   2.5036370e+06   6.5612793e+01
   2.5036630e+06   4.4921875e+01
   2.5036740e+06   4.3823242e+01
   2.5037010e+06   6.7626953e+01
   2.5037900e+06   4.4250488e+01
   2.5038840e+06   4.6325684e+01
   2.5108170e+06   7.6354980e+01
   2.5110480e+06   6.6467285e+01
   2.5110730e+06   2.1435547e+02
   2.5111360e+06   7.6477051e+01
   2.5111720e+06   1.4849854e+02
   2.5112000e+06   6.6711426e+01
   2.5112250e+06   6.6711426e+01
   2.5112530e+06   1.0253906e+02
   2.5112980e+06   5.4565430e+01
   2.5113260e+06   6.5734863e+01
   2.5114390e+06   7.3425293e+01
   2.5114670e+06   4.7851562e+01
   2.5115360e+06   4.3457031e+01
   2.5116860e+06   6.2133789e+01
   2.5119370e+06   4.7973633e+01
   2.5119500e+06   1.1822510e+02
   2.5121780e+06   8.4838867e+01
   2.5123110e+06   5.0292969e+01
   2.5124580e+06   9.8266602e+01
   2.5127030e+06   8.3618164e+01
   2.5128860e+06   8.4350586e+01
   2.5129030e+06   5.8715820e+01
   2.5133030e+06   9.0820313e+01
   2.5133200e+06   4.4128418e+01
   2.5133840e+06   4.6020508e+01
   2.5134480e+06   5.0354004e+01
   2.5135430e+06   8.8256836e+01
   2.5137410e+06   9.6069336e+01
   2.5139300e+06   4.4128418e+01
   2.5140400e+06   7.4035645e+01
   2.5143330e+06   7.9650879e+01
   2.5143880e+06   5.2917480e+01
   2.5146960e+06   9.6252441e+01
   2.5148680e+06   4.8400879e+01
   2.5243770e+06   1.6156006e+02
   2.5244620e+06   5.7739258e+01
   2.5244810e+06   4.5898438e+01
   2.5244930e+06   1.4056396e+02
   2.5245150e+06   4.4006348e+01
   2.5245470e+06   6.0852051e+01
   2.5245780e+06   5.3771973e+01
   2.5246010e+06   6.1462402e+01
   2.5246640e+06   5.6701660e+01
   2.5247120e+06   4.7851562e+01
   2.5247220e+06   5.4748535e+01
   2.5247860e+06   4.8400879e+01
   2.5249720e+06   5.0476074e+01
   2.5250210e+06   6.4208984e+01
   2.5251040e+06   5.4443359e+01
   2.5252840e+06   5.4687500e+01
   2.5253640e+06   4.4860840e+01
   2.5256150e+06   7.5073242e+01
   2.5267270e+06   4.3640137e+01
   2.5695010e+06   4.3334961e+01
   2.5697240e+06   4.7363281e+01
   2.5697560e+06   4.4494629e+01
   2.5698190e+06   2.0239258e+02
   2.5698300e+06   6.6528320e+01
   2.5698580e+06   6.9824219e+01
   2.5699030e+06   5.6640625e+01
   2.5699160e+06   1.3476562e+02
   2.5699530e+06   7.1350098e+01
   2.5699880e+06   7.0251465e+01
   2.5699990e+06   7.4584961e+01
   2.5700340e+06   5.2307129e+01
   2.5702370e+06   4.5471191e+01
   2.5702720e+06   4.4067383e+01
   2.5706260e+06   4.5288086e+01
   2.5711230e+06   5.2246094e+01
   2.6120620e+06   4.3640137e+01
   2.6144270e+06   4.3518066e+01
   2.6147360e+06   1.9708252e+02
   2.6147620e+06   6.9824219e+01
   2.6148050e+06   4.8583984e+01
   2.6148330e+06   5.4382324e+01
   2.6148580e+06   1.4965820e+02
   2.6148710e+06   5.3833008e+01
   2.6148890e+06   5.2917480e+01
   2.6149020e+06   5.7067871e+01
   2.6149260e+06   5.4748535e+01
   2.6149380e+06   1.0076904e+02
   2.6149890e+06   4.4006348e+01
   2.6150080e+06   6.1706543e+01
   2.6150500e+06   4.9499512e+01
   2.6151340e+06   4.7973633e+01
   2.6156780e+06   4.5288086e+01
   2.6584880e+06   4.6325684e+01
   2.6585480e+06   5.0231934e+01
   2.6585870e+06   4.5898438e+01
   2.6587550e+06   4.4982910e+01
   2.6588900e+06   4.5837402e+01
   2.6759530e+06   5.2429199e+01
   2.6760450e+06   4.6936035e+01
   2.6764130e+06   4.9011230e+01
   2.6770920e+06   4.3395996e+01
   2.6771520e+06   4.9255371e+01
   2.6990470e+06   5.5480957e+01
   2.6992530e+06   4.6203613e+01
   2.7100400e+06   6.5124512e+01
   2.7100620e+06   1.9860840e+02
   2.7100820e+06   1.0791016e+02
   2.7101150e+06   1.1047363e+02
   2.7101550e+06   4.6447754e+01
   2.7102330e+06   6.6406250e+01
   2.7102430e+06   5.0476074e+01
   2.7103970e+06   5.2429199e+01
   2.7111190e+06   4.7119141e+01
   2.7489770e+06   5.4626465e+01
   2.7491330e+06   6.4697266e+01
   2.7723930e+06   4.8583984e+01
   2.7725570e+06   5.0292969e+01
   2.7726000e+06   7.1533203e+01
   2.7978710e+06   4.8461914e+01
   2.7986980e+06   4.5654297e+01
   2.7988890e+06   4.5898438e+01
   2.7990500e+06   4.6447754e+01
   2.8178610e+06   4.5715332e+01
   2.8182260e+06   4.6203613e+01
   2.8438100e+06   4.4860840e+01
   2.8438970e+06   4.3640137e+01
   2.8790440e+06   5.5480957e+01
   2.8790570e+06   2.0684814e+02
   2.8790740e+06   8.7890625e+01
   2.8791090e+06   1.1315918e+02
   2.8791520e+06   4.9316406e+01
   2.8791760e+06   7.9345703e+01
   2.8791960e+06   7.5378418e+01
   2.8792140e+06   4.3701172e+01
   2.8792560e+06   6.5979004e+01
   2.8792690e+06   6.7565918e+01
   2.8792870e+06   4.3212891e+01
   2.8794030e+06   4.8095703e+01
   2.8794460e+06   4.3945312e+01
   2.8850710e+06   4.4616699e+01
   2.8854130e+06   5.7128906e+01
   2.8856200e+06   4.6264648e+01
   2.9303450e+06   4.6813965e+01
   2.9304600e+06   5.6152344e+01
   2.9305130e+06   5.0964355e+01
   2.9305530e+06   4.3457031e+01
   2.9310550e+06   4.8950195e+01
   2.9673570e+06   4.6752930e+01
   2.9674960e+06   4.5104980e+01
   2.9675510e+06   5.5358887e+01
   2.9884790e+06   4.4250488e+01
   3.0342300e+06   4.3090820e+01
   3.0345280e+06   4.5104980e+01
   3.0557980e+06   4.2785645e+01
   3.0781840e+06   4.8522949e+01
   3.1213540e+06   4.3823242e+01
   3.1654480e+06   5.0170898e+01
   3.1657120e+06   4.5654297e+01
   3.1884360e+06   5.4260254e+01
   3.2111130e+06   4.9682617e+01
   3.2329630e+06   5.5236816e+01
   3.2331250e+06   5.8959961e+01
   3.2331910e+06   5.0109863e+01
   3.2333290e+06   7.3303223e+01
   3.2554000e+06   4.8095703e+01
   3.2555170e+06   4.3090820e+01
   3.2555740e+06   4.5349121e+01
   3.2854120e+06   5.0720215e+01
   3.2855270e+06   4.2602539e+01
   3.3107360e+06   5.8471680e+01
   3.3362140e+06   4.3884277e+01
   3.3604580e+06   4.8706055e+01
   3.3606700e+06   5.3405762e+01
   3.3609350e+06   4.6630859e+01
   3.3820240e+06   4.8828125e+01
   3.4051730e+06   5.1025391e+01
   3.4063510e+06   4.4921875e+01
   3.4068730e+06   4.3090820e+01
   3.4072060e+06   4.6752930e+01
   3.4260560e+06   4.3640137e+01
   3.4263340e+06   4.7119141e+01
   3.4571280e+06   4.8156738e+01
   3.4911130e+06   4.8889160e+01
   3.4920860e+06   4.5288086e+01
   3.4924770e+06   4.3518066e+01
   3.4938020e+06   5.0292969e+01
   3.4964830e+06   4.4921875e+01
   3.4967650e+06   6.8237305e+01
   3.4970540e+06   4.3518066e+01
   3.4982850e+06   4.6936035e+01
   3.4990220e+06   4.4067383e+01
   3.4992390e+06   6.3049316e+01
   3.5016060e+06   4.8339844e+01
   3.5018210e+06   1.7669678e+02
   3.5018350e+06   5.3161621e+01
   3.5018630e+06   5.2429199e+01
   3.5018870e+06   1.5173340e+02
   3.5018980e+06   8.2397461e+01
   3.5019410e+06   8.9904785e+01
   3.5019650e+06   4.2785645e+01
   3.5019880e+06   5.8044434e+01
   3.5020480e+06   4.5898438e+01
   3.5020730e+06   5.8166504e+01
   3.5020920e+06   4.3762207e+01
   3.5025150e+06   4.4128418e+01
   3.5034480e+06   5.4260254e+01
   3.5695280e+06   5.5541992e+01
   3.5695470e+06   1.8688965e+02
   3.5695570e+06   5.7067871e+01
   3.5695740e+06   4.2968750e+01
   3.5696000e+06   1.2493896e+02
   3.5696160e+06   6.7077637e+01
   3.5696360e+06   4.5837402e+01
   3.5696460e+06   7.2082520e+01
   3.5696730e+06   4.8156738e+01
   3.5696920e+06   6.7443848e+01
   3.5697240e+06   4.4738770e+01
   3.5697620e+06   4.8217773e+01
   3.5698120e+06   4.5104980e+01
   3.5698350e+06   5.5786133e+01
   3.5747470e+06   4.5471191e+01
   3.6259610e+06   4.3518066e+01
   3.6413620e+06   4.3823242e+01
   3.6414140e+06   4.2907715e+01
   3.6699020e+06   5.0842285e+01
   3.6703150e+06   4.4067383e+01
   3.7272420e+06   4.4067383e+01
   3.7502290e+06   4.6691895e+01
   3.7507690e+06   4.3090820e+01
   3.7904250e+06   4.5227051e+01
   3.7906510e+06   4.9499512e+01
   3.8082330e+06   5.0231934e+01
   3.8854070e+06   4.4433594e+01
   3.9258180e+06   4.2846680e+01
   3.9259200e+06   5.5969238e+01
   3.9261820e+06   4.6142578e+01
   3.9262570e+06   4.5471191e+01
   3.9534390e+06   4.7058105e+01
   3.9835860e+06   4.3090820e+01
   3.9836540e+06   4.4799805e+01
   3.9839780e+06   5.5236816e+01
   4.0117780e+06   4.4189453e+01
   4.0119710e+06   4.4067383e+01
   4.0443920e+06   4.2907715e+01
   4.0950320e+06   4.4738770e+01
   4.1144910e+06   4.6203613e+01
   4.1148990e+06   4.3884277e+01
   4.1450220e+06   4.2846680e+01
   4.1713000e+06   4.8767090e+01
   4.1720230e+06   4.7241211e+01
   4.1945110e+06   4.3273926e+01
   4.2219400e+06   4.4128418e+01
   4.2460230e+06   5.0292969e+01
   4.2460790e+06   4.8339844e+01
   4.2685900e+06   4.5593262e+01
   4.2686410e+06   4.6691895e+01
   4.2687900e+06   4.6691895e+01
   4.2688630e+06   6.1157227e+01
   4.3280490e+06   4.8767090e+01
   4.3281960e+06   4.7302246e+01
   4.3283350e+06   6.7077637e+01
   4.3305180e+06   4.2724609e+01
   4.3306280e+06   1.9158936e+02
   4.3306590e+06   5.7312012e+01
   4.3306830e+06   6.6040039e+01
   4.3306970e+06   1.1236572e+02
   4.3307260e+06   6.7321777e+01
   4.3307650e+06   1.0577393e+02
   4.3307930e+06   5.0598145e+01
   4.3308280e+06   8.8867188e+01
   4.3814820e+06   5.7312012e+01
   4.3821230e+06   4.6569824e+01
   4.3826450e+06   5.3649902e+01
   4.3830570e+06   4.2968750e+01
   4.3841250e+06   5.7861328e+01
   4.4207540e+06   4.7851562e+01
   4.4208610e+06   4.5776367e+01
   4.4211060e+06   4.4494629e+01
   4.4211470e+06   4.2663574e+01
   4.4598320e+06   4.3334961e+01
   4.4607010e+06   4.3701172e+01
   4.4982090e+06   4.6020508e+01
   4.4999380e+06   4.2602539e+01
   4.5016240e+06   4.2602539e+01
   4.5018070e+06   6.0485840e+01
   4.5028060e+06   4.7485352e+01
   4.5336150e+06   4.9438477e+01
   4.5339460e+06   4.2968750e+01
   4.5562930e+06   4.3884277e+01
   4.5563670e+06   4.3579102e+01
   4.5565500e+06   4.5471191e+01
   4.5578320e+06   4.3029785e+01
   4.5595640e+06   4.4982910e+01
   4.5597780e+06   4.9560547e+01
   4.5933490e+06   4.6997070e+01
   4.6332070e+06   4.4677734e+01
   4.6500530e+06   4.2663574e+01
   4.6516860e+06   4.3090820e+01
   4.6517370e+06   4.4067383e+01
   4.6519740e+06   4.3273926e+01
   4.6860420e+06   4.4677734e+01
   4.6860560e+06   5.5664062e+01
   4.6886540e+06   5.2062988e+01
   4.6892330e+06   4.4372559e+01
   4.7332360e+06   4.4677734e+01
   4.7336140e+06   5.0537109e+01
   4.7610190e+06   4.3395996e+01
   4.7610380e+06   4.4433594e+01
   4.7613350e+06   4.5898438e+01
   4.7881090e+06   4.7546387e+01
   4.7881230e+06   4.2968750e+01
   4.8175860e+06   4.2541504e+01
   4.8176730e+06   4.6813965e+01
   4.8179170e+06   4.7607422e+01
   4.8469080e+06   4.7973633e+01
   4.8500000e+06   4.2785645e+01
   4.8501730e+06   4.7912598e+01
   4.8936060e+06   4.5959473e+01
   4.8937650e+06   4.8522949e+01
   4.9236490e+06   4.4494629e+01
   4.9237270e+06   4.4738770e+01
   4.9240630e+06   5.5541992e+01
   4.9454740e+06   4.6752930e+01
   4.9459140e+06   4.7424316e+01
   4.9642690e+06   4.5776367e+01
   4.9647450e+06   4.6569824e+01
   4.9649860e+06   4.2663574e+01
   5.0251460e+06   4.5166016e+01
   5.0254690e+06   5.2429199e+01
   5.0436690e+06   4.5227051e+01
   5.0775470e+06   4.4067383e+01
   5.0963960e+06   4.3518066e+01
   5.1491300e+06   5.8105469e+01
   5.1493130e+06   5.9692383e+01
   5.1505870e+06   4.6813965e+01
   5.1800230e+06   4.6691895e+01
   5.1802430e+06   4.6325684e+01
   5.1805760e+06   4.2602539e+01
   5.2041900e+06   4.4433594e+01
   5.2045120e+06   4.7424316e+01
   5.2243720e+06   4.4433594e+01
   5.2425760e+06   4.8950195e+01
   5.2641110e+06   5.4626465e+01
   5.2642800e+06   5.6701660e+01
   5.2934910e+06   4.3701172e+01
   5.2937020e+06   4.3029785e+01
   5.3154450e+06   6.4025879e+01
   5.3154600e+06   2.1948242e+02
   5.3154780e+06   8.4106445e+01
   5.3155020e+06   1.0845947e+02
   5.3155190e+06   6.0180664e+01
   5.3155290e+06   5.5053711e+01
   5.3155500e+06   6.0180664e+01
   5.3155700e+06   5.6091309e+01
   5.3155980e+06   6.2377930e+01
   5.3156220e+06   1.0351562e+02
   5.3156600e+06   4.5471191e+01
   5.3157150e+06   4.9438477e+01
   5.3264710e+06   4.3029785e+01
   5.3266500e+06   4.7424316e+01
   5.3267070e+06   2.1905518e+02
   5.3267660e+06   4.5593262e+01
   5.3268020e+06   1.5277100e+02
   5.3268330e+06   7.1289062e+01
   5.3268630e+06   4.9987793e+01
   5.3268760e+06   7.4768066e+01
   5.3268950e+06   4.9255371e+01
   5.3269150e+06   4.7912598e+01
   5.3269390e+06   4.4006348e+01
   5.3269720e+06   5.7983398e+01
   5.3269840e+06   7.1655273e+01
   5.3270290e+06   4.5898438e+01
   5.3270630e+06   4.4250488e+01
   5.3271640e+06   4.3273926e+01
   5.3272810e+06   5.7006836e+01
   5.3273080e+06   5.5419922e+01
   5.3274530e+06   5.0781250e+01
   5.3274750e+06   4.7485352e+01
   5.3275970e+06   8.4655762e+01
   5.3276850e+06   4.4982910e+01
   5.3278690e+06   6.5368652e+01
   5.3282600e+06   1.0095215e+02
   5.3283960e+06   4.7729492e+01
   5.3294680e+06   4.6325684e+01
   5.3335670e+06   5.7189941e+01
   5.3377050e+06   4.3090820e+01
   5.3382560e+06   4.6813965e+01
   5.3773050e+06   4.4128418e+01
   5.3773310e+06   4.3334961e+01
   5.3776090e+06   5.6030273e+01
   5.3776280e+06   4.6997070e+01
   5.3776620e+06   4.4006348e+01
   5.3777160e+06   4.4616699e+01
   5.3777280e+06   1.9635010e+02
   5.3777500e+06   5.4077148e+01
   5.3777720e+06   5.1269531e+01
   5.3778080e+06   7.1960449e+01
   5.3778190e+06   1.5234375e+02
   5.3778490e+06   4.5410156e+01
   5.3778820e+06   8.2031250e+01
   5.3778950e+06   6.9091797e+01
   5.3779310e+06   4.3029785e+01
   5.3779530e+06   4.2480469e+01
   5.3779980e+06   6.0668945e+01
   5.3780610e+06   4.4189453e+01
   5.3780870e+06   4.4311523e+01
   5.3782360e+06   4.3151855e+01
   5.3785700e+06   4.4555664e+01
   5.4220950e+06   5.3833008e+01
   5.4221310e+06   5.2062988e+01
   5.4222020e+06   4.7668457e+01
   5.4223170e+06   5.6396484e+01
   5.4223790e+06   5.3649902e+01
   5.4225160e+06   5.5358887e+01
   5.4225420e+06   5.2124023e+01
   5.4226400e+06   1.7742920e+02
   5.4226620e+06   5.8410645e+01
   5.4226920e+06   5.8776855e+01
   5.4227250e+06   1.6278076e+02
   5.4227580e+06   8.4472656e+01
   5.4227870e+06   7.7453613e+01
   5.4228380e+06   5.0415039e+01
   5.4228650e+06   4.7363281e+01
   5.4228980e+06   5.4138184e+01
   5.4229770e+06   5.0170898e+01
   5.4230980e+06   4.2907715e+01
   5.4785400e+06   4.4860840e+01
   5.4786010e+06   5.6884766e+01
   5.4789470e+06   5.4809570e+01
   5.4793300e+06   4.7485352e+01
   5.4797190e+06   5.6762695e+01
   5.4797410e+06   1.9165039e+02
   5.4797540e+06   8.1665039e+01
   5.4797930e+06   7.2204590e+01
   5.4798130e+06   7.1716309e+01
   5.4798440e+06   5.9204102e+01
   5.4798690e+06   6.5246582e+01
   5.4798860e+06   5.5053711e+01
   5.4799240e+06   5.1940918e+01
   5.4799500e+06   4.2602539e+01
   5.4799790e+06   4.5349121e+01
   5.4800240e+06   4.2968750e+01
   5.4801130e+06   5.2856445e+01
   5.4801970e+06   4.5532227e+01
   5.4807490e+06   4.7119141e+01
   5.4808030e+06   1.1450195e+02
   5.4809380e+06   4.9499512e+01
   5.5315020e+06   4.3884277e+01
   5.5316080e+06   4.3090820e+01
   5.5318220e+06   4.3151855e+01
   5.5319550e+06   2.0690918e+02
   5.5319760e+06   5.9692383e+01
   5.5319950e+06   9.4848633e+01
   5.5320830e+06   1.9018555e+02
   5.5321120e+06   4.8828125e+01
   5.5321440e+06   1.0626221e+02
   5.5321540e+06   5.3222656e+01
   5.5321930e+06   4.8461914e+01
   5.5322180e+06   5.9936523e+01
   5.5322280e+06   6.2255859e+01
   5.5322970e+06   5.0964355e+01
   5.5323340e+06   4.9560547e+01
   5.5323820e+06   4.6813965e+01
   5.5325640e+06   4.4677734e+01
   5.5845200e+06   4.3823242e+01
   5.5847190e+06   4.4372559e+01
   5.5852000e+06   5.4626465e+01
   5.5852950e+06   4.6325684e+01
   5.5854030e+06   5.2490234e+01
   5.6093760e+06   4.2541504e+01
   5.6093890e+06   7.6599121e+01
   5.6095270e+06   4.5898438e+01
   5.6376430e+06   5.2368164e+01
   5.6376620e+06   6.6711426e+01
   5.6376980e+06   5.9936523e+01
   5.6378450e+06   4.5349121e+01
   5.6381860e+06   4.6142578e+01
   5.6385160e+06   4.3029785e+01
   5.6391320e+06   4.4006348e+01
   5.6731180e+06   5.0598145e+01
   5.6731730e+06   4.7058105e+01
   5.6943400e+06   4.8156738e+01
   5.6945250e+06   8.0505371e+01
   5.7200510e+06   4.3701172e+01
   5.7200650e+06   5.4260254e+01
   5.7203600e+06   4.4250488e+01
   5.7419540e+06   4.9316406e+01
   5.7420760e+06   6.1401367e+01
   5.7421370e+06   4.9804688e+01
   5.7682590e+06   4.7485352e+01
   5.7683660e+06   6.4636230e+01
   5.7921470e+06   4.3457031e+01
   5.7923030e+06   4.5715332e+01
   5.7923380e+06   5.3222656e+01
   5.7938270e+06   4.2907715e+01
   5.7938880e+06   5.0720215e+01
   5.8192020e+06   4.8522949e+01
   5.8215740e+06   4.4433594e+01
   5.8222010e+06   4.9621582e+01
   5.8225770e+06   4.3884277e+01
   5.8244030e+06   4.4250488e+01
   5.8244570e+06   4.8217773e+01
   5.8628130e+06   5.1574707e+01
   5.8630400e+06   5.0170898e+01
   5.8631190e+06   4.3701172e+01
   5.8632810e+06   5.6640625e+01
   5.9017190e+06   4.8278809e+01
   5.9030110e+06   4.2541504e+01
   5.9382080e+06   4.5410156e+01
   5.9701090e+06   5.0170898e+01
   5.9701260e+06   5.5847168e+01
   5.9968530e+06   4.5959473e+01
   5.9969740e+06   6.9580078e+01
   5.9972990e+06   4.3884277e+01
   5.9994430e+06   4.6752930e+01
   5.9996260e+06   4.6691895e+01
   6.0412660e+06   5.6579590e+01
   6.0736820e+06   4.5837402e+01
   6.0740050e+06   4.5837402e+01
   6.0740380e+06   5.0109863e+01
   6.1360860e+06   5.7250977e+01
   6.1361700e+06   4.6386719e+01
   6.1365500e+06   4.5288086e+01
   6.1642620e+06   4.7790527e+01
   6.1643000e+06   5.1696777e+01
   6.1645860e+06   4.9743652e+01
   6.1651520e+06   4.3518066e+01
   6.1954200e+06   4.4677734e+01
   6.1955820e+06   4.4494629e+01
   6.2270370e+06   4.3640137e+01
   6.2272000e+06   4.6508789e+01
   6.2547820e+06   4.6325684e+01
   6.2924980e+06   5.0292969e+01
   6.2925800e+06   5.5236816e+01
   6.2926060e+06   5.5786133e+01
   6.2926300e+06   2.3968506e+02
   6.2926540e+06   1.0052490e+02
   6.2926860e+06   4.6508789e+01
   6.2927000e+06   1.2054443e+02
   6.2927270e+06   5.6701660e+01
   6.2927450e+06   6.5612793e+01
   6.2927630e+06   8.4045410e+01
   6.2928390e+06   4.9865723e+01
   6.2928570e+06   4.8400879e+01
   6.2929300e+06   6.2072754e+01
   6.2929550e+06   5.7006836e+01
   6.2929930e+06   4.3212891e+01
   6.2939880e+06   4.4006348e+01
   6.2957480e+06   4.3945312e+01
   6.3357680e+06   6.1706543e+01
   6.3394630e+06   4.4860840e+01
   6.3811020e+06   4.7607422e+01
   6.3812320e+06   4.7607422e+01
   6.3814080e+06   4.3640137e+01
   6.4068390e+06   4.6081543e+01
   6.4404470e+06   4.3945312e+01
   6.4809110e+06   4.3457031e+01
   6.4811990e+06   5.1391602e+01
   6.4812310e+06   4.5898438e+01
   6.4971910e+06   4.5043945e+01
   6.4972270e+06   4.4982910e+01
   6.4990270e+06   5.6640625e+01
   6.5040590e+06   4.9621582e+01
   6.5455360e+06   5.3894043e+01
   6.5457860e+06   4.4616699e+01
   6.5463450e+06   4.6203613e+01
   6.5578960e+06   6.4147949e+01
   6.5579170e+06   5.6213379e+01
   6.5579480e+06   1.4392090e+02
   6.5579780e+06   7.3181152e+01
   6.5579910e+06   4.6508789e+01
   6.5580240e+06   6.1340332e+01
   6.5580420e+06   6.2194824e+01
   6.5580570e+06   6.8054199e+01
   6.5580900e+06   4.8645020e+01
   6.5581080e+06   4.9865723e+01
   6.5581410e+06   5.9204102e+01
   6.5581880e+06   4.3212891e+01
   6.5582180e+06   5.0109863e+01
   6.6156700e+06   4.3151855e+01
   6.6159120e+06   4.6264648e+01
   6.6398860e+06   6.0913086e+01
   6.6399030e+06   2.0385742e+02
   6.6399200e+06   6.7260742e+01
   6.6399540e+06   1.0119629e+02
   6.6399710e+06   5.3283691e+01
   6.6399930e+06   5.5358887e+01
   6.6400220e+06   4.6447754e+01
   6.6400430e+06   6.4575195e+01
   6.6400530e+06   4.7851562e+01
   6.6400680e+06   6.6772461e+01
   6.6401110e+06   4.3212891e+01
   6.6401770e+06   4.6325684e+01
   6.6402940e+06   4.4006348e+01
   6.6482320e+06   4.3579102e+01
   6.6483220e+06   4.8095703e+01
   6.6484390e+06   1.9842529e+02
   6.6484660e+06   6.3781738e+01
   6.6484830e+06   7.3303223e+01
   6.6485320e+06   1.5985107e+02
   6.6485560e+06   4.8217773e+01
   6.6486110e+06   1.0711670e+02
   6.6486410e+06   4.6936035e+01
   6.6486640e+06   6.6101074e+01
   6.6486960e+06   8.2824707e+01
   6.6488090e+06   4.5043945e+01
   6.6488370e+06   4.5654297e+01
   6.6489710e+06   5.4504395e+01
   6.6490710e+06   4.7241211e+01
   6.6491730e+06   8.7280273e+01
   6.6492000e+06   5.7067871e+01
   6.6493180e+06   8.8928223e+01
   6.6494930e+06   4.5166016e+01
   6.6498500e+06   4.3884277e+01
   6.6502580e+06   4.4616699e+01
   6.6507990e+06   4.5410156e+01
   6.7147080e+06   6.5185547e+01
   6.7147320e+06   1.8817139e+02
   6.7147490e+06   1.1303711e+02
   6.7147750e+06   1.3659668e+02
   6.7147950e+06   5.2917480e+01
   6.7148160e+06   6.1645508e+01
   6.7148390e+06   5.0781250e+01
   6.7148560e+06   7.3364258e+01
   6.7148750e+06   6.5979004e+01
   6.7148910e+06   6.8237305e+01
   6.7149480e+06   5.0842285e+01
   6.7149620e+06   4.7363281e+01
   6.7150500e+06   5.4931641e+01
   6.7151680e+06   4.6203613e+01
   6.7155890e+06   5.0842285e+01
   6.7169120e+06   4.3273926e+01
   6.7563470e+06   4.7058105e+01
   6.7564740e+06   5.8410645e+01
   6.7567130e+06   4.4982910e+01
   6.7568810e+06   4.5898438e+01
   6.7773340e+06   4.9316406e+01
   6.7773520e+06   4.9804688e+01
   6.7774410e+06   4.5166016e+01
   6.7776120e+06   4.5898438e+01
   6.7994050e+06   5.1208496e+01
   6.8214430e+06   4.9377441e+01
   6.8215930e+06   4.6630859e+01
   6.8218020e+06   4.4921875e+01
   6.8218560e+06   5.0842285e+01
   6.8444320e+06   4.7607422e+01
   6.8444700e+06   4.4555664e+01
   6.8445170e+06   4.4311523e+01
   6.8663790e+06   5.3955078e+01
   6.8665490e+06   4.9499512e+01
   6.8667730e+06   5.2185059e+01
   6.8899400e+06   4.5410156e+01
   6.8930650e+06   4.4433594e+01
   6.8936110e+06   4.3762207e+01
   6.9218920e+06   4.5288086e+01
   6.9220050e+06   4.5654297e+01
   6.9428940e+06   4.7546387e+01
   6.9429540e+06   5.1208496e+01
   6.9432340e+06   4.8156738e+01
   7.0110840e+06   4.5349121e+01
   7.0112290e+06   4.7302246e+01
   7.0343660e+06   4.6264648e+01
   7.0651420e+06   4.9804688e+01
   7.0950910e+06   4.4250488e+01
   7.0952450e+06   5.0781250e+01
   7.0953220e+06   4.3212891e+01
   7.1190220e+06   4.7851562e+01
   7.1480070e+06   6.7199707e+01
   7.1484740e+06   4.6203613e+01
   7.2065650e+06   4.6264648e+01
   7.2066500e+06   4.8095703e+01
   7.2067130e+06   4.7241211e+01
   7.2462820e+06   4.7180176e+01
   7.2462940e+06   4.7973633e+01
   7.2465330e+06   5.7739258e+01
   7.2468180e+06   4.4067383e+01
   7.2733980e+06   4.4799805e+01
   7.2734640e+06   4.6081543e+01
   7.2737980e+06   4.5104980e+01
   7.2949470e+06   4.3457031e+01
   7.2949910e+06   4.4006348e+01
   7.2952600e+06   4.9560547e+01
   7.3058000e+06   4.7241211e+01
   7.3058290e+06   2.0086670e+02
   7.3058420e+06   5.3405762e+01
   7.3058640e+06   5.5419922e+01
   7.3058790e+06   1.1871338e+02
   7.3059270e+06   7.6110840e+01
   7.3059550e+06   4.7912598e+01
   7.3059810e+06   6.9213867e+01
   7.3060110e+06   6.4575195e+01
   7.3060350e+06   4.3945312e+01
   7.3060740e+06   4.8400879e+01
   7.3061070e+06   4.3640137e+01
   7.3062500e+06   4.7058105e+01
   7.3274300e+06   4.3701172e+01
   7.3275400e+06   5.2368164e+01
   7.3277530e+06   2.2283936e+02
   7.3277670e+06   4.3090820e+01
   7.3278550e+06   5.7800293e+01
   7.3278740e+06   5.0598145e+01
   7.3278940e+06   2.1630859e+02
   7.3279560e+06   7.6232910e+01
   7.3279820e+06   1.3024902e+02
   7.3280110e+06   7.1472168e+01
   7.3280340e+06   6.5856934e+01
   7.3280570e+06   6.2561035e+01
   7.3280910e+06   4.4860840e+01
   7.3281170e+06   4.4189453e+01
   7.3281470e+06   4.4128418e+01
   7.3824000e+06   5.2368164e+01
   7.3824440e+06   4.6203613e+01
   7.3828040e+06   4.8522949e+01
   7.3847820e+06   5.5603027e+01
   7.3851750e+06   4.6875000e+01
   7.3876830e+06   4.5715332e+01
   7.4252710e+06   4.3579102e+01
   7.4256090e+06   4.6630859e+01
   7.4730780e+06   4.5654297e+01
   7.4731220e+06   4.5532227e+01
   7.4737480e+06   4.3395996e+01
   7.4982940e+06   4.4555664e+01
   7.4983760e+06   4.7363281e+01
   7.5243620e+06   4.3640137e+01
   7.5514050e+06   5.0720215e+01
   7.5516710e+06   5.3222656e+01
   7.5769130e+06   4.4677734e+01
   7.5770730e+06   4.3090820e+01
   7.5772360e+06   4.5532227e+01
   7.5901300e+06   5.6762695e+01
   7.6364880e+06   4.4799805e+01
   7.6365840e+06   6.8176270e+01
   7.6525870e+06   6.3293457e+01
   7.6526100e+06   1.9537354e+02
   7.6526320e+06   5.0598145e+01
   7.6526570e+06   1.1932373e+02
   7.6526790e+06   5.5664062e+01
   7.6526970e+06   6.3598633e+01
   7.6527260e+06   5.4382324e+01
   7.6527430e+06   6.0485840e+01
   7.6527690e+06   5.2490234e+01
   7.6528600e+06   5.9997559e+01
   7.6528870e+06   4.9682617e+01
   7.6529290e+06   4.7302246e+01
   7.6530250e+06   4.3640137e+01
   7.6542670e+06   4.3395996e+01
   7.6611520e+06   5.8349609e+01
   7.6611920e+06   4.8706055e+01
   7.6612140e+06   1.8621826e+02
   7.6614190e+06   6.6406250e+01
   7.6615220e+06   4.7546387e+01
   7.6615530e+06   4.3701172e+01
   7.6615900e+06   1.4483643e+02
   7.6617020e+06   4.4006348e+01
   7.6617470e+06   1.1914062e+02
   7.6870280e+06   4.4250488e+01
   7.6921600e+06   4.3945312e+01
   7.7067150e+06   5.0903320e+01
   7.7067570e+06   6.1340332e+01
   7.7414820e+06   4.5349121e+01
   7.7438890e+06   4.4067383e+01
   7.7462540e+06   5.1208496e+01
   7.7464700e+06   6.4025879e+01
   7.7465450e+06   2.1740723e+02
   7.7465590e+06   4.6203613e+01
   7.7466770e+06   1.4843750e+02
   7.7466930e+06   4.8339844e+01
   7.7467230e+06   5.4687500e+01
   7.7467360e+06   7.6232910e+01
   7.7467760e+06   9.6008301e+01
   7.7468300e+06   7.0129395e+01
   7.7468400e+06   5.5603027e+01
   7.7468840e+06   4.6997070e+01
   7.7469180e+06   9.0270996e+01
   7.8037060e+06   5.8715820e+01
   7.8038750e+06   4.7607422e+01
   7.8041070e+06   4.4494629e+01
   7.8053310e+06   4.5166016e+01
   7.8300710e+06   4.6264648e+01
   7.8574240e+06   4.9682617e+01
   7.8577490e+06   4.3884277e+01
   7.9303300e+06   4.9011230e+01
   7.9450670e+06   4.7363281e+01
   7.9451530e+06   4.3823242e+01
   7.9703550e+06   4.5532227e+01
   7.9706190e+06   4.9438477e+01
   7.9709680e+06   5.8471680e+01
   7.9950240e+06   5.9692383e+01
   7.9954720e+06   4.3334961e+01
   7.9957200e+06   4.6386719e+01
   8.0132610e+06   6.6345215e+01
   8.0132900e+06   1.9335938e+02
   8.0133070e+06   9.0148926e+01
   8.0133350e+06   1.2597656e+02
   8.0133510e+06   4.8156738e+01
   8.0133800e+06   4.7424316e+01
   8.0134170e+06   6.0729980e+01
   8.0134270e+06   4.4555664e+01
   8.0134440e+06   7.0312500e+01
   8.0134840e+06   4.8828125e+01
   8.0135080e+06   5.7739258e+01
   8.0135440e+06   4.9194336e+01
   8.0136070e+06   5.1452637e+01
   8.0136690e+06   4.8095703e+01
   8.0153840e+06   5.2734375e+01
   8.0590740e+06   4.6875000e+01
   8.0848710e+06   5.2185059e+01
   8.0850220e+06   4.7607422e+01
   8.1068590e+06   4.3579102e+01
   8.1072560e+06   4.5715332e+01
   8.1075180e+06   4.6447754e+01
   8.1258730e+06   4.3945312e+01
   8.1490760e+06   4.7851562e+01
   8.1500160e+06   4.4006348e+01
   8.1521880e+06   4.3334961e+01
   8.2008650e+06   5.1940918e+01
   8.2009980e+06   4.5959473e+01
   8.2280950e+06   4.4921875e+01
   8.2281320e+06   4.7058105e+01
   8.2283300e+06   4.3334961e+01
   8.2288330e+06   4.6752930e+01
   8.2289080e+06   4.7058105e+01
   8.2298710e+06   4.8950195e+01
   8.2302100e+06   4.6997070e+01
   8.2305100e+06   4.3762207e+01
   8.2382340e+06   4.4128418e+01
   8.2382620e+06   4.5471191e+01
   8.2383260e+06   4.7119141e+01
   8.2383450e+06   2.1850586e+02
   8.2383640e+06   4.4494629e+01
   8.2383880e+06   6.3659668e+01
   8.2384080e+06   1.6552734e+02
   8.2384180e+06   5.6030273e+01
   8.2384610e+06   7.5988770e+01
   8.2384790e+06   4.3701172e+01
   8.2384950e+06   6.2255859e+01
   8.2385750e+06   4.3151855e+01
   8.2386110e+06   5.8471680e+01
   8.2389730e+06   1.3171387e+02
   8.2411510e+06   4.4006348e+01
   8.2897200e+06   4.3823242e+01
   8.2897940e+06   4.7851562e+01
   8.2901860e+06   4.9011230e+01
   8.2929500e+06   4.4189453e+01
   8.2933780e+06   4.3640137e+01
   8.3320950e+06   4.3395996e+01
   8.3321550e+06   4.8645020e+01
   8.3619290e+06   5.6579590e+01
   8.3883370e+06   4.7668457e+01
   8.3884600e+06   4.7180176e+01
   8.3885370e+06   4.7790527e+01
   8.3890680e+06   4.5166016e+01
   8.3894300e+06   4.8828125e+01
   8.4068600e+06   4.7485352e+01
   8.4294810e+06   4.3212891e+01
   8.4295240e+06   4.4494629e+01
   8.4296950e+06   4.8217773e+01
   8.4656910e+06   4.7363281e+01
   8.4661910e+06   4.8400879e+01
   8.4911710e+06   5.5175781e+01
   8.4914370e+06   4.4799805e+01
   8.5143710e+06   4.3518066e+01
   8.5394850e+06   5.8593750e+01
   8.5395170e+06   4.8645020e+01
   8.5396050e+06   4.5166016e+01
   8.5397280e+06   5.0903320e+01
   8.5627370e+06   4.3151855e+01
   8.5628370e+06   4.9011230e+01
   8.5826300e+06   4.7485352e+01
   8.6037530e+06   4.5043945e+01
   8.6549270e+06   4.4738770e+01
   8.6550570e+06   4.3457031e+01
   8.6552560e+06   4.8400879e+01
   8.6553060e+06   4.7485352e+01
   8.6553770e+06   4.3151855e+01
   8.6726020e+06   4.4189453e+01
   8.6727700e+06   4.4433594e+01
   8.6751380e+06   4.9316406e+01
   8.6751960e+06   4.9926758e+01
   8.6753100e+06   4.5227051e+01
   8.6753250e+06   2.3022461e+02
   8.6753640e+06   4.9682617e+01
   8.6753790e+06   6.6894531e+01
   8.6754050e+06   1.3067627e+02
   8.6754240e+06   4.8828125e+01
   8.6754440e+06   5.5419922e+01
   8.6754660e+06   4.8400879e+01
   8.6754890e+06   4.5104980e+01
   8.6755050e+06   4.6508789e+01
   8.6755350e+06   5.0842285e+01
   8.6755630e+06   6.4270020e+01
   8.6755860e+06   4.5104980e+01
   8.6756240e+06   6.2988281e+01
   8.7171380e+06   7.4279785e+01
   8.7171660e+06   1.9677734e+02
   8.7172110e+06   1.3757324e+02
   8.7172260e+06   5.6274414e+01
   8.7172620e+06   6.3232422e+01
   8.7172750e+06   4.4067383e+01
   8.7173030e+06   5.3771973e+01
   8.7173270e+06   8.3312988e+01
   8.7173390e+06   4.7790527e+01
   8.7173580e+06   6.4819336e+01
   8.7173800e+06   4.8889160e+01
   8.7174280e+06   4.9804688e+01
   8.7174390e+06   6.1096191e+01
   8.7174670e+06   5.0537109e+01
   8.7175460e+06   4.5349121e+01
   8.7177030e+06   4.3701172e+01
   8.7179760e+06   4.4860840e+01
   8.7679990e+06   4.4067383e+01
   8.7701660e+06   4.3518066e+01
   8.7704760e+06   4.7607422e+01
   8.7704960e+06   4.9255371e+01
   8.7750380e+06   4.5593262e+01
   8.7754400e+06   4.6508789e+01
   8.8090040e+06   4.6936035e+01
   8.8091510e+06   5.3344727e+01
   8.8091750e+06   5.4870605e+01
   8.8092100e+06   4.7546387e+01
   8.8093640e+06   4.8034668e+01
   8.8378150e+06   4.8156738e+01
   8.8379690e+06   5.8532715e+01
   8.8386270e+06   4.4555664e+01
   8.8620050e+06   4.6997070e+01
   8.8819540e+06   5.1513672e+01
   8.8820840e+06   4.7363281e+01
   8.9040570e+06   4.6081543e+01
   8.9040710e+06   4.3212891e+01
   8.9045290e+06   4.4067383e+01
   8.9045550e+06   4.5532227e+01
   8.9435950e+06   5.4016113e+01
   8.9436520e+06   4.3395996e+01
   8.9437210e+06   4.3518066e+01
   8.9627520e+06   4.3884277e+01
   8.9628050e+06   4.9377441e+01
   8.9725410e+06   5.9204102e+01
   8.9725670e+06   2.2528076e+02
   8.9725960e+06   5.8166504e+01
   8.9726170e+06   1.2091064e+02
   8.9726390e+06   6.8237305e+01
   8.9726590e+06   5.2917480e+01
   8.9726780e+06   6.6345215e+01
   8.9726980e+06   7.4829102e+01
   8.9727190e+06   5.4321289e+01
   8.9727300e+06   5.7922363e+01
   8.9727690e+06   4.4311523e+01
   8.9728160e+06   7.8369141e+01
   8.9728300e+06   5.1391602e+01
   8.9731300e+06   4.4006348e+01
   8.9836040e+06   5.0537109e+01
   8.9836900e+06   1.8951416e+02
   8.9837390e+06   5.3161621e+01
   8.9837680e+06   5.8166504e+01
   8.9837900e+06   1.5142822e+02
   8.9838330e+06   7.5988770e+01
   8.9838490e+06   4.4433594e+01
   8.9838750e+06   1.2268066e+02
   8.9839360e+06   5.3161621e+01
   8.9839590e+06   7.1655273e+01
   8.9840370e+06   5.1757812e+01
   8.9840570e+06   4.3273926e+01
   8.9840970e+06   4.3395996e+01
   8.9841180e+06   4.4006348e+01
   8.9843180e+06   4.6997070e+01
   8.9843350e+06   4.8400879e+01
   8.9849090e+06   4.7973633e+01
   9.0414100e+06   4.6813965e+01
   9.0414580e+06   4.6508789e+01
   9.0418580e+06   4.5104980e+01
   9.0582960e+06   7.2387695e+01
   9.0583100e+06   2.0062256e+02
   9.0583310e+06   8.5327148e+01
   9.0583600e+06   1.2750244e+02
   9.0583760e+06   4.7485352e+01
   9.0584010e+06   6.4880371e+01
   9.0584300e+06   8.0993652e+01
   9.0584440e+06   6.4514160e+01
   9.0584780e+06   5.3039551e+01
   9.0585030e+06   5.1940918e+01
   9.0585170e+06   6.0852051e+01
   9.0585650e+06   4.6997070e+01
   9.0586080e+06   4.5166016e+01
   9.0586730e+06   5.2368164e+01
   9.0587310e+06   8.3374023e+01
   9.0588600e+06   4.6508789e+01
   9.0588970e+06   1.0333252e+02
   9.0589800e+06   4.5227051e+01
   9.0591460e+06   4.5654297e+01
   9.0997970e+06   5.0170898e+01
   9.1000300e+06   4.6997070e+01
   9.1002360e+06   4.4738770e+01
   9.1215480e+06   4.4921875e+01
   9.1216110e+06   4.4250488e+01
   9.1217870e+06   4.2785645e+01
   9.1463010e+06   5.1635742e+01
   9.1463340e+06   4.4372559e+01
   9.1463800e+06   5.1513672e+01
   9.1464290e+06   4.2724609e+01
   9.1469240e+06   4.3701172e+01
   9.1716560e+06   5.0781250e+01
   9.1718420e+06   7.4951172e+01
   9.1955480e+06   5.1696777e+01
   9.1956500e+06   4.3212891e+01
   9.2194890e+06   5.4504395e+01
   9.2195040e+06   4.5593262e+01
   9.2202750e+06   4.5471191e+01
   9.2463740e+06   4.7180176e+01
   9.2981720e+06   4.3701172e+01
   9.2981920e+06   5.1696777e+01
   9.2982240e+06   4.7607422e+01
   9.2982700e+06   4.5898438e+01
   9.2984490e+06   4.3518066e+01
   9.2988640e+06   4.6997070e+01
   9.3219720e+06   5.3222656e+01
   9.3221480e+06   4.2785645e+01
   9.3222480e+06   5.6335449e+01
   9.3224970e+06   4.5104980e+01
   9.3407960e+06   5.2734375e+01
   9.3410730e+06   5.2124023e+01
   9.3412210e+06   6.0729980e+01
   9.3673370e+06   4.5166016e+01
   9.3677320e+06   4.6203613e+01
   9.3679620e+06   5.4687500e+01
   9.3680460e+06   4.4982910e+01
   9.3695120e+06   4.6691895e+01
   9.3695750e+06   4.8645020e+01
   9.3697360e+06   5.2917480e+01
   9.3699590e+06   4.8461914e+01
   9.3702270e+06   4.4006348e+01
   9.4174130e+06   4.6264648e+01
   9.4455120e+06   4.6997070e+01
   9.4462640e+06   4.3029785e+01
   9.4465970e+06   4.9987793e+01
   9.4695080e+06   5.3039551e+01
   9.4697210e+06   6.9458008e+01
   9.4699270e+06   5.1391602e+01
   9.5067830e+06   4.7180176e+01
   9.5069770e+06   4.4006348e+01
   9.5314760e+06   4.3151855e+01
   9.5316530e+06   5.9753418e+01
   9.5351390e+06   4.4250488e+01
   9.5354080e+06   5.2001953e+01
   9.5356170e+06   4.4128418e+01
   9.5801760e+06   4.6264648e+01
   9.5804770e+06   4.9194336e+01
   9.5806060e+06   4.4433594e+01
   9.6065160e+06   5.2429199e+01
   9.6066970e+06   4.5227051e+01
   9.6294700e+06   5.1086426e+01
   9.6295340e+06   5.9997559e+01
   9.6296750e+06   4.4738770e+01
   9.6297520e+06   4.2724609e+01
   9.6303690e+06   4.9072266e+01
   9.6306420e+06   4.4128418e+01
   9.6524940e+06   4.7668457e+01
   9.6527850e+06   4.2724609e+01
   9.6530840e+06   4.2724609e+01
   9.6531060e+06   4.6997070e+01
   9.6864800e+06   5.1879883e+01
   9.6867800e+06   5.3466797e+01
   9.6869170e+06   4.9194336e+01
   9.6870970e+06   5.0415039e+01
   9.7515880e+06   4.4921875e+01
   9.7520020e+06   4.8034668e+01
   9.7735830e+06   4.7363281e+01
   9.7822300e+06   4.6813965e+01
   9.7838260e+06   4.3395996e+01
   9.7841510e+06   4.4006348e+01
   9.7843940e+06   4.7973633e+01
   9.7852840e+06   4.3457031e+01
   9.8264950e+06   4.4128418e+01
   9.8270800e+06   4.9621582e+01
   9.8271400e+06   4.4006348e+01
   9.8681010e+06   4.9621582e+01
   9.8683100e+06   5.0415039e+01
   9.8700100e+06   4.5654297e+01
   9.9058830e+06   4.5776367e+01
   9.9160760e+06   5.2246094e+01
   9.9163300e+06   5.0476074e+01
   9.9165000e+06   4.2846680e+01
   9.9165100e+06   4.7668457e+01
   9.9177010e+06   5.0048828e+01
   9.9513590e+06   5.9143066e+01
   9.9518520e+06   4.4189453e+01
   9.9518730e+06   5.0598145e+01
   9.9924670e+06   4.6508789e+01
   9.9926400e+06   4.4555664e+01
   1.0031255e+07   4.3457031e+01
   1.0031477e+07   4.6386719e+01
   1.0031499e+07   4.4738770e+01
   1.0031647e+07   4.7546387e+01
   1.0033622e+07   4.4189453e+01
   1.0074968e+07   4.8461914e+01
   1.0075082e+07   4.5166016e+01
   1.0075369e+07   4.6386719e+01
   1.0113723e+07   4.8522949e+01
   1.0113966e+07   4.3334961e+01
   1.0115393e+07   4.3884277e+01
   1.0143030e+07   5.5664062e+01
   1.0143210e+07   4.6752930e+01
   1.0143333e+07   4.5471191e+01
   1.0143490e+07   4.4433594e+01
   1.0170363e+07   4.7058105e+01
   1.0170479e+07   4.4738770e+01
   1.0206336e+07   4.5227051e+01
   1.0206453e+07   5.4077148e+01
   1.0206478e+07   5.0109863e+01
   1.0208934e+07   4.4494629e+01
   1.0236532e+07   4.8156738e+01
   1.0236679e+07   4.9926758e+01
   1.0259211e+07   4.7302246e+01
   1.0288242e+07   4.2907715e+01
   1.0309168e+07   4.9194336e+01
   1.0309333e+07   4.7119141e+01
   1.0333737e+07   4.4372559e+01
   1.0358100e+07   4.5349121e+01
   1.0358465e+07   4.3212891e+01
   1.0416429e+07   5.0292969e+01
   1.0445234e+07   4.3212891e+01
   1.0445615e+07   4.5837402e+01
   1.0472904e+07   4.8278809e+01
   1.0496272e+07   5.4626465e+01
   1.0496604e+07   6.0241699e+01
   1.0506775e+07   4.4860840e+01
   1.0522120e+07   4.9133301e+01
   1.0522446e+07   4.5227051e+01
   1.0547950e+07   5.5541992e+01
   1.0548238e+07   5.1452637e+01
   1.0548349e+07   4.6325684e+01
   1.0571419e+07   4.6569824e+01
   1.0573088e+07   4.9560547e+01
   1.0573425e+07   4.5837402e+01
   1.0632291e+07   4.6630859e+01
   1.0632890e+07   4.5166016e+01
   1.0674373e+07   4.3762207e+01
   1.0674696e+07   4.9133301e+01
   1.0723542e+07   5.6396484e+01
   1.0723587e+07   4.5776367e+01
   1.0723763e+07   5.0659180e+01
   1.0827738e+07   4.8278809e+01
   1.0827768e+07   4.3823242e+01
   1.0854928e+07   4.8278809e+01
   1.0855200e+07   4.4616699e+01
   1.0855267e+07   4.4128418e+01
   1.0887426e+07   4.8889160e+01
   1.0887569e+07   4.7241211e+01
   1.0920515e+07   4.9499512e+01
   1.0968333e+07   4.9316406e+01
   1.0996135e+07   9.3017578e+01
   1.0996152e+07   4.7241211e+01
   1.0996170e+07   4.4921875e+01
   1.0996203e+07   1.1199951e+02
   1.0996214e+07   5.6152344e+01
   1.0996236e+07   5.1635742e+01
   1.0996262e+07   7.0983887e+01
   1.0996272e+07   7.0068359e+01
   1.0996317e+07   6.2805176e+01
   1.0996343e+07   5.1452637e+01
   1.0996356e+07   4.9926758e+01
   1.0996384e+07   5.2795410e+01
   1.0996421e+07   4.3334961e+01
   1.0996620e+07   4.8828125e+01
   1.1007097e+07   4.7607422e+01
   1.1007273e+07   6.0852051e+01
   1.1007455e+07   5.3588867e+01
   1.1007603e+07   1.8487549e+02
   1.1007636e+07   5.2795410e+01
   1.1007689e+07   4.9926758e+01
   1.1007707e+07   1.3092041e+02
   1.1007753e+07   6.5185547e+01
   1.1007772e+07   5.4748535e+01
   1.1007794e+07   5.0781250e+01
   1.1007834e+07   4.4555664e+01
   1.1007845e+07   5.6701660e+01
   1.1007863e+07   6.4208984e+01
   1.1007884e+07   4.4616699e+01
   1.1007919e+07   5.5908203e+01
   1.1007963e+07   4.4128418e+01
   1.1007979e+07   5.1696777e+01
   1.1008042e+07   4.3518066e+01
   1.1008101e+07   4.4738770e+01
   1.1008324e+07   4.9865723e+01
   1.1008441e+07   4.6630859e+01
   1.1054578e+07   5.6213379e+01
   1.1054643e+07   4.3334961e+01
   1.1054681e+07   5.1879883e+01
   1.1054706e+07   1.8267822e+02
   1.1054726e+07   5.1513672e+01
   1.1054774e+07   5.2978516e+01
   1.1054786e+07   7.5073242e+01
   1.1054811e+07   6.3110352e+01
   1.1054827e+07   6.1767578e+01
   1.1054842e+07   9.0026855e+01
   1.1054927e+07   5.0292969e+01
   1.1054945e+07   5.2307129e+01
   1.1054990e+07   6.2255859e+01
   1.1055009e+07   4.7485352e+01
   1.1055077e+07   4.5471191e+01
   1.1055114e+07   4.3640137e+01
   1.1055199e+07   5.3771973e+01
   1.1057185e+07   4.5898438e+01
   1.1103231e+07   6.0363770e+01
   1.1103263e+07   4.7668457e+01
   1.1103376e+07   7.9406738e+01
   1.1103395e+07   7.2570801e+01
   1.1103407e+07   4.7607422e+01
   1.1103460e+07   1.2237549e+02
   1.1103479e+07   5.9814453e+01
   1.1103489e+07   5.5175781e+01
   1.1103521e+07   4.6813965e+01
   1.1103556e+07   7.1777344e+01
   1.1103584e+07   5.4504395e+01
   1.1103636e+07   5.9326172e+01
   1.1103648e+07   4.3395996e+01
   1.1103694e+07   4.6691895e+01
   1.1103860e+07   6.5307617e+01
   1.1103909e+07   4.4616699e+01
   1.1104291e+07   4.4555664e+01
   1.1105264e+07   4.8095703e+01
   1.1155767e+07   5.4687500e+01
   1.1155831e+07   5.2001953e+01
   1.1155860e+07   7.2204590e+01
   1.1155874e+07   5.9814453e+01
   1.1155925e+07   1.1181641e+02
   1.1155953e+07   4.8706055e+01
   1.1155969e+07   4.6142578e+01
   1.1156012e+07   1.6772461e+02
   1.1156039e+07   5.3039551e+01
   1.1156059e+07   5.8288574e+01
   1.1156075e+07   8.8745117e+01
   1.1156102e+07   6.2500000e+01
   1.1156125e+07   4.3945312e+01
   1.1156147e+07   5.7312012e+01
   1.1156188e+07   5.1391602e+01
   1.1156198e+07   4.2846680e+01
   1.1156265e+07   6.1401367e+01
   1.1156290e+07   4.5349121e+01
   1.1156325e+07   4.3090820e+01
   1.1204940e+07   5.6823730e+01
   1.1204962e+07   4.5654297e+01
   1.1204993e+07   4.3151855e+01
   1.1205051e+07   1.5643311e+02
   1.1205073e+07   5.3283691e+01
   1.1205106e+07   5.6762695e+01
   1.1205133e+07   1.6223145e+02
   1.1205150e+07   5.0476074e+01
   1.1205184e+07   5.8593750e+01
   1.1205203e+07   1.6009521e+02
   1.1205238e+07   4.3090820e+01
   1.1205264e+07   4.5654297e+01
   1.1205288e+07   4.7058105e+01
   1.1205304e+07   4.2785645e+01
   1.1205345e+07   5.2185059e+01
   1.1205377e+07   4.6447754e+01
   1.1205451e+07   4.2907715e+01
   1.1205515e+07   6.8481445e+01
   1.1249931e+07   4.6508789e+01
   1.1249967e+07   4.2724609e+01
   1.1249984e+07   5.8227539e+01
   1.1249998e+07   5.1269531e+01
   1.1250046e+07   5.0292969e+01
   1.1250150e+07   2.1136475e+02
   1.1250166e+07   6.8054199e+01
   1.1250257e+07   4.5410156e+01
   1.1250282e+07   1.5740967e+02
   1.1250306e+07   7.1533203e+01
   1.1250319e+07   5.2917480e+01
   1.1250363e+07   5.1208496e+01
   1.1250393e+07   7.0495605e+01
   1.1250407e+07   4.6081543e+01
   1.1250459e+07   5.8471680e+01
   1.1250476e+07   4.5959473e+01
   1.1250504e+07   4.5104980e+01
   1.1250533e+07   6.1462402e+01
   1.1250586e+07   6.8420410e+01
   1.1250667e+07   5.6396484e+01
   1.1266280e+07   5.5480957e+01
   1.1266395e+07   4.9621582e+01
   1.1266492e+07   6.9030762e+01
   1.1266520e+07   2.0770264e+02
   1.1266546e+07   5.6213379e+01
   1.1266612e+07   6.3049316e+01
   1.1266624e+07   4.6752930e+01
   1.1266650e+07   1.4025879e+02
   1.1266694e+07   9.4665527e+01
   1.1266729e+07   5.1879883e+01
   1.1266749e+07   7.9589844e+01
   1.1266776e+07   4.4189453e+01
   1.1266793e+07   5.8593750e+01
   1.1266824e+07   5.4077148e+01
   1.1266867e+07   6.4636230e+01
   1.1267008e+07   5.3344727e+01
   1.1313234e+07   5.6945801e+01
   1.1313306e+07   7.3730469e+01
   1.1313376e+07   1.9989014e+02
   1.1313418e+07   5.0170898e+01
   1.1313433e+07   6.0913086e+01
   1.1313482e+07   1.7065430e+02
   1.1313518e+07   5.9936523e+01
   1.1313554e+07   7.9895020e+01
   1.1313568e+07   6.0913086e+01
   1.1313591e+07   4.6569824e+01
   1.1313624e+07   4.9743652e+01
   1.1313654e+07   9.2468262e+01
   1.1313684e+07   5.8593750e+01
   1.1313701e+07   4.3334961e+01
   1.1313720e+07   4.7729492e+01
   1.1313788e+07   5.0781250e+01
   1.1313945e+07   4.6508789e+01
   1.1314551e+07   4.6264648e+01
   1.1359289e+07   5.1269531e+01
   1.1359365e+07   5.1757813e+01
   1.1359429e+07   7.0739746e+01
   1.1359499e+07   4.3151855e+01
   1.1359528e+07   4.8278809e+01
   1.1359563e+07   6.7199707e+01
   1.1359640e+07   4.6936035e+01
   1.1359655e+07   4.6386719e+01
   1.1359687e+07   4.8400879e+01
   1.1359709e+07   1.6961670e+02
   1.1359739e+07   5.0903320e+01
   1.1359770e+07   4.5837402e+01
   1.1359801e+07   7.6477051e+01
   1.1359834e+07   1.4642334e+02
   1.1359917e+07   4.3701172e+01
   1.1359937e+07   1.2097168e+02
   1.1389485e+07   5.0598145e+01
   1.1389516e+07   4.5776367e+01
   1.1389543e+07   4.4128418e+01
   1.1389706e+07   5.1574707e+01
   1.1389736e+07   1.6748047e+02
   1.1389762e+07   5.3649902e+01
   1.1389920e+07   5.2062988e+01
   1.1389948e+07   5.0109863e+01
   1.1390075e+07   4.7241211e+01
   1.1390174e+07   1.6174316e+02
   1.1390195e+07   5.0903320e+01
   1.1390309e+07   4.9621582e+01
   1.1392911e+07   4.3884277e+01
   1.1393079e+07   5.1513672e+01
   1.1393104e+07   4.5227051e+01
   1.1393221e+07   1.6662598e+02
   1.1393268e+07   4.8767090e+01
   1.1393494e+07   4.4311523e+01
   1.1393710e+07   5.0170898e+01
   1.1394079e+07   4.4494629e+01
   1.1441637e+07   5.9936523e+01
   1.1441848e+07   5.1696777e+01
   1.1441873e+07   5.0415039e+01
   1.1445958e+07   6.2927246e+01
   1.1445977e+07   4.3334961e+01
   1.1445996e+07   4.8889160e+01
   1.1475686e+07   5.5053711e+01
   1.1475853e+07   4.9438477e+01
   1.1476633e+07   4.4616699e+01
   1.1499548e+07   4.3151855e+01
   1.1500055e+07   5.6396484e+01
   1.1524320e+07   4.6936035e+01
   1.1524471e+07   4.3457031e+01
   1.1524556e+07   4.7485352e+01
   1.1524687e+07   4.7973633e+01
   1.1524801e+07   4.8522949e+01
   1.1524997e+07   4.7363281e+01
   1.1525334e+07   4.4677734e+01
   1.1525508e+07   4.3884277e+01
   1.1533188e+07   4.3090820e+01
   1.1553052e+07   4.4433594e+01
   1.1553147e+07   4.8889160e+01
   1.1553211e+07   4.9438477e+01
   1.1553243e+07   5.4809570e+01
   1.1553400e+07   4.8461914e+01
   1.1553590e+07   4.4250488e+01
   1.1581591e+07   4.3823242e+01
   1.1581755e+07   5.0964355e+01
   1.1581948e+07   4.4250488e+01
   1.1582010e+07   4.8217773e+01
   1.1582186e+07   4.9987793e+01
   1.1585307e+07   4.3823242e+01
   1.1612142e+07   5.0476074e+01
   1.1612299e+07   4.9377441e+01
   1.1612469e+07   4.8767090e+01
   1.1612526e+07   4.3518066e+01
   1.1635109e+07   4.9499512e+01
   1.1635185e+07   5.6701660e+01
   1.1635932e+07   4.4189453e+01
   1.1666154e+07   4.3701172e+01
   1.1666435e+07   5.4992676e+01
   1.1667187e+07   4.6325684e+01
   1.1694756e+07   4.2724609e+01
   1.1718485e+07   5.6640625e+01
   1.1718519e+07   4.3579102e+01
   1.1718944e+07   4.9865723e+01
   1.1803996e+07   5.4443359e+01
   1.1804136e+07   4.4921875e+01
   1.1805051e+07   5.1025391e+01
   1.1839303e+07   4.3823242e+01
   1.1874862e+07   4.4128418e+01
   1.1970512e+07   4.6081543e+01
   1.1970681e+07   4.3395996e+01
