   1.1996000e+07   0.0000000e+00
   3.4691000e+04   3.3447266e+01
   3.7634000e+04   3.3752441e+01
   4.6433000e+04   3.5339355e+01
   5.6857000e+04   3.3325195e+01
   7.7509000e+04   3.3142090e+01
   8.8857000e+04   3.8757324e+01
   9.5394000e+04   3.3874512e+01
   1.0241200e+05   3.9001465e+01
   1.0411300e+05   3.3203125e+01
   1.1313100e+05   3.3691406e+01
   1.3082900e+05   3.5339355e+01
   1.3386200e+05   3.3691406e+01
   1.4722000e+05   3.7597656e+01
   1.4905400e+05   3.8574219e+01
   1.5021900e+05   3.3020020e+01
   1.5545400e+05   3.3508301e+01
   1.5627600e+05   3.4973145e+01
   1.7054500e+05   3.4301758e+01
   1.7965700e+05   3.5583496e+01
   1.8367300e+05   3.8330078e+01
   1.8674900e+05   3.4790039e+01
   2.0377500e+05   3.5644531e+01
   2.0868600e+05   3.3203125e+01
   2.0983200e+05   3.3813477e+01
   2.1221500e+05   3.3325195e+01
   2.1400000e+05   3.3203125e+01
   2.1756500e+05   3.4240723e+01
   2.2608000e+05   4.5959473e+01
   2.2992800e+05   3.4851074e+01
   2.3296900e+05   3.3935547e+01
   2.3927400e+05   3.2958984e+01
   2.4395400e+05   3.3569336e+01
   2.4619600e+05   3.3386230e+01
   2.4668400e+05   3.4729004e+01
   2.4906600e+05   3.5705566e+01
   2.7818500e+05   3.3569336e+01
   2.8421400e+05   4.0405273e+01
   2.9777000e+05   3.3386230e+01
   2.9778700e+05   5.6945801e+01
   2.9788200e+05   3.6071777e+01
   2.9799200e+05   3.9794922e+01
   2.9806000e+05   5.9020996e+01
   2.9813600e+05   5.2185059e+01
   2.9817300e+05   3.5339355e+01
   2.9831900e+05   3.6926270e+01
   2.9842800e+05   6.2316895e+01
   2.9891500e+05   3.4851074e+01
   2.9935200e+05   5.6335449e+01
   3.0128200e+05   3.3691406e+01
   3.1915500e+05   3.4118652e+01
   3.2471600e+05   3.4301758e+01
   3.2490700e+05   3.3264160e+01
   3.3271300e+05   4.8339844e+01
   3.3273100e+05   3.9672852e+01
   3.3275400e+05   8.9599609e+01
   3.3277000e+05   3.3386230e+01
   3.3279300e+05   6.0546875e+01
   3.3280500e+05   3.8818359e+01
   3.3283500e+05   4.1625977e+01
   3.3286200e+05   7.0129395e+01
   3.3288200e+05   8.3618164e+01
   3.3290800e+05   4.0466309e+01
   3.3293600e+05   4.5227051e+01
   3.3296800e+05   6.7321777e+01
   3.3304200e+05   3.9184570e+01
   3.3306600e+05   4.3273926e+01
   3.3310700e+05   4.0161133e+01
   3.3325500e+05   3.8330078e+01
   3.3336200e+05   3.7780762e+01
   3.3340300e+05   3.3020020e+01
   3.3354400e+05   3.4179688e+01
   3.3444400e+05   3.6132812e+01
   3.3488000e+05   4.2785645e+01
   3.4903000e+05   3.5034180e+01
   3.5117600e+05   3.7414551e+01
   3.5477000e+05   3.7841797e+01
   3.5644500e+05   3.9489746e+01
   3.6352200e+05   3.9672852e+01
   3.7243800e+05   3.5400391e+01
   3.7790900e+05   3.4484863e+01
   3.8396900e+05   3.4057617e+01
   3.9154200e+05   3.9123535e+01
   3.9391100e+05   3.4606934e+01
   4.0189000e+05   3.7475586e+01
   4.0288800e+05   3.3874512e+01
   4.0635700e+05   3.3386230e+01
   4.0753100e+05   3.3142090e+01
   4.1552300e+05   3.4729004e+01
   4.1920500e+05   3.7475586e+01
   4.3092900e+05   3.4851074e+01
   4.3202800e+05   3.3752441e+01
   4.4820700e+05   3.4057617e+01
   4.5707200e+05   3.3264160e+01
   4.6396900e+05   3.3325195e+01
   4.6740100e+05   3.3142090e+01
   4.6882000e+05   3.3081055e+01
   4.6969500e+05   3.6499023e+01
   4.9656200e+05   3.5156250e+01
   5.1375900e+05   3.4851074e+01
   5.1837900e+05   3.4729004e+01
   5.2181200e+05   3.4240723e+01
   5.2407900e+05   3.3142090e+01
   5.2536200e+05   3.9611816e+01
   5.3051200e+05   3.4423828e+01
   5.4254800e+05   3.3203125e+01
   5.4759700e+05   3.4484863e+01
   5.6489500e+05   3.3386230e+01
   5.6952800e+05   3.4240723e+01
   5.8882900e+05   3.5095215e+01
   5.9074300e+05   3.4912109e+01
   5.9404000e+05   3.7292480e+01
   5.9933500e+05   3.9672852e+01
   6.0982800e+05   3.4667969e+01
   6.1704300e+05   3.3630371e+01
   6.2119800e+05   3.7231445e+01
   6.2426900e+05   4.0100098e+01
   6.2727200e+05   3.3752441e+01
   6.4196300e+05   3.6071777e+01
   6.5042900e+05   3.5034180e+01
   6.5551500e+05   3.3996582e+01
   6.5779100e+05   3.3630371e+01
   6.7840100e+05   3.3752441e+01
   6.8195500e+05   3.3508301e+01
   6.8943900e+05   4.2907715e+01
   7.0123100e+05   3.6560059e+01
   7.0537700e+05   3.6071777e+01
   7.2246400e+05   3.4484863e+01
   7.2874700e+05   3.3020020e+01
   7.6343300e+05   3.5217285e+01
   7.6553800e+05   3.4729004e+01
   7.6882100e+05   3.3264160e+01
   7.7473300e+05   3.7536621e+01
   7.9043400e+05   3.5156250e+01
   7.9206500e+05   3.3020020e+01
   8.0017900e+05   3.3447266e+01
   8.0928500e+05   3.5156250e+01
   8.1375900e+05   3.6254883e+01
   8.2828200e+05   3.3081055e+01
   8.4522900e+05   3.8696289e+01
   8.5052400e+05   3.7719727e+01
   8.5135900e+05   3.3447266e+01
   8.5293800e+05   3.4301758e+01
   8.5936100e+05   3.2958984e+01
   8.8569000e+05   3.3081055e+01
   8.9162900e+05   3.3386230e+01
   8.9997100e+05   3.3325195e+01
   9.0957000e+05   3.3081055e+01
   9.1502400e+05   3.5217285e+01
   9.2122800e+05   3.4912109e+01
   9.2690300e+05   3.3508301e+01
   9.3251800e+05   3.3081055e+01
   9.3390100e+05   3.4484863e+01
   9.4572000e+05   3.8635254e+01
   9.6086300e+05   3.5339355e+01
   9.6324100e+05   3.6254883e+01
   9.7426300e+05   4.6081543e+01
   1.0065120e+06   3.3447266e+01
   1.0150930e+06   3.2958984e+01
   1.0282860e+06   3.4606934e+01
   1.0304430e+06   3.7780762e+01
   1.0332320e+06   3.3569336e+01
   1.0428810e+06   3.3691406e+01
   1.0742840e+06   5.3344727e+01
   1.0743070e+06   3.5461426e+01
   1.0743210e+06   3.3508301e+01
   1.0743430e+06   4.6630859e+01
   1.0743680e+06   4.3823242e+01
   1.0743810e+06   6.0607910e+01
   1.0744080e+06   6.4636230e+01
   1.0744380e+06   8.9111328e+01
   1.0744620e+06   4.2663574e+01
   1.0744880e+06   3.5400391e+01
   1.0745050e+06   4.6997070e+01
   1.0745500e+06   5.1147461e+01
   1.0745730e+06   3.5888672e+01
   1.0745910e+06   4.5288086e+01
   1.0746390e+06   4.0283203e+01
   1.0746610e+06   3.5949707e+01
   1.0747060e+06   4.1198730e+01
   1.0747540e+06   3.8818359e+01
   1.0747890e+06   3.3630371e+01
   1.0748260e+06   3.4118652e+01
   1.0748550e+06   3.7780762e+01
   1.0749660e+06   3.4545898e+01
   1.0752020e+06   4.2297363e+01
   1.0754690e+06   3.3508301e+01
   1.0759160e+06   3.7780762e+01
   1.0762260e+06   3.3264160e+01
   1.0764150e+06   3.6071777e+01
   1.0772340e+06   3.3081055e+01
   1.0791300e+06   3.3813477e+01
   1.0888320e+06   3.4729004e+01
   1.0902340e+06   3.3020020e+01
   1.0934270e+06   3.3996582e+01
   1.0982620e+06   3.3691406e+01
   1.1006850e+06   3.4973145e+01
   1.1043040e+06   3.4118652e+01
   1.1048900e+06   3.3020020e+01
   1.1180870e+06   3.3630371e+01
   1.1194930e+06   3.3264160e+01
   1.1469870e+06   3.6071777e+01
   1.1729410e+06   3.4606934e+01
   1.1755130e+06   3.3935547e+01
   1.1847150e+06   3.4790039e+01
   1.1911820e+06   3.3569336e+01
   1.1928350e+06   3.3996582e+01
   1.2034540e+06   4.1442871e+01
   1.2106890e+06   3.3630371e+01
   1.2170390e+06   3.3996582e+01
   1.2217820e+06   3.3996582e+01
   1.2326300e+06   3.4790039e+01
   1.2552920e+06   3.3142090e+01
   1.2684120e+06   3.4912109e+01
   1.2894910e+06   3.4179688e+01
   1.2934220e+06   3.3691406e+01
   1.3097100e+06   3.3752441e+01
   1.3244840e+06   3.3386230e+01
   1.3291470e+06   3.6193848e+01
   1.3569230e+06   3.2958984e+01
   1.3609400e+06   3.8208008e+01
   1.3753750e+06   3.8940430e+01
   1.3855530e+06   3.7170410e+01
   1.3913250e+06   3.4912109e+01
   1.3968520e+06   3.5766602e+01
   1.4063440e+06   3.2958984e+01
   1.4259670e+06   3.4545898e+01
   1.4375930e+06   3.6437988e+01
   1.4642960e+06   3.5705566e+01
   1.4896460e+06   3.4118652e+01
   1.4928790e+06   3.8818359e+01
   1.4953960e+06   3.4362793e+01
   1.5013150e+06   3.7536621e+01
   1.5021880e+06   3.7841797e+01
   1.5278920e+06   3.5400391e+01
   1.5290700e+06   3.6010742e+01
   1.5384650e+06   3.5278320e+01
   1.5399250e+06   3.5705566e+01
   1.5549550e+06   3.4362793e+01
   1.5784960e+06   3.8208008e+01
   1.5943260e+06   3.2958984e+01
   1.5973060e+06   3.5888672e+01
   1.6164700e+06   3.3447266e+01
   1.6175200e+06   3.3020020e+01
   1.6292410e+06   3.5400391e+01
   1.6323020e+06   3.7658691e+01
   1.6382720e+06   3.7231445e+01
   1.6400250e+06   3.8940430e+01
   1.6461650e+06   3.4179688e+01
   1.6513080e+06   4.0405273e+01
   1.6728760e+06   3.3813477e+01
   1.6751750e+06   3.3386230e+01
   1.6832190e+06   3.3752441e+01
   1.6987840e+06   3.4362793e+01
   1.7054410e+06   3.6071777e+01
   1.7222370e+06   3.5461426e+01
   1.7376500e+06   3.5278320e+01
   1.7380290e+06   3.8269043e+01
   1.7493080e+06   3.4729004e+01
   1.7511090e+06   3.4790039e+01
   1.7696950e+06   3.3569336e+01
   1.7765240e+06   3.3203125e+01
   1.7846610e+06   3.3691406e+01
   1.7961180e+06   3.8574219e+01
   1.8030320e+06   4.2541504e+01
   1.8219940e+06   3.3935547e+01
   1.8322020e+06   3.4118652e+01
   1.8386910e+06   3.5034180e+01
   1.8455520e+06   3.7597656e+01
   1.8648940e+06   3.5339355e+01
   1.8709560e+06   4.0771484e+01
   1.8790170e+06   3.9184570e+01
   1.8898060e+06   3.4240723e+01
   1.8962180e+06   3.4790039e+01
   1.9020960e+06   3.3996582e+01
   1.9069560e+06   3.7048340e+01
   1.9105010e+06   3.4851074e+01
   1.9125540e+06   3.9428711e+01
   1.9132070e+06   3.5522461e+01
   1.9204790e+06   3.7719727e+01
   1.9240760e+06   3.5278320e+01
   1.9412770e+06   3.2958984e+01
   1.9488480e+06   4.7546387e+01
   1.9500530e+06   3.3996582e+01
   1.9510240e+06   3.9062500e+01
   1.9678100e+06   3.3264160e+01
   1.9700710e+06   3.4179688e+01
   1.9735580e+06   3.3874512e+01
   1.9776480e+06   3.9794922e+01
   1.9863720e+06   3.3508301e+01
   1.9934250e+06   3.6376953e+01
   1.9948910e+06   3.5644531e+01
   1.9999810e+06   3.6254883e+01
   2.0058570e+06   3.4179688e+01
   2.0093260e+06   3.6193848e+01
   2.0152090e+06   3.3874512e+01
   2.0171930e+06   3.7536621e+01
   2.0174980e+06   3.3081055e+01
   2.0213390e+06   3.3325195e+01
   2.0272840e+06   3.9855957e+01
   2.0379690e+06   3.5034180e+01
   2.0601170e+06   3.7780762e+01
   2.0638540e+06   3.6254883e+01
   2.0689390e+06   3.3203125e+01
   2.1022850e+06   3.4423828e+01
   2.1071810e+06   3.3569336e+01
   2.1105070e+06   3.7170410e+01
   2.1118550e+06   4.4006348e+01
   2.1352920e+06   3.3081055e+01
   2.1413450e+06   3.5583496e+01
   2.1613270e+06   3.7902832e+01
   2.1669540e+06   3.4790039e+01
   2.1784420e+06   3.4606934e+01
   2.1912440e+06   3.5644531e+01
   2.1936570e+06   3.3020020e+01
   2.2123410e+06   3.6254883e+01
   2.2135440e+06   3.7597656e+01
   2.2224130e+06   3.3752441e+01
   2.2419620e+06   3.3447266e+01
   2.2538340e+06   3.5339355e+01
   2.2575740e+06   3.5461426e+01
   2.2751850e+06   3.4545898e+01
   2.2852260e+06   3.5034180e+01
   2.2995120e+06   3.5644531e+01
   2.3030550e+06   3.3508301e+01
   2.3040100e+06   3.6804199e+01
   2.3160960e+06   3.8757324e+01
   2.3377510e+06   3.3874512e+01
   2.3504300e+06   3.2958984e+01
   2.3527550e+06   3.3447266e+01
   2.3579030e+06   3.7841797e+01
   2.3598800e+06   3.3081055e+01
   2.3712750e+06   3.4057617e+01
   2.3763850e+06   3.5339355e+01
   2.3776040e+06   3.6010742e+01
   2.3802060e+06   3.3813477e+01
   2.3992420e+06   3.3386230e+01
   2.4061860e+06   3.8574219e+01
   2.4206780e+06   3.4851074e+01
   2.4237390e+06   3.6193848e+01
   2.4245260e+06   3.3020020e+01
   2.4322570e+06   4.0100098e+01
   2.4504960e+06   3.5034180e+01
   2.4522630e+06   3.4545898e+01
   2.4584870e+06   3.4729004e+01
   2.4604070e+06   3.7170410e+01
   2.4615150e+06   3.4301758e+01
   2.4623730e+06   3.4179688e+01
   2.4683850e+06   3.3691406e+01
   2.4729730e+06   3.3386230e+01
   2.4778210e+06   3.3508301e+01
   2.5060810e+06   3.3569336e+01
   2.5112570e+06   3.5583496e+01
   2.5144890e+06   3.4912109e+01
   2.5191830e+06   3.5827637e+01
   2.5194360e+06   3.6315918e+01
   2.5219070e+06   3.4667969e+01
   2.5257320e+06   3.4973145e+01
   2.5404690e+06   3.3447266e+01
   2.5461580e+06   3.3325195e+01
   2.5471640e+06   3.6560059e+01
   2.5511490e+06   3.5278320e+01
   2.5592900e+06   3.4973145e+01
   2.5617010e+06   3.9733887e+01
   2.5672320e+06   3.3447266e+01
   2.5673090e+06   3.3691406e+01
   2.5676680e+06   3.3203125e+01
   2.5827720e+06   3.4667969e+01
   2.5986060e+06   3.4179688e+01
   2.6069630e+06   3.5888672e+01
   2.6242260e+06   3.3386230e+01
   2.6419400e+06   3.5705566e+01
   2.6470520e+06   3.3569336e+01
   2.6476250e+06   3.6071777e+01
   2.6689560e+06   3.4179687e+01
   2.6746980e+06   3.5278320e+01
   2.6817110e+06   3.9001465e+01
   2.7097990e+06   3.5461426e+01
   2.7114760e+06   3.3691406e+01
   2.7168450e+06   3.6315918e+01
   2.7189140e+06   3.3813477e+01
   2.7290820e+06   3.3813477e+01
   2.7401960e+06   3.5522461e+01
   2.7410440e+06   3.3325195e+01
   2.7427160e+06   3.8452148e+01
   2.7513180e+06   3.2958984e+01
   2.7560940e+06   3.6254883e+01
   2.7598350e+06   3.3020020e+01
   2.7651780e+06   3.5949707e+01
   2.7758060e+06   3.2958984e+01
   2.7830880e+06   3.5400391e+01
   2.7861990e+06   3.5095215e+01
   2.7884870e+06   3.2958984e+01
   2.8060820e+06   3.6987305e+01
   2.8084510e+06   3.4545898e+01
   2.8140120e+06   3.5278320e+01
   2.8168810e+06   3.7902832e+01
   2.8188940e+06   3.3508301e+01
   2.8241290e+06   3.7475586e+01
   2.8250810e+06   3.6071777e+01
   2.8353250e+06   3.3996582e+01
   2.8389410e+06   3.6987305e+01
   2.8460370e+06   3.2958984e+01
   2.8491790e+06   3.3081055e+01
   2.8694700e+06   5.7617188e+01
   2.8694860e+06   4.0344238e+01
   2.8695190e+06   4.9560547e+01
   2.8695490e+06   7.4890137e+01
   2.8695680e+06   4.1687012e+01
   2.8695950e+06   5.3955078e+01
   2.8696310e+06   8.5266113e+01
   2.8696540e+06   4.3334961e+01
   2.8696660e+06   7.8857422e+01
   2.8696840e+06   3.5278320e+01
   2.8697100e+06   3.6376953e+01
   2.8697390e+06   5.2124023e+01
   2.8697520e+06   4.2236328e+01
   2.8697690e+06   3.6926270e+01
   2.8697810e+06   3.8208008e+01
   2.8698530e+06   4.9377441e+01
   2.8698780e+06   4.4982910e+01
   2.8698980e+06   3.7231445e+01
   2.8699820e+06   4.4921875e+01
   2.8700210e+06   3.4667969e+01
   2.8701260e+06   3.5949707e+01
   2.8701950e+06   3.7536621e+01
   2.8704530e+06   3.4606934e+01
   2.8708400e+06   3.5461426e+01
   2.8717150e+06   4.1625977e+01
   2.8738630e+06   3.3020020e+01
   2.8744630e+06   3.3996582e+01
   2.8879100e+06   3.6987305e+01
   2.8902550e+06   3.4790039e+01
   2.8903590e+06   3.4179688e+01
   2.8917800e+06   3.5583496e+01
   2.8932830e+06   3.5583496e+01
   2.9040790e+06   3.7719727e+01
   2.9076680e+06   3.3203125e+01
   2.9119790e+06   3.3081055e+01
   2.9120010e+06   3.9184570e+01
   2.9127620e+06   3.3447266e+01
   2.9174460e+06   3.3081055e+01
   2.9201180e+06   3.6926270e+01
   2.9256050e+06   3.5644531e+01
   2.9328090e+06   3.3691406e+01
   2.9366000e+06   3.3020020e+01
   2.9380400e+06   3.3386230e+01
   2.9381450e+06   3.4362793e+01
   2.9411040e+06   3.3264160e+01
   2.9498650e+06   3.7048340e+01
   2.9549980e+06   3.4240723e+01
   2.9620170e+06   3.6315918e+01
   2.9666340e+06   3.6010742e+01
   2.9727700e+06   4.2297363e+01
   2.9767500e+06   3.4912109e+01
   2.9831100e+06   3.5522461e+01
   2.9874720e+06   3.8146973e+01
   2.9958310e+06   3.3813477e+01
   3.0025140e+06   3.3264160e+01
   3.0066690e+06   3.6621094e+01
   3.0099520e+06   3.2958984e+01
   3.0100710e+06   3.3081055e+01
   3.0146060e+06   3.4912109e+01
   3.0287460e+06   3.4912109e+01
   3.0375480e+06   3.3203125e+01
   3.0448820e+06   3.3996582e+01
   3.0508270e+06   3.2897949e+01
   3.0545200e+06   4.1625977e+01
   3.0574910e+06   3.6865234e+01
   3.0578090e+06   3.2958984e+01
   3.0635960e+06   3.6010742e+01
   3.0654080e+06   3.2470703e+01
   3.0689790e+06   3.2836914e+01
   3.0714380e+06   3.2897949e+01
   3.0810390e+06   3.6010742e+01
   3.0937640e+06   3.3447266e+01
   3.0962030e+06   3.3142090e+01
   3.0982320e+06   3.3630371e+01
   3.1043500e+06   4.2175293e+01
   3.1267130e+06   3.3264160e+01
   3.1462860e+06   3.6621094e+01
   3.1597840e+06   3.3386230e+01
   3.1631110e+06   3.2470703e+01
   3.1634690e+06   3.4973145e+01
   3.1682760e+06   3.3996582e+01
   3.1693600e+06   3.2470703e+01
   3.1832830e+06   3.9367676e+01
   3.2054870e+06   3.5156250e+01
   3.2144190e+06   3.3020020e+01
   3.2200540e+06   4.0466309e+01
   3.2274240e+06   3.4179688e+01
   3.2435630e+06   3.6499023e+01
   3.2532900e+06   3.4240723e+01
   3.2643230e+06   3.5522461e+01
   3.2698150e+06   3.3081055e+01
   3.2714710e+06   3.3081055e+01
   3.2751770e+06   3.4545898e+01
   3.2769470e+06   3.6254883e+01
   3.2825120e+06   3.3996582e+01
   3.2879640e+06   3.7780762e+01
   3.2920150e+06   3.4240723e+01
   3.2952040e+06   3.2836914e+01
   3.2988710e+06   3.3325195e+01
   3.2991160e+06   3.7109375e+01
   3.3031880e+06   3.2531738e+01
   3.3163390e+06   3.7170410e+01
   3.3242480e+06   3.4912109e+01
   3.3252140e+06   3.3386230e+01
   3.3284910e+06   3.3996582e+01
   3.3364100e+06   3.4973145e+01
   3.3426550e+06   3.4301758e+01
   3.3446110e+06   3.3081055e+01
   3.3449070e+06   3.4912109e+01
   3.3477370e+06   3.4362793e+01
   3.3577710e+06   3.4851074e+01
   3.3621610e+06   3.4545898e+01
   3.3662240e+06   3.6376953e+01
   3.3809270e+06   3.3813477e+01
   3.3843790e+06   3.4606934e+01
   3.3863370e+06   3.4973145e+01
   3.4010710e+06   3.2714844e+01
   3.4052950e+06   3.3447266e+01
   3.4065250e+06   3.3325195e+01
   3.4129720e+06   3.4545898e+01
   3.4302620e+06   3.3813477e+01
   3.4350160e+06   3.2836914e+01
   3.4410440e+06   3.3996582e+01
   3.4419020e+06   3.6865234e+01
   3.4427550e+06   3.2897949e+01
   3.4550370e+06   3.5217285e+01
   3.4576970e+06   3.2836914e+01
   3.4593140e+06   3.6315918e+01
   3.4622000e+06   3.8879395e+01
   3.4675600e+06   3.3386230e+01
   3.4814550e+06   3.5034180e+01
   3.4888540e+06   3.3752441e+01
   3.4910030e+06   3.4057617e+01
   3.4923990e+06   3.7536621e+01
   3.4954480e+06   3.3874512e+01
   3.4974180e+06   4.2053223e+01
   3.5028610e+06   3.7597656e+01
   3.5040710e+06   3.4545898e+01
   3.5059390e+06   3.4301758e+01
   3.5195020e+06   3.3996582e+01
   3.5229610e+06   3.3874512e+01
   3.5266840e+06   3.3996582e+01
   3.5313330e+06   3.3569336e+01
   3.5337790e+06   3.3935547e+01
   3.5346120e+06   3.2653809e+01
   3.5429230e+06   3.3874512e+01
   3.5440020e+06   3.3508301e+01
   3.5465760e+06   3.3813477e+01
   3.5521310e+06   3.5278320e+01
   3.5718040e+06   3.3264160e+01
   3.5724300e+06   3.4606934e+01
   3.5755400e+06   3.2775879e+01
   3.5775430e+06   3.2714844e+01
   3.5818540e+06   3.6071777e+01
   3.5905270e+06   3.5217285e+01
   3.5940490e+06   3.4057617e+01
   3.6006480e+06   3.5705566e+01
   3.6139870e+06   3.3386230e+01
   3.6211090e+06   3.4545898e+01
   3.6337060e+06   3.7780762e+01
   3.6400350e+06   3.3569336e+01
   3.6469090e+06   3.8452148e+01
   3.6518040e+06   3.3142090e+01
   3.6565130e+06   4.1564941e+01
   3.6581700e+06   3.3813477e+01
   3.6617130e+06   3.5278320e+01
   3.6683530e+06   3.7780762e+01
   3.6736150e+06   3.2897949e+01
   3.6809320e+06   3.9001465e+01
   3.6910190e+06   3.4912109e+01
   3.6962700e+06   3.3752441e+01
   3.7053500e+06   3.3508301e+01
   3.7112730e+06   3.3386230e+01
   3.7133320e+06   3.3935547e+01
   3.7200120e+06   3.2592773e+01
   3.7270730e+06   4.3151855e+01
   3.7291130e+06   3.5461426e+01
   3.7376010e+06   3.4790039e+01
   3.7414420e+06   3.5400391e+01
   3.7454310e+06   3.5278320e+01
   3.7466600e+06   3.2592773e+01
   3.7541060e+06   3.3203125e+01
   3.7560200e+06   3.5034180e+01
   3.7584770e+06   3.2775879e+01
   3.7602130e+06   3.4790039e+01
   3.7696640e+06   3.6682129e+01
   3.7729610e+06   3.6743164e+01
   3.7859940e+06   3.6621094e+01
   3.7938150e+06   3.5156250e+01
   3.7962270e+06   3.3081055e+01
   3.8036100e+06   3.5217285e+01
   3.8045500e+06   3.5217285e+01
   3.8094180e+06   3.7231445e+01
   3.8150580e+06   4.1320801e+01
   3.8193970e+06   3.2958984e+01
   3.8198910e+06   3.4667969e+01
   3.8285050e+06   3.3386230e+01
   3.8308870e+06   3.4484863e+01
   3.8319460e+06   3.6437988e+01
   3.8367370e+06   3.8452148e+01
   3.8392840e+06   3.7048340e+01
   3.8477580e+06   3.7597656e+01
   3.8532190e+06   3.6010742e+01
   3.8574330e+06   3.7231445e+01
   3.8583770e+06   3.3142090e+01
   3.8642520e+06   3.4667969e+01
   3.8649820e+06   3.6499023e+01
   3.8677090e+06   3.4301758e+01
   3.8758680e+06   3.4912109e+01
   3.8831720e+06   3.4606934e+01
   3.8860620e+06   3.7475586e+01
   3.8920460e+06   3.8696289e+01
   3.8974580e+06   3.7170410e+01
   3.9158280e+06   3.6010742e+01
   3.9194280e+06   4.0405273e+01
   3.9217860e+06   4.5349121e+01
   3.9218080e+06   3.6560059e+01
   3.9435770e+06   4.2053223e+01
   3.9491260e+06   3.6987305e+01
   3.9491470e+06   3.4912109e+01
   3.9556200e+06   3.2531738e+01
   3.9593290e+06   3.2897949e+01
   3.9621990e+06   3.5644531e+01
   3.9681320e+06   4.0588379e+01
   3.9707260e+06   3.3142090e+01
   3.9714400e+06   3.7170410e+01
   3.9773930e+06   3.4179688e+01
   3.9851110e+06   3.5644531e+01
   3.9860490e+06   3.3935547e+01
   3.9885030e+06   3.8269043e+01
   3.9932550e+06   3.3874512e+01
   4.0016320e+06   3.6193848e+01
   4.0018430e+06   3.6132812e+01
   4.0106850e+06   3.5766602e+01
   4.0219550e+06   3.3081055e+01
   4.0268130e+06   3.6560059e+01
   4.0306430e+06   3.2714844e+01
   4.0347940e+06   3.5888672e+01
   4.0421300e+06   3.3142090e+01
   4.0464960e+06   3.4851074e+01
   4.0497740e+06   3.7658691e+01
   4.0546140e+06   3.3264160e+01
   4.0652020e+06   3.7963867e+01
   4.0662960e+06   3.2592773e+01
   4.0706120e+06   3.4362793e+01
   4.0759260e+06   3.3081055e+01
   4.0793280e+06   3.9184570e+01
   4.0873550e+06   3.5278320e+01
   4.0888230e+06   3.8330078e+01
   4.0921300e+06   3.5766602e+01
   4.0954660e+06   4.0222168e+01
   4.1122560e+06   3.4851074e+01
   4.1167340e+06   3.6071777e+01
   4.1216970e+06   4.1564941e+01
   4.1246230e+06   3.8879395e+01
   4.1405410e+06   3.3874512e+01
   4.1408300e+06   4.0527344e+01
   4.1564880e+06   3.4240723e+01
   4.1610670e+06   3.9306641e+01
   4.1630690e+06   3.2775879e+01
   4.1645800e+06   3.6621094e+01
   4.1696100e+06   3.3752441e+01
   4.1749130e+06   3.5522461e+01
   4.1757910e+06   3.2836914e+01
   4.1826110e+06   3.4912109e+01
   4.1841390e+06   3.3325195e+01
   4.1909520e+06   3.2897949e+01
   4.1958320e+06   3.2775879e+01
   4.2009050e+06   3.9428711e+01
   4.2111230e+06   3.5949707e+01
   4.2141670e+06   3.8024902e+01
   4.2280860e+06   3.3142090e+01
   4.2381530e+06   3.4545898e+01
   4.2439200e+06   3.7231445e+01
   4.2458450e+06   3.4912109e+01
   4.2463600e+06   3.7902832e+01
   4.2486940e+06   3.7231445e+01
   4.2505450e+06   3.2653809e+01
   4.2527930e+06   3.3203125e+01
   4.2551080e+06   3.5705566e+01
   4.2565370e+06   3.5888672e+01
   4.2575530e+06   3.2775879e+01
   4.2607140e+06   3.3447266e+01
   4.2612220e+06   3.4057617e+01
   4.2628450e+06   3.4301758e+01
   4.2632010e+06   3.4667969e+01
   4.2673710e+06   3.3264160e+01
   4.2745260e+06   3.5888672e+01
   4.2766060e+06   3.5827637e+01
   4.2783350e+06   3.2775879e+01
   4.2852380e+06   3.5095215e+01
   4.2882450e+06   3.6804199e+01
   4.2888000e+06   3.3020020e+01
   4.2941210e+06   3.2531738e+01
   4.3010850e+06   3.6193848e+01
   4.3026260e+06   4.0161133e+01
   4.3055440e+06   3.2775879e+01
   4.3095370e+06   3.4729004e+01
   4.3122260e+06   3.3569336e+01
   4.3261560e+06   3.6315918e+01
   4.3388780e+06   3.5339355e+01
   4.3412190e+06   3.4423828e+01
   4.3482260e+06   4.1992188e+01
   4.3511390e+06   4.6020508e+01
   4.3641500e+06   3.2531738e+01
   4.3658330e+06   3.6010742e+01
   4.3682410e+06   3.4423828e+01
   4.3690740e+06   3.5156250e+01
   4.3721620e+06   3.6621094e+01
   4.3774180e+06   3.6376953e+01
   4.3810400e+06   3.5705566e+01
   4.3848640e+06   3.7658691e+01
   4.3873370e+06   3.3447266e+01
   4.3941130e+06   3.2592773e+01
   4.3978980e+06   3.4851074e+01
   4.3996460e+06   3.3752441e+01
   4.4048890e+06   3.6132812e+01
   4.4114380e+06   3.3691406e+01
   4.4129430e+06   4.1015625e+01
   4.4208840e+06   3.6376953e+01
   4.4269410e+06   3.2592773e+01
   4.4331220e+06   4.0039063e+01
   4.4395040e+06   3.4057617e+01
   4.4444340e+06   3.5461426e+01
   4.4454450e+06   3.6132812e+01
   4.4571850e+06   3.5583496e+01
   4.4621360e+06   3.5766602e+01
   4.4753570e+06   3.6437988e+01
   4.4887190e+06   3.4729004e+01
   4.4922940e+06   3.4057617e+01
   4.4998580e+06   3.7963867e+01
   4.5101380e+06   3.5461426e+01
   4.5138420e+06   3.5278320e+01
   4.5179290e+06   3.8330078e+01
   4.5255610e+06   3.8085938e+01
   4.5279870e+06   3.3447266e+01
   4.5320310e+06   3.4301758e+01
   4.5335160e+06   4.1992188e+01
   4.5355760e+06   3.4484863e+01
   4.5366140e+06   4.1931152e+01
   4.5454320e+06   3.5644531e+01
   4.5458070e+06   3.3752441e+01
   4.5547630e+06   3.5827637e+01
   4.5620130e+06   3.4973145e+01
   4.5626730e+06   3.3203125e+01
   4.5695430e+06   3.3447266e+01
   4.5715460e+06   3.4362793e+01
   4.5747510e+06   3.8330078e+01
   4.5753270e+06   3.3569336e+01
   4.5799030e+06   3.9184570e+01
   4.5914000e+06   3.4851074e+01
   4.5940670e+06   3.2836914e+01
   4.5995720e+06   3.9001465e+01
   4.6022350e+06   3.3508301e+01
   4.6043460e+06   3.3630371e+01
   4.6165750e+06   3.2470703e+01
   4.6220520e+06   3.3874512e+01
   4.6248200e+06   3.4545898e+01
   4.6261140e+06   3.4240723e+01
   4.6282000e+06   3.6865234e+01
   4.6309950e+06   3.3142090e+01
   4.6338390e+06   3.4484863e+01
   4.6367770e+06   3.3081055e+01
   4.6378110e+06   3.3874512e+01
   4.6382130e+06   3.6315918e+01
   4.6462940e+06   3.7902832e+01
   4.6475590e+06   3.5095215e+01
   4.6506050e+06   3.8208008e+01
   4.6552470e+06   3.5583496e+01
   4.6559170e+06   3.2958984e+01
   4.6579940e+06   4.6142578e+01
   4.6589760e+06   3.3752441e+01
   4.6645880e+06   4.1320801e+01
   4.6649880e+06   4.1015625e+01
   4.6788550e+06   4.5654297e+01
   4.6808120e+06   3.6376953e+01
   4.6827530e+06   3.4118652e+01
   4.6843750e+06   3.2714844e+01
   4.6850850e+06   3.4240723e+01
   4.6898810e+06   3.3203125e+01
   4.6936650e+06   3.5461426e+01
   4.6989990e+06   3.2897949e+01
   4.7009720e+06   3.5766602e+01
   4.7010300e+06   3.3264160e+01
   4.7018300e+06   3.4484863e+01
   4.7026560e+06   3.4790039e+01
   4.7072490e+06   3.3325195e+01
   4.7088210e+06   3.8574219e+01
   4.7213500e+06   3.3020020e+01
   4.7262440e+06   3.3325195e+01
   4.7279900e+06   3.5217285e+01
   4.7298570e+06   3.7719727e+01
   4.7331110e+06   3.3203125e+01
   4.7394830e+06   3.3447266e+01
   4.7416420e+06   3.7841797e+01
   4.7477620e+06   3.5705566e+01
   4.7487790e+06   3.6499023e+01
   4.7560750e+06   3.4423828e+01
   4.7616960e+06   4.0954590e+01
   4.7649940e+06   3.3569336e+01
   4.7681020e+06   3.5461426e+01
   4.7731270e+06   3.2653809e+01
   4.7770670e+06   3.3813477e+01
   4.7777260e+06   4.1625977e+01
   4.7796720e+06   3.3203125e+01
   4.7836090e+06   3.8024902e+01
   4.7861690e+06   3.2897949e+01
   4.7909800e+06   3.3020020e+01
   4.7954650e+06   3.4851074e+01
   4.7967410e+06   3.4240723e+01
   4.8015080e+06   3.4790039e+01
   4.8043480e+06   3.5034180e+01
   4.8058110e+06   3.2470703e+01
   4.8123570e+06   3.2653809e+01
   4.8171140e+06   3.7414551e+01
   4.8193210e+06   3.5827637e+01
   4.8223700e+06   3.8269043e+01
   4.8286970e+06   3.5583496e+01
   4.8365000e+06   3.4545898e+01
   4.8423660e+06   3.5644531e+01
   4.8445080e+06   3.8391113e+01
   4.8463780e+06   3.4973145e+01
   4.8497650e+06   3.7353516e+01
   4.8516760e+06   3.5461426e+01
   4.8556480e+06   3.2592773e+01
   4.8556800e+06   3.3691406e+01
   4.8584720e+06   3.5949707e+01
   4.8712950e+06   3.6865234e+01
   4.8717060e+06   3.3935547e+01
   4.8757540e+06   3.3325195e+01
   4.8770260e+06   3.8513184e+01
   4.8793380e+06   3.4790039e+01
   4.8839120e+06   3.5644531e+01
   4.8890400e+06   3.5400391e+01
   4.8902300e+06   3.2653809e+01
   4.8930500e+06   3.7353516e+01
   4.8964130e+06   3.4362793e+01
   4.9066890e+06   3.3630371e+01
   4.9091810e+06   3.9062500e+01
   4.9157240e+06   3.4973145e+01
   4.9191400e+06   3.6132812e+01
   4.9220710e+06   3.2897949e+01
   4.9245630e+06   3.3508301e+01
   4.9253830e+06   3.6193848e+01
   4.9300790e+06   3.6254883e+01
   4.9312590e+06   3.7292480e+01
   4.9394160e+06   3.6071777e+01
   4.9588520e+06   3.5461426e+01
   4.9592400e+06   3.8391113e+01
   4.9600220e+06   3.5400391e+01
   4.9668860e+06   3.3447266e+01
   4.9748190e+06   3.5522461e+01
   4.9792500e+06   3.3325195e+01
   4.9815450e+06   3.3691406e+01
   4.9875620e+06   3.7658691e+01
   4.9900380e+06   3.5949707e+01
   4.9927410e+06   3.2775879e+01
   4.9953230e+06   3.4973145e+01
   5.0055420e+06   3.3996582e+01
   5.0094470e+06   3.7414551e+01
   5.0139180e+06   3.6010742e+01
   5.0271980e+06   3.3142090e+01
   5.0285450e+06   3.3386230e+01
   5.0307800e+06   3.6315918e+01
   5.0341340e+06   3.5095215e+01
   5.0367280e+06   3.5644531e+01
   5.0433260e+06   3.6010742e+01
   5.0485980e+06   3.5766602e+01
   5.0558060e+06   3.6865234e+01
   5.0573100e+06   3.8635254e+01
   5.0640340e+06   3.5095215e+01
   5.0681870e+06   3.2775879e+01
   5.0710820e+06   3.7353516e+01
   5.0781630e+06   4.1442871e+01
   5.0789080e+06   3.5522461e+01
   5.0801570e+06   3.5949707e+01
   5.0860940e+06   3.2714844e+01
   5.0884880e+06   3.4423828e+01
   5.0933340e+06   3.8391113e+01
   5.0947900e+06   3.3020020e+01
   5.0994410e+06   3.3447266e+01
   5.1035770e+06   3.7292480e+01
   5.1083600e+06   3.6071777e+01
   5.1092880e+06   4.2724609e+01
   5.1115410e+06   3.4057617e+01
   5.1147370e+06   3.3325195e+01
   5.1193700e+06   3.2714844e+01
   5.1275490e+06   3.4362793e+01
   5.1326370e+06   3.4606934e+01
   5.1346660e+06   3.5095215e+01
   5.1386430e+06   3.5522461e+01
   5.1405860e+06   3.3813477e+01
   5.1424550e+06   3.4851074e+01
   5.1432170e+06   3.4301758e+01
   5.1447960e+06   3.3386230e+01
   5.1494570e+06   3.3996582e+01
   5.1531090e+06   3.3508301e+01
   5.1542860e+06   3.6560059e+01
   5.1572850e+06   3.4423828e+01
   5.1610860e+06   3.4851074e+01
   5.1669250e+06   3.9794922e+01
   5.1717980e+06   3.8574219e+01
   5.1759390e+06   3.7109375e+01
   5.1846870e+06   3.6193848e+01
   5.1888320e+06   3.6560059e+01
   5.1901070e+06   3.4790039e+01
   5.1968500e+06   3.6499023e+01
   5.1995770e+06   3.5827637e+01
   5.2077500e+06   3.5461426e+01
   5.2093930e+06   3.6926270e+01
   5.2143110e+06   3.3020020e+01
   5.2155940e+06   3.2897949e+01
   5.2189880e+06   3.2897949e+01
   5.2210860e+06   3.8391113e+01
   5.2243750e+06   3.6926270e+01
   5.2262190e+06   3.4179688e+01
   5.2332040e+06   4.0039062e+01
   5.2342080e+06   3.5461426e+01
   5.2364870e+06   3.6071777e+01
   5.2390490e+06   4.2419434e+01
   5.2427920e+06   3.2531738e+01
   5.2510010e+06   3.3569336e+01
   5.2513900e+06   3.3752441e+01
   5.2548270e+06   4.0283203e+01
   5.2566420e+06   3.8208008e+01
   5.2643970e+06   3.2836914e+01
   5.2681910e+06   3.6743164e+01
   5.2717600e+06   3.8330078e+01
   5.2739130e+06   3.5339355e+01
   5.2828830e+06   3.6376953e+01
   5.2838730e+06   3.2653809e+01
   5.2851560e+06   3.3935547e+01
   5.2932180e+06   3.6132812e+01
   5.2960210e+06   3.3325195e+01
   5.2969720e+06   3.3935547e+01
   5.3006610e+06   3.5095215e+01
   5.3033770e+06   3.3691406e+01
   5.3099970e+06   3.3325195e+01
   5.3108560e+06   3.4240723e+01
   5.3147240e+06   3.4362793e+01
   5.3293020e+06   3.5888672e+01
   5.3341070e+06   3.4484863e+01
   5.3384120e+06   3.2714844e+01
   5.3421100e+06   3.3386230e+01
   5.3440970e+06   3.5278320e+01
   5.3449800e+06   3.5949707e+01
   5.3471670e+06   3.4484863e+01
   5.3517360e+06   3.2653809e+01
   5.3568140e+06   3.5644531e+01
   5.3611290e+06   3.2775879e+01
   5.3650100e+06   3.4851074e+01
   5.3673280e+06   3.2592773e+01
   5.3698710e+06   3.6376953e+01
   5.3720500e+06   3.5583496e+01
   5.3810210e+06   3.3691406e+01
   5.3858500e+06   3.5705566e+01
   5.3869530e+06   3.4729004e+01
   5.3887270e+06   3.3874512e+01
   5.3899060e+06   3.2714844e+01
   5.3956220e+06   3.3569336e+01
   5.3979790e+06   3.2714844e+01
   5.4004390e+06   3.5339355e+01
   5.4125050e+06   3.4729004e+01
   5.4158380e+06   3.3935547e+01
   5.4183180e+06   3.5278320e+01
   5.4211600e+06   3.3630371e+01
   5.4229670e+06   3.8818359e+01
   5.4256190e+06   4.2297363e+01
   5.4266660e+06   3.4912109e+01
   5.4287010e+06   3.2897949e+01
   5.4293650e+06   3.5766602e+01
   5.4324450e+06   3.7048340e+01
   5.4377420e+06   3.6743164e+01
   5.4411610e+06   3.3203125e+01
   5.4477160e+06   3.2714844e+01
   5.4493430e+06   3.5278320e+01
   5.4568450e+06   3.6010742e+01
   5.4681430e+06   3.4973145e+01
   5.4705750e+06   3.2531738e+01
   5.4781810e+06   3.2653809e+01
   5.4802160e+06   3.2470703e+01
   5.4817050e+06   3.2531738e+01
   5.4873320e+06   3.5339355e+01
   5.4886850e+06   4.0222168e+01
   5.5025430e+06   3.2531738e+01
   5.5090640e+06   3.2836914e+01
   5.5209450e+06   3.3203125e+01
   5.5394840e+06   3.4606934e+01
   5.5407620e+06   3.5034180e+01
   5.5422390e+06   3.3264160e+01
   5.5471060e+06   3.8330078e+01
   5.5500780e+06   3.4362793e+01
   5.5572470e+06   3.3325195e+01
   5.5668000e+06   3.3752441e+01
   5.5687020e+06   3.6560059e+01
   5.5733180e+06   3.7780762e+01
   5.5749500e+06   3.3569336e+01
   5.5775670e+06   3.6743164e+01
   5.5791540e+06   3.3630371e+01
   5.5817250e+06   3.5705566e+01
   5.5877840e+06   3.3325195e+01
   5.5998410e+06   3.3874512e+01
   5.6032350e+06   3.5461426e+01
   5.6063820e+06   3.7841797e+01
   5.6238620e+06   3.2714844e+01
   5.6248900e+06   3.5156250e+01
   5.6306480e+06   3.6315918e+01
   5.6334250e+06   4.1564941e+01
   5.6379610e+06   3.6376953e+01
   5.6387130e+06   3.8330078e+01
   5.6479310e+06   3.3447266e+01
   5.6491830e+06   3.2897949e+01
   5.6533710e+06   3.3996582e+01
   5.6546040e+06   3.3264160e+01
   5.6576330e+06   3.8208008e+01
   5.6668070e+06   3.3142090e+01
   5.6676700e+06   3.3508301e+01
   5.6815310e+06   3.8269043e+01
   5.6834730e+06   3.4545898e+01
   5.6877600e+06   3.2531738e+01
   5.6896310e+06   3.6071777e+01
   5.6945620e+06   4.3212891e+01
   5.7309720e+06   3.6926270e+01
   5.7384770e+06   3.4790039e+01
   5.7413080e+06   3.5644531e+01
   5.7425450e+06   3.2470703e+01
   5.7434670e+06   3.6010742e+01
   5.7454950e+06   3.7414551e+01
   5.7509360e+06   3.3874512e+01
   5.7520420e+06   3.6499023e+01
   5.7557480e+06   3.3020020e+01
   5.7588460e+06   3.2775879e+01
   5.7651700e+06   3.5888672e+01
   5.7783990e+06   3.3081055e+01
   5.7830560e+06   3.2714844e+01
   5.7852940e+06   3.6682129e+01
   5.7886580e+06   3.3447266e+01
   5.7993800e+06   3.2470703e+01
   5.8025010e+06   3.6621094e+01
   5.8168770e+06   3.4179688e+01
   5.8229700e+06   4.6630859e+01
   5.8242130e+06   3.3447266e+01
   5.8266910e+06   3.4667969e+01
   5.8280090e+06   3.3508301e+01
   5.8295350e+06   3.5705566e+01
   5.8326000e+06   3.4057617e+01
   5.8333510e+06   3.2836914e+01
   5.8349200e+06   3.5034180e+01
   5.8368540e+06   3.3935547e+01
   5.8380480e+06   3.6376953e+01
   5.8393090e+06   3.3874512e+01
   5.8444930e+06   3.9855957e+01
   5.8484340e+06   3.4057617e+01
   5.8496700e+06   3.3447266e+01
   5.8548850e+06   3.5339355e+01
   5.8703000e+06   3.3081055e+01
   5.8808620e+06   3.3386230e+01
   5.8838850e+06   3.3935547e+01
   5.8891260e+06   3.6437988e+01
   5.8904720e+06   3.4301758e+01
   5.8929360e+06   3.3264160e+01
   5.8936750e+06   3.3020020e+01
   5.8971020e+06   3.5827637e+01
   5.8993090e+06   3.5278320e+01
   5.9029450e+06   3.4912109e+01
   5.9053560e+06   3.3691406e+01
   5.9069780e+06   3.3325195e+01
   5.9095070e+06   3.2836914e+01
   5.9138300e+06   3.2592773e+01
   5.9147400e+06   3.6254883e+01
   5.9154180e+06   3.4667969e+01
   5.9188190e+06   3.3020020e+01
   5.9252330e+06   3.2775879e+01
   5.9266370e+06   4.0405273e+01
   5.9272450e+06   3.4362793e+01
   5.9356580e+06   3.5766602e+01
   5.9377270e+06   3.4423828e+01
   5.9432620e+06   3.8024902e+01
   5.9464720e+06   3.3508301e+01
   5.9561850e+06   3.3813477e+01
   5.9581190e+06   3.5827637e+01
   5.9671620e+06   3.5583496e+01
   5.9771710e+06   3.7414551e+01
   5.9798050e+06   3.2470703e+01
   5.9810110e+06   3.3935547e+01
   5.9816960e+06   3.6865234e+01
   5.9917580e+06   3.5644531e+01
   5.9960100e+06   3.3752441e+01
   5.9973500e+06   3.6315918e+01
   6.0007930e+06   3.5339355e+01
   6.0036350e+06   3.3752441e+01
   6.0370810e+06   3.7902832e+01
   6.0556020e+06   3.3874512e+01
   6.0565610e+06   3.3813477e+01
   6.0590890e+06   4.2175293e+01
   6.0757390e+06   3.2531738e+01
   6.0794580e+06   3.6621094e+01
   6.0837570e+06   3.7231445e+01
   6.0898120e+06   3.4057617e+01
   6.0987120e+06   3.5644531e+01
   6.1061760e+06   3.5095215e+01
   6.1226530e+06   3.6010742e+01
   6.1270050e+06   3.5339355e+01
   6.1439370e+06   3.3142090e+01
   6.1461450e+06   3.3630371e+01
   6.1470890e+06   3.3081055e+01
   6.1526040e+06   3.3264160e+01
   6.1542270e+06   3.3264160e+01
   6.1615100e+06   3.2592773e+01
   6.1626920e+06   3.2531738e+01
   6.1639920e+06   3.3447266e+01
   6.1727650e+06   3.3386230e+01
   6.1749580e+06   3.3874512e+01
   6.1789460e+06   4.6020508e+01
   6.1857270e+06   3.6743164e+01
   6.1903870e+06   3.4484863e+01
   6.2033980e+06   3.7353516e+01
   6.2056530e+06   3.3508301e+01
   6.2080970e+06   3.3386230e+01
   6.2116840e+06   3.4179688e+01
   6.2117640e+06   3.2653809e+01
   6.2124960e+06   3.2592773e+01
   6.2143750e+06   4.0283203e+01
   6.2154620e+06   3.4362793e+01
   6.2179160e+06   3.2531738e+01
   6.2197480e+06   3.5705566e+01
   6.2232130e+06   3.2714844e+01
   6.2321220e+06   3.3020020e+01
   6.2341470e+06   3.5034180e+01
   6.2478880e+06   3.5583496e+01
   6.2491560e+06   3.2531738e+01
   6.2548300e+06   3.4484863e+01
   6.2794200e+06   3.3081055e+01
   6.2838580e+06   4.4433594e+01
   6.2880460e+06   3.3874512e+01
   6.2915820e+06   3.3996582e+01
   6.3048810e+06   3.6865234e+01
   6.3053350e+06   3.2836914e+01
   6.3062600e+06   3.7902832e+01
   6.3085460e+06   3.5583496e+01
   6.3140120e+06   3.4118652e+01
   6.3167980e+06   3.3569336e+01
   6.3169740e+06   3.6132812e+01
   6.3189320e+06   3.4301758e+01
   6.3254620e+06   4.3701172e+01
   6.3360960e+06   3.7658691e+01
   6.3494080e+06   3.5156250e+01
   6.3513250e+06   3.5339355e+01
   6.3552960e+06   3.4301758e+01
   6.3681640e+06   3.7414551e+01
   6.3840520e+06   3.2714844e+01
   6.3922600e+06   3.9794922e+01
   6.3945130e+06   3.5461426e+01
   6.4044570e+06   3.3264160e+01
   6.4071880e+06   3.7780762e+01
   6.4076460e+06   3.2958984e+01
   6.4224650e+06   3.3325195e+01
   6.4278420e+06   3.2958984e+01
   6.4338040e+06   3.2592773e+01
   6.4361380e+06   3.5522461e+01
   6.4470020e+06   3.3691406e+01
   6.4575690e+06   3.4790039e+01
   6.4617720e+06   3.2714844e+01
   6.4627180e+06   3.5827637e+01
   6.4633190e+06   3.2531738e+01
   6.4651700e+06   3.3081055e+01
   6.4677540e+06   3.3508301e+01
   6.4693270e+06   3.2531738e+01
   6.4743380e+06   3.4912109e+01
   6.4773850e+06   3.5339355e+01
   6.4864160e+06   3.3325195e+01
   6.4893480e+06   4.0588379e+01
   6.4916650e+06   3.2836914e+01
   6.5020700e+06   3.2775879e+01
   6.5036120e+06   3.4240723e+01
   6.5140040e+06   3.2836914e+01
   6.5239270e+06   3.6560059e+01
   6.5318420e+06   3.5644531e+01
   6.5374270e+06   3.2531738e+01
   6.5467150e+06   3.2531738e+01
   6.5552460e+06   3.3142090e+01
   6.5624900e+06   3.3325195e+01
   6.5740670e+06   3.4729004e+01
   6.5841330e+06   3.6376953e+01
   6.5870520e+06   3.5827637e+01
   6.5887380e+06   3.4606934e+01
   6.5962820e+06   3.2897949e+01
   6.6116200e+06   3.5095215e+01
   6.6411430e+06   3.4057617e+01
   6.6428970e+06   3.3630371e+01
   6.6437870e+06   3.6315918e+01
   6.6445790e+06   3.3691406e+01
   6.6496870e+06   3.2531738e+01
   6.6561540e+06   3.9062500e+01
   6.6618480e+06   3.3935547e+01
   6.6682440e+06   3.5278320e+01
   6.6692410e+06   4.0100098e+01
   6.6709550e+06   3.2653809e+01
   6.6732880e+06   3.2592773e+01
   6.6839330e+06   4.5776367e+01
   6.6929720e+06   3.7597656e+01
   6.7109530e+06   3.6926270e+01
   6.7178940e+06   3.5278320e+01
   6.7194030e+06   3.7963867e+01
   6.7237370e+06   3.3752441e+01
   6.7293160e+06   3.9855957e+01
   6.7299430e+06   3.4667969e+01
   6.7307350e+06   3.5034180e+01
   6.7352470e+06   3.3691406e+01
   6.7413800e+06   3.3325195e+01
   6.7453020e+06   3.3142090e+01
   6.7509390e+06   3.8085938e+01
   6.7540220e+06   3.4912109e+01
   6.7588320e+06   3.4240723e+01
   6.7602320e+06   3.6926270e+01
   6.7679460e+06   3.4606934e+01
   6.7845290e+06   3.3142090e+01
   6.7950780e+06   3.3142090e+01
   6.7960290e+06   3.2531738e+01
   6.8030670e+06   3.2653809e+01
   6.8066070e+06   3.5827637e+01
   6.8242760e+06   3.7292480e+01
   6.8256970e+06   3.5034180e+01
   6.8277640e+06   3.6560059e+01
   6.8302780e+06   3.8085938e+01
   6.8310730e+06   3.4118652e+01
   6.8361860e+06   3.5705566e+01
   6.8411600e+06   3.2714844e+01
   6.8613610e+06   3.6010742e+01
   6.8704170e+06   3.8757324e+01
   6.8774850e+06   3.4362793e+01
   6.8796820e+06   3.3447266e+01
   6.8817300e+06   3.2531738e+01
   6.8842180e+06   3.7719727e+01
   6.8930430e+06   3.3203125e+01
   6.8935230e+06   3.8330078e+01
   6.8957570e+06   3.4484863e+01
   6.9024140e+06   3.3813477e+01
   6.9077130e+06   3.6743164e+01
   6.9095970e+06   3.4545898e+01
   6.9148910e+06   3.2897949e+01
   6.9197410e+06   3.8330078e+01
   6.9249620e+06   3.3386230e+01
   6.9269960e+06   3.3874512e+01
   6.9285370e+06   3.3996582e+01
   6.9373910e+06   3.5217285e+01
   6.9374030e+06   3.8146973e+01
   6.9374250e+06   4.6325684e+01
   6.9374450e+06   3.9978027e+01
   6.9374770e+06   6.3476562e+01
   6.9375070e+06   5.9204102e+01
   6.9375440e+06   7.8979492e+01
   6.9375690e+06   6.7749023e+01
   6.9375980e+06   3.2531738e+01
   6.9376110e+06   3.3020020e+01
   6.9376390e+06   8.2275391e+01
   6.9376680e+06   3.6987305e+01
   6.9376910e+06   3.9306641e+01
   6.9377090e+06   4.8767090e+01
   6.9377960e+06   3.6682129e+01
   6.9378200e+06   3.5461426e+01
   6.9378430e+06   3.5949707e+01
   6.9380080e+06   3.9794922e+01
   6.9382280e+06   3.3081055e+01
   6.9384070e+06   3.3325195e+01
   6.9386510e+06   3.5034180e+01
   6.9388860e+06   3.5888672e+01
   6.9389040e+06   4.2724609e+01
   6.9497740e+06   3.8696289e+01
   6.9610810e+06   3.4423828e+01
   6.9663530e+06   3.2592773e+01
   6.9718120e+06   3.4667969e+01
   6.9737690e+06   3.6560059e+01
   6.9827720e+06   3.3142090e+01
   6.9864780e+06   3.4973145e+01
   7.0035170e+06   3.2531738e+01
   7.0066270e+06   3.3447266e+01
   7.0103240e+06   3.3325195e+01
   7.0161420e+06   3.7597656e+01
   7.0251210e+06   3.3386230e+01
   7.0285730e+06   3.3569336e+01
   7.0310600e+06   3.5522461e+01
   7.0389160e+06   3.3386230e+01
   7.0475360e+06   3.4118652e+01
   7.0587310e+06   3.5461426e+01
   7.0660870e+06   3.3630371e+01
   7.0994370e+06   3.3752441e+01
   7.1051090e+06   3.3752441e+01
   7.1071370e+06   3.2836914e+01
   7.1131120e+06   3.5156250e+01
   7.1272520e+06   3.4118652e+01
   7.1285800e+06   3.3325195e+01
   7.1341400e+06   3.4057617e+01
   7.1425710e+06   3.7292480e+01
   7.1602290e+06   3.4362793e+01
   7.1611240e+06   3.3142090e+01
   7.1699160e+06   3.3142090e+01
   7.1788060e+06   3.4057617e+01
   7.1850580e+06   3.2775879e+01
   7.1952580e+06   3.5461426e+01
   7.1981100e+06   3.7353516e+01
   7.2018740e+06   3.3874512e+01
   7.2142770e+06   3.2958984e+01
   7.2194210e+06   3.7292480e+01
   7.2232470e+06   3.3813477e+01
   7.2264970e+06   3.4423828e+01
   7.2307060e+06   3.3386230e+01
   7.2347960e+06   3.6621094e+01
   7.2387780e+06   3.2897949e+01
   7.2411320e+06   3.3325195e+01
   7.2464730e+06   3.3081055e+01
   7.2512160e+06   3.6682129e+01
   7.2561770e+06   3.3081055e+01
   7.2618320e+06   3.2714844e+01
   7.2628260e+06   3.2958984e+01
   7.2633860e+06   3.8940430e+01
   7.2640390e+06   3.2531738e+01
   7.2654800e+06   3.5644531e+01
   7.2661820e+06   3.4790039e+01
   7.2688770e+06   3.7902832e+01
   7.2754980e+06   3.7719727e+01
   7.2984040e+06   3.4423828e+01
   7.3130330e+06   3.5400391e+01
   7.3275310e+06   3.2958984e+01
   7.3335780e+06   4.3212891e+01
   7.3416730e+06   3.3264160e+01
   7.3465150e+06   4.1015625e+01
   7.3578010e+06   3.6560059e+01
   7.3593160e+06   3.3874512e+01
   7.3676990e+06   3.5583496e+01
   7.3691650e+06   4.0832520e+01
   7.3735080e+06   3.9978027e+01
   7.3843770e+06   3.4484863e+01
   7.3882770e+06   3.4240723e+01
   7.3919700e+06   3.5522461e+01
   7.3944610e+06   3.5827637e+01
   7.4039000e+06   3.3325195e+01
   7.4061690e+06   3.8696289e+01
   7.4111030e+06   3.9550781e+01
   7.4140900e+06   3.6193848e+01
   7.4164070e+06   3.7109375e+01
   7.4186920e+06   3.9245605e+01
   7.4248800e+06   3.8085938e+01
   7.4363110e+06   3.3386230e+01
   7.4421180e+06   4.2907715e+01
   7.4485690e+06   3.4912109e+01
   7.4494220e+06   3.3020020e+01
   7.4623460e+06   3.5949707e+01
   7.4719310e+06   3.3874512e+01
   7.4792420e+06   3.4057617e+01
   7.4826900e+06   3.3874512e+01
   7.4871720e+06   3.2775879e+01
   7.4884780e+06   3.6926270e+01
   7.4958160e+06   3.5827637e+01
   7.5027730e+06   3.7841797e+01
   7.5052310e+06   3.7658691e+01
   7.5080650e+06   3.5156250e+01
   7.5136080e+06   3.2653809e+01
   7.5185080e+06   3.3508301e+01
   7.5231680e+06   3.2836914e+01
   7.5258300e+06   3.6376953e+01
   7.5264980e+06   3.3508301e+01
   7.5290500e+06   3.3630371e+01
   7.5358690e+06   3.6315918e+01
   7.5419360e+06   3.3874512e+01
   7.5445460e+06   3.4057617e+01
   7.5475050e+06   3.5522461e+01
   7.5503070e+06   3.3996582e+01
   7.5511200e+06   3.6193848e+01
   7.5520440e+06   3.4301758e+01
   7.5689910e+06   3.4057617e+01
   7.5736730e+06   3.4484863e+01
   7.5738200e+06   4.1320801e+01
   7.5747130e+06   5.0720215e+01
   7.5858560e+06   3.3203125e+01
   7.5898340e+06   3.4545898e+01
   7.5907280e+06   3.3874512e+01
   7.5998940e+06   3.7170410e+01
   7.6095980e+06   3.4545898e+01
   7.6162060e+06   3.4667969e+01
   7.6166780e+06   3.7292480e+01
   7.6190000e+06   3.3508301e+01
   7.6222350e+06   3.2958984e+01
   7.6245640e+06   3.3874512e+01
   7.6324860e+06   3.3020020e+01
   7.6341170e+06   3.4240723e+01
   7.6371150e+06   3.3264160e+01
   7.6379260e+06   3.4118652e+01
   7.6449910e+06   3.2775879e+01
   7.6499700e+06   3.4423828e+01
   7.6572950e+06   3.9978027e+01
   7.6626440e+06   3.5522461e+01
   7.6628710e+06   3.7597656e+01
   7.6630570e+06   3.5461426e+01
   7.6681110e+06   3.2836914e+01
   7.6714540e+06   3.5522461e+01
   7.6721900e+06   3.8757324e+01
   7.6786230e+06   3.4973145e+01
   7.6814240e+06   3.3752441e+01
   7.6823960e+06   3.7109375e+01
   7.6870310e+06   3.4790039e+01
   7.6959480e+06   3.2958984e+01
   7.6994700e+06   3.3691406e+01
   7.7026600e+06   3.6865234e+01
   7.7050010e+06   3.4301758e+01
   7.7070120e+06   3.9978027e+01
   7.7105880e+06   3.6437988e+01
   7.7114320e+06   3.3691406e+01
   7.7129570e+06   3.6010742e+01
   7.7149830e+06   3.3325195e+01
   7.7176730e+06   3.4484863e+01
   7.7214370e+06   3.6010742e+01
   7.7273550e+06   3.4912109e+01
   7.7287420e+06   3.2592773e+01
   7.7324300e+06   3.5827637e+01
   7.7341930e+06   3.3874512e+01
   7.7399400e+06   3.8024902e+01
   7.7433630e+06   3.2836914e+01
   7.7467820e+06   3.4057617e+01
   7.7529860e+06   3.6193848e+01
   7.7555440e+06   3.2775879e+01
   7.7625790e+06   3.2531738e+01
   7.7670170e+06   3.2592773e+01
   7.7718570e+06   3.3142090e+01
   7.7792990e+06   3.4118652e+01
   7.7921640e+06   3.5766602e+01
   7.7993410e+06   3.3142090e+01
   7.8005890e+06   3.4912109e+01
   7.8101740e+06   3.8574219e+01
   7.8104370e+06   6.5979004e+01
   7.8104880e+06   3.8818359e+01
   7.8105150e+06   6.5734863e+01
   7.8105510e+06   3.3813477e+01
   7.8105790e+06   3.2897949e+01
   7.8106080e+06   3.9062500e+01
   7.8106240e+06   4.1442871e+01
   7.8106440e+06   5.6640625e+01
   7.8106780e+06   3.5034180e+01
   7.8107000e+06   5.1696777e+01
   7.8107140e+06   7.0800781e+01
   7.8107390e+06   4.6325684e+01
   7.8107520e+06   3.7963867e+01
   7.8107670e+06   3.3203125e+01
   7.8107860e+06   4.1809082e+01
   7.8108020e+06   4.0893555e+01
   7.8108250e+06   3.9672852e+01
   7.8108430e+06   4.9316406e+01
   7.8108790e+06   4.2053223e+01
   7.8109220e+06   4.5654297e+01
   7.8109800e+06   3.2958984e+01
   7.8110790e+06   3.5278320e+01
   7.8111060e+06   4.5043945e+01
   7.8115540e+06   3.9367676e+01
   7.8115920e+06   3.2592773e+01
   7.8117400e+06   3.6865234e+01
   7.8118880e+06   4.2602539e+01
   7.8120490e+06   3.4484863e+01
   7.8127610e+06   3.3630371e+01
   7.8130570e+06   3.3203125e+01
   7.8221930e+06   3.5827637e+01
   7.8234710e+06   4.3457031e+01
   7.8352540e+06   3.3935547e+01
   7.8377290e+06   3.7292480e+01
   7.8501560e+06   3.2714844e+01
   7.8573010e+06   4.0161133e+01
   7.8601260e+06   3.3996582e+01
   7.8618240e+06   3.7963867e+01
   7.8898520e+06   3.4362793e+01
   7.8898790e+06   3.9062500e+01
   7.8939150e+06   3.5400391e+01
   7.9024480e+06   4.2053223e+01
   7.9037980e+06   3.3630371e+01
   7.9046830e+06   3.3020020e+01
   7.9142450e+06   3.4606934e+01
   7.9168300e+06   3.3264160e+01
   7.9194110e+06   3.4362793e+01
   7.9200770e+06   3.8391113e+01
   7.9250050e+06   3.2958984e+01
   7.9265310e+06   3.5644531e+01
   7.9285290e+06   3.5583496e+01
   7.9324690e+06   4.3212891e+01
   7.9328200e+06   3.6437988e+01
   7.9402030e+06   3.5644531e+01
   7.9437980e+06   3.2897949e+01
   7.9473240e+06   3.2653809e+01
   7.9481620e+06   3.6071777e+01
   7.9678040e+06   3.4545898e+01
   7.9803060e+06   3.4057617e+01
   7.9853320e+06   3.6376953e+01
   7.9938870e+06   3.2531738e+01
   7.9969310e+06   3.6254883e+01
   8.0136850e+06   3.3386230e+01
   8.0268840e+06   3.6437988e+01
   8.0284770e+06   3.3752441e+01
   8.0448490e+06   3.2714844e+01
   8.0501130e+06   3.5461426e+01
   8.0551900e+06   3.7475586e+01
   8.0567790e+06   3.3935547e+01
   8.0616670e+06   4.5043945e+01
   8.0743060e+06   3.4606934e+01
   8.0771770e+06   3.7963867e+01
   8.0814400e+06   3.3752441e+01
   8.0816550e+06   3.3752441e+01
   8.0884480e+06   3.8574219e+01
   8.0895610e+06   3.7414551e+01
   8.0925440e+06   3.3569336e+01
   8.0945200e+06   3.3325195e+01
   8.0990980e+06   3.3447266e+01
   8.1008800e+06   3.4484863e+01
   8.1015770e+06   4.3945312e+01
   8.1035530e+06   3.3447266e+01
   8.1056610e+06   3.5522461e+01
   8.1062250e+06   3.2958984e+01
   8.1090300e+06   3.3447266e+01
   8.1139500e+06   3.3813477e+01
   8.1217400e+06   3.7963867e+01
   8.1228630e+06   3.4240723e+01
   8.1259890e+06   3.2531738e+01
   8.1268200e+06   3.4606934e+01
   8.1342360e+06   3.2531738e+01
   8.1372080e+06   3.5278320e+01
   8.1446380e+06   3.4851074e+01
   8.1464710e+06   3.3752441e+01
   8.1649260e+06   3.2653809e+01
   8.1680190e+06   3.3020020e+01
   8.1846560e+06   3.7475586e+01
   8.1900400e+06   3.3447266e+01
   8.2013670e+06   3.7719727e+01
   8.2024660e+06   3.2958984e+01
   8.2056070e+06   3.2958984e+01
   8.2210920e+06   3.5827637e+01
   8.2231340e+06   3.6254883e+01
   8.2294830e+06   3.5766602e+01
   8.2352460e+06   3.3203125e+01
   8.2397720e+06   3.4851074e+01
   8.2408870e+06   3.3691406e+01
   8.2527740e+06   3.4729004e+01
   8.2538480e+06   3.3142090e+01
   8.2611550e+06   3.3752441e+01
   8.2660570e+06   3.3996582e+01
   8.2728220e+06   3.6132812e+01
   8.2734880e+06   3.6254883e+01
   8.2776090e+06   3.3508301e+01
   8.2791820e+06   3.3630371e+01
   8.2809430e+06   4.0710449e+01
   8.2842760e+06   3.2653809e+01
   8.2900610e+06   3.2836914e+01
   8.2922650e+06   3.5034180e+01
   8.2955070e+06   3.2653809e+01
   8.3137150e+06   4.0832520e+01
   8.3153020e+06   3.5095215e+01
   8.3342790e+06   3.3142090e+01
   8.3371780e+06   3.4851074e+01
   8.3401660e+06   3.3813477e+01
   8.3412050e+06   3.8024902e+01
   8.3436820e+06   3.2836914e+01
   8.3501790e+06   3.3569336e+01
   8.3518410e+06   3.2531738e+01
   8.3615440e+06   3.2653809e+01
   8.3665440e+06   3.4484863e+01
   8.3769000e+06   3.3813477e+01
   8.3782440e+06   3.4057617e+01
   8.3831550e+06   3.8391113e+01
   8.4002650e+06   3.7170410e+01
   8.4089030e+06   3.3874512e+01
   8.4384550e+06   3.5522461e+01
   8.4440860e+06   3.8574219e+01
   8.4471780e+06   3.3508301e+01
   8.4546300e+06   3.2531738e+01
   8.4689320e+06   4.2907715e+01
   8.4801690e+06   3.3203125e+01
   8.4816120e+06   3.8085938e+01
   8.4836280e+06   3.2836914e+01
   8.4940400e+06   3.4790039e+01
   8.5004290e+06   3.6010742e+01
   8.5046090e+06   3.6865234e+01
   8.5048060e+06   3.3508301e+01
   8.5059100e+06   3.3142090e+01
   8.5100930e+06   3.3752441e+01
   8.5122060e+06   3.3264160e+01
   8.5141330e+06   3.6987305e+01
   8.5167050e+06   3.6865234e+01
   8.5167500e+06   3.2714844e+01
   8.5193160e+06   3.5827637e+01
   8.5289720e+06   3.4667969e+01
   8.5366030e+06   3.7658691e+01
   8.5394920e+06   3.6865234e+01
   8.5421710e+06   3.3081055e+01
   8.5445990e+06   3.5766602e+01
   8.5476370e+06   3.4362793e+01
   8.5500410e+06   3.2531738e+01
   8.5537360e+06   3.4057617e+01
   8.5609790e+06   3.3996582e+01
   8.5692730e+06   3.9367676e+01
   8.5747450e+06   3.8146973e+01
   8.5815370e+06   3.3264160e+01
   8.5884750e+06   3.4423828e+01
   8.5955470e+06   3.2775879e+01
   8.5974300e+06   3.3874512e+01
   8.6055590e+06   3.4179688e+01
   8.6096610e+06   3.3142090e+01
   8.6234500e+06   3.4790039e+01
   8.6248460e+06   3.3142090e+01
   8.6335380e+06   3.4545898e+01
   8.6358450e+06   3.4667969e+01
   8.6457880e+06   3.3752441e+01
   8.6498560e+06   3.4729004e+01
   8.6537400e+06   3.7597656e+01
   8.6554370e+06   3.3630371e+01
   8.6593530e+06   3.8818359e+01
   8.6615990e+06   3.2836914e+01
   8.6621650e+06   3.3203125e+01
   8.6648460e+06   3.2897949e+01
   8.6680380e+06   3.3142090e+01
   8.6945610e+06   3.3203125e+01
   8.7089960e+06   3.3447266e+01
   8.7115910e+06   3.6010742e+01
   8.7157710e+06   3.5339355e+01
   8.7348500e+06   3.3447266e+01
   8.7500890e+06   3.2775879e+01
   8.7531280e+06   3.3081055e+01
   8.7595720e+06   3.7048340e+01
   8.7691580e+06   3.3508301e+01
   8.7717750e+06   3.5339355e+01
   8.7735690e+06   3.3142090e+01
   8.7829400e+06   3.9123535e+01
   8.7839860e+06   3.5339355e+01
   8.7861570e+06   3.9245605e+01
   8.7930350e+06   3.3081055e+01
   8.7951660e+06   3.2897949e+01
   8.8026360e+06   3.7048340e+01
   8.8089980e+06   3.3935547e+01
   8.8285100e+06   3.3325195e+01
   8.8300290e+06   3.7658691e+01
   8.8312750e+06   3.2531738e+01
   8.8330340e+06   3.2836914e+01
   8.8405530e+06   3.3630371e+01
   8.8439150e+06   3.2775879e+01
   8.8541600e+06   3.2897949e+01
   8.8579840e+06   3.5949707e+01
   8.8605770e+06   3.8818359e+01
   8.8616920e+06   3.6865234e+01
   8.8633910e+06   3.2775879e+01
   8.8711000e+06   3.5400391e+01
   8.8729800e+06   3.3752441e+01
   8.8773920e+06   3.3508301e+01
   8.8798710e+06   3.9428711e+01
   8.8808290e+06   3.3935547e+01
   8.8883910e+06   3.6193848e+01
   8.8954340e+06   3.2714844e+01
   8.8996050e+06   3.6071777e+01
   8.9063340e+06   3.5339355e+01
   8.9123910e+06   3.3630371e+01
   8.9170560e+06   3.6132812e+01
   8.9272090e+06   3.4118652e+01
   8.9323660e+06   3.3386230e+01
   8.9369910e+06   3.8269043e+01
   8.9431800e+06   3.3508301e+01
   8.9465100e+06   3.3508301e+01
   8.9524450e+06   3.3020020e+01
   8.9558770e+06   3.7536621e+01
   8.9592190e+06   3.3630371e+01
   8.9619570e+06   3.3935547e+01
   8.9781780e+06   3.5156250e+01
   8.9807780e+06   3.2531738e+01
   8.9883270e+06   3.4240723e+01
   8.9912640e+06   3.3508301e+01
   8.9933420e+06   3.4973145e+01
   9.0053970e+06   3.4057617e+01
   9.0116240e+06   3.4301758e+01
   9.0167550e+06   3.2409668e+01
   9.0223710e+06   3.3386230e+01
   9.0256210e+06   3.4179688e+01
   9.0335740e+06   3.4301758e+01
   9.0375130e+06   3.5156250e+01
   9.0453370e+06   3.4606934e+01
   9.0473720e+06   3.4851074e+01
   9.0517410e+06   3.3081055e+01
   9.0550650e+06   3.3264160e+01
   9.0696070e+06   3.3325195e+01
   9.0717650e+06   3.4912109e+01
   9.0730510e+06   3.2348633e+01
   9.0864960e+06   3.4423828e+01
   9.0916630e+06   3.9489746e+01
   9.0935480e+06   3.3630371e+01
   9.1155810e+06   3.8024902e+01
   9.1333100e+06   3.3264160e+01
   9.1342770e+06   3.3874512e+01
   9.1398850e+06   3.5034180e+01
   9.1477420e+06   3.2287598e+01
   9.1489460e+06   3.6499023e+01
   9.1545720e+06   3.2714844e+01
   9.1562730e+06   3.4118652e+01
   9.1605570e+06   3.4851074e+01
   9.1702390e+06   3.5217285e+01
   9.1727130e+06   3.8696289e+01
   9.1781440e+06   3.2226562e+01
   9.1814340e+06   3.4484863e+01
   9.1821660e+06   3.3630371e+01
   9.1859470e+06   4.0466309e+01
   9.1893250e+06   3.5949707e+01
   9.1916940e+06   3.8635254e+01
   9.1939430e+06   3.2470703e+01
   9.1959800e+06   3.2714844e+01
   9.2007150e+06   3.5278320e+01
   9.2195270e+06   3.2104492e+01
   9.2263640e+06   3.6254883e+01
   9.2285250e+06   3.4362793e+01
   9.2355750e+06   3.4179688e+01
   9.2381900e+06   3.9062500e+01
   9.2394800e+06   3.4851074e+01
   9.2434720e+06   3.4667969e+01
   9.2535750e+06   3.3447266e+01
   9.2558660e+06   3.2836914e+01
   9.2581490e+06   3.4484863e+01
   9.2645050e+06   3.4667969e+01
   9.2812670e+06   3.4118652e+01
   9.2872720e+06   3.4545898e+01
   9.2942700e+06   3.8635254e+01
   9.2971480e+06   3.3081055e+01
   9.3030210e+06   4.0283203e+01
   9.3100690e+06   3.4118652e+01
   9.3130130e+06   3.2287598e+01
   9.3130420e+06   3.6254883e+01
   9.3184140e+06   3.8818359e+01
   9.3206830e+06   3.4118652e+01
   9.3342190e+06   3.4240723e+01
   9.3463000e+06   3.5583496e+01
   9.3500750e+06   3.6499023e+01
   9.3508140e+06   3.3386230e+01
   9.3525980e+06   3.8208008e+01
   9.3543890e+06   3.2836914e+01
   9.3545860e+06   3.2531738e+01
   9.3560900e+06   3.4240723e+01
   9.3634080e+06   3.3813477e+01
   9.3649900e+06   3.4057617e+01
   9.3690230e+06   3.4301758e+01
   9.3728860e+06   3.2226562e+01
   9.3755660e+06   3.3996582e+01
   9.3836340e+06   3.3081055e+01
   9.3934190e+06   3.3874512e+01
   9.4045590e+06   3.4606934e+01
   9.4059510e+06   3.9611816e+01
   9.4126230e+06   3.3752441e+01
   9.4198650e+06   3.6499023e+01
   9.4266470e+06   3.3386230e+01
   9.4275080e+06   3.2836914e+01
   9.4299690e+06   3.4912109e+01
   9.4315130e+06   3.3447266e+01
   9.4351380e+06   3.2958984e+01
   9.4511700e+06   3.3874512e+01
   9.4566060e+06   4.2602539e+01
   9.4578910e+06   3.3813477e+01
   9.4596540e+06   3.2653809e+01
   9.4740670e+06   3.2165527e+01
   9.4793280e+06   3.5583496e+01
   9.4800930e+06   3.3874512e+01
   9.4817450e+06   4.1259766e+01
   9.4826830e+06   3.9306641e+01
   9.4852740e+06   3.4057617e+01
   9.4890990e+06   3.2531738e+01
   9.4893700e+06   3.3447266e+01
   9.4999230e+06   3.6193848e+01
   9.5074390e+06   3.2958984e+01
   9.5272260e+06   3.3752441e+01
   9.5302390e+06   3.3752441e+01
   9.5307480e+06   3.2531738e+01
   9.5376880e+06   3.5034180e+01
   9.5506440e+06   3.5583496e+01
   9.5653630e+06   3.3386230e+01
   9.5670990e+06   4.0954590e+01
   9.5741260e+06   3.4973145e+01
   9.5765320e+06   3.2775879e+01
   9.5828840e+06   3.5461426e+01
   9.5860890e+06   3.6254883e+01
   9.5866730e+06   3.3264160e+01
   9.5941970e+06   3.3142090e+01
   9.5950740e+06   3.9978027e+01
   9.6016640e+06   3.6376953e+01
   9.6118440e+06   3.3813477e+01
   9.6253890e+06   3.6071777e+01
   9.6260220e+06   3.2104492e+01
   9.6294470e+06   3.6376953e+01
   9.6485390e+06   3.2287598e+01
   9.6505650e+06   3.2653809e+01
   9.6550330e+06   3.2836914e+01
   9.6617980e+06   3.3081055e+01
   9.6703380e+06   3.2226562e+01
   9.6726150e+06   3.5034180e+01
   9.6803850e+06   3.6743164e+01
   9.6822790e+06   3.3935547e+01
   9.6887260e+06   3.2775879e+01
   9.6976210e+06   3.3874512e+01
   9.7002700e+06   3.2409668e+01
   9.7084630e+06   4.0161133e+01
   9.7115720e+06   3.3203125e+01
   9.7221040e+06   3.4606934e+01
   9.7243070e+06   3.2897949e+01
   9.7247840e+06   3.2348633e+01
   9.7280450e+06   3.2104492e+01
   9.7407990e+06   3.3813477e+01
   9.7482570e+06   3.3020020e+01
   9.7589430e+06   3.6804199e+01
   9.7590200e+06   3.2226562e+01
   9.7657510e+06   3.4729004e+01
   9.7662000e+06   4.1076660e+01
   9.7715410e+06   3.4484863e+01
   9.7770260e+06   3.3264160e+01
   9.7792100e+06   3.2348633e+01
   9.7929240e+06   3.4240723e+01
   9.7929350e+06   4.3823242e+01
   9.7929630e+06   3.5827637e+01
   9.7929770e+06   3.3386230e+01
   9.7930160e+06   3.8452148e+01
   9.7930400e+06   6.6467285e+01
   9.7930710e+06   3.2836914e+01
   9.7930830e+06   9.4055176e+01
   9.7931180e+06   5.0415039e+01
   9.7931320e+06   3.6315918e+01
   9.7931500e+06   3.5095215e+01
   9.7931840e+06   4.0283203e+01
   9.7931980e+06   5.1391602e+01
   9.7932190e+06   4.8706055e+01
   9.7932550e+06   4.1931152e+01
   9.7932770e+06   5.8593750e+01
   9.7933030e+06   4.2907715e+01
   9.7933280e+06   5.1940918e+01
   9.7933510e+06   4.9804687e+01
   9.7933710e+06   3.4912109e+01
   9.7933880e+06   3.5705566e+01
   9.7934050e+06   3.3325195e+01
   9.7934480e+06   4.4677734e+01
   9.7935540e+06   3.7109375e+01
   9.7935700e+06   3.5522461e+01
   9.7937690e+06   3.3264160e+01
   9.7940120e+06   4.1381836e+01
   9.7942380e+06   3.2775879e+01
   9.7944810e+06   3.2409668e+01
   9.7948130e+06   3.5217285e+01
   9.7975770e+06   3.4301758e+01
   9.8013420e+06   3.6682129e+01
   9.8020030e+06   3.5034180e+01
   9.8061410e+06   4.5043945e+01
   9.8140150e+06   3.3264160e+01
   9.8185440e+06   3.4057617e+01
   9.8217200e+06   3.5766602e+01
   9.8282110e+06   3.2409668e+01
   9.8330780e+06   3.5278320e+01
   9.8373390e+06   3.4790039e+01
   9.8412390e+06   3.2104492e+01
   9.8448990e+06   3.6743164e+01
   9.8621510e+06   3.2348633e+01
   9.8669670e+06   3.8146973e+01
   9.8676190e+06   3.3081055e+01
   9.8745390e+06   3.7597656e+01
   9.8801140e+06   3.3386230e+01
   9.8813510e+06   3.3203125e+01
   9.8843850e+06   3.3447266e+01
   9.8885090e+06   3.5949707e+01
   9.8959690e+06   3.2104492e+01
   9.9054080e+06   3.6865234e+01
   9.9079150e+06   3.4851074e+01
   9.9285740e+06   3.3752441e+01
   9.9392600e+06   3.3020020e+01
   9.9439730e+06   3.2775879e+01
   9.9550960e+06   3.6621094e+01
   9.9569080e+06   3.2470703e+01
   9.9593070e+06   3.6193848e+01
   9.9603950e+06   3.5034180e+01
   9.9631750e+06   3.3264160e+01
   9.9729660e+06   3.6010742e+01
   9.9812840e+06   3.3142090e+01
   9.9866930e+06   3.8696289e+01
   1.0007989e+07   3.2104492e+01
   1.0009325e+07   3.9489746e+01
   1.0014890e+07   3.3752441e+01
   1.0019761e+07   3.2348633e+01
   1.0030504e+07   3.4118652e+01
   1.0036206e+07   3.6621094e+01
   1.0039737e+07   3.5156250e+01
   1.0043126e+07   3.4301758e+01
   1.0045591e+07   3.4240723e+01
   1.0050037e+07   3.2531738e+01
   1.0056056e+07   3.2653809e+01
   1.0075205e+07   3.3691406e+01
   1.0080604e+07   3.3813477e+01
   1.0082671e+07   3.2287598e+01
   1.0084561e+07   3.2287598e+01
   1.0085326e+07   3.2348633e+01
   1.0089392e+07   3.3325195e+01
   1.0093968e+07   3.3264160e+01
   1.0095956e+07   3.2348633e+01
   1.0100468e+07   3.2714844e+01
   1.0123600e+07   3.2104492e+01
   1.0124724e+07   3.2287598e+01
   1.0124794e+07   4.2480469e+01
   1.0124832e+07   3.7658691e+01
   1.0124853e+07   5.0598145e+01
   1.0124880e+07   7.1289062e+01
   1.0124900e+07   8.6181641e+01
   1.0124920e+07   5.6091309e+01
   1.0124935e+07   9.5825195e+01
   1.0124977e+07   6.6406250e+01
   1.0125004e+07   4.4311523e+01
   1.0125035e+07   5.7556152e+01
   1.0125053e+07   3.7963867e+01
   1.0125082e+07   6.2561035e+01
   1.0125098e+07   3.9428711e+01
   1.0125136e+07   5.9570312e+01
   1.0125163e+07   3.4912109e+01
   1.0125183e+07   3.2836914e+01
   1.0125210e+07   3.3508301e+01
   1.0125228e+07   3.5400391e+01
   1.0125247e+07   3.3691406e+01
   1.0125322e+07   3.3325195e+01
   1.0125347e+07   4.5776367e+01
   1.0125400e+07   4.0954590e+01
   1.0125448e+07   3.6132812e+01
   1.0126132e+07   4.4189453e+01
   1.0126339e+07   3.9001465e+01
   1.0126454e+07   3.2836914e+01
   1.0126587e+07   3.6010742e+01
   1.0126843e+07   3.5827637e+01
   1.0129647e+07   3.2531738e+01
   1.0142835e+07   3.4057617e+01
   1.0144673e+07   3.3752441e+01
   1.0147800e+07   4.3518066e+01
   1.0153531e+07   3.5339355e+01
   1.0158748e+07   3.4484863e+01
   1.0174739e+07   3.4484863e+01
   1.0181554e+07   3.6010742e+01
   1.0183609e+07   3.3020020e+01
   1.0186662e+07   3.4362793e+01
   1.0193054e+07   3.2409668e+01
   1.0196307e+07   3.6804199e+01
   1.0199230e+07   3.8024902e+01
   1.0203937e+07   3.3264160e+01
   1.0206840e+07   3.4729004e+01
   1.0213768e+07   3.5522461e+01
   1.0229833e+07   3.6865234e+01
   1.0233398e+07   3.7780762e+01
   1.0238999e+07   3.3386230e+01
   1.0242425e+07   3.4973145e+01
   1.0246899e+07   3.4606934e+01
   1.0248588e+07   3.8635254e+01
   1.0251357e+07   3.3691406e+01
   1.0253244e+07   3.4790039e+01
   1.0253470e+07   3.5827637e+01
   1.0253596e+07   4.7363281e+01
   1.0253664e+07   3.5400391e+01
   1.0253774e+07   3.4729004e+01
   1.0253846e+07   4.8583984e+01
   1.0253878e+07   6.7626953e+01
   1.0253892e+07   4.8645020e+01
   1.0253911e+07   3.5522461e+01
   1.0253957e+07   4.1687012e+01
   1.0253973e+07   5.5664062e+01
   1.0253998e+07   5.7434082e+01
   1.0254010e+07   4.6875000e+01
   1.0254033e+07   4.9011230e+01
   1.0254059e+07   9.0026855e+01
   1.0254085e+07   4.2175293e+01
   1.0254127e+07   3.8757324e+01
   1.0254163e+07   3.4057617e+01
   1.0254173e+07   7.0312500e+01
   1.0254248e+07   3.6621094e+01
   1.0254260e+07   3.4912109e+01
   1.0254271e+07   3.6132812e+01
   1.0254296e+07   3.3020020e+01
   1.0254361e+07   3.2531738e+01
   1.0254401e+07   3.5766602e+01
   1.0254426e+07   3.3935547e+01
   1.0254553e+07   3.2836914e+01
   1.0254718e+07   4.0283203e+01
   1.0255075e+07   3.5949707e+01
   1.0255175e+07   3.7292480e+01
   1.0255290e+07   3.3508301e+01
   1.0255327e+07   3.3630371e+01
   1.0255728e+07   3.8879395e+01
   1.0256196e+07   3.3447266e+01
   1.0256489e+07   3.7475586e+01
   1.0257434e+07   3.2775879e+01
   1.0269120e+07   3.2226562e+01
   1.0274942e+07   3.2958984e+01
   1.0289720e+07   3.7780762e+01
   1.0295322e+07   3.2287598e+01
   1.0308371e+07   3.2714844e+01
   1.0312727e+07   3.5949707e+01
   1.0315412e+07   3.2897949e+01
   1.0317337e+07   3.3874512e+01
   1.0330932e+07   3.9306641e+01
   1.0338601e+07   3.2226562e+01
   1.0342529e+07   3.2287598e+01
   1.0345875e+07   3.7719727e+01
   1.0349827e+07   3.6682129e+01
   1.0351495e+07   3.2226562e+01
   1.0355729e+07   3.3325195e+01
   1.0359241e+07   3.6071777e+01
   1.0365481e+07   3.5888672e+01
   1.0370598e+07   3.3386230e+01
   1.0371577e+07   4.1564941e+01
   1.0377013e+07   3.4667969e+01
   1.0377880e+07   3.5278320e+01
   1.0383781e+07   3.3752441e+01
   1.0386278e+07   3.4606934e+01
   1.0418564e+07   3.9001465e+01
   1.0423074e+07   3.4179688e+01
   1.0424600e+07   3.2470703e+01
   1.0426767e+07   3.2958984e+01
   1.0437997e+07   3.7048340e+01
   1.0443707e+07   3.6499023e+01
   1.0447695e+07   3.2653809e+01
   1.0449151e+07   3.2958984e+01
   1.0457320e+07   3.7658691e+01
   1.0467596e+07   3.3569336e+01
   1.0475763e+07   3.2470703e+01
   1.0477852e+07   3.9611816e+01
   1.0485220e+07   3.6743164e+01
   1.0490559e+07   3.4606934e+01
   1.0496062e+07   3.5888672e+01
   1.0501951e+07   3.3508301e+01
   1.0507366e+07   3.7841797e+01
   1.0511209e+07   3.4423828e+01
   1.0519180e+07   3.8452148e+01
   1.0530105e+07   3.9062500e+01
   1.0534493e+07   3.3081055e+01
   1.0537979e+07   3.9550781e+01
   1.0543392e+07   3.2470703e+01
   1.0552859e+07   3.4179688e+01
   1.0563582e+07   3.5095215e+01
   1.0593734e+07   3.6437988e+01
   1.0608184e+07   3.5827637e+01
   1.0609105e+07   3.3142090e+01
   1.0610696e+07   3.6376953e+01
   1.0613024e+07   3.4057617e+01
   1.0617142e+07   3.3020020e+01
   1.0619305e+07   3.2348633e+01
   1.0623019e+07   3.3569336e+01
   1.0626905e+07   3.4606934e+01
   1.0636531e+07   3.2653809e+01
   1.0640982e+07   3.2287598e+01
   1.0643535e+07   3.4301758e+01
   1.0644610e+07   3.7536621e+01
   1.0645954e+07   3.3569336e+01
   1.0649315e+07   3.2104492e+01
   1.0654270e+07   3.6010742e+01
   1.0661908e+07   3.2470703e+01
   1.0662178e+07   3.3630371e+01
   1.0667189e+07   3.2470703e+01
   1.0670970e+07   3.2836914e+01
   1.0671931e+07   3.4790039e+01
   1.0673276e+07   3.5217285e+01
   1.0678372e+07   3.7048340e+01
   1.0683999e+07   3.4790039e+01
   1.0700204e+07   3.3630371e+01
   1.0711721e+07   3.6926270e+01
   1.0714725e+07   3.4179688e+01
   1.0725116e+07   3.5888672e+01
   1.0726531e+07   3.8879395e+01
   1.0728772e+07   3.2165527e+01
   1.0733705e+07   3.2165527e+01
   1.0737975e+07   3.2287598e+01
   1.0738745e+07   3.6621094e+01
   1.0741133e+07   3.2836914e+01
   1.0752123e+07   3.2226562e+01
   1.0754804e+07   3.6132812e+01
   1.0756618e+07   3.2836914e+01
   1.0757039e+07   3.2470703e+01
   1.0759447e+07   3.3508301e+01
   1.0768420e+07   3.3386230e+01
   1.0769447e+07   3.3264160e+01
   1.0774239e+07   3.8818359e+01
   1.0781630e+07   3.9855957e+01
   1.0786153e+07   3.6071777e+01
   1.0790425e+07   3.2287598e+01
   1.0797879e+07   3.7475586e+01
   1.0803707e+07   3.4545898e+01
   1.0817572e+07   3.3874512e+01
   1.0819296e+07   3.8757324e+01
   1.0820396e+07   3.8635254e+01
   1.0828817e+07   3.2836914e+01
   1.0832314e+07   3.5034180e+01
   1.0834263e+07   3.8940430e+01
   1.0840015e+07   3.2836914e+01
   1.0844992e+07   3.3935547e+01
   1.0848760e+07   3.2836914e+01
   1.0850504e+07   3.9367676e+01
   1.0850532e+07   3.3569336e+01
   1.0856731e+07   3.9123535e+01
   1.0865486e+07   3.8879395e+01
   1.0867187e+07   3.6071777e+01
   1.0871717e+07   3.7841797e+01
   1.0883095e+07   3.9550781e+01
   1.0886710e+07   3.2226562e+01
   1.0888665e+07   3.4545898e+01
   1.0896759e+07   3.6376953e+01
   1.0906607e+07   3.3020020e+01
   1.0919231e+07   4.1076660e+01
   1.0921575e+07   3.6071777e+01
   1.0937035e+07   3.7292480e+01
   1.0945192e+07   3.7902832e+01
   1.0951926e+07   3.2104492e+01
   1.0954945e+07   3.3081055e+01
   1.0956014e+07   3.4545898e+01
   1.0957375e+07   3.4973145e+01
   1.0963080e+07   3.2897949e+01
   1.0968582e+07   3.2165527e+01
   1.0975145e+07   3.7597656e+01
   1.0977478e+07   3.3020020e+01
   1.0978191e+07   3.3081055e+01
   1.0985186e+07   3.4301758e+01
   1.1005492e+07   3.3081055e+01
   1.1009276e+07   3.5156250e+01
   1.1014904e+07   3.2104492e+01
   1.1020283e+07   3.2836914e+01
   1.1025101e+07   3.2531738e+01
   1.1027425e+07   3.2714844e+01
   1.1030666e+07   3.4912109e+01
   1.1036285e+07   3.5827637e+01
   1.1040727e+07   3.4240723e+01
   1.1043907e+07   3.3752441e+01
   1.1047591e+07   3.6193848e+01
   1.1050513e+07   3.2226562e+01
   1.1055610e+07   3.2836914e+01
   1.1058589e+07   3.5583496e+01
   1.1065389e+07   3.7353516e+01
   1.1080195e+07   3.8574219e+01
   1.1091453e+07   3.6743164e+01
   1.1098400e+07   3.2348633e+01
   1.1100399e+07   3.6987305e+01
   1.1101566e+07   3.3020020e+01
   1.1114054e+07   3.6926270e+01
   1.1117313e+07   3.4912109e+01
   1.1120033e+07   4.0588379e+01
   1.1124395e+07   3.5522461e+01
   1.1125738e+07   3.2104492e+01
   1.1130682e+07   3.3325195e+01
   1.1133769e+07   3.3935547e+01
   1.1145302e+07   3.7292480e+01
   1.1150007e+07   3.2165527e+01
   1.1156513e+07   3.3142090e+01
   1.1162694e+07   3.3691406e+01
   1.1167743e+07   3.4484863e+01
   1.1173308e+07   3.3081055e+01
   1.1175901e+07   3.3935547e+01
   1.1178056e+07   3.4423828e+01
   1.1179842e+07   3.6743164e+01
   1.1183849e+07   3.3630371e+01
   1.1187523e+07   3.9978027e+01
   1.1188103e+07   3.5766602e+01
   1.1190089e+07   3.5034180e+01
   1.1198042e+07   3.5034180e+01
   1.1200529e+07   3.5583496e+01
   1.1206563e+07   3.3508301e+01
   1.1209767e+07   3.4301758e+01
   1.1211560e+07   3.5217285e+01
   1.1220708e+07   3.8391113e+01
   1.1228067e+07   3.2348633e+01
   1.1230547e+07   3.4851074e+01
   1.1232344e+07   3.3203125e+01
   1.1233619e+07   3.2836914e+01
   1.1247642e+07   3.4545898e+01
   1.1251976e+07   3.9672852e+01
   1.1258376e+07   3.4423828e+01
   1.1261883e+07   3.4118652e+01
   1.1267763e+07   3.3508301e+01
   1.1286757e+07   3.4667969e+01
   1.1294554e+07   3.5766602e+01
   1.1294782e+07   3.5217285e+01
   1.1297658e+07   3.6743164e+01
   1.1298495e+07   3.5827637e+01
   1.1300222e+07   3.6193848e+01
   1.1301186e+07   3.3142090e+01
   1.1303860e+07   3.9367676e+01
   1.1307571e+07   3.2409668e+01
   1.1309915e+07   3.3142090e+01
   1.1315577e+07   3.3935547e+01
   1.1324106e+07   3.7414551e+01
   1.1326365e+07   3.6926270e+01
   1.1329076e+07   3.3264160e+01
   1.1332967e+07   3.6560059e+01
   1.1351526e+07   3.6499023e+01
   1.1358354e+07   3.3020020e+01
   1.1362824e+07   3.6193848e+01
   1.1366321e+07   3.2470703e+01
   1.1372745e+07   3.6560059e+01
   1.1385278e+07   3.2653809e+01
   1.1394323e+07   3.7475586e+01
   1.1405792e+07   3.5705566e+01
   1.1413437e+07   3.2409668e+01
   1.1420981e+07   3.2592773e+01
   1.1426378e+07   3.3203125e+01
   1.1427635e+07   3.6071777e+01
   1.1429879e+07   4.0649414e+01
   1.1431405e+07   3.6132812e+01
   1.1432089e+07   3.3142090e+01
   1.1439366e+07   3.3325195e+01
   1.1446137e+07   3.6376953e+01
   1.1453021e+07   3.7841797e+01
   1.1457775e+07   3.3142090e+01
   1.1458652e+07   4.1137695e+01
   1.1464161e+07   3.5278320e+01
   1.1474907e+07   3.2958984e+01
   1.1477262e+07   3.7536621e+01
   1.1491436e+07   3.7780762e+01
   1.1512272e+07   3.4484863e+01
   1.1513147e+07   3.7414551e+01
   1.1514799e+07   3.2836914e+01
   1.1517064e+07   3.3813477e+01
   1.1519874e+07   3.5095215e+01
   1.1521792e+07   3.5339355e+01
   1.1536445e+07   3.2348633e+01
   1.1537746e+07   3.3447266e+01
   1.1542864e+07   3.4790039e+01
   1.1548090e+07   3.2653809e+01
   1.1552670e+07   4.2602539e+01
   1.1557673e+07   3.3508301e+01
   1.1564080e+07   3.4362793e+01
   1.1569627e+07   3.2287598e+01
   1.1575045e+07   3.2104492e+01
   1.1577994e+07   3.5888672e+01
   1.1591662e+07   3.2714844e+01
   1.1604689e+07   3.4790039e+01
   1.1610194e+07   3.2653809e+01
   1.1617094e+07   3.2409668e+01
   1.1625259e+07   3.9672852e+01
   1.1627880e+07   3.5217285e+01
   1.1635004e+07   3.9611816e+01
   1.1643147e+07   3.2531738e+01
   1.1655257e+07   3.4301758e+01
   1.1657199e+07   3.4484863e+01
   1.1657237e+07   3.4484863e+01
   1.1659806e+07   3.2165527e+01
   1.1670194e+07   3.9672852e+01
   1.1677932e+07   3.2470703e+01
   1.1682972e+07   3.3691406e+01
   1.1689610e+07   3.2409668e+01
   1.1701793e+07   3.2958984e+01
   1.1706076e+07   3.5095215e+01
   1.1714935e+07   3.8085938e+01
   1.1728138e+07   3.2104492e+01
   1.1744297e+07   3.4484863e+01
   1.1744311e+07   3.6560059e+01
   1.1758107e+07   3.3081055e+01
   1.1760839e+07   3.2226562e+01
   1.1763946e+07   3.6010742e+01
   1.1764827e+07   3.4118652e+01
   1.1768614e+07   3.4423828e+01
   1.1806432e+07   3.5705566e+01
   1.1818740e+07   3.3447266e+01
   1.1824750e+07   3.6560059e+01
   1.1833948e+07   3.5217285e+01
   1.1853737e+07   3.2287598e+01
   1.1862951e+07   3.2104492e+01
   1.1871186e+07   3.2104492e+01
   1.1874500e+07   3.2287598e+01
   1.1888064e+07   3.5095215e+01
   1.1898924e+07   3.2226562e+01
   1.1913509e+07   3.2714844e+01
   1.1918320e+07   3.6193848e+01
   1.1920821e+07   4.5288086e+01
   1.1932338e+07   3.7048340e+01
   1.1939322e+07   3.8635254e+01
   1.1952003e+07   3.3691406e+01
   1.1965272e+07   3.3630371e+01
   1.1972683e+07   3.8024902e+01
   1.1985763e+07   3.6865234e+01
   1.1990719e+07   3.4790039e+01
