   1.1996000e+07   0.0000000e+00
   3.8506000e+04   4.8583984e+01
   1.3156000e+05   4.6386719e+01
   3.3266500e+05   6.4208984e+01
   3.3272800e+05   6.3964844e+01
   3.3277700e+05   6.6650391e+01
   3.3281100e+05   4.6020508e+01
   3.3282200e+05   5.0231934e+01
   3.3296200e+05   4.6020508e+01
   3.3310000e+05   4.5837402e+01
   7.6473100e+05   5.3894043e+01
   8.4475800e+05   5.8044434e+01
   9.0366300e+05   4.5776367e+01
   1.0742290e+06   7.8796387e+01
   1.0742450e+06   7.3974609e+01
   1.0743040e+06   5.2185059e+01
   1.0743460e+06   5.2612305e+01
   1.0744050e+06   5.0476074e+01
   1.0745620e+06   5.1574707e+01
   1.2234260e+06   5.3283691e+01
   1.2776870e+06   4.5532227e+01
   2.4604220e+06   4.7973633e+01
   2.6083040e+06   4.6020508e+01
   2.6986740e+06   4.5654297e+01
   2.7927220e+06   4.5593262e+01
   2.7948820e+06   4.6325684e+01
   2.8694300e+06   6.2438965e+01
   2.8694470e+06   4.7912598e+01
   2.8694870e+06   6.1401367e+01
   2.8695110e+06   4.6630859e+01
   2.8695590e+06   4.5593262e+01
   2.8696140e+06   4.8217773e+01
   2.8697220e+06   6.6040039e+01
   2.9101390e+06   4.6081543e+01
   3.3176790e+06   4.6325684e+01
   5.1490080e+06   4.8950195e+01
   5.1497430e+06   4.6081543e+01
   5.1869520e+06   4.5715332e+01
   5.3228920e+06   4.6142578e+01
   5.3642180e+06   4.6447754e+01
   6.2593730e+06   4.7485352e+01
   6.9373810e+06   8.1665039e+01
   6.9374460e+06   5.7617188e+01
   6.9375240e+06   4.6508789e+01
   7.8106800e+06   6.7871094e+01
   7.8107300e+06   5.0903320e+01
   7.8107540e+06   6.8420410e+01
   7.8107640e+06   6.5246582e+01
   7.8108120e+06   5.3649902e+01
   7.8108970e+06   4.8950195e+01
   7.8109540e+06   4.8278809e+01
   8.9052380e+06   4.6081543e+01
   8.9406620e+06   4.5532227e+01
   9.7931100e+06   4.9011230e+01
   9.7931380e+06   4.7729492e+01
   9.7931670e+06   5.1391602e+01
   9.7932380e+06   4.7180176e+01
   9.7933010e+06   4.5288086e+01
   9.7933430e+06   4.7302246e+01
   1.0124891e+07   9.6496582e+01
   1.0124935e+07   4.8278809e+01
   1.0124991e+07   5.6945801e+01
   1.0253832e+07   5.2856445e+01
   1.0253947e+07   4.5898438e+01
   1.0253961e+07   5.1147461e+01
   1.0253976e+07   5.5053711e+01
   1.0254026e+07   5.1635742e+01
   1.0254134e+07   5.0292969e+01
   1.0819405e+07   4.6386719e+01
   1.1482915e+07   4.5104980e+01
   1.1744053e+07   4.5166016e+01
