   8.9970000e+06   0.0000000e+00
   2.4424000e+04   3.8269043e+01
   2.7816000e+04   4.7973633e+01
   7.6935000e+04   4.3029785e+01
   1.5559000e+05   4.0771484e+01
   4.1559100e+05   3.7963867e+01
   6.3628300e+05   3.8940430e+01
   7.0128900e+05   3.8330078e+01
   7.0140000e+05   4.6325684e+01
   7.0164600e+05   4.1320801e+01
   7.0217700e+05   4.7302246e+01
   7.6838200e+05   4.1198730e+01
   7.6850100e+05   3.8085938e+01
   7.6862400e+05   4.1503906e+01
   8.8142700e+05   3.7963867e+01
   9.5710000e+05   3.8696289e+01
   1.0248090e+06   4.0100098e+01
   1.0250510e+06   3.9001465e+01
   1.0254950e+06   3.9550781e+01
   1.0257200e+06   4.0161133e+01
   1.1350040e+06   4.1259766e+01
   1.2373110e+06   5.0476074e+01
   1.3480420e+06   4.3579102e+01
   1.3481740e+06   4.0039062e+01
   1.5124130e+06   5.7678223e+01
   1.5125360e+06   4.8278809e+01
   1.5126620e+06   3.9001465e+01
   1.6515220e+06   5.4992676e+01
   1.7931290e+06   4.4189453e+01
   1.9667690e+06   4.4616699e+01
   1.9668200e+06   4.2053223e+01
   1.9668920e+06   3.9123535e+01
   2.0739920e+06   3.8696289e+01
   2.0741790e+06   4.3090820e+01
   2.1152980e+06   3.8085938e+01
   2.2279950e+06   4.0527344e+01
   2.2641200e+06   4.5349121e+01
   2.3388830e+06   4.3151855e+01
   2.3680180e+06   3.9306641e+01
   2.5354770e+06   4.0405273e+01
   2.5355640e+06   4.0100098e+01
   2.5396190e+06   3.9428711e+01
   2.6892640e+06   4.1992188e+01
   2.7054100e+06   4.3395996e+01
   2.7054870e+06   4.2053223e+01
   2.7723900e+06   4.2175293e+01
   2.7724180e+06   4.0954590e+01
   2.7724350e+06   4.3762207e+01
   2.8268320e+06   3.9733887e+01
   2.8985410e+06   4.1687012e+01
   2.8985590e+06   4.6264648e+01
   2.8987500e+06   4.1809082e+01
   2.9975360e+06   4.5410156e+01
   2.9975980e+06   5.0109863e+01
   2.9977330e+06   3.9062500e+01
   3.0322370e+06   4.3334961e+01
   3.0323910e+06   4.0527344e+01
   3.0324190e+06   4.4372559e+01
   3.1096990e+06   4.4555664e+01
   3.1098390e+06   3.8208008e+01
   3.1099520e+06   3.9855957e+01
   3.2021280e+06   4.0100098e+01
   3.2022460e+06   4.1320801e+01
   3.2621970e+06   4.2480469e+01
   3.2623320e+06   3.9428711e+01
   3.4598190e+06   4.1503906e+01
   3.5071270e+06   4.5471191e+01
   3.6205740e+06   3.8452148e+01
   3.6878260e+06   3.8940430e+01
   3.6879510e+06   4.4372559e+01
   3.7383890e+06   4.3945312e+01
   3.9573570e+06   5.0598145e+01
   3.9574520e+06   4.0161133e+01
   4.0928440e+06   4.7912598e+01
   4.0931150e+06   4.0039062e+01
   4.2574410e+06   3.8757324e+01
   4.3635320e+06   4.3579102e+01
   4.5026950e+06   3.9794922e+01
   4.5247660e+06   4.1137695e+01
   4.5518850e+06   4.4738770e+01
   4.5519410e+06   3.9245605e+01
   4.5522530e+06   4.0893555e+01
   4.6823370e+06   3.7597656e+01
   4.6826380e+06   4.4311523e+01
   4.8734450e+06   4.3884277e+01
   4.8734960e+06   4.8095703e+01
   4.8736130e+06   4.1748047e+01
   5.0453980e+06   4.3273926e+01
   5.0454690e+06   3.9062500e+01
   5.0898960e+06   3.8146973e+01
   5.0902090e+06   4.1564941e+01
   5.0908700e+06   4.2541504e+01
   5.2328890e+06   5.6823730e+01
   5.3512020e+06   4.6691895e+01
   5.3513670e+06   3.8269043e+01
   5.3814230e+06   4.2663574e+01
   5.3816160e+06   3.8208008e+01
   5.4074540e+06   3.9245605e+01
   5.4075120e+06   4.8583984e+01
   5.4255780e+06   3.7963867e+01
   5.4394370e+06   3.8391113e+01
   5.4394540e+06   3.8146973e+01
   5.4395590e+06   4.0893555e+01
   5.4540010e+06   3.8330078e+01
   5.4691230e+06   4.1137695e+01
   5.4701990e+06   4.2602539e+01
   5.4784440e+06   4.3823242e+01
   5.4868190e+06   4.9865723e+01
   5.5115910e+06   3.9978027e+01
   5.5116720e+06   4.6875000e+01
   5.5356900e+06   4.1870117e+01
   5.9375940e+06   5.1818848e+01
   6.1856750e+06   3.8391113e+01
   6.1857760e+06   3.8879395e+01
   6.2522870e+06   5.7312012e+01
   6.2524270e+06   4.2114258e+01
   6.4979050e+06   4.4250488e+01
   6.5768010e+06   4.1687012e+01
   6.7878800e+06   3.8574219e+01
   6.8572030e+06   3.9916992e+01
   6.8575890e+06   4.6630859e+01
   6.9301890e+06   4.2358398e+01
   7.0889030e+06   3.7658691e+01
   7.1645200e+06   4.3151855e+01
   7.1646070e+06   3.7780762e+01
   7.1647060e+06   4.4799805e+01
   7.3274310e+06   4.4128418e+01
   7.4182440e+06   3.8879395e+01
   7.4186750e+06   4.2236328e+01
   7.5426420e+06   3.9672852e+01
   7.5429770e+06   4.2907715e+01
   7.5431640e+06   3.9245605e+01
   7.6467300e+06   4.2602539e+01
   7.6468750e+06   4.0405273e+01
   7.6468980e+06   3.8635254e+01
   7.6470650e+06   4.6142578e+01
   7.8367750e+06   4.2541504e+01
   7.9172350e+06   4.2785645e+01
   7.9174150e+06   4.0039062e+01
   8.1722040e+06   4.0893555e+01
   8.1724050e+06   4.2602539e+01
   8.1725010e+06   4.0893555e+01
   8.2323450e+06   3.8879395e+01
   8.2323900e+06   4.7668457e+01
   8.2324010e+06   3.8085938e+01
   8.2325110e+06   3.8330078e+01
   8.2330180e+06   4.0405273e+01
   8.2447680e+06   4.2785645e+01
   8.2608870e+06   4.0832520e+01
   8.2609750e+06   4.9377441e+01
   8.2754130e+06   4.8278809e+01
   8.2754290e+06   3.7780762e+01
   8.2896300e+06   5.9265137e+01
   8.2897460e+06   3.8635254e+01
   8.3069600e+06   4.6997070e+01
   8.3236420e+06   4.3640137e+01
   8.3432170e+06   4.5349121e+01
   8.3432440e+06   5.0231934e+01
   8.3728740e+06   4.9682617e+01
