   8.9970000e+06   0.0000000e+00
   1.5370000e+03   8.2580566e+01
   3.9735000e+04   3.2531738e+01
   4.1843000e+04   9.0454102e+01
   7.5173000e+04   3.3752441e+01
   8.0683000e+04   3.5644531e+01
   1.8810900e+05   6.8664551e+01
   2.0091200e+05   8.7097168e+01
   2.0201300e+05   8.3801270e+01
   2.1343900e+05   1.7413330e+02
   2.5250400e+05   6.8908691e+01
   3.6455500e+05   7.0190430e+01
   3.7848200e+05   5.9631348e+01
   4.7647900e+05   6.9519043e+01
   5.1595300e+05   6.8542480e+01
   5.2039900e+05   3.7658691e+01
   5.3058500e+05   6.5673828e+01
   5.8088300e+05   6.7993164e+01
   5.9656400e+05   6.7749023e+01
   6.1832900e+05   7.2998047e+01
   6.4544900e+05   7.7758789e+01
   6.6631000e+05   6.0424805e+01
   6.8371700e+05   6.5979004e+01
   7.0465300e+05   7.1289062e+01
   7.3608100e+05   6.1462402e+01
   7.7563000e+05   6.5124512e+01
   7.9815100e+05   7.0495605e+01
   8.4159100e+05   6.6467285e+01
   8.4506200e+05   7.1655273e+01
   8.6995200e+05   7.0190430e+01
   8.9381100e+05   6.4453125e+01
   9.0701200e+05   7.0434570e+01
   9.2307400e+05   3.6315918e+01
   9.2440100e+05   6.9702148e+01
   9.3695000e+05   6.4270020e+01
   9.5404500e+05   7.7453613e+01
   9.6849600e+05   6.3415527e+01
   9.7193800e+05   5.6396484e+01
   9.7196400e+05   6.5612793e+01
   9.7198700e+05   1.3977051e+02
   9.7200000e+05   5.2001953e+01
   9.7201300e+05   7.8857422e+01
   9.7205300e+05   6.0302734e+01
   9.7206700e+05   7.8979492e+01
   9.7209800e+05   3.4423828e+01
   9.7211100e+05   8.7585449e+01
   9.7212700e+05   4.0222168e+01
   9.7215200e+05   3.2653809e+01
   9.7218000e+05   3.4118652e+01
   9.7219900e+05   4.1748047e+01
   9.7223700e+05   3.6743164e+01
   9.7228000e+05   3.3691406e+01
   9.7238700e+05   3.6071777e+01
   9.7356800e+05   3.4545898e+01
   9.7367100e+05   3.4240723e+01
   9.7378900e+05   3.4667969e+01
   9.7390200e+05   3.6071777e+01
   9.7393900e+05   3.2348633e+01
   9.7402600e+05   4.1992188e+01
   9.7413700e+05   5.0476074e+01
   9.7422200e+05   3.3447266e+01
   9.7425400e+05   3.9794922e+01
   9.7426400e+05   3.3508301e+01
   9.7443600e+05   4.6020508e+01
   9.7455600e+05   3.5827637e+01
   9.7464700e+05   4.4921875e+01
   9.7474500e+05   3.5583496e+01
   9.7479300e+05   3.9489746e+01
   9.7493600e+05   3.8574219e+01
   9.7494800e+05   5.5664062e+01
   9.7508900e+05   5.6518555e+01
   9.7535900e+05   3.4545898e+01
   9.7572000e+05   4.5898438e+01
   9.7636400e+05   4.0161133e+01
   9.8766100e+05   3.8452148e+01
   9.8877600e+05   3.9184570e+01
   9.9057400e+05   3.5705566e+01
   9.9341600e+05   3.6682129e+01
   1.0006010e+06   4.0222168e+01
   1.0026560e+06   3.7780762e+01
   1.0073350e+06   4.4189453e+01
   1.0089730e+06   3.2775879e+01
   1.0150840e+06   3.5034180e+01
   1.0186850e+06   3.6926270e+01
   1.0261810e+06   3.2470703e+01
   1.0262220e+06   3.9123535e+01
   1.0263270e+06   6.3415527e+01
   1.0263710e+06   4.2907715e+01
   1.0264320e+06   1.0089111e+02
   1.0264440e+06   9.2468262e+01
   1.0264610e+06   6.4025879e+01
   1.0264770e+06   4.7790527e+01
   1.0264970e+06   3.8513184e+01
   1.0265120e+06   5.2185059e+01
   1.0265270e+06   4.3090820e+01
   1.0265580e+06   5.8166504e+01
   1.0265800e+06   4.6752930e+01
   1.0266080e+06   3.8513184e+01
   1.0266320e+06   4.6508789e+01
   1.0266480e+06   6.1462402e+01
   1.0266640e+06   5.2246094e+01
   1.0266930e+06   3.7597656e+01
   1.0267140e+06   4.3395996e+01
   1.0267240e+06   5.1574707e+01
   1.0267480e+06   3.4240723e+01
   1.0267630e+06   4.3640137e+01
   1.0268190e+06   4.2236328e+01
   1.0268370e+06   3.5827637e+01
   1.0268600e+06   5.2490234e+01
   1.0269070e+06   4.0527344e+01
   1.0269330e+06   3.6315918e+01
   1.0269610e+06   4.2907715e+01
   1.0277450e+06   3.8024902e+01
   1.0278310e+06   3.5583496e+01
   1.0279150e+06   3.5461426e+01
   1.0281870e+06   3.3142090e+01
   1.0282150e+06   3.2897949e+01
   1.0288290e+06   3.2897949e+01
   1.0289420e+06   3.2714844e+01
   1.0290790e+06   4.1442871e+01
   1.0291630e+06   3.3996582e+01
   1.0291870e+06   3.7048340e+01
   1.0292650e+06   3.6926270e+01
   1.0293280e+06   3.7414551e+01
   1.0295250e+06   3.3996582e+01
   1.0296740e+06   4.3029785e+01
   1.0297560e+06   4.1381836e+01
   1.0297900e+06   4.7363281e+01
   1.0300930e+06   7.2326660e+01
   1.0304180e+06   5.1086426e+01
   1.0308900e+06   4.7790527e+01
   1.0391900e+06   3.3569336e+01
   1.0406860e+06   3.3447266e+01
   1.0441290e+06   3.5217285e+01
   1.0451120e+06   3.2592773e+01
   1.0460820e+06   3.5400391e+01
   1.0469870e+06   3.2409668e+01
   1.0483080e+06   3.3081055e+01
   1.0493660e+06   3.3813477e+01
   1.0513480e+06   3.4301758e+01
   1.0524220e+06   3.3142090e+01
   1.0576970e+06   3.8940430e+01
   1.0620020e+06   3.5339355e+01
   1.0665340e+06   3.4912109e+01
   1.0799530e+06   3.2470703e+01
   1.1198400e+06   3.6560059e+01
   1.1716880e+06   3.6437988e+01
   1.1899340e+06   3.3935547e+01
   1.3326280e+06   6.8237305e+01
   1.3408710e+06   6.8847656e+01
   1.3668010e+06   5.4687500e+01
   1.4227580e+06   6.3354492e+01
   1.4327500e+06   6.3476562e+01
   1.4378310e+06   6.7687988e+01
   1.5259070e+06   6.2255859e+01
   1.5434470e+06   6.8176270e+01
   1.5632750e+06   7.1350098e+01
   1.5947950e+06   7.7819824e+01
   1.6377260e+06   5.9936523e+01
   1.6464440e+06   6.8847656e+01
   1.6798440e+06   6.3293457e+01
   1.7036710e+06   5.2551270e+01
   1.7382540e+06   6.4392090e+01
   1.8448810e+06   6.8054199e+01
   1.8860020e+06   6.5979004e+01
   1.9125260e+06   6.6589355e+01
   1.9302600e+06   6.1157227e+01
   1.9689900e+06   6.6955566e+01
   2.0011960e+06   7.2326660e+01
   2.0071280e+06   6.5795898e+01
   2.0350820e+06   6.7321777e+01
   2.0636010e+06   5.1879883e+01
   2.0824880e+06   6.4697266e+01
   2.0894070e+06   6.3598633e+01
   2.0894370e+06   8.8378906e+01
   2.0894620e+06   1.2341309e+02
   2.0894800e+06   3.6560059e+01
   2.0895010e+06   5.3955078e+01
   2.0895360e+06   7.0129395e+01
   2.0895510e+06   6.6894531e+01
   2.0895670e+06   3.7048340e+01
   2.0895830e+06   5.6701660e+01
   2.0896020e+06   4.6264648e+01
   2.0896360e+06   3.7109375e+01
   2.0896610e+06   4.1137695e+01
   2.0896840e+06   3.8024902e+01
   2.0897040e+06   3.6315918e+01
   2.0898940e+06   3.3386230e+01
   2.0900610e+06   3.3935547e+01
   2.0909640e+06   3.2226562e+01
   2.0911970e+06   3.8940430e+01
   2.0913060e+06   3.3569336e+01
   2.0914390e+06   3.8146973e+01
   2.0915230e+06   3.5217285e+01
   2.0917110e+06   3.8513184e+01
   2.0918310e+06   3.9916992e+01
   2.0920320e+06   3.6193848e+01
   2.0920950e+06   3.7780762e+01
   2.0921300e+06   3.8818359e+01
   2.0922590e+06   4.5166016e+01
   2.0924390e+06   5.0354004e+01
   2.0927610e+06   4.2541504e+01
   2.0931140e+06   3.9733887e+01
   2.1069270e+06   3.3020020e+01
   2.1095130e+06   3.2165527e+01
   2.1132920e+06   4.1259766e+01
   2.1181780e+06   4.3334961e+01
   2.1211370e+06   3.4179688e+01
   2.1258550e+06   3.2653809e+01
   2.1833920e+06   8.2702637e+01
   2.1842780e+06   6.7687988e+01
   2.2037150e+06   6.1584473e+01
   2.2039040e+06   3.5949707e+01
   2.2039290e+06   3.5766602e+01
   2.2039490e+06   3.2836914e+01
   2.2039680e+06   4.7668457e+01
   2.2039990e+06   5.6335449e+01
   2.2040300e+06   1.3165283e+02
   2.2040400e+06   3.3386230e+01
   2.2040690e+06   7.1655273e+01
   2.2040850e+06   5.2124023e+01
   2.2041050e+06   4.0222168e+01
   2.2041250e+06   4.2907715e+01
   2.2041440e+06   7.4218750e+01
   2.2041650e+06   3.2287598e+01
   2.2041950e+06   3.3874512e+01
   2.2042260e+06   4.3151855e+01
   2.2042480e+06   4.3945312e+01
   2.2043010e+06   4.2297363e+01
   2.2044070e+06   3.3813477e+01
   2.2047790e+06   3.3691406e+01
   2.2049540e+06   3.4912109e+01
   2.2055180e+06   3.6804199e+01
   2.2055830e+06   3.6804199e+01
   2.2056300e+06   3.2470703e+01
   2.2058060e+06   3.3325195e+01
   2.2058810e+06   3.5705566e+01
   2.2059670e+06   3.3081055e+01
   2.2060120e+06   3.5095215e+01
   2.2061510e+06   3.2287598e+01
   2.2063650e+06   3.2531738e+01
   2.2064510e+06   3.2592773e+01
   2.2064940e+06   3.3691406e+01
   2.2065760e+06   3.6010742e+01
   2.2066860e+06   3.2592773e+01
   2.2067080e+06   3.7170410e+01
   2.2068410e+06   3.2775879e+01
   2.2069700e+06   3.3508301e+01
   2.2070050e+06   3.6193848e+01
   2.2072120e+06   3.3081055e+01
   2.2072590e+06   3.4301758e+01
   2.2075890e+06   3.6804199e+01
   2.2076620e+06   5.3527832e+01
   2.2079950e+06   4.1564941e+01
   2.2086240e+06   4.9682617e+01
   2.2199980e+06   3.2287598e+01
   2.2278080e+06   3.6499023e+01
   2.2398390e+06   3.6315918e+01
   2.2454200e+06   3.6071777e+01
   2.2474320e+06   3.4423828e+01
   2.2522340e+06   3.5949707e+01
   2.2580270e+06   3.4667969e+01
   2.2730400e+06   3.6865234e+01
   2.2828860e+06   3.4362793e+01
   2.2916120e+06   3.3325195e+01
   2.4584150e+06   9.5642090e+01
   2.4584550e+06   8.5388184e+01
   2.4584790e+06   4.3212891e+01
   2.4585020e+06   7.1166992e+01
   2.4585140e+06   1.0089111e+02
   2.4585410e+06   7.1594238e+01
   2.4585580e+06   3.5522461e+01
   2.4585680e+06   5.4443359e+01
   2.4585880e+06   6.0546875e+01
   2.4586190e+06   5.5603027e+01
   2.4586390e+06   3.3325195e+01
   2.4586500e+06   3.2348633e+01
   2.4587910e+06   4.9377441e+01
   2.4588450e+06   3.3020020e+01
   2.4588750e+06   3.3447266e+01
   2.4600820e+06   4.2175293e+01
   2.4602220e+06   3.6560059e+01
   2.4603650e+06   3.6071777e+01
   2.4603940e+06   3.2531738e+01
   2.4604200e+06   3.4851074e+01
   2.4604550e+06   3.6132812e+01
   2.4605900e+06   3.2531738e+01
   2.4606940e+06   3.3691406e+01
   2.4607130e+06   3.3081055e+01
   2.4608100e+06   3.3142090e+01
   2.4609070e+06   4.1137695e+01
   2.4610440e+06   3.9062500e+01
   2.4611590e+06   4.1931152e+01
   2.4613550e+06   4.0771484e+01
   2.4614230e+06   3.2958984e+01
   2.4618140e+06   3.9245605e+01
   2.4759710e+06   4.0039062e+01
   2.4808470e+06   3.5827637e+01
   2.4823780e+06   3.3691406e+01
   2.4882460e+06   3.3142090e+01
   2.5010380e+06   3.4362793e+01
   2.5044830e+06   3.5339355e+01
   2.5254080e+06   3.2775879e+01
   2.6774790e+06   6.4331055e+01
   2.8214020e+06   6.4514160e+01
   2.8279980e+06   6.1828613e+01
   2.8466220e+06   6.0363770e+01
   3.0151650e+06   7.1350098e+01
   3.1548230e+06   6.7443848e+01
   3.2424910e+06   6.4025879e+01
   3.2504720e+06   6.5612793e+01
   3.2519410e+06   3.3569336e+01
   3.2886280e+06   7.5073242e+01
   3.3330420e+06   5.7922363e+01
   3.4867010e+06   6.3659668e+01
   3.4918320e+06   7.0556641e+01
   3.5746480e+06   6.2011719e+01
   3.7046230e+06   6.7871094e+01
   3.7248100e+06   6.9335938e+01
   3.7703650e+06   6.6833496e+01
   3.8205490e+06   5.3833008e+01
   3.8515090e+06   5.6213379e+01
   3.8852420e+06   6.3171387e+01
   3.9121000e+06   6.6955566e+01
   3.9631130e+06   6.3598633e+01
   3.9852870e+06   6.4941406e+01
   4.0013400e+06   5.3466797e+01
   4.0259850e+06   6.5368652e+01
   4.0364460e+06   5.4931641e+01
   4.0445500e+06   6.5002441e+01
   4.0668920e+06   5.7128906e+01
   4.1005160e+06   6.4758301e+01
   4.1673500e+06   6.3354492e+01
   4.2285560e+06   6.0485840e+01
   4.2614100e+06   7.0007324e+01
   4.3204130e+06   6.7687988e+01
   4.3692010e+06   6.8237305e+01
   4.3907550e+06   6.2683105e+01
   4.4184760e+06   6.7932129e+01
   4.4553240e+06   6.3476562e+01
   4.4777740e+06   7.6538086e+01
   4.4850900e+06   6.7749023e+01
   4.4960160e+06   7.7148438e+01
   4.5321380e+06   6.1767578e+01
   4.5576700e+06   6.2194824e+01
   4.5863340e+06   6.9335938e+01
   4.6051430e+06   5.9631348e+01
   4.6653370e+06   6.0546875e+01
   4.6712070e+06   6.1157227e+01
   4.7176050e+06   5.7922363e+01
   4.7518900e+06   5.6640625e+01
   4.7766160e+06   3.8085938e+01
   4.7859400e+06   6.5490723e+01
   4.7915590e+06   6.0424805e+01
   4.8098180e+06   3.6193848e+01
   4.8157220e+06   5.3161621e+01
   4.8222470e+06   6.4147949e+01
   4.8557160e+06   6.7749023e+01
   4.9213650e+06   6.8786621e+01
   4.9430670e+06   7.1228027e+01
   4.9649560e+06   6.2622070e+01
   4.9774200e+06   6.5307617e+01
   5.0314080e+06   6.3720703e+01
   5.0955170e+06   5.5297852e+01
   5.1655900e+06   6.5551758e+01
   5.2421400e+06   6.4086914e+01
   5.2646200e+06   6.1096191e+01
   5.2891080e+06   5.6823730e+01
   5.3146150e+06   6.2927246e+01
   5.4275050e+06   5.5908203e+01
   5.4530870e+06   6.4636230e+01
   5.4658050e+06   3.3935547e+01
   5.5068100e+06   6.7016602e+01
   5.5201080e+06   5.7067871e+01
   5.5379680e+06   6.4514160e+01
   5.5577510e+06   6.0302734e+01
   5.5746560e+06   6.1218262e+01
   5.6224690e+06   6.9519043e+01
   5.6344230e+06   7.1228027e+01
   5.6426670e+06   5.1513672e+01
   5.7179250e+06   5.7250977e+01
   5.8083460e+06   3.2287598e+01
   5.8100790e+06   5.0109863e+01
   5.8166270e+06   6.1645508e+01
   5.8268450e+06   5.3710938e+01
   5.8454210e+06   6.9213867e+01
   5.9576350e+06   6.4514160e+01
   6.0289370e+06   5.2307129e+01
   6.0967060e+06   6.5490723e+01
   6.1145830e+06   6.0424805e+01
   6.1374950e+06   5.6457520e+01
   6.1705010e+06   3.2470703e+01
   6.1906330e+06   6.3476562e+01
   6.2432950e+06   3.3935547e+01
   6.2474380e+06   3.6682129e+01
   6.2864470e+06   6.3049316e+01
   6.3772110e+06   6.8481445e+01
   6.4253900e+06   5.9997559e+01
   6.4798200e+06   5.9509277e+01
   6.5136950e+06   5.6030273e+01
   6.5380450e+06   5.7739258e+01
   6.5599950e+06   5.7373047e+01
   6.5844540e+06   6.9641113e+01
   6.6039190e+06   5.5297852e+01
   6.6486010e+06   6.5185547e+01
   6.7420040e+06   5.7128906e+01
   6.7462590e+06   5.9387207e+01
   6.7624960e+06   6.3598633e+01
   6.7748400e+06   5.7006836e+01
   6.7999560e+06   6.4208984e+01
   6.8043530e+06   5.4077148e+01
   6.8299960e+06   6.7565918e+01
   6.8432510e+06   3.3386230e+01
   6.8492490e+06   5.7373047e+01
   6.8506190e+06   5.2978516e+01
   6.8812930e+06   5.2856445e+01
   6.8889230e+06   3.5278320e+01
   6.9140120e+06   6.6467285e+01
   6.9682990e+06   6.8359375e+01
   7.0025740e+06   6.6711426e+01
   7.0737350e+06   5.6030273e+01
   7.1108610e+06   6.4331055e+01
   7.1197370e+06   5.7128906e+01
   7.1473960e+06   6.0485840e+01
   7.1777720e+06   6.1462402e+01
   7.1956850e+06   6.5917969e+01
   7.2540970e+06   6.0852051e+01
   7.2794920e+06   6.7443848e+01
   7.2893020e+06   6.6955566e+01
   7.3184580e+06   5.8471680e+01
   7.3469700e+06   6.2622070e+01
   7.4231000e+06   5.9326172e+01
   7.4583810e+06   5.1879883e+01
   7.4817880e+06   6.0485840e+01
   7.4949260e+06   5.7495117e+01
   7.5012090e+06   6.4941406e+01
   7.5320430e+06   6.6162109e+01
   7.5382880e+06   3.2287598e+01
   7.5692010e+06   5.9204102e+01
   7.5780590e+06   3.9001465e+01
   7.6052870e+06   5.8898926e+01
   7.6312810e+06   5.7556152e+01
   7.6570920e+06   6.9580078e+01
   7.6590540e+06   3.2104492e+01
   7.6773390e+06   6.9946289e+01
   7.7052490e+06   6.3110352e+01
   7.7181430e+06   6.2500000e+01
   7.7515290e+06   6.5124512e+01
   7.7518330e+06   3.4667969e+01
   7.7616750e+06   7.3303223e+01
   7.8009010e+06   6.4147949e+01
   7.8050530e+06   6.1767578e+01
   7.8260910e+06   6.3842773e+01
   7.8348990e+06   7.2265625e+01
   7.8413570e+06   6.8725586e+01
   7.8968860e+06   6.5368652e+01
   7.9195360e+06   6.4270020e+01
   7.9359000e+06   5.6945801e+01
   7.9494360e+06   5.7556152e+01
   7.9981520e+06   6.2316895e+01
   8.0383080e+06   6.4697266e+01
   8.0806130e+06   5.7373047e+01
   8.0838360e+06   3.3203125e+01
   8.1420810e+06   5.6213379e+01
   8.2426600e+06   4.9255371e+01
   8.2882380e+06   5.6579590e+01
   8.3100020e+06   6.9702148e+01
   8.3225130e+06   5.6640625e+01
   8.3334720e+06   5.3710938e+01
   8.3771000e+06   5.3649902e+01
   8.3953300e+06   5.7678223e+01
   8.4146130e+06   6.4636230e+01
   8.4218890e+06   6.8420410e+01
   8.5650190e+06   5.3100586e+01
   8.5760940e+06   6.2072754e+01
   8.5974630e+06   4.9316406e+01
   8.6318830e+06   6.2927246e+01
   8.6624880e+06   5.3833008e+01
   8.6962810e+06   5.6396484e+01
   8.7252970e+06   6.2500000e+01
   8.7404340e+06   5.9265137e+01
   8.7549930e+06   6.5307617e+01
   8.8593800e+06   5.9143066e+01
   8.9185710e+06   5.2001953e+01
   8.9389650e+06   3.5705566e+01
   8.9486600e+06   5.4687500e+01
   8.9903910e+06   5.0659180e+01
