   8.9970000e+06   0.0000000e+00
   1.2100000e+02   3.8696289e+01
   2.9500000e+02   3.4667969e+01
   6.7000000e+02   3.4912109e+01
   7.8000000e+02   3.4667969e+01
   9.1300000e+02   4.3334961e+01
   9.9600000e+02   5.5358887e+01
   1.1560000e+03   3.7536621e+01
   1.1960000e+03   3.9001465e+01
   1.2810000e+03   3.4545898e+01
   1.6540000e+03   3.7780762e+01
   1.8220000e+03   3.6926270e+01
   1.8860000e+03   4.2907715e+01
   2.1070000e+03   3.5095215e+01
   5.5100000e+03   3.4606934e+01
   5.6730000e+03   3.5522461e+01
   9.4060000e+03   3.6437988e+01
   1.1129000e+04   4.0161133e+01
   1.3316000e+04   3.5217285e+01
   1.5093000e+04   3.6560059e+01
   1.9827000e+04   3.7597656e+01
   2.5845000e+04   3.5461426e+01
   2.8345000e+04   3.4301758e+01
   2.9953000e+04   3.4790039e+01
   3.1160000e+04   3.7109375e+01
   4.1287000e+04   3.5339355e+01
   4.4956000e+04   3.7109375e+01
   4.7511000e+04   3.9184570e+01
   5.0127000e+04   3.4667969e+01
   5.3951000e+04   3.4973145e+01
   5.7571000e+04   3.5278320e+01
   6.1644000e+04   4.0161133e+01
   6.3315000e+04   3.4484863e+01
   7.1640000e+04   3.5705566e+01
   7.4968000e+04   4.0954590e+01
   7.7149000e+04   3.7902832e+01
   7.9955000e+04   3.8208008e+01
   8.3672000e+04   3.8757324e+01
   8.3812000e+04   3.7048340e+01
   8.4125000e+04   3.4790039e+01
   8.4521000e+04   3.9794922e+01
   9.1565000e+04   3.4729004e+01
   9.1628000e+04   3.5339355e+01
   9.4176000e+04   3.4729004e+01
   9.5358000e+04   4.4189453e+01
   9.6244000e+04   3.7658691e+01
   9.8687000e+04   3.6987305e+01
   9.8884000e+04   3.7414551e+01
   1.0136300e+05   3.9733887e+01
   1.0287900e+05   3.4667969e+01
   1.0495900e+05   3.6926270e+01
   1.0708400e+05   3.6865234e+01
   1.1566200e+05   3.9123535e+01
   1.1625200e+05   3.5583496e+01
   1.1687800e+05   3.5522461e+01
   1.2007200e+05   3.7048340e+01
   1.2210700e+05   4.4677734e+01
   1.2250200e+05   3.6315918e+01
   1.2489000e+05   3.4240723e+01
   1.2857700e+05   3.7536621e+01
   1.3299900e+05   3.9672852e+01
   1.3307900e+05   3.6376953e+01
   1.3923800e+05   3.5888672e+01
   1.4181200e+05   3.6071777e+01
   1.4392200e+05   3.8208008e+01
   1.4717100e+05   3.6926270e+01
   1.5137700e+05   3.4545898e+01
   1.5315300e+05   3.7048340e+01
   1.5998100e+05   4.5104980e+01
   1.6330700e+05   3.6376953e+01
   1.6573100e+05   3.4362793e+01
   1.6949300e+05   3.7963867e+01
   1.7185400e+05   3.6987305e+01
   1.7537400e+05   4.1198730e+01
   1.7714000e+05   3.4667969e+01
   1.8025500e+05   3.4362793e+01
   1.8059800e+05   3.6682129e+01
   1.8301600e+05   3.6071777e+01
   1.8837800e+05   3.8269043e+01
   1.9161500e+05   3.9855957e+01
   1.9278000e+05   3.5034180e+01
   1.9377600e+05   3.4301758e+01
   1.9514300e+05   3.7414551e+01
   1.9659100e+05   3.4362793e+01
   1.9985800e+05   3.5034180e+01
   2.0346500e+05   3.5949707e+01
   2.0349600e+05   3.5278320e+01
   2.0576600e+05   3.7536621e+01
   2.1281300e+05   4.0710449e+01
   2.1343900e+05   1.6864014e+02
   2.1630000e+05   3.6560059e+01
   2.1764200e+05   4.0283203e+01
   2.1814800e+05   3.6865234e+01
   2.1822700e+05   3.4912109e+01
   2.2168500e+05   3.7780762e+01
   2.2521200e+05   3.4484863e+01
   2.2791500e+05   3.5461426e+01
   2.3990200e+05   3.6010742e+01
   2.4475700e+05   4.7424316e+01
   2.4556000e+05   3.6376953e+01
   2.4832300e+05   3.6315918e+01
   2.4880400e+05   4.8156738e+01
   2.5078200e+05   3.7780762e+01
   2.5105800e+05   3.8940430e+01
   2.5675000e+05   3.8696289e+01
   2.6220300e+05   3.5522461e+01
   2.7013500e+05   3.7353516e+01
   2.7849400e+05   3.5949707e+01
   2.8186800e+05   3.9916992e+01
   2.8232900e+05   3.6376953e+01
   2.8248100e+05   5.6579590e+01
   2.8390300e+05   3.4729004e+01
   2.8592600e+05   3.4729004e+01
   2.8789700e+05   3.5461426e+01
   2.9548600e+05   3.4973145e+01
   2.9947400e+05   3.6071777e+01
   2.9983000e+05   3.4362793e+01
   3.0417500e+05   3.5827637e+01
   3.0420300e+05   4.0405273e+01
   3.0877400e+05   5.1025391e+01
   3.1125000e+05   3.4240723e+01
   3.1178200e+05   3.4179688e+01
   3.1635300e+05   3.5644531e+01
   3.1682500e+05   3.6437988e+01
   3.1702100e+05   3.7231445e+01
   3.1877700e+05   3.5705566e+01
   3.2317200e+05   3.6437988e+01
   3.2614900e+05   3.4423828e+01
   3.3524900e+05   3.5217285e+01
   3.3986700e+05   4.8217773e+01
   3.3998900e+05   3.4851074e+01
   3.4208800e+05   3.6071777e+01
   3.4940800e+05   4.3579102e+01
   3.5336200e+05   4.3762207e+01
   3.5584400e+05   4.0832520e+01
   3.6104900e+05   3.4484863e+01
   3.6313200e+05   3.6621094e+01
   3.6370200e+05   4.5715332e+01
   3.6577100e+05   3.9062500e+01
   3.6984400e+05   3.5766602e+01
   3.7522000e+05   3.5461426e+01
   3.7748700e+05   3.5766602e+01
   3.7993400e+05   3.5095215e+01
   3.8524300e+05   3.4545898e+01
   3.9151500e+05   3.7658691e+01
   3.9271300e+05   4.0649414e+01
   3.9370000e+05   3.9550781e+01
   3.9610600e+05   3.9978027e+01
   3.9732800e+05   3.5522461e+01
   4.0238000e+05   4.4799805e+01
   4.0797500e+05   3.5400391e+01
   4.1145100e+05   3.4484863e+01
   4.1189200e+05   3.4545898e+01
   4.1416400e+05   3.4851074e+01
   4.2793200e+05   3.8391113e+01
   4.2900100e+05   3.4606934e+01
   4.3247600e+05   3.4851074e+01
   4.4101300e+05   3.4606934e+01
   4.4440700e+05   3.4667969e+01
   4.5042700e+05   3.4362793e+01
   4.5696500e+05   3.6376953e+01
   4.6496700e+05   4.7241211e+01
   4.7049600e+05   3.7231445e+01
   4.7281800e+05   3.5278320e+01
   4.7453800e+05   3.6132812e+01
   4.7671100e+05   3.4667969e+01
   4.7944300e+05   3.5339355e+01
   4.7973100e+05   3.7231445e+01
   4.8153500e+05   3.5034180e+01
   4.8322200e+05   4.6081543e+01
   4.8794500e+05   3.4423828e+01
   4.9538700e+05   3.7353516e+01
   5.0400900e+05   3.4301758e+01
   5.0886600e+05   3.5949707e+01
   5.1710500e+05   4.0466309e+01
   5.1817000e+05   3.4851074e+01
   5.1840000e+05   3.6376953e+01
   5.2099200e+05   3.9062500e+01
   5.2348900e+05   3.5095215e+01
   5.2682600e+05   3.4729004e+01
   5.3096000e+05   4.0100098e+01
   5.3714900e+05   4.0649414e+01
   5.4440900e+05   3.4362793e+01
   5.4894000e+05   3.6926270e+01
   5.5371000e+05   4.1381836e+01
   5.5951500e+05   3.5339355e+01
   5.6208500e+05   3.6071777e+01
   5.6368100e+05   3.5827637e+01
   5.7314800e+05   3.7170410e+01
   5.7766000e+05   3.4606934e+01
   5.8179400e+05   3.4240723e+01
   5.8313000e+05   3.4362793e+01
   5.8446800e+05   3.7292480e+01
   5.8558400e+05   3.4240723e+01
   5.8930800e+05   3.5888672e+01
   5.9089800e+05   3.4484863e+01
   5.9254200e+05   3.5034180e+01
   5.9357900e+05   3.4240723e+01
   5.9584500e+05   4.5776367e+01
   5.9868000e+05   3.4362793e+01
   5.9899700e+05   3.4179688e+01
   6.0063000e+05   3.5705566e+01
   6.0223500e+05   3.5034180e+01
   6.0553700e+05   3.5888672e+01
   6.1010600e+05   3.8574219e+01
   6.1027000e+05   3.5705566e+01
   6.1549100e+05   3.7353516e+01
   6.1683100e+05   3.4362793e+01
   6.1928400e+05   3.5217285e+01
   6.2007900e+05   3.6499023e+01
   6.2688500e+05   3.4667969e+01
   6.2893400e+05   3.5400391e+01
   6.3094500e+05   3.4423828e+01
   6.3423300e+05   3.6315918e+01
   6.3606100e+05   3.4545898e+01
   6.4352700e+05   3.5400391e+01
   6.4487600e+05   3.9001465e+01
   6.5003400e+05   4.1015625e+01
   6.5203100e+05   3.6315918e+01
   6.5282000e+05   3.6132812e+01
   6.6022500e+05   3.4790039e+01
   6.6119300e+05   4.0710449e+01
   6.6362500e+05   3.9001465e+01
   6.6462600e+05   3.5766602e+01
   6.6636500e+05   6.4392090e+01
   6.7462400e+05   3.6010742e+01
   6.8034800e+05   4.0588379e+01
   6.8744200e+05   3.4301758e+01
   6.8897000e+05   3.6743164e+01
   6.9145700e+05   4.2846680e+01
   6.9920600e+05   3.5400391e+01
   7.0047500e+05   3.4179688e+01
   7.0387000e+05   3.4973145e+01
   7.0851000e+05   3.6193848e+01
   7.0985600e+05   3.8452148e+01
   7.1520300e+05   3.5766602e+01
   7.1823600e+05   3.4179688e+01
   7.2287500e+05   3.4973145e+01
   7.2625300e+05   3.4667969e+01
   7.4201400e+05   4.6813965e+01
   7.4277600e+05   3.6071777e+01
   7.5211800e+05   3.5034180e+01
   7.5984200e+05   3.8146973e+01
   7.6693300e+05   3.5095215e+01
   7.6820200e+05   3.6987305e+01
   7.7035700e+05   3.4423828e+01
   7.7070500e+05   3.5156250e+01
   7.8244200e+05   3.5949707e+01
   7.8659200e+05   3.6865234e+01
   7.9261400e+05   4.1748047e+01
   7.9906100e+05   3.5278320e+01
   8.0174500e+05   3.7109375e+01
   8.0563000e+05   3.7475586e+01
   8.1520400e+05   3.5156250e+01
   8.2529300e+05   4.6569824e+01
   8.2648500e+05   3.8391113e+01
   8.4597000e+05   3.8269043e+01
   8.6133800e+05   3.5095215e+01
   8.6831200e+05   3.5156250e+01
   8.7180800e+05   3.6071777e+01
   8.8004400e+05   4.0161133e+01
   8.8183100e+05   4.0039063e+01
   8.8709000e+05   3.7231445e+01
   8.9094500e+05   3.5583496e+01
   9.0090600e+05   3.5888672e+01
   9.0772300e+05   4.6630859e+01
   9.0817900e+05   3.9428711e+01
   9.2909100e+05   3.6376953e+01
   9.4763200e+05   3.4545898e+01
   9.5751000e+05   3.6865234e+01
   9.6186400e+05   3.4851074e+01
   9.6519200e+05   3.4667969e+01
   9.6936200e+05   3.8757324e+01
   9.7125700e+05   3.4240723e+01
   9.7217300e+05   4.9316406e+01
   9.7220000e+05   3.6071777e+01
   9.7222200e+05   3.6682129e+01
   9.7225500e+05   4.9316406e+01
   9.7227700e+05   6.2133789e+01
   9.7229100e+05   6.8664551e+01
   9.7232300e+05   4.1076660e+01
   9.7233800e+05   1.0009766e+02
   9.7235300e+05   6.3110352e+01
   9.7236900e+05   1.3067627e+02
   9.7238600e+05   4.0588379e+01
   9.7240800e+05   2.1337891e+02
   9.7243500e+05   1.1993408e+02
   9.7244900e+05   7.0739746e+01
   9.7246700e+05   1.1975098e+02
   9.7248600e+05   1.7333984e+02
   9.7251500e+05   1.9232178e+02
   9.7252700e+05   1.3458252e+02
   9.7256700e+05   1.7071533e+02
   9.7259700e+05   6.7138672e+01
   9.7261800e+05   8.7097168e+01
   9.7263400e+05   8.7707520e+01
   9.7265800e+05   9.0637207e+01
   9.7266900e+05   4.4189453e+01
   9.7268600e+05   6.2744141e+01
   9.7269800e+05   3.9428711e+01
   9.7271200e+05   3.5705566e+01
   9.7273000e+05   7.2509766e+01
   9.7274200e+05   4.7546387e+01
   9.7275800e+05   3.5583496e+01
   9.7277600e+05   4.0283203e+01
   9.7278900e+05   5.5786133e+01
   9.7280500e+05   5.5175781e+01
   9.7283100e+05   5.6701660e+01
   9.7286600e+05   6.3354492e+01
   9.7289900e+05   7.4462891e+01
   9.7291200e+05   5.7189941e+01
   9.7293100e+05   4.8400879e+01
   9.7295300e+05   4.1076660e+01
   9.7296600e+05   4.0588379e+01
   9.7302700e+05   6.8420410e+01
   9.7305300e+05   3.7658691e+01
   9.7308700e+05   7.1594238e+01
   9.7311000e+05   3.7658691e+01
   9.7315800e+05   7.6110840e+01
   9.7317600e+05   3.9672852e+01
   9.7318700e+05   4.6997070e+01
   9.7323300e+05   4.5349121e+01
   9.7326500e+05   6.1157227e+01
   9.7328900e+05   4.8828125e+01
   9.7332600e+05   5.1940918e+01
   9.7336900e+05   5.5603027e+01
   9.7339500e+05   6.5429688e+01
   9.7341200e+05   4.0405273e+01
   9.7345400e+05   4.9743652e+01
   9.7347300e+05   5.6274414e+01
   9.7350800e+05   3.8574219e+01
   9.7356200e+05   4.3090820e+01
   9.7358100e+05   3.6376953e+01
   9.7359600e+05   4.8889160e+01
   9.7366500e+05   5.0476074e+01
   9.7369000e+05   4.9560547e+01
   9.7372600e+05   3.5400391e+01
   9.7374400e+05   5.0781250e+01
   9.7377000e+05   5.4443359e+01
   9.7381500e+05   4.0832520e+01
   9.7384000e+05   5.1574707e+01
   9.7386000e+05   4.0527344e+01
   9.7390600e+05   3.5705566e+01
   9.7392500e+05   3.8146973e+01
   9.7395200e+05   3.7841797e+01
   9.7398400e+05   4.8339844e+01
   9.7401200e+05   4.6508789e+01
   9.7404300e+05   4.8156738e+01
   9.7408300e+05   4.4372559e+01
   9.7410100e+05   6.2011719e+01
   9.7413700e+05   4.7363281e+01
   9.7415200e+05   5.9020996e+01
   9.7417100e+05   3.8574219e+01
   9.7419000e+05   3.9367676e+01
   9.7423300e+05   5.0476074e+01
   9.7429800e+05   3.4729004e+01
   9.7434200e+05   4.0283203e+01
   9.7437100e+05   5.2124023e+01
   9.7441600e+05   4.2236328e+01
   9.7446000e+05   4.7790527e+01
   9.7448800e+05   3.6193848e+01
   9.7452300e+05   4.3945312e+01
   9.7456100e+05   3.9184570e+01
   9.7460300e+05   4.0039062e+01
   9.7465000e+05   3.5217285e+01
   9.7468800e+05   4.1564941e+01
   9.7470800e+05   3.9978027e+01
   9.7475600e+05   4.7607422e+01
   9.7479000e+05   3.5827637e+01
   9.7481200e+05   3.9916992e+01
   9.7484900e+05   6.1767578e+01
   9.7486700e+05   6.1645508e+01
   9.7491900e+05   3.4301758e+01
   9.7496200e+05   4.2480469e+01
   9.7501200e+05   3.5583496e+01
   9.7503900e+05   3.6315918e+01
   9.7512400e+05   3.6010742e+01
   9.7520000e+05   3.7353516e+01
   9.7521300e+05   3.9978027e+01
   9.7531200e+05   3.9672852e+01
   9.7535900e+05   4.0161133e+01
   9.7538000e+05   3.8574219e+01
   9.7541100e+05   3.6560059e+01
   9.7545000e+05   4.0771484e+01
   9.7547700e+05   3.4301758e+01
   9.7551500e+05   3.5888672e+01
   9.7553300e+05   4.7546387e+01
   9.7566400e+05   3.5522461e+01
   9.7568200e+05   4.7241211e+01
   9.7594500e+05   3.4484863e+01
   9.7597300e+05   3.5461426e+01
   9.7614700e+05   3.5339355e+01
   9.7628200e+05   3.7353516e+01
   9.7636000e+05   3.7048340e+01
   9.7654400e+05   3.8085938e+01
   9.7689400e+05   3.5339355e+01
   9.7740600e+05   3.4729004e+01
   9.7827400e+05   3.5705566e+01
   9.7832800e+05   3.7902832e+01
   9.8019200e+05   3.5095215e+01
   9.8034400e+05   3.5644531e+01
   9.8210900e+05   3.4790039e+01
   9.8425600e+05   3.4423828e+01
   9.8484100e+05   3.9062500e+01
   9.8530900e+05   4.4006348e+01
   9.8565000e+05   3.7902832e+01
   9.8586000e+05   3.5522461e+01
   9.8637500e+05   3.5705566e+01
   9.8669200e+05   3.5705566e+01
   9.8680300e+05   4.0405273e+01
   9.8685900e+05   4.6447754e+01
   9.8758600e+05   3.4179688e+01
   9.8792500e+05   3.6865234e+01
   9.8808900e+05   3.6865234e+01
   9.8818300e+05   3.6315918e+01
   9.8835300e+05   3.4606934e+01
   9.8895900e+05   3.7902832e+01
   9.8901900e+05   3.5888672e+01
   9.8913900e+05   3.7475586e+01
   9.8976000e+05   3.6804199e+01
   9.8997600e+05   3.5522461e+01
   9.9009300e+05   4.5959473e+01
   9.9041800e+05   4.1015625e+01
   9.9066400e+05   3.5583496e+01
   9.9082200e+05   3.5461426e+01
   9.9107600e+05   3.5766602e+01
   9.9124600e+05   4.4799805e+01
   9.9194400e+05   3.5339355e+01
   9.9300200e+05   4.0466309e+01
   9.9357600e+05   4.2480469e+01
   1.0008940e+06   3.6193848e+01
   1.0018260e+06   3.6621094e+01
   1.0044010e+06   4.0222168e+01
   1.0127200e+06   3.4729004e+01
   1.0132890e+06   3.4179688e+01
   1.0150070e+06   3.8085938e+01
   1.0157150e+06   3.4423828e+01
   1.0193280e+06   3.4851074e+01
   1.0199620e+06   3.6071777e+01
   1.0206460e+06   3.7109375e+01
   1.0220660e+06   3.4301758e+01
   1.0251340e+06   3.6071777e+01
   1.0252560e+06   3.4912109e+01
   1.0254730e+06   3.7475586e+01
   1.0255910e+06   3.9672852e+01
   1.0256360e+06   5.9204102e+01
   1.0256550e+06   4.2968750e+01
   1.0256860e+06   5.3161621e+01
   1.0257670e+06   6.1950684e+01
   1.0257930e+06   4.1503906e+01
   1.0258080e+06   3.5278320e+01
   1.0258910e+06   4.0954590e+01
   1.0259680e+06   4.1564941e+01
   1.0260740e+06   4.8889160e+01
   1.0260950e+06   4.6508789e+01
   1.0261080e+06   7.2021484e+01
   1.0261620e+06   3.5461426e+01
   1.0261740e+06   4.9011230e+01
   1.0262400e+06   4.4494629e+01
   1.0263450e+06   4.8706055e+01
   1.0264400e+06   3.6926270e+01
   1.0264560e+06   3.6804199e+01
   1.0264850e+06   4.4677734e+01
   1.0265550e+06   4.3518066e+01
   1.0265810e+06   3.6010742e+01
   1.0266640e+06   5.7556152e+01
   1.0268490e+06   3.9001465e+01
   1.0268770e+06   4.7058105e+01
   1.0269150e+06   3.5522461e+01
   1.0269410e+06   4.5471191e+01
   1.0269780e+06   4.7546387e+01
   1.0270470e+06   5.5725098e+01
   1.0270740e+06   4.0100098e+01
   1.0271430e+06   3.4667969e+01
   1.0271540e+06   5.6091309e+01
   1.0272230e+06   3.9062500e+01
   1.0272790e+06   5.9020996e+01
   1.0273100e+06   4.4616699e+01
   1.0273720e+06   4.5776367e+01
   1.0274360e+06   3.5522461e+01
   1.0275750e+06   4.1381836e+01
   1.0275910e+06   6.8359375e+01
   1.0277060e+06   4.0649414e+01
   1.0277360e+06   4.1442871e+01
   1.0278250e+06   5.0109863e+01
   1.0278750e+06   4.1870117e+01
   1.0279250e+06   3.7170410e+01
   1.0279590e+06   3.6804199e+01
   1.0280540e+06   4.5288086e+01
   1.0283100e+06   3.8757324e+01
   1.0284520e+06   4.0405273e+01
   1.0286170e+06   3.6682129e+01
   1.0286520e+06   3.6071777e+01
   1.0287370e+06   4.2663574e+01
   1.0288150e+06   3.4240723e+01
   1.0288470e+06   3.5156250e+01
   1.0289540e+06   3.4240723e+01
   1.0357190e+06   4.9438477e+01
   1.0502130e+06   3.5583496e+01
   1.0642790e+06   3.6499023e+01
   1.0652480e+06   3.4667969e+01
   1.0701090e+06   4.4128418e+01
   1.0706060e+06   3.8085938e+01
   1.0731000e+06   3.4667969e+01
   1.0871160e+06   4.1625977e+01
   1.0908000e+06   4.3701172e+01
   1.0931850e+06   3.7048340e+01
   1.0991110e+06   3.6437988e+01
   1.1008710e+06   3.4362793e+01
   1.1076420e+06   3.5766602e+01
   1.1123200e+06   3.9794922e+01
   1.1215900e+06   4.6081543e+01
   1.1230360e+06   3.6193848e+01
   1.1234830e+06   4.0344238e+01
   1.1306920e+06   3.4423828e+01
   1.1309330e+06   3.6315918e+01
   1.1341560e+06   4.6752930e+01
   1.1470500e+06   3.4729004e+01
   1.1489680e+06   3.4240723e+01
   1.1540560e+06   3.4912109e+01
   1.1575810e+06   3.4179688e+01
   1.1591910e+06   3.4362793e+01
   1.1654920e+06   3.4973145e+01
   1.1685920e+06   3.5583496e+01
   1.1696600e+06   3.4790039e+01
   1.1745530e+06   3.6010742e+01
   1.1748050e+06   3.5583496e+01
   1.1779280e+06   3.5583496e+01
   1.1867820e+06   3.5461426e+01
   1.1913980e+06   3.5095215e+01
   1.2047200e+06   3.6560059e+01
   1.2068100e+06   3.5156250e+01
   1.2237920e+06   3.4606934e+01
   1.2276720e+06   3.5583496e+01
   1.2454640e+06   3.5705566e+01
   1.2584000e+06   3.8696289e+01
   1.2660060e+06   3.4423828e+01
   1.2798500e+06   3.7963867e+01
   1.2806480e+06   4.1259766e+01
   1.2832560e+06   3.6071777e+01
   1.2915560e+06   5.4931641e+01
   1.2916980e+06   3.5522461e+01
   1.2917840e+06   3.5034180e+01
   1.2996420e+06   3.5827637e+01
   1.3243060e+06   3.6865234e+01
   1.3270230e+06   3.4851074e+01
   1.3363380e+06   3.4545898e+01
   1.3373730e+06   3.5705566e+01
   1.3405240e+06   3.4301758e+01
   1.3434970e+06   3.4606934e+01
   1.3456040e+06   3.4973145e+01
   1.3520280e+06   4.4372559e+01
   1.3527180e+06   4.4311523e+01
   1.3594790e+06   3.4606934e+01
   1.3601410e+06   3.5461426e+01
   1.3700510e+06   3.5888672e+01
   1.3756990e+06   3.5583496e+01
   1.3951800e+06   3.6010742e+01
   1.4017290e+06   4.0405273e+01
   1.4168910e+06   3.4484863e+01
   1.4226440e+06   3.6437988e+01
   1.4230950e+06   3.6926270e+01
   1.4299880e+06   3.4545898e+01
   1.4428530e+06   3.4545898e+01
   1.4488290e+06   3.7475586e+01
   1.4522230e+06   3.6926270e+01
   1.4556060e+06   3.8391113e+01
   1.4611510e+06   4.0161133e+01
   1.4668060e+06   3.6865234e+01
   1.4841120e+06   3.6376953e+01
   1.4857320e+06   4.1320801e+01
   1.4921340e+06   3.4851074e+01
   1.4984050e+06   3.5644531e+01
   1.5151030e+06   3.5278320e+01
   1.5447430e+06   3.6376953e+01
   1.5470110e+06   3.5949707e+01
   1.5694040e+06   3.4423828e+01
   1.5746910e+06   3.4790039e+01
   1.5869940e+06   4.8950195e+01
   1.6061290e+06   3.5644531e+01
   1.6120950e+06   3.5827637e+01
   1.6184710e+06   3.6376953e+01
   1.6259420e+06   3.4606934e+01
   1.6301480e+06   3.4729004e+01
   1.6317040e+06   3.4851074e+01
   1.6463910e+06   3.4545898e+01
   1.6487790e+06   3.7048340e+01
   1.6536310e+06   3.5400391e+01
   1.6561390e+06   3.6437988e+01
   1.6563640e+06   3.7109375e+01
   1.6624340e+06   3.4301758e+01
   1.6702280e+06   4.4067383e+01
   1.6737800e+06   3.6743164e+01
   1.6743850e+06   3.5583496e+01
   1.6894180e+06   4.9377441e+01
   1.7061950e+06   3.9733887e+01
   1.7353240e+06   4.2053223e+01
   1.7508110e+06   3.5034180e+01
   1.7556870e+06   3.4912109e+01
   1.7645170e+06   3.4179688e+01
   1.7712060e+06   3.4240723e+01
   1.7831370e+06   3.5339355e+01
   1.8007310e+06   4.0161133e+01
   1.8051930e+06   3.6071777e+01
   1.8200710e+06   4.4311523e+01
   1.8222440e+06   3.4667969e+01
   1.8241690e+06   3.8269043e+01
   1.8283350e+06   4.0771484e+01
   1.8352370e+06   3.6437988e+01
   1.8748980e+06   3.6376953e+01
   1.8834400e+06   3.4179688e+01
   1.8882650e+06   4.5043945e+01
   1.8939110e+06   3.5583496e+01
   1.9063220e+06   3.8879395e+01
   1.9146080e+06   3.4790039e+01
   1.9209700e+06   3.5461426e+01
   1.9299600e+06   3.5095215e+01
   1.9409800e+06   4.2785645e+01
   1.9704640e+06   3.5095215e+01
   1.9832470e+06   3.5766602e+01
   1.9967660e+06   3.4362793e+01
   1.9978560e+06   3.4545898e+01
   2.0123590e+06   3.6071777e+01
   2.0124330e+06   3.6437988e+01
   2.0219930e+06   3.4973145e+01
   2.0354700e+06   3.4484863e+01
   2.0626830e+06   3.6560059e+01
   2.0670660e+06   3.4362793e+01
   2.0694850e+06   3.4484863e+01
   2.0734060e+06   3.4667969e+01
   2.0898000e+06   5.2368164e+01
   2.0898790e+06   3.6987305e+01
   2.0898910e+06   3.8757324e+01
   2.0899060e+06   4.2785645e+01
   2.0899250e+06   3.8635254e+01
   2.0899550e+06   1.0931396e+02
   2.0899650e+06   9.0087891e+01
   2.0899880e+06   1.3977051e+02
   2.0900010e+06   8.7646484e+01
   2.0900160e+06   5.6701660e+01
   2.0900310e+06   8.6303711e+01
   2.0900450e+06   1.9842529e+02
   2.0900760e+06   9.2041016e+01
   2.0901070e+06   1.5069580e+02
   2.0901300e+06   1.0003662e+02
   2.0901410e+06   1.4581299e+02
   2.0901690e+06   8.8867188e+01
   2.0901820e+06   9.8815918e+01
   2.0902030e+06   5.7067871e+01
   2.0902170e+06   9.1674805e+01
   2.0902300e+06   4.5776367e+01
   2.0902550e+06   5.2856445e+01
   2.0902730e+06   6.5795898e+01
   2.0903020e+06   1.2738037e+02
   2.0903230e+06   6.4758301e+01
   2.0903460e+06   6.2988281e+01
   2.0903560e+06   5.9936523e+01
   2.0903780e+06   6.4575195e+01
   2.0903920e+06   1.0144043e+02
   2.0904110e+06   5.1635742e+01
   2.0904220e+06   7.8491211e+01
   2.0904700e+06   6.7016602e+01
   2.0904800e+06   7.6660156e+01
   2.0905060e+06   4.8950195e+01
   2.0905360e+06   4.8095703e+01
   2.0905470e+06   4.0466309e+01
   2.0905770e+06   6.0974121e+01
   2.0905880e+06   3.6682129e+01
   2.0906200e+06   4.7729492e+01
   2.0906410e+06   4.4311523e+01
   2.0906860e+06   6.2988281e+01
   2.0907040e+06   3.5705566e+01
   2.0907640e+06   3.9245605e+01
   2.0907840e+06   7.3730469e+01
   2.0908020e+06   3.5156250e+01
   2.0908310e+06   3.7414551e+01
   2.0908480e+06   4.7424316e+01
   2.0908910e+06   4.3945312e+01
   2.0909060e+06   4.0405273e+01
   2.0909760e+06   4.3029785e+01
   2.0910160e+06   4.0588379e+01
   2.0910640e+06   4.8156738e+01
   2.0910790e+06   5.4626465e+01
   2.0911360e+06   4.7790527e+01
   2.0911760e+06   4.7058105e+01
   2.0911910e+06   5.0964355e+01
   2.0913350e+06   4.0771484e+01
   2.0913510e+06   3.6010742e+01
   2.0914280e+06   4.3579102e+01
   2.0914430e+06   3.6987305e+01
   2.0914630e+06   3.6987305e+01
   2.0915100e+06   4.4189453e+01
   2.0915550e+06   3.6437988e+01
   2.0916000e+06   3.5583496e+01
   2.0916430e+06   3.9123535e+01
   2.0916630e+06   3.9855957e+01
   2.0916800e+06   3.9733887e+01
   2.0917160e+06   5.4138184e+01
   2.0918140e+06   4.6264648e+01
   2.0918440e+06   7.0983887e+01
   2.0919420e+06   4.6569824e+01
   2.0919570e+06   4.3701172e+01
   2.0919870e+06   5.3100586e+01
   2.0920610e+06   4.6752930e+01
   2.0921000e+06   4.6142578e+01
   2.0921500e+06   3.7109375e+01
   2.0921740e+06   4.1931152e+01
   2.0921900e+06   6.9152832e+01
   2.0922450e+06   3.7048340e+01
   2.0922560e+06   4.1809082e+01
   2.0922920e+06   5.1330566e+01
   2.0923220e+06   3.7231445e+01
   2.0923690e+06   4.5043945e+01
   2.0923830e+06   3.9550781e+01
   2.0924030e+06   4.2175293e+01
   2.0924530e+06   3.7414551e+01
   2.0925070e+06   4.6508789e+01
   2.0925220e+06   4.0405273e+01
   2.0925580e+06   3.6987305e+01
   2.0926060e+06   3.8085938e+01
   2.0926440e+06   3.6682129e+01
   2.0926560e+06   4.0771484e+01
   2.0927660e+06   3.9123535e+01
   2.0927930e+06   4.1625977e+01
   2.0928720e+06   3.5217285e+01
   2.0929490e+06   4.1809082e+01
   2.0930650e+06   3.5461426e+01
   2.0931290e+06   4.1931152e+01
   2.0931770e+06   4.2297363e+01
   2.0933930e+06   3.6254883e+01
   2.0934330e+06   4.4067383e+01
   2.0935980e+06   3.5278320e+01
   2.0936770e+06   3.4423828e+01
   2.0940530e+06   4.0466309e+01
   2.0942620e+06   3.6254883e+01
   2.0966740e+06   3.4606934e+01
   2.0978320e+06   3.7170410e+01
   2.0992700e+06   3.5156250e+01
   2.0997430e+06   3.6132812e+01
   2.1021400e+06   3.6621094e+01
   2.1027780e+06   3.9489746e+01
   2.1028290e+06   3.4362793e+01
   2.1037280e+06   3.4790039e+01
   2.1046320e+06   3.6376953e+01
   2.1059460e+06   3.4179688e+01
   2.1065370e+06   3.4973145e+01
   2.1071910e+06   3.4973145e+01
   2.1086920e+06   3.6132812e+01
   2.1088290e+06   3.4240723e+01
   2.1101640e+06   3.8879395e+01
   2.1107320e+06   3.5217285e+01
   2.1108240e+06   4.8278809e+01
   2.1109050e+06   3.4790039e+01
   2.1115020e+06   3.7109375e+01
   2.1129560e+06   4.1015625e+01
   2.1136140e+06   3.6499023e+01
   2.1160490e+06   3.4362793e+01
   2.1168580e+06   3.4362793e+01
   2.1190990e+06   3.7170410e+01
   2.1231300e+06   3.5583496e+01
   2.1279840e+06   3.4912109e+01
   2.1291740e+06   3.8635254e+01
   2.1312270e+06   4.8156738e+01
   2.1393980e+06   3.4606934e+01
   2.1394430e+06   3.6193848e+01
   2.1398370e+06   3.7780762e+01
   2.1422690e+06   3.5766602e+01
   2.1483280e+06   3.4362793e+01
   2.1497210e+06   4.4738770e+01
   2.1510370e+06   3.4362793e+01
   2.1516280e+06   3.5949707e+01
   2.1622770e+06   3.6987305e+01
   2.1713970e+06   3.5400391e+01
   2.1743430e+06   4.1442871e+01
   2.1744140e+06   3.5949707e+01
   2.1745280e+06   3.9611816e+01
   2.1752260e+06   3.6804199e+01
   2.1768230e+06   3.5644531e+01
   2.1778160e+06   3.6682129e+01
   2.1869950e+06   4.0100098e+01
   2.2015650e+06   3.5949707e+01
   2.2016200e+06   3.6315918e+01
   2.2033260e+06   4.6020508e+01
   2.2033550e+06   3.9855957e+01
   2.2034120e+06   3.5400391e+01
   2.2034300e+06   4.7363281e+01
   2.2034870e+06   4.2419434e+01
   2.2035440e+06   4.5654297e+01
   2.2035930e+06   4.3212891e+01
   2.2036360e+06   5.6579590e+01
   2.2036560e+06   5.1574707e+01
   2.2037100e+06   3.5949707e+01
   2.2037410e+06   6.0241699e+01
   2.2037650e+06   6.3964844e+01
   2.2037820e+06   5.8044434e+01
   2.2038020e+06   5.7922363e+01
   2.2038300e+06   4.6325684e+01
   2.2038580e+06   3.9245605e+01
   2.2039010e+06   4.7973633e+01
   2.2039190e+06   4.1564941e+01
   2.2039330e+06   4.5104980e+01
   2.2039770e+06   4.8706055e+01
   2.2039940e+06   6.0913086e+01
   2.2040140e+06   1.1376953e+02
   2.2040430e+06   6.8298340e+01
   2.2040610e+06   4.1870117e+01
   2.2040880e+06   1.2908936e+02
   2.2041200e+06   1.3372803e+02
   2.2041340e+06   1.0510254e+02
   2.2041570e+06   1.0363770e+02
   2.2041840e+06   8.3618164e+01
   2.2042090e+06   1.0687256e+02
   2.2042430e+06   1.1291504e+02
   2.2042740e+06   6.0058594e+01
   2.2042890e+06   7.3059082e+01
   2.2043050e+06   1.0528564e+02
   2.2043310e+06   8.2763672e+01
   2.2043460e+06   6.0119629e+01
   2.2043680e+06   1.2384033e+02
   2.2043880e+06   3.9672852e+01
   2.2044060e+06   1.1602783e+02
   2.2044270e+06   6.5246582e+01
   2.2044590e+06   8.3923340e+01
   2.2044720e+06   9.7900391e+01
   2.2044880e+06   4.8828125e+01
   2.2045000e+06   5.7922363e+01
   2.2045150e+06   7.1228027e+01
   2.2045330e+06   4.7790527e+01
   2.2045510e+06   6.2255859e+01
   2.2045650e+06   8.7585449e+01
   2.2045870e+06   7.8918457e+01
   2.2046110e+06   5.1391602e+01
   2.2046250e+06   5.7678223e+01
   2.2046600e+06   4.1931152e+01
   2.2046920e+06   6.6345215e+01
   2.2047180e+06   8.7219238e+01
   2.2047390e+06   5.7678223e+01
   2.2047680e+06   3.6987305e+01
   2.2047950e+06   4.4006348e+01
   2.2048160e+06   7.1777344e+01
   2.2048400e+06   7.4340820e+01
   2.2048650e+06   4.6813965e+01
   2.2048800e+06   6.4941406e+01
   2.2049020e+06   6.5429688e+01
   2.2049180e+06   9.1430664e+01
   2.2049720e+06   6.1828613e+01
   2.2050000e+06   4.5166016e+01
   2.2050290e+06   7.0678711e+01
   2.2050720e+06   7.2509766e+01
   2.2050940e+06   6.2561035e+01
   2.2051150e+06   4.2480469e+01
   2.2051560e+06   4.4555664e+01
   2.2051820e+06   6.7810059e+01
   2.2051970e+06   6.2500000e+01
   2.2052410e+06   7.2082520e+01
   2.2052630e+06   4.2480469e+01
   2.2052810e+06   7.9956055e+01
   2.2053270e+06   4.3640137e+01
   2.2053450e+06   4.1748047e+01
   2.2053560e+06   3.5339355e+01
   2.2053800e+06   4.4067383e+01
   2.2054060e+06   4.8095703e+01
   2.2054210e+06   3.9611816e+01
   2.2054630e+06   4.3457031e+01
   2.2054790e+06   5.1696777e+01
   2.2055340e+06   4.5166016e+01
   2.2055650e+06   4.9316406e+01
   2.2055760e+06   6.4147949e+01
   2.2056370e+06   3.7414551e+01
   2.2056690e+06   3.4606934e+01
   2.2056810e+06   4.6447754e+01
   2.2057120e+06   3.6987305e+01
   2.2057380e+06   5.4565430e+01
   2.2057700e+06   3.6499023e+01
   2.2057980e+06   3.6315918e+01
   2.2058280e+06   6.4514160e+01
   2.2058390e+06   7.1044922e+01
   2.2058750e+06   4.3823242e+01
   2.2058960e+06   3.6926270e+01
   2.2059330e+06   4.5715332e+01
   2.2059790e+06   3.8574219e+01
   2.2059980e+06   5.0598145e+01
   2.2060130e+06   4.8583984e+01
   2.2060290e+06   3.8635254e+01
   2.2060640e+06   4.9377441e+01
   2.2061360e+06   4.2114258e+01
   2.2061650e+06   3.4790039e+01
   2.2061870e+06   4.8156738e+01
   2.2062270e+06   3.8513184e+01
   2.2062780e+06   3.6010742e+01
   2.2062890e+06   3.5461426e+01
   2.2063140e+06   3.4545898e+01
   2.2063250e+06   4.0283203e+01
   2.2063530e+06   4.1992188e+01
   2.2063690e+06   4.9865723e+01
   2.2064050e+06   3.7292480e+01
   2.2064360e+06   4.3884277e+01
   2.2064600e+06   5.5725098e+01
   2.2064980e+06   4.1015625e+01
   2.2065080e+06   4.4738770e+01
   2.2065320e+06   4.1870117e+01
   2.2065550e+06   4.0588379e+01
   2.2065820e+06   6.1584473e+01
   2.2066090e+06   3.6499023e+01
   2.2066370e+06   3.8146973e+01
   2.2067320e+06   3.7292480e+01
   2.2067490e+06   3.5522461e+01
   2.2067720e+06   3.6315918e+01
   2.2067950e+06   3.9306641e+01
   2.2068650e+06   3.4179688e+01
   2.2068840e+06   3.5949707e+01
   2.2069150e+06   3.6987305e+01
   2.2069500e+06   4.7363281e+01
   2.2069820e+06   3.7292480e+01
   2.2069920e+06   3.6621094e+01
   2.2070410e+06   3.5156250e+01
   2.2070980e+06   3.5827637e+01
   2.2071350e+06   4.1381836e+01
   2.2072000e+06   3.9306641e+01
   2.2072990e+06   3.6499023e+01
   2.2073250e+06   3.6499023e+01
   2.2074430e+06   3.4973145e+01
   2.2074980e+06   4.4372559e+01
   2.2076380e+06   4.1198730e+01
   2.2077410e+06   3.9428711e+01
   2.2079380e+06   3.8757324e+01
   2.2080000e+06   3.4545898e+01
   2.2081000e+06   3.6071777e+01
   2.2091510e+06   3.7353516e+01
   2.2100860e+06   3.4545898e+01
   2.2143530e+06   3.4973145e+01
   2.2186370e+06   3.7597656e+01
   2.2231040e+06   3.5034180e+01
   2.2238930e+06   3.5705566e+01
   2.2259260e+06   3.5888672e+01
   2.2268840e+06   3.8024902e+01
   2.2319070e+06   3.4423828e+01
   2.2323400e+06   3.7109375e+01
   2.2403100e+06   3.5095215e+01
   2.2420950e+06   3.6376953e+01
   2.2470270e+06   3.5888672e+01
   2.2639980e+06   3.8574219e+01
   2.2684740e+06   4.1198730e+01
   2.2967220e+06   3.8574219e+01
   2.2995400e+06   4.0344238e+01
   2.2996080e+06   3.4851074e+01
   2.3191410e+06   3.4790039e+01
   2.3221810e+06   4.0649414e+01
   2.3480410e+06   3.6193848e+01
   2.3491440e+06   3.4484863e+01
   2.3498360e+06   4.4433594e+01
   2.3675910e+06   3.4545898e+01
   2.3690080e+06   3.6682129e+01
   2.3783050e+06   3.4179688e+01
   2.4058190e+06   3.4851074e+01
   2.4059980e+06   3.4545898e+01
   2.4062790e+06   3.5278320e+01
   2.4172250e+06   3.8391113e+01
   2.4340140e+06   3.5766602e+01
   2.4521080e+06   3.7475586e+01
   2.4577940e+06   3.4240723e+01
   2.4580440e+06   3.7292480e+01
   2.4580670e+06   3.7780762e+01
   2.4580930e+06   3.9916992e+01
   2.4581240e+06   6.5124512e+01
   2.4581560e+06   5.9692383e+01
   2.4581830e+06   5.4748535e+01
   2.4582130e+06   5.7922363e+01
   2.4582310e+06   6.9030762e+01
   2.4582600e+06   1.1016846e+02
   2.4582880e+06   8.4777832e+01
   2.4582990e+06   8.6120605e+01
   2.4583260e+06   1.4837646e+02
   2.4583560e+06   1.5270996e+02
   2.4583700e+06   1.2420654e+02
   2.4583910e+06   9.6435547e+01
   2.4584130e+06   7.6660156e+01
   2.4584520e+06   1.4160156e+02
   2.4584740e+06   8.5998535e+01
   2.4584880e+06   7.1289062e+01
   2.4585080e+06   7.0251465e+01
   2.4585200e+06   8.4106445e+01
   2.4585320e+06   1.0247803e+02
   2.4585700e+06   1.3238525e+02
   2.4585880e+06   5.4565430e+01
   2.4586080e+06   9.0820313e+01
   2.4586270e+06   6.6101074e+01
   2.4586420e+06   9.5520020e+01
   2.4586670e+06   5.0842285e+01
   2.4586800e+06   6.1279297e+01
   2.4587150e+06   4.6203613e+01
   2.4587340e+06   4.5532227e+01
   2.4587530e+06   7.6843262e+01
   2.4587650e+06   6.5856934e+01
   2.4587770e+06   4.8522949e+01
   2.4587960e+06   7.1777344e+01
   2.4588270e+06   5.1147461e+01
   2.4588600e+06   5.2185059e+01
   2.4588710e+06   6.5734863e+01
   2.4589230e+06   7.3364258e+01
   2.4589340e+06   7.3059082e+01
   2.4589570e+06   4.2480469e+01
   2.4589940e+06   6.0852051e+01
   2.4590040e+06   4.3212891e+01
   2.4590150e+06   7.1594238e+01
   2.4590320e+06   4.5776367e+01
   2.4590590e+06   4.4494629e+01
   2.4591000e+06   6.7932129e+01
   2.4591210e+06   4.1381836e+01
   2.4591660e+06   3.5278320e+01
   2.4592020e+06   4.9621582e+01
   2.4592230e+06   4.5837402e+01
   2.4592470e+06   4.2541504e+01
   2.4592870e+06   5.7800293e+01
   2.4593240e+06   4.5043945e+01
   2.4593610e+06   4.0832520e+01
   2.4593750e+06   6.1401367e+01
   2.4593890e+06   4.8339844e+01
   2.4594650e+06   4.7973633e+01
   2.4594870e+06   6.3110352e+01
   2.4595210e+06   5.2612305e+01
   2.4595620e+06   5.5114746e+01
   2.4595810e+06   5.1269531e+01
   2.4596240e+06   4.5776367e+01
   2.4596520e+06   3.7048340e+01
   2.4597040e+06   5.6884766e+01
   2.4597180e+06   4.7607422e+01
   2.4597620e+06   3.9245605e+01
   2.4597820e+06   4.5471191e+01
   2.4597990e+06   6.6345215e+01
   2.4598230e+06   5.1513672e+01
   2.4598840e+06   4.7363281e+01
   2.4598960e+06   4.6875000e+01
   2.4599360e+06   5.0964355e+01
   2.4599510e+06   3.7658691e+01
   2.4600220e+06   3.5583496e+01
   2.4600330e+06   5.0659180e+01
   2.4600670e+06   3.5766602e+01
   2.4600840e+06   3.4545898e+01
   2.4601000e+06   3.8391113e+01
   2.4601630e+06   4.0161133e+01
   2.4602170e+06   3.8269043e+01
   2.4602440e+06   3.5400391e+01
   2.4602960e+06   5.0964355e+01
   2.4603220e+06   4.2785645e+01
   2.4603680e+06   4.7180176e+01
   2.4604600e+06   3.6560059e+01
   2.4604910e+06   3.5827637e+01
   2.4605100e+06   3.9855957e+01
   2.4605760e+06   4.8461914e+01
   2.4605950e+06   4.8278809e+01
   2.4606650e+06   3.7719727e+01
   2.4606850e+06   4.1625977e+01
   2.4607080e+06   3.6193848e+01
   2.4607370e+06   5.4809570e+01
   2.4607670e+06   3.5827637e+01
   2.4608970e+06   4.0344238e+01
   2.4610080e+06   4.8034668e+01
   2.4611240e+06   3.4729004e+01
   2.4612310e+06   4.4738770e+01
   2.4614050e+06   4.2358398e+01
   2.4615470e+06   4.3029785e+01
   2.4619250e+06   3.9672852e+01
   2.4626570e+06   3.4423828e+01
   2.4630880e+06   3.6987305e+01
   2.4725280e+06   3.4606934e+01
   2.4733270e+06   3.4240723e+01
   2.4747320e+06   3.9489746e+01
   2.4764820e+06   4.2358398e+01
   2.4802420e+06   4.7607422e+01
   2.4806760e+06   3.9672852e+01
   2.4828660e+06   3.8635254e+01
   2.4902260e+06   4.3640137e+01
   2.4983550e+06   3.5095215e+01
   2.5072890e+06   3.4790039e+01
   2.5667170e+06   3.4606934e+01
   2.5894860e+06   3.4790039e+01
   2.5898750e+06   3.8513184e+01
   2.6010520e+06   3.5339355e+01
   2.6142820e+06   3.4362793e+01
   2.6149590e+06   3.6437988e+01
   2.7049680e+06   3.4301758e+01
   2.7161040e+06   3.6010742e+01
   2.7350300e+06   3.7536621e+01
   2.7663820e+06   3.5034180e+01
   2.7742470e+06   3.6437988e+01
   2.7801630e+06   3.5217285e+01
   2.7815930e+06   5.2551270e+01
   2.7817380e+06   3.8574219e+01
   2.7888530e+06   3.8574219e+01
   2.8178790e+06   3.4973145e+01
   2.8199730e+06   3.5156250e+01
   2.8217570e+06   3.6010742e+01
   2.8315910e+06   3.5156250e+01
   2.8462310e+06   3.7231445e+01
   2.9215900e+06   3.6010742e+01
   2.9302230e+06   3.4790039e+01
   2.9362440e+06   3.4545898e+01
   2.9481300e+06   3.4484863e+01
   2.9684100e+06   3.5583496e+01
   3.0035540e+06   3.5583496e+01
   3.0100560e+06   3.5217285e+01
   3.0372770e+06   4.0893555e+01
   3.0431610e+06   4.0161133e+01
   3.0754650e+06   4.3334961e+01
   3.0773170e+06   3.4423828e+01
   3.0944590e+06   3.5217285e+01
   3.1033330e+06   3.3996582e+01
   3.1209800e+06   3.4362793e+01
   3.1437530e+06   3.4362793e+01
   3.1742810e+06   3.7109375e+01
   3.1807780e+06   3.5156250e+01
   3.2387620e+06   3.4667969e+01
   3.2738240e+06   3.4301758e+01
   3.2902130e+06   4.1137695e+01
   3.2935930e+06   3.5705566e+01
   3.3046790e+06   3.8024902e+01
   3.3086910e+06   3.6560059e+01
   3.3904260e+06   3.5827637e+01
   3.3975920e+06   4.4250488e+01
   3.4002930e+06   3.5888672e+01
   3.4083160e+06   3.8085938e+01
   3.4499770e+06   3.7536621e+01
   3.4959370e+06   3.6010742e+01
   3.5287540e+06   3.4240723e+01
   3.5555290e+06   3.5034180e+01
   3.5641380e+06   3.7597656e+01
   3.5694090e+06   3.4667969e+01
   3.5737780e+06   3.3996582e+01
   3.5745510e+06   3.5217285e+01
   3.5809610e+06   3.7902832e+01
   3.5879570e+06   3.8757324e+01
   3.6100150e+06   3.9855957e+01
   3.6127280e+06   3.6804199e+01
   3.6215870e+06   3.4667969e+01
   3.6548970e+06   3.4484863e+01
   3.6684200e+06   3.8085938e+01
   3.6848100e+06   3.3935547e+01
   3.6922220e+06   3.4423828e+01
   3.7207080e+06   3.4851074e+01
   3.7314060e+06   3.3935547e+01
   3.7354090e+06   3.6376953e+01
   3.7452340e+06   3.4667969e+01
   3.7464100e+06   3.9428711e+01
   3.7516080e+06   3.5156250e+01
   3.7560380e+06   3.7048340e+01
   3.7735790e+06   3.6804199e+01
   3.7783070e+06   3.3996582e+01
   3.8067730e+06   3.7841797e+01
   3.8127590e+06   3.8635254e+01
   3.8186730e+06   3.5156250e+01
   3.8250380e+06   3.6254883e+01
   3.8347010e+06   3.4240723e+01
   3.8393750e+06   3.4851074e+01
   3.8581620e+06   3.4973145e+01
   3.8801460e+06   3.5339355e+01
   3.8842350e+06   3.5705566e+01
   3.8867450e+06   3.7902832e+01
   3.8877850e+06   3.7658691e+01
   3.8958430e+06   4.0344238e+01
   3.8981110e+06   3.4484863e+01
   3.9085150e+06   3.4118652e+01
   3.9089550e+06   3.5949707e+01
   3.9300690e+06   3.5034180e+01
   3.9369360e+06   3.4240723e+01
   3.9431500e+06   3.4545898e+01
   3.9594800e+06   3.6132812e+01
   3.9613780e+06   3.6499023e+01
   3.9661030e+06   3.5461426e+01
   3.9789950e+06   3.8024902e+01
   3.9869730e+06   3.5888672e+01
   3.9936320e+06   3.9550781e+01
   3.9994980e+06   3.7597656e+01
   4.0088760e+06   3.4851074e+01
   4.0153070e+06   3.6254883e+01
   4.0344100e+06   3.7658691e+01
   4.0486230e+06   3.6743164e+01
   4.0685940e+06   3.5217285e+01
   4.0969110e+06   3.5949707e+01
   4.1070700e+06   3.4179688e+01
   4.1122260e+06   3.5766602e+01
   4.1224100e+06   3.5217285e+01
   4.1607180e+06   3.6621094e+01
   4.1749390e+06   3.5095215e+01
   4.2270020e+06   4.0344238e+01
   4.2354430e+06   3.7292480e+01
   4.2360290e+06   4.9377441e+01
   4.2363200e+06   4.4860840e+01
   4.2407190e+06   3.3996582e+01
   4.2433320e+06   3.5156250e+01
   4.2906810e+06   3.4179688e+01
   4.2980000e+06   3.4851074e+01
   4.3217510e+06   3.5217285e+01
   4.3268570e+06   3.6804199e+01
   4.3599920e+06   4.5654297e+01
   4.3830190e+06   3.6254883e+01
   4.3959010e+06   3.7170410e+01
   4.3978000e+06   3.5095215e+01
   4.4040440e+06   3.4973145e+01
   4.4072250e+06   3.3996582e+01
   4.4169140e+06   3.4851074e+01
   4.4173670e+06   3.8696289e+01
   4.4365950e+06   3.5461426e+01
   4.4393930e+06   3.6315918e+01
   4.4545010e+06   3.5522461e+01
   4.4546790e+06   3.7780762e+01
   4.4635640e+06   3.4729004e+01
   4.4793170e+06   3.7292480e+01
   4.4951340e+06   3.4912109e+01
   4.4983620e+06   3.6376953e+01
   4.5030520e+06   3.4667969e+01
   4.5047530e+06   3.4912109e+01
   4.5189630e+06   3.8452148e+01
   4.5190810e+06   3.4484863e+01
   4.5262420e+06   3.5705566e+01
   4.5323900e+06   3.5400391e+01
   4.5408630e+06   3.7292480e+01
   4.5413830e+06   3.7109375e+01
   4.5461120e+06   3.5400391e+01
   4.5675720e+06   3.5034180e+01
   4.5779640e+06   3.5339355e+01
   4.5900190e+06   3.5583496e+01
   4.6437880e+06   3.8146973e+01
   4.6547600e+06   3.7963867e+01
   4.7046960e+06   3.6132812e+01
   4.7133350e+06   3.6926270e+01
   4.7307450e+06   3.5278320e+01
   4.7501890e+06   3.4423828e+01
   4.7601190e+06   3.4667969e+01
   4.7672160e+06   3.7902832e+01
   4.7706190e+06   3.6743164e+01
   4.7912390e+06   3.5034180e+01
   4.7983580e+06   4.5410156e+01
   4.8007570e+06   4.9743652e+01
   4.8027690e+06   3.6071777e+01
   4.8302750e+06   3.8818359e+01
   4.8397310e+06   3.4606934e+01
   4.8518670e+06   3.7475586e+01
   4.8597850e+06   3.9489746e+01
   4.8611870e+06   3.8879395e+01
   4.8858370e+06   3.5400391e+01
   4.9117480e+06   3.8330078e+01
   4.9179890e+06   3.4423828e+01
   4.9185620e+06   3.4179688e+01
   4.9454680e+06   3.4790039e+01
   4.9525120e+06   3.4362793e+01
   5.0224560e+06   3.4912109e+01
   5.0432220e+06   3.9367676e+01
   5.0453720e+06   3.4606934e+01
   5.0667600e+06   3.6621094e+01
   5.0677000e+06   3.4362793e+01
   5.0768210e+06   3.6437988e+01
   5.0773000e+06   3.5949707e+01
   5.0778760e+06   3.5949707e+01
   5.0785890e+06   3.9123535e+01
   5.0948340e+06   3.6804199e+01
   5.1021450e+06   3.7475586e+01
   5.1140140e+06   3.4790039e+01
   5.1232500e+06   3.8269043e+01
   5.1259610e+06   3.4606934e+01
   5.1444100e+06   3.3935547e+01
   5.1448660e+06   3.5400391e+01
   5.1592110e+06   3.6132812e+01
   5.1757780e+06   3.4851074e+01
   5.1762600e+06   3.4057617e+01
   5.2252260e+06   3.7536621e+01
   5.2311970e+06   3.4667969e+01
   5.2487810e+06   3.3935547e+01
   5.2489420e+06   4.7363281e+01
   5.2677820e+06   3.7353516e+01
   5.2694210e+06   4.0466309e+01
   5.2977540e+06   3.4118652e+01
   5.3002970e+06   4.8156738e+01
   5.3088930e+06   4.1625977e+01
   5.3328250e+06   3.5583496e+01
   5.3422130e+06   3.7780762e+01
   5.3437590e+06   3.5705566e+01
   5.3714020e+06   3.5400391e+01
   5.3733300e+06   3.5522461e+01
   5.3849100e+06   3.7170410e+01
   5.3879030e+06   3.7719727e+01
   5.3917860e+06   3.5278320e+01
   5.3929880e+06   3.5400391e+01
   5.4007520e+06   3.8146973e+01
   5.4013340e+06   3.9001465e+01
   5.4140100e+06   3.5461426e+01
   5.4343010e+06   3.7963867e+01
   5.4441420e+06   3.9245605e+01
   5.4562990e+06   3.4606934e+01
   5.4869490e+06   4.1076660e+01
   5.5032930e+06   3.4362793e+01
   5.5073570e+06   3.4118652e+01
   5.5114050e+06   3.6315918e+01
   5.5174080e+06   3.8696289e+01
   5.5179680e+06   3.4545898e+01
   5.5459270e+06   4.0588379e+01
   5.5590130e+06   3.8146973e+01
   5.6061340e+06   3.4362793e+01
   5.6104700e+06   3.4179688e+01
   5.6180100e+06   3.7292480e+01
   5.6417160e+06   3.4362793e+01
   5.6477810e+06   3.4667969e+01
   5.6627160e+06   3.6926270e+01
   5.7025490e+06   3.7414551e+01
   5.7185720e+06   3.5766602e+01
   5.7269900e+06   3.9978027e+01
   5.7351290e+06   3.4790039e+01
   5.7460320e+06   3.5278320e+01
   5.7485310e+06   3.7658691e+01
   5.8251660e+06   3.4729004e+01
   5.8364390e+06   3.6682129e+01
   5.9074690e+06   3.4667969e+01
   5.9241570e+06   4.2236328e+01
   5.9255940e+06   3.4973145e+01
   5.9569120e+06   3.7048340e+01
   5.9584050e+06   3.6315918e+01
   5.9800530e+06   3.4240723e+01
   5.9812220e+06   3.5217285e+01
   5.9873900e+06   3.8024902e+01
   5.9955140e+06   3.8696289e+01
   5.9993900e+06   3.5339355e+01
   6.0046490e+06   3.7597656e+01
   6.0370000e+06   3.3996582e+01
   6.0382870e+06   3.4912109e+01
   6.0697760e+06   3.7658691e+01
   6.0966760e+06   3.4912109e+01
   6.0979410e+06   3.4240723e+01
   6.1089510e+06   3.3996582e+01
   6.1148550e+06   3.7048340e+01
   6.1264230e+06   4.1442871e+01
   6.1347580e+06   3.4240723e+01
   6.1396300e+06   3.6315918e+01
   6.1704930e+06   3.4545898e+01
   6.1774860e+06   3.8696289e+01
   6.1910470e+06   3.5034180e+01
   6.1918780e+06   3.4057617e+01
   6.2137590e+06   3.4790039e+01
   6.2309240e+06   3.4729004e+01
   6.2377410e+06   3.4301758e+01
   6.2394470e+06   3.4057617e+01
   6.2459810e+06   3.7231445e+01
   6.2509760e+06   3.6437988e+01
   6.2529030e+06   3.5156250e+01
   6.2594300e+06   3.4912109e+01
   6.2683630e+06   3.5400391e+01
   6.2702950e+06   3.4423828e+01
   6.2748320e+06   4.0222168e+01
   6.2764130e+06   3.5827637e+01
   6.2942100e+06   3.4301758e+01
   6.3127340e+06   3.5461426e+01
   6.3199790e+06   3.6010742e+01
   6.3612230e+06   3.5705566e+01
   6.3781010e+06   3.4545898e+01
   6.4021670e+06   3.4912109e+01
   6.4070620e+06   3.5217285e+01
   6.4222700e+06   3.9428711e+01
   6.4317600e+06   3.4240723e+01
   6.4325200e+06   3.4606934e+01
   6.4423850e+06   3.8208008e+01
   6.4486340e+06   3.4667969e+01
   6.4679840e+06   4.3395996e+01
   6.4833790e+06   3.4057617e+01
   6.4999970e+06   3.4179688e+01
   6.5013560e+06   3.6254883e+01
   6.5048450e+06   3.6560059e+01
   6.5133510e+06   3.4057617e+01
   6.5650070e+06   4.4738770e+01
   6.5789310e+06   3.4790039e+01
   6.5824300e+06   3.4912109e+01
   6.5943090e+06   3.5095215e+01
   6.5998110e+06   3.4423828e+01
   6.6625300e+06   3.4790039e+01
   6.6663880e+06   4.1137695e+01
   6.7215510e+06   3.4423828e+01
   6.7354370e+06   3.5278320e+01
   6.7529290e+06   3.5034180e+01
   6.7544540e+06   3.4729004e+01
   6.7620220e+06   3.4118652e+01
   6.7771790e+06   3.4057617e+01
   6.8289490e+06   3.6865234e+01
   6.8575550e+06   3.8879395e+01
   6.8785780e+06   3.5339355e+01
   6.9082340e+06   3.4606934e+01
   6.9239580e+06   3.6193848e+01
   6.9277520e+06   3.4729004e+01
   6.9561130e+06   3.7902832e+01
   6.9779830e+06   3.7597656e+01
   7.0216530e+06   3.4301758e+01
   7.0260450e+06   4.1320801e+01
   7.0617920e+06   3.6376953e+01
   7.0803250e+06   3.3996582e+01
   7.0827580e+06   3.5400391e+01
   7.1397310e+06   3.4057617e+01
   7.2000370e+06   3.4301758e+01
   7.2056420e+06   3.4606934e+01
   7.2154030e+06   3.4057617e+01
   7.2406840e+06   3.4301758e+01
   7.2461960e+06   3.6254883e+01
   7.2598250e+06   3.5217285e+01
   7.2944390e+06   3.5034180e+01
   7.3252320e+06   3.4240723e+01
   7.3381240e+06   4.0039062e+01
   7.3501520e+06   3.6193848e+01
   7.4398780e+06   3.6315918e+01
   7.4799050e+06   3.4973145e+01
   7.4810720e+06   3.4729004e+01
   7.4856560e+06   3.4484863e+01
   7.4976490e+06   3.6987305e+01
   7.5323200e+06   3.5339355e+01
   7.5412880e+06   3.6193848e+01
   7.5533340e+06   3.7963867e+01
   7.5586620e+06   3.6682129e+01
   7.5629640e+06   3.7475586e+01
   7.5677650e+06   3.4729004e+01
   7.5963200e+06   3.5949707e+01
   7.6178240e+06   3.6254883e+01
   7.7102320e+06   3.5522461e+01
   7.7528780e+06   3.4667969e+01
   7.7582820e+06   3.4729004e+01
   7.7800970e+06   3.5217285e+01
   7.8034290e+06   3.7963867e+01
   7.8206550e+06   3.4179688e+01
   7.9135380e+06   3.5278320e+01
   7.9267910e+06   3.5217285e+01
   7.9526150e+06   3.4118652e+01
   8.0954820e+06   3.5827637e+01
   8.0997870e+06   3.4362793e+01
   8.1083650e+06   3.4545898e+01
   8.1415120e+06   3.7231445e+01
   8.1803380e+06   3.5095215e+01
   8.2333620e+06   3.6743164e+01
   8.2606790e+06   3.6193848e+01
   8.2664570e+06   3.4057617e+01
   8.2907070e+06   3.6437988e+01
   8.2924780e+06   3.3996582e+01
   8.2970650e+06   3.4912109e+01
   8.3357530e+06   4.0466309e+01
   8.3470340e+06   4.4921875e+01
   8.3770130e+06   3.6193848e+01
   8.3918490e+06   3.4240723e+01
   8.4106220e+06   3.4362793e+01
   8.4327800e+06   4.0100098e+01
   8.4517510e+06   3.4667969e+01
   8.4963470e+06   3.6560059e+01
   8.5092880e+06   4.1137695e+01
   8.5157030e+06   3.5156250e+01
   8.5599920e+06   3.6254883e+01
   8.5607920e+06   3.5400391e+01
   8.5641960e+06   3.4179688e+01
   8.6136780e+06   3.9062500e+01
   8.6162170e+06   3.4484863e+01
   8.6244850e+06   3.6804199e+01
   8.6660510e+06   3.7414551e+01
   8.7387470e+06   3.3935547e+01
   8.7428650e+06   3.4301758e+01
   8.7675720e+06   3.5095215e+01
   8.7887810e+06   3.4362793e+01
   8.7970240e+06   3.7658691e+01
   8.7972530e+06   3.5644531e+01
   8.7974930e+06   3.5522461e+01
   8.7976330e+06   3.4057617e+01
   8.8183510e+06   3.4606934e+01
   8.8244800e+06   3.6010742e+01
   8.8699260e+06   3.4606934e+01
   8.9009820e+06   3.6499023e+01
   8.9210750e+06   3.6621094e+01
   8.9513630e+06   3.5888672e+01
   8.9603360e+06   3.3935547e+01
   8.9628540e+06   3.3935547e+01
   8.9643960e+06   3.8757324e+01
   8.9755950e+06   3.5522461e+01
   8.9966680e+06   3.6376953e+01
