   1.1996000e+07   0.0000000e+00
   5.5627000e+04   4.4494629e+01
   5.6548000e+04   9.2712402e+01
   5.6584000e+04   4.9987793e+01
   5.6597000e+04   5.7861328e+01
   5.6632000e+04   5.6274414e+01
   5.6986000e+04   5.1086426e+01
   5.7018000e+04   5.8105469e+01
   5.7105000e+04   4.9072266e+01
   5.7116000e+04   7.2021484e+01
   5.7208000e+04   4.7302246e+01
   5.7254000e+04   6.3049316e+01
   5.7408000e+04   4.6142578e+01
   5.7721000e+04   5.3283691e+01
   5.7844000e+04   4.5104980e+01
   5.7904000e+04   4.3884277e+01
   5.8281000e+04   4.7485352e+01
   5.8471000e+04   7.7087402e+01
   6.3982000e+04   4.3640137e+01
   2.7338900e+05   4.4067383e+01
   4.3536800e+05   5.0781250e+01
   5.1394300e+05   9.3566895e+01
   5.1397900e+05   8.2946777e+01
   5.1400800e+05   5.2307129e+01
   5.1402100e+05   5.5175781e+01
   5.1405700e+05   6.2927246e+01
   5.1409100e+05   5.2368164e+01
   5.1413900e+05   5.7739258e+01
   5.1420900e+05   4.9072266e+01
   5.1425300e+05   4.8095703e+01
   5.1433900e+05   7.2082520e+01
   5.1436100e+05   5.2551270e+01
   5.1448400e+05   7.4218750e+01
   5.1450100e+05   5.0170898e+01
   5.1463500e+05   5.2062988e+01
   5.1473300e+05   5.7128906e+01
   5.1493200e+05   4.9743652e+01
   5.1508900e+05   5.0415039e+01
   5.1528600e+05   5.5908203e+01
   5.1550200e+05   5.1147461e+01
   5.1575100e+05   5.4870605e+01
   5.2607900e+05   5.2673340e+01
   5.2627100e+05   4.6447754e+01
   5.2645600e+05   8.5937500e+01
   5.2652900e+05   5.7617188e+01
   5.2658300e+05   5.9509277e+01
   5.2664900e+05   6.0852051e+01
   5.2666400e+05   4.7546387e+01
   5.2668800e+05   4.9804688e+01
   5.2672100e+05   5.4931641e+01
   5.2673600e+05   6.7626953e+01
   5.2689700e+05   4.5349121e+01
   5.2698400e+05   4.5410156e+01
   5.2708100e+05   4.5959473e+01
   5.2720600e+05   4.9926758e+01
   5.2754800e+05   4.3640137e+01
   5.2790800e+05   4.5288086e+01
   5.2819400e+05   4.6386719e+01
   5.2831800e+05   4.4372559e+01
   5.2855600e+05   4.6630859e+01
   5.2868400e+05   4.8645020e+01
   5.2880600e+05   4.3762207e+01
   5.2891900e+05   4.4860840e+01
   5.2906100e+05   4.7607422e+01
   5.2914300e+05   4.7485352e+01
   5.2972100e+05   4.3334961e+01
   5.4302200e+05   4.3518066e+01
   5.4362500e+05   4.4738770e+01
   6.7868600e+05   5.9265137e+01
   6.9190100e+05   5.0598145e+01
   6.9194000e+05   4.3884277e+01
   7.0541900e+05   4.9438477e+01
   7.2980300e+05   4.9255371e+01
   7.4682500e+05   4.5043945e+01
   8.2527100e+05   4.4677734e+01
   8.6196000e+05   4.3640137e+01
   9.9409800e+05   6.2133789e+01
   9.9411900e+05   9.7351074e+01
   9.9413300e+05   5.8715820e+01
   9.9415500e+05   7.1472168e+01
   9.9418800e+05   4.8400879e+01
   9.9420300e+05   5.4138184e+01
   9.9421600e+05   4.4189453e+01
   9.9423500e+05   4.4799805e+01
   9.9425200e+05   5.0415039e+01
   9.9430800e+05   4.6752930e+01
   9.9444500e+05   4.3579102e+01
   9.9454700e+05   5.6640625e+01
   9.9466700e+05   5.5297852e+01
   9.9478800e+05   4.6081543e+01
   9.9492300e+05   4.4311523e+01
   9.9511000e+05   4.9438477e+01
   9.9531100e+05   5.3649902e+01
   9.9551800e+05   5.4931641e+01
   1.0527590e+06   4.4799805e+01
   1.1420050e+06   5.5847168e+01
   1.1420230e+06   1.2542725e+02
   1.1420550e+06   4.3701172e+01
   1.1420750e+06   6.4880371e+01
   1.1420960e+06   5.5175781e+01
   1.1421320e+06   4.9682617e+01
   1.1421520e+06   4.5776367e+01
   1.1421670e+06   4.5288086e+01
   1.1421860e+06   4.9621582e+01
   1.1423790e+06   7.0495605e+01
   1.1424340e+06   5.0231934e+01
   1.1425400e+06   4.3823242e+01
   1.1426960e+06   6.8359375e+01
   1.1428280e+06   6.2561035e+01
   1.1429800e+06   5.4199219e+01
   1.1431660e+06   5.2795410e+01
   1.1434540e+06   5.1513672e+01
   1.1592030e+06   4.4433594e+01
   1.1597870e+06   4.8645020e+01
   1.1659320e+06   4.3762207e+01
   1.3476020e+06   4.4738770e+01
   1.3809850e+06   4.6142578e+01
   1.4195930e+06   4.4372559e+01
   1.4462770e+06   4.4494629e+01
   1.4606530e+06   5.2978516e+01
   1.6426450e+06   4.9743652e+01
   1.6814810e+06   4.7485352e+01
   1.7171600e+06   4.8645020e+01
   1.7172020e+06   9.5031738e+01
   1.7172140e+06   5.7067871e+01
   1.7172610e+06   5.4138184e+01
   1.7172790e+06   4.9987793e+01
   1.7173250e+06   4.8278809e+01
   1.7173590e+06   4.3518066e+01
   1.7174420e+06   4.6020508e+01
   1.7174640e+06   4.3579102e+01
   1.7175410e+06   8.6486816e+01
   1.7175580e+06   5.2124023e+01
   1.7176460e+06   5.6945801e+01
   1.7177490e+06   4.3945312e+01
   1.7177900e+06   4.5043945e+01
   1.7180090e+06   5.0537109e+01
   1.7181670e+06   4.7180176e+01
   1.7183160e+06   5.0598145e+01
   1.7184770e+06   4.4006348e+01
   1.7186610e+06   5.6945801e+01
   1.7189070e+06   4.8400879e+01
   1.7191300e+06   5.7617188e+01
   1.7193620e+06   7.0556641e+01
   1.7263780e+06   4.3945312e+01
   1.7304230e+06   4.3518066e+01
   1.7309490e+06   5.1330566e+01
   1.7311150e+06   6.1767578e+01
   1.7312750e+06   4.5288086e+01
   1.7314500e+06   4.6875000e+01
   1.8323510e+06   5.9509277e+01
   1.8323730e+06   7.6782227e+01
   1.8324010e+06   5.0109863e+01
   1.8324340e+06   7.9162598e+01
   1.8324730e+06   4.6508789e+01
   1.8325040e+06   4.5959473e+01
   1.8325420e+06   5.3405762e+01
   1.8326000e+06   5.1025391e+01
   1.8326190e+06   4.8278809e+01
   1.8326600e+06   4.4860840e+01
   1.8326850e+06   4.3273926e+01
   1.8327110e+06   4.3273926e+01
   1.8327230e+06   6.8054199e+01
   1.8328670e+06   5.7067871e+01
   1.8329250e+06   4.7363281e+01
   1.8330110e+06   4.9804688e+01
   1.8330460e+06   4.5043945e+01
   1.8331560e+06   6.2255859e+01
   1.8331920e+06   4.4860840e+01
   1.8333470e+06   5.4016113e+01
   1.8333910e+06   6.1035156e+01
   1.8335040e+06   4.8828125e+01
   1.8336730e+06   5.0048828e+01
   1.8341770e+06   5.5786133e+01
   1.8441040e+06   4.4677734e+01
   1.9779290e+06   4.5104980e+01
   2.0016820e+06   4.6508789e+01
   2.0459660e+06   5.4138184e+01
   2.0742430e+06   4.7912598e+01
   2.1461970e+06   4.4738770e+01
   2.2354520e+06   4.8767090e+01
   2.2354680e+06   9.3383789e+01
   2.2354930e+06   5.6518555e+01
   2.2355200e+06   5.3955078e+01
   2.2355390e+06   4.6630859e+01
   2.2355540e+06   5.9814453e+01
   2.2356250e+06   4.5715332e+01
   2.2357540e+06   4.7119141e+01
   2.2357690e+06   5.8349609e+01
   2.2358450e+06   5.3466797e+01
   2.2358690e+06   6.3903809e+01
   2.2358840e+06   4.4982910e+01
   2.2359470e+06   5.4931641e+01
   2.2359790e+06   6.4636230e+01
   2.2360520e+06   5.8654785e+01
   2.2361020e+06   5.4687500e+01
   2.2361820e+06   4.8156738e+01
   2.2362150e+06   6.1828613e+01
   2.2363120e+06   5.2612305e+01
   2.2363510e+06   5.8776855e+01
   2.2365900e+06   4.5776367e+01
   2.2367620e+06   4.3945312e+01
   2.2369220e+06   4.7180176e+01
   2.2374080e+06   4.9987793e+01
   2.2464820e+06   5.8166504e+01
   2.2467120e+06   5.3283691e+01
   2.2467820e+06   9.5214844e+01
   2.2468620e+06   7.5683594e+01
   2.2468830e+06   4.3334961e+01
   2.2469260e+06   5.9082031e+01
   2.2469580e+06   4.3884277e+01
   2.2470080e+06   4.5776367e+01
   2.2470720e+06   4.9255371e+01
   2.2471460e+06   4.6386719e+01
   2.2475970e+06   4.8400879e+01
   2.2477410e+06   4.3701172e+01
   2.2479540e+06   5.0537109e+01
   2.2481330e+06   4.6447754e+01
   2.2485190e+06   4.3518066e+01
   2.2488720e+06   4.4738770e+01
   2.2492230e+06   4.3884277e+01
   2.2493540e+06   4.7119141e+01
   2.2495130e+06   4.3823242e+01
   2.2497330e+06   4.4128418e+01
   2.2503850e+06   4.5349121e+01
   2.4397540e+06   4.7058105e+01
   2.4667780e+06   4.5104980e+01
   2.4679580e+06   4.4555664e+01
   2.5711520e+06   7.0068359e+01
   2.5711690e+06   6.1096191e+01
   2.5711960e+06   6.3171387e+01
   2.5712250e+06   6.5673828e+01
   2.5712420e+06   5.8654785e+01
   2.5713030e+06   4.5227051e+01
   2.5714100e+06   7.5134277e+01
   2.5714200e+06   4.6813965e+01
   2.5714680e+06   4.4860840e+01
   2.5716080e+06   4.8156738e+01
   2.5716330e+06   8.8073730e+01
   2.5717530e+06   5.0231934e+01
   2.5718370e+06   4.4921875e+01
   2.5721070e+06   5.5847168e+01
   2.5722370e+06   4.6447754e+01
   2.5724320e+06   4.8278809e+01
   2.5726240e+06   5.1574707e+01
   2.5728220e+06   4.5837402e+01
   2.5731280e+06   6.3781738e+01
   2.8445180e+06   4.7790527e+01
   2.8446880e+06   4.7851562e+01
   2.8447300e+06   4.6875000e+01
   2.9871390e+06   4.3701172e+01
   2.9871910e+06   4.6997070e+01
   2.9876500e+06   4.3823242e+01
   2.9877100e+06   4.4860840e+01
   3.0071170e+06   5.2185059e+01
   3.0071490e+06   9.0881348e+01
   3.0071760e+06   6.0729980e+01
   3.0071950e+06   5.0109863e+01
   3.0072690e+06   6.4270020e+01
   3.0073110e+06   4.5471191e+01
   3.0073400e+06   6.6650391e+01
   3.0073610e+06   4.6386719e+01
   3.0074010e+06   4.3457031e+01
   3.0075080e+06   5.4077148e+01
   3.0075590e+06   5.8166504e+01
   3.0075910e+06   4.3640137e+01
   3.0076850e+06   4.7668457e+01
   3.0077170e+06   6.7443848e+01
   3.0077990e+06   5.5786133e+01
   3.0079280e+06   4.9804687e+01
   3.0080850e+06   5.3100586e+01
   3.0082410e+06   5.3649902e+01
   3.0084060e+06   4.9621582e+01
   3.0085640e+06   4.3395996e+01
   3.0176150e+06   5.2185059e+01
   3.0177270e+06   5.2490234e+01
   3.0180650e+06   9.8815918e+01
   3.0181320e+06   6.4758301e+01
   3.0181810e+06   4.3151855e+01
   3.0182180e+06   4.3579102e+01
   3.0182550e+06   4.8645020e+01
   3.0182960e+06   5.5480957e+01
   3.0183300e+06   5.7495117e+01
   3.0183890e+06   5.3649902e+01
   3.0184250e+06   4.2663574e+01
   3.0185320e+06   5.0048828e+01
   3.0185510e+06   5.9326172e+01
   3.0185980e+06   4.3701172e+01
   3.0186750e+06   4.4738770e+01
   3.0187570e+06   4.2846680e+01
   3.0188030e+06   4.5410156e+01
   3.0190760e+06   4.4433594e+01
   3.0191250e+06   4.4738770e+01
   3.0194380e+06   4.6569824e+01
   3.0194740e+06   4.4982910e+01
   3.0195600e+06   6.0302734e+01
   3.0196810e+06   5.0720215e+01
   3.0197180e+06   4.3029785e+01
   3.0198300e+06   4.5227051e+01
   3.0201330e+06   4.2907715e+01
   3.0203740e+06   5.4260254e+01
   3.0321930e+06   4.3029785e+01
   3.0327610e+06   4.8278809e+01
   3.1530270e+06   4.4189453e+01
   3.1830460e+06   4.3029785e+01
   3.2005110e+06   4.4982910e+01
   3.2518770e+06   4.2358398e+01
   3.3690680e+06   4.2541504e+01
   3.3885690e+06   4.5043945e+01
   3.4974110e+06   4.3823242e+01
   3.4997490e+06   4.2724609e+01
   3.5001070e+06   5.3649902e+01
   3.5001320e+06   9.1918945e+01
   3.5001720e+06   8.8256836e+01
   3.5001900e+06   4.5715332e+01
   3.5002160e+06   5.5358887e+01
   3.5002430e+06   4.6630859e+01
   3.5002580e+06   4.7119141e+01
   3.5002970e+06   4.8889160e+01
   3.5004500e+06   5.8349609e+01
   3.5005520e+06   5.2673340e+01
   3.5007620e+06   6.3293457e+01
   3.5007950e+06   5.8105469e+01
   3.5008820e+06   4.6875000e+01
   3.5011390e+06   4.7058105e+01
   3.5012780e+06   4.2785645e+01
   3.5014740e+06   6.5124512e+01
   3.5017070e+06   4.9438477e+01
   3.5019170e+06   4.5471191e+01
   3.5022030e+06   5.8471680e+01
   3.5110390e+06   1.0363770e+02
   3.5111120e+06   6.4941406e+01
   3.5111810e+06   5.9753418e+01
   3.5112230e+06   5.1330566e+01
   3.5112530e+06   5.4504395e+01
   3.5112920e+06   5.8593750e+01
   3.5113020e+06   5.7434082e+01
   3.5113200e+06   4.2541504e+01
   3.5113790e+06   7.2570801e+01
   3.5114070e+06   6.0546875e+01
   3.5114210e+06   4.8034668e+01
   3.5115470e+06   4.8950195e+01
   3.5117030e+06   4.4555664e+01
   3.5117950e+06   4.6020508e+01
   3.5119070e+06   4.4982910e+01
   3.5121350e+06   4.3151855e+01
   3.5121970e+06   5.0659180e+01
   3.5124760e+06   4.3701172e+01
   3.5126260e+06   4.5166016e+01
   3.5129750e+06   4.3762207e+01
   3.5132100e+06   5.9204102e+01
   3.5136500e+06   4.9194336e+01
   3.5214270e+06   4.7729492e+01
   3.5223800e+06   4.5104980e+01
   3.5276240e+06   4.9316406e+01
   3.6656500e+06   4.6508789e+01
   3.7049440e+06   4.3762207e+01
   3.8295890e+06   4.5837402e+01
   3.8334700e+06   4.4677734e+01
   4.0037190e+06   4.7607422e+01
   4.0085210e+06   4.6875000e+01
   4.0592300e+06   4.2419434e+01
   4.1133520e+06   4.7973633e+01
   4.1136160e+06   4.4433594e+01
   4.1158380e+06   4.5288086e+01
   4.2152090e+06   5.1391602e+01
   4.2166090e+06   5.3222656e+01
   4.2166390e+06   1.0211182e+02
   4.2166570e+06   1.0015869e+02
   4.2166700e+06   4.9438477e+01
   4.2166960e+06   5.5541992e+01
   4.2167360e+06   5.3161621e+01
   4.2167600e+06   4.7546387e+01
   4.2167910e+06   4.8461914e+01
   4.2168090e+06   4.9743652e+01
   4.2168460e+06   4.2358398e+01
   4.2168820e+06   4.2297363e+01
   4.2169640e+06   6.9274902e+01
   4.2170120e+06   5.2856445e+01
   4.2170790e+06   9.3566895e+01
   4.2171090e+06   6.9946289e+01
   4.2173440e+06   4.3457031e+01
   4.2173660e+06   4.2907715e+01
   4.2175170e+06   5.3588867e+01
   4.2176670e+06   5.6091309e+01
   4.2178300e+06   4.6875000e+01
   4.2180230e+06   5.6579590e+01
   4.2182540e+06   4.3762207e+01
   4.2273950e+06   4.9194336e+01
   4.2276980e+06   4.3273926e+01
   4.2278410e+06   5.3894043e+01
   4.2349670e+06   4.4311523e+01
   4.2607100e+06   4.3701172e+01
   4.2756160e+06   4.9255371e+01
   4.3238620e+06   4.8217773e+01
   4.3465170e+06   4.3273926e+01
   4.3475280e+06   4.8156738e+01
   4.3936480e+06   4.5104980e+01
   4.4197250e+06   4.2236328e+01
   4.4769030e+06   4.4860840e+01
   4.4900520e+06   4.2724609e+01
   4.5568610e+06   4.4433594e+01
   4.6292810e+06   1.2036133e+02
   4.6293010e+06   5.3771973e+01
   4.6293210e+06   5.9143066e+01
   4.6293520e+06   7.1044922e+01
   4.6293790e+06   4.9255371e+01
   4.6294310e+06   4.7668457e+01
   4.6294690e+06   4.5410156e+01
   4.6295360e+06   5.8776855e+01
   4.6295490e+06   5.1330566e+01
   4.6295790e+06   4.9621582e+01
   4.6296390e+06   5.2124023e+01
   4.6297070e+06   7.0373535e+01
   4.6297380e+06   5.9631348e+01
   4.6298440e+06   6.8115234e+01
   4.6299580e+06   4.2297363e+01
   4.6300830e+06   4.8095703e+01
   4.6302170e+06   5.7250977e+01
   4.6305200e+06   4.6936035e+01
   4.6306950e+06   4.7668457e+01
   4.6308850e+06   4.8583984e+01
   4.6387290e+06   4.2663574e+01
   4.6387970e+06   4.6508789e+01
   4.6389590e+06   8.9294434e+01
   4.6390060e+06   4.7302246e+01
   4.6390660e+06   6.1950684e+01
   4.6390860e+06   5.2612305e+01
   4.6391110e+06   5.5664062e+01
   4.6391260e+06   4.8828125e+01
   4.6391570e+06   5.9997559e+01
   4.6392080e+06   5.7189941e+01
   4.6392650e+06   4.6264648e+01
   4.6392750e+06   5.1269531e+01
   4.6392870e+06   4.3151855e+01
   4.6393100e+06   4.7546387e+01
   4.6393460e+06   5.4687500e+01
   4.6395970e+06   4.7302246e+01
   4.6396630e+06   4.3395996e+01
   4.6397220e+06   4.3762207e+01
   4.6397320e+06   4.5715332e+01
   4.6400540e+06   5.1757812e+01
   4.6400920e+06   4.5837402e+01
   4.6406410e+06   4.3823242e+01
   4.6408020e+06   6.3354492e+01
   4.6409830e+06   4.2724609e+01
   4.6410450e+06   6.7932129e+01
   4.6412530e+06   4.5532227e+01
   4.6414640e+06   4.3029785e+01
   4.6512040e+06   5.1574707e+01
   4.6581430e+06   4.3334961e+01
   4.7822840e+06   4.3334961e+01
   4.8105400e+06   1.0058594e+02
   4.8105560e+06   6.3537598e+01
   4.8105870e+06   7.4035645e+01
   4.8106160e+06   5.3222656e+01
   4.8106310e+06   4.9682617e+01
   4.8106510e+06   6.4880371e+01
   4.8106850e+06   4.4128418e+01
   4.8107090e+06   7.5988770e+01
   4.8107900e+06   4.2419434e+01
   4.8108190e+06   4.5410156e+01
   4.8108320e+06   4.2297363e+01
   4.8108830e+06   4.4250488e+01
   4.8109380e+06   8.4289551e+01
   4.8109780e+06   4.4982910e+01
   4.8111220e+06   7.8308105e+01
   4.8113610e+06   4.7912598e+01
   4.8114960e+06   5.1513672e+01
   4.8116630e+06   4.3640137e+01
   4.8118540e+06   5.9082031e+01
   4.8120520e+06   6.2133789e+01
   4.8123090e+06   5.6518555e+01
   4.8233350e+06   4.6813965e+01
   4.8238380e+06   9.3872070e+01
   4.8239270e+06   5.9265137e+01
   4.8239670e+06   5.1574707e+01
   4.8239920e+06   5.6823730e+01
   4.8240440e+06   6.4025879e+01
   4.8240780e+06   4.4616699e+01
   4.8241040e+06   4.8950195e+01
   4.8241540e+06   4.3457031e+01
   4.8241690e+06   4.3701172e+01
   4.8242030e+06   6.0546875e+01
   4.8242500e+06   5.1269531e+01
   4.8242800e+06   4.9255371e+01
   4.8243520e+06   4.9438477e+01
   4.8244370e+06   5.2612305e+01
   4.8244820e+06   5.2673340e+01
   4.8244960e+06   4.3457031e+01
   4.8245910e+06   4.3945312e+01
   4.8246860e+06   5.1635742e+01
   4.8247060e+06   4.3151855e+01
   4.8247590e+06   4.3395996e+01
   4.8248000e+06   4.5776367e+01
   4.8249230e+06   6.0913086e+01
   4.8250430e+06   4.5104980e+01
   4.8251620e+06   4.8400879e+01
   4.8251990e+06   4.7180176e+01
   4.8253400e+06   4.9560547e+01
   4.8256550e+06   5.2795410e+01
   4.8258450e+06   4.4433594e+01
   4.8260630e+06   4.6142578e+01
   4.8464270e+06   6.4636230e+01
   4.8465850e+06   9.6313477e+01
   4.8466180e+06   4.6386719e+01
   4.8466860e+06   6.3781738e+01
   4.8467090e+06   4.7790527e+01
   4.8467250e+06   7.8857422e+01
   4.8467480e+06   4.8034668e+01
   4.8467930e+06   4.7546387e+01
   4.8468760e+06   4.7180176e+01
   4.8470260e+06   4.6447754e+01
   4.8470720e+06   4.3395996e+01
   4.8471040e+06   4.3457031e+01
   4.8471190e+06   4.5593262e+01
   4.8472620e+06   4.4189453e+01
   4.8475380e+06   4.3029785e+01
   4.8477040e+06   5.8349609e+01
   4.8477790e+06   5.0415039e+01
   4.8478490e+06   5.8288574e+01
   4.8479540e+06   4.5166016e+01
   4.9429950e+06   4.9743652e+01
   4.9786850e+06   4.2724609e+01
   5.0256680e+06   4.5898438e+01
   5.1521860e+06   4.3090820e+01
   5.1775650e+06   4.2968750e+01
   5.1783330e+06   4.5227051e+01
   5.1788900e+06   4.7729492e+01
   5.2571650e+06   4.3884277e+01
   5.3194670e+06   4.7302246e+01
   5.3447900e+06   4.9194336e+01
   5.3552120e+06   4.5227051e+01
   5.3553480e+06   4.2175293e+01
   5.3554410e+06   9.0393066e+01
   5.3554780e+06   9.6374512e+01
   5.3555280e+06   5.0354004e+01
   5.3555440e+06   4.9194336e+01
   5.3555620e+06   4.7058105e+01
   5.3556150e+06   5.2429199e+01
   5.3556830e+06   4.6081543e+01
   5.3557590e+06   6.3232422e+01
   5.3557710e+06   5.2001953e+01
   5.3558760e+06   7.5622559e+01
   5.3559730e+06   5.0842285e+01
   5.3560810e+06   4.8400879e+01
   5.3561960e+06   6.1096191e+01
   5.3563320e+06   4.4128418e+01
   5.3564840e+06   5.2429199e+01
   5.3566310e+06   5.9265137e+01
   5.3568610e+06   5.8105469e+01
   5.3570660e+06   5.6152344e+01
   5.3654590e+06   5.2062988e+01
   5.3659000e+06   9.3139648e+01
   5.3659740e+06   4.3090820e+01
   5.3660640e+06   1.0266113e+02
   5.3661340e+06   7.1472168e+01
   5.3662100e+06   5.7434082e+01
   5.3663020e+06   4.4982910e+01
   5.3663790e+06   4.4067383e+01
   5.3664540e+06   4.3212891e+01
   5.3667000e+06   4.9255371e+01
   5.3667490e+06   4.2358398e+01
   5.3668500e+06   7.6110840e+01
   5.3668730e+06   4.4250488e+01
   5.3670000e+06   4.5288086e+01
   5.3672970e+06   4.4311523e+01
   5.3675480e+06   5.2307129e+01
   5.3677740e+06   4.7058105e+01
   5.4379260e+06   5.0292969e+01
   5.4404310e+06   4.5349121e+01
   5.6056780e+06   4.4006348e+01
   5.6155540e+06   5.3039551e+01
   5.6175560e+06   4.3395996e+01
   5.6323840e+06   4.4372559e+01
   5.6324490e+06   4.8095703e+01
   5.6325740e+06   4.5654297e+01
   5.6330040e+06   4.4677734e+01
   5.6577990e+06   4.7668457e+01
   5.6787940e+06   4.8828125e+01
   5.7880960e+06   5.1452637e+01
   5.8127680e+06   4.3701172e+01
   5.8402150e+06   4.4799805e+01
   5.9069750e+06   4.4250488e+01
   5.9076940e+06   4.3029785e+01
   5.9509370e+06   4.6081543e+01
   5.9866750e+06   4.3395996e+01
   5.9867020e+06   6.4270020e+01
   5.9867230e+06   4.9133301e+01
   5.9867540e+06   4.7058105e+01
   5.9867850e+06   4.3823242e+01
   5.9868170e+06   5.6518555e+01
   5.9868590e+06   5.9020996e+01
   5.9868890e+06   5.3955078e+01
   5.9869250e+06   5.7312012e+01
   5.9869920e+06   4.2846680e+01
   5.9870110e+06   4.3823242e+01
   5.9870390e+06   4.4677734e+01
   5.9870500e+06   6.5734863e+01
   5.9871070e+06   5.8105469e+01
   5.9873290e+06   4.9743652e+01
   5.9874150e+06   4.7058105e+01
   5.9874520e+06   5.4016113e+01
   5.9875750e+06   5.6396484e+01
   5.9877200e+06   4.2419434e+01
   5.9878700e+06   6.2744141e+01
   5.9880370e+06   4.9926758e+01
   5.9882260e+06   5.2612305e+01
   5.9884350e+06   6.1828613e+01
   5.9888280e+06   5.8105469e+01
   5.9974150e+06   4.8950195e+01
   5.9976110e+06   4.8706055e+01
   5.9976890e+06   9.5458984e+01
   5.9977530e+06   6.0913086e+01
   5.9977870e+06   5.3344727e+01
   5.9978140e+06   9.1857910e+01
   5.9978730e+06   4.5166016e+01
   5.9978830e+06   5.5725098e+01
   5.9979140e+06   4.5715332e+01
   5.9979340e+06   5.8837891e+01
   5.9979780e+06   4.3762207e+01
   5.9980540e+06   4.2846680e+01
   5.9981340e+06   4.8217773e+01
   5.9982110e+06   4.6264648e+01
   5.9984620e+06   5.0903320e+01
   5.9986630e+06   4.5104980e+01
   5.9988750e+06   5.9082031e+01
   5.9988890e+06   4.4677734e+01
   5.9991820e+06   4.8278809e+01
   5.9995550e+06   4.3212891e+01
   5.9995960e+06   4.2846680e+01
   6.0003020e+06   4.4311523e+01
   6.0140970e+06   6.6772461e+01
   6.0141280e+06   4.5166016e+01
   6.1506080e+06   4.2968750e+01
   6.1507570e+06   4.4677734e+01
   6.1508780e+06   4.4494629e+01
   6.1508980e+06   1.0833740e+02
   6.1509260e+06   5.9570312e+01
   6.1509400e+06   5.1208496e+01
   6.1509530e+06   5.1574707e+01
   6.1509710e+06   4.4067383e+01
   6.1510000e+06   5.6152344e+01
   6.1510560e+06   4.7607422e+01
   6.1510960e+06   5.0781250e+01
   6.1511220e+06   4.8156738e+01
   6.1511680e+06   5.7434082e+01
   6.1512410e+06   6.0485840e+01
   6.1512690e+06   4.3823242e+01
   6.1512830e+06   4.2663574e+01
   6.1513790e+06   6.3171387e+01
   6.1515040e+06   5.1574707e+01
   6.1516330e+06   4.7668457e+01
   6.1517870e+06   4.9743652e+01
   6.1519380e+06   5.3771973e+01
   6.1520900e+06   4.4433594e+01
   6.1522770e+06   4.4494629e+01
   6.1524490e+06   4.4616699e+01
   6.1526450e+06   5.6457520e+01
   6.1691970e+06   4.8767090e+01
   6.1692070e+06   4.4372559e+01
   6.1694040e+06   5.4443359e+01
   6.2026590e+06   4.9255371e+01
   6.2026990e+06   4.5288086e+01
   6.2047790e+06   4.5532227e+01
   6.2344530e+06   4.4860840e+01
   6.2359990e+06   4.6875000e+01
   6.2671520e+06   4.3701172e+01
   6.3126110e+06   4.5471191e+01
   6.3757970e+06   4.3762207e+01
   6.4026920e+06   4.4921875e+01
   6.4445250e+06   1.0076904e+02
   6.4445370e+06   5.2307129e+01
   6.4445810e+06   4.6447754e+01
   6.4446030e+06   6.4270020e+01
   6.4446140e+06   4.7546387e+01
   6.4446380e+06   4.9194336e+01
   6.4446700e+06   5.3894043e+01
   6.4447090e+06   4.6081543e+01
   6.4447360e+06   4.4128418e+01
   6.4447500e+06   4.5471191e+01
   6.4449060e+06   6.0119629e+01
   6.4450030e+06   4.5166016e+01
   6.4451110e+06   4.2846680e+01
   6.4452210e+06   5.9326172e+01
   6.4453520e+06   5.8044434e+01
   6.4454930e+06   5.7800293e+01
   6.4456430e+06   4.2480469e+01
   6.4457980e+06   4.8095703e+01
   6.4459920e+06   4.2968750e+01
   6.4462220e+06   4.9499512e+01
   6.4651880e+06   4.3579102e+01
   6.4660890e+06   4.3945312e+01
   6.4692520e+06   4.2846680e+01
   6.5588750e+06   4.7241211e+01
   6.5620610e+06   4.3762207e+01
   6.5879370e+06   4.2907715e+01
   6.6099770e+06   4.3334961e+01
   6.6131040e+06   5.0415039e+01
   6.6817070e+06   4.4616699e+01
   6.7925130e+06   4.4067383e+01
   6.8111830e+06   1.1193848e+02
   6.8112000e+06   6.4880371e+01
   6.8112160e+06   5.0048828e+01
   6.8112350e+06   4.8278809e+01
   6.8112560e+06   4.6142578e+01
   6.8112660e+06   4.6386719e+01
   6.8112890e+06   4.7607422e+01
   6.8113170e+06   4.3029785e+01
   6.8113330e+06   4.8522949e+01
   6.8113510e+06   4.3212891e+01
   6.8114140e+06   6.7443848e+01
   6.8114530e+06   5.1208496e+01
   6.8114780e+06   4.6630859e+01
   6.8115430e+06   4.6386719e+01
   6.8116450e+06   6.2438965e+01
   6.8117550e+06   6.5307617e+01
   6.8118610e+06   4.3884277e+01
   6.8119800e+06   6.2744141e+01
   6.8121370e+06   4.5959473e+01
   6.8122870e+06   6.1523438e+01
   6.8124640e+06   5.3833008e+01
   6.8126790e+06   4.8583984e+01
   6.8128840e+06   5.5908203e+01
   6.8211510e+06   4.4555664e+01
   6.8212760e+06   4.5349121e+01
   6.8213290e+06   4.7363281e+01
   6.8222320e+06   4.3823242e+01
   6.8399300e+06   5.2917480e+01
   6.8997570e+06   4.5043945e+01
   6.9002600e+06   4.6142578e+01
   6.9539450e+06   5.4199219e+01
   6.9566450e+06   4.6386719e+01
   6.9568040e+06   4.4250488e+01
   6.9570360e+06   5.3283691e+01
   6.9570610e+06   9.6496582e+01
   6.9570730e+06   4.8522949e+01
   6.9571010e+06   6.7810059e+01
   6.9571220e+06   4.7058105e+01
   6.9571470e+06   7.2326660e+01
   6.9572010e+06   4.5593262e+01
   6.9572180e+06   4.8217773e+01
   6.9572870e+06   4.2602539e+01
   6.9573880e+06   5.3161621e+01
   6.9574670e+06   5.5236816e+01
   6.9575220e+06   6.5673828e+01
   6.9575680e+06   4.6630859e+01
   6.9575840e+06   5.8288574e+01
   6.9576960e+06   5.8532715e+01
   6.9577390e+06   7.0068359e+01
   6.9578290e+06   6.1523438e+01
   6.9578960e+06   5.4992676e+01
   6.9579650e+06   4.2602539e+01
   6.9581110e+06   5.2856445e+01
   6.9583050e+06   4.7363281e+01
   6.9584780e+06   5.5786133e+01
   6.9586440e+06   4.6997070e+01
   6.9588500e+06   5.0781250e+01
   6.9590810e+06   4.8095703e+01
   6.9724880e+06   5.9570312e+01
   6.9725670e+06   4.5654297e+01
   6.9728620e+06   5.8105469e+01
   6.9728830e+06   4.9194336e+01
   6.9729170e+06   5.4992676e+01
   6.9729470e+06   4.8156738e+01
   6.9729800e+06   5.6579590e+01
   6.9729920e+06   4.8461914e+01
   6.9730230e+06   5.5297852e+01
   6.9730350e+06   6.5368652e+01
   6.9730690e+06   4.8461914e+01
   6.9731270e+06   4.6020508e+01
   6.9731370e+06   4.3640137e+01
   6.9732170e+06   4.4433594e+01
   6.9733180e+06   5.2978516e+01
   6.9734020e+06   4.5043945e+01
   6.9734980e+06   4.8767090e+01
   6.9737150e+06   4.4433594e+01
   6.9737830e+06   5.8471680e+01
   6.9739200e+06   4.8156738e+01
   6.9740690e+06   4.4616699e+01
   6.9740990e+06   4.7302246e+01
   6.9742260e+06   4.8889160e+01
   6.9742460e+06   4.3518066e+01
   6.9743460e+06   5.0964355e+01
   6.9745170e+06   6.4819336e+01
   6.9745910e+06   4.7180176e+01
   7.1005960e+06   4.4677734e+01
   7.1957040e+06   4.2663574e+01
   7.2279500e+06   4.5593262e+01
   7.2608150e+06   4.6020508e+01
   7.2674820e+06   4.5593262e+01
   7.2974850e+06   4.4982910e+01
   7.3274500e+06   4.4555664e+01
   7.3275440e+06   4.4921875e+01
   7.3277750e+06   4.3273926e+01
   7.3278260e+06   5.5114746e+01
   7.3279030e+06   4.7363281e+01
   7.3279370e+06   1.0406494e+02
   7.3279750e+06   9.4970703e+01
   7.3280230e+06   4.9255371e+01
   7.3280370e+06   4.3762207e+01
   7.3280690e+06   4.6875000e+01
   7.3280900e+06   4.7668457e+01
   7.3281040e+06   4.3273926e+01
   7.3282060e+06   5.3649902e+01
   7.3282680e+06   5.5297852e+01
   7.3282780e+06   4.4738770e+01
   7.3283720e+06   4.5410156e+01
   7.3284690e+06   4.6569824e+01
   7.3285820e+06   5.2978516e+01
   7.3286910e+06   5.5603027e+01
   7.3288040e+06   4.5166016e+01
   7.3288160e+06   4.7058105e+01
   7.3289580e+06   5.0292969e+01
   7.3291110e+06   5.5786133e+01
   7.3292830e+06   4.3212891e+01
   7.3294720e+06   4.8950195e+01
   7.3297370e+06   5.2917480e+01
   7.3390410e+06   5.2429199e+01
   7.3392380e+06   4.4494629e+01
   7.3392990e+06   9.3505859e+01
   7.3393710e+06   5.8227539e+01
   7.3394060e+06   4.6386719e+01
   7.3394310e+06   6.8481445e+01
   7.3394560e+06   4.3579102e+01
   7.3394760e+06   4.6752930e+01
   7.3395620e+06   4.6203613e+01
   7.3395760e+06   5.6640625e+01
   7.3396530e+06   4.6142578e+01
   7.3397660e+06   4.4433594e+01
   7.3399550e+06   5.4992676e+01
   7.3401700e+06   4.3273926e+01
   7.3402610e+06   4.2907715e+01
   7.3405070e+06   4.2480469e+01
   7.3406410e+06   4.8156738e+01
   7.3407600e+06   6.6467285e+01
   7.3409430e+06   4.2846680e+01
   7.3636200e+06   4.3579102e+01
   7.3640050e+06   4.6325684e+01
   7.3643310e+06   4.6447754e+01
   7.3649260e+06   5.1818848e+01
   7.3650710e+06   4.5837402e+01
   7.3652040e+06   6.0852051e+01
   7.4714200e+06   4.6813965e+01
   7.4732540e+06   5.0476074e+01
   7.4733500e+06   4.3945312e+01
   7.4737760e+06   4.6447754e+01
   7.4738950e+06   4.3701172e+01
   7.4739660e+06   1.1169434e+02
   7.4739930e+06   5.1086426e+01
   7.4740090e+06   7.6538086e+01
   7.4740500e+06   5.9631348e+01
   7.4741130e+06   5.5664062e+01
   7.4741910e+06   4.5166016e+01
   7.4743380e+06   4.9438477e+01
   7.4743760e+06   4.5104980e+01
   7.4744070e+06   6.4392090e+01
   7.4745120e+06   5.3955078e+01
   7.4746350e+06   5.4321289e+01
   7.4747560e+06   5.1818848e+01
   7.4748880e+06   5.4016113e+01
   7.4750530e+06   5.9570312e+01
   7.4752220e+06   6.9152832e+01
   7.4753930e+06   5.0109863e+01
   7.4755880e+06   5.6030273e+01
   7.4758510e+06   4.2907715e+01
   7.5731300e+06   4.5166016e+01
   7.6123950e+06   4.3579102e+01
   7.6313350e+06   4.4250488e+01
   7.6621880e+06   4.7668457e+01
   7.6630560e+06   4.5227051e+01
   7.7491890e+06   4.3029785e+01
   7.7496690e+06   4.4006348e+01
   7.7497130e+06   4.3273926e+01
   7.7498320e+06   4.3701172e+01
   7.8264730e+06   4.3457031e+01
   7.8264830e+06   1.2005615e+02
   7.8265210e+06   6.5979004e+01
   7.8265310e+06   4.6142578e+01
   7.8265510e+06   5.1635742e+01
   7.8266010e+06   5.1208496e+01
   7.8266280e+06   6.7138672e+01
   7.8266400e+06   4.9072266e+01
   7.8267260e+06   5.8227539e+01
   7.8267480e+06   5.7983398e+01
   7.8268410e+06   5.5236816e+01
   7.8268860e+06   4.5043945e+01
   7.8269260e+06   4.4372559e+01
   7.8269450e+06   4.4372559e+01
   7.8270490e+06   5.2917480e+01
   7.8270730e+06   8.1176758e+01
   7.8271080e+06   4.2785645e+01
   7.8271650e+06   6.6345215e+01
   7.8272840e+06   5.2307129e+01
   7.8274060e+06   5.9814453e+01
   7.8276790e+06   5.4199219e+01
   7.8278650e+06   5.7067871e+01
   7.8281300e+06   6.3354492e+01
   7.8452690e+06   5.2551270e+01
   7.8457150e+06   4.8095703e+01
   7.9044100e+06   4.7851562e+01
   7.9045380e+06   4.2663574e+01
   7.9518250e+06   4.5349121e+01
   7.9518600e+06   4.7546387e+01
   7.9548290e+06   4.5166016e+01
   7.9901820e+06   4.2846680e+01
   7.9909050e+06   4.4433594e+01
   8.0353450e+06   4.4067383e+01
   8.1251600e+06   4.4433594e+01
   8.2787010e+06   1.0046387e+02
   8.2801840e+06   4.2724609e+01
   8.3782260e+06   4.6264648e+01
   8.4572460e+06   4.5227051e+01
   8.6762050e+06   4.3945312e+01
   8.7424930e+06   4.2785645e+01
   8.7429170e+06   4.2602539e+01
   8.7439150e+06   4.2663574e+01
   8.8091000e+06   6.9885254e+01
   8.8091140e+06   5.9020996e+01
   8.8091350e+06   5.3649902e+01
   8.8091500e+06   4.2480469e+01
   8.8091740e+06   6.1767578e+01
   8.8092010e+06   4.3701172e+01
   8.8092170e+06   5.8654785e+01
   8.8092860e+06   5.3771973e+01
   8.8093280e+06   4.2663574e+01
   8.8093400e+06   4.2480469e+01
   8.8093590e+06   7.7392578e+01
   8.8094450e+06   6.6345215e+01
   8.8095350e+06   4.5715332e+01
   8.8096130e+06   7.8735352e+01
   8.8096330e+06   6.9519043e+01
   8.8097460e+06   4.3640137e+01
   8.8098580e+06   4.4250488e+01
   8.8099640e+06   4.8889160e+01
   8.8100150e+06   4.4494629e+01
   8.8101010e+06   4.6875000e+01
   8.8102260e+06   5.2551270e+01
   8.8103810e+06   4.6997070e+01
   8.8106820e+06   4.6325684e+01
   8.8108440e+06   5.8105469e+01
   8.8215210e+06   4.7607422e+01
   8.8215950e+06   4.5410156e+01
   8.8216280e+06   4.3334961e+01
   8.8216800e+06   4.3273926e+01
   8.8217820e+06   4.2602539e+01
   8.8218350e+06   1.1071777e+02
   8.8219020e+06   7.6721191e+01
   8.8219200e+06   4.6630859e+01
   8.8219390e+06   7.7148438e+01
   8.8219540e+06   4.5471191e+01
   8.8219750e+06   4.5227051e+01
   8.8219940e+06   6.8603516e+01
   8.8220450e+06   6.0058594e+01
   8.8220780e+06   4.3212891e+01
   8.8221010e+06   5.8532715e+01
   8.8222480e+06   4.5410156e+01
   8.8223270e+06   4.3395996e+01
   8.8224400e+06   4.2968750e+01
   8.8225500e+06   4.6325684e+01
   8.8226080e+06   7.4035645e+01
   8.8226750e+06   4.3457031e+01
   8.8229430e+06   4.3762207e+01
   8.8230970e+06   4.7790527e+01
   8.8232740e+06   4.6630859e+01
   8.8234020e+06   5.3100586e+01
   8.8234200e+06   4.7851562e+01
   8.8235530e+06   4.7363281e+01
   8.8237280e+06   4.7363281e+01
   8.8327620e+06   5.8715820e+01
   8.8328460e+06   4.4067383e+01
   8.8328730e+06   9.1491699e+01
   8.8329130e+06   7.6721191e+01
   8.8329360e+06   5.5725098e+01
   8.8329690e+06   4.7546387e+01
   8.8329840e+06   4.7241211e+01
   8.8330030e+06   4.4799805e+01
   8.8331440e+06   4.4555664e+01
   8.8331870e+06   4.9865723e+01
   8.8332120e+06   4.6813965e+01
   8.8332670e+06   4.7668457e+01
   8.8332810e+06   4.6203613e+01
   8.8333270e+06   4.3518066e+01
   8.8335980e+06   4.5166016e+01
   8.8336240e+06   4.6997070e+01
   8.8336660e+06   4.4494629e+01
   8.8338830e+06   4.6630859e+01
   8.8340950e+06   4.4982910e+01
   8.8342670e+06   5.0781250e+01
   8.8347530e+06   4.5776367e+01
   8.8350360e+06   4.8583984e+01
   8.9324900e+06   5.2062988e+01
   8.9327000e+06   4.8400879e+01
   8.9328440e+06   7.1838379e+01
   8.9329190e+06   5.2001953e+01
   8.9329590e+06   4.6081543e+01
   8.9330050e+06   4.6325684e+01
   8.9330150e+06   5.3283691e+01
   8.9330290e+06   4.3762207e+01
   8.9330530e+06   6.1462402e+01
   8.9330770e+06   5.0354004e+01
   8.9330950e+06   4.7058105e+01
   8.9331220e+06   5.9509277e+01
   8.9331490e+06   4.6203613e+01
   8.9331980e+06   4.3273926e+01
   8.9332200e+06   4.8828125e+01
   8.9332480e+06   5.1513672e+01
   8.9332750e+06   4.3029785e+01
   8.9332960e+06   4.3884277e+01
   8.9333950e+06   5.2185059e+01
   8.9334600e+06   4.8645020e+01
   8.9334910e+06   4.7851563e+01
   8.9335160e+06   4.6997070e+01
   8.9335750e+06   4.4128418e+01
   8.9336960e+06   5.2795410e+01
   8.9337250e+06   4.9255371e+01
   8.9339100e+06   5.0109863e+01
   8.9339290e+06   5.8227539e+01
   8.9340730e+06   5.0598145e+01
   8.9342330e+06   6.4453125e+01
   8.9343960e+06   4.4006348e+01
   8.9345640e+06   5.7312012e+01
   8.9836120e+06   5.2490234e+01
   8.9837260e+06   4.4128418e+01
   8.9838480e+06   1.0437012e+02
   8.9839320e+06   8.6669922e+01
   8.9839910e+06   6.1584473e+01
   8.9840160e+06   6.5673828e+01
   8.9840300e+06   5.7250977e+01
   8.9840580e+06   4.8889160e+01
   8.9840870e+06   5.1879883e+01
   8.9841040e+06   4.3395996e+01
   8.9841150e+06   4.2602539e+01
   8.9841380e+06   5.5480957e+01
   8.9841870e+06   4.5959473e+01
   8.9842660e+06   4.4189453e+01
   8.9843540e+06   4.2602539e+01
   8.9843740e+06   6.2377930e+01
   8.9844300e+06   5.6152344e+01
   8.9844870e+06   5.6945801e+01
   8.9845130e+06   5.7617188e+01
   8.9845940e+06   4.4982910e+01
   8.9847130e+06   5.4321289e+01
   8.9848380e+06   6.7871094e+01
   8.9848570e+06   4.4738770e+01
   8.9849900e+06   5.0476074e+01
   8.9851290e+06   4.8522949e+01
   8.9856330e+06   5.1635742e+01
   8.9858540e+06   5.3649902e+01
   8.9999720e+06   4.3090820e+01
   9.0000290e+06   4.3212891e+01
   9.0000660e+06   9.2895508e+01
   9.0001110e+06   6.0546875e+01
   9.0001400e+06   7.5134277e+01
   9.0001570e+06   5.2124023e+01
   9.0002110e+06   4.9377441e+01
   9.0002770e+06   4.7973633e+01
   9.0002940e+06   4.3029785e+01
   9.0003900e+06   4.6630859e+01
   9.0005070e+06   4.2358398e+01
   9.0005420e+06   4.4860840e+01
   9.0005960e+06   5.6030273e+01
   9.0006580e+06   4.9316406e+01
   9.0006870e+06   4.3090820e+01
   9.0007080e+06   5.1330566e+01
   9.0007820e+06   5.6762695e+01
   9.0008830e+06   5.1574707e+01
   9.0009170e+06   4.2480469e+01
   9.0009900e+06   5.5419922e+01
   9.0010640e+06   4.3884277e+01
   9.0011440e+06   5.0781250e+01
   9.0012350e+06   4.8583984e+01
   9.0014710e+06   4.4067383e+01
   9.0015350e+06   6.1096191e+01
   9.0016800e+06   5.2917480e+01
   9.0599620e+06   4.8278809e+01
   9.0600670e+06   4.3823242e+01
   9.0601390e+06   1.1578369e+02
   9.0601850e+06   5.5969238e+01
   9.0602170e+06   5.3955078e+01
   9.0602350e+06   7.4218750e+01
   9.0602510e+06   5.9265137e+01
   9.0602640e+06   6.1096191e+01
   9.0603090e+06   5.4138184e+01
   9.0603410e+06   4.8156738e+01
   9.0603760e+06   5.6884766e+01
   9.0604530e+06   5.1391602e+01
   9.0605820e+06   5.9020996e+01
   9.0606280e+06   4.8706055e+01
   9.0608010e+06   4.3823242e+01
   9.0608910e+06   4.8156738e+01
   9.0610560e+06   5.8837891e+01
   9.0611010e+06   6.5490723e+01
   9.0611850e+06   4.3884277e+01
   9.0614010e+06   4.3640137e+01
   9.0619190e+06   5.4199219e+01
   9.1076220e+06   4.5104980e+01
   9.1077530e+06   9.6984863e+01
   9.1078070e+06   8.0993652e+01
   9.1078350e+06   4.4494629e+01
   9.1078540e+06   5.4138184e+01
   9.1078700e+06   4.8217773e+01
   9.1079050e+06   4.2297363e+01
   9.1079160e+06   5.2368164e+01
   9.1079550e+06   4.3945312e+01
   9.1079950e+06   4.6081543e+01
   9.1080170e+06   5.2612305e+01
   9.1081120e+06   4.5471191e+01
   9.1081390e+06   5.0720215e+01
   9.1081620e+06   4.5593262e+01
   9.1082150e+06   4.8034668e+01
   9.1082350e+06   5.7922363e+01
   9.1083510e+06   4.3212891e+01
   9.1084020e+06   6.4025879e+01
   9.1084780e+06   4.9133301e+01
   9.1085390e+06   5.6030273e+01
   9.1086050e+06   4.6264648e+01
   9.1087470e+06   4.4677734e+01
   9.1089030e+06   4.4433594e+01
   9.1090610e+06   5.6396484e+01
   9.1092320e+06   4.3945312e+01
   9.1094770e+06   5.0231934e+01
   9.1096930e+06   4.4006348e+01
   9.1617830e+06   4.3579102e+01
   9.1619370e+06   1.1389160e+02
   9.1620130e+06   8.0688477e+01
   9.1620750e+06   6.1767578e+01
   9.1620850e+06   5.8227539e+01
   9.1621160e+06   5.5358887e+01
   9.1621310e+06   5.5297852e+01
   9.1621530e+06   4.2602539e+01
   9.1621760e+06   4.3579102e+01
   9.1621970e+06   4.6875000e+01
   9.1622340e+06   4.8645020e+01
   9.1622790e+06   4.2968750e+01
   9.1623920e+06   4.7180176e+01
   9.1624530e+06   5.1330566e+01
   9.1626190e+06   4.4982910e+01
   9.1627050e+06   5.2551270e+01
   9.1627490e+06   5.6152344e+01
   9.1628230e+06   5.5175781e+01
   9.1629770e+06   5.6274414e+01
   9.1631360e+06   4.4677734e+01
   9.1633010e+06   4.2724609e+01
   9.1634760e+06   5.5908203e+01
   9.1637100e+06   5.0598145e+01
   9.2134500e+06   8.4777832e+01
   9.2135100e+06   7.6843262e+01
   9.2135300e+06   4.6325684e+01
   9.2135590e+06   6.0241699e+01
   9.2135810e+06   4.7058105e+01
   9.2136330e+06   4.4738770e+01
   9.2136610e+06   4.9865723e+01
   9.2136850e+06   6.9763184e+01
   9.2137020e+06   4.9377441e+01
   9.2137560e+06   4.6081543e+01
   9.2139050e+06   4.6447754e+01
   9.2139780e+06   5.3771973e+01
   9.2140450e+06   7.4951172e+01
   9.2140730e+06   4.2358398e+01
   9.2142890e+06   4.5959473e+01
   9.2143770e+06   5.5541992e+01
   9.2146090e+06   4.4982910e+01
   9.2149610e+06   5.6152344e+01
   9.2151420e+06   4.3945312e+01
   9.2153880e+06   5.6030273e+01
   9.2683100e+06   4.3090820e+01
   9.2980890e+06   4.3151855e+01
   9.3503380e+06   4.2724609e+01
   9.3779520e+06   4.5898438e+01
   9.4326480e+06   4.3395996e+01
   9.4584800e+06   4.4738770e+01
   9.4592150e+06   4.5776367e+01
   9.5096390e+06   4.9133301e+01
   9.5101570e+06   4.6386719e+01
   9.5104000e+06   4.7607422e+01
   9.5780880e+06   5.1086426e+01
   9.7121060e+06   4.6325684e+01
   9.7379710e+06   4.5043945e+01
   9.7568530e+06   4.5959473e+01
   9.7804100e+06   4.6630859e+01
   9.8087950e+06   4.8217773e+01
   9.8572960e+06   4.6264648e+01
   9.8577830e+06   4.3579102e+01
   9.9295640e+06   4.9377441e+01
   1.0029016e+07   1.4019775e+02
   1.0029045e+07   7.1533203e+01
   1.0029065e+07   5.0109863e+01
   1.0029095e+07   6.4758301e+01
   1.0029106e+07   4.9438477e+01
   1.0029141e+07   4.4860840e+01
   1.0029188e+07   4.9011230e+01
   1.0029212e+07   4.2907715e+01
   1.0029225e+07   4.2541504e+01
   1.0029287e+07   4.5654297e+01
   1.0029336e+07   4.5593262e+01
   1.0029473e+07   4.9499512e+01
   1.0029518e+07   5.6213379e+01
   1.0029614e+07   6.3903809e+01
   1.0029740e+07   6.7749023e+01
   1.0029974e+07   5.2185059e+01
   1.0030114e+07   6.2194824e+01
   1.0030258e+07   4.4555664e+01
   1.0030437e+07   4.7363281e+01
   1.0030656e+07   4.9438477e+01
   1.0030867e+07   6.4392090e+01
   1.0031070e+07   5.5786133e+01
   1.0041528e+07   4.9987793e+01
   1.0041868e+07   5.8532715e+01
   1.0042222e+07   4.6936035e+01
   1.0042555e+07   4.6752930e+01
   1.0051464e+07   4.3457031e+01
   1.0052001e+07   4.4006348e+01
   1.0107870e+07   4.3395996e+01
   1.0110088e+07   4.6203613e+01
   1.0110584e+07   4.3273926e+01
   1.0200685e+07   4.9072266e+01
   1.0200874e+07   4.6936035e+01
   1.0201359e+07   5.0659180e+01
   1.0201396e+07   4.4067383e+01
   1.0301842e+07   5.1513672e+01
   1.0391102e+07   6.4392090e+01
   1.0391127e+07   4.2968750e+01
   1.0391138e+07   4.3457031e+01
   1.0391150e+07   4.9499512e+01
   1.0391175e+07   5.5603027e+01
   1.0391197e+07   6.3720703e+01
   1.0391207e+07   4.6203613e+01
   1.0391217e+07   6.9458008e+01
   1.0391316e+07   4.3090820e+01
   1.0391379e+07   5.3283691e+01
   1.0391437e+07   4.3945312e+01
   1.0391469e+07   4.5776367e+01
   1.0391513e+07   7.4768066e+01
   1.0391564e+07   5.2734375e+01
   1.0391608e+07   4.4250488e+01
   1.0391660e+07   5.4138184e+01
   1.0391755e+07   5.1635742e+01
   1.0391864e+07   5.5236816e+01
   1.0392124e+07   4.4128418e+01
   1.0392268e+07   6.4331055e+01
   1.0392433e+07   5.2062988e+01
   1.0392614e+07   4.5166016e+01
   1.0392793e+07   5.4626465e+01
   1.0392980e+07   5.5358887e+01
   1.0393182e+07   4.5532227e+01
   1.0404710e+07   9.6923828e+01
   1.0404736e+07   4.4006348e+01
   1.0404759e+07   6.2133789e+01
   1.0404794e+07   5.3344727e+01
   1.0404821e+07   7.1655273e+01
   1.0404833e+07   6.5795898e+01
   1.0404878e+07   4.4067383e+01
   1.0404895e+07   4.9255371e+01
   1.0404998e+07   4.5349121e+01
   1.0405138e+07   5.0231934e+01
   1.0405192e+07   4.4067383e+01
   1.0405284e+07   5.0903320e+01
   1.0405450e+07   6.1523438e+01
   1.0405536e+07   4.9926758e+01
   1.0405574e+07   4.7912598e+01
   1.0405607e+07   4.2297363e+01
   1.0405718e+07   5.5847168e+01
   1.0405832e+07   4.2785645e+01
   1.0405871e+07   6.0119629e+01
   1.0406017e+07   5.9082031e+01
   1.0406153e+07   4.5959473e+01
   1.0406358e+07   5.9143066e+01
   1.0406651e+07   5.4260254e+01
   1.0406842e+07   4.3762207e+01
   1.0407063e+07   4.8095703e+01
   1.0407330e+07   4.9499512e+01
   1.0426874e+07   4.7973633e+01
   1.0426919e+07   7.8674316e+01
   1.0426982e+07   6.1889648e+01
   1.0426997e+07   4.3884277e+01
   1.0427014e+07   7.0007324e+01
   1.0427037e+07   4.2358398e+01
   1.0427072e+07   5.1086426e+01
   1.0427091e+07   5.5908203e+01
   1.0427110e+07   4.5898438e+01
   1.0427128e+07   4.8828125e+01
   1.0427167e+07   4.3334961e+01
   1.0427241e+07   4.4189453e+01
   1.0427308e+07   4.9743652e+01
   1.0427388e+07   4.6142578e+01
   1.0427474e+07   4.7424316e+01
   1.0427490e+07   4.4433594e+01
   1.0427613e+07   5.6457520e+01
   1.0427670e+07   4.3579102e+01
   1.0427733e+07   5.0842285e+01
   1.0427764e+07   4.5471191e+01
   1.0427876e+07   5.0781250e+01
   1.0427984e+07   5.3161621e+01
   1.0428141e+07   4.2358398e+01
   1.0428284e+07   4.4555664e+01
   1.0428613e+07   5.2917480e+01
   1.0428789e+07   4.4494629e+01
   1.0429011e+07   4.7790527e+01
   1.0502032e+07   5.3710938e+01
   1.0502444e+07   4.6936035e+01
   1.0532828e+07   4.6752930e+01
   1.0563560e+07   4.2907715e+01
   1.0563967e+07   4.4494629e+01
   1.0564530e+07   4.9682617e+01
   1.0671169e+07   4.4738770e+01
   1.0723153e+07   4.2907715e+01
   1.0764632e+07   5.4931641e+01
   1.0815490e+07   4.2785645e+01
   1.0840647e+07   4.7607422e+01
   1.0887543e+07   4.8034668e+01
   1.0888098e+07   4.5288086e+01
   1.0891547e+07   4.3518066e+01
   1.0919463e+07   4.2968750e+01
   1.0954557e+07   4.5410156e+01
   1.1016738e+07   4.5593262e+01
   1.1038958e+07   4.7241211e+01
   1.1053743e+07   4.5288086e+01
   1.1054548e+07   4.9072266e+01
   1.1054611e+07   4.3640137e+01
   1.1055833e+07   4.5593262e+01
   1.1056448e+07   4.8156738e+01
   1.1105919e+07   9.9182129e+01
   1.1105956e+07   8.4655762e+01
   1.1105967e+07   6.0852051e+01
   1.1106008e+07   5.5114746e+01
   1.1106046e+07   7.0129395e+01
   1.1106062e+07   5.0231934e+01
   1.1106096e+07   4.6386719e+01
   1.1106125e+07   5.1147461e+01
   1.1106147e+07   4.7302246e+01
   1.1106175e+07   6.8237305e+01
   1.1106189e+07   4.7973633e+01
   1.1106252e+07   5.0415039e+01
   1.1106297e+07   8.1115723e+01
   1.1106321e+07   4.3640137e+01
   1.1106334e+07   6.4697266e+01
   1.1106429e+07   6.5917969e+01
   1.1106467e+07   7.7026367e+01
   1.1106529e+07   5.8166504e+01
   1.1106642e+07   5.7495117e+01
   1.1106755e+07   6.3598633e+01
   1.1106868e+07   5.7128906e+01
   1.1106991e+07   5.8654785e+01
   1.1107164e+07   5.1940918e+01
   1.1107344e+07   5.9082031e+01
   1.1107527e+07   6.0852051e+01
   1.1120304e+07   4.6569824e+01
   1.1120318e+07   4.4372559e+01
   1.1120469e+07   4.2541504e+01
   1.1120682e+07   1.1322021e+02
   1.1120728e+07   7.2753906e+01
   1.1120745e+07   6.5124512e+01
   1.1120761e+07   4.6203613e+01
   1.1120833e+07   5.3710938e+01
   1.1120870e+07   4.9987793e+01
   1.1120912e+07   4.4250488e+01
   1.1120925e+07   4.8706055e+01
   1.1121028e+07   4.4372559e+01
   1.1121240e+07   4.3273926e+01
   1.1121269e+07   6.3354492e+01
   1.1121338e+07   4.3212891e+01
   1.1121488e+07   4.3945313e+01
   1.1121692e+07   5.3466797e+01
   1.1121874e+07   4.8828125e+01
   1.1121961e+07   4.4494629e+01
   1.1122040e+07   5.8715820e+01
   1.1122275e+07   7.6660156e+01
   1.1131852e+07   5.8288574e+01
   1.1131942e+07   9.5703125e+01
   1.1131979e+07   5.4382324e+01
   1.1131993e+07   1.0620117e+02
   1.1132030e+07   4.5227051e+01
   1.1132084e+07   5.7983398e+01
   1.1132113e+07   6.2683105e+01
   1.1132179e+07   4.8767090e+01
   1.1132309e+07   4.5715332e+01
   1.1132428e+07   5.1818848e+01
   1.1132453e+07   5.0598145e+01
   1.1132550e+07   4.5959473e+01
   1.1132683e+07   4.4982910e+01
   1.1132857e+07   4.5654297e+01
   1.1132871e+07   5.5847168e+01
   1.1132986e+07   5.1086426e+01
   1.1133161e+07   5.4931641e+01
   1.1316778e+07   4.3151855e+01
   1.1358981e+07   4.2419434e+01
   1.1444242e+07   4.3273926e+01
   1.1489654e+07   4.2541504e+01
   1.1489715e+07   4.5959473e+01
   1.1510484e+07   4.4921875e+01
   1.1540334e+07   4.6447754e+01
   1.1627960e+07   4.3334961e+01
   1.1654025e+07   4.5898438e+01
   1.1725499e+07   4.8645020e+01
   1.1765712e+07   1.1138916e+02
   1.1765738e+07   6.6223145e+01
   1.1765760e+07   5.0415039e+01
   1.1765784e+07   5.2612305e+01
   1.1765804e+07   5.6518555e+01
   1.1765830e+07   6.6040039e+01
   1.1765840e+07   4.4555664e+01
   1.1765869e+07   4.6203613e+01
   1.1765909e+07   4.8278809e+01
   1.1766001e+07   5.1452637e+01
   1.1766047e+07   4.3395996e+01
   1.1766080e+07   5.9997559e+01
   1.1766176e+07   4.5959473e+01
   1.1766279e+07   4.9682617e+01
   1.1766391e+07   6.3964844e+01
   1.1766501e+07   4.2602539e+01
   1.1766645e+07   6.2988281e+01
   1.1766767e+07   4.7546387e+01
   1.1766895e+07   4.4433594e+01
   1.1767041e+07   4.6508789e+01
   1.1767199e+07   6.0180664e+01
   1.1767382e+07   4.8767090e+01
   1.1767607e+07   5.5969238e+01
   1.1767811e+07   5.4016113e+01
   1.1778802e+07   4.4799805e+01
   1.1778825e+07   7.8735352e+01
   1.1778851e+07   4.3762207e+01
   1.1778881e+07   4.2907715e+01
   1.1778907e+07   7.2082520e+01
   1.1778950e+07   6.4331055e+01
   1.1778980e+07   6.1584473e+01
   1.1779003e+07   4.3334961e+01
   1.1779030e+07   5.0109863e+01
   1.1779174e+07   4.3945312e+01
   1.1779253e+07   4.5471191e+01
   1.1779271e+07   4.2541504e+01
   1.1779296e+07   4.3395996e+01
   1.1779330e+07   5.4992676e+01
   1.1779408e+07   4.2785645e+01
   1.1779462e+07   4.2724609e+01
   1.1779520e+07   4.9255371e+01
   1.1779600e+07   4.2297363e+01
   1.1779649e+07   4.9987793e+01
   1.1779752e+07   5.1940918e+01
   1.1779775e+07   5.8837891e+01
   1.1779847e+07   4.3640137e+01
   1.1779937e+07   4.3151855e+01
   1.1780070e+07   4.6508789e+01
   1.1780183e+07   5.3039551e+01
   1.1780311e+07   4.9682617e+01
   1.1780393e+07   5.0781250e+01
   1.1780737e+07   4.2358398e+01
   1.1780941e+07   4.8034668e+01
   1.1781171e+07   4.5593262e+01
   1.1781432e+07   5.1513672e+01
   1.1789206e+07   4.7241211e+01
   1.1789526e+07   5.0781250e+01
   1.1789673e+07   8.3801270e+01
   1.1789699e+07   7.3608398e+01
   1.1789717e+07   7.3547363e+01
   1.1789762e+07   6.0913086e+01
   1.1789779e+07   5.5603027e+01
   1.1789861e+07   4.4250488e+01
   1.1789909e+07   4.7790527e+01
   1.1789933e+07   4.9743652e+01
   1.1790012e+07   4.3273926e+01
   1.1790062e+07   5.0109863e+01
   1.1790242e+07   4.3823242e+01
   1.1790260e+07   4.4738770e+01
   1.1790327e+07   4.9133301e+01
   1.1790353e+07   5.1269531e+01
   1.1790456e+07   4.2419434e+01
   1.1790512e+07   5.9997559e+01
   1.1790541e+07   4.5837402e+01
   1.1790647e+07   4.2480469e+01
   1.1790684e+07   4.2358398e+01
   1.1790814e+07   4.8034668e+01
   1.1790877e+07   4.2968750e+01
   1.1923775e+07   4.7058105e+01
   1.1983449e+07   4.2846680e+01
