   1.1996000e+07   0.0000000e+00
   1.7815000e+04   1.3488770e+01
   1.9061000e+04   1.1535645e+01
   3.3606700e+05   1.0864258e+01
   1.7122980e+06   1.0681152e+01
   2.8701000e+06   1.0437012e+01
   2.8802210e+06   1.0864258e+01
   4.2503190e+06   1.0437012e+01
   5.2920610e+06   1.0559082e+01
   5.3441250e+06   1.1108398e+01
   5.6659400e+06   1.0925293e+01
   7.1291650e+06   1.0375977e+01
   7.1344560e+06   1.0498047e+01
   7.4594130e+06   1.0925293e+01
   7.6195070e+06   1.0620117e+01
   7.9934320e+06   1.0498047e+01
   9.1217350e+06   1.0559082e+01
   9.3899450e+06   1.0681152e+01
   9.8563670e+06   1.0559082e+01
   1.0492173e+07   1.1047363e+01
   1.0892542e+07   1.1352539e+01
   1.0937691e+07   1.0681152e+01
