   1.1996000e+07   0.0000000e+00
   5.6610000e+04   4.8522949e+01
   5.6635000e+04   4.2358398e+01
   5.6649000e+04   4.1503906e+01
   5.6690000e+04   4.1137695e+01
   5.6736000e+04   3.6499023e+01
   5.7070000e+04   4.6936035e+01
   5.7129000e+04   3.6499023e+01
   5.7199000e+04   3.9245605e+01
   5.7255000e+04   3.8085938e+01
   5.7527000e+04   4.1748047e+01
   5.7836000e+04   4.8522949e+01
   5.8605000e+04   3.8330078e+01
   5.8657000e+04   4.6997070e+01
   5.9748000e+04   3.7414551e+01
   6.0291000e+04   3.7902832e+01
   6.3268000e+04   3.7353516e+01
   2.6748700e+05   3.8269043e+01
   4.3230200e+05   3.7536621e+01
   4.3320600e+05   4.0649414e+01
   4.6627900e+05   3.9733887e+01
   5.1398500e+05   4.9194336e+01
   5.1401300e+05   3.8635254e+01
   5.1405200e+05   3.7902832e+01
   5.1409800e+05   4.1015625e+01
   5.1412500e+05   4.6447754e+01
   5.1417100e+05   4.5471191e+01
   5.1429900e+05   3.6865234e+01
   5.1442400e+05   3.9367676e+01
   5.1502200e+05   3.7597656e+01
   5.1522700e+05   3.6621094e+01
   5.1628700e+05   3.8391113e+01
   5.1890500e+05   3.7048340e+01
   5.2655000e+05   4.4128418e+01
   5.2661600e+05   4.1320801e+01
   5.2664900e+05   4.2114258e+01
   5.2667700e+05   4.6936035e+01
   5.2675900e+05   3.8452148e+01
   5.2682600e+05   3.7231445e+01
   5.2705200e+05   5.7739258e+01
   5.2711400e+05   3.7475586e+01
   5.2743600e+05   4.8095703e+01
   5.2757000e+05   3.7780762e+01
   5.2770800e+05   3.7902832e+01
   5.2834700e+05   3.6682129e+01
   5.2902600e+05   3.6804199e+01
   5.2915500e+05   4.1931152e+01
   5.2962500e+05   3.6865234e+01
   5.2971600e+05   3.8269043e+01
   5.3069200e+05   4.0405273e+01
   5.3156700e+05   3.8024902e+01
   5.3271600e+05   3.7048340e+01
   8.5163400e+05   4.9621582e+01
   9.0247700e+05   3.7963867e+01
   9.9418600e+05   4.8461914e+01
   9.9420200e+05   5.8898926e+01
   9.9426000e+05   3.9001465e+01
   9.9431400e+05   3.7719727e+01
   9.9450700e+05   3.7780762e+01
   9.9616400e+05   3.7658691e+01
   9.9638100e+05   3.9733887e+01
   1.1420480e+06   4.2541504e+01
   1.1420630e+06   5.1879883e+01
   1.1420840e+06   4.9072266e+01
   1.1421090e+06   3.6621094e+01
   1.1422010e+06   3.8146973e+01
   1.1424450e+06   3.6499023e+01
   1.1425990e+06   3.7963867e+01
   1.1433300e+06   3.8452148e+01
   1.2362630e+06   3.9123535e+01
   1.7172040e+06   4.5593262e+01
   1.7172310e+06   4.5715332e+01
   1.7172490e+06   5.9326172e+01
   1.7179150e+06   3.9916992e+01
   1.7512860e+06   3.8146973e+01
   1.8323970e+06   7.3059082e+01
   1.8324090e+06   5.5053711e+01
   1.8324300e+06   3.6437988e+01
   1.8324910e+06   4.1625977e+01
   1.8325310e+06   3.6682129e+01
   1.8326440e+06   3.7414551e+01
   1.8328350e+06   3.6926270e+01
   1.8330340e+06   3.7536621e+01
   1.8338210e+06   4.3334961e+01
   2.0407330e+06   3.7536621e+01
   2.1962150e+06   3.8208008e+01
   2.2157690e+06   4.0039062e+01
   2.2281800e+06   3.7841797e+01
   2.2355000e+06   3.7109375e+01
   2.2355310e+06   5.5480957e+01
   2.2355610e+06   3.9794922e+01
   2.2358640e+06   3.6987305e+01
   2.2360290e+06   4.1564941e+01
   2.2367630e+06   3.8757324e+01
   2.2371790e+06   3.7658691e+01
   2.2388110e+06   3.8879395e+01
   2.2467060e+06   4.1259766e+01
   2.2468510e+06   3.9001465e+01
   2.2468720e+06   3.7963867e+01
   2.2469390e+06   3.9489746e+01
   2.2469540e+06   4.8034668e+01
   2.2469830e+06   4.2053223e+01
   2.2470160e+06   3.9123535e+01
   2.2473320e+06   4.0039062e+01
   2.2473820e+06   3.9062500e+01
   2.2474320e+06   3.8208008e+01
   2.2475010e+06   4.8278809e+01
   2.2484250e+06   3.6437988e+01
   2.2511300e+06   4.1442871e+01
   2.5128310e+06   4.1259766e+01
   2.5711900e+06   5.5969238e+01
   2.5712430e+06   3.8818359e+01
   2.5712820e+06   4.5043945e+01
   2.5713250e+06   4.9255371e+01
   2.5715230e+06   4.1015625e+01
   2.5717640e+06   4.2480469e+01
   2.5720980e+06   3.7841797e+01
   2.5727480e+06   3.6865234e+01
   2.5730160e+06   3.9550781e+01
   2.5736850e+06   3.6682129e+01
   2.8208930e+06   4.2175293e+01
   2.8851280e+06   3.9245605e+01
   2.9863790e+06   4.0832520e+01
   2.9893720e+06   3.9001465e+01
   3.0070360e+06   4.7302246e+01
   3.0070880e+06   4.2419434e+01
   3.0071830e+06   4.8889160e+01
   3.0072160e+06   4.0527344e+01
   3.0072990e+06   4.3029785e+01
   3.0073540e+06   4.3579102e+01
   3.0073780e+06   3.7414551e+01
   3.0074070e+06   4.4860840e+01
   3.0074720e+06   3.6010742e+01
   3.0075530e+06   3.7231445e+01
   3.0076050e+06   4.0649414e+01
   3.0085080e+06   3.6437988e+01
   3.0181240e+06   5.3588867e+01
   3.0182000e+06   3.9001465e+01
   3.0182280e+06   8.2275391e+01
   3.0182870e+06   5.1269531e+01
   3.0183160e+06   3.9306641e+01
   3.0184160e+06   4.3457031e+01
   3.0185490e+06   3.9916992e+01
   3.0186430e+06   4.2236328e+01
   3.0187630e+06   4.1931152e+01
   3.0188270e+06   3.5888672e+01
   3.0188900e+06   3.6315918e+01
   3.0190850e+06   3.9184570e+01
   3.0200950e+06   3.6743164e+01
   3.0201530e+06   3.6560059e+01
   3.0210390e+06   3.6926270e+01
   3.0224660e+06   3.8208008e+01
   3.3676180e+06   3.9916992e+01
   3.5001790e+06   4.9255371e+01
   3.5001940e+06   3.8024902e+01
   3.5002130e+06   4.7363281e+01
   3.5002310e+06   6.1767578e+01
   3.5002560e+06   4.3884277e+01
   3.5002740e+06   3.8635254e+01
   3.5002970e+06   4.5715332e+01
   3.5003440e+06   3.8208008e+01
   3.5004160e+06   4.3212891e+01
   3.5006030e+06   3.7536621e+01
   3.5041640e+06   3.7597656e+01
   3.5110440e+06   3.6560059e+01
   3.5111570e+06   3.6254883e+01
   3.5112340e+06   4.0344238e+01
   3.5112710e+06   5.7128906e+01
   3.5113150e+06   4.2297363e+01
   3.5114490e+06   3.8208008e+01
   3.5115580e+06   3.8085938e+01
   3.5116400e+06   3.6010742e+01
   3.5116730e+06   3.8085938e+01
   3.5117970e+06   3.7109375e+01
   3.5118320e+06   3.7353516e+01
   3.5119620e+06   4.2358398e+01
   3.5120340e+06   3.6560059e+01
   3.5121850e+06   3.8635254e+01
   3.5122430e+06   3.9489746e+01
   3.5122920e+06   4.0100098e+01
   3.5136350e+06   3.7902832e+01
   3.5138040e+06   3.8330078e+01
   3.5140680e+06   3.7475586e+01
   3.5147130e+06   3.9672852e+01
   3.7005010e+06   3.6254883e+01
   3.8727320e+06   3.6621094e+01
   3.9311000e+06   3.6010742e+01
   4.0586850e+06   3.6376953e+01
   4.0596180e+06   3.7597656e+01
   4.2074900e+06   3.6437988e+01
   4.2166500e+06   4.4189453e+01
   4.2166760e+06   5.5969238e+01
   4.2167060e+06   4.5837402e+01
   4.2167580e+06   5.2001953e+01
   4.2168130e+06   4.7058105e+01
   4.2169350e+06   3.9428711e+01
   4.2172070e+06   4.0710449e+01
   4.2176650e+06   3.7597656e+01
   4.2200270e+06   3.6804199e+01
   4.2209730e+06   3.9428711e+01
   4.3586200e+06   3.8146973e+01
   4.5569310e+06   3.7353516e+01
   4.5853370e+06   4.1564941e+01
   4.6293060e+06   7.2021484e+01
   4.6293250e+06   3.9916992e+01
   4.6293660e+06   4.5593262e+01
   4.6293980e+06   4.3457031e+01
   4.6294440e+06   3.8757324e+01
   4.6296540e+06   4.4860840e+01
   4.6308110e+06   4.5532227e+01
   4.6319060e+06   3.8330078e+01
   4.6331580e+06   3.7658691e+01
   4.6390890e+06   4.2053223e+01
   4.6391140e+06   4.0954590e+01
   4.6391340e+06   6.3598633e+01
   4.6392540e+06   4.1259766e+01
   4.6392840e+06   3.6682129e+01
   4.6394290e+06   4.7485352e+01
   4.6397370e+06   3.8146973e+01
   4.6398090e+06   3.6315918e+01
   4.6403440e+06   3.8635254e+01
   4.6412570e+06   3.6132812e+01
   4.6413620e+06   3.6682129e+01
   4.6429390e+06   3.6926270e+01
   4.7576370e+06   3.9550781e+01
   4.8105580e+06   4.0161133e+01
   4.8105730e+06   5.4870605e+01
   4.8105870e+06   4.0344238e+01
   4.8106050e+06   5.2978516e+01
   4.8106510e+06   4.1259766e+01
   4.8107590e+06   4.9316406e+01
   4.8108120e+06   3.9978027e+01
   4.8109320e+06   4.1748047e+01
   4.8110160e+06   4.7729492e+01
   4.8119470e+06   4.0283203e+01
   4.8132160e+06   3.6437988e+01
   4.8239140e+06   5.1208496e+01
   4.8239720e+06   4.4799805e+01
   4.8240030e+06   4.7241211e+01
   4.8240410e+06   3.9489746e+01
   4.8240640e+06   3.7292480e+01
   4.8242300e+06   3.7414551e+01
   4.8243920e+06   3.7170410e+01
   4.8244520e+06   3.6804199e+01
   4.8245420e+06   4.4433594e+01
   4.8246170e+06   3.8208008e+01
   4.8247350e+06   4.0466309e+01
   4.8248660e+06   3.9367676e+01
   4.8249130e+06   4.1381836e+01
   4.8251690e+06   3.9855957e+01
   4.8256200e+06   3.7536621e+01
   4.8259920e+06   3.8085938e+01
   4.8262800e+06   3.6437988e+01
   4.8266020e+06   3.8635254e+01
   4.8466570e+06   3.6010742e+01
   4.8466830e+06   3.6804199e+01
   4.8467320e+06   3.7780762e+01
   4.8467490e+06   5.4443359e+01
   4.8467830e+06   4.3334961e+01
   4.8468130e+06   4.4860840e+01
   4.8468410e+06   3.7597656e+01
   4.8468580e+06   3.6071777e+01
   4.8469150e+06   4.4738770e+01
   4.8469650e+06   3.7536621e+01
   4.8471250e+06   3.5827637e+01
   4.8472080e+06   4.2846680e+01
   4.8472640e+06   3.6071777e+01
   4.8472800e+06   4.5715332e+01
   4.8473140e+06   3.5827637e+01
   4.8473830e+06   3.9062500e+01
   4.8475550e+06   3.9611816e+01
   4.8479060e+06   3.9001465e+01
   4.8482010e+06   3.6437988e+01
   5.0514100e+06   4.1259766e+01
   5.0533510e+06   4.7119141e+01
   5.1357180e+06   3.6132812e+01
   5.1520200e+06   3.7170410e+01
   5.3554740e+06   5.3649902e+01
   5.3554840e+06   3.6315918e+01
   5.3555110e+06   5.3527832e+01
   5.3555510e+06   4.0588379e+01
   5.3555660e+06   3.8085938e+01
   5.3555960e+06   3.6010742e+01
   5.3556430e+06   4.3273926e+01
   5.3557220e+06   4.2114258e+01
   5.3565700e+06   3.8696289e+01
   5.3574700e+06   3.5766602e+01
   5.3578430e+06   3.8696289e+01
   5.3582540e+06   3.7353516e+01
   5.3590380e+06   3.7597656e+01
   5.3661280e+06   3.7048340e+01
   5.3662250e+06   4.0954590e+01
   5.3662500e+06   3.7170410e+01
   5.3662720e+06   4.4372559e+01
   5.3663280e+06   3.6621094e+01
   5.3663920e+06   3.7292480e+01
   5.3664290e+06   3.9489746e+01
   5.3666240e+06   3.7841797e+01
   5.3667310e+06   3.6437988e+01
   5.3669020e+06   3.8574219e+01
   5.3674940e+06   3.8269043e+01
   5.3679260e+06   3.7902832e+01
   5.7816070e+06   3.9978027e+01
   5.8127630e+06   3.7597656e+01
   5.9077840e+06   4.0527344e+01
   5.9867090e+06   3.9062500e+01
   5.9867190e+06   5.8715820e+01
   5.9867510e+06   5.9265137e+01
   5.9867770e+06   3.6071777e+01
   5.9868030e+06   3.9306641e+01
   5.9868210e+06   3.6315918e+01
   5.9868550e+06   4.0710449e+01
   5.9869470e+06   3.7658691e+01
   5.9871770e+06   3.6926270e+01
   5.9883710e+06   3.7963867e+01
   5.9976550e+06   3.7170410e+01
   5.9977560e+06   3.8940430e+01
   5.9978130e+06   4.5227051e+01
   5.9978510e+06   5.1391602e+01
   5.9978750e+06   3.7292480e+01
   5.9979060e+06   3.7658691e+01
   5.9979340e+06   3.7536621e+01
   5.9980210e+06   3.9306641e+01
   5.9980700e+06   3.8879395e+01
   5.9982330e+06   5.0659180e+01
   5.9983150e+06   3.7231445e+01
   5.9984770e+06   4.3151855e+01
   5.9984940e+06   3.7902832e+01
   5.9986980e+06   4.1259766e+01
   5.9987930e+06   3.7780762e+01
   5.9995380e+06   3.6926270e+01
   6.0000160e+06   3.7719727e+01
   6.1509470e+06   4.3029785e+01
   6.1509670e+06   3.7902832e+01
   6.1510190e+06   5.3833008e+01
   6.1512110e+06   4.1442871e+01
   6.1513000e+06   3.9794922e+01
   6.1525310e+06   4.0710449e+01
   6.1692680e+06   4.0222168e+01
   6.1733970e+06   3.7170410e+01
   6.1735870e+06   3.8940430e+01
   6.2052900e+06   4.5227051e+01
   6.2086540e+06   4.3457031e+01
   6.2367820e+06   4.0893555e+01
   6.4445580e+06   4.6386719e+01
   6.4445750e+06   5.7556152e+01
   6.4446110e+06   3.7597656e+01
   6.4446240e+06   5.7312012e+01
   6.4446620e+06   4.2541504e+01
   6.4446990e+06   3.7292480e+01
   6.4447210e+06   3.6254883e+01
   6.4447940e+06   4.7729492e+01
   6.4448770e+06   3.7780762e+01
   6.4449110e+06   4.0039062e+01
   6.4450110e+06   3.9367676e+01
   6.4475650e+06   3.6010742e+01
   6.4649730e+06   4.1320801e+01
   6.5901890e+06   3.9550781e+01
   6.8111960e+06   3.9428711e+01
   6.8112190e+06   6.2500000e+01
   6.8112370e+06   4.8950195e+01
   6.8112530e+06   3.7170410e+01
   6.8113110e+06   3.9855957e+01
   6.8113690e+06   3.7353516e+01
   6.8114010e+06   4.2053223e+01
   6.8114500e+06   4.4494629e+01
   6.8116380e+06   3.9245605e+01
   6.8118380e+06   4.4433594e+01
   6.8118960e+06   3.8269043e+01
   6.8124700e+06   3.7292480e+01
   6.8133230e+06   3.7292480e+01
   6.8151310e+06   3.6926270e+01
   6.8215610e+06   3.9367676e+01
   6.8221350e+06   3.8574219e+01
   6.8377030e+06   4.5104980e+01
   6.8392780e+06   3.6682129e+01
   6.8395820e+06   3.7414551e+01
   6.9571050e+06   4.0161133e+01
   6.9571400e+06   3.7475586e+01
   6.9571560e+06   5.6396484e+01
   6.9571770e+06   4.2663574e+01
   6.9572500e+06   4.6081543e+01
   6.9573910e+06   4.0588379e+01
   6.9576310e+06   3.8574219e+01
   6.9582190e+06   4.7851563e+01
   6.9612730e+06   4.0710449e+01
   6.9728620e+06   3.6376953e+01
   6.9729990e+06   7.1716309e+01
   6.9730490e+06   3.6132812e+01
   6.9731080e+06   4.1809082e+01
   6.9735500e+06   3.8757324e+01
   6.9735920e+06   4.5227051e+01
   6.9736670e+06   4.0893555e+01
   6.9739170e+06   3.6010742e+01
   7.1334930e+06   3.9855957e+01
   7.3279520e+06   4.1625977e+01
   7.3279840e+06   4.1748047e+01
   7.3279960e+06   4.3823242e+01
   7.3280270e+06   4.1748047e+01
   7.3280500e+06   5.3222656e+01
   7.3280700e+06   5.5786133e+01
   7.3281220e+06   4.2541504e+01
   7.3282900e+06   4.2602539e+01
   7.3283390e+06   3.9550781e+01
   7.3284900e+06   3.7475586e+01
   7.3285550e+06   3.6987305e+01
   7.3287760e+06   4.0954590e+01
   7.3294690e+06   3.9672852e+01
   7.3300300e+06   4.7058105e+01
   7.3311130e+06   3.6376953e+01
   7.3393450e+06   4.3884277e+01
   7.3393600e+06   3.7353516e+01
   7.3393850e+06   3.7719727e+01
   7.3394250e+06   4.1137695e+01
   7.3394730e+06   4.3212891e+01
   7.3395130e+06   3.8208008e+01
   7.3396020e+06   4.1015625e+01
   7.3397930e+06   4.3762207e+01
   7.3399080e+06   4.1137695e+01
   7.3399530e+06   4.1931152e+01
   7.3400170e+06   3.7231445e+01
   7.3400640e+06   3.6010742e+01
   7.3401660e+06   4.1870117e+01
   7.3411070e+06   3.5949707e+01
   7.3412800e+06   4.0100098e+01
   7.3425460e+06   3.7109375e+01
   7.3646940e+06   3.6193848e+01
   7.4740000e+06   3.9550781e+01
   7.4740160e+06   4.2724609e+01
   7.4740540e+06   5.3771973e+01
   7.4740770e+06   3.6560059e+01
   7.4741340e+06   3.9001465e+01
   7.4746680e+06   4.6020508e+01
   7.4750580e+06   3.7414551e+01
   7.4760410e+06   3.9489746e+01
   7.4763910e+06   3.6254883e+01
   7.4767960e+06   3.8269043e+01
   7.7484190e+06   3.6254883e+01
   7.8265080e+06   4.3029785e+01
   7.8265230e+06   5.0720215e+01
   7.8265690e+06   4.4128418e+01
   7.8265970e+06   5.1208496e+01
   7.8266380e+06   4.0588379e+01
   7.8266630e+06   3.6376953e+01
   7.8267200e+06   3.8696289e+01
   7.8268290e+06   3.7475586e+01
   7.8268950e+06   3.7475586e+01
   7.8279080e+06   3.9123535e+01
   7.8283710e+06   3.6499023e+01
   7.8285770e+06   3.8085938e+01
   7.8287630e+06   3.9245605e+01
   7.8292150e+06   4.0893555e+01
   7.8445950e+06   3.7963867e+01
   7.8450230e+06   4.0588379e+01
   7.8451280e+06   4.0893555e+01
   7.8453390e+06   4.1564941e+01
   8.5307730e+06   3.8146973e+01
   8.5888650e+06   3.6743164e+01
   8.6779110e+06   3.7353516e+01
   8.8091390e+06   6.6833496e+01
   8.8091730e+06   4.9133301e+01
   8.8092150e+06   6.4270020e+01
   8.8092550e+06   3.6071777e+01
   8.8093670e+06   3.8574219e+01
   8.8094160e+06   3.8452148e+01
   8.8094690e+06   4.1137695e+01
   8.8105260e+06   3.6499023e+01
   8.8106450e+06   4.0161133e+01
   8.8113490e+06   4.0649414e+01
   8.8117530e+06   3.7963867e+01
   8.8120470e+06   3.6499023e+01
   8.8123540e+06   3.9916992e+01
   8.8218230e+06   4.5837402e+01
   8.8219180e+06   3.6010742e+01
   8.8219280e+06   3.7536621e+01
   8.8219520e+06   4.3090820e+01
   8.8220060e+06   5.8044434e+01
   8.8220670e+06   3.6560059e+01
   8.8221800e+06   4.5227051e+01
   8.8222060e+06   3.6865234e+01
   8.8223510e+06   3.9672852e+01
   8.8223890e+06   4.6752930e+01
   8.8226400e+06   4.1442871e+01
   8.8227660e+06   4.7790527e+01
   8.8228280e+06   4.1076660e+01
   8.8229660e+06   4.0588379e+01
   8.8233290e+06   3.9916992e+01
   8.8239170e+06   3.6865234e+01
   8.8240820e+06   3.6499023e+01
   8.8248210e+06   3.8330078e+01
   8.8255080e+06   4.0466309e+01
   8.8264420e+06   3.7231445e+01
   8.8328800e+06   3.8330078e+01
   8.8329080e+06   4.0161133e+01
   8.8329240e+06   3.7536621e+01
   8.8329510e+06   3.8757324e+01
   8.8329640e+06   3.6926270e+01
   8.8330040e+06   4.7058105e+01
   8.8330570e+06   4.3457031e+01
   8.8334340e+06   3.7841797e+01
   8.8338590e+06   4.1870117e+01
   8.8340090e+06   4.8400879e+01
   8.8341170e+06   3.7719727e+01
   8.9329500e+06   4.9743652e+01
   8.9330190e+06   4.9255371e+01
   8.9330860e+06   4.2785645e+01
   8.9331140e+06   3.7780762e+01
   8.9332310e+06   4.0893555e+01
   8.9332660e+06   3.7841797e+01
   8.9333160e+06   3.8513184e+01
   8.9335390e+06   3.7231445e+01
   8.9336210e+06   4.5715332e+01
   8.9338550e+06   3.8879395e+01
   8.9340290e+06   3.6071777e+01
   8.9347820e+06   3.7902832e+01
   8.9839640e+06   3.9855957e+01
   8.9840120e+06   4.6936035e+01
   8.9840320e+06   4.6264648e+01
   8.9840620e+06   4.9072266e+01
   8.9840760e+06   3.8452148e+01
   8.9840860e+06   3.8513184e+01
   8.9842970e+06   3.6682129e+01
   8.9843480e+06   3.9184570e+01
   8.9846990e+06   3.6315918e+01
   8.9849350e+06   3.6254883e+01
   8.9858230e+06   3.6926270e+01
   8.9868650e+06   3.8024902e+01
   9.0001260e+06   5.0415039e+01
   9.0001560e+06   3.8391113e+01
   9.0001920e+06   3.8818359e+01
   9.0002920e+06   3.7292480e+01
   9.0004030e+06   4.3762207e+01
   9.0005180e+06   3.6926270e+01
   9.0005590e+06   3.5827637e+01
   9.0006090e+06   3.6560059e+01
   9.0009510e+06   4.1076660e+01
   9.0601810e+06   4.8339844e+01
   9.0602080e+06   4.4250488e+01
   9.0602200e+06   3.5644531e+01
   9.0602440e+06   5.2368164e+01
   9.0602890e+06   4.2785645e+01
   9.0603730e+06   3.8696289e+01
   9.0603890e+06   3.9916992e+01
   9.0607100e+06   4.5410156e+01
   9.0608510e+06   4.0222168e+01
   9.0609160e+06   3.5583496e+01
   9.0610100e+06   3.8391113e+01
   9.0612280e+06   3.8269043e+01
   9.1078050e+06   4.1748047e+01
   9.1078340e+06   3.9550781e+01
   9.1078510e+06   4.3884277e+01
   9.1078620e+06   5.3161621e+01
   9.1078860e+06   4.4128418e+01
   9.1079280e+06   4.0832520e+01
   9.1079450e+06   4.1870117e+01
   9.1079850e+06   3.8513184e+01
   9.1080070e+06   3.5827637e+01
   9.1082850e+06   3.6926270e+01
   9.1083680e+06   3.6193848e+01
   9.1620110e+06   4.1320801e+01
   9.1620920e+06   1.0614014e+02
   9.1621360e+06   3.7719727e+01
   9.1621870e+06   4.0100098e+01
   9.1622360e+06   3.9855957e+01
   9.1623210e+06   3.6499023e+01
   9.1624420e+06   4.0161133e+01
   9.1625440e+06   4.3762207e+01
   9.1635270e+06   3.6132813e+01
   9.1638880e+06   3.5827637e+01
   9.2134470e+06   3.5888672e+01
   9.2134800e+06   3.5644531e+01
   9.2134900e+06   4.3090820e+01
   9.2135690e+06   5.2429199e+01
   9.2135860e+06   4.5043945e+01
   9.2136140e+06   3.6621094e+01
   9.2136570e+06   4.1809082e+01
   9.2136950e+06   3.6804199e+01
   9.2137380e+06   4.2480469e+01
   9.2140430e+06   3.6193848e+01
   9.2154680e+06   3.7170410e+01
   9.2164960e+06   3.7170410e+01
   9.2685820e+06   3.8879395e+01
   9.2686260e+06   3.7536621e+01
   9.3298200e+06   3.7658691e+01
   9.3528740e+06   3.8635254e+01
   9.4291360e+06   3.8635254e+01
   9.5782120e+06   3.7292480e+01
   9.6498660e+06   3.6926270e+01
   9.7530090e+06   4.0649414e+01
   9.7800290e+06   3.7048340e+01
   9.7804150e+06   3.5644531e+01
   9.9297600e+06   5.0292969e+01
   1.0029040e+07   4.6447754e+01
   1.0029062e+07   5.8593750e+01
   1.0029108e+07   4.8522949e+01
   1.0029120e+07   3.6132812e+01
   1.0029197e+07   4.0100098e+01
   1.0029276e+07   4.4128418e+01
   1.0029306e+07   5.1330566e+01
   1.0029545e+07   3.9916992e+01
   1.0029792e+07   3.6682129e+01
   1.0029894e+07   4.3457031e+01
   1.0030668e+07   3.6560059e+01
   1.0031564e+07   4.6630859e+01
   1.0031962e+07   3.7414551e+01
   1.0042752e+07   4.4921875e+01
   1.0051823e+07   3.8024902e+01
   1.0201682e+07   3.6254883e+01
   1.0326178e+07   3.6743164e+01
   1.0379549e+07   3.8391113e+01
   1.0391134e+07   4.6142578e+01
   1.0391147e+07   4.8400879e+01
   1.0391184e+07   4.7302246e+01
   1.0391205e+07   3.7963867e+01
   1.0391256e+07   3.6193848e+01
   1.0391358e+07   4.9255371e+01
   1.0391372e+07   3.6560059e+01
   1.0391435e+07   5.2673340e+01
   1.0391497e+07   3.9123535e+01
   1.0391556e+07   3.6804199e+01
   1.0391624e+07   3.6926270e+01
   1.0391710e+07   3.6682129e+01
   1.0391779e+07   3.7597656e+01
   1.0391865e+07   3.9367676e+01
   1.0392222e+07   3.8940430e+01
   1.0392512e+07   3.5583496e+01
   1.0392718e+07   3.5766602e+01
   1.0393341e+07   3.6132812e+01
   1.0393685e+07   3.8024902e+01
   1.0394841e+07   3.5644531e+01
   1.0395478e+07   3.5583496e+01
   1.0404718e+07   3.5949707e+01
   1.0404768e+07   3.8757324e+01
   1.0404820e+07   4.4982910e+01
   1.0404846e+07   4.5043945e+01
   1.0404869e+07   4.3762207e+01
   1.0405263e+07   4.1748047e+01
   1.0405388e+07   4.0161133e+01
   1.0405499e+07   3.9062500e+01
   1.0405685e+07   3.7109375e+01
   1.0405961e+07   3.6254883e+01
   1.0405982e+07   3.5827637e+01
   1.0406349e+07   3.8696289e+01
   1.0406761e+07   3.8940430e+01
   1.0406996e+07   3.9001465e+01
   1.0408503e+07   4.1625977e+01
   1.0426972e+07   3.8269043e+01
   1.0426986e+07   5.5786133e+01
   1.0427031e+07   3.5583496e+01
   1.0427043e+07   8.4350586e+01
   1.0427087e+07   3.6437988e+01
   1.0427140e+07   4.0222168e+01
   1.0427181e+07   3.6621094e+01
   1.0427212e+07   3.7536621e+01
   1.0427880e+07   3.9245605e+01
   1.0427906e+07   4.2053223e+01
   1.0428071e+07   3.6254883e+01
   1.0508229e+07   3.5583496e+01
   1.0533478e+07   3.9245605e+01
   1.0565095e+07   3.5583496e+01
   1.0724086e+07   3.6865234e+01
   1.0744506e+07   3.9855957e+01
   1.1105944e+07   3.7170410e+01
   1.1105964e+07   5.2673340e+01
   1.1106001e+07   4.6447754e+01
   1.1106095e+07   3.5827637e+01
   1.1106201e+07   3.7902832e+01
   1.1106267e+07   3.7780762e+01
   1.1106483e+07   3.7475586e+01
   1.1107337e+07   3.6132812e+01
   1.1120573e+07   3.6376953e+01
   1.1120714e+07   3.9855957e+01
   1.1120738e+07   4.3762207e+01
   1.1120763e+07   8.1054688e+01
   1.1120817e+07   4.0344238e+01
   1.1120871e+07   3.6010742e+01
   1.1121077e+07   4.0466309e+01
   1.1121225e+07   4.6752930e+01
   1.1121413e+07   4.6752930e+01
   1.1121475e+07   5.2551270e+01
   1.1121832e+07   3.8574219e+01
   1.1122550e+07   3.8024902e+01
   1.1132030e+07   6.4575195e+01
   1.1132057e+07   4.1503906e+01
   1.1132077e+07   5.1696777e+01
   1.1132164e+07   3.6376953e+01
   1.1132184e+07   3.5766602e+01
   1.1132642e+07   3.5827637e+01
   1.1132720e+07   4.1503906e+01
   1.1132840e+07   3.6254883e+01
   1.1133083e+07   3.6254883e+01
   1.1133593e+07   3.5644531e+01
   1.1134180e+07   3.8330078e+01
   1.1213354e+07   3.9428711e+01
   1.1236993e+07   3.9672852e+01
   1.1557933e+07   3.7597656e+01
   1.1765734e+07   6.7687988e+01
   1.1765758e+07   4.1748047e+01
   1.1765793e+07   3.8208008e+01
   1.1765815e+07   4.9072266e+01
   1.1765842e+07   3.8635254e+01
   1.1765861e+07   4.2602539e+01
   1.1765985e+07   4.3273926e+01
   1.1766023e+07   3.9978027e+01
   1.1766371e+07   4.4067383e+01
   1.1766451e+07   3.6987305e+01
   1.1778925e+07   3.6987305e+01
   1.1778969e+07   4.0710449e+01
   1.1779002e+07   3.8330078e+01
   1.1779022e+07   3.9550781e+01
   1.1779052e+07   3.7048340e+01
   1.1779255e+07   4.2663574e+01
   1.1779686e+07   5.1513672e+01
   1.1779835e+07   3.8574219e+01
   1.1780221e+07   3.7292480e+01
   1.1781568e+07   3.7048340e+01
   1.1789514e+07   3.6804199e+01
   1.1789726e+07   3.8513184e+01
   1.1789751e+07   3.6743164e+01
   1.1789780e+07   3.7048340e+01
   1.1789995e+07   3.9306641e+01
   1.1790047e+07   3.6010742e+01
   1.1790195e+07   3.7292480e+01
   1.1790258e+07   4.1015625e+01
   1.1790534e+07   3.8696289e+01
   1.1790750e+07   3.8085938e+01
   1.1790909e+07   3.5766602e+01
   1.1791009e+07   3.7353516e+01
   1.1791569e+07   3.7841797e+01
