   1.1996000e+07   0.0000000e+00
   7.5500000e+02   3.7475586e+01
   3.6721000e+04   3.7719727e+01
   3.6759000e+04   4.2785645e+01
   3.6776000e+04   5.0354004e+01
   3.6795000e+04   4.5227051e+01
   3.6820000e+04   6.3659668e+01
   3.6862000e+04   3.9184570e+01
   3.6885000e+04   1.3629150e+02
   3.6903000e+04   4.5471191e+01
   3.6929000e+04   4.0893555e+01
   3.6958000e+04   3.8024902e+01
   3.6995000e+04   3.8818359e+01
   3.7019000e+04   1.3879395e+02
   3.7098000e+04   3.7414551e+01
   3.7145000e+04   1.2420654e+02
   3.7227000e+04   4.4372559e+01
   3.7354000e+04   1.2457275e+02
   3.7391000e+04   4.1870117e+01
   3.7578000e+04   1.1584473e+02
   1.1292300e+05   3.7170410e+01
   1.2750900e+05   3.9733887e+01
   1.5984300e+05   4.0954590e+01
   4.2172500e+05   4.6020508e+01
   4.2174100e+05   4.6630859e+01
   4.2176800e+05   5.8471680e+01
   4.2181000e+05   3.7597656e+01
   4.2182500e+05   1.5087891e+02
   4.2186700e+05   3.6376953e+01
   4.2188700e+05   4.8156738e+01
   4.2194900e+05   1.4758301e+02
   4.2196000e+05   3.7109375e+01
   4.2198100e+05   3.7597656e+01
   4.2208300e+05   1.4001465e+02
   4.2211300e+05   5.3710938e+01
   4.2227100e+05   1.3403320e+02
   4.2254100e+05   1.2756348e+02
   4.3418500e+05   4.2663574e+01
   4.3422000e+05   3.7292480e+01
   4.3427800e+05   7.6660156e+01
   4.3430600e+05   4.2663574e+01
   4.3438700e+05   7.7880859e+01
   4.3440300e+05   4.1503906e+01
   4.3447600e+05   1.2322998e+02
   4.3451400e+05   3.6560059e+01
   4.3461000e+05   4.2968750e+01
   4.3463600e+05   3.7231445e+01
   4.3469100e+05   1.3421631e+02
   4.3502600e+05   3.9428711e+01
   4.3513000e+05   1.1523438e+02
   4.3547600e+05   1.0998535e+02
   4.3556600e+05   4.0832520e+01
   4.3672100e+05   4.0954590e+01
   5.2184700e+05   3.8330078e+01
   5.2353600e+05   3.8452148e+01
   5.6148000e+05   3.7597656e+01
   6.1037300e+05   3.7414551e+01
   8.7297100e+05   3.8330078e+01
   8.7300200e+05   5.3833008e+01
   8.7303300e+05   4.0405273e+01
   8.7305700e+05   7.1960449e+01
   8.7307400e+05   4.0893555e+01
   8.7311900e+05   1.4666748e+02
   8.7313500e+05   4.7363281e+01
   8.7316200e+05   4.8400879e+01
   8.7317800e+05   3.8574219e+01
   8.7322400e+05   4.0283203e+01
   8.7324200e+05   4.3518066e+01
   8.7325400e+05   1.3079834e+02
   8.7336300e+05   3.6376953e+01
   8.7338600e+05   1.3427734e+02
   8.7341800e+05   3.7048340e+01
   8.7353100e+05   4.1687012e+01
   8.7358400e+05   1.2988281e+02
   8.7366000e+05   4.4311523e+01
   8.7455300e+05   1.3085938e+02
   8.7705000e+05   3.6804199e+01
   8.8523100e+05   1.3629150e+02
   8.8539100e+05   1.1975098e+02
   8.8542000e+05   4.8217773e+01
   8.8547500e+05   3.8940430e+01
   8.8550900e+05   5.7861328e+01
   8.8553100e+05   3.6621094e+01
   8.8554600e+05   3.9062500e+01
   8.8562200e+05   4.3212891e+01
   8.8563800e+05   3.6621094e+01
   8.8565400e+05   1.2634277e+02
   8.8573100e+05   3.7536621e+01
   8.8590700e+05   1.4324951e+02
   8.8591900e+05   4.4555664e+01
   8.8617000e+05   1.2030029e+02
   8.8647800e+05   1.1450195e+02
   8.8687500e+05   3.6499023e+01
   8.8692100e+05   3.6987305e+01
   8.8726700e+05   1.1767578e+02
   8.8758900e+05   1.0833740e+02
   8.8857200e+05   3.6621094e+01
   8.8913800e+05   3.7780762e+01
   8.9243800e+05   6.4025879e+01
   8.9263600e+05   5.1269531e+01
   8.9272600e+05   4.5776367e+01
   8.9281000e+05   3.6865234e+01
   8.9543600e+05   3.6682129e+01
   8.9604800e+05   4.4006348e+01
   9.0186100e+05   5.9509277e+01
   9.0221600e+05   5.0659180e+01
   9.0246300e+05   5.8288574e+01
   9.0287700e+05   4.7363281e+01
   9.0325300e+05   5.6823730e+01
   9.0356400e+05   5.3283691e+01
   9.0982400e+05   6.6467285e+01
   1.0059300e+06   4.6447754e+01
   1.0059540e+06   4.8034668e+01
   1.0059830e+06   3.7292480e+01
   1.0060090e+06   9.3750000e+01
   1.0060410e+06   4.1320801e+01
   1.0060690e+06   1.5069580e+02
   1.0060930e+06   4.9743652e+01
   1.0061420e+06   4.2480469e+01
   1.0061960e+06   1.3629150e+02
   1.0063310e+06   1.3409424e+02
   1.0063470e+06   4.4677734e+01
   1.0065340e+06   1.2030029e+02
   1.0206770e+06   1.4556885e+02
   1.1064980e+06   3.6621094e+01
   1.1099480e+06   1.4068604e+02
   1.1116860e+06   1.5112305e+02
   1.1346450e+06   4.1198730e+01
   1.1498610e+06   3.8879395e+01
   1.1500360e+06   1.4642334e+02
   1.1545530e+06   1.4636230e+02
   1.1746500e+06   1.3244629e+02
   1.1756520e+06   1.3897705e+02
   1.2018500e+06   1.3775635e+02
   1.2367590e+06   1.3708496e+02
   1.2375390e+06   1.4379883e+02
   1.2386220e+06   1.4453125e+02
   1.2676270e+06   1.3159180e+02
   1.2679210e+06   1.3635254e+02
   1.2684130e+06   1.3214111e+02
   1.3065260e+06   1.4489746e+02
   1.3093390e+06   1.4257812e+02
   1.3388920e+06   1.4056396e+02
   1.4089330e+06   4.4006348e+01
   1.4089480e+06   4.2785645e+01
   1.4089740e+06   6.6711426e+01
   1.4090380e+06   5.9082031e+01
   1.4090630e+06   1.3922119e+02
   1.4091100e+06   4.2297363e+01
   1.4091330e+06   4.8950195e+01
   1.4092050e+06   1.4453125e+02
   1.4092820e+06   3.6499023e+01
   1.4093370e+06   1.2579346e+02
   1.4093700e+06   4.5593262e+01
   1.4095070e+06   1.3476562e+02
   1.4097880e+06   1.2628174e+02
   1.4299870e+06   1.3677979e+02
   1.4302730e+06   1.2854004e+02
   1.4308730e+06   1.3470459e+02
   1.4311650e+06   1.1761475e+02
   1.4314950e+06   1.0015869e+02
   1.4317400e+06   8.1909180e+01
   1.4319540e+06   8.2153320e+01
   1.4322520e+06   8.6303711e+01
   1.4325780e+06   1.0205078e+02
   1.4334800e+06   1.0784912e+02
   1.4340130e+06   9.2041016e+01
   1.5132980e+06   3.6437988e+01
   1.5133600e+06   1.3684082e+02
   1.5197650e+06   3.6376953e+01
   1.5199470e+06   1.4715576e+02
   1.5215300e+06   1.2609863e+02
   1.5225160e+06   1.3262939e+02
   1.6030980e+06   3.6499023e+01
   1.6031440e+06   3.8513184e+01
   1.6031600e+06   4.1076660e+01
   1.6031860e+06   3.9550781e+01
   1.6032010e+06   4.1381836e+01
   1.6032210e+06   5.3894043e+01
   1.6032410e+06   1.7303467e+02
   1.6032550e+06   5.0842285e+01
   1.6033180e+06   4.4738770e+01
   1.6033550e+06   5.1879883e+01
   1.6033720e+06   1.2420654e+02
   1.6034210e+06   4.1015625e+01
   1.6034310e+06   4.0161133e+01
   1.6034710e+06   4.0405273e+01
   1.6035170e+06   1.3665771e+02
   1.6035390e+06   4.0954590e+01
   1.6037050e+06   1.3671875e+02
   1.6039330e+06   1.2225342e+02
   1.6296620e+06   1.3745117e+02
   1.6342860e+06   1.4251709e+02
   1.6347520e+06   1.1865234e+02
   1.6853830e+06   3.8757324e+01
   1.6854370e+06   4.0832520e+01
   1.6854690e+06   4.9987793e+01
   1.6854940e+06   4.4128418e+01
   1.6855070e+06   8.5571289e+01
   1.6855350e+06   4.8889160e+01
   1.6855980e+06   4.6875000e+01
   1.6856480e+06   1.2384033e+02
   1.6856840e+06   3.9916992e+01
   1.6857960e+06   1.3433838e+02
   1.6859820e+06   1.3226318e+02
   1.6862620e+06   1.3244629e+02
   1.6865950e+06   4.1137695e+01
   1.6870740e+06   1.1730957e+02
   1.7468060e+06   3.7353516e+01
   1.7638540e+06   3.7231445e+01
   1.7701240e+06   3.9916992e+01
   1.7708850e+06   1.3323975e+02
   1.7715790e+06   1.3659668e+02
   1.7722500e+06   1.2390137e+02
   1.7725970e+06   1.1376953e+02
   1.7731130e+06   1.2725830e+02
   1.7813290e+06   1.3354492e+02
   1.8168620e+06   4.1809082e+01
   1.8169180e+06   3.9672852e+01
   1.8169340e+06   3.8635254e+01
   1.8169510e+06   3.7048340e+01
   1.8170040e+06   1.5966797e+02
   1.8170160e+06   6.7382812e+01
   1.8170420e+06   3.9978027e+01
   1.8170930e+06   4.1992188e+01
   1.8171190e+06   6.2072754e+01
   1.8171530e+06   1.4556885e+02
   1.8172250e+06   4.0039062e+01
   1.8172430e+06   3.9367676e+01
   1.8173180e+06   1.2457275e+02
   1.8175310e+06   1.3024902e+02
   1.8178370e+06   1.2475586e+02
   1.8841200e+06   1.3616943e+02
   1.8848270e+06   1.2127686e+02
   1.8860810e+06   1.2292480e+02
   1.8872170e+06   1.2286377e+02
   1.8954880e+06   1.2762451e+02
   1.9281700e+06   1.1523438e+02
   1.9285750e+06   1.3824463e+02
   1.9289920e+06   1.1975098e+02
   1.9293940e+06   1.3000488e+02
   1.9304340e+06   1.0858154e+02
   1.9309970e+06   1.1376953e+02
   1.9329200e+06   1.1334229e+02
   1.9587990e+06   3.7597656e+01
   1.9588250e+06   3.9855957e+01
   1.9588590e+06   4.9987793e+01
   1.9588880e+06   1.9366455e+02
   1.9589620e+06   4.0344238e+01
   1.9590020e+06   4.8400879e+01
   1.9590230e+06   1.3372803e+02
   1.9591670e+06   4.0466309e+01
   1.9592190e+06   1.2933350e+02
   1.9637400e+06   1.2738037e+02
   1.9642920e+06   1.1926270e+02
   1.9646610e+06   1.1975098e+02
   1.9651810e+06   1.1029053e+02
   1.9655530e+06   1.0266113e+02
   1.9660480e+06   9.3750000e+01
   2.0369760e+06   3.9062500e+01
   2.0371360e+06   1.5344238e+02
   2.0371460e+06   3.7536621e+01
   2.0376990e+06   1.3983154e+02
   2.0380920e+06   1.3903809e+02
   2.0385540e+06   1.2316895e+02
   2.0388150e+06   1.0571289e+02
   2.0392340e+06   1.1297607e+02
   2.0395330e+06   1.0119629e+02
   2.0399610e+06   1.0296631e+02
   2.0404600e+06   9.2285156e+01
   2.0410630e+06   9.9792480e+01
   2.0718290e+06   4.2114258e+01
   2.0718580e+06   4.2114258e+01
   2.0718780e+06   5.7739258e+01
   2.0719120e+06   3.7658691e+01
   2.0719420e+06   6.2744141e+01
   2.0719640e+06   4.8217773e+01
   2.0719860e+06   1.4953613e+02
   2.0720470e+06   3.9672852e+01
   2.0721280e+06   1.3494873e+02
   2.0721380e+06   5.1147461e+01
   2.0722690e+06   3.7536621e+01
   2.0723030e+06   1.2493896e+02
   2.0724920e+06   1.2408447e+02
   2.0753150e+06   1.2268066e+02
   2.0755890e+06   1.0668945e+02
   2.0758190e+06   9.0270996e+01
   2.0760740e+06   9.1003418e+01
   2.0763640e+06   8.4777832e+01
   2.0766900e+06   8.2397461e+01
   2.0770330e+06   8.8073730e+01
   2.1570930e+06   1.4471436e+02
   2.1572700e+06   1.4648438e+02
   2.1580460e+06   1.2933350e+02
   2.1583450e+06   1.3275146e+02
   2.1588370e+06   1.0644531e+02
   2.1593000e+06   1.2982178e+02
   2.1596470e+06   1.0717773e+02
   2.1600420e+06   1.0809326e+02
   2.1605360e+06   1.0076904e+02
   2.2172190e+06   1.4337158e+02
   2.2175420e+06   1.2451172e+02
   2.2181510e+06   1.3311768e+02
   2.2187890e+06   1.3024902e+02
   2.2191610e+06   1.2792969e+02
   2.2197730e+06   1.2121582e+02
   2.2350930e+06   4.4128418e+01
   2.2351390e+06   3.6560059e+01
   2.2352080e+06   4.6203613e+01
   2.2352390e+06   5.2001953e+01
   2.2352630e+06   7.3547363e+01
   2.2352890e+06   3.6437988e+01
   2.2353810e+06   1.2884521e+02
   2.2354280e+06   3.6743164e+01
   2.2355410e+06   1.1706543e+02
   2.2355620e+06   3.7475586e+01
   2.2358750e+06   1.2524414e+02
   2.3259060e+06   3.6376953e+01
   2.3265740e+06   1.4550781e+02
   2.4209920e+06   4.2297363e+01
   2.4210660e+06   1.6156006e+02
   2.4211020e+06   5.4870605e+01
   2.4211420e+06   5.5297852e+01
   2.4211600e+06   5.3405762e+01
   2.4211780e+06   1.2615967e+02
   2.4212070e+06   4.2846680e+01
   2.4212470e+06   3.7841797e+01
   2.4213180e+06   3.6987305e+01
   2.4213420e+06   1.3006592e+02
   2.4213760e+06   4.2663574e+01
   2.4214030e+06   3.9245605e+01
   2.4214950e+06   1.2078857e+02
   2.4215270e+06   5.1757812e+01
   2.4215800e+06   3.7902832e+01
   2.4216870e+06   1.2316895e+02
   2.4219390e+06   1.1077881e+02
   2.4222260e+06   1.2536621e+02
   2.4386220e+06   4.7668457e+01
   2.4386470e+06   4.7607422e+01
   2.4386580e+06   5.4321289e+01
   2.4386870e+06   6.3964844e+01
   2.4387200e+06   3.6865234e+01
   2.4387400e+06   1.7315674e+02
   2.4387550e+06   3.9428711e+01
   2.4387920e+06   4.2846680e+01
   2.4388530e+06   4.0710449e+01
   2.4388710e+06   1.3415527e+02
   2.4390480e+06   1.1700439e+02
   2.4394690e+06   3.7475586e+01
   2.4396310e+06   4.1931152e+01
   2.4407330e+06   4.0100098e+01
   2.4419030e+06   3.8452148e+01
   2.6378330e+06   4.2053223e+01
   2.6378920e+06   3.8269043e+01
   2.6379090e+06   3.9550781e+01
   2.6379380e+06   4.1992188e+01
   2.6379670e+06   3.7841797e+01
   2.6379940e+06   1.5081787e+02
   2.6380160e+06   4.6447754e+01
   2.6380400e+06   4.3395996e+01
   2.6380750e+06   5.2307129e+01
   2.6381130e+06   1.3226318e+02
   2.6382070e+06   4.3518066e+01
   2.6382370e+06   1.3134766e+02
   2.6383780e+06   1.3702393e+02
   2.6385590e+06   1.1688232e+02
   2.6518420e+06   3.7353516e+01
   2.6519200e+06   3.7536621e+01
   2.6519340e+06   4.0466309e+01
   2.6519750e+06   3.6682129e+01
   2.6519980e+06   6.8786621e+01
   2.6520310e+06   1.2933350e+02
   2.6520580e+06   5.1086426e+01
   2.6520830e+06   4.9621582e+01
   2.6521920e+06   1.3439941e+02
   2.6522320e+06   6.2683105e+01
   2.6523970e+06   1.4080811e+02
   2.6524740e+06   3.8024902e+01
   2.6526440e+06   1.2683105e+02
   2.6526680e+06   3.6437988e+01
   2.6529270e+06   1.1932373e+02
   2.6530810e+06   3.7292480e+01
   2.6532520e+06   1.0687256e+02
   2.6535140e+06   1.1376953e+02
   2.7474620e+06   4.0649414e+01
   2.7476860e+06   6.1279297e+01
   2.8020430e+06   3.6499023e+01
   2.8311540e+06   3.6499023e+01
   2.8858980e+06   4.5471191e+01
   2.8859130e+06   7.8735352e+01
   2.8859650e+06   6.7443848e+01
   2.8859870e+06   1.3653564e+02
   2.8860100e+06   3.7536621e+01
   2.8860290e+06   3.9550781e+01
   2.8860480e+06   3.7475586e+01
   2.8860850e+06   3.9001465e+01
   2.8861000e+06   1.3562012e+02
   2.8862170e+06   1.3507080e+02
   2.8862560e+06   3.9428711e+01
   2.8863620e+06   1.1230469e+02
   2.8865330e+06   1.1932373e+02
   2.8868050e+06   1.2908936e+02
   2.8871400e+06   1.1340332e+02
   2.8873930e+06   1.1303711e+02
   2.9006490e+06   4.4616699e+01
   2.9007810e+06   1.7932129e+02
   2.9008340e+06   3.7597656e+01
   2.9008670e+06   4.7546387e+01
   2.9009130e+06   5.7556152e+01
   2.9009440e+06   4.0283203e+01
   2.9009790e+06   3.7597656e+01
   2.9010350e+06   5.0476074e+01
   2.9011450e+06   1.3970947e+02
   2.9013890e+06   1.2683105e+02
   2.9016660e+06   1.0827637e+02
   2.9019500e+06   1.0809326e+02
   2.9105600e+06   3.6560059e+01
   3.0673670e+06   1.3812256e+02
   3.1741780e+06   5.8288574e+01
   3.1742940e+06   1.4587402e+02
   3.1745230e+06   1.3409424e+02
   3.1747420e+06   1.1499023e+02
   3.1750130e+06   1.0949707e+02
   3.1751820e+06   8.2336426e+01
   3.1753560e+06   5.9509277e+01
   3.1755290e+06   4.9377441e+01
   3.1757080e+06   6.9213867e+01
   3.1761670e+06   5.8410645e+01
   3.1763080e+06   3.7719727e+01
   3.1766160e+06   4.8278809e+01
   3.1779950e+06   7.7941895e+01
   3.2467590e+06   4.3518066e+01
   3.2468080e+06   3.6621094e+01
   3.2468310e+06   3.9245605e+01
   3.2468640e+06   1.5240479e+02
   3.2468770e+06   3.7963867e+01
   3.2468980e+06   4.7363281e+01
   3.2469360e+06   4.1381836e+01
   3.2469640e+06   5.8776855e+01
   3.2469800e+06   1.1273193e+02
   3.2469990e+06   4.9621582e+01
   3.2470360e+06   3.9123535e+01
   3.2470980e+06   4.0893555e+01
   3.2471170e+06   1.1749268e+02
   3.2471590e+06   5.2307129e+01
   3.2471990e+06   3.6865234e+01
   3.2472530e+06   1.1828613e+02
   3.2474330e+06   1.2115479e+02
   3.2477000e+06   1.2115479e+02
   3.2479810e+06   1.1059570e+02
   3.2486100e+06   1.1291504e+02
   3.2585550e+06   3.8818359e+01
   3.2585950e+06   3.7841797e+01
   3.2586250e+06   4.2114258e+01
   3.2586380e+06   1.4239502e+02
   3.2586640e+06   4.6020508e+01
   3.2587110e+06   4.1381836e+01
   3.2587730e+06   3.8452148e+01
   3.2587860e+06   4.0771484e+01
   3.2587970e+06   1.1645508e+02
   3.2588460e+06   4.2846680e+01
   3.2588710e+06   3.7048340e+01
   3.2588900e+06   4.0344238e+01
   3.2589340e+06   4.7424316e+01
   3.2589880e+06   3.7414551e+01
   3.2590080e+06   1.0644531e+02
   3.2591360e+06   3.7292480e+01
   3.2592420e+06   1.1456299e+02
   3.2595040e+06   1.1126709e+02
   3.2600090e+06   9.9365234e+01
   3.2603720e+06   1.0742188e+02
   3.2608130e+06   3.6437988e+01
   3.3845210e+06   5.9936523e+01
   3.3845400e+06   3.9672852e+01
   3.3845720e+06   6.6101074e+01
   3.3845860e+06   3.7841797e+01
   3.3846220e+06   4.9255371e+01
   3.3846330e+06   4.9072266e+01
   3.3846700e+06   1.3513184e+02
   3.3846900e+06   3.7048340e+01
   3.3847230e+06   4.0222168e+01
   3.3847450e+06   4.0893555e+01
   3.3847850e+06   1.1993408e+02
   3.3849010e+06   1.1370850e+02
   3.3850470e+06   1.2622070e+02
   3.3852290e+06   1.1645508e+02
   3.3855050e+06   1.1096191e+02
   3.3857120e+06   7.6965332e+01
   3.3860000e+06   1.0357666e+02
   3.4068680e+06   3.6376953e+01
   3.4072070e+06   1.5179443e+02
   3.4083640e+06   3.6132812e+01
   3.4110220e+06   1.1724854e+02
   3.4111950e+06   1.2219238e+02
   3.4113160e+06   8.1787109e+01
   3.4115550e+06   1.0491943e+02
   3.4117320e+06   9.4604492e+01
   3.4119900e+06   1.0461426e+02
   3.4122870e+06   8.6547852e+01
   3.4123830e+06   3.6376953e+01
   3.4124900e+06   5.2551270e+01
   3.4128430e+06   8.0017090e+01
   3.4132060e+06   8.9416504e+01
   3.4136890e+06   7.4768066e+01
   3.4767090e+06   6.5856934e+01
   3.4901380e+06   1.3305664e+02
   3.4905970e+06   1.4678955e+02
   3.4907760e+06   1.1804199e+02
   3.4909410e+06   8.9477539e+01
   3.4910560e+06   5.4565430e+01
   3.4913560e+06   1.1090088e+02
   3.4915900e+06   8.0017090e+01
   3.4917780e+06   6.9274902e+01
   3.4921190e+06   9.4604492e+01
   3.4925340e+06   9.6923828e+01
   3.4930100e+06   9.2529297e+01
   3.4934080e+06   8.5205078e+01
   3.5394090e+06   4.6875000e+01
   3.5394650e+06   4.6081543e+01
   3.5394850e+06   6.0546875e+01
   3.5395140e+06   4.1564941e+01
   3.5395540e+06   1.3671875e+02
   3.5395660e+06   4.6081543e+01
   3.5396110e+06   3.9245605e+01
   3.5396410e+06   3.9916992e+01
   3.5396670e+06   1.0961914e+02
   3.5397920e+06   1.1773682e+02
   3.5398140e+06   3.7475586e+01
   3.5399670e+06   1.2585449e+02
   3.5400220e+06   4.2419434e+01
   3.5401270e+06   4.0893555e+01
   3.5401780e+06   1.0876465e+02
   3.5405440e+06   4.1015625e+01
   3.6699710e+06   1.4202881e+02
   3.7079790e+06   1.3720703e+02
   3.7302540e+06   3.9978027e+01
   3.7303130e+06   3.6865234e+01
   3.7303380e+06   3.9733887e+01
   3.7303540e+06   3.8940430e+01
   3.7303900e+06   1.3598633e+02
   3.7304050e+06   4.2968750e+01
   3.7304290e+06   3.9855957e+01
   3.7305140e+06   1.2335205e+02
   3.7305440e+06   4.6142578e+01
   3.7306320e+06   1.1083984e+02
   3.7306430e+06   4.3395996e+01
   3.7308890e+06   1.4288330e+02
   3.7310760e+06   1.1486816e+02
   3.7313540e+06   3.7414551e+01
   3.7314030e+06   1.1737061e+02
   3.7317930e+06   1.1010742e+02
   3.7321960e+06   1.0968018e+02
   3.7326050e+06   1.1706543e+02
   3.7330780e+06   1.0711670e+02
   3.7796690e+06   1.3952637e+02
   3.7865120e+06   1.3818359e+02
   3.7876630e+06   3.7475586e+01
   3.7878050e+06   1.2823486e+02
   3.8370570e+06   3.8330078e+01
   3.8374900e+06   3.7353516e+01
   3.8375680e+06   1.2884521e+02
   3.8636540e+06   1.3702393e+02
   3.8870480e+06   1.3928223e+02
   3.9061020e+06   1.4123535e+02
   3.9072630e+06   4.0466309e+01
   3.9081370e+06   1.2493896e+02
   3.9114470e+06   1.2695312e+02
   3.9314670e+06   1.3623047e+02
   3.9483930e+06   4.5715332e+01
   3.9484590e+06   4.8522949e+01
   3.9484690e+06   4.6325684e+01
   3.9485040e+06   3.8818359e+01
   3.9485190e+06   3.6499023e+01
   3.9485440e+06   1.4239502e+02
   3.9485550e+06   3.7719727e+01
   3.9485850e+06   6.1462402e+01
   3.9486360e+06   4.2114258e+01
   3.9486770e+06   1.3665771e+02
   3.9488060e+06   1.1242676e+02
   3.9488930e+06   3.6071777e+01
   3.9489830e+06   1.2725830e+02
   3.9490030e+06   3.8208008e+01
   3.9490960e+06   4.3395996e+01
   3.9492170e+06   1.0717773e+02
   3.9494390e+06   1.0913086e+02
   4.0065880e+06   1.4013672e+02
   4.0070810e+06   1.2103271e+02
   4.0075810e+06   1.3372803e+02
   4.0347780e+06   1.3348389e+02
   4.0373140e+06   1.3629150e+02
   4.0383220e+06   1.2713623e+02
   4.0516020e+06   3.7292480e+01
   4.0688200e+06   1.3226318e+02
   4.0699300e+06   1.2298584e+02
   4.0710480e+06   1.3159180e+02
   4.0892590e+06   1.2365723e+02
   4.0903610e+06   1.3525391e+02
   4.0948310e+06   1.3336182e+02
   4.0950240e+06   3.6315918e+01
   4.1134630e+06   3.9672852e+01
   4.1135060e+06   4.1931152e+01
   4.1135390e+06   3.9123535e+01
   4.1135830e+06   4.5227051e+01
   4.1136200e+06   1.4868164e+02
   4.1136370e+06   3.7841797e+01
   4.1136490e+06   4.6447754e+01
   4.1136770e+06   3.6437988e+01
   4.1137510e+06   1.2390137e+02
   4.1137950e+06   5.0170898e+01
   4.1138120e+06   3.9733887e+01
   4.1138880e+06   1.2835693e+02
   4.1138990e+06   4.7119141e+01
   4.1140880e+06   1.1291504e+02
   4.1143250e+06   1.1267090e+02
   4.1145730e+06   1.1279297e+02
   4.1148510e+06   1.0607910e+02
   4.1721550e+06   1.3964844e+02
   4.1730600e+06   1.2872314e+02
   4.1736000e+06   1.2158203e+02
   4.1751570e+06   1.2261963e+02
   4.1758340e+06   1.1047363e+02
   4.1761070e+06   1.2072754e+02
   4.2097770e+06   1.3635254e+02
   4.2103830e+06   1.3800049e+02
   4.2107950e+06   1.3647461e+02
   4.2148980e+06   1.2792969e+02
   4.2257950e+06   4.4006348e+01
   4.2258330e+06   4.4006348e+01
   4.2258740e+06   5.2978516e+01
   4.2258980e+06   5.8105469e+01
   4.2259320e+06   4.3518066e+01
   4.2259630e+06   1.3952637e+02
   4.2259850e+06   4.4067383e+01
   4.2260340e+06   4.1687012e+01
   4.2260620e+06   4.2663574e+01
   4.2260910e+06   1.3037109e+02
   4.2261750e+06   5.3710937e+01
   4.2262310e+06   1.1773682e+02
   4.2264640e+06   1.0882568e+02
   4.2267780e+06   1.1505127e+02
   4.2816450e+06   1.3793945e+02
   4.2824430e+06   1.2854004e+02
   4.2828990e+06   1.2011719e+02
   4.2833680e+06   1.1914062e+02
   4.2908690e+06   1.3641357e+02
   4.3293630e+06   1.4575195e+02
   4.3305010e+06   1.4727783e+02
   4.3316730e+06   1.1981201e+02
   4.3668990e+06   3.6437988e+01
   4.3704920e+06   1.4166260e+02
   4.3717540e+06   1.2841797e+02
   4.3732360e+06   1.2548828e+02
   4.3748590e+06   3.6193848e+01
   4.3752140e+06   1.2536621e+02
   4.3993390e+06   1.2518311e+02
   4.4000700e+06   1.1230469e+02
   4.4006920e+06   1.2243652e+02
   4.4011000e+06   1.0644531e+02
   4.4018600e+06   1.1822510e+02
   4.4039660e+06   1.1468506e+02
   4.4290900e+06   1.2359619e+02
   4.4297080e+06   1.1926270e+02
   4.4303940e+06   1.1468506e+02
   4.4309170e+06   1.1761475e+02
   4.4314850e+06   1.1737061e+02
   4.4328730e+06   1.0992432e+02
   4.4564570e+06   1.4636230e+02
   4.4565290e+06   3.6193848e+01
   4.4569850e+06   1.1328125e+02
   4.4576010e+06   1.3378906e+02
   4.4581620e+06   1.1633301e+02
   4.4583900e+06   9.4970703e+01
   4.4588430e+06   8.9965820e+01
   4.4597510e+06   9.7045898e+01
   4.4835840e+06   3.6743164e+01
   4.4836980e+06   1.3165283e+02
   4.4837450e+06   3.7536621e+01
   4.4840880e+06   1.3616943e+02
   4.4843840e+06   1.2292480e+02
   4.4847370e+06   1.1102295e+02
   4.4855800e+06   1.1840820e+02
   4.4862090e+06   9.6740723e+01
   4.4869280e+06   9.6130371e+01
   4.5117500e+06   1.2835693e+02
   4.5120360e+06   1.2823486e+02
   4.5130690e+06   3.6804199e+01
   4.5131120e+06   1.2164307e+02
   4.5134600e+06   1.0638428e+02
   4.5141020e+06   1.1151123e+02
   4.5147120e+06   9.8571777e+01
   4.5150790e+06   9.7900391e+01
   4.5161000e+06   9.5825195e+01
   4.5378560e+06   1.2890625e+02
   4.5381000e+06   1.1553955e+02
   4.5385880e+06   1.2554932e+02
   4.5391450e+06   1.0089111e+02
   4.5393870e+06   1.0192871e+02
   4.5400320e+06   9.9609375e+01
   4.5406840e+06   1.0375977e+02
   4.5410910e+06   9.4726562e+01
   4.5687610e+06   1.3793945e+02
   4.5690040e+06   1.2072754e+02
   4.5693850e+06   3.7902832e+01
   4.5694580e+06   1.2500000e+02
   4.5697610e+06   9.7717285e+01
   4.5702170e+06   1.0314941e+02
   4.5707850e+06   1.0101318e+02
   4.5715320e+06   1.0546875e+02
   4.5718480e+06   9.0148926e+01
   4.5958210e+06   3.6560059e+01
   4.5959380e+06   1.2744141e+02
   4.5961860e+06   1.2615967e+02
   4.5965420e+06   1.2268066e+02
   4.5970830e+06   1.0864258e+02
   4.5978230e+06   1.0394287e+02
   4.5985060e+06   1.0534668e+02
   4.6167240e+06   1.2231445e+02
   4.6171610e+06   1.1614990e+02
   4.6175400e+06   1.2145996e+02
   4.6178590e+06   1.1859131e+02
   4.6183670e+06   9.8266602e+01
   4.6188060e+06   1.0485840e+02
   4.6193440e+06   1.0437012e+02
   4.6445120e+06   4.0222168e+01
   4.6446000e+06   1.3568115e+02
   4.6449280e+06   1.4263916e+02
   4.6453020e+06   1.1914062e+02
   4.6455380e+06   9.8144531e+01
   4.6629280e+06   1.2780762e+02
   4.6634470e+06   1.3732910e+02
   4.6638990e+06   1.1791992e+02
   4.6644430e+06   1.1437988e+02
   4.6989830e+06   4.2175293e+01
   4.7015660e+06   1.2786865e+02
   4.7020040e+06   1.1846924e+02
   4.7403920e+06   3.8818359e+01
   4.7485140e+06   1.5191650e+02
   4.7992090e+06   3.8085938e+01
   4.7992790e+06   4.2358398e+01
   4.7993030e+06   1.4697266e+02
   4.7993240e+06   7.1838379e+01
   4.7993530e+06   3.7048340e+01
   4.7993750e+06   4.1687012e+01
   4.7993950e+06   5.1574707e+01
   4.7994120e+06   1.1157227e+02
   4.7994560e+06   3.7902832e+01
   4.7994880e+06   3.7170410e+01
   4.7995330e+06   1.2414551e+02
   4.7995730e+06   4.0283203e+01
   4.7995960e+06   3.6376953e+01
   4.7996200e+06   3.6376953e+01
   4.7996660e+06   1.2280273e+02
   4.7998270e+06   1.0894775e+02
   4.8000220e+06   1.1749268e+02
   4.8003770e+06   1.0705566e+02
   4.8031860e+06   1.1383057e+02
   4.8115700e+06   1.3104248e+02
   4.8117490e+06   1.1444092e+02
   4.8118040e+06   3.6132812e+01
   4.8119590e+06   1.0278320e+02
   4.8121460e+06   9.1796875e+01
   4.8123830e+06   8.2397461e+01
   4.8126060e+06   8.4289551e+01
   4.8128650e+06   7.5561523e+01
   4.8131440e+06   7.6416016e+01
   4.8134150e+06   7.1228027e+01
   4.8137390e+06   8.4899902e+01
   4.8141460e+06   8.5266113e+01
   4.8872370e+06   4.0222168e+01
   4.8872660e+06   7.8186035e+01
   4.8873060e+06   5.5053711e+01
   4.8873540e+06   1.4294434e+02
   4.8873680e+06   4.7973633e+01
   4.8874390e+06   3.7719727e+01
   4.8874650e+06   1.2915039e+02
   4.8875770e+06   1.3745117e+02
   4.8875870e+06   4.0649414e+01
   4.8876630e+06   4.5776367e+01
   4.8877330e+06   1.1413574e+02
   4.8877790e+06   4.3334961e+01
   4.8878930e+06   4.5898438e+01
   4.8879270e+06   1.1602783e+02
   4.8881800e+06   1.0754395e+02
   4.8887930e+06   3.7841797e+01
   4.9765200e+06   3.6437988e+01
   4.9838350e+06   3.7231445e+01
   5.0030890e+06   3.6560059e+01
   5.0669190e+06   4.6691895e+01
   5.0669530e+06   3.7414551e+01
   5.0669720e+06   4.2297363e+01
   5.0669920e+06   4.1381836e+01
   5.0670140e+06   4.2541504e+01
   5.0670240e+06   3.6376953e+01
   5.0670450e+06   1.4410400e+02
   5.0670770e+06   5.4077148e+01
   5.0671020e+06   4.0832520e+01
   5.0671180e+06   4.1015625e+01
   5.0671420e+06   3.9428711e+01
   5.0671580e+06   1.2689209e+02
   5.0672190e+06   4.1198730e+01
   5.0672600e+06   1.2145996e+02
   5.0673050e+06   3.9489746e+01
   5.0674040e+06   1.1572266e+02
   5.0675690e+06   1.1096191e+02
   5.0677980e+06   1.1419678e+02
   5.0680630e+06   1.0485840e+02
   5.0684550e+06   1.1254883e+02
   5.1993080e+06   1.3836670e+02
   5.2027160e+06   5.7067871e+01
   5.2028580e+06   5.5236816e+01
   5.2030770e+06   1.1657715e+02
   5.2030970e+06   3.7536621e+01
   5.2033270e+06   1.1639404e+02
   5.2035280e+06   1.2243652e+02
   5.2037210e+06   1.0461426e+02
   5.2039750e+06   6.7993164e+01
   5.2042050e+06   7.4462891e+01
   5.2045160e+06   3.8330078e+01
   5.2047090e+06   4.3640137e+01
   5.2049280e+06   3.9672852e+01
   5.2060170e+06   6.3537598e+01
   5.2066630e+06   8.5327148e+01
   5.2592970e+06   4.1259766e+01
   5.2593300e+06   3.6621094e+01
   5.2593450e+06   3.8940430e+01
   5.2593840e+06   5.4504395e+01
   5.2594090e+06   3.6560059e+01
   5.2594240e+06   4.4616699e+01
   5.2594360e+06   1.2683105e+02
   5.2594590e+06   4.6569824e+01
   5.2594690e+06   4.7546387e+01
   5.2594890e+06   4.5410156e+01
   5.2595190e+06   3.7292480e+01
   5.2595440e+06   1.3946533e+02
   5.2595650e+06   3.8146973e+01
   5.2596520e+06   3.7414551e+01
   5.2596660e+06   1.1706543e+02
   5.2598130e+06   1.2237549e+02
   5.2599800e+06   1.1767578e+02
   5.2606900e+06   1.0418701e+02
   5.2622840e+06   1.1633301e+02
   5.2629560e+06   1.1462402e+02
   5.2749050e+06   3.6926270e+01
   5.2749390e+06   5.7495117e+01
   5.2750400e+06   5.3466797e+01
   5.2750620e+06   1.3018799e+02
   5.2750730e+06   3.8818359e+01
   5.2751250e+06   4.8889160e+01
   5.2751620e+06   3.9489746e+01
   5.2751860e+06   4.5715332e+01
   5.2752010e+06   1.0455322e+02
   5.2752350e+06   5.4321289e+01
   5.2752910e+06   3.8818359e+01
   5.2753500e+06   4.3090820e+01
   5.2753740e+06   1.0571289e+02
   5.2754180e+06   4.7851562e+01
   5.2755920e+06   1.0131836e+02
   5.2758280e+06   1.0528564e+02
   5.2761000e+06   1.0107422e+02
   5.2763580e+06   9.2956543e+01
   5.3382900e+06   4.1320801e+01
   5.3383320e+06   3.9489746e+01
   5.3383490e+06   4.1015625e+01
   5.3383710e+06   5.2368164e+01
   5.3383900e+06   6.1401367e+01
   5.3384020e+06   4.2602539e+01
   5.3384300e+06   1.3824463e+02
   5.3384480e+06   5.0964355e+01
   5.3384750e+06   3.7109375e+01
   5.3385150e+06   4.2114258e+01
   5.3385390e+06   1.0809326e+02
   5.3385640e+06   3.6376953e+01
   5.3386540e+06   1.2475586e+02
   5.3387970e+06   1.0888672e+02
   5.3388260e+06   3.7902832e+01
   5.3389990e+06   1.1633301e+02
   5.3392340e+06   1.0290527e+02
   5.3394690e+06   1.1901855e+02
   5.3397520e+06   1.0247803e+02
   5.3401130e+06   8.7890625e+01
   5.3406080e+06   1.0125732e+02
   5.6413780e+06   1.4642334e+02
   5.7095190e+06   1.4038086e+02
   5.7388460e+06   1.4056396e+02
   5.7507330e+06   3.9550781e+01
   5.7507640e+06   4.4738770e+01
   5.7507940e+06   6.8725586e+01
   5.7508280e+06   6.0241699e+01
   5.7508460e+06   1.2695312e+02
   5.7508650e+06   4.4799805e+01
   5.7509000e+06   4.0832520e+01
   5.7509180e+06   4.0283203e+01
   5.7509510e+06   1.3391113e+02
   5.7509730e+06   4.1625977e+01
   5.7510030e+06   5.0292969e+01
   5.7510610e+06   1.3653564e+02
   5.7511150e+06   3.7475586e+01
   5.7512010e+06   1.2225342e+02
   5.7514150e+06   1.3000488e+02
   5.7515970e+06   1.1840820e+02
   5.7633970e+06   4.4189453e+01
   5.7634710e+06   4.8767090e+01
   5.7635150e+06   4.1076660e+01
   5.7635400e+06   8.7402344e+01
   5.7635850e+06   1.1706543e+02
   5.7636370e+06   4.2480469e+01
   5.7636570e+06   4.1076660e+01
   5.7637200e+06   3.6804199e+01
   5.7637940e+06   4.1809082e+01
   5.7638520e+06   3.9489746e+01
   5.7639060e+06   1.2554932e+02
   5.7639170e+06   5.2978516e+01
   5.7639830e+06   3.6071777e+01
   5.7640180e+06   3.8513184e+01
   5.7641010e+06   1.1059570e+02
   5.7641530e+06   3.6621094e+01
   5.7643210e+06   1.1737061e+02
   5.7645870e+06   1.1004639e+02
   5.7665390e+06   1.1279297e+02
   5.8127140e+06   3.6437988e+01
   5.8875530e+06   1.2152100e+02
   5.8880230e+06   1.3250732e+02
   5.9164830e+06   1.2615967e+02
   5.9482230e+06   1.3537598e+02
   6.0823510e+06   4.1992188e+01
   6.0823620e+06   3.7963867e+01
   6.0824050e+06   3.7780762e+01
   6.0824260e+06   4.4921875e+01
   6.0824450e+06   4.5410156e+01
   6.0824580e+06   1.5454102e+02
   6.0824830e+06   4.4982910e+01
   6.0825040e+06   6.1279297e+01
   6.0825230e+06   6.0302734e+01
   6.0825720e+06   1.3580322e+02
   6.0825870e+06   3.8391113e+01
   6.0826750e+06   4.6081543e+01
   6.0827860e+06   4.5410156e+01
   6.0828250e+06   1.1627197e+02
   6.0828600e+06   4.6508789e+01
   6.0830100e+06   4.0710449e+01
   6.0830280e+06   1.1212158e+02
   6.0832450e+06   1.1352539e+02
   6.0835320e+06   1.1572266e+02
   6.0838180e+06   1.1322021e+02
   6.0841060e+06   9.5336914e+01
   6.0844860e+06   9.6313477e+01
   6.0848900e+06   9.9548340e+01
   6.0964040e+06   3.6254883e+01
   6.0964460e+06   3.9123535e+01
   6.0964800e+06   3.9916992e+01
   6.0965070e+06   5.2612305e+01
   6.0965440e+06   4.1748047e+01
   6.0965580e+06   3.9306641e+01
   6.0965860e+06   1.2615967e+02
   6.0966010e+06   5.4443359e+01
   6.0966280e+06   3.6743164e+01
   6.0966780e+06   3.6743164e+01
   6.0966910e+06   5.4809570e+01
   6.0967200e+06   1.1840820e+02
   6.0968060e+06   3.7536621e+01
   6.0968870e+06   9.7412109e+01
   6.0969470e+06   4.3395996e+01
   6.0969630e+06   3.7170410e+01
   6.0969890e+06   3.8574219e+01
   6.0970460e+06   4.5654297e+01
   6.0971250e+06   1.1456299e+02
   6.0973550e+06   1.0083008e+02
   6.0979110e+06   3.7658691e+01
   6.0980200e+06   1.0815430e+02
   6.0983430e+06   9.4543457e+01
   6.3474920e+06   4.8828125e+01
   6.3475790e+06   1.3885498e+02
   6.3476130e+06   5.0842285e+01
   6.3477190e+06   1.0833740e+02
   6.3477760e+06   3.6071777e+01
   6.3477970e+06   5.0292969e+01
   6.3478980e+06   1.2219238e+02
   6.3480900e+06   1.0522461e+02
   6.3482730e+06   1.0632324e+02
   6.3484660e+06   8.5876465e+01
   6.3487520e+06   6.6650391e+01
   6.3491320e+06   8.7707520e+01
   6.3503880e+06   7.2814941e+01
   6.3508340e+06   4.4921875e+01
   6.3511310e+06   5.6396484e+01
   6.3518230e+06   8.9294434e+01
   6.3531530e+06   9.2468262e+01
   6.3540520e+06   8.9111328e+01
   6.4085630e+06   1.4709473e+02
   6.4429500e+06   1.3934326e+02
   6.4575260e+06   4.7241211e+01
   6.4575400e+06   4.7180176e+01
   6.4575580e+06   5.6701660e+01
   6.4575880e+06   4.0344238e+01
   6.4576040e+06   1.6088867e+02
   6.4576670e+06   4.5104980e+01
   6.4576780e+06   4.7302246e+01
   6.4577040e+06   1.0577393e+02
   6.4577820e+06   3.7292480e+01
   6.4578200e+06   1.2280273e+02
   6.4578960e+06   4.8217773e+01
   6.4579570e+06   4.7424316e+01
   6.4580480e+06   3.8146973e+01
   6.4581310e+06   1.1218262e+02
   6.4581520e+06   3.7231445e+01
   6.4583400e+06   1.1761475e+02
   6.4585650e+06   1.0919189e+02
   6.4709130e+06   3.8879395e+01
   6.4709960e+06   4.0954590e+01
   6.4710210e+06   1.0638428e+02
   6.4710610e+06   4.7119141e+01
   6.4710900e+06   5.4748535e+01
   6.4711560e+06   1.1871338e+02
   6.4711870e+06   4.9865723e+01
   6.4711970e+06   3.8696289e+01
   6.4713240e+06   1.0205078e+02
   6.4713410e+06   3.7353516e+01
   6.4714990e+06   3.6743164e+01
   6.4715260e+06   1.2158203e+02
   6.4718070e+06   1.2078857e+02
   6.4720380e+06   8.7341309e+01
   6.4723130e+06   1.0113525e+02
   6.5457470e+06   1.3177490e+02
   6.5841510e+06   3.9550781e+01
   6.5846790e+06   1.3079834e+02
   6.5967850e+06   1.4257812e+02
   6.6308750e+06   1.3671875e+02
   6.6749550e+06   1.3555908e+02
   6.7041150e+06   1.4776611e+02
   6.7060720e+06   3.8574219e+01
   6.7347800e+06   1.4349365e+02
   6.7787190e+06   3.6926270e+01
   6.7818720e+06   1.4160156e+02
   6.8341650e+06   1.4678955e+02
   6.8506860e+06   1.2835693e+02
   6.8507070e+06   5.8715820e+01
   6.8507370e+06   4.6264648e+01
   6.8507660e+06   7.0373535e+01
   6.8507810e+06   3.6010742e+01
   6.8508050e+06   1.2823486e+02
   6.8508420e+06   5.1818848e+01
   6.8509190e+06   1.0327148e+02
   6.8509940e+06   4.0222168e+01
   6.8510310e+06   3.8269043e+01
   6.8510980e+06   1.2640381e+02
   6.8511150e+06   5.6396484e+01
   6.8511990e+06   3.7475586e+01
   6.8512450e+06   1.1260986e+02
   6.8514440e+06   1.1541748e+02
   6.8517550e+06   1.0852051e+02
   6.8520230e+06   9.9792480e+01
   6.8522920e+06   1.1688232e+02
   6.8641450e+06   3.6071777e+01
   6.8642320e+06   5.2368164e+01
   6.8642740e+06   3.6926270e+01
   6.8643080e+06   1.4642334e+02
   6.8643240e+06   4.9255371e+01
   6.8643590e+06   3.6621094e+01
   6.8643960e+06   3.8085938e+01
   6.8644070e+06   7.4157715e+01
   6.8644490e+06   1.1785889e+02
   6.8644800e+06   3.6560059e+01
   6.8644990e+06   3.9428711e+01
   6.8645420e+06   4.0588379e+01
   6.8646100e+06   3.6804199e+01
   6.8646410e+06   1.0559082e+02
   6.8647460e+06   5.1940918e+01
   6.8648540e+06   1.0662842e+02
   6.8649010e+06   3.9001465e+01
   6.8650800e+06   1.0107422e+02
   6.8655180e+06   9.6191406e+01
   6.8658470e+06   9.5275879e+01
   6.8665830e+06   9.9060059e+01
   6.8667460e+06   3.9733887e+01
   6.9393650e+06   1.3916016e+02
   6.9401910e+06   1.3787842e+02
   6.9404610e+06   1.0687256e+02
   6.9408510e+06   3.6132812e+01
   6.9408880e+06   1.1920166e+02
   6.9672150e+06   1.4245605e+02
   6.9677430e+06   1.2927246e+02
   6.9681120e+06   1.2872314e+02
   6.9687820e+06   1.3012695e+02
   6.9889530e+06   1.3439941e+02
   6.9907490e+06   1.4849854e+02
   7.0101520e+06   1.4141846e+02
   7.0110800e+06   1.1535645e+02
   7.0113910e+06   1.2622070e+02
   7.0296820e+06   1.2341309e+02
   7.0305160e+06   1.3153076e+02
   7.0309660e+06   1.2042236e+02
   7.0318580e+06   1.1297607e+02
   7.0481290e+06   1.3690186e+02
   7.0487730e+06   9.7412109e+01
   7.0498100e+06   1.1614990e+02
   7.0628080e+06   1.3000488e+02
   7.0634410e+06   1.2036133e+02
   7.0826920e+06   1.2457275e+02
   7.0830850e+06   1.2164307e+02
   7.0834870e+06   1.0723877e+02
   7.1004600e+06   3.6376953e+01
   7.1005850e+06   1.2829590e+02
   7.1014960e+06   1.2567139e+02
   7.1230710e+06   3.7475586e+01
   7.1231820e+06   1.5173340e+02
   7.1243340e+06   1.1975098e+02
   7.1455710e+06   1.2060547e+02
   7.1460600e+06   1.2152100e+02
   7.1467300e+06   1.2774658e+02
   7.1656300e+06   1.3031006e+02
   7.1665030e+06   1.2573242e+02
   7.1876650e+06   1.3189697e+02
   7.1881880e+06   1.4093018e+02
   7.2068450e+06   1.3952637e+02
   7.2074170e+06   1.1236572e+02
   7.2241010e+06   1.3586426e+02
   7.2414530e+06   1.3623047e+02
   7.2423090e+06   1.1846924e+02
   7.2565630e+06   1.1816406e+02
   7.2568400e+06   3.6437988e+01
   7.2737330e+06   1.3830566e+02
   7.2978500e+06   1.3385010e+02
   7.2984670e+06   1.2322998e+02
   7.3214610e+06   1.2731934e+02
   7.3219080e+06   1.3226318e+02
   7.3498280e+06   1.4245605e+02
   7.3504320e+06   1.2628174e+02
   7.3794890e+06   1.4416504e+02
   7.3809660e+06   1.3482666e+02
   7.4081100e+06   1.3018799e+02
   7.4091940e+06   1.1956787e+02
   7.4352820e+06   1.3397217e+02
   7.4355410e+06   3.6743164e+01
   7.4361380e+06   1.3964844e+02
   7.4390830e+06   1.0980225e+02
   7.4809520e+06   1.3500977e+02
   7.4814780e+06   1.1975098e+02
   7.4818740e+06   1.3085938e+02
   7.4825290e+06   1.1206055e+02
   7.5268990e+06   3.8635254e+01
   7.5269250e+06   5.3527832e+01
   7.5269470e+06   5.8227539e+01
   7.5269830e+06   4.0466309e+01
   7.5270170e+06   5.6518555e+01
   7.5270340e+06   4.4006348e+01
   7.5270710e+06   3.7902832e+01
   7.5270950e+06   1.4038086e+02
   7.5271390e+06   4.4677734e+01
   7.5271680e+06   3.7719727e+01
   7.5271990e+06   1.4544678e+02
   7.5273340e+06   1.3610840e+02
   7.5273610e+06   3.8513184e+01
   7.5274460e+06   4.4616699e+01
   7.5274660e+06   4.5104980e+01
   7.5275030e+06   1.1859131e+02
   7.5276090e+06   3.9001465e+01
   7.5276920e+06   1.1828613e+02
   7.5280170e+06   1.1224365e+02
   7.5283720e+06   1.0516357e+02
   7.5407690e+06   1.1425781e+02
   7.6628440e+06   1.3366699e+02
   7.6772930e+06   1.2969971e+02
   7.7029350e+06   1.4428711e+02
   7.7059520e+06   1.2750244e+02
   7.7067070e+06   1.1737061e+02
   7.7078390e+06   1.2841797e+02
   7.7202160e+06   3.6071777e+01
   7.7202400e+06   5.9020996e+01
   7.7202580e+06   5.5847168e+01
   7.7203120e+06   3.7170410e+01
   7.7203340e+06   3.6376953e+01
   7.7203990e+06   3.8391113e+01
   7.7204260e+06   1.3092041e+02
   7.7205370e+06   5.7800293e+01
   7.7205500e+06   9.6801758e+01
   7.7206550e+06   6.8847656e+01
   7.7206880e+06   1.1865234e+02
   7.7207670e+06   3.6865234e+01
   7.7208580e+06   3.6499023e+01
   7.7208980e+06   1.0504150e+02
   7.7211100e+06   9.9914551e+01
   7.7213920e+06   1.0394287e+02
   7.7215390e+06   3.8879395e+01
   7.7216680e+06   1.1608887e+02
   7.7223080e+06   3.8146973e+01
   7.7358080e+06   1.2951660e+02
   7.7361990e+06   1.0540771e+02
   7.7364580e+06   1.1181641e+02
   7.7366850e+06   8.6059570e+01
   7.7368830e+06   8.0322266e+01
   7.7370900e+06   7.3059082e+01
   7.7373240e+06   5.7006836e+01
   7.7375330e+06   5.6030273e+01
   7.7376890e+06   5.2062988e+01
   7.7377030e+06   6.1706543e+01
   7.7377240e+06   4.0466309e+01
   7.7377350e+06   7.9528809e+01
   7.7377710e+06   4.8400879e+01
   7.7377940e+06   4.5166016e+01
   7.7378210e+06   3.9978027e+01
   7.7379420e+06   4.5959473e+01
   7.7380280e+06   7.3974609e+01
   7.7383830e+06   9.6374512e+01
   7.7407420e+06   3.6376953e+01
   7.8357840e+06   1.3940430e+02
   7.8588360e+06   1.3568115e+02
   7.8605100e+06   1.1718750e+02
   7.8816210e+06   1.3293457e+02
   7.9258870e+06   3.7109375e+01
   7.9488050e+06   1.4111328e+02
   8.0255540e+06   1.3635254e+02
   8.0761750e+06   1.3049316e+02
   8.0914450e+06   1.4550781e+02
   8.0938300e+06   1.2042236e+02
   8.1453100e+06   4.2724609e+01
   8.1758130e+06   1.3732910e+02
   8.1775400e+06   1.3464355e+02
   8.2167090e+06   1.4349365e+02
   8.2436680e+06   1.3671875e+02
   8.3087120e+06   1.4227295e+02
   8.3099100e+06   1.2658691e+02
   8.3270340e+06   4.2114258e+01
   8.3270470e+06   5.6823730e+01
   8.3270640e+06   8.3618164e+01
   8.3270990e+06   5.6823730e+01
   8.3271160e+06   1.6033936e+02
   8.3271460e+06   4.5532227e+01
   8.3271640e+06   6.7260742e+01
   8.3271760e+06   5.0964355e+01
   8.3272200e+06   1.1273193e+02
   8.3272390e+06   4.2541504e+01
   8.3273270e+06   1.2097168e+02
   8.3273940e+06   3.8940430e+01
   8.3274270e+06   3.8269043e+01
   8.3274720e+06   1.1651611e+02
   8.3275760e+06   3.7902832e+01
   8.3276060e+06   4.8217773e+01
   8.3276570e+06   1.1865234e+02
   8.3277530e+06   3.7841797e+01
   8.3278680e+06   1.1254883e+02
   8.3281280e+06   1.0980225e+02
   8.3282260e+06   3.9123535e+01
   8.3283790e+06   1.1340332e+02
   8.3287090e+06   1.0296631e+02
   8.3290240e+06   9.6679688e+01
   8.3314520e+06   3.7109375e+01
   8.3406750e+06   4.4494629e+01
   8.3407030e+06   1.2963867e+02
   8.3407190e+06   5.1025391e+01
   8.3407480e+06   3.8879395e+01
   8.3407770e+06   6.7626953e+01
   8.3408010e+06   4.9499512e+01
   8.3408250e+06   4.3640137e+01
   8.3408570e+06   1.0876465e+02
   8.3408790e+06   3.8085938e+01
   8.3409020e+06   4.8461914e+01
   8.3409430e+06   3.6682129e+01
   8.3409890e+06   6.0058594e+01
   8.3410250e+06   9.7778320e+01
   8.3411570e+06   3.6499023e+01
   8.3412760e+06   1.0473633e+02
   8.3413560e+06   4.0710449e+01
   8.3415570e+06   1.0217285e+02
   8.3418080e+06   9.9121094e+01
   8.3420580e+06   9.5886230e+01
   8.3423460e+06   1.0003662e+02
   8.3424040e+06   3.8940430e+01
   8.3427670e+06   1.0925293e+02
   8.4312120e+06   1.4074707e+02
   8.4321640e+06   1.2634277e+02
   8.4616080e+06   1.3812256e+02
   8.4625970e+06   1.2164307e+02
   8.4948020e+06   3.6743164e+01
   8.4950170e+06   1.3507080e+02
   8.5135410e+06   1.4440918e+02
   8.5318940e+06   1.3623047e+02
   8.5506880e+06   1.2445068e+02
   8.5511500e+06   1.4599609e+02
   8.5715590e+06   3.7536621e+01
   8.6241150e+06   1.3555908e+02
   8.6791730e+06   4.6447754e+01
   8.6792490e+06   1.2304688e+02
   8.6793830e+06   1.3092041e+02
   8.6795450e+06   1.1920166e+02
   8.6797100e+06   1.0040283e+02
   8.6798780e+06   9.4543457e+01
   8.6800240e+06   7.4157715e+01
   8.6802070e+06   8.7463379e+01
   8.6803880e+06   5.2856445e+01
   8.6806020e+06   8.6059570e+01
   8.6808300e+06   7.3669434e+01
   8.6816800e+06   8.4167480e+01
   8.6830090e+06   8.5754395e+01
   8.6839970e+06   9.4848633e+01
   8.6842140e+06   3.8696289e+01
   8.9046970e+06   3.6010742e+01
   8.9047100e+06   5.1025391e+01
   8.9047390e+06   5.0842285e+01
   8.9047500e+06   3.8452148e+01
   8.9047820e+06   3.7170410e+01
   8.9048130e+06   3.7231445e+01
   8.9048290e+06   3.6010742e+01
   8.9048780e+06   1.1499023e+02
   8.9049160e+06   3.8879395e+01
   8.9049480e+06   5.2795410e+01
   8.9049710e+06   1.1718750e+02
   8.9049980e+06   3.7048340e+01
   8.9050440e+06   6.3903809e+01
   8.9050870e+06   3.8757324e+01
   8.9051010e+06   1.1999512e+02
   8.9052020e+06   4.0649414e+01
   8.9052360e+06   1.1334229e+02
   8.9052970e+06   4.0588379e+01
   8.9054360e+06   1.2109375e+02
   8.9056470e+06   1.0528564e+02
   8.9059200e+06   1.0559082e+02
   8.9181960e+06   4.1625977e+01
   8.9183200e+06   9.6862793e+01
   8.9183700e+06   5.0048828e+01
   8.9183840e+06   4.1748047e+01
   8.9184480e+06   4.2541504e+01
   8.9184860e+06   1.3287354e+02
   8.9185150e+06   5.3466797e+01
   8.9185770e+06   8.2763672e+01
   8.9186060e+06   4.1198730e+01
   8.9186390e+06   3.6132812e+01
   8.9186650e+06   1.1383057e+02
   8.9187200e+06   3.6621094e+01
   8.9187320e+06   5.7983398e+01
   8.9188320e+06   4.7973633e+01
   8.9188900e+06   1.0644531e+02
   8.9190270e+06   3.7902832e+01
   8.9190750e+06   9.9914551e+01
   8.9193640e+06   1.0565186e+02
   8.9196670e+06   1.0345459e+02
   8.9199050e+06   9.0820312e+01
   8.9262490e+06   6.1950684e+01
   8.9264260e+06   6.4453125e+01
   8.9265340e+06   4.8645020e+01
   8.9278890e+06   3.9001465e+01
   8.9280120e+06   3.6865234e+01
   8.9284690e+06   4.4433594e+01
   8.9286520e+06   3.9855957e+01
   8.9288270e+06   4.3273926e+01
   8.9289880e+06   5.5480957e+01
   8.9292180e+06   5.1635742e+01
   8.9295220e+06   4.6447754e+01
   8.9298950e+06   4.4128418e+01
   8.9302120e+06   5.1147461e+01
   8.9309600e+06   6.6894531e+01
   8.9326060e+06   5.7617188e+01
   8.9330820e+06   5.2062988e+01
   8.9338810e+06   5.3833008e+01
   8.9343170e+06   6.0485840e+01
   8.9348830e+06   5.4443359e+01
   8.9353270e+06   5.0964355e+01
   8.9379540e+06   5.3894043e+01
   8.9384740e+06   4.9316406e+01
   8.9390430e+06   5.1391602e+01
   8.9404240e+06   5.8410645e+01
   8.9411140e+06   5.4992676e+01
   8.9418580e+06   5.4931641e+01
   8.9444360e+06   4.9377441e+01
   8.9459800e+06   5.4992676e+01
   8.9489910e+06   5.5725098e+01
   9.0127320e+06   1.4373779e+02
   9.0495620e+06   1.5661621e+02
   9.0662300e+06   1.3128662e+02
   9.0673020e+06   1.3305664e+02
   9.0833070e+06   1.2097168e+02
   9.0849270e+06   3.7231445e+01
   9.0943400e+06   4.3334961e+01
   9.0943960e+06   6.2500000e+01
   9.0944340e+06   1.4447021e+02
   9.0945420e+06   4.7485352e+01
   9.0945740e+06   1.2487793e+02
   9.0946860e+06   4.0893555e+01
   9.0947170e+06   1.0266113e+02
   9.0948870e+06   9.5275879e+01
   9.0950380e+06   8.4045410e+01
   9.0952450e+06   9.3078613e+01
   9.0954870e+06   9.6374512e+01
   9.0958430e+06   9.7839355e+01
   9.0962450e+06   1.0235596e+02
   9.0977290e+06   1.0144043e+02
   9.1415780e+06   1.3073730e+02
   9.1426060e+06   1.1376953e+02
   9.1429190e+06   1.2835693e+02
   9.1431860e+06   1.0266113e+02
   9.1434200e+06   9.7045898e+01
   9.1436920e+06   1.0333252e+02
   9.1438590e+06   6.4208984e+01
   9.1441220e+06   8.9782715e+01
   9.1443520e+06   7.8491211e+01
   9.1446100e+06   8.7158203e+01
   9.1448870e+06   8.2458496e+01
   9.1455020e+06   8.7707520e+01
   9.1871850e+06   1.1828613e+02
   9.1879510e+06   1.2933350e+02
   9.1882790e+06   1.1505127e+02
   9.1885260e+06   1.1596680e+02
   9.1887730e+06   9.8266602e+01
   9.1890540e+06   1.0552979e+02
   9.1892760e+06   9.3933105e+01
   9.1894860e+06   8.6181641e+01
   9.1897430e+06   8.9233398e+01
   9.1900890e+06   9.0148926e+01
   9.1908420e+06   9.1430664e+01
   9.2279240e+06   1.4038086e+02
   9.2282710e+06   1.2438965e+02
   9.2286140e+06   1.1486816e+02
   9.2290110e+06   1.1602783e+02
   9.2293950e+06   1.0406494e+02
   9.2299270e+06   1.0607910e+02
   9.2302550e+06   1.0302734e+02
   9.2305420e+06   1.0070801e+02
   9.2309860e+06   9.6130371e+01
   9.2555600e+06   4.1503906e+01
   9.2555760e+06   5.4931641e+01
   9.2556300e+06   3.8879395e+01
   9.2556430e+06   3.7719727e+01
   9.2556590e+06   4.9377441e+01
   9.2556820e+06   1.3836670e+02
   9.2557340e+06   4.3273926e+01
   9.2557470e+06   3.7109375e+01
   9.2557910e+06   1.2579346e+02
   9.2558020e+06   4.2175293e+01
   9.2558470e+06   4.3701172e+01
   9.2558900e+06   4.1015625e+01
   9.2559100e+06   1.0809326e+02
   9.2559420e+06   4.2175293e+01
   9.2559740e+06   3.6437988e+01
   9.2560460e+06   1.1535645e+02
   9.2562120e+06   1.0632324e+02
   9.2564460e+06   1.0284424e+02
   9.2566840e+06   9.7167969e+01
   9.2711700e+06   3.8757324e+01
   9.2711950e+06   6.6711426e+01
   9.2712470e+06   4.6264648e+01
   9.2712670e+06   3.9489746e+01
   9.2713380e+06   4.8706055e+01
   9.2713500e+06   7.2204590e+01
   9.2713920e+06   1.4056396e+02
   9.2714130e+06   3.7597656e+01
   9.2714350e+06   4.0405273e+01
   9.2714660e+06   4.0222168e+01
   9.2714890e+06   4.4006348e+01
   9.2715170e+06   3.8818359e+01
   9.2715340e+06   1.3568115e+02
   9.2715560e+06   4.4982910e+01
   9.2716220e+06   4.6325684e+01
   9.2716930e+06   4.2175293e+01
   9.2717050e+06   9.5397949e+01
   9.2717990e+06   3.8208008e+01
   9.2718230e+06   3.9184570e+01
   9.2718550e+06   3.6560059e+01
   9.2718880e+06   1.0345459e+02
   9.2719380e+06   3.6071777e+01
   9.2719790e+06   4.0344238e+01
   9.2722270e+06   1.0388184e+02
   9.2722850e+06   3.9550781e+01
   9.2724820e+06   1.0339355e+02
   9.2727450e+06   9.7656250e+01
   9.3522590e+06   1.2664795e+02
   9.3529220e+06   1.2213135e+02
   9.3907800e+06   1.2744141e+02
   9.3920970e+06   1.1560059e+02
   9.4056160e+06   1.2969971e+02
   9.4065930e+06   1.3232422e+02
   9.4239770e+06   1.3171387e+02
   9.4951770e+06   1.2969971e+02
   9.5138750e+06   1.3403320e+02
   9.5259870e+06   1.3330078e+02
   9.5444760e+06   1.1907959e+02
   9.5648160e+06   1.4245605e+02
   9.5843670e+06   1.3409424e+02
   9.7209020e+06   1.2615967e+02
   9.7469490e+06   1.3494873e+02
   9.7670530e+06   3.7963867e+01
   9.7801320e+06   1.4221191e+02
   9.7801560e+06   5.0231934e+01
   9.7803580e+06   1.3470459e+02
   9.7805730e+06   1.2091064e+02
   9.7807810e+06   1.0119629e+02
   9.7810120e+06   1.0906982e+02
   9.7813020e+06   1.0784912e+02
   9.7818680e+06   1.0595703e+02
   9.8344770e+06   1.3787842e+02
   9.8945090e+06   1.3800049e+02
   9.8958200e+06   1.4294434e+02
   9.8959070e+06   4.8278809e+01
   9.8961490e+06   1.2182617e+02
   9.8963800e+06   1.1712646e+02
   9.8966820e+06   1.1138916e+02
   9.8972580e+06   1.0632324e+02
   9.9420870e+06   1.3885498e+02
   9.9814950e+06   1.3555908e+02
   9.9825340e+06   1.2878418e+02
   1.0019578e+07   1.3366699e+02
   1.0020486e+07   1.2408447e+02
   1.0021243e+07   1.1993408e+02
   1.0063025e+07   1.2854004e+02
   1.0064206e+07   1.3299561e+02
   1.0102125e+07   1.3323975e+02
   1.0102475e+07   1.2274170e+02
   1.0102891e+07   1.2402344e+02
   1.0103860e+07   1.2585449e+02
   1.0143596e+07   4.5043945e+01
   1.0143615e+07   4.5288086e+01
   1.0143634e+07   3.9855957e+01
   1.0143691e+07   1.4221191e+02
   1.0143704e+07   5.2001953e+01
   1.0143729e+07   4.4067383e+01
   1.0143750e+07   4.0771484e+01
   1.0143792e+07   1.1999512e+02
   1.0143853e+07   3.6865234e+01
   1.0143868e+07   3.6987305e+01
   1.0143894e+07   1.2304688e+02
   1.0143960e+07   5.1208496e+01
   1.0144043e+07   1.3616943e+02
   1.0144113e+07   3.7780762e+01
   1.0144244e+07   1.2390137e+02
   1.0144398e+07   1.1328125e+02
   1.0144640e+07   9.9304199e+01
   1.0144897e+07   1.0302734e+02
   1.0145295e+07   9.9121094e+01
   1.0146411e+07   1.0510254e+02
   1.0159500e+07   3.6621094e+01
   1.0159553e+07   3.7048340e+01
   1.0159634e+07   4.8034668e+01
   1.0159671e+07   1.1730957e+02
   1.0159701e+07   4.4982910e+01
   1.0159737e+07   4.2602539e+01
   1.0159761e+07   4.5593262e+01
   1.0159778e+07   3.8330078e+01
   1.0159792e+07   4.2297363e+01
   1.0159816e+07   1.0931396e+02
   1.0159843e+07   3.9123535e+01
   1.0159861e+07   3.6987305e+01
   1.0159920e+07   8.0078125e+01
   1.0159965e+07   3.8085938e+01
   1.0159989e+07   1.2384033e+02
   1.0160102e+07   4.1076660e+01
   1.0160194e+07   1.2280273e+02
   1.0160404e+07   9.6740723e+01
   1.0160634e+07   1.1297607e+02
   1.0160916e+07   9.3444824e+01
   1.0169591e+07   5.5114746e+01
   1.0169854e+07   5.8837891e+01
   1.0169968e+07   5.1940918e+01
   1.0170083e+07   4.0466309e+01
   1.0170182e+07   3.9123535e+01
   1.0170699e+07   3.7170410e+01
   1.0170969e+07   4.0588379e+01
   1.0171211e+07   3.7231445e+01
   1.0171371e+07   3.6010742e+01
   1.0171670e+07   3.6987305e+01
   1.0171830e+07   3.6804199e+01
   1.0171995e+07   4.5043945e+01
   1.0172532e+07   5.5908203e+01
   1.0172803e+07   4.5043945e+01
   1.0178265e+07   6.2194824e+01
   1.0179109e+07   5.5236816e+01
   1.0179764e+07   5.1513672e+01
   1.0180207e+07   6.5979004e+01
   1.0183856e+07   6.2072754e+01
   1.0184890e+07   6.1096191e+01
   1.0186845e+07   5.5725098e+01
   1.0240591e+07   1.1914062e+02
   1.0260241e+07   1.2896729e+02
   1.0279070e+07   1.3458252e+02
   1.0297200e+07   1.2561035e+02
   1.0313641e+07   1.3671875e+02
   1.0331997e+07   1.3549805e+02
   1.0333239e+07   1.2353516e+02
   1.0348185e+07   1.2280273e+02
   1.0348904e+07   1.3531494e+02
   1.0368530e+07   1.4367676e+02
   1.0384948e+07   3.9978027e+01
   1.0450662e+07   4.3518066e+01
   1.0450681e+07   4.6813965e+01
   1.0450719e+07   4.0466309e+01
   1.0450745e+07   5.8959961e+01
   1.0450761e+07   1.4636230e+02
   1.0450786e+07   4.1931152e+01
   1.0450853e+07   1.3970947e+02
   1.0450876e+07   3.9611816e+01
   1.0450938e+07   4.1687012e+01
   1.0450950e+07   1.1401367e+02
   1.0451056e+07   3.7536621e+01
   1.0451072e+07   1.1163330e+02
   1.0451248e+07   1.1242676e+02
   1.0451461e+07   1.0534668e+02
   1.0467387e+07   4.1992188e+01
   1.0467421e+07   3.7292480e+01
   1.0467436e+07   3.7963867e+01
   1.0467476e+07   4.0039062e+01
   1.0467498e+07   1.2298584e+02
   1.0467517e+07   4.0283203e+01
   1.0467557e+07   4.5104980e+01
   1.0467595e+07   6.6894531e+01
   1.0467654e+07   1.1578369e+02
   1.0467682e+07   4.0893555e+01
   1.0467743e+07   3.9978027e+01
   1.0467828e+07   1.2072754e+02
   1.0467847e+07   3.9794922e+01
   1.0467959e+07   3.7597656e+01
   1.0467985e+07   3.6193848e+01
   1.0468023e+07   1.1364746e+02
   1.0468261e+07   1.0870361e+02
   1.0468544e+07   1.1163330e+02
   1.0468814e+07   1.0498047e+02
   1.0518441e+07   1.1737061e+02
   1.0535530e+07   1.3464355e+02
   1.0536634e+07   1.3067627e+02
   1.0561967e+07   1.1798096e+02
   1.0562953e+07   1.2805176e+02
   1.0578067e+07   1.2805176e+02
   1.0578855e+07   1.1853027e+02
   1.0608858e+07   1.3525391e+02
   1.0609541e+07   1.3073730e+02
   1.0624648e+07   1.3647461e+02
   1.0625239e+07   1.3958740e+02
   1.0650495e+07   3.7780762e+01
   1.0650865e+07   1.3439941e+02
   1.0676600e+07   1.3134766e+02
   1.0697708e+07   1.3403320e+02
   1.0797126e+07   4.9804688e+01
   1.0797157e+07   4.6508789e+01
   1.0797191e+07   6.7993164e+01
   1.0797206e+07   6.1279297e+01
   1.0797224e+07   1.2298584e+02
   1.0797254e+07   3.7902832e+01
   1.0797268e+07   5.8227539e+01
   1.0797286e+07   3.9184570e+01
   1.0797311e+07   3.8513184e+01
   1.0797338e+07   1.3592529e+02
   1.0797359e+07   4.4189453e+01
   1.0797449e+07   1.1865234e+02
   1.0797468e+07   3.6499023e+01
   1.0797591e+07   1.1492920e+02
   1.0797771e+07   1.0479736e+02
   1.0797935e+07   1.0198975e+02
   1.0812131e+07   3.9306641e+01
   1.0812282e+07   5.7617188e+01
   1.0812311e+07   3.6315918e+01
   1.0812333e+07   5.9082031e+01
   1.0812349e+07   1.3336182e+02
   1.0812368e+07   3.9672852e+01
   1.0812395e+07   4.6508789e+01
   1.0812424e+07   3.8146973e+01
   1.0812493e+07   1.2487793e+02
   1.0812531e+07   4.2541504e+01
   1.0812584e+07   3.9123535e+01
   1.0812595e+07   3.6010742e+01
   1.0812632e+07   4.7973633e+01
   1.0812663e+07   1.1187744e+02
   1.0812870e+07   4.9682617e+01
   1.0812882e+07   1.0485840e+02
   1.0813102e+07   1.1383057e+02
   1.0813397e+07   1.0101318e+02
   1.1146252e+07   1.4746094e+02
   1.1225686e+07   3.6010742e+01
   1.1286849e+07   4.8583984e+01
   1.1286894e+07   1.3854980e+02
   1.1286926e+07   3.6254883e+01
   1.1286993e+07   5.9814453e+01
   1.1287035e+07   1.2725830e+02
   1.1287170e+07   1.0961914e+02
   1.1287352e+07   1.0620117e+02
   1.1287584e+07   1.0058594e+02
   1.1287799e+07   9.3322754e+01
   1.1288001e+07   7.2082520e+01
   1.1288230e+07   7.9895020e+01
   1.1288516e+07   6.7443848e+01
   1.1289008e+07   9.6252441e+01
   1.1290134e+07   8.4960938e+01
   1.1290774e+07   1.0034180e+02
   1.1420172e+07   3.8208008e+01
   1.1420266e+07   4.0893555e+01
   1.1420306e+07   1.4599609e+02
   1.1420459e+07   3.8085938e+01
   1.1420476e+07   1.3177490e+02
   1.1420661e+07   1.1291504e+02
   1.1420821e+07   1.0266113e+02
   1.1421009e+07   9.3811035e+01
   1.1421180e+07   8.6914062e+01
   1.1421419e+07   1.0443115e+02
   1.1421603e+07   8.0993652e+01
   1.1421816e+07   4.3395996e+01
   1.1422097e+07   8.2702637e+01
   1.1422852e+07   8.6303711e+01
   1.1423379e+07   8.3374023e+01
   1.1580046e+07   3.6376953e+01
   1.1580071e+07   4.4433594e+01
   1.1580096e+07   3.8208008e+01
   1.1580118e+07   4.2419434e+01
   1.1580136e+07   5.3527832e+01
   1.1580161e+07   1.2408447e+02
   1.1580172e+07   4.3151855e+01
   1.1580190e+07   4.5593262e+01
   1.1580222e+07   4.9316406e+01
   1.1580242e+07   4.2846680e+01
   1.1580256e+07   1.2365723e+02
   1.1580314e+07   4.7912598e+01
   1.1580333e+07   4.3395996e+01
   1.1580351e+07   1.0192871e+02
   1.1580413e+07   3.9306641e+01
   1.1580482e+07   1.2438965e+02
   1.1580576e+07   3.8635254e+01
   1.1580604e+07   4.2480469e+01
   1.1580618e+07   1.0736084e+02
   1.1580736e+07   3.7597656e+01
   1.1580799e+07   1.1120605e+02
   1.1580894e+07   4.0283203e+01
   1.1581062e+07   1.1120605e+02
   1.1594330e+07   3.6315918e+01
   1.1594369e+07   1.1743164e+02
   1.1594434e+07   4.0710449e+01
   1.1594511e+07   3.6560059e+01
   1.1594550e+07   5.5480957e+01
   1.1594582e+07   3.7414551e+01
   1.1594603e+07   1.0925293e+02
   1.1594620e+07   3.8574219e+01
   1.1594664e+07   6.1401367e+01
   1.1594710e+07   4.1198730e+01
   1.1594737e+07   4.9682617e+01
   1.1594770e+07   1.3409424e+02
   1.1594780e+07   4.9743652e+01
   1.1594885e+07   4.0405273e+01
   1.1594975e+07   1.0400391e+02
   1.1595033e+07   4.1625977e+01
   1.1595236e+07   1.1419678e+02
   1.1595530e+07   9.7961426e+01
   1.1595792e+07   9.8083496e+01
   1.1596120e+07   9.4238281e+01
   1.1596537e+07   7.9345703e+01
   1.1596970e+07   1.0217285e+02
   1.1678712e+07   1.3696289e+02
   1.1679491e+07   1.2402344e+02
   1.1703220e+07   1.2731934e+02
   1.1703768e+07   1.3757324e+02
   1.1704245e+07   1.2500000e+02
   1.1720222e+07   1.1462402e+02
   1.1721119e+07   1.2805176e+02
   1.1738120e+07   1.3275146e+02
   1.1754777e+07   1.4190674e+02
   1.1755385e+07   1.2744141e+02
   1.1782502e+07   1.2628174e+02
   1.1783437e+07   1.2463379e+02
   1.1784670e+07   1.2408447e+02
   1.1799318e+07   1.2963867e+02
   1.1811150e+07   1.2896729e+02
   1.1825434e+07   1.2329102e+02
   1.1826073e+07   1.2451172e+02
   1.1842209e+07   1.3128662e+02
   1.1862194e+07   1.3073730e+02
   1.1899384e+07   1.4099121e+02
   1.1899744e+07   1.2213135e+02
   1.1916131e+07   1.4154053e+02
   1.1932740e+07   1.3269043e+02
   1.1965544e+07   1.2115479e+02
