   1.1996000e+07   0.0000000e+00
   9.4710000e+03   3.7597656e+01
   4.4916000e+05   3.6743164e+01
   4.4925100e+05   3.6743164e+01
   1.1174470e+06   3.7780762e+01
   1.1753020e+06   3.8269043e+01
   1.2373520e+06   3.6132812e+01
   1.2374400e+06   3.7353516e+01
   1.3082490e+06   3.8513184e+01
   1.3090030e+06   3.9306641e+01
   1.3090520e+06   3.5644531e+01
   1.5150900e+06   3.9733887e+01
   1.5197830e+06   4.5410156e+01
   1.5221220e+06   3.6621094e+01
   1.5225160e+06   4.9926758e+01
   1.5232900e+06   4.4250488e+01
   1.5236520e+06   4.1625977e+01
   1.6292800e+06   3.5949707e+01
   1.6332800e+06   3.8696289e+01
   1.6333300e+06   3.6437988e+01
   1.6341650e+06   3.7475586e+01
   1.6365520e+06   3.6743164e+01
   1.6377100e+06   4.1381836e+01
   1.6429540e+06   3.6560059e+01
   1.6853630e+06   3.6132812e+01
   1.6854190e+06   3.9916992e+01
   1.7706160e+06   4.2236328e+01
   1.7707240e+06   4.1687012e+01
   1.7714150e+06   5.2490234e+01
   1.7723860e+06   3.7048340e+01
   1.7755900e+06   3.8146973e+01
   1.7882550e+06   3.6376953e+01
   1.8172260e+06   3.7170410e+01
   1.8182340e+06   3.8085938e+01
   1.8839540e+06   3.7048340e+01
   1.8850060e+06   3.5705566e+01
   1.8858170e+06   3.5888672e+01
   1.8873690e+06   3.5949707e+01
   1.8877240e+06   3.6315918e+01
   1.8953320e+06   3.6193848e+01
   1.9275780e+06   3.7963867e+01
   1.9276260e+06   4.2358398e+01
   1.9302080e+06   3.5461426e+01
   1.9587030e+06   3.7780762e+01
   1.9587630e+06   3.6560059e+01
   1.9598330e+06   3.6560059e+01
   2.0370300e+06   3.5583496e+01
   2.0370780e+06   3.8879395e+01
   2.0371030e+06   3.6804199e+01
   2.0374790e+06   3.6376953e+01
   2.0375720e+06   4.9377441e+01
   2.0382480e+06   3.5644531e+01
   2.0387970e+06   3.9733887e+01
   2.0474460e+06   4.0710449e+01
   2.0753080e+06   3.6376953e+01
   2.1570970e+06   3.6376953e+01
   2.1571650e+06   3.7658691e+01
   2.1577560e+06   3.6804199e+01
   2.1582620e+06   3.5522461e+01
   2.1591280e+06   3.7780762e+01
   2.1598620e+06   4.2114258e+01
   2.2172160e+06   3.7902832e+01
   2.2172960e+06   3.9489746e+01
   2.2179130e+06   3.8757324e+01
   2.2351930e+06   3.6987305e+01
   2.3263250e+06   3.6682129e+01
   2.6330500e+06   3.5949707e+01
   2.9009370e+06   3.7963867e+01
   3.2106330e+06   3.7231445e+01
   3.6688120e+06   4.2175293e+01
   3.6696150e+06   3.6987305e+01
   3.7881990e+06   4.4982910e+01
   3.8632660e+06   3.6254883e+01
   3.8633780e+06   3.7414551e+01
   3.9064520e+06   3.9550781e+01
   3.9070740e+06   3.7658691e+01
   3.9089040e+06   4.0893555e+01
   4.0060750e+06   4.6752930e+01
   4.0081130e+06   4.0405273e+01
   4.0345470e+06   4.6752930e+01
   4.0378880e+06   3.6315918e+01
   4.0389940e+06   4.0954590e+01
   4.0393260e+06   3.7902832e+01
   4.0440680e+06   3.5400391e+01
   4.0520510e+06   3.7353516e+01
   4.0697850e+06   3.5400391e+01
   4.0701130e+06   3.6315918e+01
   4.0722980e+06   3.9306641e+01
   4.0886660e+06   3.6193848e+01
   4.0900830e+06   4.2236328e+01
   4.0901900e+06   3.9733887e+01
   4.1135060e+06   3.8574219e+01
   4.1139760e+06   3.5827637e+01
   4.1718710e+06   3.5522461e+01
   4.1744520e+06   3.6315918e+01
   4.1771970e+06   3.6987305e+01
   4.1775420e+06   4.1687012e+01
   4.1803200e+06   3.7658691e+01
   4.2096030e+06   3.5644531e+01
   4.2100840e+06   3.8879395e+01
   4.2101590e+06   3.6682129e+01
   4.2105560e+06   3.6987305e+01
   4.2132960e+06   3.7109375e+01
   4.2258110e+06   3.9550781e+01
   4.2260390e+06   4.2419434e+01
   4.2814850e+06   4.2419434e+01
   4.2821250e+06   3.7963867e+01
   4.2821980e+06   4.3701172e+01
   4.2827950e+06   3.9855957e+01
   4.2831610e+06   3.7353516e+01
   4.2835700e+06   3.9916992e+01
   4.2864600e+06   3.6682129e+01
   4.3291740e+06   3.5827637e+01
   4.3311650e+06   3.5949707e+01
   4.3319890e+06   3.7109375e+01
   4.3713990e+06   3.6560059e+01
   4.3722180e+06   3.7414551e+01
   4.3991440e+06   3.7658691e+01
   4.3997170e+06   3.5583496e+01
   4.4002610e+06   3.6865234e+01
   4.4006420e+06   4.4189453e+01
   4.4009950e+06   3.7231445e+01
   4.4014590e+06   4.3945313e+01
   4.4303310e+06   3.7963867e+01
   4.4563560e+06   3.5339355e+01
   4.4569070e+06   3.6499023e+01
   4.4574130e+06   3.5583496e+01
   4.4579330e+06   3.5766602e+01
   4.4836060e+06   3.5949707e+01
   4.4836810e+06   3.8269043e+01
   4.4848850e+06   3.8208008e+01
   4.4866340e+06   4.1992188e+01
   4.5168890e+06   3.9306641e+01
   4.5385120e+06   3.6499023e+01
   4.5389670e+06   3.6315918e+01
   4.5395020e+06   3.6499023e+01
   4.5398830e+06   3.5461426e+01
   4.5415260e+06   3.7841797e+01
   4.5687410e+06   3.5583496e+01
   4.5693540e+06   3.5766602e+01
   4.5694160e+06   4.2602539e+01
   4.5706260e+06   3.8269043e+01
   4.5964080e+06   3.8146973e+01
   4.6176730e+06   3.8574219e+01
   4.6177730e+06   4.0588379e+01
   4.6637830e+06   3.5827637e+01
   4.9146240e+06   3.7902832e+01
   5.6001380e+06   3.8696289e+01
   5.6419240e+06   3.8391113e+01
   5.6419840e+06   4.1625977e+01
   5.6431390e+06   4.1259766e+01
   5.7093520e+06   3.5888672e+01
   5.7112410e+06   3.7475586e+01
   5.7509720e+06   3.8696289e+01
   5.7511570e+06   4.2419434e+01
   5.7512440e+06   3.9184570e+01
   5.7514250e+06   3.8269043e+01
   5.7532000e+06   3.5766602e+01
   5.7636780e+06   3.6682129e+01
   5.7818080e+06   3.6437988e+01
   5.7826170e+06   3.7414551e+01
   5.7829370e+06   3.7841797e+01
   5.7838020e+06   4.0039062e+01
   6.0966610e+06   3.6010742e+01
   6.4576410e+06   3.7963867e+01
   6.4576890e+06   3.8879395e+01
   6.4577980e+06   4.0039062e+01
   6.4578820e+06   3.7109375e+01
   6.4579740e+06   4.0039062e+01
   6.6761370e+06   3.6987305e+01
   6.6772500e+06   3.9306641e+01
   6.7663500e+06   3.6315918e+01
   6.7803430e+06   4.4433594e+01
   6.8339100e+06   4.0954590e+01
   6.8510120e+06   3.5766602e+01
   6.8510890e+06   3.5644531e+01
   6.9391170e+06   3.9916992e+01
   6.9400410e+06   4.1564941e+01
   6.9401150e+06   4.6264648e+01
   6.9416470e+06   3.5705566e+01
   6.9482060e+06   3.6376953e+01
   6.9668220e+06   3.6193848e+01
   6.9673800e+06   3.5888672e+01
   6.9674840e+06   3.9489746e+01
   6.9890800e+06   4.1076660e+01
   6.9891970e+06   3.7048340e+01
   6.9895280e+06   3.9001465e+01
   6.9900120e+06   3.9306641e+01
   7.0099360e+06   3.6743164e+01
   7.0099900e+06   3.9611816e+01
   7.0133750e+06   3.7475586e+01
   7.0292910e+06   3.8696289e+01
   7.0480280e+06   3.7170410e+01
   7.0489600e+06   3.6437988e+01
   7.0497140e+06   3.6499023e+01
   7.0625730e+06   3.8818359e+01
   7.0823660e+06   3.9123535e+01
   7.0832890e+06   3.6376953e+01
   7.0846000e+06   3.5705566e+01
   7.1003240e+06   3.5766602e+01
   7.1003730e+06   4.2419434e+01
   7.1012330e+06   3.6376953e+01
   7.1230690e+06   4.3029785e+01
   7.1458830e+06   3.9184570e+01
   7.1652840e+06   3.6071777e+01
   7.2064720e+06   4.1564941e+01
   7.3495710e+06   4.1809082e+01
   7.3795990e+06   4.0161133e+01
   7.4078980e+06   3.5705566e+01
   7.4087390e+06   3.7231445e+01
   7.4102810e+06   3.5949707e+01
   7.4802260e+06   3.7536621e+01
   7.4807530e+06   3.5766602e+01
   7.5274330e+06   3.8452148e+01
   7.5275480e+06   3.7231445e+01
   7.7099450e+06   3.7963867e+01
   7.7202550e+06   3.7048340e+01
   8.0288280e+06   3.8391113e+01
   8.0297320e+06   3.6743164e+01
   8.0303040e+06   3.6132812e+01
   8.0956040e+06   3.7963867e+01
   8.3125660e+06   3.6560059e+01
   8.3270200e+06   3.6315918e+01
   8.3273320e+06   3.6071777e+01
   9.0143880e+06   4.1992188e+01
   9.0334120e+06   3.5888672e+01
   9.0340640e+06   3.8818359e+01
   9.0346490e+06   3.8940430e+01
   9.0514480e+06   4.3334961e+01
   9.0671450e+06   4.2053223e+01
   9.0841460e+06   4.9682617e+01
   9.0857720e+06   3.9306641e+01
   9.1014460e+06   3.6193848e+01
   9.1406320e+06   3.6499023e+01
   9.1413980e+06   4.0283203e+01
   9.1423430e+06   3.6193848e+01
   9.1447110e+06   3.6315918e+01
   9.1877590e+06   4.0588379e+01
   9.1878390e+06   3.9611816e+01
   9.2272070e+06   3.9978027e+01
   9.2301300e+06   3.6437988e+01
   9.2559510e+06   4.5593262e+01
   9.2560470e+06   4.1076660e+01
   9.2562570e+06   3.6987305e+01
   9.4232280e+06   3.6560059e+01
   9.4246820e+06   3.7414551e+01
   9.4407510e+06   3.7841797e+01
   9.4417790e+06   3.8696289e+01
   9.4596050e+06   3.6010742e+01
   9.4609440e+06   3.5827637e+01
   9.4777950e+06   3.7048340e+01
   9.4795690e+06   3.6010742e+01
   9.4948410e+06   3.8574219e+01
   9.4949040e+06   3.6132812e+01
   9.4971630e+06   3.8269043e+01
   9.4978620e+06   4.1931152e+01
   9.5257290e+06   4.0710449e+01
   9.5277010e+06   3.7170410e+01
   9.5432110e+06   3.7292480e+01
   9.5452920e+06   3.7536621e+01
   9.5646250e+06   3.7963867e+01
   9.5840560e+06   3.6621094e+01
   9.6023990e+06   4.2907715e+01
   9.6029450e+06   3.7719727e+01
   9.6039690e+06   3.5705566e+01
   9.6285400e+06   3.5705566e+01
   9.6288070e+06   3.6254883e+01
   9.6491630e+06   4.0344238e+01
   9.6666710e+06   4.2114258e+01
   9.6927330e+06   3.7353516e+01
   9.6928210e+06   3.9489746e+01
   9.7213580e+06   3.5583496e+01
   9.7221420e+06   4.3640137e+01
   9.7224460e+06   3.6071777e+01
   9.7467570e+06   3.9001465e+01
   9.8331600e+06   4.5349121e+01
   9.8521470e+06   3.7536621e+01
   9.8942400e+06   3.7841797e+01
   9.8943670e+06   3.9794922e+01
   1.0020093e+07   4.5471191e+01
   1.0103018e+07   3.7170410e+01
   1.0143829e+07   3.7963867e+01
   1.0144105e+07   4.1870117e+01
   1.0410719e+07   3.5583496e+01
   1.0451284e+07   3.6193848e+01
   1.0451408e+07   3.6804199e+01
   1.0467680e+07   3.6804199e+01
   1.0468214e+07   3.6682129e+01
   1.0797464e+07   3.6499023e+01
   1.0797743e+07   4.0161133e+01
   1.0812419e+07   3.5766602e+01
   1.0812896e+07   3.7414551e+01
   1.1056278e+07   3.5888672e+01
   1.1056347e+07   4.6386719e+01
   1.1186445e+07   4.0466309e+01
   1.1580264e+07   4.3518066e+01
   1.1580615e+07   3.6132812e+01
   1.1680207e+07   3.5644531e+01
   1.1755259e+07   3.9001465e+01
   1.1784089e+07   4.3945312e+01
   1.1784490e+07   3.9916992e+01
   1.1810520e+07   4.1870117e+01
   1.1825197e+07   4.0893555e+01
   1.1843264e+07   3.9001465e+01
   1.1844096e+07   3.5705566e+01
   1.1863865e+07   3.7170410e+01
   1.1898834e+07   3.9550781e+01
   1.1902512e+07   3.8208008e+01
   1.1932124e+07   3.6193848e+01
   1.1958760e+07   3.5705566e+01
   1.1966433e+07   3.5583496e+01
   1.1986587e+07   3.7170410e+01
