   1.1996000e+07   0.0000000e+00
   3.6624000e+04   5.2307129e+01
   3.6705000e+04   7.4707031e+01
   3.6749000e+04   3.8208008e+01
   3.6790000e+04   5.1574707e+01
   3.6934000e+04   3.6865234e+01
   3.7619000e+04   7.8063965e+01
   1.3142300e+05   3.4851074e+01
   1.6105200e+05   3.4545898e+01
   1.9983000e+05   4.1931152e+01
   2.2081000e+05   3.5644531e+01
   2.4026900e+05   3.4667969e+01
   2.4050600e+05   3.6621094e+01
   2.8200300e+05   3.7231445e+01
   2.8302900e+05   3.6315918e+01
   3.2216600e+05   3.5034180e+01
   3.2223400e+05   3.4912109e+01
   3.3424600e+05   3.7109375e+01
   3.4192100e+05   3.6987305e+01
   3.7830100e+05   4.3273926e+01
   3.7918500e+05   3.5644531e+01
   4.1200600e+05   3.5766602e+01
   4.2172900e+05   1.1138916e+02
   4.2175900e+05   7.0129395e+01
   4.2177600e+05   4.3334961e+01
   4.2179400e+05   4.4372559e+01
   4.2190200e+05   3.8391113e+01
   4.3409600e+05   3.8879395e+01
   4.3422300e+05   1.0028076e+02
   4.3429400e+05   3.7109375e+01
   4.3431600e+05   3.4667969e+01
   4.3433600e+05   4.5837402e+01
   4.3435200e+05   3.6743164e+01
   4.3437900e+05   3.8391113e+01
   4.3446800e+05   3.5034180e+01
   4.3448300e+05   4.4250488e+01
   4.3451500e+05   3.5156250e+01
   4.3462700e+05   3.8085938e+01
   4.3478000e+05   7.0739746e+01
   4.3487100e+05   3.5461426e+01
   4.3498700e+05   5.6335449e+01
   4.3528500e+05   7.3364258e+01
   4.3555900e+05   5.9997559e+01
   4.5027000e+05   3.6254883e+01
   5.5353300e+05   3.4729004e+01
   6.5340200e+05   3.5156250e+01
   6.5356800e+05   3.5583496e+01
   6.7815300e+05   3.5034180e+01
   7.7913000e+05   4.0893555e+01
   8.1389600e+05   4.0222168e+01
   8.4974700e+05   3.6926270e+01
   8.6520800e+05   3.8696289e+01
   8.7289500e+05   1.2048340e+02
   8.7298800e+05   7.6171875e+01
   8.7301900e+05   3.8757324e+01
   8.7307200e+05   5.8898926e+01
   8.7312100e+05   3.7231445e+01
   8.7315900e+05   3.6437988e+01
   8.7319400e+05   3.6560059e+01
   8.7328800e+05   4.4128418e+01
   8.7343400e+05   3.9672852e+01
   8.8536100e+05   1.2969971e+02
   8.8542900e+05   6.9580078e+01
   8.8543900e+05   4.1015625e+01
   8.8546100e+05   5.2490234e+01
   8.8550500e+05   4.0954590e+01
   8.8558200e+05   4.5654297e+01
   8.8569300e+05   3.5034180e+01
   8.8581000e+05   4.0344238e+01
   8.8582900e+05   3.4606934e+01
   8.8586900e+05   3.7414551e+01
   8.8596500e+05   3.7109375e+01
   8.8613500e+05   3.6193848e+01
   8.8616300e+05   3.9916992e+01
   8.8644500e+05   3.4790039e+01
   8.8645500e+05   3.4484863e+01
   8.8650000e+05   3.4667969e+01
   8.8662700e+05   4.2907715e+01
   8.8666200e+05   3.5095215e+01
   8.8677900e+05   3.8391113e+01
   8.8697400e+05   4.5043945e+01
   8.8716100e+05   4.6997070e+01
   8.8736900e+05   5.6335449e+01
   8.9794800e+05   3.5644531e+01
   8.9946400e+05   3.4484863e+01
   1.0058430e+06   4.1320801e+01
   1.0059170e+06   7.2998047e+01
   1.0059980e+06   4.9865723e+01
   1.0060280e+06   3.9123535e+01
   1.0060730e+06   4.1320801e+01
   1.0061600e+06   3.7048340e+01
   1.0143880e+06   4.7241211e+01
   1.0586870e+06   3.4912109e+01
   1.0877030e+06   3.4729004e+01
   1.1535760e+06   3.7170410e+01
   1.1754570e+06   4.0527344e+01
   1.1770290e+06   3.6254883e+01
   1.2365770e+06   3.8757324e+01
   1.2369640e+06   3.7902832e+01
   1.2373980e+06   4.6386719e+01
   1.2375160e+06   3.5339355e+01
   1.3091510e+06   3.5705566e+01
   1.3471300e+06   3.8085938e+01
   1.3471650e+06   3.6254883e+01
   1.3806390e+06   3.6315918e+01
   1.3885940e+06   3.5278320e+01
   1.4088740e+06   3.9001465e+01
   1.4089630e+06   8.6669922e+01
   1.4090280e+06   7.4645996e+01
   1.4090450e+06   3.9123535e+01
   1.4091050e+06   4.3457031e+01
   1.4319410e+06   4.0771484e+01
   1.5152480e+06   3.7902832e+01
   1.5158190e+06   3.7353516e+01
   1.5197290e+06   3.8513184e+01
   1.5233510e+06   4.1442871e+01
   1.5295730e+06   3.9062500e+01
   1.5826600e+06   3.4423828e+01
   1.6030450e+06   3.5461426e+01
   1.6030560e+06   1.1035156e+02
   1.6031340e+06   4.0588379e+01
   1.6031690e+06   9.5947266e+01
   1.6032360e+06   4.1748047e+01
   1.6032700e+06   6.4575195e+01
   1.6033240e+06   3.7841797e+01
   1.6033790e+06   4.1320801e+01
   1.6033950e+06   5.0720215e+01
   1.6035940e+06   3.6193848e+01
   1.6292990e+06   3.6315918e+01
   1.6337870e+06   3.4606934e+01
   1.6338810e+06   3.7475586e+01
   1.6345070e+06   3.7475586e+01
   1.6352400e+06   3.6315918e+01
   1.6369870e+06   3.5278320e+01
   1.6378580e+06   4.7363281e+01
   1.6442260e+06   3.4851074e+01
   1.6853510e+06   3.5766602e+01
   1.6853840e+06   4.2053223e+01
   1.6855160e+06   1.0131836e+02
   1.6855800e+06   6.4270020e+01
   1.6856040e+06   3.5888672e+01
   1.6856420e+06   3.8635254e+01
   1.7714470e+06   3.5522461e+01
   1.7720210e+06   3.9367676e+01
   1.7732450e+06   3.6804199e+01
   1.7761460e+06   3.5705566e+01
   1.7765870e+06   3.9855957e+01
   1.7766590e+06   3.9733887e+01
   1.7781510e+06   3.5705566e+01
   1.7788530e+06   3.5949707e+01
   1.7793340e+06   4.1809082e+01
   1.7807320e+06   3.5034180e+01
   1.7816850e+06   4.1931152e+01
   1.7890210e+06   4.5471191e+01
   1.8168400e+06   3.4851074e+01
   1.8170040e+06   3.7414551e+01
   1.8170160e+06   5.1330566e+01
   1.8170800e+06   8.1420898e+01
   1.8171110e+06   3.8208008e+01
   1.8860020e+06   3.5949707e+01
   1.8886290e+06   3.4606934e+01
   1.8901540e+06   3.5705566e+01
   1.8905600e+06   3.4484863e+01
   1.9275340e+06   4.1381836e+01
   1.9276590e+06   3.9550781e+01
   1.9294450e+06   3.5095215e+01
   1.9296790e+06   3.9123535e+01
   1.9306390e+06   4.0466309e+01
   1.9348850e+06   3.6437988e+01
   1.9540570e+06   3.5461426e+01
   1.9587190e+06   3.6499023e+01
   1.9589070e+06   5.2551270e+01
   1.9589870e+06   7.4096680e+01
   1.9589970e+06   3.9672852e+01
   1.9590830e+06   4.0405273e+01
   1.9624340e+06   3.7841797e+01
   1.9685570e+06   3.7170410e+01
   2.0369850e+06   3.9978027e+01
   2.0398290e+06   4.2297363e+01
   2.0442750e+06   3.7109375e+01
   2.0717890e+06   1.0705566e+02
   2.0718870e+06   3.6010742e+01
   2.0719930e+06   6.9091797e+01
   2.0720460e+06   3.6376953e+01
   2.0720600e+06   3.5400391e+01
   2.0721090e+06   8.4167480e+01
   2.0745550e+06   3.4973145e+01
   2.1570780e+06   4.1625977e+01
   2.1578500e+06   4.3395996e+01
   2.1608970e+06   3.5766602e+01
   2.2350340e+06   3.5217285e+01
   2.2351470e+06   1.0003662e+02
   2.2352560e+06   7.9711914e+01
   2.2352910e+06   4.9316406e+01
   2.2363550e+06   3.9794922e+01
   2.3264120e+06   3.6010742e+01
   2.4211100e+06   1.0430908e+02
   2.4211310e+06   3.5156250e+01
   2.4211850e+06   4.0283203e+01
   2.4212220e+06   4.2480469e+01
   2.4212480e+06   4.4799805e+01
   2.4212830e+06   3.9184570e+01
   2.4213100e+06   3.9855957e+01
   2.4213370e+06   3.9916992e+01
   2.4213530e+06   3.5644531e+01
   2.4213750e+06   3.5888672e+01
   2.4214010e+06   3.5400391e+01
   2.4215590e+06   7.3730469e+01
   2.4386220e+06   4.4799805e+01
   2.4386590e+06   4.7302246e+01
   2.4386820e+06   5.6945801e+01
   2.4387160e+06   4.5837402e+01
   2.4387470e+06   4.1259766e+01
   2.4387910e+06   3.7902832e+01
   2.4388740e+06   3.4606934e+01
   2.4391470e+06   4.6325684e+01
   2.4394340e+06   5.4626465e+01
   2.4396430e+06   5.7861328e+01
   2.4397940e+06   5.7861328e+01
   2.4400510e+06   5.9020996e+01
   2.4404310e+06   3.8146973e+01
   2.6378420e+06   3.6682129e+01
   2.6378580e+06   3.5278320e+01
   2.6378810e+06   3.4667969e+01
   2.6379130e+06   6.4758301e+01
   2.6379910e+06   3.7658691e+01
   2.6380100e+06   3.4484863e+01
   2.6380390e+06   4.1687012e+01
   2.6381210e+06   5.3833008e+01
   2.6382900e+06   6.1889648e+01
   2.6519500e+06   9.0393066e+01
   2.6520070e+06   5.9204102e+01
   2.6521270e+06   3.7841797e+01
   2.6521950e+06   3.8696289e+01
   2.6522130e+06   3.8879395e+01
   2.6522800e+06   4.0771484e+01
   2.6524110e+06   3.5156250e+01
   2.6525980e+06   3.8574219e+01
   2.6528620e+06   5.9814453e+01
   2.6531350e+06   5.7922363e+01
   2.7767620e+06   3.9367676e+01
   2.8308830e+06   3.5400391e+01
   2.8310660e+06   3.7963867e+01
   2.8790080e+06   3.4667969e+01
   2.8858280e+06   1.0772705e+02
   2.8859200e+06   8.4472656e+01
   2.8859640e+06   4.1687012e+01
   2.8859900e+06   3.6193848e+01
   2.8860130e+06   4.4860840e+01
   2.8860420e+06   3.9428711e+01
   2.8861280e+06   5.6335449e+01
   2.8862090e+06   3.6193848e+01
   2.8862280e+06   4.1564941e+01
   2.8862760e+06   6.0913086e+01
   2.9007410e+06   1.1120605e+02
   2.9007520e+06   3.7109375e+01
   2.9007990e+06   4.7058105e+01
   2.9008090e+06   4.3273926e+01
   2.9008700e+06   3.8146973e+01
   2.9009140e+06   3.6254883e+01
   2.9009770e+06   3.5522461e+01
   2.9010410e+06   3.6193848e+01
   2.9010840e+06   3.8269043e+01
   2.9011090e+06   3.4606934e+01
   2.9017110e+06   6.0974121e+01
   2.9667830e+06   3.6743164e+01
   3.1016750e+06   4.3762207e+01
   3.1191430e+06   3.4790039e+01
   3.1536390e+06   4.0832520e+01
   3.1675110e+06   3.6071777e+01
   3.2467890e+06   4.1809082e+01
   3.2468750e+06   1.0351562e+02
   3.2469280e+06   3.7963867e+01
   3.2469460e+06   6.8908691e+01
   3.2469600e+06   4.2724609e+01
   3.2470220e+06   4.8400879e+01
   3.2470450e+06   5.1086426e+01
   3.2586520e+06   3.9550781e+01
   3.2586830e+06   1.2115479e+02
   3.2587630e+06   8.2824707e+01
   3.2588090e+06   4.8706055e+01
   3.2588420e+06   4.2846680e+01
   3.2588630e+06   4.2419434e+01
   3.2589410e+06   4.5898438e+01
   3.2589570e+06   3.9367676e+01
   3.2591620e+06   3.5461426e+01
   3.2593550e+06   6.1157227e+01
   3.2595130e+06   6.1401367e+01
   3.2596990e+06   6.8969727e+01
   3.2599460e+06   5.8593750e+01
   3.3798020e+06   3.5217285e+01
   3.3844710e+06   1.1145020e+02
   3.3845520e+06   4.0649414e+01
   3.3846020e+06   4.2846680e+01
   3.3846190e+06   5.0781250e+01
   3.3846560e+06   3.6315918e+01
   3.3847320e+06   3.8879395e+01
   3.3847930e+06   3.8696289e+01
   3.3848850e+06   3.9550781e+01
   3.4050930e+06   4.0405273e+01
   3.4051700e+06   3.9794922e+01
   3.4052600e+06   3.6132812e+01
   3.4066610e+06   3.5156250e+01
   3.4897390e+06   3.4851074e+01
   3.5392910e+06   1.0607910e+02
   3.5394600e+06   1.1010742e+02
   3.5395060e+06   3.7231445e+01
   3.5395210e+06   7.7636719e+01
   3.5396340e+06   4.1076660e+01
   3.6672300e+06   3.5339355e+01
   3.6687130e+06   3.5766602e+01
   3.7071010e+06   3.6376953e+01
   3.7301550e+06   1.1437988e+02
   3.7303010e+06   8.3679199e+01
   3.7303460e+06   4.7302246e+01
   3.7303790e+06   5.7128906e+01
   3.7303970e+06   4.3579102e+01
   3.7304190e+06   3.7048340e+01
   3.7304760e+06   5.4382324e+01
   3.7305260e+06   3.5156250e+01
   3.7305910e+06   3.6621094e+01
   3.7895220e+06   3.5705566e+01
   3.7901210e+06   4.0344238e+01
   3.8129820e+06   3.8574219e+01
   3.8143500e+06   3.6682129e+01
   3.8370500e+06   3.5095215e+01
   3.8374200e+06   3.5339355e+01
   3.8598030e+06   3.5095215e+01
   3.8868280e+06   4.0283203e+01
   3.9052370e+06   3.6804199e+01
   3.9064120e+06   3.6560059e+01
   3.9312430e+06   3.6499023e+01
   3.9484090e+06   9.8999023e+01
   3.9484990e+06   8.9904785e+01
   3.9485280e+06   5.0659180e+01
   3.9485580e+06   3.6621094e+01
   3.9485680e+06   4.0283203e+01
   3.9486920e+06   5.4687500e+01
   3.9487290e+06   3.9428711e+01
   3.9669980e+06   3.5400391e+01
   4.0061800e+06   3.9672852e+01
   4.0068260e+06   3.6804199e+01
   4.0077990e+06   3.6621094e+01
   4.0345250e+06   4.2602539e+01
   4.0371170e+06   3.4912109e+01
   4.0398750e+06   4.2663574e+01
   4.0415030e+06   4.0649414e+01
   4.0421090e+06   3.7841797e+01
   4.0452160e+06   3.5522461e+01
   4.0706240e+06   3.7658691e+01
   4.0723450e+06   3.6193848e+01
   4.0895740e+06   3.7963867e+01
   4.0922490e+06   3.7109375e+01
   4.0927220e+06   3.9489746e+01
   4.1134390e+06   3.5522461e+01
   4.1134920e+06   1.1254883e+02
   4.1135460e+06   3.8574219e+01
   4.1135750e+06   9.7290039e+01
   4.1136330e+06   3.9611816e+01
   4.1136720e+06   6.7626953e+01
   4.1137250e+06   4.4311523e+01
   4.1137640e+06   4.5349121e+01
   4.1719930e+06   4.4860840e+01
   4.1728400e+06   3.6071777e+01
   4.1780300e+06   3.9306641e+01
   4.1786380e+06   3.4790039e+01
   4.2105670e+06   3.5522461e+01
   4.2257870e+06   5.2490234e+01
   4.2258420e+06   3.4851074e+01
   4.2258930e+06   1.1560059e+02
   4.2259240e+06   5.1330566e+01
   4.2259380e+06   3.5217285e+01
   4.2259730e+06   3.4729004e+01
   4.2259890e+06   6.6894531e+01
   4.2260260e+06   4.1992188e+01
   4.2260680e+06   3.5522461e+01
   4.2261600e+06   6.8969727e+01
   4.2264240e+06   3.5583496e+01
   4.2821980e+06   3.5522461e+01
   4.2914940e+06   4.0527344e+01
   4.3297630e+06   4.1748047e+01
   4.3310120e+06   3.7414551e+01
   4.3320500e+06   3.9001465e+01
   4.3714230e+06   3.4973145e+01
   4.3714940e+06   3.4729004e+01
   4.3730660e+06   3.7597656e+01
   4.3740610e+06   3.6376953e+01
   4.4007230e+06   3.6865234e+01
   4.4036800e+06   3.7109375e+01
   4.4288980e+06   3.7231445e+01
   4.4316870e+06   3.5705566e+01
   4.4566350e+06   3.8757324e+01
   4.4867390e+06   4.0283203e+01
   4.5132430e+06   3.5278320e+01
   4.5139600e+06   3.8085938e+01
   4.5162060e+06   3.5156250e+01
   4.5178560e+06   3.5095215e+01
   4.5388890e+06   3.7048340e+01
   4.5686910e+06   3.6804199e+01
   4.5693610e+06   4.1259766e+01
   4.5970190e+06   3.6315918e+01
   4.5988250e+06   3.9245605e+01
   4.6166140e+06   3.7719727e+01
   4.6170660e+06   3.6499023e+01
   4.6176970e+06   3.6621094e+01
   4.6188760e+06   3.5278320e+01
   4.6444920e+06   3.5278320e+01
   4.6445570e+06   3.7414551e+01
   4.7018940e+06   3.7292480e+01
   4.7482060e+06   3.7414551e+01
   4.7774200e+06   3.5217285e+01
   4.7992730e+06   4.6752930e+01
   4.7992960e+06   3.8391113e+01
   4.7993150e+06   3.6621094e+01
   4.7993600e+06   9.6679688e+01
   4.7993780e+06   5.0903320e+01
   4.7994490e+06   4.3457031e+01
   4.7994640e+06   4.0100098e+01
   4.7995420e+06   3.9184570e+01
   4.7995680e+06   5.7922363e+01
   4.7996500e+06   4.0649414e+01
   4.7997010e+06   6.8115234e+01
   4.7998290e+06   7.3547363e+01
   4.8103960e+06   3.4973145e+01
   4.8119340e+06   3.5522461e+01
   4.8871510e+06   1.2164307e+02
   4.8872440e+06   7.4523926e+01
   4.8872720e+06   4.8583984e+01
   4.8873220e+06   4.9621582e+01
   4.8874340e+06   3.6804199e+01
   4.8874620e+06   4.3090820e+01
   4.8874940e+06   3.6376953e+01
   4.8875550e+06   3.9978027e+01
   4.8877760e+06   4.9316406e+01
   4.8879240e+06   3.4790039e+01
   4.9138350e+06   3.4851074e+01
   4.9162690e+06   3.5156250e+01
   5.0567190e+06   3.5644531e+01
   5.0669120e+06   1.3635254e+02
   5.0669840e+06   8.2397461e+01
   5.0670110e+06   4.0588379e+01
   5.0670600e+06   4.9499512e+01
   5.0671270e+06   5.5236816e+01
   5.0671680e+06   3.8696289e+01
   5.0671880e+06   4.3518066e+01
   5.1979480e+06   3.5522461e+01
   5.2592890e+06   4.8278809e+01
   5.2593270e+06   3.9062500e+01
   5.2593810e+06   8.8500977e+01
   5.2594020e+06   3.4851074e+01
   5.2594400e+06   4.0466309e+01
   5.2594610e+06   5.2917480e+01
   5.2594760e+06   3.6132812e+01
   5.2595270e+06   6.4514160e+01
   5.2595420e+06   3.7475586e+01
   5.2596250e+06   3.9672852e+01
   5.2596580e+06   3.5827637e+01
   5.2596930e+06   5.7006836e+01
   5.2749850e+06   3.6682129e+01
   5.2750190e+06   4.2724609e+01
   5.2750730e+06   4.8461914e+01
   5.2750950e+06   4.4433594e+01
   5.2755400e+06   3.6743164e+01
   5.2755650e+06   3.7353516e+01
   5.2756210e+06   3.4729004e+01
   5.2758260e+06   3.5583496e+01
   5.2758710e+06   4.5471191e+01
   5.2760540e+06   3.5400391e+01
   5.2762240e+06   3.4851074e+01
   5.2763790e+06   4.3518066e+01
   5.2767680e+06   6.6040039e+01
   5.3381390e+06   1.3385010e+02
   5.3382790e+06   8.9965820e+01
   5.3383200e+06   3.6560059e+01
   5.3383820e+06   7.4829102e+01
   5.3384140e+06   3.8208008e+01
   5.3384510e+06   3.6926270e+01
   5.3384770e+06   3.9672852e+01
   5.3385140e+06   3.9245605e+01
   5.3385890e+06   3.6132812e+01
   5.3395230e+06   7.2448730e+01
   5.7099850e+06   3.7353516e+01
   5.7102240e+06   3.5644531e+01
   5.7507560e+06   1.0137939e+02
   5.7507940e+06   5.7800293e+01
   5.7508240e+06   4.8889160e+01
   5.7508490e+06   4.2053223e+01
   5.7509280e+06   4.1870117e+01
   5.7621270e+06   3.8940430e+01
   5.7635140e+06   1.2463379e+02
   5.7635790e+06   6.1096191e+01
   5.7636060e+06   4.2297363e+01
   5.7637080e+06   4.1320801e+01
   5.7638360e+06   3.6315918e+01
   5.7638620e+06   3.6132812e+01
   5.7644340e+06   3.7048340e+01
   5.7646990e+06   4.4067383e+01
   5.7648850e+06   4.4311523e+01
   5.7653740e+06   6.0363770e+01
   5.7656480e+06   3.6010742e+01
   5.7802640e+06   3.7963867e+01
   5.7833530e+06   4.1320801e+01
   5.8125430e+06   3.6560059e+01
   5.9853360e+06   3.8024902e+01
   6.0823150e+06   3.8391113e+01
   6.0824240e+06   8.6303711e+01
   6.0824640e+06   4.1259766e+01
   6.0824920e+06   7.1472168e+01
   6.0825070e+06   3.8146973e+01
   6.0825440e+06   3.6499023e+01
   6.0826020e+06   3.5888672e+01
   6.0826470e+06   4.7607422e+01
   6.0828250e+06   6.5185547e+01
   6.0831300e+06   3.7658691e+01
   6.0963330e+06   3.6560059e+01
   6.0965400e+06   1.0015869e+02
   6.0966050e+06   5.8593750e+01
   6.0966520e+06   5.1452637e+01
   6.0966850e+06   4.5654297e+01
   6.0967120e+06   4.4555664e+01
   6.0969320e+06   3.5522461e+01
   6.0972940e+06   3.6621094e+01
   6.3815100e+06   3.6010742e+01
   6.3896570e+06   3.5278320e+01
   6.4084430e+06   3.7170410e+01
   6.4575220e+06   1.2213135e+02
   6.4575490e+06   5.5358887e+01
   6.4575610e+06   4.6142578e+01
   6.4575740e+06   3.8635254e+01
   6.4576780e+06   3.5522461e+01
   6.4577280e+06   3.9978027e+01
   6.4578160e+06   6.7138672e+01
   6.4579620e+06   4.3701172e+01
   6.4580840e+06   3.5217285e+01
   6.4581090e+06   3.8574219e+01
   6.4710320e+06   1.2463379e+02
   6.4710980e+06   3.6560059e+01
   6.4711080e+06   7.0983887e+01
   6.4711520e+06   3.9245605e+01
   6.4711890e+06   4.2785645e+01
   6.4712520e+06   4.0527344e+01
   6.4712830e+06   3.7170410e+01
   6.4713260e+06   3.5461426e+01
   6.4713730e+06   3.5644531e+01
   6.4715520e+06   4.4006348e+01
   6.4717060e+06   3.5278320e+01
   6.4717400e+06   5.4687500e+01
   6.4724030e+06   7.9406738e+01
   6.5730790e+06   3.6254883e+01
   6.5983450e+06   3.5217285e+01
   6.6190150e+06   3.9672852e+01
   6.6309370e+06   3.6560059e+01
   6.6361970e+06   3.5766602e+01
   6.6748660e+06   3.5522461e+01
   6.6753840e+06   4.3823242e+01
   6.6761380e+06   3.6804199e+01
   6.7038970e+06   3.6315918e+01
   6.7064080e+06   3.5156250e+01
   6.7787180e+06   3.6682129e+01
   6.8339210e+06   3.7475586e+01
   6.8506560e+06   1.1511230e+02
   6.8506960e+06   4.0283203e+01
   6.8507080e+06   4.1320801e+01
   6.8507590e+06   6.1950684e+01
   6.8507710e+06   3.8940430e+01
   6.8508310e+06   7.5988770e+01
   6.8509620e+06   7.0373535e+01
   6.8511780e+06   3.4973145e+01
   6.8513940e+06   3.7963867e+01
   6.8642450e+06   1.0894775e+02
   6.8643030e+06   5.8349609e+01
   6.8643440e+06   3.6499023e+01
   6.8643660e+06   3.5644531e+01
   6.8643890e+06   3.9550781e+01
   6.8644140e+06   4.1564941e+01
   6.8647890e+06   3.8818359e+01
   6.8653180e+06   3.6865234e+01
   6.8654900e+06   4.4860840e+01
   6.8662110e+06   7.7575684e+01
   6.9400770e+06   3.7719727e+01
   6.9415180e+06   3.5827637e+01
   6.9434450e+06   3.7841797e+01
   6.9482330e+06   3.5522461e+01
   6.9880820e+06   3.6499023e+01
   6.9896440e+06   3.5156250e+01
   6.9922960e+06   4.3518066e+01
   7.0098900e+06   3.7902832e+01
   7.0105760e+06   3.6193848e+01
   7.0141830e+06   3.4973145e+01
   7.0293260e+06   3.8574219e+01
   7.0479820e+06   3.9550781e+01
   7.0625260e+06   3.6804199e+01
   7.0834220e+06   3.6804199e+01
   7.1030270e+06   3.7719727e+01
   7.1234000e+06   3.5278320e+01
   7.2065000e+06   4.2297363e+01
   7.2067390e+06   4.1992188e+01
   7.2239130e+06   3.7658691e+01
   7.2562290e+06   3.6132812e+01
   7.2733560e+06   4.0100098e+01
   7.2733910e+06   3.9123535e+01
   7.2735520e+06   3.7902832e+01
   7.2743690e+06   3.6010742e+01
   7.2753760e+06   3.6376953e+01
   7.3213160e+06   3.4973145e+01
   7.3229150e+06   3.6132812e+01
   7.3525260e+06   4.2846680e+01
   7.4107510e+06   3.8330078e+01
   7.4807600e+06   3.6376953e+01
   7.5246200e+06   3.5827637e+01
   7.5269080e+06   5.4443359e+01
   7.5269290e+06   3.9245605e+01
   7.5269460e+06   5.9753418e+01
   7.5269650e+06   4.4738770e+01
   7.5269790e+06   4.5410156e+01
   7.5270710e+06   4.6875000e+01
   7.5271010e+06   3.6254883e+01
   7.5272190e+06   7.8125000e+01
   7.5272590e+06   3.8635254e+01
   7.5273440e+06   4.1320801e+01
   7.5273590e+06   9.3383789e+01
   7.5278850e+06   3.6010742e+01
   7.5280730e+06   4.2175293e+01
   7.5404700e+06   3.5583496e+01
   7.5422400e+06   4.0100098e+01
   7.7202240e+06   1.1358643e+02
   7.7202550e+06   6.6162109e+01
   7.7202860e+06   3.8452148e+01
   7.7203290e+06   4.1870117e+01
   7.7203840e+06   4.2053223e+01
   7.7204990e+06   5.4016113e+01
   7.7207150e+06   3.7719727e+01
   7.7208500e+06   3.6071777e+01
   7.7376650e+06   3.7048340e+01
   7.7376940e+06   1.3372803e+02
   7.7377090e+06   3.9794922e+01
   7.7377380e+06   5.8959961e+01
   7.7377890e+06   4.2663574e+01
   7.7378060e+06   3.6376953e+01
   7.7378460e+06   3.7841797e+01
   7.7381360e+06   4.8339844e+01
   7.7386780e+06   3.7780762e+01
   7.7387930e+06   3.6926270e+01
   7.8027020e+06   3.9855957e+01
   7.8929480e+06   3.6682129e+01
   7.9778990e+06   3.7292480e+01
   8.0289260e+06   3.5095215e+01
   8.1759860e+06   3.6315918e+01
   8.2439570e+06   3.6071777e+01
   8.3270260e+06   4.6569824e+01
   8.3270640e+06   6.5551758e+01
   8.3270800e+06   4.0405273e+01
   8.3271070e+06   4.7058105e+01
   8.3271560e+06   3.6437988e+01
   8.3272140e+06   3.8208008e+01
   8.3272380e+06   3.9306641e+01
   8.3272920e+06   3.5522461e+01
   8.3273480e+06   5.4016113e+01
   8.3274900e+06   5.8959961e+01
   8.3276370e+06   6.2561035e+01
   8.3407820e+06   8.1542969e+01
   8.3408520e+06   4.8278809e+01
   8.3408710e+06   3.8696289e+01
   8.3411190e+06   3.5278320e+01
   8.3414370e+06   3.6254883e+01
   8.3416620e+06   5.2673340e+01
   8.3420900e+06   3.9184570e+01
   8.3429370e+06   6.5795898e+01
   8.4170260e+06   3.6010742e+01
   8.4620620e+06   3.5949707e+01
   8.5134910e+06   3.5217285e+01
   8.6781500e+06   3.7597656e+01
   8.7923930e+06   3.5644531e+01
   8.8659390e+06   3.5095215e+01
   8.9047060e+06   4.3334961e+01
   8.9047450e+06   5.8471680e+01
   8.9048020e+06   4.2724609e+01
   8.9048660e+06   4.5959473e+01
   8.9049270e+06   3.9123535e+01
   8.9050340e+06   4.7119141e+01
   8.9051760e+06   6.3598633e+01
   8.9053390e+06   8.5632324e+01
   8.9183320e+06   1.1798096e+02
   8.9184100e+06   7.1777344e+01
   8.9184560e+06   3.6315918e+01
   8.9184860e+06   4.1381836e+01
   8.9185180e+06   3.9611816e+01
   8.9185450e+06   3.7231445e+01
   8.9187620e+06   3.6010742e+01
   8.9189920e+06   4.1687012e+01
   8.9191260e+06   4.8522949e+01
   8.9192040e+06   3.5644531e+01
   8.9193050e+06   4.5410156e+01
   8.9198940e+06   3.6743164e+01
   8.9206040e+06   5.9570312e+01
   9.0144950e+06   3.6926270e+01
   9.0145420e+06   3.6193848e+01
   9.0333820e+06   3.5583496e+01
   9.0340850e+06   3.6804199e+01
   9.0347130e+06   3.5461426e+01
   9.0513550e+06   3.7780762e+01
   9.0667920e+06   4.0161133e+01
   9.0671530e+06   4.0100098e+01
   9.0841670e+06   3.9978027e+01
   9.0945070e+06   4.2968750e+01
   9.1012620e+06   3.9550781e+01
   9.1016320e+06   4.6203613e+01
   9.1017060e+06   3.6804199e+01
   9.1031170e+06   3.5644531e+01
   9.1405920e+06   4.1442871e+01
   9.1868350e+06   3.7536621e+01
   9.2296390e+06   3.6193848e+01
   9.2555720e+06   3.6499023e+01
   9.2555970e+06   3.5522461e+01
   9.2556590e+06   8.1054688e+01
   9.2557160e+06   5.6945801e+01
   9.2558040e+06   3.6682129e+01
   9.2558360e+06   6.1645508e+01
   9.2559220e+06   3.8146973e+01
   9.2559680e+06   3.8269043e+01
   9.2559780e+06   5.2673340e+01
   9.2560860e+06   3.5583496e+01
   9.2564050e+06   3.5949707e+01
   9.2713120e+06   3.8269043e+01
   9.2713590e+06   3.5644531e+01
   9.2713840e+06   3.5095215e+01
   9.2714230e+06   4.7668457e+01
   9.2715080e+06   3.5400391e+01
   9.2719880e+06   4.4494629e+01
   9.2722240e+06   3.9611816e+01
   9.2722640e+06   3.7048340e+01
   9.2728030e+06   6.0180664e+01
   9.3510540e+06   3.9184570e+01
   9.3539060e+06   3.5766602e+01
   9.3909170e+06   3.7414551e+01
   9.4057020e+06   3.6254883e+01
   9.4057470e+06   3.8208008e+01
   9.4230290e+06   3.5949707e+01
   9.4232300e+06   3.5156250e+01
   9.4252090e+06   3.6926270e+01
   9.4403810e+06   3.5766602e+01
   9.4407190e+06   4.0893555e+01
   9.4408790e+06   3.8513184e+01
   9.4577810e+06   3.9306641e+01
   9.4786020e+06   3.5461426e+01
   9.5136490e+06   4.1809082e+01
   9.5259720e+06   3.6071777e+01
   9.5432320e+06   3.4973145e+01
   9.5432780e+06   3.5034180e+01
   9.5445990e+06   3.7170410e+01
   9.5645850e+06   4.3884277e+01
   9.5665700e+06   3.5766602e+01
   9.5852850e+06   3.4973145e+01
   9.5853770e+06   3.6254883e+01
   9.6023610e+06   3.5888672e+01
   9.6265780e+06   3.6560059e+01
   9.6275770e+06   3.9245605e+01
   9.6491550e+06   3.9123535e+01
   9.6493150e+06   3.7536621e+01
   9.6505080e+06   3.6132812e+01
   9.6649550e+06   3.8024902e+01
   9.6673320e+06   3.6804199e+01
   9.6937180e+06   3.5400391e+01
   9.6941780e+06   4.0344238e+01
   9.7206270e+06   3.6621094e+01
   9.7463300e+06   4.2602539e+01
   9.8338240e+06   4.0832520e+01
   9.8348250e+06   3.6315918e+01
   9.8521710e+06   3.6987305e+01
   9.8522890e+06   3.9978027e+01
   9.8953170e+06   3.7231445e+01
   9.9412710e+06   3.7353516e+01
   9.9416280e+06   3.8146973e+01
   9.9416990e+06   3.7170410e+01
   9.9422430e+06   3.6193848e+01
   9.9425820e+06   3.9550781e+01
   9.9843880e+06   3.5217285e+01
   1.0020166e+07   3.5156250e+01
   1.0020176e+07   3.5766602e+01
   1.0065572e+07   3.5095215e+01
   1.0066112e+07   3.5156250e+01
   1.0101720e+07   4.9499512e+01
   1.0143625e+07   1.0314941e+02
   1.0143650e+07   3.6926270e+01
   1.0143666e+07   4.6081543e+01
   1.0143719e+07   3.8024902e+01
   1.0143756e+07   3.8513184e+01
   1.0143820e+07   6.7810059e+01
   1.0143987e+07   3.8513184e+01
   1.0144361e+07   4.2236328e+01
   1.0159630e+07   1.2158203e+02
   1.0159686e+07   3.8818359e+01
   1.0159705e+07   7.6171875e+01
   1.0159802e+07   3.6254883e+01
   1.0159814e+07   3.9001465e+01
   1.0159942e+07   3.9123535e+01
   1.0161104e+07   3.6315918e+01
   1.0161541e+07   6.3049316e+01
   1.0450700e+07   3.5766602e+01
   1.0450732e+07   4.6386719e+01
   1.0450897e+07   5.6152344e+01
   1.0450983e+07   4.3884277e+01
   1.0451022e+07   6.8054199e+01
   1.0451151e+07   3.5461426e+01
   1.0451163e+07   6.6894531e+01
   1.0467472e+07   1.2145996e+02
   1.0467533e+07   6.7871094e+01
   1.0467581e+07   3.7719727e+01
   1.0467617e+07   3.9733887e+01
   1.0467653e+07   3.6437988e+01
   1.0467746e+07   3.6132812e+01
   1.0467878e+07   4.1198730e+01
   1.0467958e+07   3.7353516e+01
   1.0468025e+07   3.5095215e+01
   1.0468073e+07   3.7536621e+01
   1.0468241e+07   3.6193848e+01
   1.0468398e+07   3.5583496e+01
   1.0518321e+07   4.0039062e+01
   1.0662903e+07   3.6743164e+01
   1.0703146e+07   3.5156250e+01
   1.0797097e+07   9.1735840e+01
   1.0797177e+07   8.3374023e+01
   1.0797254e+07   6.1218262e+01
   1.0797330e+07   4.3640137e+01
   1.0797359e+07   4.3579102e+01
   1.0797499e+07   3.8574219e+01
   1.0797513e+07   4.7851562e+01
   1.0797740e+07   4.6691895e+01
   1.0812272e+07   1.2463379e+02
   1.0812295e+07   4.0954590e+01
   1.0812333e+07   5.7067871e+01
   1.0812405e+07   4.9804688e+01
   1.0812514e+07   4.0893555e+01
   1.0812608e+07   3.5766602e+01
   1.0812722e+07   3.6926270e+01
   1.0813312e+07   4.2724609e+01
   1.0813499e+07   3.6926270e+01
   1.0887402e+07   4.4433594e+01
   1.1107295e+07   3.6132812e+01
   1.1185297e+07   3.9184570e+01
   1.1261948e+07   3.8818359e+01
   1.1283738e+07   3.4912109e+01
   1.1554082e+07   3.5217285e+01
   1.1580010e+07   1.0815430e+02
   1.1580091e+07   8.5754395e+01
   1.1580147e+07   4.0405273e+01
   1.1580160e+07   5.3161621e+01
   1.1580214e+07   4.3640137e+01
   1.1580285e+07   6.7504883e+01
   1.1580403e+07   6.5795898e+01
   1.1580427e+07   3.6132812e+01
   1.1580513e+07   3.5156250e+01
   1.1580536e+07   3.9428711e+01
   1.1580838e+07   3.7841797e+01
   1.1593231e+07   3.6743164e+01
   1.1594553e+07   9.4116211e+01
   1.1594616e+07   5.8227539e+01
   1.1594684e+07   3.9733887e+01
   1.1594731e+07   3.9428711e+01
   1.1594836e+07   4.3457031e+01
   1.1595105e+07   3.6560059e+01
   1.1595380e+07   4.4433594e+01
   1.1595675e+07   3.6254883e+01
   1.1595792e+07   3.5522461e+01
   1.1595928e+07   4.2480469e+01
   1.1704051e+07   3.5339355e+01
   1.1704356e+07   3.5278320e+01
   1.1704676e+07   3.5339355e+01
   1.1721583e+07   3.6987305e+01
   1.1737238e+07   3.9916992e+01
   1.1738035e+07   3.7170410e+01
   1.1756080e+07   3.5339355e+01
   1.1785130e+07   3.7170410e+01
   1.1799113e+07   3.4912109e+01
   1.1862765e+07   3.7902832e+01
   1.1899499e+07   3.5766602e+01
   1.1900396e+07   3.5156250e+01
   1.1900622e+07   3.6926270e+01
   1.1915810e+07   3.5461426e+01
   1.1932477e+07   3.5888672e+01
   1.1954092e+07   3.5400391e+01
