   1.1996000e+07   0.0000000e+00
   1.5259000e+04   3.6499023e+01
   1.5741000e+04   3.8513184e+01
   1.5806000e+04   3.6254883e+01
   1.5903000e+04   3.6132812e+01
   3.3698000e+04   3.7231445e+01
   4.7249000e+04   4.3945312e+01
   4.7694000e+04   3.6682129e+01
   4.7784000e+04   3.7231445e+01
   7.7997000e+04   3.6315918e+01
   7.8805000e+04   4.0161133e+01
   7.9202000e+04   3.7780762e+01
   1.3057800e+05   4.0100098e+01
   1.3081100e+05   4.4555664e+01
   1.6571700e+05   3.8024902e+01
   1.6580000e+05   3.5827637e+01
   2.1793200e+05   3.5583496e+01
   2.5640000e+05   4.0100098e+01
   3.0184500e+05   3.6987305e+01
   3.0269100e+05   3.5583496e+01
   3.1924800e+05   3.9550781e+01
   3.4438600e+05   3.6987305e+01
   3.4450600e+05   3.6804199e+01
   3.4543400e+05   4.1015625e+01
   3.4580300e+05   4.0405273e+01
   3.8111300e+05   4.3090820e+01
   3.8139900e+05   3.8269043e+01
   3.8156400e+05   4.4250488e+01
   3.9599100e+05   4.4311523e+01
   4.1456300e+05   3.8879395e+01
   4.1466300e+05   3.6376953e+01
   4.3311300e+05   3.8879395e+01
   4.4923700e+05   4.0161133e+01
   4.9837200e+05   3.9916992e+01
   5.2097400e+05   3.5766602e+01
   5.4764500e+05   3.7597656e+01
   5.6467000e+05   3.9123535e+01
   5.9743300e+05   3.7536621e+01
   1.1942000e+06   3.5522461e+01
   1.3097790e+06   4.1687012e+01
   1.3739060e+06   3.8391113e+01
   1.3927520e+06   3.6193848e+01
   1.4316900e+06   3.8085937e+01
   1.4317640e+06   3.7841797e+01
   1.4323640e+06   3.7292480e+01
   1.4500860e+06   3.5583496e+01
   1.4503780e+06   3.6804199e+01
   1.4884950e+06   3.8757324e+01
   1.5228600e+06   3.6254883e+01
   1.5229440e+06   3.7231445e+01
   1.5230630e+06   3.6804199e+01
   1.5388340e+06   4.0954590e+01
   1.5392790e+06   3.5522461e+01
   1.5542430e+06   3.7170410e+01
   1.5544050e+06   3.6560059e+01
   1.5545220e+06   4.6142578e+01
   1.5912190e+06   3.6682129e+01
   1.6110500e+06   3.7963867e+01
   1.6112050e+06   4.3212891e+01
   1.6477160e+06   3.8757324e+01
   1.6479350e+06   3.5766602e+01
   1.6482370e+06   4.1076660e+01
   1.6485800e+06   3.9855957e+01
   1.6804340e+06   4.0588379e+01
   1.7154190e+06   4.1198730e+01
   1.7465530e+06   4.0954590e+01
   1.7472140e+06   3.6926270e+01
   1.7799860e+06   3.7048340e+01
   1.8698150e+06   4.3273926e+01
   1.8699720e+06   3.5827637e+01
   1.8707000e+06   4.0100098e+01
   1.9074330e+06   3.8452148e+01
   1.9075900e+06   3.5522461e+01
   1.9473090e+06   3.6926270e+01
   2.0072490e+06   3.7109375e+01
   2.0999560e+06   4.0222168e+01
   2.1601290e+06   4.3029785e+01
   2.1801480e+06   3.5644531e+01
   2.1803630e+06   3.8757324e+01
   2.1814860e+06   4.1015625e+01
   2.1815940e+06   3.5705566e+01
   2.1999330e+06   3.6010742e+01
   2.2001490e+06   4.1870117e+01
   2.2275790e+06   3.9306641e+01
   2.2593010e+06   3.5705566e+01
   2.2873700e+06   3.8024902e+01
   2.3086450e+06   4.0222168e+01
   2.3217150e+06   3.5766602e+01
   2.3218040e+06   3.9489746e+01
   2.3219030e+06   4.0039062e+01
   2.3558650e+06   4.0466309e+01
   2.3565120e+06   3.5766602e+01
   2.3568390e+06   3.7658691e+01
   2.3869620e+06   4.2419434e+01
   2.3870930e+06   4.2663574e+01
   2.3876460e+06   3.6132812e+01
   2.3888070e+06   3.5766602e+01
   2.4571020e+06   3.7780762e+01
   2.5028770e+06   3.9978027e+01
   2.5315320e+06   3.8879395e+01
   2.5316210e+06   3.5766602e+01
   2.5694110e+06   4.1503906e+01
   2.5704970e+06   4.8461914e+01
   2.5708320e+06   3.7780762e+01
   2.5813820e+06   3.7109375e+01
   2.5816840e+06   3.5766602e+01
   2.5936040e+06   4.5776367e+01
   2.5939410e+06   3.7597656e+01
   2.6405860e+06   3.6560059e+01
   2.6406350e+06   3.6437988e+01
   2.6407570e+06   4.1687012e+01
   2.6575700e+06   3.6743164e+01
   2.6577300e+06   4.1809082e+01
   2.6751070e+06   3.8818359e+01
   2.6914710e+06   3.8208008e+01
   2.6920670e+06   3.9733887e+01
   2.7061050e+06   3.6560059e+01
   2.7063350e+06   4.0222168e+01
   2.7067250e+06   3.7292480e+01
   2.7070830e+06   3.6865234e+01
   2.7238310e+06   3.6132812e+01
   2.7242610e+06   3.8940430e+01
   2.7245440e+06   3.7292480e+01
   2.7247260e+06   3.9978027e+01
   2.7432720e+06   4.1320801e+01
   2.7434010e+06   3.6071777e+01
   2.8207710e+06   3.6071777e+01
   2.8759090e+06   4.0161133e+01
   2.8762980e+06   4.3395996e+01
   2.8774810e+06   4.2602539e+01
   2.8775410e+06   3.6621094e+01
   2.9789580e+06   3.8024902e+01
   3.0005050e+06   4.0954590e+01
   3.0006620e+06   4.0222168e+01
   3.4026800e+06   3.9550781e+01
   3.6219770e+06   3.5766602e+01
   3.6411230e+06   3.5522461e+01
   3.6595950e+06   3.6926270e+01
   3.6607770e+06   3.6132812e+01
   3.6745770e+06   3.5339355e+01
   3.6747460e+06   4.0649414e+01
   3.6959760e+06   3.5278320e+01
   3.7096710e+06   3.5339355e+01
   3.7265840e+06   3.5888672e+01
   3.7461040e+06   3.8330078e+01
   3.7464000e+06   4.2602539e+01
   3.7990680e+06   3.7658691e+01
   3.8419010e+06   3.5339355e+01
   3.8790430e+06   3.5461426e+01
   3.8798940e+06   3.5766602e+01
   3.9221300e+06   3.6804199e+01
   3.9646310e+06   3.7597656e+01
   4.0248710e+06   3.6132812e+01
   4.2108110e+06   4.2114258e+01
   4.2748180e+06   3.9306641e+01
   4.5949250e+06   3.9794922e+01
   4.7679060e+06   3.9672852e+01
   4.8870600e+06   3.6682129e+01
   4.9156900e+06   3.6987305e+01
   4.9160360e+06   3.7048340e+01
   4.9161300e+06   3.5644531e+01
   4.9162790e+06   3.5705566e+01
   4.9287250e+06   3.6376953e+01
   4.9289560e+06   4.4067383e+01
   4.9590070e+06   3.9550781e+01
   4.9596650e+06   3.5339355e+01
   4.9842120e+06   3.7414551e+01
   4.9897030e+06   3.6376953e+01
   4.9946320e+06   3.8513184e+01
   5.0085150e+06   3.6987305e+01
   5.0086570e+06   3.7597656e+01
   5.0231390e+06   4.1320801e+01
   5.0336390e+06   3.9184570e+01
   5.0460240e+06   3.5705566e+01
   5.0463980e+06   3.5339355e+01
   5.0465810e+06   3.8024902e+01
   5.0575630e+06   3.8452148e+01
   5.0918310e+06   3.5827637e+01
   5.0921770e+06   3.6560059e+01
   5.0927740e+06   4.8217773e+01
   5.0927990e+06   3.7048340e+01
   5.0931840e+06   4.0283203e+01
   5.0942760e+06   4.2297363e+01
   5.0947450e+06   3.8269043e+01
   5.1132090e+06   3.7170410e+01
   5.1134260e+06   3.6132812e+01
   5.1268790e+06   3.6987305e+01
   5.1396350e+06   3.7536621e+01
   5.1403620e+06   3.5522461e+01
   5.1537660e+06   3.7719727e+01
   5.1649760e+06   3.6682129e+01
   5.1767310e+06   3.7048340e+01
   5.1959580e+06   3.9367676e+01
   5.2079300e+06   4.2419434e+01
   5.2368410e+06   3.7902832e+01
   5.2828540e+06   4.0466309e+01
   6.1422480e+06   3.6621094e+01
   6.1576390e+06   3.6254883e+01
   6.2015030e+06   3.7048340e+01
   6.2164460e+06   3.9245605e+01
   6.2441880e+06   3.5644531e+01
   6.2600210e+06   4.0100098e+01
   6.3101530e+06   3.6132812e+01
   6.3540070e+06   4.0466309e+01
   6.3552450e+06   3.6010742e+01
   6.4012970e+06   3.5766602e+01
   6.4148470e+06   3.5827637e+01
   6.4575910e+06   3.6071777e+01
   6.5075750e+06   3.9733887e+01
   6.5436960e+06   3.7048340e+01
   6.5577450e+06   3.6560059e+01
   6.5777290e+06   3.6193848e+01
   6.5782760e+06   3.5705566e+01
   6.5788490e+06   3.7414551e+01
   6.5915830e+06   3.6071777e+01
   6.6074460e+06   3.5827637e+01
   6.6079510e+06   3.7780762e+01
   6.6396660e+06   4.1503906e+01
   6.6891690e+06   4.4006348e+01
   6.6904620e+06   3.7963867e+01
   6.6906940e+06   3.9550781e+01
   6.7173250e+06   3.8085938e+01
   6.7357540e+06   3.6437988e+01
   6.7829150e+06   4.5227051e+01
   6.8149810e+06   3.8696289e+01
   6.9143380e+06   3.7414551e+01
   7.0966520e+06   4.0039063e+01
   7.0981230e+06   3.6437988e+01
   7.2937010e+06   4.1809082e+01
   7.3740450e+06   4.0100098e+01
   7.4850460e+06   3.6254883e+01
   7.4852930e+06   4.4555664e+01
   7.4992700e+06   3.6926270e+01
   7.5356870e+06   3.6560059e+01
   7.5358930e+06   3.5705566e+01
   7.5362110e+06   3.9001465e+01
   7.5617060e+06   4.1015625e+01
   7.5619030e+06   3.9306641e+01
   7.5623160e+06   4.5593262e+01
   7.5624320e+06   3.7353516e+01
   7.5731300e+06   4.2419434e+01
   7.5846820e+06   4.1442871e+01
   7.5850700e+06   3.8818359e+01
   7.5853660e+06   3.9855957e+01
   7.5969040e+06   3.7719727e+01
   7.5974720e+06   3.8940430e+01
   7.5975340e+06   3.6315918e+01
   7.5976870e+06   4.2114258e+01
   7.6104700e+06   3.6865234e+01
   7.6105770e+06   3.6621094e+01
   7.6229110e+06   3.8574219e+01
   7.6475440e+06   3.9306641e+01
   7.6588100e+06   3.9489746e+01
   7.6702450e+06   3.6254883e+01
   7.6708550e+06   4.0527344e+01
   7.6837590e+06   3.7414551e+01
   7.6966450e+06   4.1687012e+01
   7.6973550e+06   3.5827637e+01
   7.7121190e+06   4.0405273e+01
   7.7125700e+06   3.9367676e+01
   7.7129270e+06   3.8574219e+01
   7.7268850e+06   3.5888672e+01
   7.7797070e+06   3.5888672e+01
   7.7799150e+06   3.6376953e+01
   7.7802150e+06   3.5827637e+01
   7.8205680e+06   3.6132812e+01
   8.8616830e+06   3.9794922e+01
   8.9393690e+06   3.7170410e+01
   8.9511220e+06   3.6254883e+01
   8.9646260e+06   3.6804199e+01
   8.9778080e+06   3.8208008e+01
   9.0050120e+06   3.9672852e+01
   9.0330000e+06   3.7048340e+01
   9.0529100e+06   3.6804199e+01
   9.0767550e+06   3.5705566e+01
   9.1024140e+06   3.8940430e+01
   9.1027520e+06   3.6315918e+01
   9.1404980e+06   3.7719727e+01
   9.1406170e+06   3.8391113e+01
   9.1934790e+06   3.6621094e+01
   9.1935930e+06   4.1992188e+01
   9.1936900e+06   3.7902832e+01
   9.1941780e+06   3.6865234e+01
   9.3450110e+06   3.6315918e+01
   9.3669100e+06   3.5400391e+01
   9.3670860e+06   3.7841797e+01
   9.3677850e+06   3.7109375e+01
   9.4052370e+06   3.9306641e+01
   9.4233870e+06   3.9367676e+01
   9.4242440e+06   3.6315918e+01
   9.4243680e+06   3.7231445e+01
   9.8891950e+06   4.5959473e+01
   9.8895400e+06   3.7231445e+01
   1.0036925e+07   3.6254883e+01
   1.0052752e+07   4.1198730e+01
   1.0066936e+07   3.9794922e+01
   1.0067605e+07   3.7353516e+01
   1.0083662e+07   3.5949707e+01
   1.0134090e+07   4.0710449e+01
   1.0134492e+07   3.5827637e+01
   1.0179408e+07   3.5827637e+01
   1.0179730e+07   3.7963867e+01
   1.0180335e+07   3.6071777e+01
   1.0213170e+07   3.6010742e+01
   1.0244754e+07   3.5278320e+01
   1.0264082e+07   3.5278320e+01
   1.0264874e+07   3.5583496e+01
   1.0264954e+07   3.9245605e+01
   1.0295342e+07   4.1809082e+01
   1.0295468e+07   3.8940430e+01
   1.0330485e+07   3.7841797e+01
   1.0368483e+07   3.7719727e+01
   1.0369035e+07   3.5278320e+01
   1.0369774e+07   3.9001465e+01
   1.0407640e+07   3.6987305e+01
   1.0446437e+07   4.1259766e+01
   1.0446529e+07   4.0039062e+01
   1.0446630e+07   3.6560059e+01
   1.0462482e+07   3.6193848e+01
   1.0494410e+07   3.6193848e+01
   1.0510586e+07   3.7231445e+01
   1.0510865e+07   3.5766602e+01
   1.0528524e+07   3.7841797e+01
   1.0569133e+07   4.1503906e+01
   1.0570109e+07   3.6437988e+01
   1.1456379e+07   3.5339355e+01
   1.1471523e+07   3.9489746e+01
   1.1501624e+07   3.6193848e+01
   1.1511654e+07   4.6020508e+01
   1.1522293e+07   3.8879395e+01
   1.1522461e+07   3.6743164e+01
   1.1576259e+07   3.5400391e+01
   1.1577916e+07   4.2236328e+01
   1.1608114e+07   3.6010742e+01
   1.1616244e+07   3.7841797e+01
   1.1637386e+07   3.6193848e+01
   1.1637678e+07   4.1625977e+01
   1.1638389e+07   3.5827637e+01
   1.1649171e+07   3.5644531e+01
   1.1658515e+07   4.1992188e+01
   1.1658574e+07   4.4128418e+01
   1.1659244e+07   3.9306641e+01
   1.1670474e+07   3.6987305e+01
   1.1670905e+07   4.0283203e+01
   1.1690579e+07   3.8330078e+01
   1.1690861e+07   3.7048340e+01
   1.1691931e+07   3.5766602e+01
   1.1706423e+07   4.1015625e+01
   1.1706525e+07   3.5583496e+01
   1.1706919e+07   3.7109375e+01
   1.1707087e+07   3.6071777e+01
   1.1723266e+07   3.7902832e+01
   1.1723839e+07   3.6071777e+01
   1.1723944e+07   3.9672852e+01
   1.1741995e+07   3.6071777e+01
   1.1774426e+07   4.0649414e+01
   1.1774952e+07   3.6926270e+01
   1.1775036e+07   3.5461426e+01
   1.1775131e+07   3.6743164e+01
   1.1775330e+07   3.5278320e+01
   1.1819889e+07   3.6132812e+01
   1.1864364e+07   3.6437988e+01
   1.1865585e+07   3.5766602e+01
   1.1865739e+07   3.5522461e+01
   1.1941562e+07   3.5522461e+01
   1.1942940e+07   3.6254883e+01
   1.1975833e+07   3.5705566e+01
   1.1976042e+07   4.0405273e+01
   1.1977332e+07   3.7109375e+01
