   8.9970000e+06   0.0000000e+00
   9.5575000e+04   3.5583496e+01
   4.0044400e+05   3.5583496e+01
   6.7529400e+05   3.5949707e+01
   6.7533900e+05   3.5827637e+01
   6.7543300e+05   4.3212891e+01
   6.7548800e+05   3.8146973e+01
   6.7553500e+05   3.5278320e+01
   6.7557200e+05   4.4189453e+01
   6.7562400e+05   4.1137695e+01
   6.7566800e+05   3.5522461e+01
   6.7571400e+05   3.7292480e+01
   6.7584800e+05   4.6203613e+01
   6.7596900e+05   4.0649414e+01
   6.8065000e+05   3.5766602e+01
   6.8364400e+05   3.6071777e+01
   6.8391300e+05   4.5959473e+01
   6.8413900e+05   3.5888672e+01
   6.8456900e+05   4.3273926e+01
   6.8503600e+05   3.6437988e+01
   6.8545200e+05   3.6071777e+01
   6.8592500e+05   3.6987305e+01
   6.8631100e+05   3.8818359e+01
   6.9054800e+05   3.9978027e+01
   6.9225100e+05   3.6193848e+01
   6.9497000e+05   4.0527344e+01
   1.7140620e+06   3.7048340e+01
   1.8194530e+06   3.6437988e+01
   1.8195280e+06   5.6884766e+01
   1.8195680e+06   4.7485352e+01
   1.8195840e+06   3.5644531e+01
   1.8196730e+06   4.4372559e+01
   1.8197970e+06   4.5837402e+01
   1.8198420e+06   3.5278320e+01
   1.8199570e+06   3.9550781e+01
   1.8200870e+06   3.5400391e+01
   1.8202000e+06   4.5898438e+01
   1.8205940e+06   3.5034180e+01
   1.8209370e+06   3.5156250e+01
   1.8217690e+06   3.6865234e+01
   1.8264110e+06   5.2856445e+01
   1.8269660e+06   3.5827637e+01
   1.8278060e+06   3.5522461e+01
   1.8280290e+06   3.9428711e+01
   1.8306880e+06   3.8818359e+01
   1.8312650e+06   3.5278320e+01
   1.8318220e+06   3.6804199e+01
   1.8321520e+06   3.8452148e+01
   1.8323830e+06   4.0466309e+01
   1.8334110e+06   4.3884277e+01
   1.8340540e+06   4.6630859e+01
   1.8341740e+06   3.5522461e+01
   1.8354780e+06   3.7048340e+01
   1.8355400e+06   3.8635254e+01
   1.8395930e+06   4.2480469e+01
   2.2028630e+06   3.6315918e+01
   2.5314740e+06   3.6315918e+01
   2.5315180e+06   4.5715332e+01
   2.5316000e+06   6.0974121e+01
   2.5316250e+06   3.9367676e+01
   2.5316840e+06   3.5461426e+01
   2.5317080e+06   3.6071777e+01
   2.5317250e+06   4.3518066e+01
   2.5317730e+06   4.0344238e+01
   2.5318340e+06   4.1320801e+01
   2.5318470e+06   4.2053223e+01
   2.5319520e+06   3.6437988e+01
   2.5323330e+06   4.0649414e+01
   2.5340060e+06   4.0954590e+01
   2.5378910e+06   3.5644531e+01
   2.5384580e+06   3.5095215e+01
   2.5396100e+06   4.1870117e+01
   2.5405730e+06   3.6499023e+01
   2.5415050e+06   3.6499023e+01
   2.5432620e+06   4.4677734e+01
   2.5438750e+06   3.9550781e+01
   2.5443870e+06   3.9916992e+01
   2.5451590e+06   3.5827637e+01
   2.5468500e+06   3.4973145e+01
   2.5471460e+06   3.5705566e+01
   2.5472830e+06   3.6071777e+01
   2.5500950e+06   3.6315918e+01
   2.5509180e+06   3.6193848e+01
   2.8656350e+06   3.9001465e+01
   2.8656550e+06   4.1381836e+01
   2.8657470e+06   4.7790527e+01
   2.8657770e+06   4.0588379e+01
   2.8658630e+06   3.6926270e+01
   2.8658850e+06   4.7241211e+01
   2.8659140e+06   3.7170410e+01
   2.8659420e+06   4.4372559e+01
   2.8660400e+06   3.8146973e+01
   2.8660770e+06   3.6560059e+01
   2.8662090e+06   3.6071777e+01
   2.8664560e+06   3.9672852e+01
   2.8666110e+06   3.8330078e+01
   2.8668000e+06   3.5217285e+01
   2.8678210e+06   3.5339355e+01
   3.6028880e+06   3.7353516e+01
   3.8568420e+06   3.7658691e+01
   3.8569340e+06   3.5522461e+01
   3.8569570e+06   4.3212891e+01
   3.8569760e+06   4.3151855e+01
   3.8570140e+06   4.3212891e+01
   3.8570360e+06   3.5034180e+01
   3.8571080e+06   6.4819336e+01
   3.8571370e+06   3.7414551e+01
   3.8571580e+06   3.7780762e+01
   3.8571840e+06   3.4484863e+01
   3.8572130e+06   4.8095703e+01
   3.8572270e+06   3.9245605e+01
   3.8572750e+06   4.6264648e+01
   3.8573350e+06   3.9794922e+01
   3.8573780e+06   3.6437988e+01
   3.8574370e+06   3.6193848e+01
   3.8575330e+06   4.7241211e+01
   3.8577190e+06   3.5583496e+01
   3.8581130e+06   3.4912109e+01
   3.8587020e+06   3.4973145e+01
   3.8588190e+06   3.4362793e+01
   3.8592030e+06   4.2297363e+01
   3.8595230e+06   4.1931152e+01
   3.8619790e+06   3.8208008e+01
   3.8641580e+06   3.9916992e+01
   3.8647370e+06   3.4851074e+01
   3.8651090e+06   3.4790039e+01
   3.8654280e+06   3.4606934e+01
   3.8665450e+06   4.2297363e+01
   3.8667770e+06   3.5400391e+01
   3.8679400e+06   3.7292480e+01
   3.8699150e+06   3.5522461e+01
   3.8702880e+06   3.5766602e+01
   3.8733800e+06   3.8940430e+01
   3.8765260e+06   3.7536621e+01
   4.9262990e+06   3.8269043e+01
   4.9263180e+06   4.9194336e+01
   4.9263410e+06   3.4790039e+01
   4.9263900e+06   3.6926270e+01
   4.9264210e+06   4.1015625e+01
   4.9264490e+06   3.8757324e+01
   4.9265040e+06   4.3518066e+01
   4.9265690e+06   4.0405273e+01
   4.9265810e+06   3.4301758e+01
   4.9266920e+06   5.0598145e+01
   4.9268050e+06   5.6030273e+01
   4.9268970e+06   3.4729004e+01
   4.9270430e+06   4.9133301e+01
   4.9274370e+06   4.0710449e+01
   4.9277970e+06   4.6020508e+01
   4.9301350e+06   3.4790039e+01
   4.9329150e+06   3.4912109e+01
   4.9330610e+06   3.5888672e+01
   4.9335620e+06   3.9733887e+01
   4.9342720e+06   3.6804199e+01
   4.9344360e+06   3.5278320e+01
   4.9347460e+06   3.4423828e+01
   4.9355460e+06   3.4484863e+01
   4.9360880e+06   3.8208008e+01
   4.9382550e+06   3.4667969e+01
   4.9385260e+06   3.4301758e+01
   4.9394970e+06   3.5766602e+01
   4.9396880e+06   4.1381836e+01
   4.9419020e+06   4.3518066e+01
   4.9445670e+06   3.5827637e+01
   4.9463120e+06   3.8940430e+01
   4.9474620e+06   3.6743164e+01
   5.7615460e+06   3.6010742e+01
   5.7755910e+06   3.4301758e+01
   5.8704000e+06   3.5705566e+01
   5.8704610e+06   3.5522461e+01
   5.8704970e+06   4.6142578e+01
   5.8705120e+06   5.3161621e+01
   5.8705320e+06   3.5217285e+01
   5.8706230e+06   4.3518066e+01
   5.8706450e+06   4.0710449e+01
   5.8706940e+06   4.4982910e+01
   5.8707110e+06   4.0954590e+01
   5.8707290e+06   4.8461914e+01
   5.8707420e+06   3.5278320e+01
   5.8707800e+06   4.1809082e+01
   5.8708380e+06   3.9428711e+01
   5.8708880e+06   4.7546387e+01
   5.8709470e+06   3.9672852e+01
   5.8710120e+06   3.6132812e+01
   5.8711370e+06   3.8269043e+01
   5.8715240e+06   3.5339355e+01
   5.8719900e+06   3.6560059e+01
   5.8733410e+06   4.1564941e+01
   5.8773510e+06   3.9855957e+01
   5.8777680e+06   5.5358887e+01
   5.8780750e+06   3.8146973e+01
   5.8780960e+06   3.8574219e+01
   5.8784190e+06   3.6132812e+01
   5.8787270e+06   4.0588379e+01
   5.8787530e+06   3.7902832e+01
   5.8788010e+06   4.1931152e+01
   5.8790950e+06   3.6560059e+01
   5.8794210e+06   3.7231445e+01
   5.8797480e+06   3.9428711e+01
   5.8830760e+06   3.4667969e+01
   5.8836260e+06   4.3151855e+01
   5.8852840e+06   3.4545898e+01
   5.8857160e+06   5.4321289e+01
   5.8862540e+06   3.5827637e+01
   5.8869910e+06   3.4301758e+01
   5.8879560e+06   3.6926270e+01
   5.8889970e+06   3.9123535e+01
   5.8898010e+06   3.8757324e+01
   5.8919580e+06   3.8635254e+01
   5.9217600e+06   3.4484863e+01
   6.4372640e+06   3.8696289e+01
   6.4373050e+06   3.7353516e+01
   6.4373370e+06   3.9489746e+01
   6.4374000e+06   4.8400879e+01
   6.4374270e+06   6.3293457e+01
   6.4374440e+06   4.3212891e+01
   6.4374650e+06   3.6193848e+01
   6.4375590e+06   3.9184570e+01
   6.4375870e+06   4.5043945e+01
   6.4376320e+06   3.8635254e+01
   6.4376780e+06   3.9550781e+01
   6.4377030e+06   3.8940430e+01
   6.4377950e+06   3.6865234e+01
   6.4379210e+06   3.8757324e+01
   6.4379840e+06   3.8269043e+01
   6.4384630e+06   3.9733887e+01
   6.4390570e+06   3.7658691e+01
   6.4442300e+06   3.6376953e+01
   6.4480170e+06   5.2185059e+01
   6.4485240e+06   4.0893555e+01
   6.4489460e+06   4.1625977e+01
   6.4491530e+06   3.6865234e+01
   6.4491880e+06   3.6010742e+01
   6.4494400e+06   3.8085938e+01
   6.4552050e+06   3.4973145e+01
   6.8783540e+06   3.4912109e+01
   7.0941820e+06   4.1076660e+01
   7.2811080e+06   3.6804199e+01
   7.2812150e+06   4.7424316e+01
   7.2812600e+06   3.8146973e+01
   7.2813230e+06   3.9123535e+01
   7.2814040e+06   4.0832520e+01
   7.2814150e+06   3.6376953e+01
   7.2814930e+06   4.0222168e+01
   7.2815330e+06   5.8227539e+01
   7.2816760e+06   3.5217285e+01
   7.2817580e+06   5.2368164e+01
   7.2817940e+06   3.8024902e+01
   7.2819330e+06   5.3344727e+01
   7.2830370e+06   4.3151855e+01
   7.2832870e+06   3.5278320e+01
   7.2900090e+06   5.6457520e+01
   7.2905480e+06   3.5705566e+01
   7.2909470e+06   3.6499023e+01
   7.2913840e+06   4.2419434e+01
   7.2916930e+06   3.5034180e+01
   7.2920780e+06   3.5705566e+01
   7.2955060e+06   3.4912109e+01
   7.2970580e+06   4.1503906e+01
   7.2974110e+06   3.5095215e+01
   7.2977930e+06   3.5156250e+01
   7.2982080e+06   3.8024902e+01
   7.2988930e+06   4.3823242e+01
   8.2522810e+06   3.7475586e+01
   8.2523010e+06   3.5827637e+01
   8.2523670e+06   4.0466309e+01
   8.2524330e+06   4.0283203e+01
   8.2525050e+06   3.5705566e+01
   8.2525710e+06   3.6132812e+01
   8.2525980e+06   4.1503906e+01
   8.2526220e+06   4.6936035e+01
   8.2526400e+06   3.7841797e+01
   8.2527120e+06   5.1269531e+01
   8.2528270e+06   4.1320801e+01
   8.2529400e+06   3.7475586e+01
   8.2530690e+06   3.5827637e+01
   8.2532170e+06   3.7963867e+01
   8.2539310e+06   3.5705566e+01
   8.2601710e+06   3.7658691e+01
   8.2613200e+06   3.6315918e+01
   8.2622440e+06   3.6193848e+01
   8.2623350e+06   3.4973145e+01
   8.2671950e+06   3.5766602e+01
   8.2676680e+06   3.6437988e+01
   8.2677820e+06   3.6132812e+01
