   8.9970000e+06   0.0000000e+00
   1.3585140e+06   3.4545898e+01
   1.6196760e+06   7.4401855e+01
   1.6198580e+06   7.3791504e+01
   2.5695880e+06   4.9499512e+01
   2.5696190e+06   8.8500977e+01
   2.5696320e+06   4.0832520e+01
   2.5696670e+06   4.3884277e+01
   2.5696880e+06   3.9916992e+01
   2.5697080e+06   8.3068848e+01
   2.5697220e+06   3.7231445e+01
   2.5697840e+06   4.7119141e+01
   2.5698180e+06   3.9916992e+01
   2.5698700e+06   3.5156250e+01
   2.5699380e+06   3.4667969e+01
   2.5703780e+06   3.4118652e+01
   2.5705190e+06   3.9489746e+01
   2.5710200e+06   3.4606934e+01
   2.5712270e+06   3.6193848e+01
   2.5715300e+06   3.5644531e+01
   2.5715900e+06   3.8146973e+01
   2.5717500e+06   4.2785645e+01
   2.5721740e+06   4.2785645e+01
   2.5724220e+06   3.3752441e+01
   2.5729800e+06   3.6010742e+01
   2.5732100e+06   3.6010742e+01
   2.5733650e+06   3.6315918e+01
   2.5743870e+06   3.6499023e+01
   2.5752010e+06   4.0466309e+01
   2.5752600e+06   3.4545898e+01
   2.5759270e+06   3.6010742e+01
   2.5763260e+06   4.4799805e+01
   2.5772000e+06   3.5339355e+01
   2.5780360e+06   4.2297363e+01
   2.5787980e+06   3.4057617e+01
   2.5790020e+06   3.4301758e+01
   2.5791320e+06   3.7841797e+01
   2.5793480e+06   3.8208008e+01
   2.5801470e+06   3.5827637e+01
   2.5802170e+06   3.5034180e+01
   2.5804810e+06   4.6936035e+01
   2.5817120e+06   3.5888672e+01
   3.1793160e+06   3.3996582e+01
   3.1793260e+06   6.6833496e+01
   3.1793390e+06   8.5815430e+01
   3.1793830e+06   3.5278320e+01
   3.1794040e+06   3.7475586e+01
   3.1794180e+06   3.4423828e+01
   3.1794380e+06   7.7026367e+01
   3.1794610e+06   3.3691406e+01
   3.1794780e+06   3.4362793e+01
   3.1795160e+06   4.3579102e+01
   3.1795350e+06   3.5156250e+01
   3.1795950e+06   3.5705566e+01
   3.1796070e+06   3.7170410e+01
   3.1796540e+06   3.8696289e+01
   3.1797940e+06   4.5288086e+01
   3.1801900e+06   4.2419434e+01
   3.1802200e+06   3.7170410e+01
   3.1803700e+06   3.7963867e+01
   3.1807730e+06   4.1381836e+01
   3.1808020e+06   3.4851074e+01
   3.1808740e+06   3.4606934e+01
   3.1810180e+06   4.4921875e+01
   3.1812300e+06   3.3874512e+01
   3.1814290e+06   4.1687012e+01
   3.1815450e+06   3.9062500e+01
   3.1817020e+06   5.0659180e+01
   3.1821560e+06   3.7902832e+01
   3.1821780e+06   4.1992188e+01
   3.1822340e+06   4.1381836e+01
   3.1825700e+06   4.0832520e+01
   3.1832250e+06   3.3752441e+01
   3.1872660e+06   4.7790527e+01
   3.1881300e+06   4.3029785e+01
   3.1884910e+06   4.1992188e+01
   3.1888350e+06   3.5888672e+01
   3.1892030e+06   3.4423828e+01
   3.1897210e+06   3.4545898e+01
   3.1898700e+06   4.9987793e+01
   3.1899450e+06   5.2795410e+01
   3.1900960e+06   4.3029785e+01
   3.1902530e+06   3.3935547e+01
   3.1904360e+06   3.6315918e+01
   3.1906150e+06   3.6132812e+01
   3.1908120e+06   3.5034180e+01
   3.1908800e+06   3.6193848e+01
   3.1911760e+06   3.7841797e+01
   3.1914350e+06   3.5278320e+01
   3.1917280e+06   3.4606934e+01
   3.1921110e+06   3.5461426e+01
   3.1923080e+06   3.4423828e+01
   3.1927280e+06   4.2419434e+01
   3.1932360e+06   3.5827637e+01
   3.1938380e+06   3.8513184e+01
   3.1942350e+06   3.7475586e+01
   3.3559970e+06   3.6071777e+01
   4.1033060e+06   3.3996582e+01
   4.2360870e+06   3.3996582e+01
   4.3903250e+06   8.6120605e+01
   4.3903960e+06   7.8613281e+01
   4.3904170e+06   6.4819336e+01
   4.3904450e+06   4.4677734e+01
   4.3904580e+06   3.7597656e+01
   4.3904820e+06   5.8593750e+01
   4.3905100e+06   3.4545898e+01
   4.3905490e+06   4.3212891e+01
   4.3906130e+06   3.6560059e+01
   4.3906450e+06   4.0954590e+01
   4.3907180e+06   4.9438477e+01
   4.3911840e+06   4.9560547e+01
   4.3914510e+06   4.4006348e+01
   4.3917430e+06   3.4790039e+01
   4.3918350e+06   4.0710449e+01
   4.3922340e+06   3.8146973e+01
   4.3923950e+06   4.2297363e+01
   4.3925380e+06   3.5217285e+01
   4.3925860e+06   3.6071777e+01
   4.3931060e+06   3.3691406e+01
   4.3939000e+06   3.6071777e+01
   4.3943120e+06   3.7719727e+01
   4.3944370e+06   3.4057617e+01
   4.3947420e+06   4.0100098e+01
   4.3950940e+06   3.9306641e+01
   4.3951830e+06   3.4606934e+01
   4.3955950e+06   3.3996582e+01
   4.3959610e+06   4.0039062e+01
   4.3964280e+06   3.3996582e+01
   4.3972910e+06   3.9306641e+01
   4.3978100e+06   3.9489746e+01
   4.3982220e+06   3.8269043e+01
   4.3985720e+06   4.1320801e+01
   4.3987250e+06   4.2114258e+01
   4.4001680e+06   3.5278320e+01
   4.4006240e+06   6.0424805e+01
   4.4008020e+06   3.9489746e+01
   4.4011260e+06   3.9672852e+01
   4.4015090e+06   3.7414551e+01
   4.4015730e+06   3.4545898e+01
   4.4019850e+06   3.3874512e+01
   4.4022990e+06   3.5522461e+01
   4.4026220e+06   3.5827637e+01
   4.4030810e+06   3.9611816e+01
   4.4041430e+06   3.5278320e+01
   4.7043090e+06   9.7717285e+01
   5.5100280e+06   3.6132812e+01
   5.5100480e+06   8.2153320e+01
   5.5100600e+06   3.7292480e+01
   5.5101170e+06   7.3120117e+01
   5.5101430e+06   4.1931152e+01
   5.5101940e+06   7.2387695e+01
   5.5102050e+06   4.5654297e+01
   5.5102360e+06   3.8024902e+01
   5.5102600e+06   4.3212891e+01
   5.5103200e+06   3.5583496e+01
   5.5103370e+06   4.2419434e+01
   5.5104140e+06   5.1696777e+01
   5.5104660e+06   3.3813477e+01
   5.5105280e+06   3.5583496e+01
   5.5105620e+06   3.4240723e+01
   5.5106930e+06   3.7597656e+01
   5.5108970e+06   6.1828613e+01
   5.5112840e+06   4.1992188e+01
   5.5113830e+06   3.5827637e+01
   5.5114570e+06   3.4973145e+01
   5.5115230e+06   3.6010742e+01
   5.5119360e+06   5.2978516e+01
   5.5124890e+06   3.6071777e+01
   5.5126590e+06   4.1137695e+01
   5.5132940e+06   3.6010742e+01
   5.5137650e+06   3.5766602e+01
   5.5138170e+06   3.7475586e+01
   5.5140350e+06   3.5278320e+01
   5.5141840e+06   3.4484863e+01
   5.5143560e+06   4.5104980e+01
   5.5149510e+06   3.8330078e+01
   5.5151830e+06   3.3752441e+01
   5.5159730e+06   3.9123535e+01
   5.5164300e+06   4.3334961e+01
   5.5178460e+06   3.3874512e+01
   5.5182850e+06   4.3884277e+01
   5.5189880e+06   4.4372559e+01
   5.5194350e+06   3.7475586e+01
   5.5197650e+06   4.1931152e+01
   5.5200510e+06   3.6560059e+01
   5.5202040e+06   5.9143066e+01
   5.5203790e+06   4.1015625e+01
   5.5205840e+06   3.9794922e+01
   5.5207040e+06   3.7719727e+01
   5.5207610e+06   4.1687012e+01
   5.5210270e+06   3.7170410e+01
   5.5212610e+06   4.0588379e+01
   5.5214570e+06   3.4057617e+01
   5.5223890e+06   3.4179688e+01
   5.5229110e+06   4.4616699e+01
   5.8360850e+06   3.4484863e+01
   7.0857290e+06   8.9538574e+01
   7.0857490e+06   4.0710449e+01
   7.0858010e+06   6.7932129e+01
   7.0858120e+06   3.7231445e+01
   7.0858740e+06   4.6936035e+01
   7.0858840e+06   4.2968750e+01
   7.0859120e+06   3.9794922e+01
   7.0859490e+06   4.2541504e+01
   7.0862880e+06   4.0832520e+01
   7.0864520e+06   5.0476074e+01
   7.0865820e+06   3.6254883e+01
   7.0870110e+06   4.2846680e+01
   7.0873370e+06   3.4973145e+01
   7.0875130e+06   3.3935547e+01
   7.0879370e+06   3.4118652e+01
   7.0880870e+06   4.0771484e+01
   7.0882860e+06   3.6071777e+01
   7.0883690e+06   3.4240723e+01
   7.0887940e+06   3.4667969e+01
   7.0890310e+06   3.3508301e+01
   7.0892410e+06   3.5217285e+01
   7.0894780e+06   3.8635254e+01
   7.0897410e+06   3.7109375e+01
   7.0905480e+06   4.5227051e+01
   7.0920010e+06   3.3569336e+01
   7.0934890e+06   4.1931152e+01
   7.0939450e+06   4.0832520e+01
   7.0943270e+06   4.4921875e+01
   7.0946230e+06   4.5104980e+01
   7.0955300e+06   4.0405273e+01
   7.0960380e+06   3.4301758e+01
   7.0960520e+06   3.5766602e+01
   7.0962370e+06   4.5776367e+01
   7.0963310e+06   3.6254883e+01
   7.0964380e+06   3.5766602e+01
   7.0966430e+06   3.6071777e+01
   7.0969990e+06   3.6193848e+01
   7.0972450e+06   3.8818359e+01
   7.0973100e+06   3.5583496e+01
   7.0976100e+06   4.3579102e+01
   7.0978940e+06   4.2724609e+01
   7.0981990e+06   4.5959473e+01
   7.7791360e+06   3.3569336e+01
   8.0718200e+06   9.6801758e+01
   8.0718390e+06   4.4860840e+01
   8.0718690e+06   3.8940430e+01
   8.0718860e+06   3.6010742e+01
   8.0719010e+06   6.8664551e+01
   8.0719180e+06   3.5888672e+01
   8.0719490e+06   5.2185059e+01
   8.0719760e+06   7.2631836e+01
   8.0720190e+06   3.8696289e+01
   8.0720370e+06   3.9001465e+01
   8.0721890e+06   4.2663574e+01
   8.0722430e+06   3.6376953e+01
   8.0722530e+06   3.7963867e+01
   8.0724620e+06   3.5095215e+01
   8.0725550e+06   4.1687012e+01
   8.0727540e+06   4.2236328e+01
   8.0729850e+06   5.5541992e+01
   8.0744770e+06   4.4799805e+01
   8.0746130e+06   3.6499023e+01
   8.0748150e+06   3.4179688e+01
   8.0752780e+06   4.1809082e+01
   8.0755320e+06   3.3630371e+01
   8.0755780e+06   3.8452148e+01
   8.0759230e+06   3.5522461e+01
   8.0763480e+06   4.1748047e+01
   8.0833700e+06   5.1269531e+01
   8.0835210e+06   3.3691406e+01
   8.0835350e+06   7.3425293e+01
   8.0837020e+06   5.2978516e+01
   8.0838620e+06   3.4240723e+01
   8.0840200e+06   3.7597656e+01
   8.0841960e+06   3.4484863e+01
   8.0842150e+06   3.7902832e+01
   8.0842360e+06   3.6499023e+01
   8.0844000e+06   4.1992188e+01
   8.0844840e+06   3.9184570e+01
   8.0846230e+06   3.7719727e+01
   8.0848070e+06   4.1625977e+01
   8.0850380e+06   4.5104980e+01
   8.0853630e+06   5.1391602e+01
   8.0856960e+06   3.9367676e+01
   8.0863520e+06   4.7912598e+01
   8.2449150e+06   4.3334961e+01
   8.2449380e+06   4.4799805e+01
   8.2449870e+06   4.4189453e+01
   8.2450070e+06   6.6650391e+01
   8.2450570e+06   4.0344238e+01
   8.2450900e+06   5.7800293e+01
   8.2451450e+06   3.4423828e+01
   8.2451740e+06   4.9804688e+01
   8.2451890e+06   3.5888672e+01
   8.2452630e+06   4.6020508e+01
   8.2452910e+06   4.0283203e+01
   8.2453210e+06   3.4423828e+01
   8.2453470e+06   3.3752441e+01
   8.2454330e+06   4.3395996e+01
   8.2454880e+06   4.2114258e+01
   8.2456200e+06   3.4240723e+01
   8.2456790e+06   3.3447266e+01
   8.2457110e+06   3.8696289e+01
   8.2460370e+06   3.6254883e+01
   8.2460900e+06   3.7048340e+01
   8.2461870e+06   3.4790039e+01
   8.2463450e+06   3.6865234e+01
   8.2464580e+06   3.3447266e+01
   8.2465790e+06   3.3630371e+01
   8.2467330e+06   4.0588379e+01
   8.2469320e+06   4.0039062e+01
   8.2470710e+06   3.5888672e+01
   8.2472600e+06   3.5156250e+01
   8.2474430e+06   3.9184570e+01
   8.2474920e+06   4.0954590e+01
   8.2476110e+06   3.6437988e+01
   8.2476940e+06   3.6193848e+01
   8.2479550e+06   3.9855957e+01
   8.2482490e+06   3.5339355e+01
   8.2486380e+06   3.4423828e+01
