   8.9970000e+06   0.0000000e+00
   1.3517000e+05   3.6987305e+01
   5.5202100e+05   3.4545898e+01
   1.9607760e+06   3.5522461e+01
   2.5695610e+06   5.7067871e+01
   2.5696240e+06   6.3537598e+01
   2.5696850e+06   4.4128418e+01
   2.5696980e+06   3.7536621e+01
   2.5697730e+06   4.3640137e+01
   2.5698030e+06   4.1381836e+01
   2.5698250e+06   3.6804199e+01
   2.5700850e+06   3.8940430e+01
   2.5702150e+06   4.2785645e+01
   2.5706290e+06   3.5095215e+01
   2.5707970e+06   3.5461426e+01
   2.5709710e+06   5.3283691e+01
   2.5709920e+06   3.6499023e+01
   2.5711070e+06   3.7597656e+01
   2.5712670e+06   3.5095215e+01
   2.5712990e+06   3.9855957e+01
   2.5714210e+06   4.1320801e+01
   2.5715360e+06   3.5278320e+01
   2.5716700e+06   3.5522461e+01
   2.5718680e+06   3.5644531e+01
   2.5722630e+06   3.9672852e+01
   2.5725620e+06   4.4860840e+01
   2.5727120e+06   3.8879395e+01
   2.5731190e+06   3.8085938e+01
   2.5733660e+06   4.3151855e+01
   2.5739140e+06   3.9367676e+01
   2.5789000e+06   4.1687012e+01
   2.5790190e+06   3.7292480e+01
   2.5791150e+06   4.0100098e+01
   2.5791440e+06   3.5461426e+01
   2.5797320e+06   4.1198730e+01
   2.5797640e+06   3.4545898e+01
   2.5799840e+06   4.4677734e+01
   2.5802470e+06   3.5461426e+01
   2.5804220e+06   3.6315918e+01
   2.5805450e+06   4.0344238e+01
   2.5806920e+06   3.5339355e+01
   2.5808770e+06   4.1931152e+01
   2.5810750e+06   3.5583496e+01
   2.5812890e+06   3.6865234e+01
   2.5815000e+06   3.5705566e+01
   2.5816950e+06   3.9978027e+01
   2.5829890e+06   3.6437988e+01
   2.5834830e+06   3.7292480e+01
   2.5850000e+06   4.0527344e+01
   2.5962920e+06   4.0161133e+01
   2.5983710e+06   5.5358887e+01
   2.5989980e+06   4.2846680e+01
   2.5993590e+06   3.8269043e+01
   2.5995890e+06   3.6499023e+01
   2.5997580e+06   3.5034180e+01
   2.6001800e+06   3.7475586e+01
   3.1255600e+06   3.6376953e+01
   3.1793300e+06   3.8146973e+01
   3.1793840e+06   5.8837891e+01
   3.1794000e+06   4.4677734e+01
   3.1794340e+06   4.5349121e+01
   3.1794710e+06   3.6437988e+01
   3.1795690e+06   3.6804199e+01
   3.1796780e+06   4.1137695e+01
   3.1797640e+06   4.3762207e+01
   3.1800110e+06   3.4423828e+01
   3.1802520e+06   4.3334961e+01
   3.1812150e+06   3.8330078e+01
   3.1814320e+06   3.4790039e+01
   3.1818070e+06   5.1635742e+01
   3.1819860e+06   3.5888672e+01
   3.1821490e+06   3.4484863e+01
   3.1823130e+06   3.6621094e+01
   3.1830220e+06   3.4545898e+01
   3.1898350e+06   4.4311523e+01
   3.1899240e+06   4.4494629e+01
   3.1899960e+06   3.5888672e+01
   3.1904050e+06   3.4729004e+01
   3.1906020e+06   3.6560059e+01
   3.1908940e+06   3.6987305e+01
   3.1910950e+06   3.5156250e+01
   3.1915250e+06   4.4250488e+01
   3.1917110e+06   3.9062500e+01
   3.1922260e+06   4.4250488e+01
   3.1923300e+06   3.4973145e+01
   3.1925280e+06   4.2358398e+01
   3.1932560e+06   3.7902832e+01
   3.1935460e+06   3.8330078e+01
   3.1938820e+06   3.4484863e+01
   3.1941960e+06   3.7841797e+01
   3.1956060e+06   4.0100098e+01
   3.1959210e+06   3.7597656e+01
   3.1961340e+06   4.2419434e+01
   3.1965340e+06   4.1503906e+01
   3.2165300e+06   5.5236816e+01
   3.2176810e+06   4.4494629e+01
   3.2403710e+06   4.4677734e+01
   3.2621190e+06   4.6997070e+01
   3.2678050e+06   3.8940430e+01
   3.2735250e+06   4.3640137e+01
   3.2795140e+06   4.8217773e+01
   3.4340640e+06   3.4301758e+01
   3.4925680e+06   3.7353516e+01
   3.6814220e+06   4.1198730e+01
   4.0445180e+06   4.4738770e+01
   4.0447090e+06   5.1513672e+01
   4.0448640e+06   4.0954590e+01
   4.0451930e+06   5.0781250e+01
   4.1722030e+06   4.5654297e+01
   4.1730530e+06   4.7546387e+01
   4.2848390e+06   4.4616699e+01
   4.3627070e+06   5.0048828e+01
   4.3881090e+06   5.0781250e+01
   4.3883540e+06   5.1696777e+01
   4.3884810e+06   3.7231445e+01
   4.3886150e+06   3.6010742e+01
   4.3886260e+06   4.1076660e+01
   4.3890630e+06   3.5583496e+01
   4.3894050e+06   3.8330078e+01
   4.3903880e+06   4.8828125e+01
   4.3904240e+06   3.6987305e+01
   4.3904590e+06   4.0832520e+01
   4.3904820e+06   3.5461426e+01
   4.3905170e+06   4.2968750e+01
   4.3905790e+06   5.3466797e+01
   4.3906560e+06   4.0344238e+01
   4.3907400e+06   3.7109375e+01
   4.3908030e+06   3.6010742e+01
   4.3912910e+06   3.8269043e+01
   4.3918350e+06   3.6499023e+01
   4.3928800e+06   3.4423828e+01
   4.3938610e+06   3.9916992e+01
   4.4006020e+06   4.4921875e+01
   4.4007600e+06   3.6926270e+01
   4.4008780e+06   4.5532227e+01
   4.4010360e+06   3.6437988e+01
   4.4011830e+06   3.5278320e+01
   4.4014980e+06   4.5227051e+01
   4.4016510e+06   3.6254883e+01
   4.4025300e+06   3.5095215e+01
   4.4027010e+06   3.7780762e+01
   4.4031250e+06   3.8330078e+01
   4.4042940e+06   4.5898438e+01
   4.4045210e+06   3.7353516e+01
   4.4056610e+06   3.4973145e+01
   4.4198900e+06   4.6569824e+01
   4.4207750e+06   3.9428711e+01
   4.4212180e+06   3.8085938e+01
   4.4214530e+06   3.7963867e+01
   4.4216520e+06   3.5461426e+01
   4.4217900e+06   3.8085938e+01
   4.4219430e+06   3.5949707e+01
   4.4480470e+06   4.0466309e+01
   4.4927140e+06   4.8706055e+01
   4.5348750e+06   4.5349121e+01
   4.5771080e+06   3.4301758e+01
   5.1310990e+06   4.8767090e+01
   5.2951470e+06   3.5583496e+01
   5.3190930e+06   4.0649414e+01
   5.3489030e+06   5.4138184e+01
   5.4980560e+06   4.6325684e+01
   5.4983190e+06   5.0476074e+01
   5.4985510e+06   4.4616699e+01
   5.4986760e+06   3.9062500e+01
   5.4989390e+06   4.2968750e+01
   5.5099450e+06   4.9194336e+01
   5.5099880e+06   3.9123535e+01
   5.5100540e+06   3.9733887e+01
   5.5100740e+06   3.6926270e+01
   5.5101160e+06   4.2114258e+01
   5.5101970e+06   3.7475586e+01
   5.5102810e+06   4.3518066e+01
   5.5105290e+06   3.7353516e+01
   5.5107490e+06   3.4973145e+01
   5.5112730e+06   3.7719727e+01
   5.5114290e+06   4.2907715e+01
   5.5115670e+06   4.0344238e+01
   5.5122680e+06   4.4616699e+01
   5.5123980e+06   3.4667969e+01
   5.5126020e+06   3.4851074e+01
   5.5140890e+06   3.4973145e+01
   5.5174730e+06   3.4423828e+01
   5.5200490e+06   3.8696289e+01
   5.5201450e+06   3.7963867e+01
   5.5202540e+06   3.5705566e+01
   5.5203880e+06   3.6437988e+01
   5.5206010e+06   3.9489746e+01
   5.5209800e+06   3.7109375e+01
   5.5216250e+06   3.7414551e+01
   5.5223130e+06   3.5644531e+01
   5.5225490e+06   3.5095215e+01
   5.5227230e+06   3.7902832e+01
   5.5229640e+06   3.5705566e+01
   5.5237100e+06   3.5705566e+01
   5.5404060e+06   4.7912598e+01
   5.5409540e+06   3.9306641e+01
   5.5415000e+06   4.7729492e+01
   5.5418380e+06   4.3884277e+01
   5.5421340e+06   4.1564941e+01
   5.5424920e+06   3.7231445e+01
   5.5426190e+06   3.6193848e+01
   5.6003750e+06   5.1940918e+01
   5.6031590e+06   4.5227051e+01
   5.6035850e+06   4.1748047e+01
   5.6037530e+06   3.9184570e+01
   5.6258510e+06   4.3151855e+01
   5.6261680e+06   3.7414551e+01
   5.6265100e+06   3.4606934e+01
   5.6379850e+06   4.4372559e+01
   5.7023570e+06   3.4973145e+01
   6.2829280e+06   3.4729004e+01
   6.3266940e+06   4.9987793e+01
   6.3891190e+06   4.6203613e+01
   6.3991380e+06   4.5593262e+01
   6.4250240e+06   3.7231445e+01
   6.4462480e+06   5.2185059e+01
   6.4505460e+06   6.0302734e+01
   6.4585190e+06   3.5888672e+01
   6.4624760e+06   4.8400879e+01
   6.4693870e+06   4.1198730e+01
   6.4903090e+06   4.7546387e+01
   6.5263060e+06   4.0283203e+01
   6.5629520e+06   4.3029785e+01
   6.5837350e+06   3.7841797e+01
   6.5912040e+06   5.0720215e+01
   6.6096570e+06   4.4189453e+01
   6.6161030e+06   3.7231445e+01
   6.6325500e+06   4.4799805e+01
   6.6334740e+06   4.0100098e+01
   6.6548990e+06   4.1687012e+01
   6.6781510e+06   4.3579102e+01
   6.6839950e+06   3.8269043e+01
   6.6968350e+06   4.3762207e+01
   6.7014030e+06   4.2907715e+01
   6.7107980e+06   4.0222168e+01
   6.7188250e+06   4.8156738e+01
   6.7288550e+06   4.1992188e+01
   6.7333710e+06   4.3762207e+01
   6.7364970e+06   4.9499512e+01
   6.7370570e+06   3.7231445e+01
   6.7376080e+06   3.9855957e+01
   6.7384450e+06   3.4729004e+01
   6.7386500e+06   3.5278320e+01
   6.7523080e+06   4.1198730e+01
   6.7622760e+06   4.9804688e+01
   6.8442840e+06   4.4677734e+01
   6.8633460e+06   4.1503906e+01
   6.8907750e+06   5.8288574e+01
   6.9093250e+06   4.5654297e+01
   6.9139490e+06   4.7973633e+01
   6.9262030e+06   4.6936035e+01
   6.9264170e+06   4.7424316e+01
   6.9265530e+06   4.3884277e+01
   6.9267240e+06   4.0405273e+01
   6.9269000e+06   3.4484863e+01
   6.9284750e+06   3.4301758e+01
   7.0369360e+06   4.2236328e+01
   7.0793860e+06   4.4006348e+01
   7.0856430e+06   4.6386719e+01
   7.0857000e+06   4.6325684e+01
   7.0857320e+06   3.4667969e+01
   7.0857490e+06   5.3527832e+01
   7.0858170e+06   5.0048828e+01
   7.0858370e+06   3.6560059e+01
   7.0859690e+06   3.4484863e+01
   7.0860960e+06   3.7719727e+01
   7.0863750e+06   3.8940430e+01
   7.0868980e+06   3.5278320e+01
   7.0869640e+06   3.6499023e+01
   7.0877630e+06   4.2175293e+01
   7.0879600e+06   4.2968750e+01
   7.0879770e+06   4.0039062e+01
   7.0882630e+06   3.8696289e+01
   7.0885170e+06   3.7109375e+01
   7.0886120e+06   3.4545898e+01
   7.0888730e+06   3.5644531e+01
   7.0960430e+06   4.1320801e+01
   7.0961340e+06   4.1992188e+01
   7.0963440e+06   4.0100098e+01
   7.0964980e+06   3.9245605e+01
   7.0970650e+06   3.5461426e+01
   7.0972730e+06   3.8330078e+01
   7.0974620e+06   3.4606934e+01
   7.0976200e+06   3.6804199e+01
   7.0980680e+06   3.7475586e+01
   7.0997590e+06   3.8879395e+01
   7.1001770e+06   3.6560059e+01
   7.1193840e+06   4.6020508e+01
   7.1324970e+06   4.6997070e+01
   7.1382370e+06   4.6447754e+01
   7.1390750e+06   4.3212891e+01
   7.1420260e+06   3.9672852e+01
   7.1426400e+06   3.7475586e+01
   7.1430090e+06   3.4057617e+01
   7.1432100e+06   3.4301758e+01
   7.1437960e+06   3.5583496e+01
   7.1634920e+06   4.5288086e+01
   7.1674190e+06   3.9550781e+01
   7.1677420e+06   4.3884277e+01
   7.1796250e+06   4.4189453e+01
   7.1802740e+06   4.3395996e+01
   7.1815350e+06   3.9611816e+01
   7.1912730e+06   3.5400391e+01
   7.1978450e+06   3.6499023e+01
   7.2022560e+06   3.8757324e+01
   7.2104430e+06   4.4128418e+01
   7.2205470e+06   4.1015625e+01
   7.2253180e+06   3.8757324e+01
   7.2460050e+06   3.5888672e+01
   7.2565620e+06   3.8391113e+01
   7.2689370e+06   3.7292480e+01
   7.2918430e+06   4.9804688e+01
   7.3669710e+06   4.6936035e+01
   7.4354740e+06   5.0781250e+01
   7.5231510e+06   5.1391602e+01
   7.6404180e+06   3.5339355e+01
   7.8452710e+06   3.4851074e+01
   8.0717300e+06   3.5644531e+01
   8.0717900e+06   3.7109375e+01
   8.0718330e+06   3.7353516e+01
   8.0718520e+06   4.0771484e+01
   8.0719360e+06   4.4616699e+01
   8.0719690e+06   3.4667969e+01
   8.0719900e+06   4.5654297e+01
   8.0720180e+06   3.9855957e+01
   8.0720600e+06   3.5522461e+01
   8.0720820e+06   4.3090820e+01
   8.0721270e+06   3.7536621e+01
   8.0722770e+06   4.1442871e+01
   8.0724280e+06   3.4240723e+01
   8.0725970e+06   4.4860840e+01
   8.0728790e+06   4.1015625e+01
   8.0731740e+06   4.0466309e+01
   8.0734940e+06   3.4729004e+01
   8.0738150e+06   3.6010742e+01
   8.0740600e+06   4.2907715e+01
   8.0743990e+06   3.4973145e+01
   8.0749840e+06   3.9611816e+01
   8.0750220e+06   4.5532227e+01
   8.0833590e+06   3.9611816e+01
   8.0834900e+06   4.6325684e+01
   8.0835270e+06   3.8208008e+01
   8.0835610e+06   3.6437988e+01
   8.0838020e+06   4.4799805e+01
   8.0839940e+06   3.4484863e+01
   8.0843060e+06   4.1931152e+01
   8.0844530e+06   3.9001465e+01
   8.0846370e+06   3.8879395e+01
   8.0847640e+06   3.6132812e+01
   8.0852170e+06   3.4362793e+01
   8.0854610e+06   3.5522461e+01
   8.0857370e+06   3.7597656e+01
   8.0860060e+06   3.4790039e+01
   8.0865730e+06   3.6926270e+01
   8.0869400e+06   4.5227051e+01
   8.0872380e+06   3.6254883e+01
   8.0875410e+06   3.5461426e+01
   8.1147070e+06   4.0100098e+01
   8.1421170e+06   3.7231445e+01
   8.1525800e+06   5.0109863e+01
   8.1748960e+06   4.4799805e+01
   8.2091520e+06   4.3090820e+01
   8.2447930e+06   4.7363281e+01
   8.2448460e+06   4.8706055e+01
   8.2449330e+06   4.0161133e+01
   8.2449670e+06   3.6193848e+01
   8.2450440e+06   4.3823242e+01
   8.2452470e+06   3.4179688e+01
   8.2453980e+06   6.0974121e+01
   8.2458210e+06   5.2978516e+01
   8.2459370e+06   3.4301758e+01
   8.2469660e+06   3.5522461e+01
   8.2471580e+06   3.5034180e+01
   8.2626630e+06   5.1086426e+01
   8.2633680e+06   4.5776367e+01
   8.2637910e+06   4.5837402e+01
   8.2640750e+06   3.8452148e+01
   8.2645970e+06   4.3823242e+01
   8.2648200e+06   3.4179688e+01
