   1.1996000e+07   0.0000000e+00
   2.5219000e+04   3.5888672e+01
   2.6402300e+05   4.9499512e+01
   2.6404900e+05   4.7546387e+01
   2.6409700e+05   6.2927246e+01
   2.6416200e+05   5.9936523e+01
   2.6417700e+05   3.5217285e+01
   2.6422100e+05   4.6203613e+01
   2.6424800e+05   3.8635254e+01
   2.6427300e+05   3.5156250e+01
   2.6430000e+05   4.6630859e+01
   2.6431100e+05   3.6437988e+01
   2.6434800e+05   5.8898926e+01
   2.6446300e+05   4.4189453e+01
   2.6450700e+05   3.5461426e+01
   2.6465800e+05   3.6193848e+01
   2.6470800e+05   3.5156250e+01
   2.6657400e+05   3.9855957e+01
   2.6686900e+05   3.4912109e+01
   2.6713600e+05   4.0161133e+01
   3.1313500e+05   3.4606934e+01
   3.1510100e+05   3.4790039e+01
   3.1608000e+05   3.9855957e+01
   3.1626700e+05   5.5908203e+01
   3.1631800e+05   6.0607910e+01
   3.1641000e+05   5.3833008e+01
   3.1650800e+05   6.2866211e+01
   3.1654600e+05   4.9560547e+01
   3.1658800e+05   3.8024902e+01
   3.1660500e+05   4.2236328e+01
   3.1665400e+05   3.4484863e+01
   3.1668800e+05   4.2663574e+01
   3.1670600e+05   4.8950195e+01
   3.1676600e+05   3.8818359e+01
   3.1686900e+05   3.9367676e+01
   3.1716200e+05   4.5593262e+01
   3.1728800e+05   3.9062500e+01
   3.1739100e+05   3.9062500e+01
   3.1744100e+05   5.4870605e+01
   3.1795100e+05   4.0161133e+01
   3.2144500e+05   3.7292480e+01
   3.2194600e+05   3.4179688e+01
   3.7563500e+05   3.5217285e+01
   1.1487500e+06   3.6499023e+01
   1.4254360e+06   4.0832520e+01
   1.5441090e+06   5.8959961e+01
   1.5441310e+06   4.2541504e+01
   1.5441690e+06   4.3762207e+01
   1.5441960e+06   6.5856934e+01
   1.5442290e+06   4.6142578e+01
   1.5442580e+06   3.7536621e+01
   1.5442830e+06   3.8146973e+01
   1.5443100e+06   4.8095703e+01
   1.5444210e+06   4.5654297e+01
   1.5444320e+06   5.0048828e+01
   1.5445740e+06   3.5400391e+01
   1.5447720e+06   3.5583496e+01
   1.5449880e+06   3.7292480e+01
   1.5458730e+06   4.0466309e+01
   1.5471850e+06   3.4851074e+01
   1.5480060e+06   3.5522461e+01
   1.5502370e+06   3.5278320e+01
   1.5513550e+06   3.7841797e+01
   1.5519550e+06   4.9621582e+01
   1.5522200e+06   4.1809082e+01
   1.5524450e+06   4.9133301e+01
   1.5527970e+06   3.4179688e+01
   1.5530820e+06   3.9611816e+01
   1.5533270e+06   4.7851562e+01
   1.5538470e+06   3.9245605e+01
   1.5544210e+06   3.8208008e+01
   1.5559290e+06   4.9377441e+01
   1.5581130e+06   3.9245605e+01
   1.5587800e+06   4.1564941e+01
   1.5989040e+06   4.5410156e+01
   1.5989140e+06   8.3557129e+01
   1.5990030e+06   6.0546875e+01
   1.5990430e+06   4.4860840e+01
   1.5990670e+06   3.6621094e+01
   1.5990810e+06   5.2062988e+01
   1.5991560e+06   4.1198730e+01
   1.5991790e+06   3.9367676e+01
   1.5992060e+06   3.5095215e+01
   1.5992330e+06   3.4545898e+01
   1.5992430e+06   3.7292480e+01
   1.5993120e+06   5.1086426e+01
   1.5994040e+06   3.6682129e+01
   1.5994530e+06   3.7353516e+01
   1.5994880e+06   3.5461426e+01
   1.5995140e+06   4.6264648e+01
   1.5996170e+06   4.0344238e+01
   1.5997770e+06   4.7729492e+01
   1.5998120e+06   5.1208496e+01
   1.6002100e+06   3.8574219e+01
   1.6009790e+06   3.5034180e+01
   1.6268840e+06   4.9194336e+01
   1.6268960e+06   6.3171387e+01
   1.6269890e+06   4.2358398e+01
   1.6270490e+06   4.0588379e+01
   1.6270680e+06   7.2326660e+01
   1.6271090e+06   3.3996582e+01
   1.6271420e+06   3.8879395e+01
   1.6271540e+06   4.4738770e+01
   1.6272430e+06   3.4057617e+01
   1.6272740e+06   3.9428711e+01
   1.6273150e+06   4.0039062e+01
   1.6273480e+06   3.7231445e+01
   1.6274480e+06   3.9245605e+01
   1.6274700e+06   3.6743164e+01
   1.6275100e+06   3.5400391e+01
   1.6275690e+06   4.4555664e+01
   1.6277510e+06   3.6071777e+01
   1.6278450e+06   5.2978516e+01
   1.6281830e+06   3.4912109e+01
   1.6489880e+06   3.7597656e+01
   1.6491400e+06   8.3251953e+01
   1.6492080e+06   3.4240723e+01
   1.6492490e+06   5.0781250e+01
   1.6493160e+06   3.9367676e+01
   1.6493270e+06   5.1635742e+01
   1.6493390e+06   5.4931641e+01
   1.6494320e+06   3.6743164e+01
   1.6494590e+06   5.1635742e+01
   1.6495160e+06   3.5095215e+01
   1.6495280e+06   6.2561035e+01
   1.6496520e+06   4.1748047e+01
   1.6496700e+06   3.6193848e+01
   1.6497830e+06   4.2297363e+01
   1.6498150e+06   4.6752930e+01
   1.6501810e+06   3.6132812e+01
   1.6684260e+06   4.1687012e+01
   1.6684500e+06   5.1208496e+01
   1.6684780e+06   3.8574219e+01
   1.6685200e+06   3.5827637e+01
   1.6685580e+06   6.5551758e+01
   1.6686040e+06   3.8757324e+01
   1.6686340e+06   4.5898438e+01
   1.6686590e+06   4.8339844e+01
   1.6686790e+06   3.4362793e+01
   1.6687570e+06   4.4921875e+01
   1.6687740e+06   3.4362793e+01
   1.6688520e+06   4.6997070e+01
   1.6689580e+06   3.5095215e+01
   1.6689710e+06   5.2185059e+01
   1.6691080e+06   4.2785645e+01
   1.6692430e+06   3.8024902e+01
   1.6869400e+06   6.7016602e+01
   1.6869580e+06   5.9143066e+01
   1.6869940e+06   3.4973145e+01
   1.6870600e+06   3.6804199e+01
   1.6871150e+06   4.5654297e+01
   1.6871650e+06   7.4340820e+01
   1.6872230e+06   4.2907715e+01
   1.6872730e+06   4.2236328e+01
   1.6872880e+06   4.4372559e+01
   1.6873620e+06   4.0344238e+01
   1.6873960e+06   4.1625977e+01
   1.6874660e+06   3.8696289e+01
   1.6876030e+06   5.6457520e+01
   1.6876580e+06   3.9123535e+01
   1.6877530e+06   4.2114258e+01
   1.6878970e+06   4.1931152e+01
   1.7038220e+06   4.0039063e+01
   1.7038540e+06   6.1096191e+01
   1.7039720e+06   6.2927246e+01
   1.7040310e+06   4.4921875e+01
   1.7040620e+06   3.8269043e+01
   1.7041670e+06   3.4423828e+01
   1.7041810e+06   4.2968750e+01
   1.7042080e+06   4.3884277e+01
   1.7043760e+06   3.8452148e+01
   1.7044340e+06   3.6804199e+01
   1.7045520e+06   5.3405762e+01
   1.7045900e+06   3.7353516e+01
   1.7046210e+06   3.7536621e+01
   1.7047620e+06   4.3518066e+01
   1.7048000e+06   4.1198730e+01
   1.7216770e+06   5.8227539e+01
   1.7216970e+06   6.5856934e+01
   1.7218070e+06   5.5786133e+01
   1.7218250e+06   4.8400879e+01
   1.7218650e+06   3.4729004e+01
   1.7218900e+06   3.9306641e+01
   1.7219150e+06   3.7048340e+01
   1.7219460e+06   3.4240723e+01
   1.7220120e+06   3.4729004e+01
   1.7220760e+06   4.7119141e+01
   1.7221510e+06   3.8513184e+01
   1.7222540e+06   3.8085938e+01
   1.7225500e+06   4.1503906e+01
   1.7225660e+06   3.4606934e+01
   1.7380280e+06   4.2541504e+01
   1.7384250e+06   4.6691895e+01
   1.7384550e+06   6.5612793e+01
   1.7385770e+06   4.5837402e+01
   1.7386110e+06   3.7719727e+01
   1.7387020e+06   4.5532227e+01
   1.7387560e+06   3.8208008e+01
   1.7387960e+06   5.4992676e+01
   1.7388350e+06   4.2053223e+01
   1.7389120e+06   4.2541504e+01
   1.7389680e+06   3.6804199e+01
   1.7390140e+06   3.9306641e+01
   1.7391150e+06   3.9916992e+01
   1.7393250e+06   4.3701172e+01
   1.7393350e+06   3.4423828e+01
   1.7559060e+06   5.0720215e+01
   1.7559300e+06   4.9316406e+01
   1.7560470e+06   5.0903320e+01
   1.7561390e+06   5.0170898e+01
   1.7561510e+06   4.5471191e+01
   1.7562520e+06   4.0649414e+01
   1.7562690e+06   4.3395996e+01
   1.7563580e+06   3.6743164e+01
   1.7563950e+06   3.8757324e+01
   1.7564380e+06   4.0832520e+01
   1.7565430e+06   5.6457520e+01
   1.7567180e+06   5.1269531e+01
   1.7577240e+06   3.6499023e+01
   1.7710140e+06   3.4362793e+01
   1.7710350e+06   3.7902832e+01
   1.7711140e+06   7.2692871e+01
   1.7711240e+06   4.5166016e+01
   1.7712530e+06   6.0241699e+01
   1.7712970e+06   3.9184570e+01
   1.7713750e+06   4.4555664e+01
   1.7714510e+06   4.0893555e+01
   1.7715000e+06   4.2846680e+01
   1.7716150e+06   4.9621582e+01
   1.7719290e+06   4.9072266e+01
   1.7720090e+06   3.8452148e+01
   1.7720900e+06   3.4545898e+01
   1.7848150e+06   3.7414551e+01
   1.7849450e+06   3.9367676e+01
   1.7849820e+06   4.6569824e+01
   1.7850190e+06   4.9560547e+01
   1.7851560e+06   5.2062988e+01
   1.7852080e+06   4.5715332e+01
   1.7852880e+06   4.7973633e+01
   1.7853190e+06   3.4484863e+01
   1.7853670e+06   3.4667969e+01
   1.7854040e+06   3.7963867e+01
   1.7854350e+06   3.9245605e+01
   1.7855970e+06   3.5034180e+01
   1.7856300e+06   4.4372559e+01
   1.7983890e+06   3.5522461e+01
   1.7984040e+06   4.5349121e+01
   1.7985200e+06   4.1992188e+01
   1.7985300e+06   5.1757812e+01
   1.7986110e+06   4.7485352e+01
   1.7986310e+06   5.2856445e+01
   1.7987660e+06   5.7861328e+01
   1.7988300e+06   5.6457520e+01
   1.7989560e+06   5.2551270e+01
   1.8126200e+06   3.9794922e+01
   1.8127290e+06   5.9265137e+01
   1.8127780e+06   3.7963867e+01
   1.8128380e+06   3.4729004e+01
   1.8129060e+06   5.6213379e+01
   1.8130950e+06   6.6589355e+01
   1.8132350e+06   3.4423828e+01
   1.8281060e+06   3.5644531e+01
   1.8283520e+06   4.7607422e+01
   1.8284920e+06   3.9123535e+01
   1.8285050e+06   3.8635254e+01
   1.8285960e+06   4.7668457e+01
   1.8287030e+06   5.8776855e+01
   1.8287430e+06   3.8146973e+01
   1.8288140e+06   4.6447754e+01
   1.8408090e+06   4.2785645e+01
   1.8408750e+06   3.4240723e+01
   1.8410260e+06   5.5297852e+01
   1.8410990e+06   4.3579102e+01
   1.8411130e+06   3.7048340e+01
   1.8412390e+06   5.0354004e+01
   1.8413060e+06   3.5217285e+01
   1.8414270e+06   4.7058105e+01
   1.8415460e+06   3.9855957e+01
   1.8416090e+06   6.8176270e+01
   1.8551090e+06   3.6865234e+01
   1.8552530e+06   3.9733887e+01
   1.8553080e+06   3.5949707e+01
   1.8553680e+06   3.7109375e+01
   1.8553980e+06   3.7780762e+01
   1.8554680e+06   5.2062988e+01
   1.8555200e+06   4.0466309e+01
   1.8555870e+06   4.9316406e+01
   1.8557200e+06   3.4606934e+01
   1.8557440e+06   5.3039551e+01
   1.8691570e+06   3.8146973e+01
   1.8693740e+06   3.8024902e+01
   1.8693970e+06   4.1564941e+01
   1.8694260e+06   3.4729004e+01
   1.8695020e+06   4.6081543e+01
   1.8696790e+06   4.8095703e+01
   1.9017230e+06   5.4504395e+01
   1.9017570e+06   5.8471680e+01
   1.9018170e+06   4.2785645e+01
   1.9018390e+06   3.6376953e+01
   1.9018640e+06   6.7504883e+01
   1.9018940e+06   4.0100098e+01
   1.9019230e+06   5.4992676e+01
   1.9019760e+06   4.8339844e+01
   1.9020850e+06   5.3466797e+01
   1.9021330e+06   3.7170410e+01
   1.9022390e+06   4.8217773e+01
   1.9022940e+06   4.2846680e+01
   1.9023980e+06   3.5095215e+01
   1.9024080e+06   4.4921875e+01
   1.9180520e+06   4.7302246e+01
   1.9180990e+06   3.5339355e+01
   1.9181650e+06   4.7668457e+01
   1.9182550e+06   6.1340332e+01
   1.9183390e+06   4.4250488e+01
   1.9184730e+06   5.8593750e+01
   1.9185100e+06   3.5766602e+01
   1.9316460e+06   3.7841797e+01
   1.9450020e+06   4.6630859e+01
   1.9450420e+06   3.4545898e+01
   1.9452520e+06   3.5339355e+01
   1.9453220e+06   3.4362793e+01
   1.9453660e+06   4.3090820e+01
   1.9454590e+06   3.5949707e+01
   1.9454730e+06   5.9204102e+01
   1.9456230e+06   5.2734375e+01
   1.9456770e+06   4.3090820e+01
   1.9458460e+06   3.4484863e+01
   1.9592280e+06   4.2419434e+01
   1.9595970e+06   3.5095215e+01
   2.0245630e+06   3.7353516e+01
   2.0487680e+06   3.5095215e+01
   2.1398620e+06   3.4912109e+01
   2.1858850e+06   3.8635254e+01
   2.1866950e+06   3.4301758e+01
   2.1990410e+06   3.4362793e+01
   2.2613030e+06   3.6560059e+01
   2.2987240e+06   3.4729004e+01
   2.3320590e+06   3.4179688e+01
   2.4990310e+06   3.4423828e+01
   2.5018500e+06   3.4729004e+01
   2.5031840e+06   3.8024902e+01
   2.5063480e+06   3.6804199e+01
   2.5117610e+06   3.4545898e+01
   2.5621260e+06   3.4790039e+01
   2.7251340e+06   4.0344238e+01
   2.9879400e+06   3.5034180e+01
   3.4773370e+06   6.1584473e+01
   3.4773600e+06   4.5471191e+01
   3.4773940e+06   6.8359375e+01
   3.4774550e+06   6.5979004e+01
   3.4775050e+06   3.6437988e+01
   3.4775600e+06   5.9570312e+01
   3.4776130e+06   5.7373047e+01
   3.4776530e+06   3.9855957e+01
   3.4777510e+06   3.5766602e+01
   3.4781070e+06   5.0354004e+01
   3.4792690e+06   3.5705566e+01
   3.4794140e+06   3.4545898e+01
   3.4799400e+06   5.0354004e+01
   3.4806550e+06   3.7658691e+01
   3.4813670e+06   3.4362793e+01
   3.4852540e+06   5.6762695e+01
   3.4855010e+06   4.1931152e+01
   3.4857790e+06   4.5043945e+01
   3.4859590e+06   4.8034668e+01
   3.4861900e+06   3.5827637e+01
   3.4862720e+06   3.7780762e+01
   3.4867340e+06   3.7475586e+01
   3.4875020e+06   3.6621094e+01
   3.4879250e+06   3.5217285e+01
   3.4899350e+06   3.4545898e+01
   3.4901360e+06   3.9428711e+01
   3.4904900e+06   4.1992187e+01
   3.4909570e+06   3.7658691e+01
   3.4909700e+06   4.0283203e+01
   3.4926060e+06   4.2602539e+01
   3.5022650e+06   3.8696289e+01
   3.5471510e+06   3.6376953e+01
   3.5475010e+06   5.0354004e+01
   3.5475390e+06   4.3762207e+01
   3.5475780e+06   4.8583984e+01
   3.5475900e+06   4.9133301e+01
   3.5476060e+06   4.6569824e+01
   3.5476310e+06   4.8583984e+01
   3.5476710e+06   4.6997070e+01
   3.5477500e+06   4.1870117e+01
   3.5477940e+06   3.4729004e+01
   3.5478280e+06   4.4982910e+01
   3.5478840e+06   4.0588379e+01
   3.5478990e+06   4.4311523e+01
   3.5479910e+06   4.3823242e+01
   3.5480360e+06   4.3823242e+01
   3.5481090e+06   3.6560059e+01
   3.5481940e+06   4.1259766e+01
   3.5482190e+06   3.6010742e+01
   3.5483790e+06   3.7109375e+01
   3.5484490e+06   3.9855957e+01
   3.5485700e+06   4.7424316e+01
   3.5487070e+06   3.4301758e+01
   3.5499350e+06   3.6804199e+01
   3.5774920e+06   3.6621094e+01
   3.5779850e+06   5.9753418e+01
   3.5779960e+06   5.4077148e+01
   3.5780750e+06   4.3151855e+01
   3.5780980e+06   4.9499512e+01
   3.5781350e+06   4.3212891e+01
   3.5781550e+06   3.8818359e+01
   3.5781900e+06   6.0546875e+01
   3.5782530e+06   3.6743164e+01
   3.5782740e+06   5.5175781e+01
   3.5782880e+06   5.5969238e+01
   3.5783530e+06   3.9123535e+01
   3.5784310e+06   4.2236328e+01
   3.5784480e+06   4.9133301e+01
   3.5785120e+06   3.4912109e+01
   3.5787520e+06   4.0527344e+01
   3.5787810e+06   3.9184570e+01
   3.6026260e+06   4.6020508e+01
   3.6026520e+06   7.6110840e+01
   3.6026850e+06   3.9672852e+01
   3.6027440e+06   3.4240723e+01
   3.6027780e+06   4.4433594e+01
   3.6028030e+06   4.6081543e+01
   3.6028380e+06   4.9316406e+01
   3.6028910e+06   5.7312012e+01
   3.6029600e+06   3.4790039e+01
   3.6029840e+06   3.4851074e+01
   3.6030760e+06   4.3090820e+01
   3.6031290e+06   3.4790039e+01
   3.6031560e+06   4.1442871e+01
   3.6031950e+06   3.6010742e+01
   3.6033260e+06   4.0771484e+01
   3.6034720e+06   3.6254883e+01
   3.6287890e+06   3.4545898e+01
   3.6288830e+06   7.0495605e+01
   3.6289160e+06   3.5095215e+01
   3.6289760e+06   6.0546875e+01
   3.6290240e+06   5.0170898e+01
   3.6290430e+06   3.9672852e+01
   3.6290640e+06   4.6081543e+01
   3.6291480e+06   5.0354004e+01
   3.6291810e+06   4.0710449e+01
   3.6292280e+06   4.1015625e+01
   3.6293270e+06   3.9001465e+01
   3.6293770e+06   5.1635742e+01
   3.6294290e+06   4.1748047e+01
   3.6295550e+06   4.0283203e+01
   3.6296930e+06   3.9489746e+01
   3.6298820e+06   3.5339355e+01
   3.6521260e+06   4.0649414e+01
   3.6521560e+06   5.9753418e+01
   3.6522740e+06   5.7617187e+01
   3.6523010e+06   5.2124023e+01
   3.6523690e+06   3.7902832e+01
   3.6524150e+06   3.6010742e+01
   3.6524450e+06   3.4912109e+01
   3.6524670e+06   6.0119629e+01
   3.6525090e+06   3.6132812e+01
   3.6525510e+06   3.5400391e+01
   3.6526600e+06   5.3161621e+01
   3.6527560e+06   4.1625977e+01
   3.6527930e+06   3.6437988e+01
   3.6528690e+06   5.4565430e+01
   3.6532420e+06   3.4301758e+01
   3.6713440e+06   4.9316406e+01
   3.6713760e+06   4.6081543e+01
   3.6713990e+06   5.4687500e+01
   3.6715010e+06   5.9997559e+01
   3.6715330e+06   3.7414551e+01
   3.6715460e+06   4.1015625e+01
   3.6715680e+06   3.9733887e+01
   3.6715990e+06   5.7922363e+01
   3.6716460e+06   3.6132812e+01
   3.6717090e+06   4.8400879e+01
   3.6718020e+06   3.9978027e+01
   3.6718290e+06   3.8146973e+01
   3.6719520e+06   3.4423828e+01
   3.6720740e+06   5.0048828e+01
   3.6724120e+06   3.5278320e+01
   3.6879790e+06   3.5705566e+01
   3.6880300e+06   5.0781250e+01
   3.6881280e+06   5.0170898e+01
   3.6881820e+06   4.1564941e+01
   3.6881920e+06   4.3884277e+01
   3.6882240e+06   4.1748047e+01
   3.6883180e+06   4.5471191e+01
   3.6883580e+06   3.4545898e+01
   3.6883890e+06   4.0283203e+01
   3.6884130e+06   4.7363281e+01
   3.6884630e+06   4.1381836e+01
   3.6884980e+06   3.5400391e+01
   3.6885420e+06   3.5034180e+01
   3.6886510e+06   4.6752930e+01
   3.6888210e+06   4.2785645e+01
   3.7061670e+06   3.6193848e+01
   3.7065220e+06   4.4860840e+01
   3.7065360e+06   4.5654297e+01
   3.7065530e+06   4.1015625e+01
   3.7065860e+06   6.0852051e+01
   3.7066800e+06   6.0791016e+01
   3.7067420e+06   3.9489746e+01
   3.7067860e+06   5.5175781e+01
   3.7068840e+06   6.3537598e+01
   3.7069070e+06   4.1503906e+01
   3.7070240e+06   4.1015625e+01
   3.7072000e+06   4.2358398e+01
   3.7236420e+06   4.8767090e+01
   3.7236920e+06   5.6762695e+01
   3.7237890e+06   5.1391602e+01
   3.7238720e+06   4.7363281e+01
   3.7238970e+06   4.7546387e+01
   3.7240130e+06   5.4504395e+01
   3.7240420e+06   5.0720215e+01
   3.7240860e+06   3.6193848e+01
   3.7241390e+06   5.9082031e+01
   3.7242820e+06   3.7414551e+01
   3.7244870e+06   4.8889160e+01
   3.7247500e+06   4.4982910e+01
   3.7381720e+06   3.4851074e+01
   3.7385270e+06   3.9306641e+01
   3.7385430e+06   5.3955078e+01
   3.7385670e+06   3.7170410e+01
   3.7386470e+06   4.7912598e+01
   3.7387180e+06   3.6254883e+01
   3.7387320e+06   3.8513184e+01
   3.7387660e+06   4.2785645e+01
   3.7387870e+06   3.6621094e+01
   3.7388800e+06   3.9916992e+01
   3.7389100e+06   6.4941406e+01
   3.7390440e+06   4.1687012e+01
   3.7392340e+06   3.5583496e+01
   3.7528380e+06   4.3579102e+01
   3.7529620e+06   5.6335449e+01
   3.7530420e+06   3.5095215e+01
   3.7530780e+06   4.4372559e+01
   3.7531750e+06   3.9062500e+01
   3.7532680e+06   3.4362793e+01
   3.7532960e+06   4.9255371e+01
   3.7533840e+06   3.9916992e+01
   3.7536420e+06   3.6682129e+01
   3.7674620e+06   5.4504395e+01
   3.7674860e+06   3.4973145e+01
   3.7675510e+06   4.7729492e+01
   3.7675850e+06   3.4545898e+01
   3.7676670e+06   4.7302246e+01
   3.7677080e+06   3.9062500e+01
   3.7677950e+06   3.4423828e+01
   3.7678220e+06   4.8583984e+01
   3.7679570e+06   3.6926270e+01
   3.7679680e+06   4.5410156e+01
   3.7680480e+06   3.7719727e+01
   3.7681230e+06   4.1564941e+01
   3.7896190e+06   3.5217285e+01
   3.7896740e+06   4.2602539e+01
   3.7897240e+06   5.5969238e+01
   3.7897800e+06   4.8889160e+01
   3.7898470e+06   6.0974121e+01
   3.7899340e+06   4.5104980e+01
   3.7899960e+06   4.5898438e+01
   3.7900370e+06   5.3344727e+01
   3.7901480e+06   4.5593262e+01
   3.7903430e+06   3.9489746e+01
   3.8088830e+06   4.0405273e+01
   3.8089230e+06   3.4545898e+01
   3.8089400e+06   3.5949707e+01
   3.8089640e+06   5.7800293e+01
   3.8090740e+06   3.8574219e+01
   3.8091430e+06   3.6315918e+01
   3.8091820e+06   6.3049316e+01
   3.8092680e+06   3.4423828e+01
   3.8092990e+06   4.8339844e+01
   3.8094270e+06   4.1748047e+01
   3.8094630e+06   5.3588867e+01
   3.8095940e+06   5.3344727e+01
   3.8098160e+06   4.0405273e+01
   3.8276590e+06   5.2368164e+01
   3.8276850e+06   4.0100098e+01
   3.8277470e+06   5.4748535e+01
   3.8277980e+06   6.2988281e+01
   3.8278540e+06   5.5786133e+01
   3.8278670e+06   3.9916992e+01
   3.8279360e+06   4.5227051e+01
   3.8279640e+06   3.5461426e+01
   3.8280300e+06   4.6264648e+01
   3.8280470e+06   5.0170898e+01
   3.8280940e+06   3.9123535e+01
   3.8281580e+06   4.0283203e+01
   3.8282540e+06   3.5888672e+01
   3.8282700e+06   3.9733887e+01
   3.8282960e+06   3.8574219e+01
   3.8284590e+06   3.5705566e+01
   3.8285020e+06   4.9743652e+01
   3.8415910e+06   5.0231934e+01
   3.8416700e+06   3.9489746e+01
   3.8417970e+06   5.1635742e+01
   3.8419420e+06   3.5217285e+01
   3.8419650e+06   3.6499023e+01
   3.8419850e+06   4.6081543e+01
   3.8421410e+06   5.1940918e+01
   3.8423100e+06   4.5715332e+01
   3.8423500e+06   3.9855957e+01
   3.8424580e+06   3.5034180e+01
   3.8553450e+06   5.1635742e+01
   3.8553770e+06   3.9733887e+01
   3.8554590e+06   5.8898926e+01
   3.8556690e+06   7.4401855e+01
   3.8557960e+06   3.4973145e+01
   3.8558990e+06   3.5400391e+01
   3.8560010e+06   4.6508789e+01
   3.8561510e+06   3.5461426e+01
   3.8695140e+06   3.6193848e+01
   3.8708100e+06   3.5400391e+01
   3.8709240e+06   3.4912109e+01
   3.8709480e+06   3.5522461e+01
   3.8710610e+06   6.8054199e+01
   3.8710770e+06   3.6315918e+01
   3.8711800e+06   4.0954590e+01
   3.8713530e+06   3.9489746e+01
   3.8714410e+06   4.7546387e+01
   3.8716310e+06   4.0710449e+01
   3.8818450e+06   3.8513184e+01
   3.8923710e+06   3.6560059e+01
   3.8923890e+06   5.9204102e+01
   3.8925070e+06   3.4240723e+01
   3.8925680e+06   4.4982910e+01
   3.8926290e+06   3.5949707e+01
   3.8926970e+06   4.0649414e+01
   3.8927420e+06   4.5898437e+01
   3.8928430e+06   3.5949707e+01
   3.8929410e+06   4.3762207e+01
   3.9221780e+06   3.8208008e+01
   3.9224870e+06   3.6010742e+01
   3.9225510e+06   5.3161621e+01
   3.9226680e+06   6.6345215e+01
   3.9226990e+06   4.1503906e+01
   3.9227400e+06   3.7719727e+01
   3.9227650e+06   3.6499023e+01
   3.9227780e+06   4.3640137e+01
   3.9228370e+06   3.5827637e+01
   3.9228880e+06   4.4006348e+01
   3.9230610e+06   3.9733887e+01
   3.9233020e+06   3.7780762e+01
   3.9406650e+06   3.7292480e+01
   3.9407010e+06   3.8818359e+01
   3.9408860e+06   5.9448242e+01
   3.9409690e+06   4.4799805e+01
   3.9409940e+06   3.6987305e+01
   3.9410450e+06   5.1757812e+01
   3.9412200e+06   4.6813965e+01
   3.9414650e+06   3.6010742e+01
   3.9415090e+06   3.9733887e+01
   3.9660270e+06   4.6142578e+01
   3.9660540e+06   4.5837402e+01
   3.9661200e+06   5.8288574e+01
   3.9661390e+06   3.6926270e+01
   3.9661920e+06   6.6223145e+01
   3.9662360e+06   4.6142578e+01
   3.9663290e+06   4.4128418e+01
   3.9664620e+06   5.7434082e+01
   3.9666350e+06   4.2663574e+01
   3.9780030e+06   3.4912109e+01
   4.0123590e+06   3.4179688e+01
   4.0130330e+06   3.6621094e+01
   4.0133310e+06   5.3955078e+01
   4.0133440e+06   3.6071777e+01
   4.0134030e+06   3.4912109e+01
   4.0134410e+06   4.9926758e+01
   4.0134830e+06   3.4973145e+01
   4.0134990e+06   4.0771484e+01
   4.0135210e+06   5.3222656e+01
   4.0135450e+06   3.7231445e+01
   4.0135760e+06   3.7170410e+01
   4.0136300e+06   4.0527344e+01
   4.0137360e+06   4.0100098e+01
   4.0137670e+06   3.5644531e+01
   4.0139010e+06   3.9978027e+01
   4.0140670e+06   4.0283203e+01
   4.0141220e+06   3.6376953e+01
   4.0143100e+06   4.0222168e+01
   4.0660930e+06   4.6997070e+01
   4.0661120e+06   3.9733887e+01
   4.0661470e+06   5.6762695e+01
   4.0662490e+06   5.0231934e+01
   4.0662740e+06   4.0649414e+01
   4.0663430e+06   5.4321289e+01
   4.0664000e+06   3.5034180e+01
   4.0664290e+06   3.9184570e+01
   4.0664410e+06   4.1198730e+01
   4.0665250e+06   5.2978516e+01
   4.0666380e+06   3.6254883e+01
   4.0666560e+06   3.5583496e+01
   4.0667170e+06   3.4179688e+01
   4.0668620e+06   3.4423828e+01
   4.0669090e+06   3.5644531e+01
   4.0679280e+06   3.5888672e+01
   4.1079450e+06   3.5827637e+01
   4.1352260e+06   3.4606934e+01
   4.1359370e+06   3.4973145e+01
   4.1368070e+06   3.4790039e+01
   4.1368620e+06   5.6457520e+01
   4.1369420e+06   6.2194824e+01
   4.1370260e+06   5.2368164e+01
   4.1371080e+06   3.8879395e+01
   4.1371480e+06   4.0954590e+01
   4.1371940e+06   4.4067383e+01
   4.1373000e+06   5.7128906e+01
   4.1373480e+06   3.4362793e+01
   4.1374350e+06   4.1381836e+01
   4.1375820e+06   3.5034180e+01
   4.5199670e+06   3.4790039e+01
   4.9365110e+06   3.8146973e+01
   5.0816700e+06   3.5400391e+01
   5.4793260e+06   3.4362793e+01
   5.4797500e+06   3.5705566e+01
   5.4810920e+06   4.6020508e+01
   5.4811170e+06   4.8339844e+01
   5.4811570e+06   3.8391113e+01
   5.4811690e+06   6.3903809e+01
   5.4812060e+06   4.2785645e+01
   5.4812310e+06   3.7353516e+01
   5.4812630e+06   3.9306641e+01
   5.4812730e+06   3.8208008e+01
   5.4812870e+06   4.5715332e+01
   5.4813180e+06   4.2419434e+01
   5.4813510e+06   5.4992676e+01
   5.4814090e+06   4.8645020e+01
   5.4815600e+06   3.6132812e+01
   5.4817230e+06   3.9489746e+01
   5.4819690e+06   3.6804199e+01
   5.4823950e+06   3.7475586e+01
   5.4825900e+06   4.0710449e+01
   5.4829090e+06   3.6804199e+01
   5.4835580e+06   3.5278320e+01
   5.4838740e+06   3.4484863e+01
   5.4856650e+06   3.7231445e+01
   5.4901040e+06   5.1696777e+01
   5.4905670e+06   3.8391113e+01
   5.4914000e+06   4.5715332e+01
   5.4916580e+06   4.7485352e+01
   5.4925510e+06   4.2236328e+01
   5.4979430e+06   3.8635254e+01
   5.5312800e+06   4.0832520e+01
   5.5434380e+06   4.2419434e+01
   5.5434680e+06   5.3527832e+01
   5.5435550e+06   6.0119629e+01
   5.5435980e+06   4.7912598e+01
   5.5436170e+06   4.3212891e+01
   5.5436860e+06   5.2246094e+01
   5.5437150e+06   3.9855957e+01
   5.5437290e+06   3.5888672e+01
   5.5437520e+06   4.4494629e+01
   5.5437890e+06   4.5898438e+01
   5.5438230e+06   4.7546387e+01
   5.5438450e+06   3.7841797e+01
   5.5438880e+06   3.7780762e+01
   5.5439100e+06   3.5400391e+01
   5.5439710e+06   4.7241211e+01
   5.5440690e+06   3.8940430e+01
   5.5441240e+06   4.2358398e+01
   5.5442640e+06   3.5278320e+01
   5.5442840e+06   3.5034180e+01
   5.5444220e+06   3.4729004e+01
   5.5444500e+06   4.0771484e+01
   5.5445280e+06   3.7475586e+01
   5.5448410e+06   4.1564941e+01
   5.5450510e+06   3.5827637e+01
   5.5452310e+06   3.4423828e+01
   5.5579950e+06   3.4851074e+01
   5.5783690e+06   4.8400879e+01
   5.5783960e+06   4.7302246e+01
   5.5784740e+06   4.8583984e+01
   5.5784890e+06   5.9509277e+01
   5.5785150e+06   3.6437988e+01
   5.5785590e+06   6.2561035e+01
   5.5786320e+06   5.1208496e+01
   5.5786840e+06   4.2419434e+01
   5.5787050e+06   3.9062500e+01
   5.5787810e+06   4.8950195e+01
   5.5787930e+06   5.1513672e+01
   5.5789530e+06   3.5095215e+01
   5.5789680e+06   3.9733887e+01
   5.5792170e+06   4.2602539e+01
   5.5794460e+06   3.8879395e+01
   5.5800750e+06   3.5156250e+01
   5.6088030e+06   6.5673828e+01
   5.6088290e+06   4.4250488e+01
   5.6088950e+06   6.6345215e+01
   5.6089480e+06   4.4067383e+01
   5.6089770e+06   5.8044434e+01
   5.6090180e+06   3.6254883e+01
   5.6090470e+06   4.9621582e+01
   5.6090860e+06   4.6325684e+01
   5.6091200e+06   4.8461914e+01
   5.6092030e+06   3.4545898e+01
   5.6092450e+06   4.4372559e+01
   5.6092890e+06   4.6630859e+01
   5.6093880e+06   3.7597656e+01
   5.6095010e+06   3.6499023e+01
   5.6096380e+06   3.5522461e+01
   5.6099890e+06   3.9794922e+01
   5.6106390e+06   3.4729004e+01
   5.6322910e+06   5.1757812e+01
   5.6323270e+06   5.8532715e+01
   5.6323540e+06   3.6743164e+01
   5.6324150e+06   4.6875000e+01
   5.6324520e+06   5.4138184e+01
   5.6324850e+06   3.4240723e+01
   5.6325750e+06   3.9489746e+01
   5.6325970e+06   4.0893555e+01
   5.6326170e+06   5.8654785e+01
   5.6326720e+06   3.6315918e+01
   5.6327580e+06   3.7414551e+01
   5.6328500e+06   4.0222168e+01
   5.6329380e+06   4.1259766e+01
   5.6329500e+06   4.0344238e+01
   5.6330670e+06   4.4128418e+01
   5.6331940e+06   4.5471191e+01
   5.6333360e+06   4.2724609e+01
   5.6529450e+06   3.9428711e+01
   5.6529670e+06   5.5969238e+01
   5.6530640e+06   6.1523437e+01
   5.6531390e+06   3.4362793e+01
   5.6531770e+06   4.7546387e+01
   5.6532270e+06   3.6376953e+01
   5.6532750e+06   3.5034180e+01
   5.6533290e+06   3.5522461e+01
   5.6533700e+06   3.8391113e+01
   5.6534860e+06   3.9489746e+01
   5.6535330e+06   4.0039062e+01
   5.6535670e+06   3.6010742e+01
   5.6536050e+06   4.9621582e+01
   5.6537370e+06   3.5766602e+01
   5.6537990e+06   3.7048340e+01
   5.6538730e+06   3.4851074e+01
   5.6540360e+06   3.5156250e+01
   5.6542380e+06   4.1564941e+01
   5.6720590e+06   4.3701172e+01
   5.6720690e+06   3.5644531e+01
   5.6721020e+06   4.9133301e+01
   5.6722470e+06   7.7026367e+01
   5.6723290e+06   3.5156250e+01
   5.6723530e+06   4.4067383e+01
   5.6723850e+06   4.0649414e+01
   5.6724670e+06   4.7973633e+01
   5.6725860e+06   4.8400879e+01
   5.6726220e+06   3.5278320e+01
   5.6726430e+06   3.7353516e+01
   5.6726990e+06   4.2968750e+01
   5.6728980e+06   4.1809082e+01
   5.7002640e+06   4.1992188e+01
   5.7003930e+06   4.9194336e+01
   5.7004650e+06   5.3649902e+01
   5.7005320e+06   3.5522461e+01
   5.7005600e+06   3.7536621e+01
   5.7005890e+06   5.2734375e+01
   5.7006910e+06   6.5856934e+01
   5.7007210e+06   4.5776367e+01
   5.7008220e+06   5.4504395e+01
   5.7008680e+06   4.5104980e+01
   5.7009220e+06   4.7790527e+01
   5.7010050e+06   5.1269531e+01
   5.7011280e+06   4.0771484e+01
   5.7012230e+06   4.3029785e+01
   5.7012430e+06   3.6437988e+01
   5.7016060e+06   3.6499023e+01
   5.7278080e+06   3.5766602e+01
   5.7278850e+06   4.2480469e+01
   5.7279360e+06   5.7128906e+01
   5.7280250e+06   3.8757324e+01
   5.7280600e+06   3.5522461e+01
   5.7280820e+06   3.7475586e+01
   5.7281860e+06   3.4606934e+01
   5.7281980e+06   4.9194336e+01
   5.7282610e+06   4.2846680e+01
   5.7283180e+06   4.7668457e+01
   5.7283500e+06   3.4851074e+01
   5.7283820e+06   3.9123535e+01
   5.7284160e+06   4.4982910e+01
   5.7285160e+06   3.4973145e+01
   5.7286600e+06   3.9489746e+01
   5.7287470e+06   4.7790527e+01
   5.7289010e+06   3.5583496e+01
   5.7453340e+06   4.5532227e+01
   5.7453520e+06   3.5583496e+01
   5.7454050e+06   5.3710937e+01
   5.7454730e+06   3.7475586e+01
   5.7455400e+06   4.2236328e+01
   5.7456560e+06   6.4453125e+01
   5.7457190e+06   3.6437988e+01
   5.7457720e+06   3.6071777e+01
   5.7458770e+06   3.5034180e+01
   5.7459060e+06   4.0405273e+01
   5.7460540e+06   4.6569824e+01
   5.7462120e+06   4.4189453e+01
   5.7662830e+06   3.5217285e+01
   5.7664010e+06   3.8269043e+01
   5.7664400e+06   6.5307617e+01
   5.7665400e+06   5.1391602e+01
   5.7665870e+06   3.9001465e+01
   5.7666410e+06   5.7495117e+01
   5.7667330e+06   7.5744629e+01
   5.7668140e+06   3.8696289e+01
   5.7668530e+06   3.9184570e+01
   5.7669050e+06   3.5583496e+01
   5.7669720e+06   3.5766602e+01
   5.7671110e+06   4.5837402e+01
   5.7671730e+06   4.1015625e+01
   5.7672100e+06   3.4667969e+01
   5.7673830e+06   5.0537109e+01
   5.7894830e+06   4.9316406e+01
   5.7895090e+06   6.3842773e+01
   5.7896300e+06   4.3579102e+01
   5.7896620e+06   5.5114746e+01
   5.7896740e+06   4.3334961e+01
   5.7897580e+06   4.9926758e+01
   5.7898260e+06   5.1757812e+01
   5.7898510e+06   3.4973145e+01
   5.7899190e+06   3.5888672e+01
   5.7899970e+06   5.6213379e+01
   5.7900350e+06   3.7963867e+01
   5.7901290e+06   4.2602539e+01
   5.7902410e+06   3.8146973e+01
   5.7904180e+06   4.0893555e+01
   5.7904630e+06   3.5278320e+01
   5.7907730e+06   3.4606934e+01
   5.8060540e+06   3.5095215e+01
   5.8061870e+06   5.0476074e+01
   5.8062650e+06   4.6997070e+01
   5.8063150e+06   3.5766602e+01
   5.8063770e+06   4.8095703e+01
   5.8064300e+06   4.4738770e+01
   5.8065450e+06   4.1320801e+01
   5.8065880e+06   4.1931152e+01
   5.8068370e+06   5.3588867e+01
   5.8069870e+06   4.5532227e+01
   5.8070930e+06   3.7780762e+01
   5.8072280e+06   3.6743164e+01
   5.8354960e+06   3.4484863e+01
   5.8355290e+06   5.5847168e+01
   5.8355800e+06   6.2072754e+01
   5.8356790e+06   4.1259766e+01
   5.8357150e+06   7.7819824e+01
   5.8357260e+06   4.1015625e+01
   5.8358060e+06   3.7292480e+01
   5.8358620e+06   4.0649414e+01
   5.8358880e+06   3.9672852e+01
   5.8359930e+06   3.5156250e+01
   5.8360530e+06   4.0405273e+01
   5.8361060e+06   3.6743164e+01
   5.8361300e+06   4.0161133e+01
   5.8362640e+06   3.9916992e+01
   5.8364390e+06   3.8635254e+01
   5.8366890e+06   3.4790039e+01
   5.8736710e+06   3.4545898e+01
   6.1408830e+06   3.5705566e+01
   6.1498130e+06   3.6193848e+01
   6.8825820e+06   4.4067383e+01
   6.8825950e+06   5.5358887e+01
   6.8826410e+06   4.2541504e+01
   6.8826650e+06   4.2907715e+01
   6.8826960e+06   5.1269531e+01
   6.8827180e+06   6.6589355e+01
   6.8827840e+06   4.0710449e+01
   6.8828240e+06   5.1757813e+01
   6.8828570e+06   6.2927246e+01
   6.8828940e+06   4.4128418e+01
   6.8829210e+06   3.9916992e+01
   6.8830570e+06   3.3325195e+01
   6.8831760e+06   4.3457031e+01
   6.8833860e+06   3.7231445e+01
   6.8835360e+06   3.7231445e+01
   6.8836920e+06   3.3813477e+01
   6.8839480e+06   3.4606934e+01
   6.8841110e+06   3.9550781e+01
   6.8845250e+06   3.8696289e+01
   6.8845370e+06   3.5400391e+01
   6.8852430e+06   3.3935547e+01
   6.8854780e+06   3.3813477e+01
   6.8857180e+06   3.3569336e+01
   6.8872700e+06   3.5583496e+01
   6.8880290e+06   3.5217285e+01
   6.8984880e+06   5.6579590e+01
   6.8985370e+06   4.0710449e+01
   6.8985790e+06   4.2968750e+01
   6.8986110e+06   4.9072266e+01
   6.8986710e+06   3.5217285e+01
   6.8987120e+06   4.0527344e+01
   6.8987320e+06   3.6926270e+01
   6.8988160e+06   4.4982910e+01
   6.8989050e+06   4.1809082e+01
   6.8989430e+06   5.3222656e+01
   6.8990170e+06   3.9855957e+01
   6.8990490e+06   3.6010742e+01
   6.8990650e+06   3.3508301e+01
   6.8991410e+06   3.4912109e+01
   6.8992510e+06   3.6254883e+01
   6.8993790e+06   3.5949707e+01
   6.8994350e+06   3.4851074e+01
   6.8994520e+06   3.3813477e+01
   6.8995520e+06   3.3325195e+01
   6.8996540e+06   3.5339355e+01
   6.8996930e+06   3.4301758e+01
   6.8998120e+06   3.4423828e+01
   6.8999100e+06   3.8085938e+01
   6.9000940e+06   3.6376953e+01
   6.9002750e+06   3.4240723e+01
   6.9003330e+06   3.9855957e+01
   6.9004980e+06   5.1696777e+01
   6.9007290e+06   3.7719727e+01
   6.9007450e+06   3.7780762e+01
   6.9010240e+06   3.5888672e+01
   6.9783400e+06   3.6499023e+01
   6.9789620e+06   5.2673340e+01
   6.9790270e+06   4.8828125e+01
   6.9790690e+06   4.0954590e+01
   6.9790980e+06   4.7302246e+01
   6.9791270e+06   3.7841797e+01
   6.9791610e+06   4.2785645e+01
   6.9791720e+06   3.7597656e+01
   6.9792070e+06   5.4687500e+01
   6.9792250e+06   3.4423828e+01
   6.9793020e+06   3.9184570e+01
   6.9793270e+06   3.6437988e+01
   6.9793440e+06   3.5400391e+01
   6.9794740e+06   3.5827637e+01
   6.9794900e+06   3.8696289e+01
   6.9796500e+06   3.5766602e+01
   6.9797270e+06   4.1625977e+01
   6.9798610e+06   4.5532227e+01
   6.9799330e+06   3.7475586e+01
   6.9800660e+06   3.4851074e+01
   6.9801080e+06   3.6987305e+01
   6.9802580e+06   4.3701172e+01
   6.9803020e+06   3.8574219e+01
   6.9803820e+06   3.6560059e+01
   6.9804310e+06   3.5583496e+01
   6.9807790e+06   3.4057617e+01
   6.9812290e+06   3.3935547e+01
   7.0274570e+06   3.5278320e+01
   7.0290850e+06   5.2246094e+01
   7.0291280e+06   5.8288574e+01
   7.0292060e+06   4.5166016e+01
   7.0292190e+06   4.9438477e+01
   7.0292450e+06   4.6386719e+01
   7.0292760e+06   3.3996582e+01
   7.0293010e+06   4.8950195e+01
   7.0293470e+06   3.6010742e+01
   7.0293780e+06   3.7292480e+01
   7.0294270e+06   4.1320801e+01
   7.0294890e+06   4.3334961e+01
   7.0295300e+06   3.5827637e+01
   7.0295760e+06   3.9489746e+01
   7.0296960e+06   3.5644531e+01
   7.0299640e+06   3.8269043e+01
   7.0300080e+06   4.4128418e+01
   7.0300900e+06   3.3630371e+01
   7.0302180e+06   5.0415039e+01
   7.0302610e+06   4.2602539e+01
   7.0304360e+06   4.1503906e+01
   7.0307010e+06   3.4423828e+01
   7.0309970e+06   4.3334961e+01
   7.0845170e+06   4.1198730e+01
   7.0845350e+06   6.3110352e+01
   7.0846020e+06   5.0964355e+01
   7.0846200e+06   5.4931641e+01
   7.0846560e+06   3.8574219e+01
   7.0847030e+06   4.5288086e+01
   7.0847700e+06   3.9489746e+01
   7.0847880e+06   5.1757812e+01
   7.0848240e+06   3.3874512e+01
   7.0848400e+06   4.6447754e+01
   7.0848590e+06   3.9184570e+01
   7.0849320e+06   4.0710449e+01
   7.0850170e+06   3.9123535e+01
   7.0850890e+06   3.6254883e+01
   7.0851160e+06   4.9316406e+01
   7.0851530e+06   3.4362793e+01
   7.0852200e+06   3.5034180e+01
   7.0852600e+06   3.3813477e+01
   7.0853200e+06   3.3569336e+01
   7.0854500e+06   4.1564941e+01
   7.0854910e+06   3.9855957e+01
   7.0857330e+06   4.0161133e+01
   7.1160220e+06   3.6926270e+01
   7.1284120e+06   4.5959473e+01
   7.1284260e+06   5.6762695e+01
   7.1284530e+06   3.5034180e+01
   7.1285030e+06   6.3171387e+01
   7.1285200e+06   3.5705566e+01
   7.1285560e+06   3.4667969e+01
   7.1285740e+06   6.5002441e+01
   7.1286240e+06   3.5766602e+01
   7.1286440e+06   3.3447266e+01
   7.1287080e+06   3.3996582e+01
   7.1287290e+06   5.7128906e+01
   7.1287890e+06   5.9692383e+01
   7.1288100e+06   3.9916992e+01
   7.1288270e+06   3.5705566e+01
   7.1288750e+06   3.3752441e+01
   7.1289080e+06   4.6081543e+01
   7.1290110e+06   3.5461426e+01
   7.1293010e+06   3.4179688e+01
   7.1293280e+06   3.5888672e+01
   7.1294350e+06   3.9367676e+01
   7.1295030e+06   3.7536621e+01
   7.1297730e+06   3.9062500e+01
   7.2068510e+06   4.9316406e+01
   7.2068660e+06   5.7006836e+01
   7.2069410e+06   5.5358887e+01
   7.2069670e+06   5.4199219e+01
   7.2069890e+06   4.4067383e+01
   7.2070110e+06   4.8706055e+01
   7.2071190e+06   3.9916992e+01
   7.2071590e+06   3.3325195e+01
   7.2072430e+06   3.8635254e+01
   7.2072660e+06   3.4667969e+01
   7.2073420e+06   3.4851074e+01
   7.2074270e+06   4.0832520e+01
   7.2074610e+06   4.0466309e+01
   7.2074740e+06   3.6926270e+01
   7.2076980e+06   3.6254883e+01
   7.2078000e+06   3.6254883e+01
   7.2079930e+06   4.2297363e+01
   7.2478430e+06   3.3935547e+01
   7.2827990e+06   6.0363770e+01
   7.2828330e+06   4.1076660e+01
   7.2828770e+06   4.2419434e+01
   7.2829350e+06   4.3884277e+01
   7.2829520e+06   6.2744141e+01
   7.2829860e+06   3.4851074e+01
   7.2830090e+06   4.4799805e+01
   7.2830730e+06   4.4982910e+01
   7.2830890e+06   5.4870605e+01
   7.2831040e+06   4.0222168e+01
   7.2831370e+06   4.1076660e+01
   7.2831480e+06   3.9611816e+01
   7.2831840e+06   4.4311523e+01
   7.2832130e+06   4.0466309e+01
   7.2832390e+06   3.6437988e+01
   7.2832710e+06   3.6987305e+01
   7.2833400e+06   3.3630371e+01
   7.2833730e+06   3.9978027e+01
   7.2834660e+06   4.3334961e+01
   7.2835840e+06   4.0405273e+01
   7.2836290e+06   3.6499023e+01
   7.2837690e+06   3.9184570e+01
   7.2839070e+06   3.5583496e+01
   7.4974240e+06   5.7983398e+01
   7.4974370e+06   4.6936035e+01
   7.4975040e+06   3.3508301e+01
   7.4975510e+06   3.7414551e+01
   7.4975700e+06   8.3923340e+01
   7.4975880e+06   4.0100098e+01
   7.4976360e+06   3.3325195e+01
   7.4976490e+06   4.7180176e+01
   7.4977000e+06   4.4433594e+01
   7.4977260e+06   3.8818359e+01
   7.4977590e+06   3.9794922e+01
   7.4978130e+06   3.4790039e+01
   7.4978820e+06   3.8757324e+01
   7.4979040e+06   3.6437988e+01
   7.4979700e+06   4.5471191e+01
   7.4980680e+06   4.0100098e+01
   7.4981080e+06   4.9133301e+01
   7.4982160e+06   3.4729004e+01
   7.4983950e+06   4.0527344e+01
   7.4985980e+06   4.3945313e+01
   7.5574300e+06   5.2124023e+01
   7.5574480e+06   6.2805176e+01
   7.5575060e+06   3.9916992e+01
   7.5575310e+06   5.8227539e+01
   7.5575610e+06   3.3996582e+01
   7.5575860e+06   3.9123535e+01
   7.5576790e+06   4.0161133e+01
   7.5576970e+06   4.8217773e+01
   7.5577500e+06   4.4616699e+01
   7.5577630e+06   4.1564941e+01
   7.5578230e+06   3.5461426e+01
   7.5578960e+06   7.2631836e+01
   7.5579850e+06   3.8940430e+01
   7.5580640e+06   4.1259766e+01
   7.5581920e+06   3.7292480e+01
   7.5583210e+06   3.9794922e+01
   7.5584460e+06   3.8513184e+01
   7.5589580e+06   3.8452148e+01
   7.6816620e+06   3.7109375e+01
   7.6825050e+06   3.6682129e+01
   7.8473660e+06   3.4301758e+01
   8.1011660e+06   4.8339844e+01
   8.1789140e+06   6.5673828e+01
   8.1789590e+06   4.5715332e+01
   8.1789790e+06   6.4514160e+01
   8.1790340e+06   3.3813477e+01
   8.1790470e+06   6.5368652e+01
   8.1790760e+06   4.6875000e+01
   8.1791060e+06   4.6264648e+01
   8.1791610e+06   3.3508301e+01
   8.1791930e+06   3.8574219e+01
   8.1792230e+06   4.9743652e+01
   8.1792460e+06   3.3325195e+01
   8.1792840e+06   4.8828125e+01
   8.1793900e+06   3.7231445e+01
   8.1794390e+06   4.2053223e+01
   8.1795130e+06   4.2846680e+01
   8.1795250e+06   3.5339355e+01
   8.1795480e+06   3.3386230e+01
   8.1797310e+06   3.4179688e+01
   8.1798240e+06   3.6193848e+01
   8.1800950e+06   3.5888672e+01
   8.1816540e+06   3.3325195e+01
   8.1822920e+06   3.3935547e+01
   8.1825870e+06   3.9001465e+01
   8.2385750e+06   4.3884277e+01
   8.2385900e+06   3.4301758e+01
   8.2386460e+06   4.4006348e+01
   8.2386850e+06   4.9926758e+01
   8.2387120e+06   4.0954590e+01
   8.2387950e+06   5.6762695e+01
   8.2388220e+06   3.3935547e+01
   8.2388490e+06   4.4616699e+01
   8.2389450e+06   4.5104980e+01
   8.2389810e+06   4.1442871e+01
   8.2390550e+06   4.0832520e+01
   8.2390970e+06   3.3630371e+01
   8.2391650e+06   3.5827637e+01
   8.2392040e+06   3.3874512e+01
   8.2392710e+06   3.4667969e+01
   8.2393420e+06   3.4973145e+01
   8.2394320e+06   3.7109375e+01
   8.2395520e+06   4.2541504e+01
   8.2396780e+06   4.0893555e+01
   8.2396990e+06   3.5766602e+01
   8.2401630e+06   4.0649414e+01
   8.2418050e+06   3.8452148e+01
   8.2797730e+06   3.4057617e+01
   8.2806020e+06   3.3935547e+01
   8.2807330e+06   4.4616699e+01
   8.2807480e+06   5.1330566e+01
   8.2807660e+06   3.6193848e+01
   8.2808100e+06   3.6926270e+01
   8.2808370e+06   6.7932129e+01
   8.2809110e+06   4.7058105e+01
   8.2809850e+06   3.9245605e+01
   8.2810510e+06   4.1381836e+01
   8.2810670e+06   3.6254883e+01
   8.2811350e+06   3.4912109e+01
   8.2812410e+06   5.0476074e+01
   8.2812980e+06   3.8330078e+01
   8.2813430e+06   5.4443359e+01
   8.2813950e+06   3.5644531e+01
   8.2814140e+06   4.5410156e+01
   8.2814490e+06   4.1198730e+01
   8.2815500e+06   3.5034180e+01
   8.2815730e+06   3.4484863e+01
   8.2817010e+06   4.1015625e+01
   8.2817770e+06   4.4067383e+01
   8.2820220e+06   3.8146973e+01
   8.3159750e+06   5.4138184e+01
   8.3160450e+06   3.4118652e+01
   8.3160620e+06   4.3212891e+01
   8.3161280e+06   5.4260254e+01
   8.3161480e+06   4.1442871e+01
   8.3162250e+06   4.7790527e+01
   8.3162690e+06   4.5410156e+01
   8.3163050e+06   3.5522461e+01
   8.3163880e+06   3.5888672e+01
   8.3164150e+06   3.5888672e+01
   8.3164810e+06   3.6437988e+01
   8.3165780e+06   4.8095703e+01
   8.3166680e+06   3.4362793e+01
   8.3167060e+06   3.6132812e+01
   8.3167360e+06   3.4423828e+01
   8.3168650e+06   3.5949707e+01
   8.3169130e+06   3.3386230e+01
   8.3170140e+06   3.5217285e+01
   8.3172310e+06   3.4362793e+01
   8.3698260e+06   4.3212891e+01
   8.3698410e+06   7.2631836e+01
   8.3698510e+06   3.3325195e+01
   8.3699160e+06   5.0415039e+01
   8.3699550e+06   4.4189453e+01
   8.3699820e+06   3.6682129e+01
   8.3700570e+06   3.9489746e+01
   8.3700780e+06   5.6091309e+01
   8.3701560e+06   3.9550781e+01
   8.3702240e+06   4.1198730e+01
   8.3702360e+06   7.9589844e+01
   8.3703090e+06   4.6875000e+01
   8.3705100e+06   4.0161133e+01
   8.3705330e+06   3.5461426e+01
   8.3705750e+06   3.4729004e+01
   8.3706050e+06   4.0588379e+01
   8.3707460e+06   3.6071777e+01
   8.3709720e+06   3.5705566e+01
   8.3712110e+06   3.9978027e+01
   8.3717370e+06   3.3569336e+01
   8.4065140e+06   3.7109375e+01
   8.4065360e+06   5.2307129e+01
   8.4065570e+06   6.7749023e+01
   8.4066460e+06   7.1411133e+01
   8.4066670e+06   4.1442871e+01
   8.4067000e+06   4.2236328e+01
   8.4067380e+06   4.5227051e+01
   8.4068290e+06   3.9733887e+01
   8.4068390e+06   4.7119141e+01
   8.4068940e+06   3.6437988e+01
   8.4069110e+06   4.5898438e+01
   8.4069960e+06   3.8513184e+01
   8.4070870e+06   4.1198730e+01
   8.4071690e+06   4.9499512e+01
   8.4071950e+06   3.7475586e+01
   8.4073150e+06   4.2236328e+01
   8.4074530e+06   3.8391113e+01
   8.4078440e+06   3.7170410e+01
   8.4078920e+06   3.6865234e+01
   8.4079450e+06   3.8330078e+01
   8.4082550e+06   3.3630371e+01
   8.4085240e+06   3.5522461e+01
   8.4692620e+06   3.4179688e+01
   8.4807290e+06   3.4362793e+01
   8.5367270e+06   3.4240723e+01
   8.7771390e+06   3.4484863e+01
   9.6371880e+06   4.1198730e+01
   9.6873890e+06   4.5776367e+01
   9.9815860e+06   4.7241211e+01
   9.9816490e+06   7.5073242e+01
   9.9816990e+06   4.9987793e+01
   9.9817490e+06   3.7353516e+01
   9.9817790e+06   4.3151855e+01
   9.9818150e+06   3.6865234e+01
   9.9818820e+06   3.9123535e+01
   9.9819420e+06   4.2297363e+01
   9.9819700e+06   3.6682129e+01
   9.9826650e+06   3.4057617e+01
   9.9827670e+06   3.8330078e+01
   9.9830330e+06   4.1137695e+01
   9.9835360e+06   3.8146973e+01
   9.9914420e+06   6.2561035e+01
   9.9916950e+06   4.8767090e+01
   9.9919040e+06   5.1025391e+01
   9.9919760e+06   3.8024902e+01
   9.9920800e+06   4.5166016e+01
   9.9922990e+06   4.1931152e+01
   9.9925210e+06   4.9865723e+01
   9.9926970e+06   4.2541504e+01
   9.9927280e+06   3.8085938e+01
   9.9929560e+06   3.6376953e+01
   9.9932320e+06   3.6621094e+01
   9.9935020e+06   3.5949707e+01
   9.9937470e+06   3.5522461e+01
   9.9937910e+06   3.4912109e+01
   9.9941460e+06   3.8085938e+01
   1.0039389e+07   3.5827637e+01
   1.0042906e+07   4.2297363e+01
   1.0043381e+07   4.8034668e+01
   1.0043392e+07   4.4250488e+01
   1.0043448e+07   3.6621094e+01
   1.0043464e+07   5.1757812e+01
   1.0043478e+07   3.8452148e+01
   1.0043515e+07   3.8208008e+01
   1.0043528e+07   6.0729980e+01
   1.0043586e+07   3.7353516e+01
   1.0043606e+07   4.3518066e+01
   1.0043642e+07   3.4118652e+01
   1.0043731e+07   3.6926270e+01
   1.0043756e+07   5.6945801e+01
   1.0043833e+07   3.8391113e+01
   1.0043863e+07   3.8024902e+01
   1.0043916e+07   3.5644531e+01
   1.0044004e+07   5.1269531e+01
   1.0044032e+07   3.6254883e+01
   1.0044108e+07   3.7719727e+01
   1.0044192e+07   3.5217285e+01
   1.0044253e+07   4.0039062e+01
   1.0044297e+07   3.5888672e+01
   1.0044485e+07   3.7597656e+01
   1.0044509e+07   4.3762207e+01
   1.0071406e+07   3.6193848e+01
   1.0071731e+07   5.1757812e+01
   1.0071747e+07   5.7250977e+01
   1.0071827e+07   5.5908203e+01
   1.0071855e+07   3.7963867e+01
   1.0071877e+07   5.0109863e+01
   1.0071908e+07   4.9743652e+01
   1.0071978e+07   3.7902832e+01
   1.0071992e+07   3.7292480e+01
   1.0072007e+07   4.4311523e+01
   1.0072049e+07   3.4790039e+01
   1.0072098e+07   4.0527344e+01
   1.0072159e+07   3.8513184e+01
   1.0072187e+07   3.9367676e+01
   1.0072280e+07   5.3833008e+01
   1.0072315e+07   4.7668457e+01
   1.0072381e+07   3.5156250e+01
   1.0072501e+07   3.9001465e+01
   1.0072513e+07   3.3813477e+01
   1.0072638e+07   3.8757324e+01
   1.0072748e+07   3.7597656e+01
   1.0072911e+07   5.0109863e+01
   1.0093248e+07   3.4179688e+01
   1.0093409e+07   5.1757812e+01
   1.0093508e+07   5.2185059e+01
   1.0093540e+07   3.8635254e+01
   1.0093585e+07   4.7607422e+01
   1.0093599e+07   4.6630859e+01
   1.0093680e+07   4.3151855e+01
   1.0093727e+07   4.0344238e+01
   1.0093775e+07   4.4677734e+01
   1.0093829e+07   3.8696289e+01
   1.0093861e+07   3.7658691e+01
   1.0093878e+07   6.2744141e+01
   1.0093979e+07   4.2297363e+01
   1.0094039e+07   3.3935547e+01
   1.0094085e+07   4.7790527e+01
   1.0094197e+07   4.1503906e+01
   1.0094367e+07   5.0537109e+01
   1.0114366e+07   5.3405762e+01
   1.0114439e+07   5.2795410e+01
   1.0114526e+07   3.7414551e+01
   1.0114570e+07   4.2602539e+01
   1.0114622e+07   5.5358887e+01
   1.0114646e+07   3.4240723e+01
   1.0114700e+07   5.6335449e+01
   1.0114713e+07   4.2846680e+01
   1.0114747e+07   4.0222168e+01
   1.0114803e+07   3.5461426e+01
   1.0114844e+07   4.8583984e+01
   1.0114866e+07   4.7790527e+01
   1.0114920e+07   4.0222168e+01
   1.0115017e+07   3.4240723e+01
   1.0115037e+07   4.8217773e+01
   1.0115070e+07   3.3691406e+01
   1.0115168e+07   3.5095215e+01
   1.0115322e+07   3.4240723e+01
   1.0131851e+07   3.7475586e+01
   1.0131869e+07   4.1259766e+01
   1.0132001e+07   5.1513672e+01
   1.0132017e+07   3.5705566e+01
   1.0132045e+07   3.5278320e+01
   1.0132074e+07   3.5522461e+01
   1.0132102e+07   4.5654297e+01
   1.0132177e+07   3.6926270e+01
   1.0132202e+07   4.8339844e+01
   1.0132229e+07   5.4382324e+01
   1.0132340e+07   3.8940430e+01
   1.0132383e+07   3.4729004e+01
   1.0132424e+07   3.5888672e+01
   1.0132507e+07   4.3945312e+01
   1.0132584e+07   3.4606934e+01
   1.0132697e+07   5.0048828e+01
   1.0132800e+07   4.0954590e+01
   1.0132826e+07   3.8757324e+01
   1.0149032e+07   4.6569824e+01
   1.0149051e+07   5.9753418e+01
   1.0149081e+07   3.4057617e+01
   1.0149164e+07   5.7922363e+01
   1.0149180e+07   3.9916992e+01
   1.0149268e+07   4.2114258e+01
   1.0149322e+07   3.8146973e+01
   1.0149366e+07   3.8757324e+01
   1.0149383e+07   4.3701172e+01
   1.0149529e+07   6.4575195e+01
   1.0149668e+07   4.0344238e+01
   1.0149893e+07   3.6010742e+01
   1.0163203e+07   4.0222168e+01
   1.0163284e+07   4.7546387e+01
   1.0163372e+07   3.8269043e+01
   1.0163392e+07   3.6071777e+01
   1.0163418e+07   4.3395996e+01
   1.0163546e+07   5.5480957e+01
   1.0163564e+07   4.2480469e+01
   1.0163608e+07   3.4240723e+01
   1.0163704e+07   4.7424316e+01
   1.0163771e+07   3.4240723e+01
   1.0163782e+07   3.4973145e+01
   1.0163916e+07   5.1208496e+01
   1.0178568e+07   3.3691406e+01
   1.0178925e+07   3.5522461e+01
   1.0178957e+07   3.4912109e+01
   1.0179003e+07   5.8654785e+01
   1.0179144e+07   5.2246094e+01
   1.0179176e+07   4.7668457e+01
   1.0179255e+07   5.4626465e+01
   1.0179350e+07   3.7902832e+01
   1.0179379e+07   4.8889160e+01
   1.0179432e+07   3.6560059e+01
   1.0179504e+07   4.2419434e+01
   1.0179809e+07   3.5461426e+01
   1.0193839e+07   3.5766602e+01
   1.0194310e+07   4.5959473e+01
   1.0194404e+07   3.7475586e+01
   1.0194419e+07   5.2368164e+01
   1.0194482e+07   5.5480957e+01
   1.0194506e+07   3.4545898e+01
   1.0194578e+07   4.2968750e+01
   1.0194614e+07   4.8156738e+01
   1.0194766e+07   4.5715332e+01
   1.0194778e+07   4.5532227e+01
   1.0209806e+07   3.7658691e+01
   1.0209833e+07   4.2907715e+01
   1.0209843e+07   5.8837891e+01
   1.0210006e+07   5.0048828e+01
   1.0210024e+07   4.6997070e+01
   1.0210079e+07   3.8269043e+01
   1.0210135e+07   4.6508789e+01
   1.0210150e+07   4.1320801e+01
   1.0210196e+07   4.2053223e+01
   1.0210301e+07   4.9560547e+01
   1.0210359e+07   4.1198730e+01
   1.0210425e+07   4.9377441e+01
   1.0210631e+07   3.8879395e+01
   1.0224820e+07   3.9306641e+01
   1.0224844e+07   4.5227051e+01
   1.0224892e+07   4.2541504e+01
   1.0225063e+07   6.7443848e+01
   1.0225203e+07   6.0791016e+01
   1.0225292e+07   4.2907715e+01
   1.0225308e+07   4.4738770e+01
   1.0225415e+07   4.8156738e+01
   1.0225486e+07   4.2114258e+01
   1.0225701e+07   5.0720215e+01
   1.0226017e+07   3.8269043e+01
   1.0240435e+07   4.3762207e+01
   1.0240495e+07   3.8330078e+01
   1.0240628e+07   3.4545898e+01
   1.0240653e+07   4.7180176e+01
   1.0240716e+07   3.9855957e+01
   1.0240803e+07   5.0231934e+01
   1.0240846e+07   3.7902832e+01
   1.0240908e+07   3.7231445e+01
   1.0240967e+07   5.2368164e+01
   1.0241134e+07   4.0283203e+01
   1.0241226e+07   3.7963867e+01
   1.0256365e+07   4.0344238e+01
   1.0256488e+07   3.7231445e+01
   1.0256562e+07   5.0109863e+01
   1.0256577e+07   3.6560059e+01
   1.0256622e+07   4.0466309e+01
   1.0256723e+07   4.7546387e+01
   1.0256772e+07   4.5104980e+01
   1.0256885e+07   4.7607422e+01
   1.0257061e+07   3.7231445e+01
   1.0279929e+07   3.6437988e+01
   1.0280586e+07   3.6010742e+01
   1.0280904e+07   4.0588379e+01
   1.0280958e+07   5.1025391e+01
   1.0280986e+07   6.1584473e+01
   1.0281057e+07   3.7719727e+01
   1.0281077e+07   3.3935547e+01
   1.0281132e+07   6.0974121e+01
   1.0281157e+07   4.6264648e+01
   1.0281244e+07   5.0720215e+01
   1.0281257e+07   3.9855957e+01
   1.0281344e+07   4.2053223e+01
   1.0281400e+07   4.6936035e+01
   1.0281442e+07   3.8208008e+01
   1.0281562e+07   5.3100586e+01
   1.0281660e+07   3.6193848e+01
   1.0301350e+07   3.8818359e+01
   1.0301363e+07   4.2297363e+01
   1.0301478e+07   5.9753418e+01
   1.0301568e+07   5.0903320e+01
   1.0301607e+07   4.0283203e+01
   1.0301752e+07   3.4179688e+01
   1.0301772e+07   3.5644531e+01
   1.0301794e+07   3.9550781e+01
   1.0301913e+07   3.5522461e+01
   1.0301950e+07   3.5400391e+01
   1.0301972e+07   5.0170898e+01
   1.0302176e+07   4.5776367e+01
   1.0334330e+07   3.4606934e+01
   1.0334398e+07   3.8635254e+01
   1.0334426e+07   3.6804199e+01
   1.0334452e+07   6.2377930e+01
   1.0334566e+07   5.7861328e+01
   1.0334587e+07   5.5664062e+01
   1.0334692e+07   4.4189453e+01
   1.0334738e+07   4.2968750e+01
   1.0334759e+07   6.5856934e+01
   1.0334798e+07   4.7241211e+01
   1.0334902e+07   3.8635254e+01
   1.0334923e+07   4.8095703e+01
   1.0334933e+07   6.1218262e+01
   1.0335099e+07   5.6274414e+01
   1.0335260e+07   4.7424316e+01
   1.0343279e+07   3.8879395e+01
   1.0362705e+07   4.3334961e+01
   1.0362738e+07   4.2236328e+01
   1.0362772e+07   6.9519043e+01
   1.0362876e+07   5.7067871e+01
   1.0362890e+07   4.3457031e+01
   1.0362981e+07   5.0659180e+01
   1.0363068e+07   5.3710937e+01
   1.0363090e+07   4.8461914e+01
   1.0363137e+07   3.6376953e+01
   1.0363259e+07   3.7719727e+01
   1.0363478e+07   4.3762207e+01
   1.0380040e+07   3.3691406e+01
   1.0399200e+07   4.1809082e+01
   1.0399214e+07   3.9184570e+01
   1.0399260e+07   6.0546875e+01
   1.0399389e+07   7.3608398e+01
   1.0399441e+07   3.8024902e+01
   1.0399492e+07   4.1564941e+01
   1.0399544e+07   3.8452148e+01
   1.0399585e+07   4.6081543e+01
   1.0399682e+07   3.6010742e+01
   1.0399697e+07   5.1574707e+01
   1.0399836e+07   4.6630859e+01
   1.0400049e+07   5.4077148e+01
   1.0400142e+07   3.3935547e+01
   1.0424596e+07   4.6936035e+01
   1.0425124e+07   3.6010742e+01
   1.0484135e+07   4.2663574e+01
   1.0484171e+07   6.5185547e+01
   1.0484203e+07   4.2114258e+01
   1.0484241e+07   3.4118652e+01
   1.0484288e+07   3.4851074e+01
   1.0484314e+07   4.7485352e+01
   1.0484337e+07   5.7250977e+01
   1.0484396e+07   3.7475586e+01
   1.0484417e+07   4.7302246e+01
   1.0484435e+07   3.8513184e+01
   1.0484453e+07   4.8950195e+01
   1.0484502e+07   4.2968750e+01
   1.0484597e+07   4.1320801e+01
   1.0484643e+07   3.5461426e+01
   1.0484690e+07   3.5766602e+01
   1.0485445e+07   3.4240723e+01
   1.0486060e+07   3.5522461e+01
   1.0548833e+07   4.0466309e+01
   1.0548856e+07   3.9428711e+01
   1.0548893e+07   5.1025391e+01
   1.0548962e+07   3.5339355e+01
   1.0548981e+07   5.8654785e+01
   1.0548992e+07   4.4311523e+01
   1.0549061e+07   6.5429688e+01
   1.0549117e+07   4.0222168e+01
   1.0549146e+07   3.5156250e+01
   1.0549307e+07   4.9194336e+01
   1.0549332e+07   3.8940430e+01
   1.0549349e+07   4.2419434e+01
   1.0549489e+07   3.7048340e+01
   1.0549557e+07   3.6560059e+01
   1.0549670e+07   3.6987305e+01
   1.0659495e+07   3.4057617e+01
