   1.1996000e+07   0.0000000e+00
   7.6985200e+05   1.8676758e+01
   7.6993300e+05   1.8920898e+01
   1.4457340e+06   1.5808105e+01
   2.4089130e+06   1.6906738e+01
   2.5123890e+06   1.8188477e+01
   2.5840700e+06   1.6540527e+01
   2.6210180e+06   1.6357422e+01
   2.6691760e+06   1.6479492e+01
   2.6915350e+06   1.6418457e+01
   2.7347700e+06   1.8432617e+01
   2.8202170e+06   1.6113281e+01
   3.6392460e+06   1.6723633e+01
   4.0309470e+06   1.5930176e+01
   4.0309940e+06   1.8371582e+01
   4.0443710e+06   1.6784668e+01
   4.3014530e+06   1.6418457e+01
   4.5079830e+06   1.5930176e+01
   4.6097410e+06   1.6235352e+01
   5.2663770e+06   1.6723633e+01
   5.2663960e+06   1.6662598e+01
   5.3886270e+06   1.5747070e+01
   5.4954550e+06   1.6967773e+01
   5.5505850e+06   1.5930176e+01
   5.5974960e+06   1.6235352e+01
   5.6383590e+06   1.6052246e+01
   5.6925740e+06   1.8188477e+01
   5.7223240e+06   1.6113281e+01
   5.8300650e+06   1.7028809e+01
   5.8538670e+06   1.5808105e+01
   5.8793320e+06   1.6235352e+01
   5.9137160e+06   1.6235352e+01
   7.2905370e+06   1.5869141e+01
   7.3119270e+06   1.6479492e+01
   7.4613240e+06   1.8859863e+01
   7.5713920e+06   1.6052246e+01
   7.7622740e+06   1.6052246e+01
   8.5027530e+06   1.5991211e+01
   9.0731460e+06   1.5930176e+01
   9.1434670e+06   1.5625000e+01
   9.1940910e+06   1.8249512e+01
   9.1945180e+06   1.6601562e+01
   9.2251270e+06   1.5930176e+01
   9.2257070e+06   1.5625000e+01
   9.2468840e+06   1.6235352e+01
   9.2837720e+06   1.7883301e+01
   9.3011870e+06   1.5930176e+01
   9.3331820e+06   1.6357422e+01
   9.3934390e+06   1.7761230e+01
   9.5213120e+06   1.5747070e+01
   9.9807000e+06   1.5808105e+01
   1.0593099e+07   1.6540527e+01
   1.0593129e+07   1.5625000e+01
   1.0593155e+07   1.7089844e+01
   1.0593174e+07   1.5991211e+01
   1.0593287e+07   1.8859863e+01
   1.0740739e+07   1.7089844e+01
   1.1208684e+07   1.5930176e+01
   1.1471688e+07   1.8005371e+01
   1.1538710e+07   1.5747070e+01
   1.1539055e+07   1.9287109e+01
   1.1576841e+07   1.6601562e+01
   1.1631445e+07   1.7333984e+01
   1.1665021e+07   1.8005371e+01
   1.1762231e+07   1.6113281e+01
   1.1778987e+07   1.7028809e+01
   1.1861979e+07   1.8005371e+01
   1.1873934e+07   1.5808105e+01
