   1.1996000e+07   0.0000000e+00
   1.7819400e+05   3.4790039e+01
   3.2513500e+05   3.5705566e+01
   3.5574600e+05   3.7170410e+01
   4.5969600e+05   3.6682129e+01
   5.8987300e+05   6.8237305e+01
   5.8988600e+05   4.5898438e+01
   5.8991700e+05   5.5358887e+01
   5.8993200e+05   5.0964355e+01
   5.8994800e+05   5.4382324e+01
   5.8997600e+05   4.8339844e+01
   5.9001000e+05   4.6569824e+01
   5.9002400e+05   4.3884277e+01
   5.9004000e+05   4.3884277e+01
   5.9008900e+05   4.6020508e+01
   5.9012300e+05   5.2795410e+01
   5.9013300e+05   3.5156250e+01
   5.9014700e+05   5.2551270e+01
   5.9022900e+05   3.5949707e+01
   5.9024100e+05   4.2602539e+01
   5.9029700e+05   3.5888672e+01
   5.9032800e+05   4.0161133e+01
   5.9034600e+05   3.5034180e+01
   5.9040600e+05   3.6926270e+01
   5.9052300e+05   4.9682617e+01
   5.9056100e+05   3.5644531e+01
   5.9949000e+05   3.7170410e+01
   6.0092600e+05   3.6926270e+01
   6.0373900e+05   3.5949707e+01
   6.0413200e+05   4.4250488e+01
   6.0421900e+05   4.4006348e+01
   6.0424700e+05   4.3457031e+01
   6.0426600e+05   6.5917969e+01
   6.0429600e+05   4.2480469e+01
   6.0435000e+05   4.7119141e+01
   6.0436800e+05   4.1381836e+01
   6.0443700e+05   3.4973145e+01
   6.0449700e+05   3.4912109e+01
   6.0457000e+05   3.7475586e+01
   6.0460200e+05   3.8635254e+01
   6.0471200e+05   3.4851074e+01
   6.0473000e+05   9.2712402e+01
   6.0482000e+05   4.7729492e+01
   6.0483100e+05   4.1015625e+01
   6.0491000e+05   3.5461426e+01
   6.0502200e+05   3.5888672e+01
   6.0506900e+05   3.7048340e+01
   6.0517900e+05   8.5144043e+01
   6.0521700e+05   3.6437988e+01
   6.0526300e+05   3.5034180e+01
   6.0527400e+05   6.9458008e+01
   6.0544500e+05   6.0485840e+01
   6.0563500e+05   6.0852051e+01
   6.0575200e+05   6.0913086e+01
   6.0578000e+05   3.7292480e+01
   6.0589400e+05   5.9936523e+01
   6.0603600e+05   3.8513184e+01
   6.0609400e+05   3.8635254e+01
   6.0621500e+05   5.1879883e+01
   6.0626500e+05   3.8879395e+01
   6.0634400e+05   4.6142578e+01
   6.0645900e+05   4.4555664e+01
   6.0659100e+05   5.3649902e+01
   6.0671800e+05   3.7231445e+01
   6.0686800e+05   4.9011230e+01
   6.0698000e+05   3.5278320e+01
   6.0701000e+05   3.6010742e+01
   6.0710000e+05   3.7902832e+01
   6.0723700e+05   4.7912598e+01
   6.0725800e+05   3.6376953e+01
   6.0737100e+05   3.6193848e+01
   6.0752200e+05   3.6743164e+01
   6.0765900e+05   3.7597656e+01
   6.0790200e+05   5.1696777e+01
   6.1547900e+05   3.5217285e+01
   6.1585900e+05   3.5827637e+01
   6.2207300e+05   3.9611816e+01
   7.6305800e+05   3.8024902e+01
   8.1628500e+05   3.5522461e+01
   9.1833200e+05   4.0222168e+01
   1.0024680e+06   3.7902832e+01
   1.1191690e+06   4.0283203e+01
   1.1191990e+06   4.2236328e+01
   1.1192230e+06   5.0231934e+01
   1.1192430e+06   3.6804199e+01
   1.1192560e+06   4.2480469e+01
   1.1192830e+06   9.6008301e+01
   1.1193030e+06   5.3344727e+01
   1.1193430e+06   4.5471191e+01
   1.1193720e+06   3.6254883e+01
   1.1193860e+06   4.4250488e+01
   1.1194070e+06   6.2988281e+01
   1.1194320e+06   4.3823242e+01
   1.1195640e+06   3.9428711e+01
   1.1196490e+06   4.4311523e+01
   1.1197970e+06   4.2785645e+01
   1.1198100e+06   3.5156250e+01
   1.1198480e+06   3.7414551e+01
   1.1198620e+06   3.7048340e+01
   1.1296860e+06   3.5034180e+01
   1.1333670e+06   4.4433594e+01
   1.1333860e+06   3.8208008e+01
   1.1334070e+06   4.6630859e+01
   1.1334310e+06   3.7902832e+01
   1.1334410e+06   4.4921875e+01
   1.1334720e+06   3.9123535e+01
   1.1334870e+06   3.6987305e+01
   1.1335060e+06   4.4799805e+01
   1.1335300e+06   4.3151855e+01
   1.1335510e+06   3.6071777e+01
   1.1335930e+06   5.7250977e+01
   1.1336090e+06   3.6437988e+01
   1.1336510e+06   3.8635254e+01
   1.1337750e+06   4.2907715e+01
   1.1338050e+06   3.8574219e+01
   1.1338310e+06   8.6181641e+01
   1.1338710e+06   3.6499023e+01
   1.1338900e+06   3.5644531e+01
   1.1339020e+06   3.5705566e+01
   1.1339470e+06   3.8513184e+01
   1.1341830e+06   6.3903809e+01
   1.1342640e+06   3.4973145e+01
   1.1343170e+06   3.5766602e+01
   1.1343980e+06   4.2968750e+01
   1.1344120e+06   4.3579102e+01
   1.1344730e+06   3.5766602e+01
   1.1347860e+06   6.5246582e+01
   1.1349900e+06   6.3293457e+01
   1.1351630e+06   4.5104980e+01
   1.1351900e+06   3.5217285e+01
   1.1354000e+06   6.6345215e+01
   1.1356360e+06   6.4025879e+01
   1.1358540e+06   5.0720215e+01
   1.1359660e+06   6.6223145e+01
   1.1361460e+06   4.8767090e+01
   1.1362420e+06   4.0222168e+01
   1.1362870e+06   5.4504395e+01
   1.1363180e+06   3.5156250e+01
   1.1365270e+06   6.5979004e+01
   1.1367340e+06   4.7485352e+01
   1.1368020e+06   3.6499023e+01
   1.1368730e+06   4.6081543e+01
   1.1370680e+06   5.4260254e+01
   1.1373570e+06   4.8156738e+01
   1.1439750e+06   3.5644531e+01
   1.3764440e+06   3.6010742e+01
   1.4733720e+06   5.0842285e+01
   1.4733850e+06   4.0100098e+01
   1.4734090e+06   3.9245605e+01
   1.4734250e+06   3.8208008e+01
   1.4734440e+06   5.2612305e+01
   1.4734550e+06   6.2438965e+01
   1.4734760e+06   3.8940430e+01
   1.4735020e+06   8.7707520e+01
   1.4735170e+06   5.0109863e+01
   1.4735310e+06   3.8879395e+01
   1.4735830e+06   4.1381836e+01
   1.4736290e+06   3.7292480e+01
   1.4737020e+06   3.9367676e+01
   1.4738670e+06   3.5461426e+01
   1.4739590e+06   4.3457031e+01
   1.4753980e+06   3.7780762e+01
   1.4765910e+06   3.5827637e+01
   1.4840580e+06   3.7719727e+01
   1.4936050e+06   3.5644531e+01
   1.4964800e+06   3.6010742e+01
   1.5821270e+06   3.7841797e+01
   1.6938900e+06   3.5644531e+01
   1.8604560e+06   4.5715332e+01
   1.8604710e+06   5.6640625e+01
   1.8604870e+06   3.7597656e+01
   1.8605300e+06   3.5034180e+01
   1.8605470e+06   6.5124512e+01
   1.8605620e+06   5.1330566e+01
   1.8605890e+06   5.6762695e+01
   1.8606160e+06   3.9367676e+01
   1.8606330e+06   3.7353516e+01
   1.8606620e+06   5.3649902e+01
   1.8607550e+06   4.2968750e+01
   1.8607780e+06   3.7292480e+01
   1.8607950e+06   3.5583496e+01
   1.8608420e+06   4.4311523e+01
   1.8608820e+06   3.4851074e+01
   1.8609180e+06   4.5837402e+01
   1.8609650e+06   3.6437988e+01
   1.8688690e+06   3.4790039e+01
   1.8691550e+06   3.5217285e+01
   1.8696860e+06   3.5217285e+01
   1.8771110e+06   3.5461426e+01
   1.8772090e+06   3.6804199e+01
   1.8772440e+06   4.7973633e+01
   1.8772650e+06   4.0527344e+01
   1.8773060e+06   4.7851562e+01
   1.8773190e+06   5.3527832e+01
   1.8773330e+06   4.3334961e+01
   1.8773710e+06   7.7636719e+01
   1.8774630e+06   3.6132812e+01
   1.8774880e+06   3.5888672e+01
   1.8777260e+06   3.9306641e+01
   1.8778080e+06   3.7170410e+01
   1.8778710e+06   6.0913086e+01
   1.8778980e+06   4.5776367e+01
   1.8780630e+06   3.8391113e+01
   1.8781290e+06   3.8146973e+01
   1.8783900e+06   3.7414551e+01
   1.8785960e+06   3.6804199e+01
   1.8786710e+06   6.6772461e+01
   1.8787670e+06   5.6030273e+01
   1.8788670e+06   3.5705566e+01
   1.8790310e+06   5.6396484e+01
   1.8791860e+06   3.6743164e+01
   1.8792420e+06   4.8400879e+01
   1.8793770e+06   4.1503906e+01
   1.8794380e+06   4.7180176e+01
   1.8794890e+06   3.6499023e+01
   1.8796140e+06   6.9091797e+01
   1.8797270e+06   5.2368164e+01
   1.8798760e+06   4.8400879e+01
   1.8800110e+06   4.6203613e+01
   1.8801200e+06   3.5095215e+01
   1.8802550e+06   4.2053223e+01
   1.8803870e+06   4.3762207e+01
   1.8805400e+06   4.6386719e+01
   1.8807120e+06   4.7363281e+01
   1.8808790e+06   4.8156738e+01
   1.8871890e+06   3.6254883e+01
   1.8876150e+06   3.8146973e+01
   1.8887530e+06   3.5949707e+01
   2.0069020e+06   3.7841797e+01
   2.1827270e+06   4.1076660e+01
   2.2348260e+06   3.5034180e+01
   2.3103340e+06   3.5644531e+01
   2.3103650e+06   3.6193848e+01
   2.3103990e+06   4.8217773e+01
   2.3104170e+06   4.3334961e+01
   2.3104500e+06   3.6499023e+01
   2.3104670e+06   1.2792969e+02
   2.3104930e+06   3.4790039e+01
   2.3105230e+06   3.8391113e+01
   2.3105510e+06   3.9001465e+01
   2.3105900e+06   3.8269043e+01
   2.3106130e+06   4.0344238e+01
   2.3106330e+06   4.4189453e+01
   2.3107210e+06   4.3151855e+01
   2.3107330e+06   4.5227051e+01
   2.3107790e+06   3.4851074e+01
   2.3108150e+06   3.6499023e+01
   2.3108840e+06   5.7128906e+01
   2.3182800e+06   3.5766602e+01
   2.3186860e+06   3.9978027e+01
   2.3189850e+06   3.6315918e+01
   2.3190570e+06   3.9001465e+01
   2.3194320e+06   3.6254883e+01
   2.3276290e+06   5.1086426e+01
   2.3276700e+06   3.5644531e+01
   2.3276870e+06   4.7851562e+01
   2.3277030e+06   4.8645020e+01
   2.3277380e+06   9.1369629e+01
   2.3277480e+06   3.6132812e+01
   2.3277830e+06   3.8085938e+01
   2.3277980e+06   3.6254883e+01
   2.3278290e+06   3.9306641e+01
   2.3278540e+06   3.8146973e+01
   2.3278740e+06   3.8085938e+01
   2.3279010e+06   3.9306641e+01
   2.3279480e+06   4.1320801e+01
   2.3279840e+06   4.1809082e+01
   2.3281500e+06   3.5156250e+01
   2.3281960e+06   7.7087402e+01
   2.3282390e+06   4.6386719e+01
   2.3283710e+06   3.5583496e+01
   2.3284160e+06   3.8818359e+01
   2.3284960e+06   3.5339355e+01
   2.3285860e+06   3.4790039e+01
   2.3286900e+06   7.2265625e+01
   2.3288230e+06   4.0039062e+01
   2.3288990e+06   3.7841797e+01
   2.3289810e+06   3.5766602e+01
   2.3292970e+06   6.3232422e+01
   2.3295180e+06   4.1564941e+01
   2.3295810e+06   7.1838379e+01
   2.3297810e+06   5.3405762e+01
   2.3299440e+06   4.3395996e+01
   2.3300560e+06   6.2011719e+01
   2.3301890e+06   5.1147461e+01
   2.3303130e+06   3.8085938e+01
   2.3305260e+06   5.1574707e+01
   2.3370730e+06   3.5705566e+01
   2.4396590e+06   3.5095215e+01
   2.5231630e+06   3.6804199e+01
   2.6798150e+06   3.5095215e+01
   2.7234340e+06   4.3640137e+01
   2.7536510e+06   3.8879395e+01
   2.7536680e+06   6.7993164e+01
   2.7536910e+06   4.3395996e+01
   2.7537090e+06   3.8757324e+01
   2.7537470e+06   5.7312012e+01
   2.7537730e+06   6.0058594e+01
   2.7537840e+06   5.3100586e+01
   2.7537980e+06   7.3669434e+01
   2.7538090e+06   5.2551270e+01
   2.7538310e+06   3.6132812e+01
   2.7538720e+06   4.0954590e+01
   2.7539090e+06   4.6264648e+01
   2.7539320e+06   3.9855957e+01
   2.7539670e+06   3.9611816e+01
   2.7540690e+06   4.1320801e+01
   2.7540880e+06   3.5278320e+01
   2.7624800e+06   3.6682129e+01
   2.8372990e+06   4.0588379e+01
   2.9091350e+06   3.4851074e+01
   2.9092700e+06   3.4973145e+01
   2.9092980e+06   6.6894531e+01
   2.9093340e+06   3.5827637e+01
   2.9093600e+06   4.2297363e+01
   2.9094370e+06   4.8645020e+01
   2.9094720e+06   4.4799805e+01
   2.9094840e+06   6.3171387e+01
   2.9095040e+06   4.4250488e+01
   2.9095490e+06   5.1757812e+01
   2.9095920e+06   5.0842285e+01
   2.9096720e+06   3.5156250e+01
   2.9097200e+06   4.6142578e+01
   2.9097300e+06   3.8940430e+01
   2.9097580e+06   4.2602539e+01
   2.9099000e+06   3.5034180e+01
   2.9236990e+06   6.9458008e+01
   2.9237300e+06   4.6142578e+01
   2.9237640e+06   5.4199219e+01
   2.9237790e+06   4.8645020e+01
   2.9238040e+06   3.6071777e+01
   2.9238310e+06   4.9926758e+01
   2.9238490e+06   4.5898438e+01
   2.9238950e+06   3.9611816e+01
   2.9239780e+06   3.4973145e+01
   2.9239910e+06   4.7119141e+01
   2.9243640e+06   3.9367676e+01
   2.9245290e+06   4.2419434e+01
   2.9245820e+06   3.6254883e+01
   2.9246290e+06   4.3945312e+01
   2.9247420e+06   3.5827637e+01
   2.9251040e+06   3.5705566e+01
   2.9328980e+06   3.4790039e+01
   2.9330480e+06   3.9367676e+01
   2.9331170e+06   3.7536621e+01
   2.9331460e+06   4.8095703e+01
   2.9331710e+06   4.0832520e+01
   2.9331970e+06   4.0710449e+01
   2.9332110e+06   3.5949707e+01
   2.9332400e+06   4.1259766e+01
   2.9332580e+06   3.8024902e+01
   2.9332910e+06   4.3090820e+01
   2.9333080e+06   3.8940430e+01
   2.9334160e+06   3.6926270e+01
   2.9334500e+06   4.1076660e+01
   2.9334800e+06   3.7048340e+01
   2.9335410e+06   3.7780762e+01
   2.9336370e+06   3.7292480e+01
   2.9337960e+06   3.7658691e+01
   2.9338080e+06   3.6865234e+01
   2.9338500e+06   3.5522461e+01
   2.9340290e+06   3.6437988e+01
   3.0209370e+06   3.5644531e+01
   3.2081560e+06   3.5461426e+01
   3.3222750e+06   3.4912109e+01
   3.3906210e+06   5.1330566e+01
   3.3906450e+06   4.1870117e+01
   3.3906680e+06   4.9133301e+01
   3.3906870e+06   4.3762207e+01
   3.3906990e+06   8.2946777e+01
   3.3907170e+06   6.3659668e+01
   3.3907310e+06   4.4067383e+01
   3.3907700e+06   4.3945312e+01
   3.3908260e+06   3.7170410e+01
   3.3908640e+06   3.6499023e+01
   3.3908770e+06   5.4626465e+01
   3.3908960e+06   4.3334961e+01
   3.3909450e+06   3.8146973e+01
   3.3909990e+06   4.5837402e+01
   3.3910610e+06   3.6010742e+01
   3.3910790e+06   3.6010742e+01
   3.3910900e+06   3.4851074e+01
   3.3911670e+06   5.9143066e+01
   3.3916440e+06   3.6560059e+01
   3.3923630e+06   3.5400391e+01
   3.3986970e+06   3.4912109e+01
   3.3994640e+06   3.7048340e+01
   3.3995150e+06   3.4851074e+01
   3.4017460e+06   3.7841797e+01
   3.4071250e+06   3.8208008e+01
   3.4075060e+06   3.5461426e+01
   3.7132230e+06   3.8208008e+01
   3.7142460e+06   3.6621094e+01
   3.7543000e+06   3.5156250e+01
   3.7546210e+06   3.9062500e+01
   3.8193310e+06   3.5156250e+01
   3.8939420e+06   5.7434082e+01
   3.8939740e+06   5.0415039e+01
   3.8939940e+06   4.6630859e+01
   3.8940140e+06   4.1870117e+01
   3.8940250e+06   4.8217773e+01
   3.8940500e+06   9.7595215e+01
   3.8940800e+06   4.2724609e+01
   3.8941120e+06   6.2316895e+01
   3.8941440e+06   4.2114258e+01
   3.8941640e+06   3.7719727e+01
   3.8941860e+06   4.0649414e+01
   3.8942290e+06   4.3579102e+01
   3.8942600e+06   3.6437988e+01
   3.8943270e+06   4.4982910e+01
   3.8943520e+06   4.3395996e+01
   3.8944240e+06   3.9489746e+01
   3.8944840e+06   3.9672852e+01
   3.8947190e+06   3.7963867e+01
   3.8948820e+06   3.5095215e+01
   3.8950330e+06   3.5949707e+01
   3.9056470e+06   3.7658691e+01
   3.9057420e+06   4.8706055e+01
   3.9057710e+06   3.5217285e+01
   3.9058080e+06   6.8664551e+01
   3.9058390e+06   4.7546387e+01
   3.9058610e+06   4.2480469e+01
   3.9058710e+06   5.4504395e+01
   3.9059270e+06   4.2053223e+01
   3.9059470e+06   8.7219238e+01
   3.9060010e+06   4.1809082e+01
   3.9060220e+06   3.5217285e+01
   3.9060790e+06   4.7668457e+01
   3.9062660e+06   3.4790039e+01
   3.9063130e+06   3.8513184e+01
   3.9063670e+06   4.5104980e+01
   3.9063790e+06   8.0505371e+01
   3.9064010e+06   3.5583496e+01
   3.9064440e+06   3.6071777e+01
   3.9065520e+06   6.6101074e+01
   3.9065810e+06   3.5339355e+01
   3.9067520e+06   7.1105957e+01
   3.9068300e+06   3.8513184e+01
   3.9068520e+06   3.7353516e+01
   3.9069200e+06   4.7851562e+01
   3.9070220e+06   4.2053223e+01
   3.9071170e+06   5.4687500e+01
   3.9071850e+06   4.0527344e+01
   3.9072760e+06   4.9804688e+01
   3.9074560e+06   3.9733887e+01
   3.9076100e+06   3.5888672e+01
   3.9077420e+06   4.0771484e+01
   3.9078600e+06   3.8085938e+01
   3.9078710e+06   5.1818848e+01
   3.9080020e+06   5.6640625e+01
   3.9081490e+06   5.1025391e+01
   3.9082080e+06   3.7048340e+01
   3.9082850e+06   4.3212891e+01
   3.9084530e+06   3.7414551e+01
   3.9085940e+06   5.5786133e+01
   3.9087740e+06   3.9672852e+01
   3.9087920e+06   3.6437988e+01
   3.9167770e+06   3.7292480e+01
   4.1765650e+06   6.0791016e+01
   4.1765950e+06   3.8635254e+01
   4.1766140e+06   6.0607910e+01
   4.1766380e+06   4.8767090e+01
   4.1766540e+06   1.1163330e+02
   4.1766700e+06   3.5583496e+01
   4.1766850e+06   5.0354004e+01
   4.1766960e+06   4.6325684e+01
   4.1767170e+06   3.4729004e+01
   4.1767560e+06   4.4494629e+01
   4.1767740e+06   3.7292480e+01
   4.1768210e+06   3.8513184e+01
   4.1768330e+06   3.5034180e+01
   4.1768580e+06   4.0527344e+01
   4.1768980e+06   3.5827637e+01
   4.1769360e+06   4.2419434e+01
   4.1770340e+06   3.5766602e+01
   4.1770730e+06   3.5095215e+01
   4.1772750e+06   3.5583496e+01
   4.1850060e+06   3.5705566e+01
   4.1854880e+06   5.1208496e+01
   4.1855210e+06   4.2724609e+01
   4.1855680e+06   4.0710449e+01
   4.1855870e+06   3.5400391e+01
   4.1856080e+06   3.5400391e+01
   4.1856410e+06   4.7546387e+01
   4.1856550e+06   3.5522461e+01
   4.1857200e+06   3.7414551e+01
   4.1857400e+06   4.7973633e+01
   4.1857780e+06   4.0100098e+01
   4.1858130e+06   3.7536621e+01
   4.1858290e+06   4.2480469e+01
   4.1858590e+06   3.9672852e+01
   4.1861430e+06   3.7780762e+01
   4.1862220e+06   3.8574219e+01
   4.1862830e+06   3.7597656e+01
   4.1863260e+06   3.5827637e+01
   4.1867330e+06   4.4128418e+01
   4.1868370e+06   3.4973145e+01
   4.1868890e+06   3.4912109e+01
   4.1871400e+06   3.6682129e+01
   4.1872770e+06   3.5705566e+01
   4.1886080e+06   3.8574219e+01
   4.1954930e+06   3.6376953e+01
   4.1955600e+06   4.2419434e+01
   4.1956040e+06   4.3090820e+01
   4.1956150e+06   4.6386719e+01
   4.1956430e+06   6.6711426e+01
   4.1956650e+06   4.2541504e+01
   4.1956920e+06   9.0576172e+01
   4.1957120e+06   4.8828125e+01
   4.1957390e+06   5.4382324e+01
   4.1957530e+06   3.6865234e+01
   4.1957970e+06   3.5827637e+01
   4.1958330e+06   3.6560059e+01
   4.1958760e+06   3.8269043e+01
   4.1960300e+06   3.7414551e+01
   4.1960650e+06   4.0100098e+01
   4.1961520e+06   3.7902832e+01
   4.1961910e+06   4.0954590e+01
   4.1963210e+06   6.5979004e+01
   4.1963790e+06   3.9916992e+01
   4.1964780e+06   3.8452148e+01
   4.1966140e+06   5.4504395e+01
   4.1970860e+06   3.7170410e+01
   4.1972050e+06   4.2907715e+01
   4.2070980e+06   7.4340820e+01
   4.2071120e+06   3.6743164e+01
   4.2071430e+06   4.8034668e+01
   4.2071650e+06   4.7851562e+01
   4.2071810e+06   5.1513672e+01
   4.2072100e+06   1.0034180e+02
   4.2072490e+06   3.6132812e+01
   4.2072830e+06   3.4912109e+01
   4.2073050e+06   4.6508789e+01
   4.2073680e+06   3.5827637e+01
   4.2074430e+06   3.5339355e+01
   4.2074870e+06   3.7780762e+01
   4.2076090e+06   6.7871094e+01
   4.2076450e+06   3.7292480e+01
   4.2077280e+06   3.4790039e+01
   4.2077750e+06   3.6499023e+01
   4.2078250e+06   6.2500000e+01
   4.2078740e+06   4.2175293e+01
   4.2079530e+06   4.1992188e+01
   4.2081750e+06   3.6254883e+01
   4.2493140e+06   3.7841797e+01
   4.2995390e+06   3.5278320e+01
   4.2995500e+06   6.1279297e+01
   4.2995860e+06   5.5603027e+01
   4.2996090e+06   4.7912598e+01
   4.2996190e+06   5.8288574e+01
   4.2996390e+06   9.2468262e+01
   4.2996730e+06   3.6193848e+01
   4.2997380e+06   4.4311523e+01
   4.2997640e+06   3.8146973e+01
   4.2997870e+06   3.6560059e+01
   4.2998280e+06   3.4973145e+01
   4.2998610e+06   3.9001465e+01
   4.2998850e+06   3.5400391e+01
   4.2999830e+06   3.9184570e+01
   4.3000720e+06   3.7475586e+01
   4.3001680e+06   3.5522461e+01
   4.3550820e+06   3.8818359e+01
   4.3551040e+06   6.0119629e+01
   4.3551220e+06   3.8146973e+01
   4.3551370e+06   4.8767090e+01
   4.3551550e+06   4.3701172e+01
   4.3551770e+06   3.9489746e+01
   4.3551940e+06   6.2255859e+01
   4.3552220e+06   5.4504395e+01
   4.3552320e+06   9.2712402e+01
   4.3552650e+06   5.2917480e+01
   4.3552830e+06   3.7902832e+01
   4.3553070e+06   5.7739258e+01
   4.3553510e+06   4.7058105e+01
   4.3555460e+06   3.8269043e+01
   4.4022660e+06   3.9306641e+01
   4.4023100e+06   3.9550781e+01
   4.4023370e+06   6.1096191e+01
   4.4023500e+06   3.7414551e+01
   4.4023890e+06   5.6213379e+01
   4.4024090e+06   4.6813965e+01
   4.4024400e+06   4.2358398e+01
   4.4024590e+06   7.9528809e+01
   4.4024900e+06   4.7180176e+01
   4.4025330e+06   4.1442871e+01
   4.4025880e+06   3.7475586e+01
   4.4026260e+06   3.8391113e+01
   4.4026710e+06   3.4667969e+01
   4.4523500e+06   5.0048828e+01
   4.4523690e+06   5.7373047e+01
   4.4523990e+06   5.2185059e+01
   4.4524210e+06   5.2062988e+01
   4.4524450e+06   4.4921875e+01
   4.4524620e+06   1.0015869e+02
   4.4524900e+06   3.6499023e+01
   4.4525020e+06   4.4799805e+01
   4.4525580e+06   3.5522461e+01
   4.4525880e+06   4.0466309e+01
   4.4526020e+06   3.5156250e+01
   4.4527370e+06   4.2968750e+01
   4.4529000e+06   3.5278320e+01
   4.5078490e+06   3.6132812e+01
   4.6040320e+06   3.7597656e+01
   4.6829870e+06   3.8085938e+01
   4.7426420e+06   3.9611816e+01
   4.7892110e+06   3.5156250e+01
   4.9620490e+06   4.0832520e+01
   4.9622310e+06   4.3579102e+01
   4.9622730e+06   4.1503906e+01
   4.9622850e+06   5.8898926e+01
   4.9623490e+06   7.3913574e+01
   4.9623820e+06   5.7922363e+01
   4.9624120e+06   3.7109375e+01
   4.9624300e+06   4.2053223e+01
   4.9624520e+06   4.3823242e+01
   4.9624770e+06   4.7607422e+01
   4.9624880e+06   4.2663574e+01
   4.9625160e+06   5.0720215e+01
   4.9625810e+06   3.5949707e+01
   4.9626030e+06   4.6813965e+01
   4.9626950e+06   3.9184570e+01
   4.9636810e+06   3.6560059e+01
   4.9654590e+06   3.5827637e+01
   4.9733960e+06   7.7026367e+01
   4.9734410e+06   6.1645508e+01
   4.9734520e+06   3.9978027e+01
   4.9734750e+06   4.4616699e+01
   4.9735260e+06   4.0161133e+01
   4.9735490e+06   8.2214355e+01
   4.9736770e+06   5.0048828e+01
   4.9736940e+06   4.0283203e+01
   4.9737340e+06   3.7353516e+01
   4.9739310e+06   4.0283203e+01
   4.9739730e+06   3.9245605e+01
   4.9739880e+06   4.6386719e+01
   4.9740270e+06   3.8269043e+01
   4.9740860e+06   3.8146973e+01
   4.9741450e+06   8.7768555e+01
   4.9742760e+06   3.6743164e+01
   4.9743580e+06   3.9062500e+01
   4.9744710e+06   6.3293457e+01
   4.9745800e+06   3.4851074e+01
   4.9746850e+06   3.6682129e+01
   4.9747810e+06   5.4565430e+01
   4.9749740e+06   4.1198730e+01
   4.9750310e+06   6.8176270e+01
   4.9751320e+06   3.7109375e+01
   4.9753840e+06   6.2011719e+01
   4.9755780e+06   5.4809570e+01
   4.9831780e+06   3.8879395e+01
   5.1891660e+06   3.5278320e+01
   5.3947550e+06   3.4729004e+01
   5.3947650e+06   6.0913086e+01
   5.3948080e+06   4.4433594e+01
   5.3948300e+06   5.9570313e+01
   5.3948510e+06   9.0820312e+01
   5.3948780e+06   4.8034668e+01
   5.3948950e+06   5.3833008e+01
   5.3949110e+06   4.2358398e+01
   5.3949420e+06   4.8828125e+01
   5.3949660e+06   4.7607422e+01
   5.3949860e+06   4.8583984e+01
   5.3950790e+06   3.8574219e+01
   5.3951000e+06   6.2377930e+01
   5.3951560e+06   3.6193848e+01
   5.3951730e+06   4.7485352e+01
   5.3956470e+06   4.0161133e+01
   5.4029970e+06   3.5034180e+01
   5.4031210e+06   3.4912109e+01
   5.4032690e+06   4.1503906e+01
   5.4159310e+06   3.4851074e+01
   5.4896500e+06   3.4667969e+01
   5.5305420e+06   3.5522461e+01
   5.6043740e+06   3.4912109e+01
   5.6748390e+06   3.5583496e+01
   5.7556670e+06   3.9062500e+01
   5.9088410e+06   4.8156738e+01
   5.9088650e+06   3.9978027e+01
   5.9088970e+06   3.6865234e+01
   5.9089100e+06   7.8063965e+01
   5.9089250e+06   5.4016113e+01
   5.9089480e+06   3.8085938e+01
   5.9089790e+06   9.7290039e+01
   5.9089960e+06   4.8828125e+01
   5.9090150e+06   3.6804199e+01
   5.9090440e+06   4.7180176e+01
   5.9090560e+06   4.7241211e+01
   5.9090770e+06   3.7658691e+01
   5.9091110e+06   3.7902832e+01
   5.9091610e+06   4.4738770e+01
   5.9092050e+06   4.4006348e+01
   5.9092780e+06   3.4912109e+01
   5.9093170e+06   4.6691895e+01
   5.9094650e+06   3.6621094e+01
   5.9095120e+06   4.7668457e+01
   5.9096910e+06   5.4992676e+01
   5.9202600e+06   3.6926270e+01
   5.9202930e+06   3.9428711e+01
   5.9203280e+06   4.6813965e+01
   5.9203490e+06   5.1818848e+01
   5.9203750e+06   4.9194336e+01
   5.9203940e+06   3.7780762e+01
   5.9204220e+06   4.1687012e+01
   5.9204530e+06   8.1054688e+01
   5.9204820e+06   3.7902832e+01
   5.9205420e+06   3.5339355e+01
   5.9205750e+06   3.7170410e+01
   5.9206000e+06   4.7668457e+01
   5.9206510e+06   3.7231445e+01
   5.9206820e+06   3.4973145e+01
   5.9207240e+06   4.3334961e+01
   5.9207680e+06   8.3923340e+01
   5.9207810e+06   3.6010742e+01
   5.9208040e+06   3.9245605e+01
   5.9208270e+06   3.9978027e+01
   5.9209100e+06   4.0893555e+01
   5.9209310e+06   6.3537598e+01
   5.9209970e+06   4.0344238e+01
   5.9210270e+06   4.6691895e+01
   5.9210880e+06   6.0180664e+01
   5.9211610e+06   3.4912109e+01
   5.9212520e+06   5.2246094e+01
   5.9214090e+06   5.7922363e+01
   5.9216270e+06   6.7932129e+01
   5.9216560e+06   3.7414551e+01
   5.9217240e+06   4.0771484e+01
   5.9217640e+06   3.5888672e+01
   5.9218970e+06   7.1594238e+01
   5.9220400e+06   4.3701172e+01
   5.9221730e+06   5.3405762e+01
   5.9223120e+06   4.9194336e+01
   5.9224190e+06   4.7058105e+01
   5.9227200e+06   5.5053711e+01
   5.9229330e+06   5.7861328e+01
   5.9236410e+06   3.4729004e+01
   5.9299580e+06   3.7658691e+01
   5.9299830e+06   5.4138184e+01
   5.9300010e+06   3.6499023e+01
   5.9300480e+06   5.3710938e+01
   5.9300810e+06   3.9978027e+01
   5.9300950e+06   3.7292480e+01
   5.9301220e+06   4.1320801e+01
   5.9301540e+06   3.9001465e+01
   5.9301830e+06   3.6193848e+01
   5.9301950e+06   6.8603516e+01
   5.9302530e+06   4.9438477e+01
   5.9302870e+06   7.5134277e+01
   5.9303110e+06   3.8635254e+01
   5.9303250e+06   3.6437988e+01
   5.9303700e+06   3.8024902e+01
   5.9304170e+06   3.8818359e+01
   5.9304500e+06   3.6926270e+01
   5.9305170e+06   4.0832520e+01
   5.9305290e+06   7.8796387e+01
   5.9305890e+06   3.9184570e+01
   5.9306330e+06   5.7067871e+01
   5.9306470e+06   3.9428711e+01
   5.9306900e+06   4.2480469e+01
   5.9308140e+06   6.1706543e+01
   5.9308410e+06   3.7841797e+01
   5.9309120e+06   3.4667969e+01
   5.9310210e+06   4.5288086e+01
   5.9310680e+06   5.3588867e+01
   5.9312840e+06   5.2490234e+01
   5.9313050e+06   3.5400391e+01
   5.9313940e+06   3.4851074e+01
   5.9315610e+06   5.4077148e+01
   5.9391310e+06   3.5339355e+01
   5.9397300e+06   5.1757812e+01
   5.9398030e+06   3.5339355e+01
   5.9398150e+06   3.9794922e+01
   5.9398650e+06   3.9855957e+01
   5.9398840e+06   4.6203613e+01
   5.9399030e+06   4.2541504e+01
   5.9399210e+06   9.8266602e+01
   5.9399930e+06   3.9855957e+01
   5.9400230e+06   3.8696289e+01
   5.9400500e+06   3.6193848e+01
   5.9400650e+06   3.5339355e+01
   5.9401150e+06   3.6499023e+01
   5.9402200e+06   3.8330078e+01
   5.9403490e+06   7.9101562e+01
   5.9404010e+06   3.8269043e+01
   5.9404540e+06   5.8532715e+01
   5.9406850e+06   3.8024902e+01
   6.2002280e+06   3.9306641e+01
   6.2002400e+06   3.5522461e+01
   6.2002690e+06   3.8818359e+01
   6.2002960e+06   3.6010742e+01
   6.2003090e+06   4.2175293e+01
   6.2003280e+06   3.4973145e+01
   6.2003430e+06   4.5654297e+01
   6.2003550e+06   4.8583984e+01
   6.2003920e+06   4.1442871e+01
   6.2004190e+06   7.8735352e+01
   6.2004350e+06   3.7353516e+01
   6.2004630e+06   3.7719727e+01
   6.2005440e+06   3.9672852e+01
   6.2005720e+06   3.5644531e+01
   6.2006340e+06   4.2480469e+01
   6.2006720e+06   3.5339355e+01
   6.2137280e+06   3.7048340e+01
   6.2137460e+06   5.3649902e+01
   6.2137680e+06   4.8278809e+01
   6.2137870e+06   5.4016113e+01
   6.2137970e+06   3.6865234e+01
   6.2138290e+06   4.0527344e+01
   6.2138580e+06   5.3161621e+01
   6.2138870e+06   5.7678223e+01
   6.2139150e+06   3.8574219e+01
   6.2139370e+06   3.6804199e+01
   6.2139580e+06   4.1992188e+01
   6.2139760e+06   3.8391113e+01
   6.2140170e+06   3.8085938e+01
   6.2140290e+06   6.6406250e+01
   6.2140770e+06   3.4729004e+01
   6.2141340e+06   4.2846680e+01
   6.2141600e+06   3.8452148e+01
   6.2141790e+06   3.9306641e+01
   6.2142240e+06   4.1564941e+01
   6.2142550e+06   3.4362793e+01
   6.2143280e+06   3.6560059e+01
   6.2145050e+06   8.1115723e+01
   6.2145410e+06   3.5583496e+01
   6.2146500e+06   3.7353516e+01
   6.2148370e+06   3.5644531e+01
   6.2149180e+06   6.0241699e+01
   6.2149430e+06   3.8452148e+01
   6.2150240e+06   3.9672852e+01
   6.2243400e+06   5.0781250e+01
   6.2243670e+06   3.9489746e+01
   6.2243790e+06   3.8574219e+01
   6.2244200e+06   4.8706055e+01
   6.2244580e+06   4.0344238e+01
   6.2244820e+06   9.8815918e+01
   6.2244920e+06   3.4790039e+01
   6.2245170e+06   3.5888672e+01
   6.2245330e+06   5.4260254e+01
   6.2245480e+06   3.7597656e+01
   6.2245830e+06   3.6926270e+01
   6.2246040e+06   3.5339355e+01
   6.2246360e+06   4.2724609e+01
   6.2246580e+06   3.6560059e+01
   6.2246980e+06   4.1137695e+01
   6.2247190e+06   3.5095215e+01
   6.2248260e+06   3.5156250e+01
   6.2249350e+06   4.3212891e+01
   6.2250240e+06   7.3913574e+01
   6.2250920e+06   3.7719727e+01
   6.2251760e+06   3.4362793e+01
   6.2252870e+06   4.2785645e+01
   6.2253300e+06   3.4790039e+01
   6.2254100e+06   7.4829102e+01
   6.2254810e+06   3.7780762e+01
   6.3087350e+06   3.5644531e+01
   6.3094450e+06   3.7902832e+01
   6.3094650e+06   6.4392090e+01
   6.3094870e+06   3.7597656e+01
   6.3095360e+06   3.6010742e+01
   6.3095620e+06   6.6040039e+01
   6.3095740e+06   4.8339844e+01
   6.3095900e+06   4.9316406e+01
   6.3096150e+06   4.6936035e+01
   6.3096510e+06   5.3283691e+01
   6.3097170e+06   3.4545898e+01
   6.3097300e+06   5.0842285e+01
   6.3097430e+06   3.4423828e+01
   6.3097840e+06   3.6315918e+01
   6.3097980e+06   4.6508789e+01
   6.3099200e+06   3.6926270e+01
   6.3100100e+06   4.7424316e+01
   6.3570110e+06   3.7597656e+01
   6.3573360e+06   5.3161621e+01
   6.3573470e+06   3.7658691e+01
   6.3573620e+06   5.5664062e+01
   6.3574060e+06   4.3212891e+01
   6.3574500e+06   8.2641602e+01
   6.3574760e+06   3.5461426e+01
   6.3575130e+06   3.5400391e+01
   6.3575610e+06   3.8879395e+01
   6.3576080e+06   3.5400391e+01
   6.3576310e+06   3.6682129e+01
   6.3576530e+06   3.4484863e+01
   6.3577000e+06   3.4606934e+01
   6.3577540e+06   3.8696289e+01
   6.3578100e+06   3.5705566e+01
   6.3579220e+06   4.3640137e+01
   6.3580730e+06   3.5766602e+01
   6.4081390e+06   3.7353516e+01
   6.4081860e+06   8.6547852e+01
   6.4082120e+06   3.5217285e+01
   6.4082440e+06   4.5043945e+01
   6.4082700e+06   4.2236328e+01
   6.4083020e+06   7.6110840e+01
   6.4083130e+06   3.9489746e+01
   6.4083360e+06   4.0527344e+01
   6.4083580e+06   4.9804688e+01
   6.4083850e+06   4.1870117e+01
   6.4084020e+06   3.6315918e+01
   6.4084640e+06   3.6193848e+01
   6.4084870e+06   3.5522461e+01
   6.4085410e+06   3.5034180e+01
   6.4086000e+06   3.5217285e+01
   6.4086450e+06   3.6254883e+01
   6.4087210e+06   3.5949707e+01
   6.4687410e+06   5.6152344e+01
   6.4687650e+06   4.3090820e+01
   6.4687820e+06   3.6071777e+01
   6.4688110e+06   3.7170410e+01
   6.4688210e+06   3.6682129e+01
   6.4688430e+06   4.5166016e+01
   6.4688820e+06   3.6132812e+01
   6.4689130e+06   4.8339844e+01
   6.4689510e+06   5.1147461e+01
   6.4690080e+06   4.2724609e+01
   6.4690370e+06   4.1381836e+01
   6.4690910e+06   4.9316406e+01
   6.4691590e+06   3.5095215e+01
   6.4692220e+06   3.9123535e+01
   6.4692500e+06   3.4606934e+01
   6.4716340e+06   3.4362793e+01
   6.4724390e+06   3.5766602e+01
   6.9863230e+06   3.6254883e+01
   6.9863380e+06   5.3100586e+01
   6.9863620e+06   4.1137695e+01
   6.9863760e+06   3.6560059e+01
   6.9863950e+06   4.7058105e+01
   6.9864130e+06   6.9885254e+01
   6.9864290e+06   4.0222168e+01
   6.9864660e+06   5.1208496e+01
   6.9864910e+06   6.3049316e+01
   6.9865110e+06   3.7170410e+01
   6.9865500e+06   3.4362793e+01
   6.9865710e+06   3.4729004e+01
   6.9865830e+06   3.6560059e+01
   6.9866340e+06   4.2419434e+01
   6.9866690e+06   3.7597656e+01
   6.9866820e+06   4.3457031e+01
   6.9867010e+06   3.7597656e+01
   6.9868060e+06   3.5278320e+01
   6.9868170e+06   4.1564941e+01
   6.9868690e+06   4.2236328e+01
   6.9869070e+06   3.4362793e+01
   6.9906130e+06   3.5461426e+01
   6.9952030e+06   3.5034180e+01
   7.0086660e+06   3.4912109e+01
   7.0439820e+06   3.5888672e+01
   7.1418970e+06   3.4790039e+01
   7.2449400e+06   4.1687012e+01
   7.3943980e+06   4.0710449e+01
   7.3945440e+06   5.1574707e+01
   7.3945660e+06   4.5532227e+01
   7.3946000e+06   5.4260254e+01
   7.3946230e+06   4.0771484e+01
   7.3946440e+06   4.3518066e+01
   7.3946550e+06   5.3405762e+01
   7.3946750e+06   9.1857910e+01
   7.3946980e+06   4.9865723e+01
   7.3947980e+06   4.0222168e+01
   7.3948090e+06   3.4240723e+01
   7.3948360e+06   3.7719727e+01
   7.3948630e+06   3.4729004e+01
   7.3949000e+06   3.7902832e+01
   7.3949640e+06   3.7597656e+01
   7.3950010e+06   4.2846680e+01
   7.3950380e+06   3.5095215e+01
   7.3950940e+06   3.5705566e+01
   7.3951140e+06   3.9001465e+01
   7.3961030e+06   4.0039062e+01
   7.3962530e+06   3.7170410e+01
   7.3965020e+06   3.5583496e+01
   7.3972090e+06   3.8696289e+01
   7.4069270e+06   4.7973633e+01
   7.4069740e+06   4.9255371e+01
   7.4069930e+06   4.7119141e+01
   7.4070270e+06   4.2419434e+01
   7.4070580e+06   3.4484863e+01
   7.4070710e+06   9.5275879e+01
   7.4070950e+06   3.8452148e+01
   7.4071320e+06   3.6071777e+01
   7.4072200e+06   4.2175293e+01
   7.4072330e+06   3.7719727e+01
   7.4072680e+06   3.4912109e+01
   7.4073090e+06   3.9428711e+01
   7.4073220e+06   8.1298828e+01
   7.4073460e+06   3.7292480e+01
   7.4074050e+06   4.0161133e+01
   7.4074360e+06   3.4240723e+01
   7.4074690e+06   3.9367676e+01
   7.4077600e+06   5.2368164e+01
   7.4079600e+06   5.4565430e+01
   7.4081640e+06   4.0893555e+01
   7.4081960e+06   5.8959961e+01
   7.4084010e+06   5.8349609e+01
   7.4084750e+06   4.4738770e+01
   7.4086060e+06   4.9926758e+01
   7.4086800e+06   3.8818359e+01
   7.4087310e+06   6.7321777e+01
   7.4088650e+06   5.9387207e+01
   7.4089830e+06   4.3334961e+01
   7.4091830e+06   3.5034180e+01
   7.4092100e+06   3.4362793e+01
   7.4096320e+06   4.7180176e+01
   7.4173480e+06   4.1870117e+01
   7.4174230e+06   4.1259766e+01
   7.4175000e+06   3.9001465e+01
   7.4175490e+06   3.9001465e+01
   7.4175670e+06   5.3222656e+01
   7.4175890e+06   3.6926270e+01
   7.4176310e+06   3.6743164e+01
   7.4176540e+06   6.4392090e+01
   7.4176740e+06   4.0771484e+01
   7.4176920e+06   3.5522461e+01
   7.4177250e+06   4.3823242e+01
   7.4177500e+06   4.3090820e+01
   7.4178030e+06   3.8513184e+01
   7.4179900e+06   5.1269531e+01
   7.4180530e+06   4.4860840e+01
   7.4180980e+06   3.4790039e+01
   7.4182340e+06   6.2561035e+01
   7.4182620e+06   3.7231445e+01
   7.4183020e+06   3.5339355e+01
   7.4183130e+06   8.7585449e+01
   7.4184090e+06   3.5949707e+01
   7.4187300e+06   3.7902832e+01
   7.4192080e+06   3.8330078e+01
   7.4282240e+06   3.4851074e+01
   7.4284990e+06   3.5339355e+01
   7.4285690e+06   3.5400391e+01
   7.4286170e+06   4.4311523e+01
   7.4286290e+06   4.0283203e+01
   7.4286640e+06   4.0588379e+01
   7.4286850e+06   4.5410156e+01
   7.4287230e+06   9.0270996e+01
   7.4287450e+06   4.1625977e+01
   7.4288010e+06   7.0007324e+01
   7.4288130e+06   3.5644531e+01
   7.4288560e+06   4.4738770e+01
   7.4288680e+06   4.3640137e+01
   7.4289050e+06   3.4606934e+01
   7.4289620e+06   3.6499023e+01
   7.4289770e+06   3.4484863e+01
   7.4290420e+06   3.4851074e+01
   7.4291460e+06   3.5827637e+01
   7.4291570e+06   4.0100098e+01
   7.4292070e+06   3.7536621e+01
   7.4293860e+06   6.3720703e+01
   7.4295330e+06   3.8024902e+01
   7.4295980e+06   3.6743164e+01
   7.4298110e+06   3.4729004e+01
   7.4298480e+06   3.7109375e+01
   7.5257330e+06   5.4382324e+01
   7.5257430e+06   3.7231445e+01
   7.5257630e+06   4.3518066e+01
   7.5257960e+06   6.2805176e+01
   7.5258260e+06   4.3334961e+01
   7.5258390e+06   8.4777832e+01
   7.5258620e+06   4.7424316e+01
   7.5258770e+06   3.5400391e+01
   7.5259020e+06   3.5156250e+01
   7.5259310e+06   3.4423828e+01
   7.5259680e+06   4.3518066e+01
   7.5259860e+06   4.0527344e+01
   7.5259970e+06   3.5888672e+01
   7.5260100e+06   3.6926270e+01
   7.5260320e+06   3.9550781e+01
   7.5260710e+06   3.6743164e+01
   7.5261740e+06   3.6071777e+01
   7.5270570e+06   3.4362793e+01
   7.5796230e+06   4.5104980e+01
   7.5796680e+06   4.0588379e+01
   7.5796920e+06   3.4729004e+01
   7.5797030e+06   3.9245605e+01
   7.5797360e+06   7.2143555e+01
   7.5797470e+06   5.1452637e+01
   7.5797670e+06   4.1320801e+01
   7.5797910e+06   4.5227051e+01
   7.5798080e+06   3.9855957e+01
   7.5799230e+06   4.0161133e+01
   7.5799410e+06   3.6621094e+01
   7.5799740e+06   4.9987793e+01
   7.5800600e+06   3.6315918e+01
   7.5801200e+06   4.0649414e+01
   7.5801300e+06   4.3823242e+01
   7.6332690e+06   3.5156250e+01
   7.6332890e+06   5.4992676e+01
   7.6333100e+06   3.7170410e+01
   7.6333300e+06   4.8950195e+01
   7.6333430e+06   3.7170410e+01
   7.6333630e+06   5.1818848e+01
   7.6333930e+06   3.4301758e+01
   7.6334490e+06   4.2785645e+01
   7.6334800e+06   8.5510254e+01
   7.6336250e+06   3.6804199e+01
   7.6336500e+06   5.5969238e+01
   7.6338580e+06   3.8269043e+01
   7.6342670e+06   3.8452148e+01
   7.6549300e+06   6.9824219e+01
   7.6549510e+06   3.8024902e+01
   7.6549680e+06   4.3334961e+01
   7.6549980e+06   4.3640137e+01
   7.6550100e+06   3.8879395e+01
   7.6550260e+06   3.7414551e+01
   7.6550660e+06   7.4645996e+01
   7.6550770e+06   3.9367676e+01
   7.6551450e+06   3.6193848e+01
   7.6551640e+06   4.0710449e+01
   7.6552240e+06   4.3701172e+01
   7.6552410e+06   3.5461426e+01
   7.6552900e+06   5.3527832e+01
   7.6553740e+06   4.4494629e+01
   7.7142820e+06   3.8879395e+01
   7.7143320e+06   6.3537598e+01
   7.7143660e+06   4.0405273e+01
   7.7143780e+06   3.8574219e+01
   7.7144140e+06   4.7119141e+01
   7.7144380e+06   4.6020508e+01
   7.7144660e+06   4.5471191e+01
   7.7145000e+06   3.4790039e+01
   7.7145180e+06   4.6508789e+01
   7.7145600e+06   4.1503906e+01
   7.7145860e+06   4.3640137e+01
   7.7146130e+06   5.0292969e+01
   7.7146920e+06   3.9245605e+01
   7.7147090e+06   3.5278320e+01
   7.7147690e+06   3.5461426e+01
   7.7161520e+06   3.5766602e+01
   7.7695200e+06   3.7780762e+01
   7.7695400e+06   3.8391113e+01
   7.7695580e+06   6.0974121e+01
   7.7695820e+06   4.7851562e+01
   7.7696110e+06   4.5593262e+01
   7.7696390e+06   5.5603027e+01
   7.7696710e+06   6.2744141e+01
   7.7696860e+06   5.1696777e+01
   7.7697250e+06   4.0100098e+01
   7.7697360e+06   4.6081543e+01
   7.7697570e+06   4.5593262e+01
   7.7697970e+06   3.6071777e+01
   7.7698670e+06   4.1381836e+01
   7.7699300e+06   4.6081543e+01
   7.7700730e+06   3.5278320e+01
   7.7701140e+06   3.6254883e+01
   7.8287030e+06   3.4729004e+01
   7.8296100e+06   7.1960449e+01
   7.8296240e+06   4.2419434e+01
   7.8296430e+06   4.1381836e+01
   7.8296700e+06   4.0710449e+01
   7.8296830e+06   4.1076660e+01
   7.8296950e+06   3.9001465e+01
   7.8297530e+06   3.9916992e+01
   7.8298000e+06   3.7719727e+01
   7.8298210e+06   3.9550781e+01
   7.8298540e+06   4.2419434e+01
   7.8298760e+06   8.5510254e+01
   7.8299130e+06   3.9184570e+01
   7.8301380e+06   3.4912109e+01
   7.8303460e+06   3.4912109e+01
   7.8306460e+06   3.4362793e+01
   7.8315960e+06   3.4667969e+01
   7.8650870e+06   5.3405762e+01
   7.8651140e+06   3.4851074e+01
   7.8651260e+06   4.3701172e+01
   7.8651530e+06   3.9001465e+01
   7.8651840e+06   4.1931152e+01
   7.8652020e+06   4.6691895e+01
   7.8652160e+06   3.4729004e+01
   7.8652420e+06   4.9987793e+01
   7.8652610e+06   4.1259766e+01
   7.8652740e+06   4.6142578e+01
   7.8652850e+06   3.9062500e+01
   7.8653510e+06   3.5034180e+01
   7.8653740e+06   4.0344238e+01
   7.8653960e+06   3.5278320e+01
   7.8654220e+06   3.8574219e+01
   7.8654610e+06   4.5532227e+01
   7.8654850e+06   3.6254883e+01
   7.8656130e+06   3.6315918e+01
   7.8656710e+06   3.5095215e+01
   7.8657180e+06   3.4484863e+01
   7.8659770e+06   3.4240723e+01
   7.9164510e+06   3.5644531e+01
   7.9172330e+06   3.4606934e+01
   7.9172630e+06   4.0161133e+01
   7.9172780e+06   4.4921875e+01
   7.9172950e+06   3.5461426e+01
   7.9173150e+06   3.5217285e+01
   7.9173270e+06   4.2297363e+01
   7.9173970e+06   5.7678223e+01
   7.9174320e+06   4.1625977e+01
   7.9174520e+06   3.4912109e+01
   7.9175130e+06   4.2968750e+01
   7.9175330e+06   4.3273926e+01
   7.9175510e+06   4.0283203e+01
   7.9176200e+06   3.8940430e+01
   7.9176610e+06   3.5766602e+01
   7.9176860e+06   3.7841797e+01
   7.9178070e+06   3.7109375e+01
   7.9181610e+06   3.4545898e+01
   7.9470730e+06   3.6743164e+01
   7.9803470e+06   7.2937012e+01
   7.9803680e+06   3.5156250e+01
   7.9803890e+06   4.9743652e+01
   7.9804190e+06   4.3273926e+01
   7.9804430e+06   5.3649902e+01
   7.9804530e+06   7.7087402e+01
   7.9804860e+06   5.7373047e+01
   7.9805080e+06   3.8574219e+01
   7.9805290e+06   3.8208008e+01
   7.9805570e+06   4.0100098e+01
   7.9805830e+06   4.2663574e+01
   7.9806800e+06   4.7180176e+01
   7.9809330e+06   4.3090820e+01
   8.0351630e+06   3.6926270e+01
   8.0353030e+06   4.9133301e+01
   8.0353260e+06   4.4860840e+01
   8.0353530e+06   5.2246094e+01
   8.0353810e+06   4.2236328e+01
   8.0354050e+06   4.5104980e+01
   8.0354380e+06   4.4067383e+01
   8.0354510e+06   3.8269043e+01
   8.0354820e+06   3.8085938e+01
   8.0354970e+06   3.9367676e+01
   8.0355250e+06   3.6987305e+01
   8.0355700e+06   3.4606934e+01
   8.0356330e+06   4.2053223e+01
   8.0356640e+06   3.7109375e+01
   8.0356910e+06   3.9001465e+01
   8.0921150e+06   4.4921875e+01
   8.0921260e+06   3.5339355e+01
   8.0921560e+06   4.3884277e+01
   8.0921760e+06   4.4250488e+01
   8.0921870e+06   3.7658691e+01
   8.0922000e+06   3.9184570e+01
   8.0922280e+06   3.7170410e+01
   8.0922530e+06   4.3151855e+01
   8.0922710e+06   3.5644531e+01
   8.0922970e+06   4.0283203e+01
   8.0923120e+06   8.3618164e+01
   8.0923620e+06   4.3029785e+01
   8.0923870e+06   4.1198730e+01
   8.0924120e+06   5.2978516e+01
   8.0924450e+06   3.9978027e+01
   8.0924720e+06   5.5664062e+01
   8.0924960e+06   6.2194824e+01
   8.0926070e+06   4.0344238e+01
   8.0926610e+06   3.7658691e+01
   8.1051980e+06   3.4240723e+01
   8.1412830e+06   3.4484863e+01
   8.2202940e+06   3.4606934e+01
   8.4800840e+06   3.4851074e+01
   8.5184240e+06   3.9306641e+01
   8.6964560e+06   3.9062500e+01
   8.7643180e+06   3.4790039e+01
   8.8994690e+06   3.5095215e+01
   8.9388380e+06   3.5217285e+01
   8.9944810e+06   3.6987305e+01
   8.9945210e+06   3.8024902e+01
   8.9945730e+06   3.4423828e+01
   8.9945850e+06   5.6823730e+01
   8.9946040e+06   5.4626465e+01
   8.9946360e+06   3.7963867e+01
   8.9946650e+06   6.8847656e+01
   8.9946860e+06   6.1035156e+01
   8.9947120e+06   4.2419434e+01
   8.9947230e+06   5.0231934e+01
   8.9947410e+06   4.1748047e+01
   8.9947540e+06   5.1330566e+01
   8.9947760e+06   3.5888672e+01
   8.9947920e+06   4.6203613e+01
   8.9948180e+06   3.4973145e+01
   8.9950170e+06   4.0222168e+01
   8.9950600e+06   3.8574219e+01
   8.9950930e+06   3.7841797e+01
   8.9951680e+06   4.7058105e+01
   8.9953030e+06   3.6315918e+01
   8.9988070e+06   3.5827637e+01
   9.0056520e+06   3.6682129e+01
   9.0060450e+06   3.5766602e+01
   9.0064540e+06   3.7231445e+01
   9.0141240e+06   3.7109375e+01
   9.2072540e+06   4.2907715e+01
   9.2963130e+06   3.8146973e+01
   9.4949500e+06   3.7292480e+01
   9.5137830e+06   6.0913086e+01
   9.5137990e+06   4.3579102e+01
   9.5138330e+06   6.3903809e+01
   9.5138550e+06   3.9978027e+01
   9.5138760e+06   4.0710449e+01
   9.5138950e+06   7.8491211e+01
   9.5139190e+06   4.2541504e+01
   9.5139460e+06   4.8034668e+01
   9.5139730e+06   4.7302246e+01
   9.5139910e+06   4.7363281e+01
   9.5140070e+06   7.8002930e+01
   9.5140330e+06   5.0231934e+01
   9.5140540e+06   3.7231445e+01
   9.5140960e+06   4.2724609e+01
   9.5141720e+06   3.6804199e+01
   9.5142010e+06   4.9072266e+01
   9.5142420e+06   3.6865234e+01
   9.5142920e+06   4.1625977e+01
   9.5143310e+06   3.8024902e+01
   9.5144080e+06   4.1931152e+01
   9.5145350e+06   4.0527344e+01
   9.5146470e+06   3.8818359e+01
   9.5146940e+06   4.6936035e+01
   9.5165720e+06   3.7475586e+01
   9.5246380e+06   3.6621094e+01
   9.5247050e+06   3.5766602e+01
   9.5249560e+06   4.1870117e+01
   9.5250720e+06   3.9245605e+01
   9.5251360e+06   6.0974121e+01
   9.5251920e+06   4.0588379e+01
   9.5252170e+06   4.1442871e+01
   9.5252330e+06   4.1687012e+01
   9.5252640e+06   4.9499512e+01
   9.5253040e+06   3.6682129e+01
   9.5253460e+06   5.0292969e+01
   9.5254100e+06   4.7424316e+01
   9.5254250e+06   4.3029785e+01
   9.5254360e+06   4.2114258e+01
   9.5254710e+06   5.2795410e+01
   9.5255010e+06   7.6232910e+01
   9.5256720e+06   3.5217285e+01
   9.5256840e+06   3.6987305e+01
   9.5256990e+06   6.0302734e+01
   9.5258640e+06   3.5705566e+01
   9.5259410e+06   7.4340820e+01
   9.5260760e+06   6.7382812e+01
   9.5261080e+06   3.8208008e+01
   9.5261710e+06   5.3955078e+01
   9.5263320e+06   7.2875977e+01
   9.5263690e+06   3.5583496e+01
   9.5264540e+06   6.0363770e+01
   9.5264780e+06   3.7780762e+01
   9.5265720e+06   5.4809570e+01
   9.5267190e+06   3.9855957e+01
   9.5271200e+06   5.4809570e+01
   9.5277950e+06   3.5583496e+01
   9.5375000e+06   3.8696289e+01
   9.5379270e+06   4.2175293e+01
   9.5379520e+06   6.2377930e+01
   9.5379940e+06   4.5166016e+01
   9.5380250e+06   3.6193848e+01
   9.5380440e+06   4.2968750e+01
   9.5380750e+06   4.1870117e+01
   9.5381030e+06   9.5214844e+01
   9.5381490e+06   3.7963867e+01
   9.5381960e+06   4.7973633e+01
   9.5382840e+06   4.0161133e+01
   9.5383330e+06   3.5400391e+01
   9.5384300e+06   6.8664551e+01
   9.5384440e+06   4.1625977e+01
   9.5385380e+06   6.6406250e+01
   9.5385880e+06   4.0710449e+01
   9.5387050e+06   5.2490234e+01
   9.5387220e+06   3.5644531e+01
   9.5387990e+06   3.5949707e+01
   9.5388720e+06   3.8635254e+01
   9.5390430e+06   3.5888672e+01
   9.5391600e+06   3.6376953e+01
   9.5392250e+06   6.9702148e+01
   9.5400120e+06   4.0039062e+01
   9.5400720e+06   3.5766602e+01
   9.6341230e+06   4.1931152e+01
   9.6341460e+06   5.2062988e+01
   9.6341720e+06   3.7170410e+01
   9.6342300e+06   3.7597656e+01
   9.6342400e+06   4.4189453e+01
   9.6343010e+06   4.5166016e+01
   9.6343460e+06   5.0964355e+01
   9.6343560e+06   4.4921875e+01
   9.6343700e+06   3.9733887e+01
   9.6344160e+06   3.9489746e+01
   9.6344370e+06   6.5856934e+01
   9.6344640e+06   4.4372559e+01
   9.6345040e+06   3.9794922e+01
   9.6345820e+06   3.7902832e+01
   9.6346500e+06   3.6437988e+01
   9.6346770e+06   3.9062500e+01
   9.6347020e+06   3.5949707e+01
   9.6348610e+06   4.5410156e+01
   9.6351100e+06   4.8034668e+01
   9.6353200e+06   3.7292480e+01
   9.6387630e+06   4.0222168e+01
   9.6911270e+06   7.1960449e+01
   9.6911420e+06   3.5644531e+01
   9.6911640e+06   3.6926270e+01
   9.6911790e+06   5.2734375e+01
   9.6912000e+06   3.5888672e+01
   9.6912260e+06   8.6975098e+01
   9.6912400e+06   4.0649414e+01
   9.6912670e+06   3.8940430e+01
   9.6913260e+06   5.6518555e+01
   9.6913530e+06   3.6499023e+01
   9.6913910e+06   4.4372559e+01
   9.6914760e+06   3.7658691e+01
   9.6915410e+06   4.2968750e+01
   9.6915640e+06   4.2114258e+01
   9.6916080e+06   3.7292480e+01
   9.6916850e+06   6.3903809e+01
   9.6917300e+06   4.3945312e+01
   9.6919140e+06   3.8269043e+01
   9.6919400e+06   5.6335449e+01
   9.6920800e+06   3.8452148e+01
   9.7508150e+06   3.7597656e+01
   9.7508710e+06   5.7617188e+01
   9.7508960e+06   4.0527344e+01
   9.7509110e+06   6.1157227e+01
   9.7509280e+06   3.6499023e+01
   9.7509620e+06   9.7351074e+01
   9.7509950e+06   3.7841797e+01
   9.7510150e+06   4.9011230e+01
   9.7510600e+06   4.0649414e+01
   9.7510750e+06   4.0832520e+01
   9.7511350e+06   5.8959961e+01
   9.7511560e+06   3.8208008e+01
   9.7511990e+06   3.7414551e+01
   9.7512410e+06   3.8452148e+01
   9.7512670e+06   6.9091797e+01
   9.7512890e+06   3.7048340e+01
   9.7513320e+06   3.6254883e+01
   9.7514400e+06   3.6193848e+01
   9.7514720e+06   3.8696289e+01
   9.8264210e+06   5.6579590e+01
   9.8264420e+06   7.5073242e+01
   9.8264890e+06   3.5400391e+01
   9.8265100e+06   4.1870117e+01
   9.8265340e+06   3.8757324e+01
   9.8265530e+06   7.7026367e+01
   9.8265890e+06   4.3640137e+01
   9.8265990e+06   3.6743164e+01
   9.8266220e+06   3.8269043e+01
   9.8266430e+06   3.8818359e+01
   9.8267160e+06   3.7109375e+01
   9.8267290e+06   4.8645020e+01
   9.8267900e+06   3.8940430e+01
   9.8268420e+06   3.8513184e+01
   9.8268650e+06   5.4504395e+01
   9.8268920e+06   4.7729492e+01
   9.8313330e+06   3.5339355e+01
   1.0684029e+07   5.1025391e+01
   1.0684044e+07   5.3161621e+01
   1.0684057e+07   4.6508789e+01
   1.0684090e+07   1.0253906e+02
   1.0684142e+07   3.8757324e+01
   1.0684167e+07   4.7180176e+01
   1.0684182e+07   3.8085938e+01
   1.0684201e+07   4.1687012e+01
   1.0684233e+07   3.9855957e+01
   1.0684283e+07   3.6254883e+01
   1.0684316e+07   3.7780762e+01
   1.0684365e+07   5.0598145e+01
   1.0684406e+07   4.0161133e+01
   1.0684422e+07   3.9123535e+01
   1.0684474e+07   3.6560059e+01
   1.0684551e+07   3.6499023e+01
   1.0684575e+07   5.2978516e+01
   1.0684586e+07   4.7668457e+01
   1.0684719e+07   6.1401367e+01
   1.0685048e+07   5.2490234e+01
   1.0696550e+07   3.5888672e+01
   1.0696565e+07   3.8146973e+01
   1.0696599e+07   4.6020508e+01
   1.0696617e+07   4.0710449e+01
   1.0696632e+07   3.6865234e+01
   1.0696645e+07   7.3547363e+01
   1.0696670e+07   3.6437988e+01
   1.0696695e+07   4.9621582e+01
   1.0696709e+07   3.6254883e+01
   1.0696731e+07   4.0405273e+01
   1.0696744e+07   4.5410156e+01
   1.0696776e+07   4.1381836e+01
   1.0696808e+07   3.6560059e+01
   1.0696861e+07   3.8757324e+01
   1.0696895e+07   3.9245605e+01
   1.0696923e+07   4.0710449e+01
   1.0696991e+07   6.3537598e+01
   1.0697088e+07   4.2297363e+01
   1.0697127e+07   3.6804199e+01
   1.0697211e+07   3.8146973e+01
   1.0697335e+07   7.9101562e+01
   1.0697481e+07   4.6997070e+01
   1.0697622e+07   3.7048340e+01
   1.0697695e+07   3.8696289e+01
   1.0697786e+07   6.3232422e+01
   1.0697954e+07   5.9387207e+01
   1.0698079e+07   5.4626465e+01
   1.0698200e+07   3.5217285e+01
   1.0698301e+07   6.6345215e+01
   1.0698591e+07   4.1381836e+01
   1.0698768e+07   6.3659668e+01
   1.0707879e+07   3.8330078e+01
   1.0708193e+07   5.8166504e+01
   1.0708218e+07   3.5522461e+01
   1.0708238e+07   5.5969238e+01
   1.0708265e+07   4.5410156e+01
   1.0708298e+07   5.3527832e+01
   1.0708315e+07   4.2114258e+01
   1.0708345e+07   4.1625977e+01
   1.0708367e+07   4.0527344e+01
   1.0708439e+07   3.5766602e+01
   1.0708495e+07   4.0405273e+01
   1.0708545e+07   3.6987305e+01
   1.0708675e+07   3.7597656e+01
   1.0708727e+07   4.1992188e+01
   1.0708746e+07   3.7292480e+01
   1.0708817e+07   7.3181152e+01
   1.0708884e+07   5.7922363e+01
   1.0708928e+07   3.6193848e+01
   1.0709196e+07   3.5705566e+01
   1.0709207e+07   4.2236328e+01
   1.0709297e+07   7.1166992e+01
   1.0709373e+07   4.0710449e+01
   1.0709767e+07   3.6254883e+01
   1.0710667e+07   3.6804199e+01
   1.0821158e+07   4.1748047e+01
   1.0821206e+07   4.3334961e+01
   1.0821223e+07   4.5410156e+01
   1.0821250e+07   5.0659180e+01
   1.0821265e+07   3.8513184e+01
   1.0821325e+07   4.2175293e+01
   1.0821346e+07   4.4677734e+01
   1.0821376e+07   4.2663574e+01
   1.0821405e+07   3.6865234e+01
   1.0821417e+07   3.8269043e+01
   1.0821432e+07   4.5776367e+01
   1.0821514e+07   4.8645020e+01
   1.0821568e+07   3.6254883e+01
   1.0821585e+07   3.7231445e+01
   1.0821808e+07   3.8757324e+01
   1.0821833e+07   4.0466309e+01
   1.0821848e+07   3.7292480e+01
   1.0822050e+07   3.6254883e+01
   1.0832034e+07   5.7617188e+01
   1.0890240e+07   5.4748535e+01
   1.0890257e+07   3.7597656e+01
   1.0890293e+07   3.8635254e+01
   1.0890319e+07   7.6171875e+01
   1.0890329e+07   4.8461914e+01
   1.0890349e+07   4.5043945e+01
   1.0890382e+07   3.9978027e+01
   1.0890425e+07   4.1137695e+01
   1.0890483e+07   8.3435059e+01
   1.0890496e+07   4.0283203e+01
   1.0890536e+07   3.9978027e+01
   1.0890607e+07   3.6132812e+01
   1.0890653e+07   4.1259766e+01
   1.0890709e+07   4.7241211e+01
   1.0890737e+07   3.6621094e+01
   1.0890838e+07   3.6071777e+01
   1.0946453e+07   4.0283203e+01
   1.0946486e+07   7.8125000e+01
   1.0946510e+07   3.7048340e+01
   1.0946535e+07   4.5532227e+01
   1.0946549e+07   3.8513184e+01
   1.0946574e+07   8.3801270e+01
   1.0946586e+07   3.9855957e+01
   1.0946622e+07   3.8330078e+01
   1.0946646e+07   3.5339355e+01
   1.0946663e+07   3.8513184e+01
   1.0946698e+07   4.3945312e+01
   1.0946752e+07   3.8940430e+01
   1.0946772e+07   3.5827637e+01
   1.0946798e+07   3.7780762e+01
   1.0946876e+07   3.5644531e+01
   1.0946938e+07   3.7902832e+01
   1.0946957e+07   3.7841797e+01
   1.0947046e+07   4.3151855e+01
   1.0947646e+07   3.6743164e+01
   1.1007973e+07   3.5827637e+01
   1.1007983e+07   6.6406250e+01
   1.1008009e+07   5.3649902e+01
   1.1008022e+07   4.9377441e+01
   1.1008044e+07   3.8635254e+01
   1.1008085e+07   4.6630859e+01
   1.1008106e+07   4.4250488e+01
   1.1008116e+07   4.0527344e+01
   1.1008142e+07   3.5400391e+01
   1.1008161e+07   3.6560059e+01
   1.1008189e+07   3.8757324e+01
   1.1008309e+07   5.4016113e+01
   1.1008360e+07   3.7109375e+01
   1.1008405e+07   3.5644531e+01
   1.1008424e+07   3.6437988e+01
   1.1008639e+07   3.6865234e+01
   1.1058959e+07   3.8146973e+01
   1.1059375e+07   5.6030273e+01
   1.1059408e+07   6.5063477e+01
   1.1059428e+07   4.7058105e+01
   1.1059456e+07   5.0842285e+01
   1.1059468e+07   4.7119141e+01
   1.1059484e+07   6.6406250e+01
   1.1059545e+07   9.0393066e+01
   1.1059621e+07   5.4321289e+01
   1.1059676e+07   3.8940430e+01
   1.1059688e+07   4.2358398e+01
   1.1059699e+07   4.5837402e+01
   1.1059730e+07   3.6376953e+01
   1.1059770e+07   4.8217773e+01
   1.1059803e+07   4.1809082e+01
   1.1059845e+07   3.8208008e+01
   1.1059876e+07   3.9245605e+01
   1.1059896e+07   4.8706055e+01
   1.1059936e+07   9.4177246e+01
   1.1060003e+07   3.6010742e+01
   1.1108309e+07   3.7841797e+01
   1.1108334e+07   4.4860840e+01
   1.1108344e+07   6.4453125e+01
   1.1108373e+07   4.1381836e+01
   1.1108388e+07   3.8452148e+01
   1.1108406e+07   5.2490234e+01
   1.1108428e+07   3.6621094e+01
   1.1108449e+07   3.7170410e+01
   1.1108490e+07   3.8940430e+01
   1.1108519e+07   3.9733887e+01
   1.1108540e+07   3.8269043e+01
   1.1108555e+07   4.3212891e+01
   1.1108604e+07   4.4311523e+01
   1.1108654e+07   4.9316406e+01
   1.1108721e+07   4.2114258e+01
   1.1108859e+07   4.7485352e+01
   1.1109015e+07   3.9062500e+01
   1.1109359e+07   3.5522461e+01
   1.1165053e+07   3.6376953e+01
   1.1165080e+07   4.9804688e+01
   1.1165111e+07   3.7353516e+01
   1.1165150e+07   4.5227051e+01
   1.1165167e+07   3.9916992e+01
   1.1165196e+07   4.3457031e+01
   1.1165217e+07   5.6945801e+01
   1.1165269e+07   8.3862305e+01
   1.1165288e+07   3.9916992e+01
   1.1165401e+07   4.9926758e+01
   1.1165504e+07   4.4494629e+01
   1.1165553e+07   4.7607422e+01
   1.1170083e+07   3.6926270e+01
   1.1187540e+07   3.6560059e+01
   1.1228120e+07   4.6020508e+01
   1.1228135e+07   5.1757812e+01
   1.1228160e+07   4.2480469e+01
   1.1228186e+07   8.8256836e+01
   1.1228223e+07   3.9611816e+01
   1.1228246e+07   3.6865234e+01
   1.1228264e+07   3.6071777e+01
   1.1228284e+07   3.9001465e+01
   1.1228294e+07   3.6010742e+01
   1.1228314e+07   4.1442871e+01
   1.1228331e+07   3.6010742e+01
   1.1228359e+07   4.6142578e+01
   1.1228443e+07   3.7109375e+01
   1.1228472e+07   3.5583496e+01
   1.1277962e+07   4.7363281e+01
   1.1278001e+07   4.5959473e+01
   1.1278021e+07   4.5410156e+01
   1.1278040e+07   5.1208496e+01
   1.1278075e+07   4.4006348e+01
   1.1278106e+07   5.6579590e+01
   1.1278119e+07   3.5949707e+01
   1.1278165e+07   3.8024902e+01
   1.1278187e+07   4.5654297e+01
   1.1278203e+07   3.7963867e+01
   1.1278218e+07   4.5532227e+01
   1.1278284e+07   3.6437988e+01
   1.1278359e+07   3.6071777e+01
   1.1326378e+07   6.0119629e+01
   1.1326446e+07   3.7292480e+01
   1.1326464e+07   3.8818359e+01
   1.1326484e+07   4.8889160e+01
   1.1326531e+07   3.8208008e+01
   1.1326597e+07   4.2602539e+01
   1.1326619e+07   4.1687012e+01
   1.1326646e+07   4.6936035e+01
   1.1326672e+07   3.5339355e+01
   1.1326696e+07   3.7414551e+01
   1.1326721e+07   3.9550781e+01
   1.1326790e+07   5.2673340e+01
   1.1385069e+07   3.7170410e+01
   1.1385095e+07   3.7902832e+01
   1.1385108e+07   5.7189941e+01
   1.1385133e+07   6.7932129e+01
   1.1385169e+07   4.5593262e+01
   1.1385179e+07   6.5368652e+01
   1.1385212e+07   4.2236328e+01
   1.1385228e+07   3.5949707e+01
   1.1385248e+07   3.6743164e+01
   1.1385280e+07   3.7963867e+01
   1.1385344e+07   3.9062500e+01
   1.1385389e+07   4.3334961e+01
   1.1385554e+07   3.8452148e+01
