   1.1996000e+07   0.0000000e+00
   2.5374000e+04   4.8278809e+01
   2.6030000e+04   4.1503906e+01
   2.6987000e+04   4.3273926e+01
   2.7908000e+04   3.8635254e+01
   5.4302000e+04   3.6804199e+01
   5.5458000e+04   3.8269043e+01
   5.5962000e+04   4.7973633e+01
   5.6900000e+04   3.7597656e+01
   5.6941000e+04   4.9926758e+01
   8.6832000e+04   4.1320801e+01
   8.7514000e+04   3.8635254e+01
   8.8165000e+04   3.7170410e+01
   8.8562000e+04   4.0100098e+01
   1.2021500e+05   4.4677734e+01
   1.4543600e+05   4.7485352e+01
   1.7889900e+05   4.0588379e+01
   1.9887200e+05   3.9184570e+01
   3.2521600e+05   3.8085938e+01
   3.5569000e+05   3.6376953e+01
   5.9003500e+05   4.4616699e+01
   5.9007000e+05   3.9916992e+01
   5.9011600e+05   5.3100586e+01
   5.9014700e+05   4.8034668e+01
   5.9024600e+05   4.0710449e+01
   5.9031100e+05   3.9428711e+01
   5.9037200e+05   4.4555664e+01
   5.9053200e+05   3.8391113e+01
   5.9098600e+05   3.8024902e+01
   5.9151100e+05   3.6743164e+01
   6.0419700e+05   5.7250977e+01
   6.0428000e+05   4.2114258e+01
   6.0433000e+05   4.1992188e+01
   6.0444100e+05   4.1931152e+01
   6.0520300e+05   3.7353516e+01
   6.0595200e+05   3.9184570e+01
   6.0627900e+05   3.6621094e+01
   6.0702100e+05   3.9733887e+01
   6.0793000e+05   4.1625977e+01
   6.1433200e+05   3.7353516e+01
   6.1543300e+05   4.1137695e+01
   6.1589400e+05   4.8950195e+01
   6.1674500e+05   3.7719727e+01
   6.1710600e+05   3.8513184e+01
   6.1748400e+05   3.6987305e+01
   6.1796400e+05   4.0954590e+01
   8.7955500e+05   4.0893555e+01
   8.9805800e+05   4.0832520e+01
   8.9908700e+05   3.8085938e+01
   8.9924000e+05   4.3151855e+01
   9.8451000e+05   3.7658691e+01
   1.0037560e+06   4.7485352e+01
   1.0037660e+06   5.1330566e+01
   1.0380930e+06   4.4921875e+01
   1.0386990e+06   4.0405273e+01
   1.0738070e+06   5.0109863e+01
   1.0744810e+06   4.5410156e+01
   1.1162980e+06   4.3884277e+01
   1.1192340e+06   4.4982910e+01
   1.1193550e+06   3.7536621e+01
   1.1193920e+06   3.7231445e+01
   1.1194310e+06   5.1147461e+01
   1.1194410e+06   5.8715820e+01
   1.1194650e+06   6.5734863e+01
   1.1195620e+06   4.2358398e+01
   1.1195810e+06   3.9428711e+01
   1.1199080e+06   3.6865234e+01
   1.1201240e+06   3.7353516e+01
   1.1203960e+06   3.9978027e+01
   1.1220740e+06   4.3212891e+01
   1.1239850e+06   3.7841797e+01
   1.1242660e+06   3.6621094e+01
   1.1249860e+06   3.6621094e+01
   1.1250840e+06   4.2236328e+01
   1.1276870e+06   4.0527344e+01
   1.1282210e+06   4.3334961e+01
   1.1287160e+06   3.7841797e+01
   1.1290620e+06   3.6865234e+01
   1.1294270e+06   3.9733887e+01
   1.1297650e+06   4.5410156e+01
   1.1301670e+06   3.9306641e+01
   1.1307430e+06   3.6376953e+01
   1.1330180e+06   3.7658691e+01
   1.1331310e+06   3.8879395e+01
   1.1334570e+06   4.4860840e+01
   1.1334860e+06   3.8269043e+01
   1.1335030e+06   3.6987305e+01
   1.1336000e+06   3.7353516e+01
   1.1336570e+06   3.6987305e+01
   1.1337680e+06   5.3649902e+01
   1.1348580e+06   3.7963867e+01
   1.1433260e+06   4.1076660e+01
   1.1442360e+06   4.3579102e+01
   1.1445990e+06   3.6804199e+01
   1.1449360e+06   3.6437988e+01
   1.1452390e+06   3.8757324e+01
   1.1455350e+06   4.1015625e+01
   1.1474540e+06   4.0832520e+01
   1.1480120e+06   4.3212891e+01
   1.2520910e+06   5.0476074e+01
   1.2836640e+06   3.6376953e+01
   1.3109330e+06   5.0537109e+01
   1.3534240e+06   3.9550781e+01
   1.3543330e+06   5.2246094e+01
   1.4127310e+06   4.1076660e+01
   1.4255770e+06   4.9560547e+01
   1.4261310e+06   3.9367676e+01
   1.4264580e+06   3.8330078e+01
   1.4440710e+06   5.2307129e+01
   1.4444430e+06   4.2419434e+01
   1.4626960e+06   4.9072266e+01
   1.4731750e+06   3.6804199e+01
   1.4733090e+06   3.6621094e+01
   1.4734290e+06   3.6682129e+01
   1.4734940e+06   4.6813965e+01
   1.4735220e+06   5.4931641e+01
   1.4735350e+06   4.1320801e+01
   1.4735630e+06   4.0344238e+01
   1.4736110e+06   5.3100586e+01
   1.4736550e+06   3.7414551e+01
   1.4737070e+06   5.7495117e+01
   1.4737360e+06   3.6804199e+01
   1.4742390e+06   3.7475586e+01
   1.4843460e+06   5.3588867e+01
   1.4843940e+06   4.2724609e+01
   1.4845980e+06   3.7841797e+01
   1.4847660e+06   4.3395996e+01
   1.4850140e+06   3.9428711e+01
   1.4852340e+06   4.9438477e+01
   1.4854740e+06   3.6743164e+01
   1.4939970e+06   4.4494629e+01
   1.4949810e+06   5.1025391e+01
   1.4958110e+06   4.9560547e+01
   1.4968320e+06   3.9489746e+01
   1.4970630e+06   3.6987305e+01
   1.4978080e+06   3.7963867e+01
   1.4978320e+06   4.0588379e+01
   1.4979950e+06   3.6560059e+01
   1.4986490e+06   5.2368164e+01
   1.4997160e+06   4.1442871e+01
   1.5000980e+06   4.6508789e+01
   1.5011100e+06   3.7719727e+01
   1.5016230e+06   3.8085938e+01
   1.5806040e+06   5.4992676e+01
   1.5811690e+06   3.7719727e+01
   1.5816210e+06   7.4584961e+01
   1.5818410e+06   4.7607422e+01
   1.5832940e+06   4.1381836e+01
   1.5837550e+06   4.6203613e+01
   1.6383040e+06   3.7963867e+01
   1.6393410e+06   4.6447754e+01
   1.6397830e+06   4.2358398e+01
   1.6401230e+06   4.1748047e+01
   1.6924010e+06   3.6376953e+01
   1.6924530e+06   4.0649414e+01
   1.6930550e+06   4.3395996e+01
   1.6939540e+06   5.1757812e+01
   1.6946200e+06   4.6264648e+01
   1.6957470e+06   3.7719727e+01
   1.7414200e+06   4.2785645e+01
   1.7638930e+06   4.5410156e+01
   1.7640070e+06   4.5654297e+01
   1.7642680e+06   3.6682129e+01
   1.7645270e+06   3.7536621e+01
   1.7665100e+06   4.2541504e+01
   1.8154570e+06   3.9855957e+01
   1.8158480e+06   3.9123535e+01
   1.8161040e+06   3.7231445e+01
   1.8169510e+06   4.0039063e+01
   1.8172660e+06   3.9672852e+01
   1.8176440e+06   3.6376953e+01
   1.8182820e+06   5.2368164e+01
   1.8605840e+06   5.0598145e+01
   1.8607100e+06   5.1086426e+01
   1.8608300e+06   4.1748047e+01
   1.8609580e+06   4.1015625e+01
   1.8610030e+06   4.8095703e+01
   1.8616190e+06   3.7048340e+01
   1.8640420e+06   3.6560059e+01
   1.8668870e+06   5.0842285e+01
   1.8691110e+06   4.0283203e+01
   1.8692280e+06   4.5654297e+01
   1.8694610e+06   3.6621094e+01
   1.8697130e+06   3.9672852e+01
   1.8699180e+06   4.0954590e+01
   1.8701240e+06   3.7658691e+01
   1.8704030e+06   3.9550781e+01
   1.8714560e+06   3.8146973e+01
   1.8719010e+06   3.8818359e+01
   1.8773140e+06   3.6865234e+01
   1.8773320e+06   4.6325684e+01
   1.8773670e+06   3.6499023e+01
   1.8774010e+06   3.9611816e+01
   1.8774670e+06   4.5166016e+01
   1.8775690e+06   4.4372559e+01
   1.8793760e+06   3.7475586e+01
   1.8798100e+06   3.9245605e+01
   1.8814090e+06   4.1625977e+01
   1.9809840e+06   5.5664063e+01
   1.9814100e+06   4.7851562e+01
   2.0070510e+06   5.0354004e+01
   2.0283160e+06   4.6997070e+01
   2.0287000e+06   4.3579102e+01
   2.0509000e+06   4.5043945e+01
   2.0512070e+06   4.0649414e+01
   2.0512840e+06   4.5471191e+01
   2.0514090e+06   4.8889160e+01
   2.0518820e+06   3.7170410e+01
   2.0519840e+06   4.1809082e+01
   2.0545340e+06   4.0405273e+01
   2.1036610e+06   3.9916992e+01
   2.1038060e+06   3.7414551e+01
   2.1041810e+06   4.1503906e+01
   2.1384220e+06   8.3862305e+01
   2.1384440e+06   3.6499023e+01
   2.1387480e+06   3.9062500e+01
   2.1807470e+06   3.7475586e+01
   2.1810680e+06   3.7170410e+01
   2.1814650e+06   4.2846680e+01
   2.1819540e+06   3.6437988e+01
   2.1828000e+06   5.2917480e+01
   2.2159700e+06   3.7536621e+01
   2.2162190e+06   4.2175293e+01
   2.2169730e+06   3.8635254e+01
   2.2170230e+06   4.4250488e+01
   2.2182830e+06   3.8146973e+01
   2.2408580e+06   4.3701172e+01
   2.2409770e+06   4.1992188e+01
   2.2414430e+06   3.9611816e+01
   2.2734480e+06   4.2480469e+01
   2.2736890e+06   3.8574219e+01
   2.2739790e+06   3.8146973e+01
   2.2756840e+06   4.4921875e+01
   2.2758940e+06   4.5837402e+01
   2.2762770e+06   4.1564941e+01
   2.2763340e+06   4.1076660e+01
   2.3104760e+06   3.7414551e+01
   2.3105160e+06   3.7780762e+01
   2.3105380e+06   3.7292480e+01
   2.3105990e+06   5.3222656e+01
   2.3106100e+06   3.7841797e+01
   2.3106480e+06   3.9550781e+01
   2.3107160e+06   6.1401367e+01
   2.3108230e+06   3.9550781e+01
   2.3109010e+06   5.5725098e+01
   2.3110860e+06   3.6743164e+01
   2.3188260e+06   3.9306641e+01
   2.3190490e+06   3.9794922e+01
   2.3190760e+06   3.6376953e+01
   2.3193000e+06   5.9936523e+01
   2.3194750e+06   3.9123535e+01
   2.3196480e+06   4.0039062e+01
   2.3198970e+06   3.7597656e+01
   2.3204520e+06   5.8227539e+01
   2.3207420e+06   3.7048340e+01
   2.3211330e+06   4.1809082e+01
   2.3215600e+06   3.9062500e+01
   2.3276580e+06   3.6376953e+01
   2.3276930e+06   3.7719727e+01
   2.3277640e+06   3.7475586e+01
   2.3278010e+06   4.0954590e+01
   2.3278590e+06   5.0964355e+01
   2.3279650e+06   3.8146973e+01
   2.3280380e+06   3.7170410e+01
   2.3281090e+06   4.3029785e+01
   2.3286850e+06   3.6926270e+01
   2.3369340e+06   4.0649414e+01
   2.3389420e+06   3.6499023e+01
   2.4100300e+06   4.0710449e+01
   2.4389770e+06   4.8156738e+01
   2.4390380e+06   4.3212891e+01
   2.4397940e+06   3.9184570e+01
   2.4647020e+06   4.7119141e+01
   2.4648390e+06   3.8269043e+01
   2.4871890e+06   5.2246094e+01
   2.4872570e+06   3.7109375e+01
   2.5241060e+06   5.4748535e+01
   2.5245500e+06   3.8879395e+01
   2.5253060e+06   4.5043945e+01
   2.5461350e+06   3.9245605e+01
   2.5462330e+06   3.8513184e+01
   2.5477080e+06   3.8208008e+01
   2.5477870e+06   4.4067383e+01
   2.5479510e+06   4.2053223e+01
   2.5742170e+06   4.4006348e+01
   2.5745120e+06   4.6630859e+01
   2.5748450e+06   3.9672852e+01
   2.5751870e+06   3.8696289e+01
   2.5752510e+06   4.3212891e+01
   2.5753490e+06   3.7841797e+01
   2.5837250e+06   3.7597656e+01
   2.5848300e+06   4.7302246e+01
   2.5854480e+06   3.8269043e+01
   2.5854610e+06   5.6701660e+01
   2.5855130e+06   3.6804199e+01
   2.5862000e+06   3.8391113e+01
   2.5864540e+06   4.9621582e+01
   2.5870380e+06   4.2236328e+01
   2.5890540e+06   4.5227051e+01
   2.5896830e+06   3.8940430e+01
   2.5903990e+06   5.3466797e+01
   2.6273520e+06   4.2480469e+01
   2.6275550e+06   3.8879395e+01
   2.6279560e+06   4.2724609e+01
   2.6281050e+06   5.1391602e+01
   2.6285710e+06   4.2785645e+01
   2.6286790e+06   5.3588867e+01
   2.6291730e+06   3.9428711e+01
   2.6300870e+06   4.0832520e+01
   2.6304350e+06   4.3640137e+01
   2.6314160e+06   4.3090820e+01
   2.6321990e+06   3.9855957e+01
   2.6333500e+06   3.6437988e+01
   2.6342220e+06   3.8696289e+01
   2.6740630e+06   4.9804688e+01
   2.6741480e+06   3.8330078e+01
   2.6747630e+06   5.2734375e+01
   2.6752690e+06   3.8330078e+01
   2.6758280e+06   4.3762207e+01
   2.6762640e+06   4.5898438e+01
   2.6767470e+06   5.0781250e+01
   2.6773020e+06   4.0100098e+01
   2.6778250e+06   3.9062500e+01
   2.6783630e+06   3.9367676e+01
   2.6807720e+06   3.6621094e+01
   2.7226760e+06   4.5166016e+01
   2.7228600e+06   4.8034668e+01
   2.7231510e+06   3.8696289e+01
   2.7234920e+06   4.8950195e+01
   2.7239920e+06   4.2724609e+01
   2.7247320e+06   3.7902832e+01
   2.7255710e+06   4.8339844e+01
   2.7260100e+06   5.0048828e+01
   2.7263980e+06   3.9916992e+01
   2.7267230e+06   4.1992188e+01
   2.7270390e+06   3.8635254e+01
   2.7271770e+06   4.4250488e+01
   2.7276890e+06   4.3823242e+01
   2.7305060e+06   4.3823242e+01
   2.7310120e+06   3.9001465e+01
   2.7537540e+06   5.1635742e+01
   2.7538100e+06   3.9367676e+01
   2.7538310e+06   4.1198730e+01
   2.7538980e+06   3.6743164e+01
   2.7539090e+06   5.0781250e+01
   2.7539510e+06   3.7353516e+01
   2.7540010e+06   3.6560059e+01
   2.7540390e+06   5.8593750e+01
   2.7541980e+06   3.9489746e+01
   2.7549960e+06   3.9001465e+01
   2.7622120e+06   3.6865234e+01
   2.7623890e+06   4.2724609e+01
   2.7624120e+06   4.0588379e+01
   2.7625050e+06   3.7475586e+01
   2.7628870e+06   3.7658691e+01
   2.7635700e+06   4.7790527e+01
   2.7641740e+06   3.8085938e+01
   2.7644530e+06   4.6691895e+01
   2.7650920e+06   3.6560059e+01
   2.7651650e+06   4.3151855e+01
   2.7656980e+06   3.8146973e+01
   2.7676560e+06   4.3945313e+01
   2.7691410e+06   3.7292480e+01
   2.7697350e+06   4.0832520e+01
   2.7703040e+06   3.8513184e+01
   2.8374520e+06   5.0048828e+01
   2.8377060e+06   3.6376953e+01
   2.8379360e+06   4.0893555e+01
   2.8384280e+06   4.0161133e+01
   2.8386560e+06   4.1076660e+01
   2.8389080e+06   3.7902832e+01
   2.8389880e+06   4.2846680e+01
   2.8392570e+06   3.7658691e+01
   2.8400170e+06   4.7302246e+01
   2.8404930e+06   4.6325684e+01
   2.8408780e+06   3.9184570e+01
   2.8414190e+06   4.5471191e+01
   2.8417670e+06   4.0039062e+01
   2.8423320e+06   3.7902832e+01
   2.8952370e+06   4.6386719e+01
   2.8955290e+06   3.9428711e+01
   2.8958910e+06   6.6833496e+01
   2.8970330e+06   3.9306641e+01
   2.8974390e+06   4.4311523e+01
   2.8978260e+06   5.1330566e+01
   2.9092910e+06   3.9733887e+01
   2.9093030e+06   3.8208008e+01
   2.9093970e+06   5.2490234e+01
   2.9094930e+06   4.0649414e+01
   2.9095270e+06   4.8461914e+01
   2.9096650e+06   3.8574219e+01
   2.9104310e+06   3.6682129e+01
   2.9110900e+06   3.7841797e+01
   2.9238780e+06   5.3527832e+01
   2.9239360e+06   3.7597656e+01
   2.9239560e+06   4.2114258e+01
   2.9240150e+06   4.0893555e+01
   2.9252760e+06   3.8879395e+01
   2.9330900e+06   3.6621094e+01
   2.9331070e+06   3.8452148e+01
   2.9331920e+06   3.9184570e+01
   2.9332060e+06   4.9926758e+01
   2.9332510e+06   4.2297363e+01
   2.9332920e+06   4.1320801e+01
   2.9333130e+06   3.8940430e+01
   2.9333860e+06   3.9794922e+01
   2.9334360e+06   4.4616699e+01
   2.9339250e+06   4.3457031e+01
   2.9344800e+06   4.1137695e+01
   2.9346070e+06   3.8757324e+01
   2.9348010e+06   4.2297363e+01
   2.9354460e+06   3.6621094e+01
   2.9355780e+06   3.8391113e+01
   3.0198200e+06   5.3100586e+01
   3.0203300e+06   4.1503906e+01
   3.0220970e+06   5.4016113e+01
   3.0221610e+06   5.9875488e+01
   3.0523480e+06   4.9072266e+01
   3.0525200e+06   4.9072266e+01
   3.0533910e+06   4.2663574e+01
   3.0534390e+06   5.1330566e+01
   3.0850650e+06   4.3945312e+01
   3.0851740e+06   4.1198730e+01
   3.0866340e+06   4.3212891e+01
   3.0867700e+06   3.7353516e+01
   3.1167400e+06   4.8461914e+01
   3.1339020e+06   4.1198730e+01
   3.1563070e+06   4.6081543e+01
   3.1769180e+06   3.6865234e+01
   3.1774920e+06   5.1635742e+01
   3.1775910e+06   4.7058105e+01
   3.1781910e+06   4.0588379e+01
   3.1782370e+06   4.3090820e+01
   3.1785000e+06   3.9062500e+01
   3.2074870e+06   4.6508789e+01
   3.2076670e+06   4.2419434e+01
   3.2083920e+06   4.2724609e+01
   3.2317630e+06   5.1879883e+01
   3.2319150e+06   4.5776367e+01
   3.2333830e+06   5.9020996e+01
   3.2334460e+06   4.4738770e+01
   3.2342900e+06   3.8269043e+01
   3.2622110e+06   3.7292480e+01
   3.2624120e+06   4.2175293e+01
   3.2635770e+06   4.1442871e+01
   3.2637640e+06   4.8583984e+01
   3.2903960e+06   3.7231445e+01
   3.2906050e+06   4.8583984e+01
   3.2914420e+06   3.7475586e+01
   3.2918430e+06   4.8522949e+01
   3.2919330e+06   5.7617188e+01
   3.3218860e+06   4.7180176e+01
   3.3219690e+06   3.9916992e+01
   3.3466060e+06   3.7353516e+01
   3.3469750e+06   3.7353516e+01
   3.3736630e+06   3.8818359e+01
   3.3737390e+06   3.7353516e+01
   3.3737660e+06   4.4860840e+01
   3.3738950e+06   4.1076660e+01
   3.3907430e+06   3.6865234e+01
   3.3908400e+06   6.7810059e+01
   3.3908710e+06   3.9550781e+01
   3.3909700e+06   5.0170898e+01
   3.3911350e+06   3.7475586e+01
   3.3917020e+06   3.7963867e+01
   3.3919650e+06   3.7780762e+01
   3.3990370e+06   4.3395996e+01
   3.3991850e+06   4.0588379e+01
   3.3993160e+06   6.0119629e+01
   3.3995170e+06   4.9926758e+01
   3.3996230e+06   4.1259766e+01
   3.3996960e+06   3.7902832e+01
   3.3999120e+06   3.6682129e+01
   3.4001270e+06   4.2053223e+01
   3.4015440e+06   3.7597656e+01
   3.4018700e+06   3.8452148e+01
   3.4023830e+06   3.9306641e+01
   3.4029460e+06   3.8879395e+01
   3.5038690e+06   3.7841797e+01
   3.5330140e+06   3.7841797e+01
   3.5330540e+06   4.5471191e+01
   3.5688710e+06   4.4677734e+01
   3.6084490e+06   4.0161133e+01
   3.6097030e+06   5.0170898e+01
   3.6312760e+06   4.3945312e+01
   3.6494560e+06   4.8645020e+01
   3.6498660e+06   3.9245605e+01
   3.6685030e+06   5.9875488e+01
   3.7105360e+06   6.2683105e+01
   3.7105740e+06   4.0588379e+01
   3.7106150e+06   4.9194336e+01
   3.7118500e+06   3.8391113e+01
   3.7122640e+06   4.0649414e+01
   3.7127610e+06   3.8574219e+01
   3.7132010e+06   4.5532227e+01
   3.7136230e+06   4.0527344e+01
   3.7139260e+06   4.7973633e+01
   3.7142020e+06   4.8461914e+01
   3.7146120e+06   3.7353516e+01
   3.7523300e+06   3.7841797e+01
   3.7534000e+06   3.9855957e+01
   3.7538860e+06   4.1076660e+01
   3.7540940e+06   3.8513184e+01
   3.7543040e+06   3.7780762e+01
   3.7546650e+06   5.4077148e+01
   3.7553320e+06   4.1137695e+01
   3.7562960e+06   4.4250488e+01
   3.8171540e+06   4.1931152e+01
   3.8174020e+06   4.3701172e+01
   3.8180780e+06   4.2419434e+01
   3.8184970e+06   4.4128418e+01
   3.8190970e+06   3.8818359e+01
   3.8200620e+06   3.8452148e+01
   3.8201530e+06   4.0954590e+01
   3.8201970e+06   4.6447754e+01
   3.8940710e+06   3.8085938e+01
   3.8941410e+06   4.4067383e+01
   3.8941720e+06   5.5297852e+01
   3.8941830e+06   6.9091797e+01
   3.8942030e+06   3.7048340e+01
   3.8942950e+06   3.9733887e+01
   3.8945420e+06   3.7475586e+01
   3.9044880e+06   4.9499512e+01
   3.9048650e+06   4.8278809e+01
   3.9057230e+06   3.7231445e+01
   3.9057410e+06   5.0048828e+01
   3.9057970e+06   3.9184570e+01
   3.9059350e+06   4.1931152e+01
   3.9060040e+06   5.2429199e+01
   3.9060730e+06   3.7231445e+01
   3.9061660e+06   3.8085938e+01
   3.9062630e+06   4.0832520e+01
   3.9066840e+06   4.2968750e+01
   3.9067170e+06   3.6682129e+01
   3.9107140e+06   4.5776367e+01
   3.9110780e+06   3.7414551e+01
   3.9114820e+06   3.8940430e+01
   3.9119340e+06   4.1687012e+01
   3.9163550e+06   3.7536621e+01
   3.9167100e+06   4.4677734e+01
   3.9169720e+06   4.0954590e+01
   3.9172610e+06   4.0344238e+01
   3.9178910e+06   4.0588379e+01
   3.9192420e+06   4.0649414e+01
   3.9946220e+06   5.3222656e+01
   3.9953600e+06   3.9978027e+01
   3.9975560e+06   4.0222168e+01
   4.0414110e+06   4.8889160e+01
   4.0586080e+06   3.7109375e+01
   4.1122740e+06   4.8278809e+01
   4.1466840e+06   3.9672852e+01
   4.1474390e+06   4.3579102e+01
   4.1475230e+06   3.9184570e+01
   4.1766100e+06   4.5410156e+01
   4.1766450e+06   4.0771484e+01
   4.1766640e+06   3.7719727e+01
   4.1767300e+06   3.9672852e+01
   4.1767720e+06   4.4616699e+01
   4.1767870e+06   4.9316406e+01
   4.1768550e+06   3.9489746e+01
   4.1768970e+06   5.4199219e+01
   4.1770190e+06   4.2053223e+01
   4.1851460e+06   4.7058105e+01
   4.1852140e+06   3.9855957e+01
   4.1854670e+06   3.9916992e+01
   4.1855140e+06   3.6621094e+01
   4.1855730e+06   3.8452148e+01
   4.1856390e+06   5.4443359e+01
   4.1856660e+06   3.8574219e+01
   4.1857720e+06   4.3823242e+01
   4.1858840e+06   4.1809082e+01
   4.1859510e+06   3.7109375e+01
   4.1861210e+06   4.7424316e+01
   4.1867210e+06   3.8024902e+01
   4.1872010e+06   3.7170410e+01
   4.1878610e+06   3.7170410e+01
   4.1885340e+06   3.6926270e+01
   4.1888050e+06   5.1391602e+01
   4.1900250e+06   4.1809082e+01
   4.1957050e+06   3.6621094e+01
   4.1957420e+06   3.9184570e+01
   4.1957880e+06   4.1564941e+01
   4.1959030e+06   4.1748047e+01
   4.1959210e+06   4.1015625e+01
   4.1960160e+06   3.7292480e+01
   4.1961060e+06   3.7353516e+01
   4.1963330e+06   3.8574219e+01
   4.2065590e+06   3.8208008e+01
   4.2072110e+06   4.3029785e+01
   4.2072860e+06   6.1889648e+01
   4.2073440e+06   4.8156738e+01
   4.2074350e+06   3.7780762e+01
   4.2075020e+06   3.6926270e+01
   4.2995770e+06   3.8024902e+01
   4.2996070e+06   3.8391113e+01
   4.2996240e+06   3.7048340e+01
   4.2997010e+06   5.4626465e+01
   4.2997280e+06   3.8635254e+01
   4.2997390e+06   4.9011230e+01
   4.2997550e+06   4.5532227e+01
   4.2998470e+06   4.3029785e+01
   4.3003750e+06   3.8146973e+01
   4.3005830e+06   3.7231445e+01
   4.3008530e+06   3.7231445e+01
   4.3024320e+06   3.8940430e+01
   4.3030770e+06   3.9184570e+01
   4.3551770e+06   4.1015625e+01
   4.3551900e+06   4.2663574e+01
   4.3552240e+06   4.1992188e+01
   4.3552810e+06   4.7302246e+01
   4.3552920e+06   4.2175293e+01
   4.3553290e+06   3.7963867e+01
   4.3554060e+06   5.3527832e+01
   4.3554540e+06   4.7851562e+01
   4.3556130e+06   3.9123535e+01
   4.3565120e+06   3.6743164e+01
   4.3581780e+06   3.9367676e+01
   4.4023570e+06   3.7231445e+01
   4.4023850e+06   4.1076660e+01
   4.4024990e+06   3.7292480e+01
   4.4025310e+06   6.4270020e+01
   4.4026650e+06   3.8269043e+01
   4.4045230e+06   3.7170410e+01
   4.4055900e+06   3.8696289e+01
   4.4523690e+06   4.0954590e+01
   4.4524100e+06   3.8757324e+01
   4.4524710e+06   4.0405273e+01
   4.4525170e+06   8.1909180e+01
   4.4525840e+06   3.6621094e+01
   4.4526410e+06   5.5480957e+01
   4.4527190e+06   4.9011230e+01
   4.4528460e+06   3.9794922e+01
   4.4530290e+06   3.6926270e+01
   4.5053300e+06   3.7414551e+01
   4.5059870e+06   3.8330078e+01
   4.5060940e+06   4.2419434e+01
   4.5065200e+06   4.5166016e+01
   4.5072530e+06   4.2968750e+01
   4.5076830e+06   4.3518066e+01
   4.5081010e+06   4.4372559e+01
   4.5084430e+06   3.8208008e+01
   4.5091200e+06   4.6264648e+01
   4.5493800e+06   4.8950195e+01
   4.5508400e+06   4.6875000e+01
   4.5515300e+06   4.5288086e+01
   4.6029760e+06   4.7302246e+01
   4.6033270e+06   3.9367676e+01
   4.6035510e+06   3.7353516e+01
   4.6038930e+06   3.7048340e+01
   4.6049380e+06   4.8767090e+01
   4.6480910e+06   3.8818359e+01
   4.6486270e+06   5.0048828e+01
   4.6488780e+06   4.9743652e+01
   4.6499090e+06   4.0649414e+01
   4.6521460e+06   4.0405273e+01
   4.6824100e+06   4.3151855e+01
   4.6826040e+06   3.9672852e+01
   4.6827360e+06   3.7658691e+01
   4.6828400e+06   3.6743164e+01
   4.6836810e+06   4.3395996e+01
   4.6843600e+06   5.4138184e+01
   4.7096890e+06   4.4738770e+01
   4.7098890e+06   3.6926270e+01
   4.7101190e+06   3.6804199e+01
   4.7104220e+06   3.6804199e+01
   4.7417540e+06   4.3823242e+01
   4.7420840e+06   4.0466309e+01
   4.7425900e+06   6.0241699e+01
   4.7883030e+06   4.0161133e+01
   4.7891200e+06   3.9855957e+01
   4.7900250e+06   4.0771484e+01
   4.8364530e+06   4.4189453e+01
   4.8367050e+06   3.6743164e+01
   4.8368160e+06   3.8696289e+01
   4.8371470e+06   3.7353516e+01
   4.8917010e+06   5.0170898e+01
   4.8919700e+06   3.9123535e+01
   4.8931860e+06   4.0832520e+01
   4.8932000e+06   5.2124023e+01
   4.9374690e+06   3.7719727e+01
   4.9381820e+06   3.8635254e+01
   4.9390560e+06   4.0649414e+01
   4.9623130e+06   3.6865234e+01
   4.9623570e+06   5.2062988e+01
   4.9624390e+06   3.9428711e+01
   4.9624490e+06   4.4616699e+01
   4.9639270e+06   4.1015625e+01
   4.9735840e+06   4.1931152e+01
   4.9736110e+06   5.7067871e+01
   4.9737060e+06   4.1076660e+01
   4.9737250e+06   4.5288086e+01
   4.9738630e+06   3.6621094e+01
   4.9739010e+06   3.6682129e+01
   4.9744330e+06   3.8146973e+01
   4.9757990e+06   3.9672852e+01
   4.9761260e+06   3.8085938e+01
   4.9763900e+06   3.6926270e+01
   4.9766500e+06   3.9123535e+01
   4.9769260e+06   4.3762207e+01
   4.9775640e+06   4.3640137e+01
   4.9786380e+06   3.9794922e+01
   4.9791560e+06   3.6682129e+01
   4.9799470e+06   4.4250488e+01
   4.9843430e+06   3.9550781e+01
   4.9848210e+06   5.5175781e+01
   4.9856020e+06   4.2602539e+01
   4.9861310e+06   3.6926270e+01
   5.0466700e+06   4.9072266e+01
   5.0475520e+06   3.7719727e+01
   5.0502980e+06   4.9499512e+01
   5.0505120e+06   4.4067383e+01
   5.0509160e+06   5.3161621e+01
   5.0789240e+06   3.9062500e+01
   5.0796570e+06   4.5837402e+01
   5.0797260e+06   4.2053223e+01
   5.0805130e+06   4.7363281e+01
   5.1080470e+06   4.0222168e+01
   5.1086100e+06   4.2236328e+01
   5.1104110e+06   5.4504395e+01
   5.1108960e+06   4.6752930e+01
   5.1109250e+06   5.0354004e+01
   5.1113010e+06   5.3649902e+01
   5.1120370e+06   3.8208008e+01
   5.1448940e+06   4.9926758e+01
   5.1456710e+06   3.9306641e+01
   5.1459210e+06   4.4250488e+01
   5.1704570e+06   4.8767090e+01
   5.1704760e+06   4.9011230e+01
   5.1722020e+06   4.6630859e+01
   5.1725580e+06   3.8208008e+01
   5.1728760e+06   3.8635254e+01
   5.1746740e+06   5.2001953e+01
   5.1892160e+06   3.7170410e+01
   5.1898830e+06   5.5297852e+01
   5.1900440e+06   3.8818359e+01
   5.1903980e+06   4.6203613e+01
   5.1910270e+06   4.4006348e+01
   5.1915040e+06   4.3640137e+01
   5.1921740e+06   4.4616699e+01
   5.1929730e+06   4.9011230e+01
   5.2297990e+06   3.8208008e+01
   5.2299160e+06   5.6579590e+01
   5.2301600e+06   3.6987305e+01
   5.2304930e+06   4.4006348e+01
   5.2305590e+06   4.1381836e+01
   5.2310240e+06   3.7658691e+01
   5.2314110e+06   4.6508789e+01
   5.2316400e+06   4.3701172e+01
   5.2318130e+06   4.7119141e+01
   5.2326390e+06   4.0405273e+01
   5.2331670e+06   4.2053223e+01
   5.2338380e+06   4.4921875e+01
   5.2340130e+06   3.8757324e+01
   5.2345090e+06   4.2419434e+01
   5.2765700e+06   5.1635742e+01
   5.2767560e+06   3.9245605e+01
   5.2772790e+06   4.0527344e+01
   5.2775630e+06   3.6926270e+01
   5.2776000e+06   4.4555664e+01
   5.2784500e+06   4.9560547e+01
   5.2788690e+06   4.3090820e+01
   5.2792750e+06   4.2236328e+01
   5.2801400e+06   4.2419434e+01
   5.2832580e+06   4.5166016e+01
   5.3369260e+06   4.2358398e+01
   5.3372640e+06   3.7231445e+01
   5.3376950e+06   5.1757812e+01
   5.3380780e+06   3.6926270e+01
   5.3382020e+06   3.9062500e+01
   5.3384780e+06   5.6091309e+01
   5.3389380e+06   4.1931152e+01
   5.3394050e+06   4.1748047e+01
   5.3407070e+06   5.2612305e+01
   5.3421300e+06   4.1320801e+01
   5.3449980e+06   4.2663574e+01
   5.3466510e+06   3.7231445e+01
   5.3948280e+06   3.9550781e+01
   5.3948380e+06   4.2480469e+01
   5.3949130e+06   4.2846680e+01
   5.3949730e+06   5.4870605e+01
   5.3950000e+06   4.3823242e+01
   5.3951040e+06   4.8156738e+01
   5.3952530e+06   4.5837402e+01
   5.4032790e+06   4.6508789e+01
   5.4034760e+06   4.2724609e+01
   5.4037600e+06   3.8818359e+01
   5.4040660e+06   3.7170410e+01
   5.4050520e+06   3.7963867e+01
   5.4066460e+06   3.8391113e+01
   5.4070960e+06   4.2358398e+01
   5.4074940e+06   4.4433594e+01
   5.4079200e+06   3.7841797e+01
   5.4093460e+06   3.9123535e+01
   5.4108860e+06   4.0588379e+01
   5.4153580e+06   3.9184570e+01
   5.4155380e+06   4.6630859e+01
   5.4155500e+06   3.8574219e+01
   5.4158800e+06   3.8146973e+01
   5.4163090e+06   3.8024902e+01
   5.4165850e+06   4.7668457e+01
   5.4889860e+06   3.8574219e+01
   5.4891230e+06   4.0893555e+01
   5.4895460e+06   4.6936035e+01
   5.4907490e+06   4.1381836e+01
   5.4913820e+06   3.8146973e+01
   5.4914490e+06   3.9855957e+01
   5.4914600e+06   3.6926270e+01
   5.4930230e+06   3.8696289e+01
   5.4935660e+06   3.7231445e+01
   5.5308090e+06   4.2236328e+01
   5.5308870e+06   3.9550781e+01
   5.5312490e+06   3.6804199e+01
   5.5316130e+06   4.5654297e+01
   5.5319640e+06   5.0048828e+01
   5.5325370e+06   4.0039062e+01
   5.5332410e+06   4.3273926e+01
   5.5339520e+06   4.1381836e+01
   5.5735320e+06   4.0405273e+01
   5.5741520e+06   3.8269043e+01
   5.5744110e+06   3.7292480e+01
   5.5745050e+06   4.1992188e+01
   5.5746210e+06   4.4860840e+01
   5.5749240e+06   4.2419434e+01
   5.5753190e+06   3.7292480e+01
   5.5759370e+06   3.8879395e+01
   5.6029410e+06   4.0039062e+01
   5.6030480e+06   4.5776367e+01
   5.6035450e+06   4.0283203e+01
   5.6039150e+06   5.0292969e+01
   5.6039760e+06   3.8085938e+01
   5.6040150e+06   4.7607422e+01
   5.6044790e+06   3.7719727e+01
   5.6046910e+06   4.6508789e+01
   5.6051840e+06   3.9978027e+01
   5.6372340e+06   4.4006348e+01
   5.6373530e+06   4.6936035e+01
   5.6380760e+06   3.8024902e+01
   5.6381930e+06   3.9550781e+01
   5.6385070e+06   3.6682129e+01
   5.6387560e+06   5.4321289e+01
   5.6393280e+06   4.2053223e+01
   5.6735340e+06   4.7607422e+01
   5.6749290e+06   5.7556152e+01
   5.6754880e+06   5.0598145e+01
   5.7234070e+06   4.4189453e+01
   5.7240010e+06   3.9794922e+01
   5.7245080e+06   5.1452637e+01
   5.7245430e+06   4.6691895e+01
   5.7556110e+06   3.8024902e+01
   5.7557610e+06   5.3649902e+01
   5.7558260e+06   3.6926270e+01
   5.7566980e+06   4.3884277e+01
   5.7570810e+06   4.4006348e+01
   5.7883950e+06   4.5410156e+01
   5.7884140e+06   3.7780762e+01
   5.7890630e+06   4.3640137e+01
   5.7891510e+06   3.8085938e+01
   5.7902190e+06   4.2724609e+01
   5.7909330e+06   4.0161133e+01
   5.8165570e+06   4.1564941e+01
   5.8169630e+06   3.7597656e+01
   5.8169990e+06   5.4626465e+01
   5.8468740e+06   4.0222168e+01
   5.8473570e+06   3.8757324e+01
   5.8806590e+06   3.7353516e+01
   5.8813950e+06   4.2541504e+01
   5.8819180e+06   3.9001465e+01
   5.8821010e+06   3.9184570e+01
   5.8822720e+06   5.0537109e+01
   5.8828040e+06   3.9245605e+01
   5.8828370e+06   4.5898438e+01
   5.9088340e+06   4.0588379e+01
   5.9089280e+06   3.9978027e+01
   5.9089490e+06   4.1931152e+01
   5.9090230e+06   3.9367676e+01
   5.9090330e+06   5.3039551e+01
   5.9091200e+06   3.6621094e+01
   5.9091500e+06   3.8818359e+01
   5.9092460e+06   3.8208008e+01
   5.9113780e+06   4.2785645e+01
   5.9203320e+06   4.0649414e+01
   5.9204040e+06   4.2480469e+01
   5.9204270e+06   3.7353516e+01
   5.9204740e+06   4.3334961e+01
   5.9205550e+06   4.0100098e+01
   5.9205800e+06   4.4311523e+01
   5.9207300e+06   4.2480469e+01
   5.9207530e+06   4.3457031e+01
   5.9209050e+06   4.0527344e+01
   5.9209770e+06   3.6926270e+01
   5.9229390e+06   3.8452148e+01
   5.9233430e+06   3.8818359e+01
   5.9301120e+06   3.8024902e+01
   5.9301260e+06   4.0222168e+01
   5.9302070e+06   5.6579590e+01
   5.9302910e+06   4.4311523e+01
   5.9305880e+06   3.9245605e+01
   5.9319500e+06   4.0649414e+01
   5.9398960e+06   5.1208496e+01
   5.9399490e+06   5.6457520e+01
   5.9399740e+06   5.8959961e+01
   5.9400020e+06   6.7016602e+01
   5.9401280e+06   4.0588379e+01
   5.9401670e+06   3.9855957e+01
   5.9403230e+06   4.6508789e+01
   6.1270390e+06   3.8085938e+01
   6.2002800e+06   4.2846680e+01
   6.2003120e+06   4.9926758e+01
   6.2003420e+06   4.0344238e+01
   6.2003580e+06   5.2917480e+01
   6.2003920e+06   3.9245605e+01
   6.2004620e+06   4.3457031e+01
   6.2018670e+06   3.8513184e+01
   6.2023810e+06   3.7414551e+01
   6.2048730e+06   3.9184570e+01
   6.2138120e+06   4.1381836e+01
   6.2138270e+06   4.4555664e+01
   6.2138600e+06   3.8879395e+01
   6.2138900e+06   5.0292969e+01
   6.2139610e+06   5.4443359e+01
   6.2139970e+06   4.1198730e+01
   6.2140720e+06   6.3171387e+01
   6.2142060e+06   4.4006348e+01
   6.2144390e+06   3.6743164e+01
   6.2168960e+06   4.6569824e+01
   6.2173440e+06   3.7170410e+01
   6.2244040e+06   3.8513184e+01
   6.2244470e+06   5.1940918e+01
   6.2245320e+06   3.7536621e+01
   6.2246290e+06   4.5227051e+01
   6.2246490e+06   3.7902832e+01
   6.2247960e+06   3.8024902e+01
   6.2248330e+06   4.4128418e+01
   6.2250910e+06   4.6752930e+01
   6.3095340e+06   3.8940430e+01
   6.3095450e+06   3.9733887e+01
   6.3095780e+06   3.8818359e+01
   6.3096040e+06   6.6040039e+01
   6.3096230e+06   3.8269043e+01
   6.3096530e+06   4.4372559e+01
   6.3097380e+06   3.8269043e+01
   6.3127510e+06   3.8208008e+01
   6.3571070e+06   3.8269043e+01
   6.3574880e+06   5.6640625e+01
   6.3576360e+06   4.3273926e+01
   6.3576800e+06   3.8879395e+01
   6.3578020e+06   3.9855957e+01
   6.3609850e+06   3.7109375e+01
   6.4082760e+06   3.8024902e+01
   6.4082960e+06   3.7841797e+01
   6.4083060e+06   3.8757324e+01
   6.4083610e+06   6.4270020e+01
   6.4083720e+06   4.5227051e+01
   6.4084230e+06   4.6264648e+01
   6.4085090e+06   3.7719727e+01
   6.4086810e+06   4.2480469e+01
   6.4088230e+06   3.6926270e+01
   6.4687560e+06   3.9184570e+01
   6.4687970e+06   3.8024902e+01
   6.4688140e+06   3.6682129e+01
   6.4689090e+06   6.0791016e+01
   6.4689450e+06   3.7048340e+01
   6.4689930e+06   3.7231445e+01
   6.4690340e+06   3.7902832e+01
   6.4692040e+06   3.9550781e+01
   6.4710900e+06   4.0344238e+01
   6.6328840e+06   3.7963867e+01
   6.7138090e+06   5.5603027e+01
   6.7145560e+06   4.0832520e+01
   6.7596820e+06   3.6682129e+01
   6.7855860e+06   3.8085938e+01
   6.7955780e+06   3.7231445e+01
   6.8025950e+06   3.7292480e+01
   6.8031980e+06   4.1442871e+01
   6.8256040e+06   4.1442871e+01
   6.8259470e+06   4.1687012e+01
   6.8266720e+06   5.0109863e+01
   6.8268150e+06   3.6743164e+01
   6.9864570e+06   3.8085938e+01
   6.9864930e+06   3.8818359e+01
   6.9865300e+06   5.4077148e+01
   6.9865460e+06   5.1452637e+01
   6.9865640e+06   4.7241211e+01
   6.9866530e+06   6.2561035e+01
   6.9867320e+06   3.7048340e+01
   6.9867780e+06   4.0344238e+01
   6.9922490e+06   3.9733887e+01
   6.9957300e+06   3.8024902e+01
   6.9961810e+06   5.4321289e+01
   6.9965320e+06   4.1503906e+01
   6.9968430e+06   4.8950195e+01
   6.9971560e+06   4.3762207e+01
   6.9975650e+06   4.5593262e+01
   7.0045460e+06   4.6508789e+01
   7.0049000e+06   3.8024902e+01
   7.0050170e+06   4.6264648e+01
   7.0055570e+06   3.6682129e+01
   7.0056830e+06   4.4128418e+01
   7.0058000e+06   3.7292480e+01
   7.0061280e+06   4.4921875e+01
   7.0062270e+06   3.9001465e+01
   7.0064440e+06   3.8391113e+01
   7.0071950e+06   3.7414551e+01
   7.0077010e+06   3.9672852e+01
   7.1144210e+06   4.2053223e+01
   7.1426970e+06   5.3100586e+01
   7.1659500e+06   4.2175293e+01
   7.1846970e+06   4.5471191e+01
   7.1848930e+06   4.4616699e+01
   7.2046630e+06   4.2480469e+01
   7.2056070e+06   4.3884277e+01
   7.2246120e+06   3.6804199e+01
   7.2450630e+06   4.1015625e+01
   7.2620300e+06   4.3457031e+01
   7.2622500e+06   4.4189453e+01
   7.2802420e+06   3.8085938e+01
   7.3074970e+06   4.3029785e+01
   7.3828320e+06   3.6926270e+01
   7.3836130e+06   4.5898438e+01
   7.3837270e+06   3.8269043e+01
   7.3837710e+06   4.1503906e+01
   7.3943750e+06   3.9672852e+01
   7.3945270e+06   4.0039062e+01
   7.3946210e+06   6.3720703e+01
   7.3946760e+06   5.8776855e+01
   7.3947450e+06   3.6682129e+01
   7.3947640e+06   3.8269043e+01
   7.3947960e+06   6.7443848e+01
   7.3948610e+06   4.0832520e+01
   7.3949030e+06   5.2185059e+01
   7.3949860e+06   3.6560059e+01
   7.3977920e+06   3.7353516e+01
   7.4003270e+06   4.1137695e+01
   7.4008990e+06   3.9245605e+01
   7.4013220e+06   3.7963867e+01
   7.4016550e+06   3.8085938e+01
   7.4019860e+06   4.9499512e+01
   7.4022640e+06   4.0222168e+01
   7.4029210e+06   3.7292480e+01
   7.4065520e+06   4.0466309e+01
   7.4066960e+06   3.8635254e+01
   7.4069800e+06   3.7597656e+01
   7.4070150e+06   3.8391113e+01
   7.4070490e+06   4.1076660e+01
   7.4071360e+06   3.6926270e+01
   7.4071840e+06   3.8757324e+01
   7.4072370e+06   4.2236328e+01
   7.4073860e+06   4.1381836e+01
   7.4075850e+06   4.4006348e+01
   7.4098370e+06   3.7170410e+01
   7.4122750e+06   3.9855957e+01
   7.4175380e+06   7.2998047e+01
   7.4175980e+06   5.4931641e+01
   7.4176650e+06   3.8879395e+01
   7.4177880e+06   4.6264648e+01
   7.4179030e+06   3.9306641e+01
   7.4182380e+06   3.8452148e+01
   7.4286400e+06   4.1870117e+01
   7.4286630e+06   5.4748535e+01
   7.4286930e+06   4.2968750e+01
   7.4287500e+06   3.8818359e+01
   7.4287610e+06   3.9550781e+01
   7.4288570e+06   3.8269043e+01
   7.4290310e+06   4.1503906e+01
   7.4290830e+06   3.8269043e+01
   7.4302610e+06   3.9489746e+01
   7.4306360e+06   3.6804199e+01
   7.5257670e+06   3.9306641e+01
   7.5258040e+06   3.7231445e+01
   7.5258730e+06   4.1259766e+01
   7.5259030e+06   4.3273926e+01
   7.5259340e+06   4.7851562e+01
   7.5260240e+06   4.2236328e+01
   7.5268900e+06   3.7292480e+01
   7.5281260e+06   4.1564941e+01
   7.5299750e+06   3.9916992e+01
   7.5303410e+06   5.1391602e+01
   7.5311890e+06   4.6081543e+01
   7.5791870e+06   3.7475586e+01
   7.5793910e+06   3.8696289e+01
   7.5797350e+06   3.7597656e+01
   7.5797610e+06   4.7973633e+01
   7.5798040e+06   5.3649902e+01
   7.5798330e+06   4.1259766e+01
   7.5799280e+06   5.1025391e+01
   7.5799440e+06   4.6386719e+01
   7.5800160e+06   3.8574219e+01
   7.5800850e+06   4.3518066e+01
   7.5841290e+06   3.8696289e+01
   7.5846360e+06   4.1687012e+01
   7.6330340e+06   4.5715332e+01
   7.6333380e+06   4.9865723e+01
   7.6334190e+06   5.9326172e+01
   7.6334480e+06   4.0893555e+01
   7.6334820e+06   6.0607910e+01
   7.6335210e+06   4.0588379e+01
   7.6335760e+06   4.0100098e+01
   7.6337110e+06   4.0344238e+01
   7.6377060e+06   4.4433594e+01
   7.6385210e+06   4.0466309e+01
   7.6549450e+06   3.6499023e+01
   7.6550050e+06   4.5715332e+01
   7.6550760e+06   4.7729492e+01
   7.6551160e+06   4.9316406e+01
   7.6551670e+06   4.6447754e+01
   7.6552390e+06   4.7119141e+01
   7.6553860e+06   4.6508789e+01
   7.6554450e+06   3.6560059e+01
   7.6559600e+06   3.7353516e+01
   7.6583670e+06   3.7353516e+01
   7.7143530e+06   4.2663574e+01
   7.7143650e+06   4.9194336e+01
   7.7144310e+06   3.7658691e+01
   7.7144920e+06   5.4504395e+01
   7.7145050e+06   3.8940430e+01
   7.7146400e+06   4.2846680e+01
   7.7285770e+06   3.7597656e+01
   7.7695960e+06   3.6743164e+01
   7.7696180e+06   4.5715332e+01
   7.7696540e+06   4.0771484e+01
   7.7696750e+06   5.8166504e+01
   7.7697160e+06   5.3710938e+01
   7.7697700e+06   3.7597656e+01
   7.7698070e+06   4.2663574e+01
   7.7699390e+06   3.6560059e+01
   7.7708230e+06   3.7963867e+01
   7.8294970e+06   4.2053223e+01
   7.8296710e+06   4.7058105e+01
   7.8297170e+06   3.9184570e+01
   7.8297690e+06   8.9965820e+01
   7.8298720e+06   3.6499023e+01
   7.8298920e+06   4.2114258e+01
   7.8300400e+06   3.9672852e+01
   7.8325070e+06   3.7536621e+01
   7.8651090e+06   4.4677734e+01
   7.8651280e+06   3.6499023e+01
   7.8651390e+06   4.3029785e+01
   7.8652040e+06   4.5471191e+01
   7.8652370e+06   5.3039551e+01
   7.8653070e+06   5.2001953e+01
   7.8653490e+06   3.9733887e+01
   7.8654280e+06   3.6987305e+01
   7.8655710e+06   3.7719727e+01
   7.8657560e+06   4.0405273e+01
   7.8672130e+06   4.0710449e+01
   7.9172420e+06   3.8574219e+01
   7.9172920e+06   3.8269043e+01
   7.9173500e+06   5.0048828e+01
   7.9173710e+06   5.3710938e+01
   7.9174200e+06   3.8269043e+01
   7.9175010e+06   4.1381836e+01
   7.9176450e+06   3.9550781e+01
   7.9798740e+06   4.7546387e+01
   7.9803730e+06   3.9733887e+01
   7.9804200e+06   3.7780762e+01
   7.9804460e+06   4.7363281e+01
   7.9805160e+06   4.6813965e+01
   7.9805460e+06   5.6091309e+01
   7.9805980e+06   3.9794922e+01
   7.9806620e+06   4.7424316e+01
   7.9839130e+06   3.7597656e+01
   8.0353100e+06   4.4128418e+01
   8.0353630e+06   4.1259766e+01
   8.0354170e+06   3.6682129e+01
   8.0354520e+06   4.9743652e+01
   8.0354800e+06   4.0161133e+01
   8.0355110e+06   5.2795410e+01
   8.0355850e+06   4.1076660e+01
   8.0357460e+06   3.8208008e+01
   8.0358880e+06   3.7963867e+01
   8.0363130e+06   3.6987305e+01
   8.0915370e+06   4.8522949e+01
   8.0919570e+06   4.7119141e+01
   8.0921590e+06   4.9926758e+01
   8.0921730e+06   3.7536621e+01
   8.0922040e+06   4.0649414e+01
   8.0923500e+06   3.9306641e+01
   8.0924710e+06   4.0222168e+01
   8.1517320e+06   4.1931152e+01
   8.1517420e+06   4.1992188e+01
   8.1521410e+06   4.1259766e+01
   8.1523530e+06   3.6560059e+01
   8.1523960e+06   3.8024902e+01
   8.1526310e+06   4.2358398e+01
   8.1526530e+06   4.0588379e+01
   8.1530640e+06   4.6447754e+01
   8.1535200e+06   4.6936035e+01
   8.1539240e+06   4.3273926e+01
   8.1546120e+06   4.2480469e+01
   8.1827230e+06   4.4555664e+01
   8.1827780e+06   3.8940430e+01
   8.1832020e+06   4.4433594e+01
   8.1836560e+06   5.5236816e+01
   8.1840820e+06   4.1687012e+01
   8.1845010e+06   4.7729492e+01
   8.2205770e+06   3.9550781e+01
   8.2206190e+06   3.7597656e+01
   8.2208310e+06   3.8208008e+01
   8.2210550e+06   4.9987793e+01
   8.2211310e+06   4.0344238e+01
   8.2215620e+06   3.9306641e+01
   8.2217200e+06   4.2358398e+01
   8.2222300e+06   3.9306641e+01
   8.2626350e+06   3.6987305e+01
   8.2627990e+06   3.9733887e+01
   8.2634720e+06   4.5532227e+01
   8.2645160e+06   3.8696289e+01
   8.3118950e+06   4.1015625e+01
   8.3131200e+06   4.4128418e+01
   8.3132420e+06   3.7963867e+01
   8.3135600e+06   3.6682129e+01
   8.3141650e+06   4.1259766e+01
   8.3484690e+06   3.9428711e+01
   8.3491480e+06   3.9978027e+01
   8.3491890e+06   3.8208008e+01
   8.3496270e+06   4.3884277e+01
   8.3865600e+06   4.3701172e+01
   8.3866970e+06   4.1564941e+01
   8.3868750e+06   4.2907715e+01
   8.3873740e+06   4.6386719e+01
   8.3880090e+06   3.7414551e+01
   8.4297340e+06   3.7170410e+01
   8.4301900e+06   3.9306641e+01
   8.4304700e+06   4.0283203e+01
   8.4308670e+06   4.4616699e+01
   8.4310330e+06   4.2236328e+01
   8.4314420e+06   3.7292480e+01
   8.4320900e+06   3.8452148e+01
   8.4791710e+06   4.3395996e+01
   8.4795580e+06   4.1687012e+01
   8.4804640e+06   3.6743164e+01
   8.4812230e+06   4.1442871e+01
   8.5167640e+06   3.7414551e+01
   8.5176630e+06   4.2663574e+01
   8.5177100e+06   3.8574219e+01
   8.5179770e+06   4.8828125e+01
   8.5183710e+06   4.2480469e+01
   8.5580110e+06   3.6560059e+01
   8.5582240e+06   3.7048340e+01
   8.5593560e+06   4.3457031e+01
   8.5901460e+06   3.7963867e+01
   8.5901650e+06   4.0039062e+01
   8.5916660e+06   6.1340332e+01
   8.5919760e+06   3.6621094e+01
   8.6551540e+06   4.4006348e+01
   8.6556900e+06   3.8330078e+01
   8.6568290e+06   4.2541504e+01
   8.6973760e+06   4.0649414e+01
   8.6975850e+06   3.7170410e+01
   8.6976640e+06   3.7658691e+01
   8.6981890e+06   4.0649414e+01
   8.6985670e+06   4.4250488e+01
   8.6992080e+06   3.6987305e+01
   8.6992570e+06   3.8696289e+01
   8.7300320e+06   3.9550781e+01
   8.7303340e+06   3.6743164e+01
   8.7308590e+06   3.7292480e+01
   8.7311610e+06   4.7058105e+01
   8.7628860e+06   3.7658691e+01
   8.7632500e+06   3.8146973e+01
   8.7635810e+06   3.7109375e+01
   8.7644470e+06   4.1503906e+01
   8.7819930e+06   4.5959473e+01
   8.8068680e+06   4.5593262e+01
   8.8071190e+06   3.9489746e+01
   8.8075110e+06   3.9672852e+01
   8.8078390e+06   4.5227051e+01
   8.8088020e+06   5.1635742e+01
   8.8090730e+06   4.1625977e+01
   8.8095420e+06   4.1198730e+01
   8.8097220e+06   3.8208008e+01
   8.8098250e+06   3.6621094e+01
   8.8099250e+06   4.0832520e+01
   8.8611160e+06   4.7973633e+01
   8.8621260e+06   4.4433594e+01
   8.8623320e+06   3.8208008e+01
   8.8623860e+06   4.5471191e+01
   8.8628470e+06   5.0720215e+01
   8.8633130e+06   4.5104980e+01
   8.8637300e+06   4.1442871e+01
   8.8984850e+06   4.5532227e+01
   8.8992820e+06   4.2480469e+01
   8.8999380e+06   4.9804688e+01
   8.9376400e+06   4.6081543e+01
   8.9376940e+06   4.1198730e+01
   8.9378390e+06   3.9978027e+01
   8.9383010e+06   3.8024902e+01
   8.9383210e+06   4.3151855e+01
   8.9387960e+06   4.1748047e+01
   8.9394040e+06   5.0842285e+01
   8.9400950e+06   4.1748047e+01
   8.9775510e+06   4.6691895e+01
   8.9775930e+06   4.0832520e+01
   8.9779010e+06   4.9865723e+01
   8.9783540e+06   5.2673340e+01
   8.9786960e+06   4.2236328e+01
   8.9787290e+06   3.9367676e+01
   8.9789410e+06   4.0100098e+01
   8.9794160e+06   3.7780762e+01
   8.9795230e+06   3.8269043e+01
   8.9946740e+06   4.0222168e+01
   8.9947430e+06   4.0405273e+01
   8.9947800e+06   4.1259766e+01
   8.9948550e+06   4.7302246e+01
   8.9948900e+06   4.8217773e+01
   8.9950360e+06   4.5227051e+01
   8.9978990e+06   3.9123535e+01
   8.9987150e+06   3.7658691e+01
   9.0005210e+06   4.1992188e+01
   9.0011160e+06   4.1870117e+01
   9.0015400e+06   4.5043945e+01
   9.0026980e+06   3.8818359e+01
   9.0056230e+06   4.0710449e+01
   9.0058380e+06   4.6997070e+01
   9.0058970e+06   3.9611816e+01
   9.0060610e+06   4.8400879e+01
   9.0064570e+06   4.0893555e+01
   9.0073790e+06   3.9428711e+01
   9.0081210e+06   3.8452148e+01
   9.0102950e+06   3.8696289e+01
   9.0138280e+06   4.8522949e+01
   9.0144930e+06   3.8635254e+01
   9.0146720e+06   4.1931152e+01
   9.0149590e+06   3.7353516e+01
   9.0153670e+06   3.8452148e+01
   9.0783400e+06   5.2612305e+01
   9.0785240e+06   3.8330078e+01
   9.0785600e+06   3.6865234e+01
   9.0788230e+06   4.1687012e+01
   9.0791200e+06   3.9001465e+01
   9.0792200e+06   3.9184570e+01
   9.0793990e+06   3.9489746e+01
   9.0796600e+06   4.2968750e+01
   9.0798050e+06   5.6823730e+01
   9.0798710e+06   3.6987305e+01
   9.0802560e+06   4.5227051e+01
   9.0803660e+06   3.6926270e+01
   9.0809560e+06   3.8513184e+01
   9.0814850e+06   4.1931152e+01
   9.0823850e+06   4.4555664e+01
   9.0827080e+06   3.6926270e+01
   9.0828190e+06   4.9011230e+01
   9.0850300e+06   4.5959473e+01
   9.1211130e+06   3.8757324e+01
   9.1212300e+06   5.4809570e+01
   9.1215430e+06   4.2724609e+01
   9.1218570e+06   4.0893555e+01
   9.1219300e+06   4.1809082e+01
   9.1221420e+06   4.4067383e+01
   9.1224170e+06   4.4555664e+01
   9.1227060e+06   4.0710449e+01
   9.1231460e+06   4.1870117e+01
   9.1489000e+06   4.5776367e+01
   9.1489920e+06   4.4189453e+01
   9.1492580e+06   3.6987305e+01
   9.1493860e+06   3.9733887e+01
   9.1502000e+06   4.5959473e+01
   9.1505810e+06   4.0588379e+01
   9.1508520e+06   3.7048340e+01
   9.1512500e+06   4.1992188e+01
   9.1778790e+06   4.2053223e+01
   9.1780100e+06   3.7841797e+01
   9.1780290e+06   4.8095703e+01
   9.1782900e+06   3.7658691e+01
   9.1786810e+06   4.6020508e+01
   9.1787010e+06   3.7353516e+01
   9.1789870e+06   4.2541504e+01
   9.1800770e+06   3.7109375e+01
   9.1805720e+06   4.1015625e+01
   9.1847790e+06   4.0283203e+01
   9.1852940e+06   3.8513184e+01
   9.2071450e+06   5.1269531e+01
   9.2072590e+06   4.0649414e+01
   9.2072840e+06   6.6955566e+01
   9.2074970e+06   4.4738770e+01
   9.2078160e+06   3.8208008e+01
   9.2079120e+06   4.2541504e+01
   9.2081650e+06   3.9123535e+01
   9.2084030e+06   3.8391113e+01
   9.2087130e+06   3.9245605e+01
   9.2090730e+06   3.7780762e+01
   9.2127290e+06   3.8208008e+01
   9.2310990e+06   3.8146973e+01
   9.2312450e+06   3.8757324e+01
   9.2312850e+06   3.7414551e+01
   9.2314790e+06   4.1931152e+01
   9.2318380e+06   3.9123535e+01
   9.2321430e+06   4.0344238e+01
   9.2325180e+06   4.3090820e+01
   9.2328040e+06   4.2480469e+01
   9.2330980e+06   3.6926270e+01
   9.2369140e+06   5.1025391e+01
   9.2381830e+06   4.7119141e+01
   9.2383640e+06   3.9550781e+01
   9.2384230e+06   4.3884277e+01
   9.2388850e+06   3.6865234e+01
   9.2393960e+06   4.4616699e+01
   9.2492840e+06   5.0170898e+01
   9.2495690e+06   4.5349121e+01
   9.2497480e+06   3.6743164e+01
   9.2501620e+06   3.7719727e+01
   9.2505980e+06   5.0048828e+01
   9.2513140e+06   3.8635254e+01
   9.2518450e+06   4.2297363e+01
   9.2958030e+06   4.8034668e+01
   9.2959890e+06   4.3945312e+01
   9.2959990e+06   5.4870605e+01
   9.2971450e+06   3.7902832e+01
   9.2974190e+06   5.7373047e+01
   9.2978070e+06   3.7353516e+01
   9.2981470e+06   3.7109375e+01
   9.2985970e+06   4.3029785e+01
   9.2997410e+06   4.3273926e+01
   9.3034280e+06   4.2236328e+01
   9.3039770e+06   5.2978516e+01
   9.3518140e+06   3.8208008e+01
   9.3519580e+06   5.1208496e+01
   9.3520200e+06   3.7292480e+01
   9.3524820e+06   3.8024902e+01
   9.3525550e+06   4.6569824e+01
   9.3528460e+06   4.7851562e+01
   9.3535230e+06   4.0100098e+01
   9.3536170e+06   3.7170410e+01
   9.3595480e+06   4.5776367e+01
   9.3596300e+06   3.7048340e+01
   9.3601190e+06   3.7719727e+01
   9.4018670e+06   4.6203613e+01
   9.4019890e+06   5.4992676e+01
   9.4020800e+06   4.1809082e+01
   9.4025500e+06   4.0222168e+01
   9.4027240e+06   3.9794922e+01
   9.4031620e+06   3.7353516e+01
   9.4034910e+06   3.7597656e+01
   9.4038640e+06   3.8513184e+01
   9.4041720e+06   3.7231445e+01
   9.4045000e+06   4.1442871e+01
   9.4057630e+06   3.6743164e+01
   9.4064820e+06   3.7170410e+01
   9.4069830e+06   4.2053223e+01
   9.4075650e+06   4.0710449e+01
   9.4084550e+06   3.6682129e+01
   9.4545880e+06   4.2724609e+01
   9.4547730e+06   3.6804199e+01
   9.4548140e+06   4.1992188e+01
   9.4549710e+06   4.0222168e+01
   9.4552690e+06   3.9428711e+01
   9.4562340e+06   3.7048340e+01
   9.4566690e+06   4.1381836e+01
   9.4582280e+06   3.7902832e+01
   9.4944880e+06   4.6508789e+01
   9.4946890e+06   4.0710449e+01
   9.4948240e+06   4.0771484e+01
   9.4949470e+06   4.1198730e+01
   9.4954550e+06   3.8513184e+01
   9.4957600e+06   3.6865234e+01
   9.4963050e+06   3.9489746e+01
   9.5138520e+06   4.5593262e+01
   9.5138930e+06   5.2734375e+01
   9.5139730e+06   4.5043945e+01
   9.5139990e+06   4.4067383e+01
   9.5140870e+06   4.0832520e+01
   9.5142030e+06   4.3518066e+01
   9.5150560e+06   3.8635254e+01
   9.5179310e+06   3.7719727e+01
   9.5184200e+06   4.2236328e+01
   9.5187880e+06   3.8940430e+01
   9.5191350e+06   3.8696289e+01
   9.5194320e+06   3.6926270e+01
   9.5200990e+06   3.7170410e+01
   9.5246470e+06   4.6447754e+01
   9.5247960e+06   3.9550781e+01
   9.5248280e+06   3.8330078e+01
   9.5250310e+06   4.3762207e+01
   9.5251260e+06   5.3100586e+01
   9.5252280e+06   3.7597656e+01
   9.5252780e+06   4.4799805e+01
   9.5252890e+06   4.1503906e+01
   9.5253320e+06   4.4494629e+01
   9.5253740e+06   4.3457031e+01
   9.5254510e+06   4.6691895e+01
   9.5254960e+06   3.6804199e+01
   9.5255610e+06   4.0405273e+01
   9.5256370e+06   3.6987305e+01
   9.5258220e+06   3.7353516e+01
   9.5370340e+06   3.9428711e+01
   9.5372930e+06   4.1992188e+01
   9.5380610e+06   4.2785645e+01
   9.5381220e+06   4.6630859e+01
   9.5381670e+06   4.0344238e+01
   9.5382380e+06   3.6804199e+01
   9.5382900e+06   3.7902832e+01
   9.5385030e+06   4.0771484e+01
   9.5387730e+06   4.0283203e+01
   9.6337070e+06   4.5227051e+01
   9.6341980e+06   3.8391113e+01
   9.6342180e+06   5.9631348e+01
   9.6342490e+06   3.8574219e+01
   9.6342670e+06   3.8635254e+01
   9.6342860e+06   3.9672852e+01
   9.6343030e+06   5.4321289e+01
   9.6344040e+06   5.5175781e+01
   9.6345380e+06   4.0649414e+01
   9.6376250e+06   3.8635254e+01
   9.6384120e+06   3.8574219e+01
   9.6387210e+06   3.7170410e+01
   9.6393950e+06   3.6926270e+01
   9.6908020e+06   5.5908203e+01
   9.6911420e+06   4.3334961e+01
   9.6912240e+06   3.6865234e+01
   9.6912660e+06   3.6926270e+01
   9.6912790e+06   5.5847168e+01
   9.6913010e+06   4.3212891e+01
   9.6913490e+06   3.7353516e+01
   9.6914590e+06   3.7414551e+01
   9.6914720e+06   4.3273926e+01
   9.6915310e+06   4.2541504e+01
   9.6915950e+06   4.2785645e+01
   9.7508310e+06   3.7414551e+01
   9.7509170e+06   3.9611816e+01
   9.7509370e+06   3.7658691e+01
   9.7509720e+06   4.3762207e+01
   9.7510200e+06   4.7851562e+01
   9.7510950e+06   4.7180176e+01
   9.7512260e+06   4.1076660e+01
   9.7521760e+06   3.9794922e+01
   9.7536010e+06   3.9245605e+01
   9.7552390e+06   3.8024902e+01
   9.7558760e+06   3.6804199e+01
   9.8264440e+06   3.7719727e+01
   9.8264660e+06   4.4860840e+01
   9.8265370e+06   4.3945312e+01
   9.8266330e+06   4.5532227e+01
   9.8266530e+06   3.7475586e+01
   9.8267740e+06   4.0710449e+01
   9.8269280e+06   3.9428711e+01
   9.8272030e+06   4.0771484e+01
   9.8298550e+06   4.1870117e+01
   9.8302500e+06   3.9550781e+01
   9.8306220e+06   3.6926270e+01
   9.8309840e+06   3.8452148e+01
   9.8313720e+06   4.2663574e+01
   9.8836150e+06   3.6804199e+01
   9.9124530e+06   3.9978027e+01
   1.0088607e+07   4.3823242e+01
   1.0203256e+07   3.7353516e+01
   1.0341047e+07   3.9733887e+01
   1.0357383e+07   3.6743164e+01
   1.0684027e+07   4.1687012e+01
   1.0684089e+07   4.6813965e+01
   1.0684123e+07   3.7475586e+01
   1.0684160e+07   5.0476074e+01
   1.0684180e+07   4.1870117e+01
   1.0684203e+07   4.0405273e+01
   1.0684257e+07   4.2236328e+01
   1.0684275e+07   4.3518066e+01
   1.0684298e+07   4.9560547e+01
   1.0684482e+07   5.2978516e+01
   1.0689845e+07   3.6621094e+01
   1.0691253e+07   4.9560547e+01
   1.0691557e+07   4.4311523e+01
   1.0691809e+07   4.3395996e+01
   1.0692224e+07   3.7292480e+01
   1.0693180e+07   4.7424316e+01
   1.0693459e+07   3.8757324e+01
   1.0693740e+07   3.8879395e+01
   1.0694561e+07   4.1259766e+01
   1.0696168e+07   4.2114258e+01
   1.0696292e+07   3.9611816e+01
   1.0696411e+07   4.8156738e+01
   1.0696463e+07   4.4677734e+01
   1.0696539e+07   4.6081543e+01
   1.0696607e+07   4.5227051e+01
   1.0696676e+07   3.7414551e+01
   1.0696701e+07   4.1992188e+01
   1.0696740e+07   4.1442871e+01
   1.0696795e+07   3.7048340e+01
   1.0696856e+07   3.8635254e+01
   1.0697038e+07   3.9550781e+01
   1.0697725e+07   4.6997070e+01
   1.0708200e+07   3.7597656e+01
   1.0708234e+07   3.6621094e+01
   1.0708262e+07   3.8146973e+01
   1.0708346e+07   4.4616699e+01
   1.0708413e+07   4.4738770e+01
   1.0708470e+07   4.5288086e+01
   1.0708570e+07   3.6804199e+01
   1.0713927e+07   3.6865234e+01
   1.0820947e+07   4.0405273e+01
   1.0820979e+07   4.4067383e+01
   1.0821167e+07   5.0842285e+01
   1.0821239e+07   3.8879395e+01
   1.0821261e+07   3.8818359e+01
   1.0821333e+07   8.3251953e+01
   1.0821390e+07   5.3771973e+01
   1.0821441e+07   4.9072266e+01
   1.0826053e+07   4.1503906e+01
   1.0826381e+07   3.8085938e+01
   1.0826690e+07   4.4433594e+01
   1.0826988e+07   3.9794922e+01
   1.0827401e+07   4.8156738e+01
   1.0828022e+07   4.1809082e+01
   1.0828357e+07   4.1137695e+01
   1.0828824e+07   3.7292480e+01
   1.0890308e+07   4.0832520e+01
   1.0890351e+07   3.6865234e+01
   1.0890366e+07   3.6804199e+01
   1.0890432e+07   4.0405273e+01
   1.0890481e+07   5.1574707e+01
   1.0890532e+07   4.5837402e+01
   1.0894057e+07   4.0344238e+01
   1.0894313e+07   4.4616699e+01
   1.0894561e+07   3.7109375e+01
   1.0895918e+07   3.9123535e+01
   1.0896626e+07   3.9489746e+01
   1.0897574e+07   4.0283203e+01
   1.0946486e+07   3.6682129e+01
   1.0946509e+07   7.4462891e+01
   1.0946550e+07   4.7058105e+01
   1.0946620e+07   5.0231934e+01
   1.0946664e+07   4.0954590e+01
   1.0946726e+07   3.9184570e+01
   1.0946740e+07   3.7292480e+01
   1.0949057e+07   3.8269043e+01
   1.0950766e+07   3.7170410e+01
   1.0951377e+07   4.7241211e+01
   1.0952769e+07   4.0100098e+01
   1.1007988e+07   4.0710449e+01
   1.1008020e+07   3.6987305e+01
   1.1008075e+07   6.3415527e+01
   1.1008087e+07   4.3701172e+01
   1.1008159e+07   4.1564941e+01
   1.1008198e+07   4.5043945e+01
   1.1008372e+07   3.9489746e+01
   1.1008389e+07   4.4677734e+01
   1.1008705e+07   4.0161133e+01
   1.1008876e+07   4.3090820e+01
   1.1011943e+07   3.7902832e+01
   1.1012255e+07   3.9428711e+01
   1.1012871e+07   3.8085938e+01
   1.1013530e+07   3.6987305e+01
   1.1013941e+07   4.3884277e+01
   1.1059433e+07   4.4128418e+01
   1.1059460e+07   6.2805176e+01
   1.1059587e+07   3.8696289e+01
   1.1059844e+07   3.9428711e+01
   1.1059996e+07   4.2053223e+01
   1.1063516e+07   3.7597656e+01
   1.1063811e+07   3.8757324e+01
   1.1064173e+07   3.8818359e+01
   1.1065753e+07   3.6865234e+01
   1.1108138e+07   3.9855957e+01
   1.1108410e+07   4.0466309e+01
   1.1108431e+07   5.9082031e+01
   1.1108459e+07   3.9611816e+01
   1.1108475e+07   3.8269043e+01
   1.1108510e+07   4.4311523e+01
   1.1108557e+07   5.7983398e+01
   1.1108672e+07   3.7292480e+01
   1.1108900e+07   3.8330078e+01
   1.1110134e+07   3.8513184e+01
   1.1112676e+07   3.8391113e+01
   1.1113451e+07   3.8818359e+01
   1.1165108e+07   3.8330078e+01
   1.1165149e+07   4.3518066e+01
   1.1165176e+07   6.8420410e+01
   1.1165240e+07   4.2419434e+01
   1.1165298e+07   4.2846680e+01
   1.1165359e+07   4.4006348e+01
   1.1169643e+07   5.0292969e+01
   1.1170009e+07   3.8391113e+01
   1.1170384e+07   4.2053223e+01
   1.1170820e+07   3.9123535e+01
   1.1228112e+07   5.0720215e+01
   1.1228122e+07   3.7536621e+01
   1.1228153e+07   3.7780762e+01
   1.1228170e+07   3.9916992e+01
   1.1228289e+07   4.8583984e+01
   1.1228318e+07   4.5776367e+01
   1.1228402e+07   4.0771484e+01
   1.1228462e+07   4.3395996e+01
   1.1228595e+07   4.2358398e+01
   1.1230927e+07   4.1992187e+01
   1.1231952e+07   4.1259766e+01
   1.1232705e+07   3.9855957e+01
   1.1233166e+07   4.0039062e+01
   1.1233803e+07   4.7424316e+01
   1.1234275e+07   4.3701172e+01
   1.1277564e+07   4.6875000e+01
   1.1277951e+07   5.1391602e+01
   1.1278018e+07   4.0649414e+01
   1.1278047e+07   4.6813965e+01
   1.1278104e+07   5.1025391e+01
   1.1278136e+07   4.2846680e+01
   1.1278240e+07   3.9855957e+01
   1.1281006e+07   3.7658691e+01
   1.1281824e+07   3.8269043e+01
   1.1282208e+07   4.7485352e+01
   1.1326065e+07   3.9550781e+01
   1.1326359e+07   4.9377441e+01
   1.1326375e+07   4.0405273e+01
   1.1326448e+07   3.9001465e+01
   1.1326472e+07   6.0302734e+01
   1.1326520e+07   3.9855957e+01
   1.1326539e+07   3.6926270e+01
   1.1326610e+07   3.8330078e+01
   1.1326633e+07   3.7536621e+01
   1.1385108e+07   3.8452148e+01
   1.1385193e+07   6.0058594e+01
   1.1385270e+07   4.0039062e+01
   1.1385307e+07   4.3640137e+01
   1.1385322e+07   4.1503906e+01
   1.1385440e+07   3.7292480e+01
   1.1570834e+07   3.8330078e+01
   1.1598060e+07   3.9794922e+01
   1.1682315e+07   4.0954590e+01
   1.1682551e+07   3.9794922e+01
   1.1683087e+07   4.8828125e+01
   1.1684158e+07   4.5166016e+01
   1.1738328e+07   4.1320801e+01
   1.1738884e+07   4.4067383e+01
   1.1738999e+07   4.0527344e+01
   1.1916186e+07   4.3762207e+01
   1.1917467e+07   4.1320801e+01
