   1.1996000e+07   0.0000000e+00
   2.5112000e+04   4.1198730e+01
   2.6756000e+04   3.8391113e+01
   5.4411000e+04   4.9743652e+01
   5.5317000e+04   4.1687012e+01
   5.6854000e+04   3.6560059e+01
   8.6728000e+04   3.6865234e+01
   8.7357000e+04   4.8767090e+01
   1.1947900e+05   5.1696777e+01
   1.4525100e+05   4.1748047e+01
   1.4535900e+05   3.8879395e+01
   1.4595400e+05   3.8879395e+01
   1.9742400e+05   3.6193848e+01
   1.9871700e+05   3.5034180e+01
   2.3051200e+05   3.6926270e+01
   3.0271600e+05   4.5043945e+01
   3.2495900e+05   3.9062500e+01
   4.8121200e+05   3.5705566e+01
   5.1954400e+05   3.6315918e+01
   5.8950600e+05   3.5583496e+01
   5.8959600e+05   3.5644531e+01
   5.8968000e+05   5.3833008e+01
   5.8972900e+05   3.8635254e+01
   5.8989500e+05   3.5095215e+01
   5.8993500e+05   3.9428711e+01
   5.8996500e+05   1.5368652e+02
   5.8998500e+05   8.8989258e+01
   5.9000800e+05   3.5095215e+01
   5.9003200e+05   6.2316895e+01
   5.9006700e+05   3.8696289e+01
   5.9009600e+05   3.7170410e+01
   5.9013900e+05   5.4992676e+01
   5.9023400e+05   3.5522461e+01
   5.9026300e+05   1.0235596e+02
   5.9030800e+05   3.8635254e+01
   5.9039100e+05   7.6171875e+01
   5.9053200e+05   3.5827637e+01
   5.9065300e+05   4.4250488e+01
   5.9119500e+05   3.6010742e+01
   5.9328900e+05   3.7719727e+01
   5.9793400e+05   3.5888672e+01
   5.9854200e+05   3.7231445e+01
   5.9919900e+05   3.6499023e+01
   6.0053800e+05   4.1442871e+01
   6.0101400e+05   4.1015625e+01
   6.0367500e+05   3.9123535e+01
   6.0394000e+05   3.6499023e+01
   6.0404800e+05   3.8208008e+01
   6.0421200e+05   1.3696289e+02
   6.0424500e+05   5.2734375e+01
   6.0427800e+05   5.3344727e+01
   6.0431400e+05   3.9367676e+01
   6.0433000e+05   4.7546387e+01
   6.0438100e+05   3.6315918e+01
   6.0441300e+05   3.8146973e+01
   6.0447400e+05   5.5053711e+01
   6.0460600e+05   4.0161133e+01
   6.0473100e+05   4.4616699e+01
   6.0485900e+05   4.4860840e+01
   6.0492100e+05   5.2978516e+01
   6.0502600e+05   3.7292480e+01
   6.0516500e+05   3.7170410e+01
   6.0518200e+05   4.4555664e+01
   6.0529100e+05   3.6437988e+01
   6.0551900e+05   5.0537109e+01
   6.0597100e+05   4.0222168e+01
   6.0615500e+05   3.6071777e+01
   6.0625700e+05   3.5583496e+01
   6.0637300e+05   3.6376953e+01
   6.0649000e+05   3.5949707e+01
   6.0665500e+05   3.6193848e+01
   6.0685900e+05   4.2480469e+01
   6.0688100e+05   4.0649414e+01
   6.0691000e+05   4.1870117e+01
   6.0707500e+05   4.1198730e+01
   6.0708700e+05   4.4616699e+01
   6.0744200e+05   3.7963867e+01
   6.0878500e+05   7.5378418e+01
   6.0892600e+05   4.0466309e+01
   6.0971900e+05   3.5766602e+01
   6.1490500e+05   4.2907715e+01
   6.1498600e+05   4.1809082e+01
   6.1550200e+05   3.9367676e+01
   6.1695200e+05   3.7963867e+01
   6.2007300e+05   3.9855957e+01
   6.2103600e+05   3.6804199e+01
   7.3180100e+05   3.7414551e+01
   7.3264700e+05   3.5461426e+01
   7.6801200e+05   3.7780762e+01
   8.1718300e+05   4.0039062e+01
   8.4027300e+05   3.5339355e+01
   8.4083500e+05   3.6804199e+01
   8.4086300e+05   3.7597656e+01
   8.7875000e+05   3.5522461e+01
   8.7912400e+05   3.6499023e+01
   8.9904200e+05   4.2236328e+01
   9.3766500e+05   4.0344238e+01
   9.6539400e+05   3.7292480e+01
   9.8387500e+05   4.7607422e+01
   9.8398500e+05   4.8217773e+01
   1.0026120e+06   3.9489746e+01
   1.0035440e+06   5.1574707e+01
   1.0214020e+06   3.5156250e+01
   1.0215440e+06   4.0344238e+01
   1.0372930e+06   3.5461426e+01
   1.0379040e+06   4.0222168e+01
   1.0379940e+06   3.6010742e+01
   1.0554940e+06   3.6071777e+01
   1.0736850e+06   3.6621094e+01
   1.0938130e+06   4.6936035e+01
   1.0949340e+06   3.6315918e+01
   1.1161790e+06   4.4189453e+01
   1.1192700e+06   5.7678223e+01
   1.1192900e+06   9.0454102e+01
   1.1193010e+06   4.1687012e+01
   1.1193290e+06   3.7292480e+01
   1.1193550e+06   5.5847168e+01
   1.1194020e+06   5.7373047e+01
   1.1194790e+06   4.5593262e+01
   1.1195170e+06   8.7890625e+01
   1.1196250e+06   7.8369141e+01
   1.1196630e+06   8.4106445e+01
   1.1198140e+06   8.1176758e+01
   1.1271300e+06   3.6865234e+01
   1.1274290e+06   3.5217285e+01
   1.1282720e+06   3.5278320e+01
   1.1294130e+06   3.7475586e+01
   1.1298740e+06   3.5949707e+01
   1.1330490e+06   3.6132812e+01
   1.1332450e+06   3.8269043e+01
   1.1333360e+06   3.7719727e+01
   1.1334260e+06   3.6010742e+01
   1.1334460e+06   1.3793945e+02
   1.1334720e+06   9.1003418e+01
   1.1334900e+06   3.9367676e+01
   1.1335220e+06   6.7871094e+01
   1.1335420e+06   3.5339355e+01
   1.1335570e+06   5.2062988e+01
   1.1335790e+06   3.9001465e+01
   1.1335940e+06   4.2846680e+01
   1.1336290e+06   3.6132812e+01
   1.1336520e+06   3.6987305e+01
   1.1336680e+06   4.9377441e+01
   1.1337920e+06   4.9011230e+01
   1.1341140e+06   5.8105469e+01
   1.1341250e+06   4.0771484e+01
   1.1342720e+06   4.1931152e+01
   1.1344110e+06   3.5583496e+01
   1.1347080e+06   4.5715332e+01
   1.1351450e+06   3.8085938e+01
   1.1352630e+06   3.5156250e+01
   1.1353440e+06   3.6926270e+01
   1.1354690e+06   3.6987305e+01
   1.1355380e+06   4.8889160e+01
   1.1357640e+06   4.3273926e+01
   1.1360570e+06   3.7963867e+01
   1.1368970e+06   3.5217285e+01
   1.1423300e+06   3.8452148e+01
   1.1427230e+06   3.7231445e+01
   1.1433260e+06   3.6315918e+01
   1.1442990e+06   4.0161133e+01
   1.1445000e+06   3.8024902e+01
   1.1445300e+06   3.9245605e+01
   1.1497000e+06   4.5043945e+01
   1.1501050e+06   4.0649414e+01
   1.1511190e+06   3.9550781e+01
   1.1516570e+06   3.7292480e+01
   1.2511920e+06   3.6743164e+01
   1.2518950e+06   4.3029785e+01
   1.2834540e+06   4.9499512e+01
   1.2836830e+06   4.3762207e+01
   1.3107740e+06   3.6926270e+01
   1.3108180e+06   3.7963867e+01
   1.3535550e+06   3.7658691e+01
   1.3541360e+06   3.7719727e+01
   1.3542240e+06   3.6437988e+01
   1.3758340e+06   3.8208008e+01
   1.3764000e+06   4.0710449e+01
   1.3929040e+06   3.7841797e+01
   1.4118730e+06   3.6621094e+01
   1.4126640e+06   3.6071777e+01
   1.4255020e+06   3.8879395e+01
   1.4260440e+06   3.8635254e+01
   1.4261240e+06   3.6132812e+01
   1.4439240e+06   4.3457031e+01
   1.4625270e+06   3.8940430e+01
   1.4625850e+06   3.5705566e+01
   1.4730660e+06   3.6499023e+01
   1.4732170e+06   5.0354004e+01
   1.4733160e+06   3.5522461e+01
   1.4733660e+06   4.0832520e+01
   1.4734150e+06   3.7109375e+01
   1.4734430e+06   1.5893555e+02
   1.4734540e+06   1.0162354e+02
   1.4735000e+06   6.7749023e+01
   1.4735140e+06   3.9672852e+01
   1.4735460e+06   6.3781738e+01
   1.4735690e+06   5.8959961e+01
   1.4735980e+06   3.5583496e+01
   1.4736210e+06   3.6499023e+01
   1.4736680e+06   4.3457031e+01
   1.4737820e+06   7.6660156e+01
   1.4738630e+06   3.9672852e+01
   1.4739600e+06   3.6499023e+01
   1.4825150e+06   4.1687012e+01
   1.4829820e+06   3.7109375e+01
   1.4833050e+06   3.9184570e+01
   1.4835210e+06   3.9733887e+01
   1.4845810e+06   3.5522461e+01
   1.4847880e+06   3.7109375e+01
   1.4861130e+06   3.6865234e+01
   1.4916350e+06   4.1198730e+01
   1.4917360e+06   3.7231445e+01
   1.4920710e+06   3.9428711e+01
   1.4923650e+06   4.0466309e+01
   1.4927130e+06   4.7546387e+01
   1.4929170e+06   3.7963867e+01
   1.4936720e+06   3.6193848e+01
   1.4950310e+06   3.6132812e+01
   1.4966450e+06   3.5583496e+01
   1.4996730e+06   3.7231445e+01
   1.5001280e+06   3.6437988e+01
   1.5813770e+06   3.6987305e+01
   1.5821310e+06   3.8757324e+01
   1.5822740e+06   3.5156250e+01
   1.5823780e+06   4.1259766e+01
   1.5827130e+06   3.8391113e+01
   1.5829280e+06   3.9855957e+01
   1.5831200e+06   3.6315918e+01
   1.6373790e+06   3.5705566e+01
   1.6374450e+06   3.5095215e+01
   1.6378500e+06   3.5095215e+01
   1.6388090e+06   5.0292969e+01
   1.6397790e+06   3.8146973e+01
   1.6913540e+06   3.7109375e+01
   1.6929470e+06   4.4372559e+01
   1.6929650e+06   3.7658691e+01
   1.6931600e+06   3.5156250e+01
   1.6933440e+06   3.9978027e+01
   1.6937440e+06   3.8818359e+01
   1.7625430e+06   3.9489746e+01
   1.7636750e+06   4.9926758e+01
   1.8157870e+06   3.6437988e+01
   1.8161100e+06   3.8940430e+01
   1.8161240e+06   3.5156250e+01
   1.8164960e+06   4.5593262e+01
   1.8604860e+06   3.5400391e+01
   1.8605510e+06   1.6705322e+02
   1.8605730e+06   5.3771973e+01
   1.8606060e+06   8.9111328e+01
   1.8606600e+06   6.7138672e+01
   1.8606830e+06   6.1523438e+01
   1.8607140e+06   3.7536621e+01
   1.8607400e+06   3.7170410e+01
   1.8607730e+06   1.0449219e+02
   1.8608130e+06   3.9062500e+01
   1.8608860e+06   8.6914063e+01
   1.8608980e+06   4.1748047e+01
   1.8610310e+06   3.5644531e+01
   1.8615700e+06   3.9184570e+01
   1.8680480e+06   4.2358398e+01
   1.8682560e+06   3.8391113e+01
   1.8684520e+06   4.7302246e+01
   1.8691190e+06   4.0771484e+01
   1.8696700e+06   3.9184570e+01
   1.8697950e+06   3.9550781e+01
   1.8705680e+06   3.8208008e+01
   1.8708190e+06   4.1442871e+01
   1.8771560e+06   3.5400391e+01
   1.8773000e+06   1.5142822e+02
   1.8773220e+06   4.9743652e+01
   1.8773370e+06   4.8706055e+01
   1.8773710e+06   6.5185547e+01
   1.8774080e+06   4.7912598e+01
   1.8774740e+06   4.5959473e+01
   1.8775280e+06   5.7373047e+01
   1.8775680e+06   3.7231445e+01
   1.8776190e+06   3.5034180e+01
   1.8776840e+06   6.4697266e+01
   1.8776980e+06   3.5217285e+01
   1.8778320e+06   3.7048340e+01
   1.8778620e+06   3.8635254e+01
   1.8779250e+06   3.9184570e+01
   1.8779510e+06   4.2602539e+01
   1.8780690e+06   4.5471191e+01
   1.8781860e+06   3.7292480e+01
   1.8781980e+06   4.5837402e+01
   1.8782220e+06   3.5705566e+01
   1.8784260e+06   4.0527344e+01
   1.8784470e+06   4.3884277e+01
   1.8786850e+06   4.9438477e+01
   1.8787360e+06   3.5400391e+01
   1.8787960e+06   5.4016113e+01
   1.8789500e+06   3.7780762e+01
   1.8791560e+06   3.7109375e+01
   1.8793680e+06   3.8879395e+01
   1.8793870e+06   3.5339355e+01
   1.8795670e+06   6.2133789e+01
   1.8796960e+06   3.6987305e+01
   1.8801450e+06   6.7382812e+01
   1.8811070e+06   5.4260254e+01
   1.8871930e+06   3.5949707e+01
   1.8872670e+06   3.6254883e+01
   1.8876550e+06   3.5278320e+01
   1.8880610e+06   3.5461426e+01
   1.8882890e+06   3.7780762e+01
   1.8894940e+06   6.5551758e+01
   1.8897820e+06   6.5246582e+01
   1.8899750e+06   3.6376953e+01
   1.8979410e+06   3.5888672e+01
   1.8985520e+06   3.5339355e+01
   1.9802730e+06   3.7231445e+01
   1.9808580e+06   4.6875000e+01
   2.0063480e+06   3.6804199e+01
   2.0068690e+06   3.5583496e+01
   2.0277980e+06   3.6010742e+01
   2.0281950e+06   3.9916992e+01
   2.0506000e+06   3.8269043e+01
   2.0512590e+06   3.5461426e+01
   2.0531890e+06   3.8574219e+01
   2.0532230e+06   3.7719727e+01
   2.0541040e+06   3.5034180e+01
   2.0726750e+06   4.2175293e+01
   2.0733280e+06   4.1442871e+01
   2.1027780e+06   3.8757324e+01
   2.1028400e+06   3.9245605e+01
   2.1036070e+06   4.0039062e+01
   2.1037320e+06   4.4128418e+01
   2.1373680e+06   3.5156250e+01
   2.1375530e+06   4.0222168e+01
   2.1381740e+06   3.5278320e+01
   2.1383140e+06   4.3151855e+01
   2.1808860e+06   3.9550781e+01
   2.1827030e+06   3.7658691e+01
   2.2153120e+06   5.2551270e+01
   2.2166920e+06   4.2358398e+01
   2.2169810e+06   3.5217285e+01
   2.2402760e+06   3.6010742e+01
   2.2407680e+06   3.7170410e+01
   2.2726070e+06   4.3823242e+01
   2.2756100e+06   3.6621094e+01
   2.2756330e+06   4.4006348e+01
   2.3103580e+06   3.5705566e+01
   2.3104170e+06   3.5644531e+01
   2.3104380e+06   1.3067627e+02
   2.3104560e+06   8.8195801e+01
   2.3104940e+06   6.5368652e+01
   2.3105060e+06   3.6743164e+01
   2.3105380e+06   4.4311523e+01
   2.3105650e+06   9.6008301e+01
   2.3106040e+06   4.1748047e+01
   2.3106190e+06   4.5898438e+01
   2.3106850e+06   6.0363770e+01
   2.3107550e+06   4.3762207e+01
   2.3107880e+06   7.3303223e+01
   2.3108280e+06   3.7536621e+01
   2.3179550e+06   3.8757324e+01
   2.3180640e+06   4.0649414e+01
   2.3184650e+06   3.8085938e+01
   2.3186000e+06   3.9611816e+01
   2.3186630e+06   3.7963867e+01
   2.3191190e+06   3.5278320e+01
   2.3193870e+06   4.0344238e+01
   2.3199760e+06   3.6926270e+01
   2.3204400e+06   3.7902832e+01
   2.3275230e+06   3.5583496e+01
   2.3276790e+06   3.6315918e+01
   2.3277020e+06   1.2890625e+02
   2.3277290e+06   3.9978027e+01
   2.3277470e+06   8.6853027e+01
   2.3277720e+06   5.2551270e+01
   2.3278040e+06   4.5593262e+01
   2.3278160e+06   3.6621094e+01
   2.3278380e+06   6.8603516e+01
   2.3278860e+06   3.5827637e+01
   2.3279530e+06   5.5541992e+01
   2.3280480e+06   3.5400391e+01
   2.3280910e+06   5.7128906e+01
   2.3281570e+06   4.9438477e+01
   2.3282230e+06   4.1503906e+01
   2.3282720e+06   7.4707031e+01
   2.3283880e+06   4.5776367e+01
   2.3285700e+06   4.7058105e+01
   2.3286900e+06   4.8278809e+01
   2.3287990e+06   3.6193848e+01
   2.3288390e+06   4.4372559e+01
   2.3289070e+06   3.5644531e+01
   2.3289730e+06   4.2724609e+01
   2.3290090e+06   4.2602539e+01
   2.3293620e+06   4.3640137e+01
   2.3293820e+06   4.3395996e+01
   2.3295160e+06   6.0302734e+01
   2.3296740e+06   6.1157227e+01
   2.3297020e+06   3.7963867e+01
   2.3366110e+06   3.6254883e+01
   2.3368870e+06   3.5461426e+01
   2.3374760e+06   3.7841797e+01
   2.3378870e+06   3.7475586e+01
   2.3379600e+06   4.1259766e+01
   2.4089550e+06   4.0893555e+01
   2.4096130e+06   3.8696289e+01
   2.4384610e+06   3.7292480e+01
   2.4388120e+06   3.6193848e+01
   2.4389210e+06   3.5034180e+01
   2.4396060e+06   4.8950195e+01
   2.4397780e+06   4.1625977e+01
   2.4640160e+06   4.3457031e+01
   2.4646670e+06   3.5949707e+01
   2.4864040e+06   4.0893555e+01
   2.4870170e+06   3.6499023e+01
   2.5089990e+06   3.6560059e+01
   2.5096020e+06   3.6132813e+01
   2.5231360e+06   4.6997070e+01
   2.5239840e+06   3.9794922e+01
   2.5454110e+06   4.7180176e+01
   2.5460620e+06   3.6193848e+01
   2.5460980e+06   3.6376953e+01
   2.5470500e+06   3.7658691e+01
   2.5477480e+06   4.6142578e+01
   2.5744560e+06   4.0039062e+01
   2.5750260e+06   3.9855957e+01
   2.5755880e+06   3.8269043e+01
   2.5847210e+06   3.5339355e+01
   2.5853210e+06   3.6743164e+01
   2.5854630e+06   4.4738770e+01
   2.6272210e+06   4.3334961e+01
   2.6280550e+06   3.9611816e+01
   2.6286380e+06   3.6437988e+01
   2.6297820e+06   4.4189453e+01
   2.6341390e+06   3.6132812e+01
   2.6738410e+06   3.7109375e+01
   2.6739670e+06   3.5461426e+01
   2.6743330e+06   3.5583496e+01
   2.6746100e+06   3.7536621e+01
   2.7235930e+06   3.8085938e+01
   2.7292560e+06   4.2297363e+01
   2.7537290e+06   4.0588379e+01
   2.7537580e+06   1.2756348e+02
   2.7537730e+06   8.8867188e+01
   2.7537890e+06   4.4372559e+01
   2.7538180e+06   6.2072754e+01
   2.7538380e+06   3.6071777e+01
   2.7538510e+06   6.6955566e+01
   2.7538830e+06   6.1462402e+01
   2.7539340e+06   3.8208008e+01
   2.7539550e+06   3.9550781e+01
   2.7539970e+06   7.6232910e+01
   2.7540160e+06   3.5583496e+01
   2.7540300e+06   7.7819824e+01
   2.7542130e+06   3.8818359e+01
   2.7543160e+06   3.5034180e+01
   2.7545950e+06   3.7292480e+01
   2.7616820e+06   3.9916992e+01
   2.7619000e+06   3.5705566e+01
   2.7623260e+06   3.6254883e+01
   2.7626840e+06   3.5278320e+01
   2.7631240e+06   3.5095215e+01
   2.7637580e+06   3.5156250e+01
   2.7694140e+06   3.7658691e+01
   2.8372430e+06   4.1137695e+01
   2.8373590e+06   4.2175293e+01
   2.8378090e+06   3.7048340e+01
   2.8383690e+06   3.5827637e+01
   2.8912930e+06   3.5339355e+01
   2.8951580e+06   3.6315918e+01
   2.8952750e+06   3.8513184e+01
   2.8953280e+06   3.6499023e+01
   2.8955260e+06   3.7292480e+01
   2.8958000e+06   3.6499023e+01
   2.9089890e+06   4.0771484e+01
   2.9090940e+06   3.5705566e+01
   2.9091620e+06   3.9428711e+01
   2.9091960e+06   5.2856445e+01
   2.9094040e+06   1.2915039e+02
   2.9094350e+06   4.0832520e+01
   2.9094570e+06   4.2968750e+01
   2.9094860e+06   1.0241699e+02
   2.9095450e+06   3.8208008e+01
   2.9095940e+06   9.1125488e+01
   2.9100330e+06   3.6315918e+01
   2.9106870e+06   3.7536621e+01
   2.9235090e+06   3.5949707e+01
   2.9236300e+06   3.7170410e+01
   2.9236660e+06   3.9855957e+01
   2.9237470e+06   3.8330078e+01
   2.9237670e+06   1.3781738e+02
   2.9237950e+06   1.0931396e+02
   2.9238050e+06   4.7851562e+01
   2.9238380e+06   5.8837891e+01
   2.9238530e+06   3.7963867e+01
   2.9238800e+06   3.9855957e+01
   2.9238920e+06   5.5786133e+01
   2.9239230e+06   6.4331055e+01
   2.9239470e+06   4.2724609e+01
   2.9240100e+06   3.7780762e+01
   2.9240730e+06   5.9020996e+01
   2.9241910e+06   8.1726074e+01
   2.9242890e+06   3.5339355e+01
   2.9243340e+06   9.2102051e+01
   2.9243900e+06   4.2541504e+01
   2.9246900e+06   3.9672852e+01
   2.9249660e+06   3.8513184e+01
   2.9323390e+06   3.8513184e+01
   2.9327330e+06   3.8513184e+01
   2.9328030e+06   3.8696289e+01
   2.9330720e+06   3.5400391e+01
   2.9330840e+06   4.2541504e+01
   2.9331160e+06   1.4672852e+02
   2.9331320e+06   9.4909668e+01
   2.9331650e+06   3.9794922e+01
   2.9332080e+06   6.6711426e+01
   2.9332450e+06   6.5673828e+01
   2.9333080e+06   4.0527344e+01
   2.9333820e+06   5.9448242e+01
   2.9334360e+06   6.6650391e+01
   2.9334970e+06   4.5043945e+01
   2.9335800e+06   6.3232422e+01
   2.9337130e+06   6.5612793e+01
   2.9338560e+06   7.4829102e+01
   2.9340580e+06   3.5095215e+01
   2.9340890e+06   4.7790527e+01
   2.9343210e+06   6.2622070e+01
   2.9345150e+06   3.6254883e+01
   3.0196010e+06   3.7475586e+01
   3.0197770e+06   4.4433594e+01
   3.0202110e+06   3.5705566e+01
   3.0212860e+06   3.5461426e+01
   3.0218240e+06   3.8146973e+01
   3.0220840e+06   5.7556152e+01
   3.0533600e+06   3.5461426e+01
   3.0720390e+06   3.6499023e+01
   3.0842400e+06   4.0466309e+01
   3.0849100e+06   3.8085938e+01
   3.1165920e+06   3.8330078e+01
   3.1331630e+06   3.8940430e+01
   3.1332160e+06   4.0283203e+01
   3.1555050e+06   4.2541504e+01
   3.1555580e+06   3.5034180e+01
   3.1561180e+06   3.9184570e+01
   3.1573380e+06   3.8574219e+01
   3.1757570e+06   3.5705566e+01
   3.1765890e+06   4.2236328e+01
   3.2065820e+06   4.1809082e+01
   3.2073730e+06   4.1381836e+01
   3.2080960e+06   3.7536621e+01
   3.2308730e+06   4.2236328e+01
   3.2309260e+06   3.8146973e+01
   3.2342830e+06   3.9428711e+01
   3.2612380e+06   3.7170410e+01
   3.2613700e+06   3.5156250e+01
   3.2896760e+06   3.9184570e+01
   3.3216760e+06   3.5400391e+01
   3.3218240e+06   3.5217285e+01
   3.3455700e+06   3.6193848e+01
   3.3468880e+06   3.7658691e+01
   3.3735800e+06   4.1259766e+01
   3.3755460e+06   4.1320801e+01
   3.3862100e+06   3.7414551e+01
   3.3906850e+06   4.3212891e+01
   3.3906980e+06   1.6748047e+02
   3.3907270e+06   8.3374023e+01
   3.3907480e+06   9.3383789e+01
   3.3907700e+06   5.2673340e+01
   3.3907890e+06   4.9316406e+01
   3.3908070e+06   3.6193848e+01
   3.3908360e+06   3.5583496e+01
   3.3908530e+06   3.6376953e+01
   3.3909180e+06   8.3312988e+01
   3.3909680e+06   3.8757324e+01
   3.3910230e+06   3.8635254e+01
   3.3910330e+06   9.6557617e+01
   3.3910570e+06   6.9885254e+01
   3.3911410e+06   9.9853516e+01
   3.3911840e+06   7.2082520e+01
   3.3912620e+06   3.6743164e+01
   3.3913620e+06   1.1236572e+02
   3.3914120e+06   3.8757324e+01
   3.3928430e+06   3.6560059e+01
   3.3931710e+06   3.5827637e+01
   3.3983360e+06   3.9733887e+01
   3.3986730e+06   4.0954590e+01
   3.3994250e+06   3.5766602e+01
   3.3998550e+06   4.9987793e+01
   3.3999130e+06   3.7780762e+01
   3.4002890e+06   3.8452148e+01
   3.4004980e+06   3.6010742e+01
   3.4016470e+06   3.7841797e+01
   3.4067790e+06   3.5400391e+01
   3.4070450e+06   3.9672852e+01
   3.4071030e+06   3.5888672e+01
   3.4072600e+06   4.8522949e+01
   3.4079040e+06   4.2297363e+01
   3.4080410e+06   3.5217285e+01
   3.4082290e+06   4.1809082e+01
   3.5237060e+06   3.6193848e+01
   3.5328220e+06   4.1442871e+01
   3.5329190e+06   3.7170410e+01
   3.5682360e+06   3.7414551e+01
   3.5969410e+06   4.1625977e+01
   3.6083920e+06   3.6804199e+01
   3.6093780e+06   3.8757324e+01
   3.6311630e+06   3.7780762e+01
   3.6493520e+06   3.5644531e+01
   3.6908000e+06   3.8452148e+01
   3.7122240e+06   3.7170410e+01
   3.7122630e+06   4.3395996e+01
   3.7130110e+06   3.4973145e+01
   3.7131170e+06   3.5888672e+01
   3.7532520e+06   3.5644531e+01
   3.7544110e+06   3.6071777e+01
   3.7545090e+06   3.5583496e+01
   3.7547590e+06   4.6875000e+01
   3.7549920e+06   3.6132813e+01
   3.7930370e+06   4.0466309e+01
   3.8163420e+06   3.8269043e+01
   3.8174630e+06   3.8818359e+01
   3.8177050e+06   3.9001465e+01
   3.8849680e+06   4.1381836e+01
   3.8940360e+06   1.3519287e+02
   3.8940480e+06   7.6904297e+01
   3.8940890e+06   6.6711426e+01
   3.8941210e+06   4.3090820e+01
   3.8941500e+06   4.6569824e+01
   3.8941690e+06   4.9377441e+01
   3.8942130e+06   3.6865234e+01
   3.8942270e+06   7.0739746e+01
   3.8942650e+06   8.1726074e+01
   3.8942910e+06   3.9916992e+01
   3.8943420e+06   6.5917969e+01
   3.8943580e+06   8.5266113e+01
   3.8944420e+06   5.3771973e+01
   3.8944570e+06   9.0087891e+01
   3.8946100e+06   1.0827637e+02
   3.8953450e+06   3.7902832e+01
   3.8960700e+06   3.9367676e+01
   3.9013670e+06   3.6987305e+01
   3.9017210e+06   3.7292480e+01
   3.9018930e+06   3.7109375e+01
   3.9021230e+06   3.6804199e+01
   3.9031790e+06   3.5888672e+01
   3.9034920e+06   3.8940430e+01
   3.9040340e+06   3.5522461e+01
   3.9052640e+06   3.5583496e+01
   3.9054170e+06   3.5034180e+01
   3.9054410e+06   3.7109375e+01
   3.9055470e+06   3.8757324e+01
   3.9056830e+06   3.7902832e+01
   3.9057760e+06   3.7231445e+01
   3.9058000e+06   1.1303711e+02
   3.9058210e+06   9.8632812e+01
   3.9058450e+06   3.5522461e+01
   3.9058770e+06   6.6711426e+01
   3.9059190e+06   5.0537109e+01
   3.9059870e+06   4.9682617e+01
   3.9060130e+06   4.0893555e+01
   3.9060270e+06   3.6560059e+01
   3.9061080e+06   5.5114746e+01
   3.9062180e+06   7.8308105e+01
   3.9063470e+06   5.2062988e+01
   3.9065080e+06   4.7363281e+01
   3.9065990e+06   3.5034180e+01
   3.9066430e+06   6.8054199e+01
   3.9069220e+06   6.9458008e+01
   3.9070260e+06   3.8818359e+01
   3.9071860e+06   6.2561035e+01
   3.9074080e+06   3.6621094e+01
   3.9074320e+06   7.6171875e+01
   3.9076780e+06   3.6560059e+01
   3.9146590e+06   3.6010742e+01
   3.9147980e+06   4.0161133e+01
   3.9148730e+06   3.5827637e+01
   3.9157040e+06   4.2175293e+01
   3.9158070e+06   4.0649414e+01
   3.9159240e+06   4.4067383e+01
   3.9162360e+06   4.0344238e+01
   3.9178940e+06   3.6926270e+01
   3.9180840e+06   7.7636719e+01
   3.9184200e+06   6.2011719e+01
   3.9186220e+06   4.3640137e+01
   3.9187870e+06   3.7658691e+01
   3.9196690e+06   4.2663574e+01
   3.9199690e+06   3.6254883e+01
   3.9203700e+06   3.7353516e+01
   3.9231520e+06   3.7231445e+01
   3.9240950e+06   3.6132812e+01
   3.9280280e+06   3.9550781e+01
   3.9940310e+06   4.4128418e+01
   3.9943500e+06   3.5156250e+01
   3.9946030e+06   3.4973145e+01
   3.9946680e+06   3.9123535e+01
   4.0412900e+06   4.2236328e+01
   4.0577610e+06   3.5278320e+01
   4.0583790e+06   3.7353516e+01
   4.0585730e+06   4.4616699e+01
   4.1114080e+06   4.2663574e+01
   4.1303620e+06   3.5339355e+01
   4.1460230e+06   3.5827637e+01
   4.1463830e+06   3.5766602e+01
   4.1765780e+06   4.8706055e+01
   4.1766410e+06   5.5358887e+01
   4.1766600e+06   8.4350586e+01
   4.1766940e+06   4.7424316e+01
   4.1767040e+06   5.9692383e+01
   4.1767250e+06   5.6274414e+01
   4.1767610e+06   5.0354004e+01
   4.1767790e+06   4.4311523e+01
   4.1768690e+06   6.7138672e+01
   4.1769840e+06   8.0505371e+01
   4.1772570e+06   4.0344238e+01
   4.1774100e+06   3.7109375e+01
   4.1843920e+06   3.6865234e+01
   4.1846670e+06   3.5156250e+01
   4.1851540e+06   3.5583496e+01
   4.1851690e+06   3.5461426e+01
   4.1853260e+06   3.9611816e+01
   4.1855250e+06   4.2053223e+01
   4.1855390e+06   3.8208008e+01
   4.1855850e+06   1.3970947e+02
   4.1856050e+06   7.4584961e+01
   4.1856330e+06   3.5217285e+01
   4.1856830e+06   1.0314941e+02
   4.1857170e+06   4.3518066e+01
   4.1857270e+06   5.3710938e+01
   4.1857650e+06   4.3151855e+01
   4.1858000e+06   6.8054199e+01
   4.1858340e+06   4.2114258e+01
   4.1859070e+06   5.1879883e+01
   4.1860100e+06   3.7109375e+01
   4.1860220e+06   3.7719727e+01
   4.1861690e+06   3.9062500e+01
   4.1862160e+06   6.2438965e+01
   4.1863440e+06   3.8635254e+01
   4.1864680e+06   4.5654297e+01
   4.1867230e+06   7.0007324e+01
   4.1869000e+06   6.3232422e+01
   4.1871810e+06   4.2602539e+01
   4.1871980e+06   5.9875488e+01
   4.1874160e+06   3.7414551e+01
   4.1943390e+06   4.4006348e+01
   4.1947390e+06   3.7597656e+01
   4.1948230e+06   3.7658691e+01
   4.1948350e+06   3.5217285e+01
   4.1950030e+06   4.0283203e+01
   4.1950690e+06   3.8330078e+01
   4.1955300e+06   3.9672852e+01
   4.1956160e+06   1.4532471e+02
   4.1956420e+06   8.6975098e+01
   4.1956700e+06   4.1076660e+01
   4.1957020e+06   6.9885254e+01
   4.1957130e+06   3.7780762e+01
   4.1957390e+06   5.4626465e+01
   4.1957600e+06   5.2062988e+01
   4.1958070e+06   5.5114746e+01
   4.1958970e+06   3.5034180e+01
   4.1959240e+06   5.5175781e+01
   4.1959480e+06   3.9550781e+01
   4.1960070e+06   3.5400391e+01
   4.1960580e+06   3.8635254e+01
   4.1960700e+06   3.9672852e+01
   4.1961960e+06   3.8024902e+01
   4.1963470e+06   3.5034180e+01
   4.1964840e+06   5.7739258e+01
   4.1966220e+06   6.4758301e+01
   4.1972580e+06   3.5705566e+01
   4.2058650e+06   3.5766602e+01
   4.2059800e+06   4.1198730e+01
   4.2062850e+06   3.5156250e+01
   4.2064010e+06   4.0100098e+01
   4.2070910e+06   3.5522461e+01
   4.2071150e+06   1.7871094e+02
   4.2071310e+06   5.1208496e+01
   4.2071780e+06   3.7109375e+01
   4.2071960e+06   6.0180664e+01
   4.2072280e+06   7.0861816e+01
   4.2072610e+06   3.6193848e+01
   4.2072910e+06   3.5522461e+01
   4.2074360e+06   4.7119141e+01
   4.2075220e+06   4.0344238e+01
   4.2075910e+06   5.2001953e+01
   4.2077350e+06   5.2124023e+01
   4.2078420e+06   3.7475586e+01
   4.2079360e+06   3.9306641e+01
   4.2085430e+06   3.5095215e+01
   4.2993440e+06   4.0283203e+01
   4.2994730e+06   3.5461426e+01
   4.2995130e+06   3.6376953e+01
   4.2995360e+06   3.9428711e+01
   4.2995690e+06   1.2976074e+02
   4.2995890e+06   7.9528809e+01
   4.2996030e+06   4.1015625e+01
   4.2996170e+06   3.6376953e+01
   4.2996400e+06   5.7800293e+01
   4.2996680e+06   3.7719727e+01
   4.2996820e+06   4.1015625e+01
   4.2997220e+06   4.8583984e+01
   4.2997830e+06   3.8085938e+01
   4.2998260e+06   3.9001465e+01
   4.2999070e+06   3.9001465e+01
   4.2999760e+06   3.5156250e+01
   4.3000430e+06   7.2509766e+01
   4.3004140e+06   3.5644531e+01
   4.3543900e+06   3.8269043e+01
   4.3546860e+06   3.6437988e+01
   4.3549440e+06   7.1411133e+01
   4.3550790e+06   3.7719727e+01
   4.3551190e+06   3.9489746e+01
   4.3551320e+06   1.3269043e+02
   4.3551670e+06   9.1735840e+01
   4.3551880e+06   4.1564941e+01
   4.3552020e+06   9.4726562e+01
   4.3552420e+06   3.6865234e+01
   4.3552550e+06   5.2673340e+01
   4.3552870e+06   4.6752930e+01
   4.3553070e+06   4.3518066e+01
   4.3553380e+06   3.7902832e+01
   4.3553670e+06   7.0861816e+01
   4.3555820e+06   7.5561523e+01
   4.3557880e+06   3.6132812e+01
   4.3559730e+06   4.0710449e+01
   4.4015200e+06   3.8146973e+01
   4.4018170e+06   3.8818359e+01
   4.4021960e+06   4.2236328e+01
   4.4022940e+06   3.9916992e+01
   4.4023570e+06   4.4860840e+01
   4.4023820e+06   1.5429688e+02
   4.4023960e+06   6.4514160e+01
   4.4024180e+06   3.5461426e+01
   4.4024430e+06   4.5349121e+01
   4.4024600e+06   7.8247070e+01
   4.4024930e+06   5.8044434e+01
   4.4025080e+06   3.8330078e+01
   4.4025460e+06   5.7189941e+01
   4.4025710e+06   3.7902832e+01
   4.4026150e+06   3.5888672e+01
   4.4026430e+06   6.8908691e+01
   4.4027530e+06   6.1523438e+01
   4.4028630e+06   6.8603516e+01
   4.4029880e+06   7.3242188e+01
   4.4031170e+06   3.7841797e+01
   4.4032950e+06   3.5156250e+01
   4.4035550e+06   4.5959473e+01
   4.4227150e+06   3.7475586e+01
   4.4515190e+06   4.0832520e+01
   4.4520650e+06   5.8105469e+01
   4.4521310e+06   4.0832520e+01
   4.4523480e+06   3.9428711e+01
   4.4523790e+06   1.3610840e+02
   4.4523920e+06   5.8837891e+01
   4.4524160e+06   4.5654297e+01
   4.4524500e+06   6.6833496e+01
   4.4524750e+06   5.1208496e+01
   4.4524940e+06   5.9814453e+01
   4.4525280e+06   5.4931641e+01
   4.4526250e+06   4.1503906e+01
   4.4527050e+06   3.4973145e+01
   4.4527480e+06   4.9926758e+01
   4.4528670e+06   6.4331055e+01
   4.4528890e+06   4.1809082e+01
   4.4530080e+06   3.6987305e+01
   4.5034900e+06   3.9978027e+01
   4.5044580e+06   4.2663574e+01
   4.5047510e+06   3.8940430e+01
   4.5048520e+06   6.6467285e+01
   4.5070470e+06   3.5949707e+01
   4.5071190e+06   3.9978027e+01
   4.5076950e+06   3.5705566e+01
   4.5086770e+06   3.5400391e+01
   4.5089270e+06   7.0800781e+01
   4.5484620e+06   3.7414551e+01
   4.5500530e+06   4.1442871e+01
   4.5502410e+06   3.5278320e+01
   4.5502920e+06   3.8574219e+01
   4.5505150e+06   3.6560059e+01
   4.5509810e+06   3.5278320e+01
   4.6023210e+06   3.9978027e+01
   4.6029050e+06   3.5034180e+01
   4.6030520e+06   4.1992188e+01
   4.6032760e+06   3.7353516e+01
   4.6035810e+06   3.5339355e+01
   4.6469180e+06   3.6071777e+01
   4.6473920e+06   4.6936035e+01
   4.6481180e+06   3.7719727e+01
   4.6817010e+06   3.5095215e+01
   4.6819040e+06   3.5522461e+01
   4.6820540e+06   3.8574219e+01
   4.6827450e+06   4.1625977e+01
   4.6830240e+06   4.1015625e+01
   4.6836340e+06   4.2358398e+01
   4.6844900e+06   3.8940430e+01
   4.7103740e+06   3.8635254e+01
   4.7107140e+06   3.8879395e+01
   4.7415370e+06   4.0832520e+01
   4.7422220e+06   3.4973145e+01
   4.7881450e+06   3.9978027e+01
   4.7881990e+06   3.9978027e+01
   4.7891690e+06   4.0100098e+01
   4.7895280e+06   3.5705566e+01
   4.8353400e+06   3.7414551e+01
   4.8353580e+06   3.6254883e+01
   4.8884830e+06   3.5705566e+01
   4.8923610e+06   3.7536621e+01
   4.8934280e+06   3.8269043e+01
   4.9367440e+06   3.7292480e+01
   4.9367890e+06   3.5034180e+01
   4.9376610e+06   3.8696289e+01
   4.9378180e+06   3.8574219e+01
   4.9617850e+06   4.2968750e+01
   4.9620710e+06   3.9062500e+01
   4.9621150e+06   4.0893555e+01
   4.9622280e+06   4.7363281e+01
   4.9622880e+06   3.8635254e+01
   4.9623290e+06   1.5356445e+02
   4.9623530e+06   3.5705566e+01
   4.9623960e+06   4.5104980e+01
   4.9624090e+06   1.0223389e+02
   4.9624570e+06   8.2824707e+01
   4.9624990e+06   6.8298340e+01
   4.9625510e+06   5.4870605e+01
   4.9625640e+06   3.8574219e+01
   4.9626170e+06   8.9965820e+01
   4.9626400e+06   3.7048340e+01
   4.9627610e+06   3.9062500e+01
   4.9705350e+06   3.5156250e+01
   4.9732370e+06   5.8776855e+01
   4.9733470e+06   4.4372559e+01
   4.9733730e+06   3.7109375e+01
   4.9734420e+06   3.6743164e+01
   4.9734640e+06   1.5039062e+02
   4.9734780e+06   4.3090820e+01
   4.9735020e+06   9.2529297e+01
   4.9735160e+06   4.6142578e+01
   4.9735380e+06   6.6406250e+01
   4.9735510e+06   4.4067383e+01
   4.9735930e+06   6.8176270e+01
   4.9736290e+06   9.4604492e+01
   4.9736400e+06   3.7963867e+01
   4.9737130e+06   3.6682129e+01
   4.9737260e+06   6.4270020e+01
   4.9737810e+06   4.3457031e+01
   4.9738580e+06   7.6293945e+01
   4.9739810e+06   6.6711426e+01
   4.9740960e+06   6.3964844e+01
   4.9741420e+06   5.0476074e+01
   4.9742430e+06   8.4167480e+01
   4.9743180e+06   3.6560059e+01
   4.9744070e+06   5.9814453e+01
   4.9745320e+06   3.6865234e+01
   4.9745490e+06   5.3771973e+01
   4.9748860e+06   7.3303223e+01
   4.9749750e+06   3.7353516e+01
   4.9752610e+06   3.6071777e+01
   4.9763760e+06   3.9978027e+01
   4.9824080e+06   3.6376953e+01
   4.9827490e+06   3.7292480e+01
   4.9831620e+06   3.8513184e+01
   4.9835730e+06   3.8330078e+01
   4.9839000e+06   3.7292480e+01
   4.9844900e+06   4.2907715e+01
   4.9878940e+06   3.7231445e+01
   4.9886750e+06   3.5705566e+01
   4.9888850e+06   3.5278320e+01
   5.0457600e+06   3.5461426e+01
   5.0458700e+06   3.7414551e+01
   5.0462780e+06   3.8269043e+01
   5.0475150e+06   4.0588379e+01
   5.0500680e+06   3.7902832e+01
   5.0779430e+06   3.9489746e+01
   5.0795750e+06   3.5644531e+01
   5.1080140e+06   3.7231445e+01
   5.1080750e+06   4.8950195e+01
   5.1085630e+06   3.8146973e+01
   5.1085850e+06   3.6437988e+01
   5.1102340e+06   3.7841797e+01
   5.1121210e+06   3.7658691e+01
   5.1446840e+06   4.6264648e+01
   5.1712410e+06   4.6447754e+01
   5.1719450e+06   3.9550781e+01
   5.1724270e+06   3.5217285e+01
   5.1746070e+06   3.7780762e+01
   5.1891470e+06   4.5166016e+01
   5.1929670e+06   3.6193848e+01
   5.2601170e+06   3.6193848e+01
   5.2773780e+06   4.2236328e+01
   5.3369500e+06   3.5461426e+01
   5.3371680e+06   3.6315918e+01
   5.3374390e+06   4.3273926e+01
   5.3450490e+06   3.7414551e+01
   5.3794060e+06   3.9611816e+01
   5.3869470e+06   3.5278320e+01
   5.3926910e+06   3.6621094e+01
   5.3947450e+06   3.7292480e+01
   5.3948110e+06   4.5104980e+01
   5.3948310e+06   1.3220215e+02
   5.3948500e+06   1.2530518e+02
   5.3948650e+06   4.0710449e+01
   5.3948980e+06   7.9284668e+01
   5.3949540e+06   6.8603516e+01
   5.3949770e+06   5.0781250e+01
   5.3950040e+06   5.0598145e+01
   5.3950560e+06   6.1035156e+01
   5.3950710e+06   6.3659668e+01
   5.3950970e+06   4.0710449e+01
   5.3951530e+06   5.3588867e+01
   5.3952220e+06   1.2390137e+02
   5.3952860e+06   3.7353516e+01
   5.3954120e+06   3.8696289e+01
   5.3955020e+06   3.6865234e+01
   5.3956860e+06   3.6254883e+01
   5.4026270e+06   3.6254883e+01
   5.4028700e+06   3.8452148e+01
   5.4028900e+06   3.9001465e+01
   5.4029300e+06   3.5095215e+01
   5.4031400e+06   3.5278320e+01
   5.4033470e+06   3.7597656e+01
   5.4035420e+06   4.0710449e+01
   5.4043990e+06   3.6254883e+01
   5.4147350e+06   3.9123535e+01
   5.4148840e+06   3.8818359e+01
   5.4150760e+06   3.5705566e+01
   5.4151110e+06   3.6437988e+01
   5.4152520e+06   3.9184570e+01
   5.4153340e+06   4.0588379e+01
   5.4157880e+06   3.6926270e+01
   5.4158320e+06   3.5156250e+01
   5.4889110e+06   5.5725098e+01
   5.4892050e+06   3.5339355e+01
   5.4895760e+06   3.7597656e+01
   5.4899030e+06   3.7231445e+01
   5.4901030e+06   4.0649414e+01
   5.4927270e+06   4.3945313e+01
   5.5244620e+06   3.5583496e+01
   5.5308610e+06   4.3518066e+01
   5.5311460e+06   4.2602539e+01
   5.5315690e+06   3.6804199e+01
   5.5733480e+06   3.6071777e+01
   5.5736870e+06   3.8940430e+01
   5.5745130e+06   3.9672852e+01
   5.6028460e+06   3.6010742e+01
   5.6029170e+06   3.8513184e+01
   5.6030500e+06   3.6437988e+01
   5.6372080e+06   4.1625977e+01
   5.6376600e+06   4.0588379e+01
   5.6388900e+06   3.8696289e+01
   5.6404680e+06   4.2724609e+01
   5.6747790e+06   3.5095215e+01
   5.6762440e+06   4.4006348e+01
   5.7233440e+06   4.4067383e+01
   5.7239050e+06   5.5297852e+01
   5.7429440e+06   4.1564941e+01
   5.7556480e+06   3.9367676e+01
   5.7557430e+06   3.7902832e+01
   5.7875680e+06   3.9855957e+01
   5.7881910e+06   3.6132812e+01
   5.7883030e+06   3.4973145e+01
   5.8161790e+06   3.8024902e+01
   5.8167840e+06   3.6010742e+01
   5.8168090e+06   3.5156250e+01
   5.8168770e+06   3.6254883e+01
   5.8169090e+06   3.7658691e+01
   5.8465210e+06   3.8146973e+01
   5.8807070e+06   4.6508789e+01
   5.8820660e+06   5.0476074e+01
   5.8822830e+06   3.5827637e+01
   5.8828200e+06   3.9062500e+01
   5.9089070e+06   1.4947510e+02
   5.9089230e+06   1.0162354e+02
   5.9089630e+06   6.0729980e+01
   5.9089890e+06   5.1879883e+01
   5.9090000e+06   4.3457031e+01
   5.9090330e+06   4.1748047e+01
   5.9090470e+06   3.8085938e+01
   5.9090970e+06   5.4138184e+01
   5.9091270e+06   8.1420898e+01
   5.9092220e+06   3.6499023e+01
   5.9092720e+06   4.6936035e+01
   5.9093280e+06   1.1358643e+02
   5.9093550e+06   3.6987305e+01
   5.9093650e+06   4.5593262e+01
   5.9094150e+06   9.2224121e+01
   5.9098070e+06   3.9855957e+01
   5.9105920e+06   3.7597656e+01
   5.9170620e+06   3.8330078e+01
   5.9174360e+06   4.9926758e+01
   5.9176050e+06   3.5095215e+01
   5.9181530e+06   4.3395996e+01
   5.9192200e+06   3.5766602e+01
   5.9198870e+06   3.9367676e+01
   5.9203110e+06   1.6058350e+02
   5.9203360e+06   7.9467773e+01
   5.9203510e+06   4.5776367e+01
   5.9203680e+06   4.9621582e+01
   5.9203930e+06   7.5073242e+01
   5.9204170e+06   7.4279785e+01
   5.9204540e+06   3.7414551e+01
   5.9204930e+06   6.2744141e+01
   5.9205620e+06   5.1635742e+01
   5.9206020e+06   3.6376953e+01
   5.9206180e+06   4.9072266e+01
   5.9207230e+06   5.2734375e+01
   5.9208400e+06   5.1452637e+01
   5.9208750e+06   3.7170410e+01
   5.9209540e+06   4.9072266e+01
   5.9210830e+06   3.6132812e+01
   5.9211120e+06   3.7414551e+01
   5.9211550e+06   3.7841797e+01
   5.9212330e+06   7.0068359e+01
   5.9213420e+06   4.1076660e+01
   5.9214770e+06   4.6997070e+01
   5.9216550e+06   6.4819336e+01
   5.9223760e+06   7.9589844e+01
   5.9297460e+06   3.5339355e+01
   5.9298380e+06   4.3395996e+01
   5.9299070e+06   3.9794922e+01
   5.9299240e+06   3.5827637e+01
   5.9300070e+06   3.7780762e+01
   5.9300620e+06   4.5959473e+01
   5.9300840e+06   6.2072754e+01
   5.9301090e+06   3.6254883e+01
   5.9301310e+06   4.9621582e+01
   5.9301440e+06   7.8491211e+01
   5.9301810e+06   4.2663574e+01
   5.9301980e+06   6.2072754e+01
   5.9302360e+06   4.1625977e+01
   5.9303910e+06   3.6865234e+01
   5.9304200e+06   4.9743652e+01
   5.9305400e+06   5.0781250e+01
   5.9305830e+06   4.2053223e+01
   5.9306270e+06   3.6437988e+01
   5.9306510e+06   3.5095215e+01
   5.9306720e+06   4.1931152e+01
   5.9307180e+06   3.9123535e+01
   5.9308070e+06   3.5034180e+01
   5.9308480e+06   6.3903809e+01
   5.9309410e+06   4.0344238e+01
   5.9310410e+06   5.6884766e+01
   5.9311270e+06   3.6499023e+01
   5.9318140e+06   3.6682129e+01
   5.9319570e+06   3.5888672e+01
   5.9388620e+06   3.7780762e+01
   5.9391190e+06   4.6813965e+01
   5.9392340e+06   3.9916992e+01
   5.9393230e+06   3.5766602e+01
   5.9393860e+06   3.9001465e+01
   5.9394990e+06   3.7109375e+01
   5.9396860e+06   3.6376953e+01
   5.9397990e+06   7.3486328e+01
   5.9398280e+06   1.4044189e+02
   5.9398440e+06   4.1076660e+01
   5.9398730e+06   3.5644531e+01
   5.9399200e+06   3.7841797e+01
   5.9399350e+06   1.0205078e+02
   5.9399690e+06   3.7292480e+01
   5.9400210e+06   4.0161133e+01
   5.9400370e+06   4.3823242e+01
   5.9400890e+06   3.7353516e+01
   5.9401210e+06   3.9245605e+01
   5.9401840e+06   5.9631348e+01
   5.9402360e+06   3.7414551e+01
   5.9402770e+06   4.6386719e+01
   5.9404070e+06   4.9438477e+01
   5.9405730e+06   5.7678223e+01
   5.9406510e+06   3.9550781e+01
   5.9407550e+06   5.6091309e+01
   5.9418620e+06   3.5095215e+01
   6.0551690e+06   4.9255371e+01
   6.0554540e+06   6.9396973e+01
   6.0559670e+06   3.7658691e+01
   6.0845880e+06   3.8146973e+01
   6.1260010e+06   3.8818359e+01
   6.1579120e+06   3.9489746e+01
   6.1841170e+06   3.5156250e+01
   6.1998700e+06   4.5166016e+01
   6.1999250e+06   3.7963867e+01
   6.2000510e+06   3.5949707e+01
   6.2000710e+06   5.7250977e+01
   6.2001560e+06   3.6743164e+01
   6.2002030e+06   4.1564941e+01
   6.2002800e+06   1.6009521e+02
   6.2003020e+06   8.1787109e+01
   6.2003140e+06   5.9753418e+01
   6.2003500e+06   7.2875977e+01
   6.2003690e+06   4.0588379e+01
   6.2003890e+06   4.3334961e+01
   6.2004220e+06   5.8410645e+01
   6.2004490e+06   4.0100098e+01
   6.2004910e+06   4.7668457e+01
   6.2005110e+06   7.0007324e+01
   6.2006140e+06   7.5988770e+01
   6.2007080e+06   5.4260254e+01
   6.2007210e+06   8.8378906e+01
   6.2007490e+06   3.9733887e+01
   6.2133160e+06   3.8024902e+01
   6.2135110e+06   3.9794922e+01
   6.2135480e+06   4.2236328e+01
   6.2137060e+06   3.6926270e+01
   6.2137640e+06   4.3457031e+01
   6.2137780e+06   1.6882324e+02
   6.2138380e+06   4.6508789e+01
   6.2138600e+06   7.6354980e+01
   6.2138740e+06   5.3222656e+01
   6.2139190e+06   3.4973145e+01
   6.2139390e+06   4.8156738e+01
   6.2139500e+06   5.0231934e+01
   6.2140480e+06   3.6010742e+01
   6.2140640e+06   5.1208496e+01
   6.2140850e+06   3.8940430e+01
   6.2141300e+06   3.6376953e+01
   6.2141670e+06   4.7790527e+01
   6.2141930e+06   3.7231445e+01
   6.2143100e+06   3.7841797e+01
   6.2143210e+06   6.0668945e+01
   6.2144310e+06   5.5541992e+01
   6.2144580e+06   3.6560059e+01
   6.2145330e+06   3.7719727e+01
   6.2145440e+06   5.8959961e+01
   6.2146840e+06   4.1503906e+01
   6.2147680e+06   5.2734375e+01
   6.2148180e+06   3.8452148e+01
   6.2153030e+06   6.9335938e+01
   6.2156980e+06   3.5949707e+01
   6.2168310e+06   3.6499023e+01
   6.2236110e+06   3.7536621e+01
   6.2238430e+06   3.8879395e+01
   6.2240640e+06   3.7536621e+01
   6.2242190e+06   3.7536621e+01
   6.2242620e+06   4.1931152e+01
   6.2242810e+06   3.6804199e+01
   6.2243740e+06   8.3374023e+01
   6.2243980e+06   4.4860840e+01
   6.2244680e+06   7.8430176e+01
   6.2244820e+06   3.8879395e+01
   6.2245410e+06   3.6376953e+01
   6.2245780e+06   6.2744141e+01
   6.2246350e+06   3.5766602e+01
   6.2246850e+06   6.4331055e+01
   6.2248170e+06   4.6630859e+01
   6.2248480e+06   4.2114258e+01
   6.2249470e+06   4.3762207e+01
   6.2249930e+06   3.8269043e+01
   6.2251870e+06   4.1809082e+01
   6.2252270e+06   4.6508789e+01
   6.2253690e+06   5.1391602e+01
   6.3085600e+06   3.6804199e+01
   6.3091880e+06   7.1655273e+01
   6.3092530e+06   3.5461426e+01
   6.3093560e+06   4.4860840e+01
   6.3094430e+06   3.5766602e+01
   6.3094870e+06   3.5339355e+01
   6.3095010e+06   1.2982178e+02
   6.3095240e+06   3.9428711e+01
   6.3095540e+06   5.7861328e+01
   6.3095690e+06   6.1584473e+01
   6.3095820e+06   6.0485840e+01
   6.3096090e+06   3.8452148e+01
   6.3096200e+06   5.2185059e+01
   6.3096500e+06   4.5898438e+01
   6.3097310e+06   3.8879395e+01
   6.3097480e+06   4.4738770e+01
   6.3098760e+06   6.0607910e+01
   6.3100080e+06   7.1166992e+01
   6.3103960e+06   3.6682129e+01
   6.3568640e+06   3.5278320e+01
   6.3570080e+06   8.2336426e+01
   6.3571720e+06   3.5461426e+01
   6.3573340e+06   4.3273926e+01
   6.3573460e+06   1.4648438e+02
   6.3573760e+06   6.6528320e+01
   6.3574040e+06   4.3762207e+01
   6.3574240e+06   8.4045410e+01
   6.3574550e+06   5.1574707e+01
   6.3574700e+06   3.9306641e+01
   6.3575030e+06   6.0974121e+01
   6.3575480e+06   3.5156250e+01
   6.3575860e+06   3.6804199e+01
   6.3576180e+06   3.5644531e+01
   6.3576400e+06   4.4738770e+01
   6.3576790e+06   3.8146973e+01
   6.3577340e+06   3.5644531e+01
   6.3577700e+06   6.2805176e+01
   6.3584220e+06   3.9733887e+01
   6.4076700e+06   3.5461426e+01
   6.4077060e+06   3.5461426e+01
   6.4078700e+06   6.0852051e+01
   6.4078900e+06   4.3334961e+01
   6.4080230e+06   3.6193848e+01
   6.4080930e+06   3.7048340e+01
   6.4081820e+06   3.9794922e+01
   6.4082150e+06   1.3647461e+02
   6.4082250e+06   9.3688965e+01
   6.4082490e+06   5.5175781e+01
   6.4082770e+06   3.8269043e+01
   6.4082930e+06   6.0974121e+01
   6.4083180e+06   4.2602539e+01
   6.4083380e+06   3.6437988e+01
   6.4083840e+06   4.5043945e+01
   6.4084790e+06   5.4870605e+01
   6.4084990e+06   4.2053223e+01
   6.4086120e+06   5.2673340e+01
   6.4086280e+06   3.9001465e+01
   6.4683110e+06   6.9946289e+01
   6.4683900e+06   3.8574219e+01
   6.4685930e+06   3.9733887e+01
   6.4687270e+06   4.5471191e+01
   6.4687370e+06   3.5461426e+01
   6.4687530e+06   4.4921875e+01
   6.4687780e+06   1.5106201e+02
   6.4688310e+06   3.6987305e+01
   6.4688510e+06   7.5134277e+01
   6.4688720e+06   3.7963867e+01
   6.4688940e+06   4.6936035e+01
   6.4689110e+06   3.8452148e+01
   6.4689340e+06   6.5490723e+01
   6.4689670e+06   4.2419434e+01
   6.4690320e+06   3.8818359e+01
   6.4690560e+06   4.9438477e+01
   6.4691030e+06   3.9550781e+01
   6.4691310e+06   5.0659180e+01
   6.4692670e+06   7.2143555e+01
   6.4693200e+06   3.5583496e+01
   6.4694600e+06   4.1381836e+01
   6.4696210e+06   3.8146973e+01
   6.5254290e+06   6.8542480e+01
   6.5257320e+06   3.6560059e+01
   6.5260220e+06   6.4331055e+01
   6.5260710e+06   3.7475586e+01
   6.5263740e+06   3.9978027e+01
   6.5263950e+06   8.3068848e+01
   6.5268430e+06   6.5979004e+01
   6.5504580e+06   3.6437988e+01
   6.5506730e+06   3.6376953e+01
   6.5508890e+06   4.4250488e+01
   6.5511940e+06   6.8176270e+01
   6.5520260e+06   6.6040039e+01
   6.5725660e+06   3.7231445e+01
   6.5937560e+06   3.7109375e+01
   6.6111610e+06   4.1259766e+01
   6.6263260e+06   3.6376953e+01
   6.6514110e+06   3.8208008e+01
   6.6519340e+06   4.1503906e+01
   6.7135810e+06   3.8330078e+01
   6.7137140e+06   4.0588379e+01
   6.7330190e+06   3.6132812e+01
   6.7334430e+06   4.6691895e+01
   6.7335110e+06   3.6132812e+01
   6.8027490e+06   4.1320801e+01
   6.8254470e+06   4.1381836e+01
   6.8730250e+06   3.5461426e+01
   6.8732080e+06   3.6682129e+01
   6.9114730e+06   4.1870117e+01
   6.9517490e+06   3.5461426e+01
   6.9657100e+06   4.6325684e+01
   6.9716250e+06   3.6254883e+01
   6.9863800e+06   3.6987305e+01
   6.9863970e+06   4.4738770e+01
   6.9864090e+06   8.0200195e+01
   6.9864510e+06   6.0546875e+01
   6.9864730e+06   8.6975098e+01
   6.9864950e+06   5.7861328e+01
   6.9865300e+06   4.0222168e+01
   6.9865530e+06   8.1176758e+01
   6.9865680e+06   3.6926270e+01
   6.9865880e+06   4.6630859e+01
   6.9866110e+06   6.4697266e+01
   6.9866510e+06   9.2712402e+01
   6.9866690e+06   3.6743164e+01
   6.9867130e+06   6.0852051e+01
   6.9867460e+06   9.0393066e+01
   6.9867700e+06   4.1748047e+01
   6.9868350e+06   5.5236816e+01
   6.9869400e+06   5.5236816e+01
   6.9870050e+06   3.6315918e+01
   6.9870500e+06   5.7739258e+01
   6.9871560e+06   3.8269043e+01
   6.9871770e+06   4.7485352e+01
   6.9873040e+06   5.4931641e+01
   6.9875650e+06   3.9184570e+01
   6.9891150e+06   3.6682129e+01
   6.9907950e+06   3.8574219e+01
   6.9942960e+06   4.1931152e+01
   6.9949410e+06   3.9550781e+01
   6.9950560e+06   3.5217285e+01
   6.9950890e+06   3.6254883e+01
   6.9951100e+06   4.9621582e+01
   6.9960780e+06   3.5705566e+01
   6.9968520e+06   3.9978027e+01
   6.9996210e+06   3.6743164e+01
   6.9999590e+06   3.5705566e+01
   7.0005490e+06   3.7902832e+01
   7.0028870e+06   3.5888672e+01
   7.0033740e+06   3.9428711e+01
   7.0038740e+06   3.6376953e+01
   7.0041450e+06   3.6376953e+01
   7.0042040e+06   3.5034180e+01
   7.0077390e+06   5.1269531e+01
   7.0079120e+06   3.6193848e+01
   7.0084290e+06   3.9001465e+01
   7.1369680e+06   3.8635254e+01
   7.1426130e+06   3.8940430e+01
   7.1650610e+06   4.2541504e+01
   7.2056550e+06   4.0771484e+01
   7.2241870e+06   3.7292480e+01
   7.2434880e+06   3.7353516e+01
   7.2450320e+06   4.9072266e+01
   7.2613630e+06   3.6621094e+01
   7.2619100e+06   3.6010742e+01
   7.2793510e+06   3.8757324e+01
   7.2794520e+06   4.0954590e+01
   7.3063750e+06   3.5522461e+01
   7.3075020e+06   3.9123535e+01
   7.3213660e+06   3.7780762e+01
   7.3829790e+06   4.0161133e+01
   7.3943710e+06   3.5217285e+01
   7.3943990e+06   4.1076660e+01
   7.3944250e+06   3.5034180e+01
   7.3944570e+06   3.9611816e+01
   7.3944970e+06   3.6010742e+01
   7.3946190e+06   1.4221191e+02
   7.3946400e+06   4.9682617e+01
   7.3946560e+06   4.1198730e+01
   7.3946910e+06   9.4055176e+01
   7.3947190e+06   5.8837891e+01
   7.3947370e+06   3.7475586e+01
   7.3947770e+06   7.3486328e+01
   7.3948170e+06   5.7922363e+01
   7.3948680e+06   9.0087891e+01
   7.3949300e+06   5.3955078e+01
   7.3949960e+06   4.0466309e+01
   7.3950270e+06   1.2249756e+02
   7.3975400e+06   3.5278320e+01
   7.4066920e+06   3.5583496e+01
   7.4069580e+06   3.9611816e+01
   7.4070070e+06   1.4746094e+02
   7.4070230e+06   9.5642090e+01
   7.4070420e+06   4.1809082e+01
   7.4070590e+06   4.2907715e+01
   7.4070840e+06   9.5397949e+01
   7.4071040e+06   6.6040039e+01
   7.4071450e+06   4.1809082e+01
   7.4071740e+06   3.8452148e+01
   7.4072480e+06   4.2846680e+01
   7.4072930e+06   6.8908691e+01
   7.4073420e+06   4.2419434e+01
   7.4073720e+06   3.8757324e+01
   7.4073960e+06   7.3669434e+01
   7.4074370e+06   3.8085938e+01
   7.4075150e+06   7.3547363e+01
   7.4075670e+06   4.1198730e+01
   7.4075980e+06   4.0100098e+01
   7.4076320e+06   5.6823730e+01
   7.4077700e+06   6.0974121e+01
   7.4077860e+06   3.7048340e+01
   7.4079060e+06   4.9987793e+01
   7.4080450e+06   6.1950684e+01
   7.4085850e+06   4.1259766e+01
   7.4086860e+06   3.6499023e+01
   7.4092560e+06   3.5156250e+01
   7.4101970e+06   3.8330078e+01
   7.4168670e+06   3.5095215e+01
   7.4171820e+06   3.5339355e+01
   7.4172550e+06   4.1320801e+01
   7.4174090e+06   3.5034180e+01
   7.4174820e+06   5.1940918e+01
   7.4175760e+06   1.2451172e+02
   7.4175930e+06   8.5449219e+01
   7.4176680e+06   7.5073242e+01
   7.4176900e+06   3.7048340e+01
   7.4177180e+06   5.1025391e+01
   7.4177480e+06   3.7170410e+01
   7.4177780e+06   4.3395996e+01
   7.4177940e+06   3.6010742e+01
   7.4178370e+06   4.0344238e+01
   7.4178470e+06   3.5949707e+01
   7.4178860e+06   6.2988281e+01
   7.4178990e+06   3.5400391e+01
   7.4179240e+06   4.0893555e+01
   7.4180150e+06   6.1645508e+01
   7.4180330e+06   5.1696777e+01
   7.4181390e+06   6.4147949e+01
   7.4181750e+06   3.8024902e+01
   7.4182240e+06   3.6315918e+01
   7.4182940e+06   6.1462402e+01
   7.4183040e+06   4.5532227e+01
   7.4183590e+06   3.5705566e+01
   7.4188670e+06   3.7414551e+01
   7.4279870e+06   3.8452148e+01
   7.4285740e+06   7.8674316e+01
   7.4285930e+06   1.3220215e+02
   7.4286260e+06   3.8879395e+01
   7.4286400e+06   3.6865234e+01
   7.4286730e+06   3.6743164e+01
   7.4286910e+06   8.7341309e+01
   7.4287170e+06   3.6193848e+01
   7.4287570e+06   3.7170410e+01
   7.4287920e+06   3.6560059e+01
   7.4288040e+06   5.3955078e+01
   7.4288290e+06   3.6621094e+01
   7.4288730e+06   3.7109375e+01
   7.4289370e+06   7.4279785e+01
   7.4290750e+06   5.5236816e+01
   7.4292070e+06   5.7983398e+01
   7.4293290e+06   3.6071777e+01
   7.4294190e+06   3.5400391e+01
   7.4303120e+06   4.3395996e+01
   7.5252820e+06   4.2480469e+01
   7.5253730e+06   4.1625977e+01
   7.5254990e+06   3.5156250e+01
   7.5255640e+06   4.1625977e+01
   7.5255830e+06   9.3505859e+01
   7.5256610e+06   4.5715332e+01
   7.5257490e+06   4.1503906e+01
   7.5257630e+06   1.4239502e+02
   7.5257840e+06   9.2712402e+01
   7.5258110e+06   4.9743652e+01
   7.5258320e+06   9.5764160e+01
   7.5258750e+06   5.1879883e+01
   7.5258940e+06   4.0283203e+01
   7.5259160e+06   8.1420898e+01
   7.5259640e+06   3.8269043e+01
   7.5260200e+06   6.4819336e+01
   7.5261180e+06   6.7321777e+01
   7.5262050e+06   3.6987305e+01
   7.5270940e+06   3.7231445e+01
   7.5626240e+06   3.7292480e+01
   7.5793990e+06   7.8125000e+01
   7.5795220e+06   3.6499023e+01
   7.5796080e+06   5.0598145e+01
   7.5796720e+06   1.4514160e+02
   7.5797270e+06   3.6499023e+01
   7.5797530e+06   1.0009766e+02
   7.5797720e+06   6.7504883e+01
   7.5797820e+06   3.8208008e+01
   7.5798310e+06   6.0180664e+01
   7.5799310e+06   5.5664062e+01
   7.5799600e+06   3.9672852e+01
   7.5800240e+06   3.7902832e+01
   7.5800350e+06   5.8105469e+01
   7.5800920e+06   3.7292480e+01
   7.5801450e+06   6.8481445e+01
   7.5802890e+06   9.0881348e+01
   7.5804120e+06   3.6437988e+01
   7.5804710e+06   3.5583496e+01
   7.5811200e+06   3.5156250e+01
   7.5818350e+06   3.6376953e+01
   7.6325930e+06   3.5095215e+01
   7.6328030e+06   4.0039062e+01
   7.6330320e+06   8.7463379e+01
   7.6333000e+06   1.6247559e+02
   7.6333380e+06   4.1503906e+01
   7.6333770e+06   9.7656250e+01
   7.6334060e+06   4.2175293e+01
   7.6334230e+06   5.2673340e+01
   7.6334570e+06   7.4584961e+01
   7.6335020e+06   3.8085938e+01
   7.6335290e+06   4.6997070e+01
   7.6335540e+06   5.5847168e+01
   7.6335650e+06   3.7597656e+01
   7.6336550e+06   6.1828613e+01
   7.6341150e+06   3.5644531e+01
   7.6345060e+06   3.5644531e+01
   7.6501050e+06   4.1992188e+01
   7.6514750e+06   3.7292480e+01
   7.6518210e+06   6.6406250e+01
   7.6526180e+06   6.2805176e+01
   7.6537270e+06   7.0678711e+01
   7.6543230e+06   3.7231445e+01
   7.6545160e+06   4.0161133e+01
   7.6545340e+06   6.7687988e+01
   7.6547300e+06   3.6926270e+01
   7.6549020e+06   1.4086914e+02
   7.6549240e+06   3.7353516e+01
   7.6549520e+06   8.3801270e+01
   7.6549640e+06   3.7475586e+01
   7.6550000e+06   1.3006592e+02
   7.6550370e+06   4.1442871e+01
   7.6550590e+06   7.0556641e+01
   7.6550900e+06   5.9265137e+01
   7.6551080e+06   4.3823242e+01
   7.6551950e+06   5.7067871e+01
   7.6552250e+06   3.5644531e+01
   7.6553000e+06   6.6894531e+01
   7.6553310e+06   3.6254883e+01
   7.6557710e+06   3.7109375e+01
   7.7017330e+06   4.1809082e+01
   7.7140480e+06   3.6193848e+01
   7.7141430e+06   8.4411621e+01
   7.7141810e+06   3.6560059e+01
   7.7142830e+06   4.1015625e+01
   7.7143300e+06   1.4221191e+02
   7.7143560e+06   9.3505859e+01
   7.7143700e+06   4.7546387e+01
   7.7143880e+06   3.8696289e+01
   7.7144120e+06   8.8989258e+01
   7.7144350e+06   4.8522949e+01
   7.7144610e+06   5.4565430e+01
   7.7144960e+06   6.2500000e+01
   7.7145250e+06   3.6254883e+01
   7.7145850e+06   3.9672852e+01
   7.7146270e+06   3.6865234e+01
   7.7146930e+06   6.7749023e+01
   7.7147620e+06   4.6936035e+01
   7.7148200e+06   8.3679199e+01
   7.7157380e+06   3.8024902e+01
   7.7159700e+06   3.9672852e+01
   7.7689220e+06   3.9367676e+01
   7.7690870e+06   3.9001465e+01
   7.7691240e+06   6.4575195e+01
   7.7692610e+06   3.7109375e+01
   7.7694370e+06   7.1838379e+01
   7.7694730e+06   4.0954590e+01
   7.7695120e+06   3.7902832e+01
   7.7695540e+06   1.2902832e+02
   7.7695680e+06   4.4982910e+01
   7.7696020e+06   5.2978516e+01
   7.7696350e+06   1.0839844e+02
   7.7696600e+06   3.5644531e+01
   7.7696880e+06   3.7170410e+01
   7.7697250e+06   9.2590332e+01
   7.7697350e+06   5.3894043e+01
   7.7698210e+06   5.6091309e+01
   7.7698440e+06   5.0598145e+01
   7.7698660e+06   3.5827637e+01
   7.7699790e+06   3.8513184e+01
   7.7700780e+06   7.5561523e+01
   7.7701880e+06   3.6315918e+01
   7.7706730e+06   3.7414551e+01
   7.7718390e+06   4.3151855e+01
   7.7930810e+06   4.3395996e+01
   7.8286750e+06   3.5156250e+01
   7.8288170e+06   3.6132812e+01
   7.8290580e+06   3.5522461e+01
   7.8292230e+06   6.5734863e+01
   7.8292620e+06   4.2053223e+01
   7.8292980e+06   3.6804199e+01
   7.8295730e+06   7.5622559e+01
   7.8295990e+06   3.6987305e+01
   7.8296270e+06   4.7363281e+01
   7.8296550e+06   1.2982178e+02
   7.8296850e+06   4.4067383e+01
   7.8296970e+06   6.7932129e+01
   7.8297350e+06   8.5876465e+01
   7.8297710e+06   3.6926270e+01
   7.8297850e+06   3.7353516e+01
   7.8298250e+06   7.5927734e+01
   7.8298460e+06   4.6447754e+01
   7.8298650e+06   4.4189453e+01
   7.8299170e+06   3.9489746e+01
   7.8299300e+06   4.0039062e+01
   7.8299710e+06   4.5471191e+01
   7.8299880e+06   4.0771484e+01
   7.8300330e+06   6.8298340e+01
   7.8301540e+06   6.7321777e+01
   7.8637040e+06   3.5278320e+01
   7.8638910e+06   3.8757324e+01
   7.8641310e+06   6.8054199e+01
   7.8642580e+06   3.7231445e+01
   7.8644190e+06   8.5327148e+01
   7.8644850e+06   3.7536621e+01
   7.8647080e+06   4.1870117e+01
   7.8648010e+06   5.8959961e+01
   7.8650710e+06   4.2907715e+01
   7.8651110e+06   3.5644531e+01
   7.8651510e+06   1.5930176e+02
   7.8651800e+06   4.4860840e+01
   7.8652420e+06   1.0949707e+02
   7.8652850e+06   3.5461426e+01
   7.8653050e+06   4.7546387e+01
   7.8653230e+06   4.7363281e+01
   7.8654410e+06   5.7922363e+01
   7.8654580e+06   3.5095215e+01
   7.8655710e+06   8.8195801e+01
   7.8661890e+06   3.6865234e+01
   7.9165000e+06   3.6315918e+01
   7.9167190e+06   8.4777832e+01
   7.9168470e+06   4.0466309e+01
   7.9170670e+06   3.6315918e+01
   7.9171380e+06   7.0678711e+01
   7.9172720e+06   1.5753174e+02
   7.9173030e+06   6.7687988e+01
   7.9173340e+06   3.5522461e+01
   7.9173540e+06   8.7890625e+01
   7.9174040e+06   5.5725098e+01
   7.9174350e+06   5.0476074e+01
   7.9174650e+06   3.9978027e+01
   7.9175170e+06   4.0588379e+01
   7.9175300e+06   6.0607910e+01
   7.9176600e+06   7.1838379e+01
   7.9176880e+06   3.5583496e+01
   7.9177720e+06   5.9631348e+01
   7.9178100e+06   3.5400391e+01
   7.9178810e+06   3.8024902e+01
   7.9179970e+06   8.7280273e+01
   7.9188490e+06   4.1320801e+01
   7.9797560e+06   3.5339355e+01
   7.9798370e+06   3.5766602e+01
   7.9800360e+06   9.5581055e+01
   7.9800550e+06   3.7902832e+01
   7.9801930e+06   3.7353516e+01
   7.9803450e+06   3.6743164e+01
   7.9803900e+06   1.6741943e+02
   7.9804120e+06   4.6447754e+01
   7.9804640e+06   7.9650879e+01
   7.9804770e+06   9.1125488e+01
   7.9805410e+06   4.7668457e+01
   7.9805610e+06   6.0485840e+01
   7.9806290e+06   3.9001465e+01
   7.9806630e+06   5.5358887e+01
   7.9807250e+06   3.8208008e+01
   7.9807440e+06   5.7189941e+01
   7.9807710e+06   5.9509277e+01
   7.9808420e+06   4.0893555e+01
   7.9808980e+06   7.2326660e+01
   7.9810770e+06   3.8940430e+01
   7.9811940e+06   3.6376953e+01
   8.0220470e+06   3.5644531e+01
   8.0343650e+06   3.6315918e+01
   8.0346540e+06   8.3801270e+01
   8.0351610e+06   3.9184570e+01
   8.0353300e+06   1.5185547e+02
   8.0353480e+06   3.8696289e+01
   8.0353650e+06   4.2175293e+01
   8.0353770e+06   4.3457031e+01
   8.0354160e+06   9.9426270e+01
   8.0354390e+06   5.1147461e+01
   8.0354740e+06   4.0527344e+01
   8.0355030e+06   5.7373047e+01
   8.0355140e+06   4.0161133e+01
   8.0355650e+06   3.9916992e+01
   8.0356010e+06   7.0556641e+01
   8.0357110e+06   8.2702637e+01
   8.0357210e+06   3.7658691e+01
   8.0357880e+06   3.5461426e+01
   8.0358310e+06   6.0058594e+01
   8.0373360e+06   3.9733887e+01
   8.0913080e+06   4.0344238e+01
   8.0913570e+06   3.9489746e+01
   8.0914530e+06   4.7729492e+01
   8.0915530e+06   4.4006348e+01
   8.0916910e+06   8.6059570e+01
   8.0917150e+06   3.8696289e+01
   8.0918800e+06   3.8208008e+01
   8.0920650e+06   7.3181152e+01
   8.0921200e+06   3.8879395e+01
   8.0921420e+06   4.2297363e+01
   8.0921580e+06   1.1254883e+02
   8.0921890e+06   3.5522461e+01
   8.0922050e+06   6.1950684e+01
   8.0922410e+06   6.9030762e+01
   8.0922880e+06   4.1931152e+01
   8.0922990e+06   3.5583496e+01
   8.0923330e+06   8.0505371e+01
   8.0923450e+06   4.4494629e+01
   8.0923550e+06   3.9489746e+01
   8.0923810e+06   3.7963867e+01
   8.0924340e+06   7.1105957e+01
   8.0925170e+06   3.7963867e+01
   8.0925870e+06   7.6599121e+01
   8.0933450e+06   3.5583496e+01
   8.1510060e+06   3.7841797e+01
   8.1514560e+06   8.3679199e+01
   8.1520890e+06   6.7321777e+01
   8.1525180e+06   4.0588379e+01
   8.1526920e+06   3.8818359e+01
   8.1539610e+06   5.9814453e+01
   8.1818400e+06   3.8146973e+01
   8.1824570e+06   3.6804199e+01
   8.1828910e+06   3.7658691e+01
   8.1840730e+06   3.8574219e+01
   8.2201440e+06   3.5766602e+01
   8.2209080e+06   3.5461426e+01
   8.2212470e+06   3.5644531e+01
   8.2214080e+06   3.5888672e+01
   8.2547230e+06   3.7231445e+01
   8.2619820e+06   4.1687012e+01
   8.2621010e+06   3.6010742e+01
   8.2628370e+06   4.0954590e+01
   8.2629660e+06   3.6132812e+01
   8.2633660e+06   3.5949707e+01
   8.2641810e+06   3.5156250e+01
   8.3116580e+06   3.7597656e+01
   8.3131420e+06   4.2236328e+01
   8.3481090e+06   3.8024902e+01
   8.3487310e+06   3.5644531e+01
   8.3491040e+06   5.0109863e+01
   8.3494230e+06   4.5349121e+01
   8.3499950e+06   4.3945312e+01
   8.4273410e+06   3.6865234e+01
   8.4295330e+06   4.0466309e+01
   8.4786310e+06   4.1442871e+01
   8.5175660e+06   3.8818359e+01
   8.5179990e+06   3.7963867e+01
   8.5181320e+06   3.9123535e+01
   8.5577950e+06   3.5400391e+01
   8.5586240e+06   4.3762207e+01
   8.5910450e+06   3.5827637e+01
   8.6031040e+06   3.9672852e+01
   8.6319150e+06   4.0283203e+01
   8.6422940e+06   3.5522461e+01
   8.6549850e+06   3.5705566e+01
   8.6563800e+06   3.5156250e+01
   8.6775210e+06   3.6376953e+01
   8.6969370e+06   3.8452148e+01
   8.6979610e+06   3.9428711e+01
   8.6986600e+06   4.4982910e+01
   8.7131220e+06   3.5278320e+01
   8.7211320e+06   3.5583496e+01
   8.7303200e+06   3.7841797e+01
   8.7312900e+06   3.5461426e+01
   8.7814850e+06   3.8574219e+01
   8.8096510e+06   4.9926758e+01
   8.8628420e+06   3.5522461e+01
   8.8781900e+06   3.6254883e+01
   8.9374330e+06   3.7048340e+01
   8.9376720e+06   4.2297363e+01
   8.9381870e+06   3.5766602e+01
   8.9387630e+06   3.5583496e+01
   8.9479180e+06   3.4973145e+01
   8.9523240e+06   3.8269043e+01
   8.9774960e+06   3.4973145e+01
   8.9775540e+06   4.1381836e+01
   8.9781940e+06   3.6010742e+01
   8.9942370e+06   3.5278320e+01
   8.9943140e+06   3.8696289e+01
   8.9945600e+06   4.6203613e+01
   8.9945930e+06   3.9428711e+01
   8.9946070e+06   4.4921875e+01
   8.9946520e+06   1.3043213e+02
   8.9946740e+06   7.5744629e+01
   8.9946940e+06   3.9550781e+01
   8.9947260e+06   1.2457275e+02
   8.9947610e+06   3.6987305e+01
   8.9948050e+06   9.2834473e+01
   8.9948740e+06   6.3415527e+01
   8.9948900e+06   3.9062500e+01
   8.9949170e+06   3.5217285e+01
   8.9950040e+06   7.3547363e+01
   8.9950780e+06   4.4982910e+01
   8.9951680e+06   1.4489746e+02
   8.9959580e+06   3.6743164e+01
   8.9961050e+06   4.3029785e+01
   8.9984640e+06   3.9550781e+01
   9.0045410e+06   4.2846680e+01
   9.0046680e+06   3.5034180e+01
   9.0047640e+06   4.2602539e+01
   9.0050770e+06   3.5400391e+01
   9.0058230e+06   4.6081543e+01
   9.0064320e+06   3.8269043e+01
   9.0066870e+06   3.8330078e+01
   9.0068720e+06   3.7902832e+01
   9.0069680e+06   3.6071777e+01
   9.0070860e+06   4.2297363e+01
   9.0081440e+06   3.7292480e+01
   9.0083060e+06   3.9245605e+01
   9.0129950e+06   4.0588379e+01
   9.0130860e+06   3.8085938e+01
   9.0131890e+06   3.7780762e+01
   9.0134010e+06   3.9001465e+01
   9.0134430e+06   4.2114258e+01
   9.0141540e+06   4.0344238e+01
   9.0145580e+06   3.4545898e+01
   9.0150780e+06   3.6926270e+01
   9.0198490e+06   3.5644531e+01
   9.0200700e+06   3.6315918e+01
   9.0786050e+06   3.9245605e+01
   9.0788220e+06   4.0527344e+01
   9.0791810e+06   3.9550781e+01
   9.0794880e+06   3.8574219e+01
   9.0796950e+06   4.7119141e+01
   9.0798810e+06   3.9733887e+01
   9.0821080e+06   3.8757324e+01
   9.0823120e+06   3.5217285e+01
   9.1209660e+06   3.9062500e+01
   9.1210610e+06   4.0039062e+01
   9.1219870e+06   3.6804199e+01
   9.1493620e+06   3.6865234e+01
   9.1705610e+06   3.8330078e+01
   9.1777800e+06   3.7048340e+01
   9.1778880e+06   3.9184570e+01
   9.1779000e+06   3.5156250e+01
   9.1780140e+06   3.7170410e+01
   9.1790230e+06   3.6132812e+01
   9.2059390e+06   3.5522461e+01
   9.2070550e+06   3.6193848e+01
   9.2071140e+06   3.5400391e+01
   9.2310800e+06   3.7841797e+01
   9.2312060e+06   3.6865234e+01
   9.2379470e+06   4.1259766e+01
   9.2384290e+06   3.9611816e+01
   9.2493970e+06   3.7536621e+01
   9.2494590e+06   4.2358398e+01
   9.2495350e+06   4.2907715e+01
   9.2536140e+06   3.6865234e+01
   9.2662550e+06   3.4790039e+01
   9.2874840e+06   3.5461426e+01
   9.2956890e+06   3.9672852e+01
   9.2957740e+06   3.7719727e+01
   9.2959160e+06   3.5156250e+01
   9.2960490e+06   3.5583496e+01
   9.3033760e+06   3.5949707e+01
   9.3276270e+06   3.6865234e+01
   9.3516430e+06   3.5461426e+01
   9.3517510e+06   3.9672852e+01
   9.3586040e+06   3.9550781e+01
   9.4017570e+06   4.2907715e+01
   9.4022030e+06   4.1687012e+01
   9.4075000e+06   3.5888672e+01
   9.4447440e+06   3.8330078e+01
   9.4547320e+06   3.5766602e+01
   9.4549170e+06   3.5522461e+01
   9.4550990e+06   4.3701172e+01
   9.4948290e+06   3.7475586e+01
   9.5138420e+06   3.5644531e+01
   9.5138610e+06   1.6766357e+02
   9.5138850e+06   6.3781738e+01
   9.5139010e+06   5.1757812e+01
   9.5139330e+06   7.3608398e+01
   9.5139580e+06   4.1870117e+01
   9.5139750e+06   5.0537109e+01
   9.5139990e+06   4.2907715e+01
   9.5140150e+06   6.3049316e+01
   9.5140760e+06   6.6894531e+01
   9.5141000e+06   6.7199707e+01
   9.5141750e+06   3.6560059e+01
   9.5141950e+06   5.1940918e+01
   9.5142070e+06   8.3618164e+01
   9.5143060e+06   9.5031738e+01
   9.5144250e+06   3.9733887e+01
   9.5145190e+06   3.8269043e+01
   9.5145630e+06   3.6071777e+01
   9.5147050e+06   3.6071777e+01
   9.5149320e+06   3.6499023e+01
   9.5150370e+06   3.7719727e+01
   9.5151470e+06   3.6499023e+01
   9.5155440e+06   3.7902832e+01
   9.5156400e+06   3.6193848e+01
   9.5167630e+06   3.7597656e+01
   9.5181900e+06   4.0893555e+01
   9.5190780e+06   3.8391113e+01
   9.5241190e+06   3.7902832e+01
   9.5242580e+06   3.9367676e+01
   9.5244840e+06   3.5644531e+01
   9.5245450e+06   3.5339355e+01
   9.5248060e+06   3.9672852e+01
   9.5248640e+06   3.5827637e+01
   9.5249070e+06   3.7597656e+01
   9.5252230e+06   1.5893555e+02
   9.5252590e+06   6.8115234e+01
   9.5252800e+06   4.0588379e+01
   9.5253110e+06   3.4545898e+01
   9.5253310e+06   4.0466309e+01
   9.5253430e+06   5.3039551e+01
   9.5253800e+06   3.7109375e+01
   9.5254030e+06   5.8593750e+01
   9.5254480e+06   4.4677734e+01
   9.5254700e+06   8.0749512e+01
   9.5255690e+06   6.5673828e+01
   9.5255950e+06   6.3415527e+01
   9.5256270e+06   3.5705566e+01
   9.5256780e+06   3.4545898e+01
   9.5257220e+06   7.4462891e+01
   9.5258520e+06   3.4423828e+01
   9.5258630e+06   3.4606934e+01
   9.5259240e+06   3.5217285e+01
   9.5259890e+06   7.3608398e+01
   9.5261420e+06   7.2387695e+01
   9.5357710e+06   3.9001465e+01
   9.5363390e+06   3.9855957e+01
   9.5364330e+06   3.6499023e+01
   9.5366880e+06   3.5156250e+01
   9.5369330e+06   3.4606934e+01
   9.5373300e+06   3.5095215e+01
   9.5379310e+06   3.5278320e+01
   9.5380000e+06   3.5156250e+01
   9.5380310e+06   7.5012207e+01
   9.5380640e+06   4.1870117e+01
   9.5380930e+06   4.3457031e+01
   9.5381040e+06   4.3151855e+01
   9.5381350e+06   3.5705566e+01
   9.5381540e+06   3.4851074e+01
   9.5381840e+06   3.5400391e+01
   9.5382070e+06   4.1137695e+01
   9.5382330e+06   3.7597656e+01
   9.5382540e+06   6.1218262e+01
   9.5383390e+06   3.9550781e+01
   9.5383800e+06   6.7565918e+01
   9.5383910e+06   3.6010742e+01
   9.5384730e+06   3.8208008e+01
   9.5385080e+06   3.5339355e+01
   9.5385310e+06   7.0556641e+01
   9.5386010e+06   3.9550781e+01
   9.5386610e+06   5.2307129e+01
   9.5387820e+06   5.5786133e+01
   9.5389280e+06   5.8776855e+01
   9.5390760e+06   6.9213867e+01
   9.5392190e+06   3.5034180e+01
   9.5400440e+06   3.4484863e+01
   9.6339430e+06   3.4973145e+01
   9.6340780e+06   3.5461426e+01
   9.6341450e+06   3.5766602e+01
   9.6341560e+06   1.1767578e+02
   9.6341800e+06   5.8837891e+01
   9.6342280e+06   1.0632324e+02
   9.6342510e+06   6.1523438e+01
   9.6342620e+06   3.8391113e+01
   9.6342880e+06   3.7597656e+01
   9.6343110e+06   6.3293457e+01
   9.6343730e+06   5.4138184e+01
   9.6344070e+06   6.9763184e+01
   9.6345100e+06   6.0546875e+01
   9.6347410e+06   3.6376953e+01
   9.6348500e+06   4.1137695e+01
   9.6351620e+06   3.8879395e+01
   9.6356420e+06   4.1076660e+01
   9.6782360e+06   3.4912109e+01
   9.6904630e+06   3.8696289e+01
   9.6907600e+06   3.6010742e+01
   9.6909200e+06   6.5124512e+01
   9.6909300e+06   3.7292480e+01
   9.6911280e+06   1.6235352e+02
   9.6911610e+06   8.8012695e+01
   9.6911780e+06   3.6376953e+01
   9.6912020e+06   1.0760498e+02
   9.6912460e+06   4.3823242e+01
   9.6912740e+06   4.4982910e+01
   9.6913060e+06   3.5766602e+01
   9.6913720e+06   8.2885742e+01
   9.6914720e+06   7.4523926e+01
   9.6916020e+06   3.8391113e+01
   9.6917510e+06   3.4790039e+01
   9.6918290e+06   3.6865234e+01
   9.6921170e+06   4.4738770e+01
   9.6923430e+06   3.8452148e+01
   9.6933370e+06   3.6682129e+01
   9.6940180e+06   3.7719727e+01
   9.7491210e+06   3.4667969e+01
   9.7492070e+06   3.6621094e+01
   9.7492500e+06   7.5195312e+01
   9.7499090e+06   7.3547363e+01
   9.7505060e+06   7.1105957e+01
   9.7508250e+06   4.1503906e+01
   9.7509030e+06   2.2161865e+02
   9.7509290e+06   4.2236328e+01
   9.7509630e+06   6.1401367e+01
   9.7509860e+06   5.4870605e+01
   9.7510030e+06   3.4790039e+01
   9.7510700e+06   3.4484863e+01
   9.7511410e+06   4.5959473e+01
   9.7511880e+06   3.5949707e+01
   9.7512590e+06   4.5410156e+01
   9.7512750e+06   3.6071777e+01
   9.7513520e+06   4.1870117e+01
   9.7514950e+06   6.9763184e+01
   9.7520060e+06   3.4484863e+01
   9.8040670e+06   3.9367676e+01
   9.8042300e+06   7.8552246e+01
   9.8044500e+06   3.9184570e+01
   9.8048420e+06   6.5734863e+01
   9.8050990e+06   4.0283203e+01
   9.8053420e+06   6.9763184e+01
   9.8061780e+06   7.5622559e+01
   9.8247760e+06   7.4523926e+01
   9.8249490e+06   3.7475586e+01
   9.8257340e+06   7.3791504e+01
   9.8258300e+06   3.6071777e+01
   9.8261330e+06   6.9519043e+01
   9.8261850e+06   3.5644531e+01
   9.8262620e+06   4.6264648e+01
   9.8264330e+06   1.4135742e+02
   9.8264610e+06   6.0791016e+01
   9.8264800e+06   3.8024902e+01
   9.8265040e+06   7.9528809e+01
   9.8265550e+06   4.2297363e+01
   9.8265850e+06   4.3395996e+01
   9.8266680e+06   5.4382324e+01
   9.8266830e+06   3.6926270e+01
   9.8267840e+06   4.6508789e+01
   9.8269120e+06   4.0405273e+01
   9.8284460e+06   3.4912109e+01
   9.8860450e+06   3.6743164e+01
   9.8861390e+06   3.5827637e+01
   9.8864090e+06   6.6894531e+01
   9.8867700e+06   4.0832520e+01
   9.8869420e+06   8.9660645e+01
   9.8875640e+06   5.9265137e+01
   9.9046820e+06   7.1777344e+01
   9.9056670e+06   4.0771484e+01
   9.9365670e+06   3.9184570e+01
   9.9623070e+06   3.5034180e+01
   9.9677820e+06   4.3334961e+01
   9.9963400e+06   3.8330078e+01
   1.0049963e+07   4.0649414e+01
   1.0071885e+07   3.6193848e+01
   1.0114999e+07   3.6132812e+01
   1.0132009e+07   3.4729004e+01
   1.0162569e+07   4.5837402e+01
   1.0193800e+07   4.2663574e+01
   1.0236068e+07   3.6743164e+01
   1.0247481e+07   3.8635254e+01
   1.0260628e+07   3.5583496e+01
   1.0270313e+07   3.4973145e+01
   1.0308568e+07   3.4484863e+01
   1.0345755e+07   3.5400391e+01
   1.0362843e+07   3.8452148e+01
   1.0395792e+07   3.4973145e+01
   1.0412016e+07   3.7353516e+01
   1.0443529e+07   3.6621094e+01
   1.0450217e+07   3.7658691e+01
   1.0485997e+07   3.9245605e+01
   1.0513179e+07   4.1442871e+01
   1.0607924e+07   3.6193848e+01
   1.0634937e+07   3.5095215e+01
   1.0643470e+07   3.7109375e+01
   1.0684029e+07   4.4128418e+01
   1.0684052e+07   3.5400391e+01
   1.0684064e+07   1.4898682e+02
   1.0684121e+07   8.3618164e+01
   1.0684131e+07   5.2917480e+01
   1.0684151e+07   4.7241211e+01
   1.0684196e+07   7.0861816e+01
   1.0684248e+07   7.4951172e+01
   1.0684286e+07   6.7321777e+01
   1.0684314e+07   3.4851074e+01
   1.0684349e+07   6.0485840e+01
   1.0684381e+07   9.6557617e+01
   1.0684471e+07   9.0759277e+01
   1.0684496e+07   3.9489746e+01
   1.0684581e+07   6.5490723e+01
   1.0684598e+07   9.9060059e+01
   1.0684636e+07   4.1259766e+01
   1.0684660e+07   3.4423828e+01
   1.0684716e+07   3.5278320e+01
   1.0684921e+07   3.4790039e+01
   1.0685175e+07   3.6682129e+01
   1.0685805e+07   4.3029785e+01
   1.0686951e+07   3.8818359e+01
   1.0687287e+07   3.5156250e+01
   1.0688973e+07   3.8269043e+01
   1.0689344e+07   4.4250488e+01
   1.0689862e+07   3.6193848e+01
   1.0690075e+07   3.9489746e+01
   1.0690793e+07   3.7597656e+01
   1.0695438e+07   4.2541504e+01
   1.0695560e+07   3.4851074e+01
   1.0696093e+07   3.5217285e+01
   1.0696606e+07   7.0617676e+01
   1.0696646e+07   1.4300537e+02
   1.0696714e+07   8.1665039e+01
   1.0696747e+07   1.3812256e+02
   1.0696770e+07   4.4128418e+01
   1.0696826e+07   6.4575195e+01
   1.0696842e+07   7.6110840e+01
   1.0696854e+07   3.5705566e+01
   1.0696945e+07   4.4555664e+01
   1.0697072e+07   4.7180176e+01
   1.0697164e+07   3.5400391e+01
   1.0697229e+07   5.2978516e+01
   1.0697274e+07   3.5400391e+01
   1.0697339e+07   6.4453125e+01
   1.0697382e+07   3.5400391e+01
   1.0697464e+07   3.4545898e+01
   1.0697589e+07   3.7048340e+01
   1.0697870e+07   3.6315918e+01
   1.0700113e+07   3.4973145e+01
   1.0707352e+07   3.7475586e+01
   1.0707626e+07   3.8757324e+01
   1.0707729e+07   3.5095215e+01
   1.0707842e+07   3.6743164e+01
   1.0708005e+07   3.8757324e+01
   1.0708214e+07   1.4837646e+02
   1.0708235e+07   6.7626953e+01
   1.0708272e+07   4.1381836e+01
   1.0708297e+07   3.6132812e+01
   1.0708326e+07   9.5275879e+01
   1.0708353e+07   3.8635254e+01
   1.0708385e+07   4.9499512e+01
   1.0708408e+07   3.5339355e+01
   1.0708438e+07   5.2856445e+01
   1.0708478e+07   4.0100098e+01
   1.0708572e+07   6.0485840e+01
   1.0708699e+07   6.7871094e+01
   1.0708825e+07   5.3588867e+01
   1.0708965e+07   5.9875488e+01
   1.0708978e+07   3.8269043e+01
   1.0709108e+07   6.1706543e+01
   1.0709542e+07   3.5827637e+01
   1.0710364e+07   3.4729004e+01
   1.0710701e+07   3.8818359e+01
   1.0719570e+07   3.5888672e+01
   1.0719822e+07   3.9672852e+01
   1.0780417e+07   3.9123535e+01
   1.0792074e+07   3.8391113e+01
   1.0820899e+07   4.1870117e+01
   1.0820933e+07   3.4667969e+01
   1.0821064e+07   3.8818359e+01
   1.0821091e+07   3.7719727e+01
   1.0821217e+07   3.8024902e+01
   1.0821245e+07   1.3012695e+02
   1.0821257e+07   9.0454102e+01
   1.0821292e+07   4.1259766e+01
   1.0821319e+07   7.1777344e+01
   1.0821334e+07   4.3334961e+01
   1.0821390e+07   4.8522949e+01
   1.0821406e+07   6.5673828e+01
   1.0821427e+07   4.4250488e+01
   1.0821467e+07   7.5317383e+01
   1.0821495e+07   5.9265137e+01
   1.0821601e+07   7.6171875e+01
   1.0821621e+07   5.6030273e+01
   1.0821695e+07   3.7536621e+01
   1.0821829e+07   3.6010742e+01
   1.0822141e+07   3.9001465e+01
   1.0825264e+07   3.6743164e+01
   1.0825750e+07   3.4851074e+01
   1.0852883e+07   3.4606934e+01
   1.0890035e+07   3.4667969e+01
   1.0890056e+07   7.1594238e+01
   1.0890161e+07   3.9550781e+01
   1.0890182e+07   4.1015625e+01
   1.0890248e+07   1.5649414e+02
   1.0890269e+07   5.7678223e+01
   1.0890297e+07   4.6936035e+01
   1.0890326e+07   9.9914551e+01
   1.0890345e+07   4.5898438e+01
   1.0890366e+07   5.6213379e+01
   1.0890387e+07   3.9611816e+01
   1.0890412e+07   5.8776855e+01
   1.0890493e+07   6.6040039e+01
   1.0890520e+07   3.5034180e+01
   1.0890541e+07   3.9001465e+01
   1.0890576e+07   3.6621094e+01
   1.0890604e+07   5.8288574e+01
   1.0890713e+07   9.2163086e+01
   1.0890763e+07   4.3395996e+01
   1.0890777e+07   3.8513184e+01
   1.0890832e+07   7.4279785e+01
   1.0891057e+07   3.7414551e+01
   1.0892736e+07   3.5278320e+01
   1.0893229e+07   4.3823242e+01
   1.0918818e+07   3.7719727e+01
   1.0939349e+07   3.9001465e+01
   1.0945942e+07   3.6071777e+01
   1.0946107e+07   4.5166016e+01
   1.0946163e+07   6.4270020e+01
   1.0946408e+07   5.9570312e+01
   1.0946435e+07   3.6743164e+01
   1.0946466e+07   1.2207031e+02
   1.0946493e+07   4.5166016e+01
   1.0946517e+07   7.9345703e+01
   1.0946537e+07   7.0312500e+01
   1.0946584e+07   4.0344238e+01
   1.0946611e+07   5.3955078e+01
   1.0946644e+07   4.1992188e+01
   1.0946709e+07   6.0363770e+01
   1.0946806e+07   6.1645508e+01
   1.0946939e+07   4.4372559e+01
   1.0946962e+07   5.8410645e+01
   1.0947047e+07   4.2663574e+01
   1.0947105e+07   7.4035645e+01
   1.0947202e+07   4.0710449e+01
   1.0947225e+07   7.4157715e+01
   1.0947455e+07   3.5705566e+01
   1.0947671e+07   3.5522461e+01
   1.0947974e+07   3.6010742e+01
   1.0948138e+07   3.6926270e+01
   1.0948331e+07   4.2419434e+01
   1.0949086e+07   3.7597656e+01
   1.1007450e+07   3.6376953e+01
   1.1007468e+07   4.2724609e+01
   1.1007644e+07   6.3659668e+01
   1.1007716e+07   4.1015625e+01
   1.1007855e+07   3.7353516e+01
   1.1007960e+07   7.0251465e+01
   1.1007986e+07   1.3281250e+02
   1.1008031e+07   4.5410156e+01
   1.1008062e+07   1.0455322e+02
   1.1008089e+07   4.3579102e+01
   1.1008107e+07   3.4912109e+01
   1.1008143e+07   7.6354980e+01
   1.1008166e+07   3.5583496e+01
   1.1008231e+07   3.5705566e+01
   1.1008291e+07   3.7170410e+01
   1.1008326e+07   6.3781738e+01
   1.1008410e+07   3.5644531e+01
   1.1008450e+07   5.5236816e+01
   1.1008562e+07   6.8969727e+01
   1.1008637e+07   4.0405273e+01
   1.1009138e+07   3.8391113e+01
   1.1010013e+07   3.5400391e+01
   1.1010330e+07   4.1687012e+01
   1.1010649e+07   3.8146973e+01
   1.1011124e+07   3.4851074e+01
   1.1038796e+07   3.4729004e+01
   1.1040480e+07   3.4606934e+01
   1.1058792e+07   8.1176758e+01
   1.1059227e+07   7.7209473e+01
   1.1059274e+07   3.5949707e+01
   1.1059333e+07   3.6804199e+01
   1.1059370e+07   1.4276123e+02
   1.1059390e+07   8.8439941e+01
   1.1059418e+07   4.6936035e+01
   1.1059452e+07   9.2651367e+01
   1.1059492e+07   3.7963867e+01
   1.1059534e+07   5.6091309e+01
   1.1059630e+07   3.9733887e+01
   1.1059642e+07   5.1574707e+01
   1.1059767e+07   6.0546875e+01
   1.1059897e+07   5.1391602e+01
   1.1060026e+07   6.4147949e+01
   1.1060378e+07   3.6865234e+01
   1.1060495e+07   3.4973145e+01
   1.1061657e+07   3.8269043e+01
   1.1061819e+07   3.5095215e+01
   1.1062132e+07   4.0039062e+01
   1.1107887e+07   4.4494629e+01
   1.1108048e+07   6.2133789e+01
   1.1108091e+07   3.4423828e+01
   1.1108120e+07   3.7658691e+01
   1.1108218e+07   3.6743164e+01
   1.1108234e+07   9.2773437e+01
   1.1108315e+07   1.2469482e+02
   1.1108360e+07   4.9316406e+01
   1.1108382e+07   6.8786621e+01
   1.1108402e+07   8.9050293e+01
   1.1108429e+07   4.8583984e+01
   1.1108484e+07   4.1381836e+01
   1.1108497e+07   4.7729492e+01
   1.1108580e+07   4.8095703e+01
   1.1108618e+07   3.4423828e+01
   1.1108693e+07   3.5644531e+01
   1.1108705e+07   4.2114258e+01
   1.1108811e+07   5.6335449e+01
   1.1108968e+07   6.6223145e+01
   1.1109095e+07   5.6945801e+01
   1.1109311e+07   4.2114258e+01
   1.1110118e+07   3.4667969e+01
   1.1110273e+07   3.5949707e+01
   1.1110483e+07   3.8574219e+01
   1.1111422e+07   4.0649414e+01
   1.1160411e+07   3.8146973e+01
   1.1164458e+07   3.4851074e+01
   1.1164475e+07   3.8391113e+01
   1.1164691e+07   7.5805664e+01
   1.1164744e+07   4.4006348e+01
   1.1164892e+07   3.8818359e+01
   1.1164974e+07   7.3181152e+01
   1.1164994e+07   4.9743652e+01
   1.1165056e+07   1.3684082e+02
   1.1165073e+07   4.6691895e+01
   1.1165110e+07   5.6884766e+01
   1.1165135e+07   9.9243164e+01
   1.1165163e+07   4.8217773e+01
   1.1165181e+07   3.8269043e+01
   1.1165215e+07   5.8837891e+01
   1.1165316e+07   3.7475586e+01
   1.1165411e+07   4.0710449e+01
   1.1165450e+07   3.5522461e+01
   1.1165495e+07   3.4423828e+01
   1.1165514e+07   5.0048828e+01
   1.1165613e+07   5.1696777e+01
   1.1166935e+07   4.3029785e+01
   1.1167692e+07   3.4729004e+01
   1.1227544e+07   3.5034180e+01
   1.1227584e+07   7.9833984e+01
   1.1227810e+07   3.5156250e+01
   1.1227883e+07   7.1716309e+01
   1.1227903e+07   4.1320801e+01
   1.1227994e+07   3.7597656e+01
   1.1228088e+07   1.5576172e+02
   1.1228113e+07   6.3415527e+01
   1.1228133e+07   3.9245605e+01
   1.1228153e+07   3.9733887e+01
   1.1228191e+07   1.2139893e+02
   1.1228202e+07   5.1330566e+01
   1.1228223e+07   5.5358887e+01
   1.1228253e+07   4.6386719e+01
   1.1228283e+07   7.1350098e+01
   1.1228337e+07   3.6926270e+01
   1.1228374e+07   4.1381836e+01
   1.1228452e+07   3.5400391e+01
   1.1228483e+07   4.3334961e+01
   1.1228603e+07   3.8330078e+01
   1.1228622e+07   5.2917480e+01
   1.1228659e+07   3.7658691e+01
   1.1228693e+07   3.4484863e+01
   1.1228722e+07   3.6560059e+01
   1.1229160e+07   3.4729004e+01
   1.1229523e+07   4.0100098e+01
   1.1229648e+07   3.6804199e+01
   1.1230794e+07   3.4484863e+01
   1.1277220e+07   3.4545898e+01
   1.1277311e+07   7.6843262e+01
   1.1277603e+07   7.3852539e+01
   1.1277656e+07   4.7058105e+01
   1.1277761e+07   3.4667969e+01
   1.1277807e+07   4.0466309e+01
   1.1277831e+07   4.6447754e+01
   1.1277865e+07   6.5917969e+01
   1.1277912e+07   3.9489746e+01
   1.1277980e+07   1.2805176e+02
   1.1278027e+07   7.6477051e+01
   1.1278053e+07   3.8085938e+01
   1.1278065e+07   7.9284668e+01
   1.1278112e+07   4.1870117e+01
   1.1278146e+07   6.0485840e+01
   1.1278241e+07   5.8593750e+01
   1.1278262e+07   4.3029785e+01
   1.1278341e+07   5.4199219e+01
   1.1278364e+07   4.0710449e+01
   1.1278452e+07   3.4790039e+01
   1.1278484e+07   3.8269043e+01
   1.1278625e+07   4.0039062e+01
   1.1278707e+07   8.6853027e+01
   1.1278798e+07   3.6682129e+01
   1.1279306e+07   4.2846680e+01
   1.1325712e+07   3.8574219e+01
   1.1325819e+07   8.7158203e+01
   1.1326107e+07   6.0913086e+01
   1.1326302e+07   1.2707520e+02
   1.1326333e+07   6.9885254e+01
   1.1326377e+07   3.9306641e+01
   1.1326408e+07   4.6630859e+01
   1.1326418e+07   1.3024902e+02
   1.1326458e+07   5.2917480e+01
   1.1326493e+07   4.6203613e+01
   1.1326575e+07   4.8461914e+01
   1.1326592e+07   5.2307129e+01
   1.1326624e+07   3.6315918e+01
   1.1326694e+07   4.5288086e+01
   1.1326718e+07   4.4250488e+01
   1.1326915e+07   6.9396973e+01
   1.1327050e+07   4.1748047e+01
   1.1327317e+07   3.5827637e+01
   1.1328210e+07   3.4667969e+01
   1.1328444e+07   3.7292480e+01
   1.1329705e+07   3.6987305e+01
   1.1347199e+07   3.4484863e+01
   1.1384305e+07   3.4606934e+01
   1.1384469e+07   7.3547363e+01
   1.1384801e+07   7.5073242e+01
   1.1384875e+07   4.0100098e+01
   1.1385042e+07   5.6640625e+01
   1.1385077e+07   3.9550781e+01
   1.1385109e+07   5.1757812e+01
   1.1385135e+07   1.2951660e+02
   1.1385149e+07   4.1992188e+01
   1.1385182e+07   6.5368652e+01
   1.1385208e+07   6.6223145e+01
   1.1385225e+07   3.5705566e+01
   1.1385287e+07   7.1166992e+01
   1.1385301e+07   4.2602539e+01
   1.1385342e+07   3.9123535e+01
   1.1385388e+07   5.8837891e+01
   1.1385401e+07   4.4006348e+01
   1.1385428e+07   3.4729004e+01
   1.1385996e+07   3.9672852e+01
   1.1386115e+07   9.9731445e+01
   1.1386188e+07   3.4545898e+01
   1.1386333e+07   3.9733887e+01
   1.1386472e+07   4.1687012e+01
   1.1386597e+07   3.8513184e+01
   1.1387378e+07   3.9611816e+01
   1.1388059e+07   3.6987305e+01
   1.1436933e+07   3.6743164e+01
   1.1452162e+07   3.9794922e+01
   1.1452263e+07   7.1838379e+01
   1.1452431e+07   3.6132812e+01
   1.1452655e+07   8.2214355e+01
   1.1452748e+07   3.7109375e+01
   1.1452997e+07   6.5307617e+01
   1.1453506e+07   6.2805176e+01
   1.1472947e+07   3.7902832e+01
   1.1473019e+07   3.7780762e+01
   1.1473102e+07   6.5002441e+01
   1.1495257e+07   3.6499023e+01
   1.1500837e+07   3.4667969e+01
   1.1503775e+07   4.2175293e+01
   1.1504012e+07   8.4350586e+01
   1.1504152e+07   3.5156250e+01
   1.1504470e+07   3.5522461e+01
   1.1504752e+07   3.6315918e+01
   1.1534763e+07   4.1503906e+01
   1.1550118e+07   4.1748047e+01
   1.1584068e+07   3.5156250e+01
   1.1596632e+07   3.9794922e+01
   1.1617537e+07   3.5400391e+01
   1.1626649e+07   3.9611816e+01
   1.1655614e+07   3.4423828e+01
   1.1662668e+07   3.9672852e+01
   1.1672453e+07   3.7414551e+01
   1.1678660e+07   3.4790039e+01
   1.1682324e+07   3.8818359e+01
   1.1682786e+07   4.0893555e+01
   1.1695448e+07   3.7170410e+01
   1.1722358e+07   3.8818359e+01
   1.1737816e+07   3.4606934e+01
   1.1738152e+07   3.7170410e+01
   1.1747708e+07   3.4729004e+01
   1.1751531e+07   3.6315918e+01
   1.1771966e+07   3.5278320e+01
   1.1836594e+07   3.6865234e+01
   1.1849907e+07   4.0710449e+01
   1.1852722e+07   3.9062500e+01
   1.1876329e+07   3.5034180e+01
   1.1916876e+07   3.7170410e+01
   1.1941783e+07   3.5827637e+01
   1.1947447e+07   3.5583496e+01
