   1.1996000e+07   0.0000000e+00
   6.5090000e+03   6.0791016e+01
   6.7830000e+03   7.5256348e+01
   7.1040000e+03   5.3039551e+01
   7.3700000e+03   4.8339844e+01
   7.7270000e+03   3.8696289e+01
   8.1370000e+03   3.7597656e+01
   3.9872000e+04   6.3781738e+01
   4.0084000e+04   3.9733887e+01
   4.0307000e+04   4.6081543e+01
   4.0586000e+04   3.2592773e+01
   4.0998000e+04   3.3081055e+01
   4.1300000e+04   3.7597656e+01
   9.7153000e+04   6.6528320e+01
   9.7413000e+04   5.4992676e+01
   9.7631000e+04   5.2856445e+01
   9.7861000e+04   4.3884277e+01
   9.8389000e+04   3.8146973e+01
   1.6900300e+05   6.7871094e+01
   1.6928300e+05   6.0485840e+01
   1.6950800e+05   5.4443359e+01
   1.6981200e+05   3.6499023e+01
   1.7087000e+05   4.0405273e+01
   2.6736400e+05   3.4057617e+01
   9.3834800e+05   3.3203125e+01
   9.3857300e+05   7.1533203e+01
   9.3881100e+05   5.9448242e+01
   9.3918300e+05   5.9692383e+01
   9.3940800e+05   5.2551270e+01
   9.3969700e+05   3.4851074e+01
   9.3998400e+05   5.3161621e+01
   9.4041700e+05   4.6325684e+01
   9.4068600e+05   3.6926270e+01
   9.4097700e+05   4.3151855e+01
   9.4325100e+05   3.3874512e+01
   9.4539300e+05   4.2541504e+01
   9.9652800e+05   7.3547363e+01
   9.9673800e+05   5.5480957e+01
   9.9692400e+05   4.1015625e+01
   9.9714400e+05   3.9672852e+01
   9.9740000e+05   3.7780762e+01
   9.9762700e+05   4.3457031e+01
   9.9820400e+05   3.2958984e+01
   1.0008270e+06   3.3569336e+01
   1.8568460e+06   6.9702148e+01
   1.8571390e+06   7.7941895e+01
   1.8574440e+06   6.9885254e+01
   1.8577290e+06   4.9987793e+01
   1.8579960e+06   4.6325684e+01
   1.8582710e+06   4.1809082e+01
   1.8584950e+06   3.8757324e+01
   1.9165940e+06   7.7209473e+01
   1.9167790e+06   5.7128906e+01
   1.9169410e+06   4.1015625e+01
   1.9171400e+06   3.2958984e+01
   1.9174530e+06   3.9550781e+01
   1.9179800e+06   3.5034180e+01
   2.0430210e+06   7.0617676e+01
   2.0432690e+06   7.4462891e+01
   2.0435910e+06   5.1696777e+01
   2.0437940e+06   3.8085938e+01
   2.0441890e+06   4.7973633e+01
   2.0446990e+06   4.7119141e+01
   2.0454040e+06   4.5654297e+01
   2.0459960e+06   3.9245605e+01
   2.0465710e+06   3.5034180e+01
   2.8108690e+06   6.2072754e+01
   2.8111720e+06   5.6884766e+01
   2.8113980e+06   5.2551270e+01
   2.8116790e+06   5.3405762e+01
   2.8118840e+06   5.3894043e+01
   2.8121430e+06   4.1748047e+01
   2.8130090e+06   3.7597656e+01
   2.8163660e+06   3.3203125e+01
   2.8784600e+06   7.9284668e+01
   2.8786400e+06   6.1645508e+01
   2.8788500e+06   3.4667969e+01
   2.8790430e+06   4.1564941e+01
   2.8792950e+06   3.9794922e+01
   2.8794690e+06   3.4790039e+01
   2.8794960e+06   3.7658691e+01
   2.8861870e+06   3.4790039e+01
   2.9423650e+06   6.9580078e+01
   2.9424250e+06   3.3508301e+01
   2.9425540e+06   4.9987793e+01
   2.9427990e+06   3.6804199e+01
   2.9429940e+06   4.3640137e+01
   2.9434670e+06   3.3386230e+01
   2.9453550e+06   3.3386230e+01
   2.9473520e+06   3.5705566e+01
   2.9885010e+06   7.1350098e+01
   2.9887040e+06   5.3039551e+01
   2.9888970e+06   5.2856445e+01
   2.9891180e+06   4.0283203e+01
   2.9893010e+06   3.7536621e+01
   3.4326430e+06   6.5917969e+01
   3.4329580e+06   6.4270020e+01
   3.4333630e+06   5.2734375e+01
   3.4337150e+06   5.5908203e+01
   3.4340660e+06   4.9316406e+01
   3.4346460e+06   4.9438477e+01
   3.4351650e+06   4.5349121e+01
   3.4357410e+06   4.0344238e+01
   3.5140600e+06   6.6406250e+01
   3.5143350e+06   6.3415527e+01
   3.5146790e+06   6.5429688e+01
   3.5149880e+06   5.0231934e+01
   3.5153330e+06   4.4982910e+01
   3.5156670e+06   5.1574707e+01
   3.5159920e+06   4.7790527e+01
   3.5168450e+06   3.4118652e+01
   3.5171670e+06   3.8635254e+01
   3.5177750e+06   4.1320801e+01
   3.5188210e+06   4.3395996e+01
   4.1019320e+06   3.4729004e+01
   4.6162980e+06   6.5673828e+01
   4.6165090e+06   5.7128906e+01
   4.6166940e+06   5.6274414e+01
   4.6169440e+06   5.9387207e+01
   4.6171280e+06   3.6560059e+01
   4.6173340e+06   4.3334961e+01
   4.6177870e+06   3.8208008e+01
   4.6183330e+06   3.5949707e+01
   4.6749820e+06   6.0302734e+01
   4.6751450e+06   5.7495117e+01
   4.6753620e+06   5.2368164e+01
   4.6755630e+06   4.2785645e+01
   4.6757850e+06   4.6142578e+01
   4.6760400e+06   3.3630371e+01
   4.6763260e+06   3.9611816e+01
   4.6768400e+06   3.7109375e+01
   4.6774460e+06   3.3264160e+01
   4.6782870e+06   3.5095215e+01
   4.6790280e+06   3.5400391e+01
   4.6808330e+06   3.7170410e+01
   4.7128000e+06   8.1726074e+01
   4.7130060e+06   6.2683105e+01
   4.7132040e+06   4.7729492e+01
   4.7134720e+06   4.3395996e+01
   4.7139590e+06   3.3874512e+01
   4.7143260e+06   3.3935547e+01
   4.7146020e+06   3.4484863e+01
   4.7150350e+06   3.5400391e+01
   4.7153070e+06   3.3203125e+01
   4.7157960e+06   3.8574219e+01
   4.7175830e+06   4.0283203e+01
   4.7545680e+06   7.1350098e+01
   4.7547740e+06   6.0485840e+01
   4.7549740e+06   5.5786133e+01
   4.7552450e+06   4.7607422e+01
   4.7554640e+06   4.0405273e+01
   4.7556890e+06   4.0893555e+01
   4.7559450e+06   3.4790039e+01
   4.7570080e+06   3.4729004e+01
   4.7584660e+06   3.4118652e+01
   4.7592460e+06   3.5217285e+01
   4.7897500e+06   6.3537598e+01
   4.7900020e+06   5.3283691e+01
   4.7902130e+06   4.2846680e+01
   4.7904460e+06   3.9489746e+01
   4.7914840e+06   4.8278809e+01
   4.7921980e+06   4.1442871e+01
   4.7927610e+06   3.8391113e+01
   5.7937430e+06   7.9711914e+01
   5.7939600e+06   6.1767578e+01
   5.7941760e+06   5.5358887e+01
   5.7944260e+06   5.9448242e+01
   5.7947450e+06   5.9204102e+01
   5.7949580e+06   3.8024902e+01
   5.7954490e+06   3.4301758e+01
   5.7968860e+06   4.5837402e+01
   5.7976300e+06   4.7973633e+01
   5.7997530e+06   3.5461426e+01
   5.8534650e+06   6.3903809e+01
   5.8536270e+06   6.1035156e+01
   5.8538130e+06   4.4433594e+01
   5.8540040e+06   4.7180176e+01
   5.8541870e+06   4.1564941e+01
   5.8544060e+06   3.3813477e+01
   5.8546170e+06   5.0048828e+01
   5.8548660e+06   3.6743164e+01
   5.8593590e+06   3.3203125e+01
   6.1884510e+06   6.8054199e+01
   6.1887800e+06   6.4575195e+01
   6.1890470e+06   6.4453125e+01
   6.1894180e+06   5.0231934e+01
   6.1896340e+06   4.7973633e+01
   6.1898910e+06   4.9621582e+01
   6.1904610e+06   5.7800293e+01
   6.1907630e+06   4.5532227e+01
   6.1911820e+06   4.8950195e+01
   6.1917860e+06   4.2297363e+01
   6.1927270e+06   3.4606934e+01
   6.3291290e+06   6.9824219e+01
   6.3294230e+06   6.4208984e+01
   6.3297500e+06   5.7800293e+01
   6.3300730e+06   6.7138672e+01
   6.3303400e+06   5.2551270e+01
   6.3306330e+06   5.9020996e+01
   6.3309840e+06   5.2246094e+01
   6.3313950e+06   4.8583984e+01
   6.3317130e+06   4.3334961e+01
   6.3322130e+06   4.6386719e+01
   6.3328950e+06   4.4433594e+01
   6.9664800e+06   7.8186035e+01
   6.9666890e+06   3.2958984e+01
   6.9667370e+06   6.4514160e+01
   6.9670220e+06   6.1401367e+01
   6.9672600e+06   5.9936523e+01
   6.9674820e+06   3.6315918e+01
   6.9676920e+06   4.9865723e+01
   6.9679270e+06   3.5034180e+01
   6.9682130e+06   3.5034180e+01
   6.9686950e+06   3.3447266e+01
   6.9723450e+06   4.2480469e+01
   6.9728210e+06   3.3447266e+01
   6.9753190e+06   3.4912109e+01
   7.0101430e+06   7.8369141e+01
   7.0103300e+06   5.7556152e+01
   7.0105170e+06   5.4809570e+01
   7.0107370e+06   4.8767090e+01
   7.0109630e+06   4.6875000e+01
   7.0112350e+06   4.3579102e+01
   7.0128020e+06   3.6437988e+01
   7.0145260e+06   3.3813477e+01
   7.4953900e+06   7.4462891e+01
   7.4957790e+06   6.4758301e+01
   7.4960690e+06   6.2927246e+01
   7.4963350e+06   5.0781250e+01
   7.4966240e+06   5.3344727e+01
   7.4968680e+06   4.9011230e+01
   7.4971900e+06   3.7414551e+01
   7.4975630e+06   4.0649414e+01
   7.4979710e+06   3.6437988e+01
   7.4983270e+06   3.4362793e+01
   7.4987330e+06   3.6193848e+01
   7.4993890e+06   4.1442871e+01
   7.8707840e+06   6.7749023e+01
   7.8710720e+06   6.6589355e+01
   7.8713290e+06   5.3222656e+01
   7.8715750e+06   6.5124512e+01
   7.8718040e+06   4.9926758e+01
   7.8720400e+06   4.7241211e+01
   7.8723220e+06   3.9550781e+01
   7.8726350e+06   4.2846680e+01
   7.8729750e+06   5.6091309e+01
   7.8734710e+06   4.2663574e+01
   7.8740190e+06   4.6508789e+01
   8.2001820e+06   3.2775879e+01
   8.2914870e+06   7.4768066e+01
   8.2917090e+06   6.3964844e+01
   8.2919020e+06   6.1462402e+01
   8.2921070e+06   6.2683105e+01
   8.2923990e+06   3.9062500e+01
   8.2926080e+06   4.6325684e+01
   8.2928610e+06   3.5461426e+01
   8.2930810e+06   3.4606934e+01
   8.2933820e+06   3.3569336e+01
   8.2939900e+06   3.4118652e+01
   8.2943170e+06   4.0954590e+01
   8.2948410e+06   4.0832520e+01
   8.2953890e+06   4.5410156e+01
   8.2963420e+06   3.8391113e+01
   8.3519150e+06   7.7270508e+01
   8.3521000e+06   6.6101074e+01
   8.3522690e+06   5.0720215e+01
   8.3524630e+06   4.6508789e+01
   8.3526550e+06   5.1147461e+01
   8.3528450e+06   3.7048340e+01
   8.3529150e+06   3.4057617e+01
   8.3530420e+06   3.2775879e+01
   8.3533100e+06   3.3264160e+01
   8.3545660e+06   3.2958984e+01
   8.3553800e+06   3.7109375e+01
   8.3562410e+06   3.3142090e+01
   8.3567940e+06   3.2958984e+01
   8.4526420e+06   7.6049805e+01
   8.4528420e+06   6.8115234e+01
   8.4530930e+06   5.6945801e+01
   8.4533230e+06   5.8837891e+01
   8.4535330e+06   6.1035156e+01
   8.4537410e+06   3.9611816e+01
   8.4542110e+06   5.2795410e+01
   8.4544470e+06   3.3264160e+01
   8.4552230e+06   3.3691406e+01
   8.4560890e+06   4.2846680e+01
   8.4569220e+06   3.7536621e+01
   8.5474010e+06   7.1044922e+01
   8.5476060e+06   7.0068359e+01
   8.5478310e+06   5.9814453e+01
   8.5480660e+06   4.9377441e+01
   8.5482500e+06   5.2124023e+01
   8.5484730e+06   4.2419434e+01
   8.5487590e+06   4.0222168e+01
   8.5491100e+06   3.8269043e+01
   8.5493550e+06   3.2836914e+01
   8.5499610e+06   3.7170410e+01
   8.5504570e+06   3.3752441e+01
   8.5508510e+06   4.0771484e+01
   9.2502200e+06   3.6071777e+01
   9.2891890e+06   3.3203125e+01
   9.7592410e+06   7.3791504e+01
   9.7594620e+06   6.8298340e+01
   9.7596650e+06   6.7016602e+01
   9.7598520e+06   6.2377930e+01
   9.7600310e+06   4.7729492e+01
   9.7603550e+06   4.3212891e+01
   9.7620950e+06   3.3996582e+01
   9.7632490e+06   3.7658691e+01
   9.7644030e+06   3.3203125e+01
   9.8145150e+06   6.9030762e+01
   9.8146680e+06   5.7067871e+01
   9.8148550e+06   4.6875000e+01
   9.8150820e+06   4.3395996e+01
   9.8152650e+06   4.1381836e+01
   9.8155150e+06   4.1442871e+01
   9.8157550e+06   3.9672852e+01
   9.8159790e+06   3.3203125e+01
   9.8165370e+06   3.8696289e+01
   9.8178850e+06   3.3447266e+01
   9.8188900e+06   3.3569336e+01
   9.8783410e+06   7.2753906e+01
   9.8785560e+06   6.7260742e+01
   9.8787940e+06   4.5288086e+01
   9.8789740e+06   4.3212891e+01
   9.8791960e+06   4.5593262e+01
   9.8794510e+06   3.9733887e+01
   9.8796760e+06   4.1503906e+01
   9.8799170e+06   4.5715332e+01
   9.8802160e+06   3.4973145e+01
   9.8805690e+06   3.7963867e+01
   9.8810240e+06   3.9367676e+01
   9.8816010e+06   3.6499023e+01
   9.8820180e+06   4.7607422e+01
   9.8826250e+06   3.8208008e+01
   9.9219250e+06   7.2753906e+01
   9.9221530e+06   5.9631348e+01
   9.9223740e+06   6.2561035e+01
   9.9226130e+06   4.9133301e+01
   9.9228420e+06   4.4189453e+01
   9.9230690e+06   4.0466309e+01
   9.9233230e+06   3.8085938e+01
   9.9236200e+06   3.9733887e+01
   9.9239510e+06   4.1564941e+01
   9.9249060e+06   3.7414551e+01
   9.9253310e+06   3.6804199e+01
   9.9893020e+06   7.0434570e+01
   9.9895370e+06   6.4575195e+01
   9.9897560e+06   5.1086426e+01
   9.9900200e+06   5.3955078e+01
   9.9902320e+06   5.0903320e+01
   9.9904380e+06   3.6499023e+01
   9.9906790e+06   4.5715332e+01
   9.9909790e+06   3.8146973e+01
   9.9913170e+06   4.3518066e+01
   9.9916910e+06   3.7902832e+01
   9.9926960e+06   3.9794922e+01
   1.0033550e+07   7.6354980e+01
   1.0033818e+07   5.8349609e+01
   1.0034155e+07   5.2429199e+01
   1.0034405e+07   4.6875000e+01
   1.0034617e+07   4.0893555e+01
   1.0034938e+07   4.6081543e+01
   1.0035219e+07   3.6804199e+01
   1.0035502e+07   3.3935547e+01
   1.0035855e+07   3.7902832e+01
   1.0036280e+07   5.2978516e+01
   1.0036750e+07   3.8757324e+01
   1.0037297e+07   4.8400879e+01
   1.0083640e+07   7.2082520e+01
   1.0083961e+07   5.8959961e+01
   1.0084212e+07   5.2001953e+01
   1.0084428e+07   4.8706055e+01
   1.0084661e+07   3.3081055e+01
   1.0084934e+07   4.4433594e+01
   1.0085267e+07   4.1503906e+01
   1.0085589e+07   4.9926758e+01
   1.0085919e+07   3.9672852e+01
   1.0086545e+07   4.4616699e+01
   1.1405339e+07   8.0688477e+01
   1.1405589e+07   7.3547363e+01
   1.1405772e+07   7.1105957e+01
   1.1405971e+07   5.3100586e+01
   1.1406148e+07   5.4687500e+01
   1.1406315e+07   4.3579102e+01
   1.1406471e+07   3.9367676e+01
   1.1407608e+07   4.2053223e+01
   1.1407948e+07   3.6621094e+01
   1.1408286e+07   4.0832520e+01
   1.1408626e+07   3.3813477e+01
   1.1409386e+07   3.5766602e+01
   1.1409857e+07   3.7048340e+01
   1.1410920e+07   3.4606934e+01
   1.1411412e+07   3.3386230e+01
   1.1412046e+07   3.2897949e+01
   1.1414901e+07   3.6682129e+01
   1.1557515e+07   7.1899414e+01
   1.1557782e+07   6.2622070e+01
   1.1557970e+07   7.8308105e+01
   1.1558261e+07   5.9509277e+01
   1.1558535e+07   5.3100586e+01
   1.1558739e+07   4.8522949e+01
   1.1558939e+07   4.8828125e+01
   1.1559139e+07   3.4423828e+01
   1.1559413e+07   4.1625977e+01
   1.1559677e+07   3.7292480e+01
   1.1560089e+07   3.8574219e+01
   1.1560401e+07   3.8024902e+01
   1.1560750e+07   4.4250488e+01
   1.1561307e+07   3.9978027e+01
   1.1561771e+07   3.8757324e+01
