   1.1996000e+07   0.0000000e+00
   9.8030700e+05   6.4208984e+01
   9.8033800e+05   6.3537598e+01
   9.8035500e+05   7.1716309e+01
   9.8037700e+05   5.9326172e+01
   9.8039400e+05   6.5734863e+01
   9.8042800e+05   6.6589355e+01
   9.8068400e+05   5.7128906e+01
   9.8114200e+05   6.0180664e+01
   9.8115400e+05   5.9692383e+01
   1.0109870e+06   6.3476563e+01
   1.0109990e+06   8.8928223e+01
   1.0110280e+06   6.9396973e+01
   1.0110600e+06   6.5979004e+01
   1.0111180e+06   6.0302734e+01
   1.0132050e+06   6.7504883e+01
   1.8646040e+06   6.1035156e+01
   1.8646850e+06   6.4025879e+01
   1.8646960e+06   5.9020996e+01
   1.8647280e+06   5.6518555e+01
   1.8647760e+06   5.8959961e+01
   1.8648390e+06   6.1706543e+01
   1.8949660e+06   7.0861816e+01
   1.8949880e+06   7.4707031e+01
   1.8950260e+06   6.8420410e+01
   1.8950600e+06   8.4838867e+01
   1.8957040e+06   6.6223145e+01
   1.8973810e+06   5.8471680e+01
   2.8452870e+06   6.8176270e+01
   2.8453240e+06   6.5002441e+01
   2.8453430e+06   6.2072754e+01
   2.8454010e+06   7.2143555e+01
   2.8454400e+06   6.2316895e+01
   2.8766380e+06   5.8410645e+01
   2.8767300e+06   6.6162109e+01
   2.8767560e+06   6.0852051e+01
   2.8768900e+06   7.1960449e+01
   3.6649540e+06   6.2744141e+01
   3.6649700e+06   5.5908203e+01
   3.6649930e+06   6.1645508e+01
   3.6650580e+06   6.1828613e+01
   3.6650910e+06   5.9692383e+01
   3.6651270e+06   6.2866211e+01
   3.6651910e+06   5.7006836e+01
   3.6657380e+06   5.5969238e+01
   3.6661710e+06   6.2133789e+01
   3.6664010e+06   5.9875488e+01
   3.6968010e+06   8.5815430e+01
   3.6968350e+06   1.0485840e+02
   3.6973440e+06   5.8105469e+01
   3.6983080e+06   5.5541992e+01
   4.6827210e+06   5.6823730e+01
   4.6827410e+06   6.1828613e+01
   4.6827740e+06   6.2194824e+01
   4.6827950e+06   6.0913086e+01
   4.6828410e+06   6.5551758e+01
   4.6829520e+06   6.1218262e+01
   4.6829940e+06   5.5664063e+01
   4.7104400e+06   6.1462402e+01
   4.7104800e+06   6.1523438e+01
   4.7105360e+06   7.0983887e+01
   4.7105670e+06   7.5317383e+01
   4.7106350e+06   5.6884766e+01
   4.7106720e+06   5.6823730e+01
   4.7109790e+06   5.7312012e+01
   4.7113470e+06   5.5725098e+01
   4.7122490e+06   6.2805176e+01
   5.3655050e+06   9.4177246e+01
   5.3655390e+06   5.7373047e+01
   5.3655540e+06   5.9631348e+01
   5.3657110e+06   5.5480957e+01
   5.3659100e+06   5.5847168e+01
   5.3661970e+06   6.6345215e+01
   5.9324870e+06   5.7678223e+01
   5.9596650e+06   6.2316895e+01
   5.9598840e+06   6.4819336e+01
   5.9599090e+06   7.4218750e+01
   5.9599800e+06   6.7993164e+01
   5.9599980e+06   7.2143555e+01
   5.9600690e+06   7.3852539e+01
   5.9603790e+06   5.7678223e+01
   5.9906610e+06   6.2194824e+01
   5.9906980e+06   7.0678711e+01
   5.9907640e+06   6.0852051e+01
   5.9911800e+06   5.8837891e+01
   5.9922610e+06   7.1533203e+01
   6.5954710e+06   5.8044434e+01
   6.5955140e+06   8.0505371e+01
   6.5955240e+06   9.4909668e+01
   6.5955850e+06   5.8288574e+01
   6.5956950e+06   5.9631348e+01
   6.6251630e+06   6.4270020e+01
   6.6252270e+06   7.8369141e+01
   6.6252780e+06   5.5603027e+01
   6.6273690e+06   5.5725098e+01
   7.3107740e+06   6.7138672e+01
   7.3108250e+06   5.7373047e+01
   7.3110880e+06   5.5541992e+01
   7.3112120e+06   5.8166504e+01
   7.3118080e+06   6.0668945e+01
   7.3119900e+06   7.0007324e+01
   7.7929770e+06   5.5480957e+01
   7.7930120e+06   7.6354980e+01
   7.7930540e+06   6.2438965e+01
   7.7930960e+06   7.4584961e+01
   7.7931170e+06   5.6152344e+01
   7.7931370e+06   6.8542480e+01
   7.7931940e+06   5.8349609e+01
   7.7933160e+06   5.5480957e+01
   7.7936710e+06   5.9875488e+01
   8.3040530e+06   5.8471680e+01
   8.3040800e+06   6.0974121e+01
   8.3041210e+06   8.8623047e+01
   8.3042090e+06   7.3913574e+01
   8.3042730e+06   5.7678223e+01
   8.3043450e+06   5.6457520e+01
   8.3363460e+06   6.1523438e+01
   8.3363860e+06   6.7199707e+01
   8.3364900e+06   7.2204590e+01
   8.3366990e+06   8.3618164e+01
   8.3368530e+06   5.6945801e+01
   9.1071250e+06   6.7749023e+01
   9.1071630e+06   5.8593750e+01
   9.1072460e+06   5.8959961e+01
   9.1377650e+06   6.6650391e+01
   9.1378190e+06   5.8532715e+01
   9.1379100e+06   5.6213379e+01
   9.1381450e+06   5.8288574e+01
   9.1383180e+06   6.0974121e+01
   9.1384330e+06   5.8349609e+01
   9.1392530e+06   6.1401367e+01
   9.9651140e+06   5.7434082e+01
   9.9651300e+06   8.0200195e+01
   9.9651630e+06   6.0546875e+01
   9.9651870e+06   7.5073242e+01
   9.9652390e+06   9.1979980e+01
   9.9653700e+06   6.0729980e+01
   9.9654340e+06   5.8837891e+01
   9.9810690e+06   6.1584473e+01
   9.9810890e+06   5.7800293e+01
   9.9811260e+06   6.0302734e+01
   9.9811370e+06   5.6396484e+01
   9.9812530e+06   7.2692871e+01
   1.0097512e+07   6.0241699e+01
   1.0097527e+07   5.8471680e+01
   1.0097555e+07   6.9091797e+01
   1.0097615e+07   9.1369629e+01
   1.0097626e+07   5.8227539e+01
   1.0097731e+07   6.0241699e+01
   1.0097760e+07   5.8410645e+01
   1.0098773e+07   5.7556152e+01
   1.0099113e+07   6.0791016e+01
   1.0161880e+07   6.8603516e+01
   1.0161904e+07   5.7312012e+01
   1.0161926e+07   7.8796387e+01
   1.0162076e+07   6.7871094e+01
   1.0163323e+07   5.7006836e+01
   1.0201138e+07   5.7678223e+01
   1.0201163e+07   7.4584961e+01
   1.0201247e+07   5.6152344e+01
   1.0201273e+07   5.9753418e+01
   1.0227818e+07   6.2316895e+01
   1.0227851e+07   5.7861328e+01
   1.0227927e+07   7.3791504e+01
   1.0228000e+07   5.7495117e+01
   1.0228212e+07   5.9204102e+01
   1.0297774e+07   6.1401367e+01
   1.0297909e+07   9.3322754e+01
   1.0297936e+07   6.4331055e+01
   1.0298075e+07   7.0983887e+01
   1.0298086e+07   6.5979004e+01
   1.0298296e+07   6.0302734e+01
   1.0299459e+07   5.6457520e+01
   1.0367878e+07   5.9631348e+01
   1.0368010e+07   7.7026367e+01
   1.0368051e+07   5.5664062e+01
   1.0398422e+07   6.9824219e+01
   1.0398433e+07   7.7148438e+01
   1.0398455e+07   7.3669434e+01
   1.0398476e+07   6.8969727e+01
   1.0398523e+07   6.1340332e+01
   1.0398587e+07   5.6640625e+01
   1.0398675e+07   5.7739258e+01
   1.0398808e+07   5.8105469e+01
   1.0469288e+07   6.5917969e+01
   1.0469458e+07   5.8898926e+01
   1.0469472e+07   5.6335449e+01
   1.0469517e+07   6.2805176e+01
   1.0469661e+07   6.3781738e+01
   1.0469809e+07   6.5063477e+01
   1.0469846e+07   5.9204102e+01
   1.0470872e+07   6.0363770e+01
   1.0519489e+07   6.5856934e+01
   1.0519512e+07   8.2092285e+01
   1.0519581e+07   6.2683105e+01
   1.0519602e+07   6.1950684e+01
   1.0519893e+07   6.0119629e+01
   1.0521051e+07   5.9143066e+01
   1.0521505e+07   5.7495117e+01
   1.0544864e+07   6.2622070e+01
   1.0544895e+07   5.7434082e+01
   1.0544923e+07   6.2744141e+01
   1.0544937e+07   5.7922363e+01
   1.0545056e+07   6.1889648e+01
   1.0545102e+07   5.6152344e+01
   1.0545233e+07   6.0119629e+01
   1.0546064e+07   5.8105469e+01
   1.0615192e+07   5.9020996e+01
   1.0615220e+07   5.9631348e+01
   1.0615243e+07   8.0322266e+01
   1.0615258e+07   6.3476562e+01
   1.0615315e+07   6.6650391e+01
   1.0615551e+07   5.6884766e+01
   1.0675908e+07   5.7617187e+01
   1.0675940e+07   7.1838379e+01
   1.0675951e+07   7.3364258e+01
   1.0676009e+07   6.3537598e+01
   1.0676044e+07   6.0241699e+01
   1.0676063e+07   6.9091797e+01
   1.0676121e+07   5.9509277e+01
   1.0676495e+07   6.0058594e+01
   1.0677292e+07   5.8105469e+01
   1.0734972e+07   5.8471680e+01
   1.0735009e+07   5.7128906e+01
   1.0735113e+07   6.9641113e+01
   1.0735151e+07   6.2561035e+01
   1.0735229e+07   6.2255859e+01
   1.0735244e+07   8.2397461e+01
   1.0735316e+07   7.0373535e+01
   1.0735345e+07   7.8125000e+01
   1.0735595e+07   5.7861328e+01
   1.0735704e+07   5.9265137e+01
   1.0736462e+07   5.6274414e+01
   1.0791199e+07   6.9396973e+01
   1.0791303e+07   8.5449219e+01
   1.0791345e+07   6.3720703e+01
   1.0852950e+07   6.1584473e+01
   1.0852991e+07   7.0007324e+01
   1.0853044e+07   6.9030762e+01
   1.0853061e+07   8.3435059e+01
   1.0853087e+07   6.7687988e+01
   1.0853124e+07   5.5786133e+01
   1.0853244e+07   5.6518555e+01
   1.0853364e+07   5.8898926e+01
   1.1937496e+07   6.3476563e+01
   1.1937513e+07   5.8532715e+01
   1.1937524e+07   6.4331055e+01
   1.1937561e+07   6.0913086e+01
   1.1937582e+07   6.2072754e+01
   1.1937609e+07   6.2866211e+01
   1.1937640e+07   7.1289062e+01
   1.1937666e+07   6.1828613e+01
   1.1937750e+07   6.3110352e+01
