   1.1996000e+07   0.0000000e+00
   9.8033300e+05   2.7575684e+02
   9.8037800e+05   1.2561035e+02
   9.8040600e+05   3.7780762e+01
   9.8042500e+05   6.7932129e+01
   9.8048800e+05   3.6560059e+01
   9.8054800e+05   4.3334961e+01
   9.8057900e+05   3.7170410e+01
   9.8060700e+05   5.8654785e+01
   9.8067100e+05   6.8359375e+01
   9.8075100e+05   6.4086914e+01
   9.8084400e+05   7.8369141e+01
   9.8085500e+05   4.0588379e+01
   9.8093500e+05   6.5734863e+01
   9.8103000e+05   8.3190918e+01
   9.8114000e+05   7.3547363e+01
   9.8126800e+05   8.4533691e+01
   9.8129000e+05   3.6804199e+01
   9.8137300e+05   6.4636230e+01
   9.8150500e+05   9.3383789e+01
   9.8164500e+05   1.2274170e+02
   9.8180600e+05   9.9670410e+01
   9.8198100e+05   1.1511230e+02
   9.8231800e+05   1.4599609e+02
   1.0109700e+06   2.5488281e+02
   1.0110130e+06   8.6791992e+01
   1.0110560e+06   5.1025391e+01
   1.0111070e+06   4.1748047e+01
   1.0112010e+06   3.8574219e+01
   1.0112370e+06   4.2663574e+01
   1.0114150e+06   3.9672852e+01
   1.0116320e+06   4.4860840e+01
   1.0116430e+06   3.6621094e+01
   1.0118160e+06   3.7414551e+01
   1.0118760e+06   6.0974121e+01
   1.0119810e+06   3.7719727e+01
   1.0120840e+06   6.6711426e+01
   1.0122850e+06   7.7880859e+01
   1.0124360e+06   7.1228027e+01
   1.0126660e+06   7.8979492e+01
   1.0128300e+06   7.8125000e+01
   1.0129950e+06   9.3139648e+01
   1.0131750e+06   8.5266113e+01
   1.0133380e+06   7.9467773e+01
   1.0135670e+06   1.0839844e+02
   1.0138050e+06   1.1407471e+02
   1.0142040e+06   4.1564941e+01
   1.8645110e+06   2.3443604e+02
   1.8645610e+06   1.3366699e+02
   1.8645950e+06   5.2734375e+01
   1.8646070e+06   4.8278809e+01
   1.8646440e+06   5.2673340e+01
   1.8646790e+06   4.1931152e+01
   1.8647150e+06   4.2785645e+01
   1.8647510e+06   4.2358398e+01
   1.8648590e+06   6.7687988e+01
   1.8649850e+06   9.7473145e+01
   1.8650970e+06   8.1787109e+01
   1.8651950e+06   7.0007324e+01
   1.8652850e+06   5.3466797e+01
   1.8654070e+06   8.7646484e+01
   1.8654930e+06   6.1584473e+01
   1.8656300e+06   1.1126709e+02
   1.8656410e+06   3.6193848e+01
   1.8657450e+06   1.0504150e+02
   1.8658750e+06   9.3505859e+01
   1.8659430e+06   3.7780762e+01
   1.8660890e+06   1.2170410e+02
   1.8662830e+06   1.4001465e+02
   1.8667070e+06   3.9367676e+01
   1.8715730e+06   3.6315918e+01
   1.8949380e+06   2.5537109e+02
   1.8949870e+06   1.2469482e+02
   1.8950310e+06   5.6213379e+01
   1.8950530e+06   4.8400879e+01
   1.8950750e+06   4.0100098e+01
   1.8951150e+06   4.2480469e+01
   1.8951510e+06   4.0100098e+01
   1.8953220e+06   4.7729492e+01
   1.8954070e+06   4.1015625e+01
   1.8955690e+06   4.0161133e+01
   1.8956450e+06   5.2368164e+01
   1.8957420e+06   5.4504395e+01
   1.8958390e+06   4.1442871e+01
   1.8959670e+06   5.6457520e+01
   1.8961150e+06   7.4584961e+01
   1.8962930e+06   7.7697754e+01
   1.8964400e+06   8.4045410e+01
   1.8966110e+06   7.9223633e+01
   1.8967580e+06   9.2590332e+01
   1.8967790e+06   3.7231445e+01
   1.8969110e+06   8.9416504e+01
   1.8970480e+06   8.7707520e+01
   1.8972440e+06   1.1303711e+02
   1.8974500e+06   1.0681152e+02
   1.8976720e+06   1.0821533e+02
   1.8979110e+06   3.6499023e+01
   2.8452950e+06   2.4835205e+02
   2.8453330e+06   9.7961426e+01
   2.8453480e+06   5.0231934e+01
   2.8453680e+06   3.9489746e+01
   2.8454270e+06   4.1015625e+01
   2.8454380e+06   3.9733887e+01
   2.8454920e+06   4.1687012e+01
   2.8455210e+06   4.6875000e+01
   2.8455830e+06   5.2124023e+01
   2.8456400e+06   4.0649414e+01
   2.8456700e+06   6.8603516e+01
   2.8457480e+06   5.6884766e+01
   2.8458130e+06   4.4433594e+01
   2.8459110e+06   8.3007812e+01
   2.8460340e+06   7.2326660e+01
   2.8460580e+06   3.9123535e+01
   2.8461280e+06   9.5642090e+01
   2.8462290e+06   8.0566406e+01
   2.8463380e+06   9.5275879e+01
   2.8465170e+06   6.7260742e+01
   2.8465490e+06   4.2785645e+01
   2.8466850e+06   1.1138916e+02
   2.8469080e+06   1.1798096e+02
   2.8471870e+06   1.3958740e+02
   2.8474490e+06   1.3781738e+02
   2.8766110e+06   2.3565674e+02
   2.8766610e+06   1.0772705e+02
   2.8767300e+06   4.2724609e+01
   2.8768700e+06   4.6203613e+01
   2.8769710e+06   3.9184570e+01
   2.8769950e+06   5.1391602e+01
   2.8770890e+06   3.8574219e+01
   2.8771870e+06   6.6284180e+01
   2.8772690e+06   3.6865234e+01
   2.8773720e+06   5.7312012e+01
   2.8774850e+06   5.8288574e+01
   2.8775800e+06   4.1198730e+01
   2.8776790e+06   4.0405273e+01
   2.8778080e+06   3.9245605e+01
   2.8779570e+06   5.9020996e+01
   2.8780510e+06   4.7180176e+01
   2.8781830e+06   6.9213867e+01
   2.8783170e+06   7.2204590e+01
   2.8784470e+06   7.2753906e+01
   2.8786080e+06   7.1533203e+01
   2.8788330e+06   1.1090088e+02
   2.8793690e+06   1.3037109e+02
   3.4184350e+06   3.6499023e+01
   3.6649690e+06   2.6831055e+02
   3.6650060e+06   1.2121582e+02
   3.6650190e+06   6.3720703e+01
   3.6650850e+06   4.4982910e+01
   3.6651160e+06   4.5776367e+01
   3.6651320e+06   4.2236328e+01
   3.6652870e+06   8.0200195e+01
   3.6653520e+06   6.8359375e+01
   3.6654300e+06   8.1604004e+01
   3.6655150e+06   7.1289062e+01
   3.6656310e+06   8.1481934e+01
   3.6657280e+06   7.8613281e+01
   3.6657630e+06   3.7414551e+01
   3.6658730e+06   1.0168457e+02
   3.6659620e+06   7.8430176e+01
   3.6661140e+06   1.0516357e+02
   3.6662240e+06   8.9050293e+01
   3.6663630e+06   9.7656250e+01
   3.6665110e+06   1.1968994e+02
   3.6665220e+06   4.5471191e+01
   3.6667430e+06   1.2017822e+02
   3.6669790e+06   1.2432861e+02
   3.6967280e+06   2.2045898e+02
   3.6967790e+06   1.2274170e+02
   3.6968150e+06   3.8024902e+01
   3.6969490e+06   4.1748047e+01
   3.6970430e+06   4.4250488e+01
   3.6971140e+06   4.5166016e+01
   3.6972080e+06   4.7729492e+01
   3.6973130e+06   4.0283203e+01
   3.6974790e+06   4.7729492e+01
   3.6975730e+06   4.9560547e+01
   3.6976990e+06   6.4453125e+01
   3.6978030e+06   5.5664062e+01
   3.6978860e+06   3.7963867e+01
   3.6979200e+06   5.0598145e+01
   3.6980570e+06   7.5500488e+01
   3.6982140e+06   6.0729980e+01
   3.6983790e+06   8.7158203e+01
   3.6983890e+06   4.1687012e+01
   3.6985980e+06   8.3740234e+01
   3.6987750e+06   8.2336426e+01
   3.6989460e+06   1.0046387e+02
   3.6996680e+06   1.4770508e+02
   4.6827420e+06   2.5421143e+02
   4.6827830e+06   1.2896729e+02
   4.6828210e+06   6.3049316e+01
   4.6828570e+06   4.3334961e+01
   4.6828810e+06   4.1503906e+01
   4.6829010e+06   4.2053223e+01
   4.6829670e+06   4.4128418e+01
   4.6830580e+06   8.3190918e+01
   4.6830700e+06   4.0161133e+01
   4.6831400e+06   5.9143066e+01
   4.6832290e+06   6.9396973e+01
   4.6832600e+06   4.4860840e+01
   4.6833790e+06   1.0784912e+02
   4.6834650e+06   6.8420410e+01
   4.6835730e+06   8.2824707e+01
   4.6836960e+06   8.9904785e+01
   4.6838400e+06   1.1541748e+02
   4.6839660e+06   9.4421387e+01
   4.6839980e+06   3.6315918e+01
   4.6840950e+06   3.9062500e+01
   4.6841790e+06   1.2976074e+02
   4.6843390e+06   1.1456299e+02
   4.7104270e+06   2.4395752e+02
   4.7104770e+06   9.8144531e+01
   4.7105210e+06   3.8574219e+01
   4.7105490e+06   4.0649414e+01
   4.7106810e+06   3.6499023e+01
   4.7107010e+06   3.8330078e+01
   4.7107160e+06   4.5532227e+01
   4.7107720e+06   5.2246094e+01
   4.7108500e+06   4.3273926e+01
   4.7109360e+06   3.6376953e+01
   4.7111240e+06   3.8269043e+01
   4.7113630e+06   5.6762695e+01
   4.7114620e+06   6.1523438e+01
   4.7115980e+06   6.9519043e+01
   4.7117270e+06   8.2092285e+01
   4.7118400e+06   7.3059082e+01
   4.7119680e+06   7.0861816e+01
   4.7121260e+06   8.7646484e+01
   4.7123160e+06   1.0089111e+02
   4.7125000e+06   9.5153809e+01
   4.7125480e+06   3.9062500e+01
   4.7127270e+06   1.0992432e+02
   4.7131550e+06   1.2542725e+02
   5.2796940e+06   3.6743164e+01
   5.3655130e+06   2.5958252e+02
   5.3655540e+06   1.0540771e+02
   5.3655930e+06   5.9509277e+01
   5.3656350e+06   4.2724609e+01
   5.3656460e+06   3.6254883e+01
   5.3656750e+06   4.0954590e+01
   5.3657230e+06   7.0678711e+01
   5.3658100e+06   6.3659668e+01
   5.3658830e+06   5.5480957e+01
   5.3659780e+06   9.6130371e+01
   5.3660630e+06   7.2998047e+01
   5.3661600e+06   7.9162598e+01
   5.3662860e+06   1.0180664e+02
   5.3664040e+06   1.2213135e+02
   5.3664950e+06   9.3811035e+01
   5.3666820e+06   1.0565186e+02
   5.3668240e+06   3.7658691e+01
   5.3669710e+06   1.3446045e+02
   5.3671570e+06   1.2487793e+02
   5.3685920e+06   3.6499023e+01
   5.9598940e+06   2.3120117e+02
   5.9599340e+06   1.5472412e+02
   5.9600060e+06   4.7546387e+01
   5.9600160e+06   4.6936035e+01
   5.9601260e+06   4.0405273e+01
   5.9601400e+06   3.6621094e+01
   5.9601980e+06   5.4504395e+01
   5.9602100e+06   5.0231934e+01
   5.9602510e+06   3.7902832e+01
   5.9602660e+06   7.0556641e+01
   5.9603590e+06   9.3872070e+01
   5.9604040e+06   3.7231445e+01
   5.9604450e+06   6.3476562e+01
   5.9605330e+06   8.2946777e+01
   5.9606150e+06   6.4208984e+01
   5.9607190e+06   8.4411621e+01
   5.9608410e+06   9.1979980e+01
   5.9610110e+06   1.0736084e+02
   5.9611230e+06   1.0308838e+02
   5.9613500e+06   1.2268066e+02
   5.9615650e+06   1.1779785e+02
   5.9621660e+06   1.6082764e+02
   5.9905600e+06   2.3272705e+02
   5.9906390e+06   1.4770508e+02
   5.9906860e+06   4.3945312e+01
   5.9907030e+06   3.8757324e+01
   5.9907400e+06   4.1564941e+01
   5.9907610e+06   3.6376953e+01
   5.9909880e+06   3.7353516e+01
   5.9910780e+06   4.4494629e+01
   5.9911570e+06   3.7719727e+01
   5.9912350e+06   5.2246094e+01
   5.9913230e+06   5.3955078e+01
   5.9914570e+06   5.6579590e+01
   5.9915950e+06   6.3720703e+01
   5.9917000e+06   6.0058594e+01
   5.9917730e+06   3.8757324e+01
   5.9918230e+06   7.0678711e+01
   5.9919040e+06   3.6315918e+01
   5.9919350e+06   7.1105957e+01
   5.9920810e+06   7.3547363e+01
   5.9922280e+06   8.1298828e+01
   5.9923790e+06   8.7951660e+01
   5.9925680e+06   7.5683594e+01
   5.9925820e+06   3.9123535e+01
   5.9927070e+06   1.0034180e+02
   5.9929230e+06   1.0888672e+02
   5.9931780e+06   1.1193848e+02
   6.5954520e+06   4.2907715e+01
   6.5955070e+06   2.5823975e+02
   6.5955430e+06   1.0552979e+02
   6.5955660e+06   4.5715332e+01
   6.5955770e+06   6.2744141e+01
   6.5956040e+06   3.6621094e+01
   6.5956320e+06   5.5786133e+01
   6.5957080e+06   4.0161133e+01
   6.5957580e+06   5.1025391e+01
   6.5958470e+06   7.2753906e+01
   6.5959210e+06   9.5397949e+01
   6.5960160e+06   8.9538574e+01
   6.5961090e+06   7.6416016e+01
   6.5961880e+06   8.6975098e+01
   6.5962960e+06   6.9152832e+01
   6.5963310e+06   4.2419434e+01
   6.5964450e+06   8.3129883e+01
   6.5965880e+06   9.8022461e+01
   6.5966900e+06   3.7292480e+01
   6.5967160e+06   1.0974121e+02
   6.5968830e+06   1.2048340e+02
   6.5970340e+06   1.0723877e+02
   6.5973050e+06   1.2976074e+02
   6.6251290e+06   2.4682617e+02
   6.6251830e+06   1.2304688e+02
   6.6252220e+06   4.0832520e+01
   6.6253700e+06   4.3151855e+01
   6.6254750e+06   3.7231445e+01
   6.6255540e+06   3.8757324e+01
   6.6256640e+06   4.9987793e+01
   6.6257870e+06   5.0659180e+01
   6.6259200e+06   4.4067383e+01
   6.6260380e+06   5.7678223e+01
   6.6261620e+06   8.8562012e+01
   6.6263040e+06   8.2336426e+01
   6.6264090e+06   5.9387207e+01
   6.6265250e+06   6.6711426e+01
   6.6266530e+06   6.8725586e+01
   6.6267990e+06   9.5092773e+01
   6.6270300e+06   1.1163330e+02
   6.6272340e+06   8.4716797e+01
   6.6275190e+06   1.1328125e+02
   6.6278510e+06   3.8574219e+01
   6.6284030e+06   3.6804199e+01
   6.6287240e+06   3.7963867e+01
   6.8098510e+06   3.6621094e+01
   7.3107820e+06   2.1759033e+02
   7.3108030e+06   4.3273926e+01
   7.3108190e+06   1.2982178e+02
   7.3108770e+06   5.0537109e+01
   7.3108940e+06   4.5471191e+01
   7.3109350e+06   4.1503906e+01
   7.3109570e+06   4.1809082e+01
   7.3109850e+06   4.2419434e+01
   7.3110380e+06   4.7546387e+01
   7.3111190e+06   8.1726074e+01
   7.3112000e+06   7.3852539e+01
   7.3112990e+06   8.0078125e+01
   7.3113720e+06   8.0322266e+01
   7.3114520e+06   8.2275391e+01
   7.3115520e+06   8.5083008e+01
   7.3116400e+06   7.0983887e+01
   7.3116660e+06   3.6315918e+01
   7.3117500e+06   8.6059570e+01
   7.3119180e+06   1.0870361e+02
   7.3120630e+06   1.1291504e+02
   7.3123260e+06   1.3488770e+02
   7.3125400e+06   1.3519287e+02
   7.3128740e+06   1.3348389e+02
   7.7930290e+06   2.1551514e+02
   7.7930640e+06   9.8510742e+01
   7.7930990e+06   3.6743164e+01
   7.7931340e+06   5.2490234e+01
   7.7932320e+06   3.6376953e+01
   7.7932800e+06   4.7119141e+01
   7.7933490e+06   7.0983887e+01
   7.7933620e+06   4.1687012e+01
   7.7934250e+06   6.3171387e+01
   7.7935120e+06   6.0546875e+01
   7.7935220e+06   3.7414551e+01
   7.7936230e+06   1.0516357e+02
   7.7937160e+06   8.1970215e+01
   7.7938260e+06   8.2641602e+01
   7.7939120e+06   7.2265625e+01
   7.7940200e+06   1.0113525e+02
   7.7941260e+06   9.8083496e+01
   7.7942630e+06   9.6740723e+01
   7.7944970e+06   1.2304688e+02
   7.7947250e+06   1.3830566e+02
   8.3040320e+06   2.5158691e+02
   8.3040690e+06   1.3073730e+02
   8.3041490e+06   4.4189453e+01
   8.3042380e+06   4.3701172e+01
   8.3042520e+06   3.8269043e+01
   8.3043110e+06   6.7260742e+01
   8.3044010e+06   9.5642090e+01
   8.3044960e+06   9.3078613e+01
   8.3045820e+06   8.2519531e+01
   8.3046660e+06   8.9416504e+01
   8.3047010e+06   3.6865234e+01
   8.3047770e+06   1.0015869e+02
   8.3048050e+06   4.0283203e+01
   8.3049100e+06   9.7778320e+01
   8.3050220e+06   9.8571777e+01
   8.3051170e+06   9.1064453e+01
   8.3052470e+06   1.1077881e+02
   8.3053600e+06   1.0321045e+02
   8.3054900e+06   1.0736084e+02
   8.3057910e+06   1.4349365e+02
   8.3362850e+06   2.3815918e+02
   8.3363410e+06   1.2255859e+02
   8.3364360e+06   3.7963867e+01
   8.3366080e+06   5.2368164e+01
   8.3366730e+06   3.9672852e+01
   8.3367680e+06   5.9509277e+01
   8.3368750e+06   6.9885254e+01
   8.3369740e+06   6.9396973e+01
   8.3370930e+06   8.0017090e+01
   8.3371910e+06   7.7697754e+01
   8.3372990e+06   8.4716797e+01
   8.3374060e+06   6.3415527e+01
   8.3375520e+06   6.7565918e+01
   8.3376890e+06   9.9792480e+01
   8.3377980e+06   6.0302734e+01
   8.3379290e+06   8.8989258e+01
   8.3380500e+06   8.9599609e+01
   8.3381920e+06   1.0186768e+02
   8.3383110e+06   5.5541992e+01
   8.3384650e+06   9.8205566e+01
   8.3386630e+06   1.0937500e+02
   8.3389810e+06   1.1950684e+02
   8.3393070e+06   1.3873291e+02
   8.8646290e+06   3.6376953e+01
   9.1070640e+06   2.5427246e+02
   9.1071060e+06   1.5112305e+02
   9.1071370e+06   8.6547852e+01
   9.1071840e+06   4.4250488e+01
   9.1072240e+06   3.7475586e+01
   9.1073420e+06   5.5297852e+01
   9.1074260e+06   9.4299316e+01
   9.1074460e+06   3.8024902e+01
   9.1075070e+06   7.9406738e+01
   9.1075900e+06   7.4035645e+01
   9.1076690e+06   6.7504883e+01
   9.1077520e+06   6.0607910e+01
   9.1077840e+06   3.9916992e+01
   9.1078660e+06   9.4787598e+01
   9.1079720e+06   9.2712402e+01
   9.1080640e+06   9.1247559e+01
   9.1081640e+06   9.8754883e+01
   9.1082960e+06   1.0089111e+02
   9.1084620e+06   1.0369873e+02
   9.1086370e+06   1.1352539e+02
   9.1088130e+06   1.2670898e+02
   9.1377370e+06   2.4890137e+02
   9.1377900e+06   1.3159180e+02
   9.1378300e+06   5.3833008e+01
   9.1378420e+06   5.0903320e+01
   9.1378670e+06   3.6193848e+01
   9.1379340e+06   3.7109375e+01
   9.1380370e+06   3.8513184e+01
   9.1380650e+06   3.7536621e+01
   9.1381510e+06   5.9509277e+01
   9.1381620e+06   3.7109375e+01
   9.1382310e+06   6.1096191e+01
   9.1382820e+06   3.6560059e+01
   9.1384150e+06   3.6315918e+01
   9.1385360e+06   6.8908691e+01
   9.1386320e+06   5.6091309e+01
   9.1387400e+06   7.5683594e+01
   9.1388710e+06   7.4340820e+01
   9.1388970e+06   3.6926270e+01
   9.1390300e+06   8.1604004e+01
   9.1391480e+06   7.6049805e+01
   9.1392790e+06   8.3618164e+01
   9.1394050e+06   8.8684082e+01
   9.1395470e+06   8.6730957e+01
   9.1397540e+06   9.5031738e+01
   9.1400760e+06   1.0607910e+02
   9.1404290e+06   1.3916016e+02
   9.9651420e+06   2.6275635e+02
   9.9651860e+06   1.2854004e+02
   9.9651960e+06   5.2124023e+01
   9.9652170e+06   4.3945312e+01
   9.9652500e+06   5.4260254e+01
   9.9652620e+06   4.4372559e+01
   9.9652980e+06   4.3701172e+01
   9.9653320e+06   3.7170410e+01
   9.9653530e+06   5.3466797e+01
   9.9654320e+06   5.9326172e+01
   9.9654890e+06   4.3334961e+01
   9.9655620e+06   6.7565918e+01
   9.9656320e+06   6.1096191e+01
   9.9656450e+06   3.6193848e+01
   9.9657110e+06   6.2255859e+01
   9.9657920e+06   6.0852051e+01
   9.9658670e+06   4.7729492e+01
   9.9659450e+06   6.0913086e+01
   9.9659710e+06   4.4128418e+01
   9.9660390e+06   6.8786621e+01
   9.9661620e+06   9.4543457e+01
   9.9662600e+06   8.9050293e+01
   9.9663750e+06   8.0017090e+01
   9.9665070e+06   1.2011719e+02
   9.9667040e+06   1.0412598e+02
   9.9670690e+06   1.3391113e+02
   9.9803580e+06   3.7475586e+01
   9.9810370e+06   2.0495605e+02
   9.9810910e+06   1.0235596e+02
   9.9811140e+06   4.5104980e+01
   9.9811430e+06   4.0344238e+01
   9.9811840e+06   4.3029785e+01
   9.9812260e+06   5.6457520e+01
   9.9812810e+06   4.4494629e+01
   9.9814280e+06   4.0039062e+01
   9.9815370e+06   6.3293457e+01
   9.9816650e+06   8.5327148e+01
   9.9818650e+06   1.0473633e+02
   9.9820080e+06   9.6008301e+01
   9.9821410e+06   7.2509766e+01
   9.9823090e+06   9.5397949e+01
   9.9823230e+06   3.7780762e+01
   9.9827930e+06   1.4514160e+02
   1.0097516e+07   2.1844482e+02
   1.0097555e+07   1.2152100e+02
   1.0097587e+07   3.9611816e+01
   1.0097609e+07   3.8085938e+01
   1.0097724e+07   4.3945312e+01
   1.0097830e+07   4.8522949e+01
   1.0097915e+07   4.5715332e+01
   1.0097987e+07   6.3415527e+01
   1.0098014e+07   3.6132812e+01
   1.0098130e+07   6.8237305e+01
   1.0098220e+07   7.0251465e+01
   1.0098323e+07   8.2885742e+01
   1.0098426e+07   9.0820312e+01
   1.0098610e+07   9.7412109e+01
   1.0098720e+07   1.0223389e+02
   1.0098834e+07   1.0095215e+02
   1.0098979e+07   9.7717285e+01
   1.0099109e+07   1.0375977e+02
   1.0099501e+07   1.1956787e+02
   1.0099535e+07   4.0588379e+01
   1.0161873e+07   2.5079346e+02
   1.0161922e+07   1.4642334e+02
   1.0161948e+07   4.3823242e+01
   1.0161965e+07   6.1340332e+01
   1.0162123e+07   4.1503906e+01
   1.0162208e+07   4.6386719e+01
   1.0162225e+07   3.9001465e+01
   1.0162250e+07   3.8879395e+01
   1.0162354e+07   6.2744141e+01
   1.0162468e+07   6.5368652e+01
   1.0162496e+07   4.2297363e+01
   1.0162571e+07   6.8969727e+01
   1.0162674e+07   6.3293457e+01
   1.0162760e+07   6.9213867e+01
   1.0162866e+07   9.9121094e+01
   1.0162886e+07   3.6621094e+01
   1.0162988e+07   9.1735840e+01
   1.0163089e+07   9.0759277e+01
   1.0163205e+07   8.0871582e+01
   1.0163438e+07   1.1309814e+02
   1.0163916e+07   1.3690186e+02
   1.0164186e+07   9.1979980e+01
   1.0201072e+07   2.3815918e+02
   1.0201115e+07   9.7473145e+01
   1.0201160e+07   5.0842285e+01
   1.0201184e+07   4.4799805e+01
   1.0201224e+07   3.7048340e+01
   1.0201248e+07   4.0100098e+01
   1.0201407e+07   7.9895020e+01
   1.0201455e+07   3.6560059e+01
   1.0201495e+07   9.2224121e+01
   1.0201581e+07   7.5439453e+01
   1.0201660e+07   6.4025879e+01
   1.0201759e+07   6.6650391e+01
   1.0201875e+07   8.0017090e+01
   1.0202013e+07   9.1430664e+01
   1.0202108e+07   9.1491699e+01
   1.0202237e+07   9.5703125e+01
   1.0202404e+07   9.6374512e+01
   1.0202612e+07   1.0351562e+02
   1.0202886e+07   1.3739014e+02
   1.0203037e+07   1.3458252e+02
   1.0203219e+07   1.3427734e+02
   1.0227779e+07   2.4511719e+02
   1.0227820e+07   9.0270996e+01
   1.0227879e+07   3.9611816e+01
   1.0227897e+07   5.3405762e+01
   1.0227975e+07   3.7353516e+01
   1.0228039e+07   4.7973633e+01
   1.0228084e+07   3.8513184e+01
   1.0228141e+07   9.1125488e+01
   1.0228242e+07   9.0820312e+01
   1.0228331e+07   7.3486328e+01
   1.0228414e+07   7.0495605e+01
   1.0228526e+07   9.8449707e+01
   1.0228699e+07   9.9975586e+01
   1.0228872e+07   1.1315918e+02
   1.0228993e+07   1.0211182e+02
   1.0229121e+07   9.6435547e+01
   1.0229292e+07   1.1138916e+02
   1.0229480e+07   1.2512207e+02
   1.0229679e+07   1.1999512e+02
   1.0229980e+07   3.7719727e+01
   1.0297884e+07   2.0935059e+02
   1.0297922e+07   9.0759277e+01
   1.0297933e+07   4.1259766e+01
   1.0297963e+07   4.9133301e+01
   1.0298029e+07   3.7475586e+01
   1.0298074e+07   4.4433594e+01
   1.0298154e+07   4.0161133e+01
   1.0298233e+07   4.9621582e+01
   1.0298307e+07   7.0190430e+01
   1.0298389e+07   9.1186523e+01
   1.0298479e+07   7.7819824e+01
   1.0298602e+07   7.4951172e+01
   1.0298689e+07   7.6416016e+01
   1.0298721e+07   3.6132812e+01
   1.0298783e+07   5.8593750e+01
   1.0298906e+07   7.7331543e+01
   1.0299084e+07   8.6486816e+01
   1.0299290e+07   1.2316895e+02
   1.0299493e+07   1.3812256e+02
   1.0299685e+07   1.3800049e+02
   1.0299853e+07   1.3372803e+02
   1.0300042e+07   1.3085938e+02
   1.0367790e+07   2.5073242e+02
   1.0367842e+07   1.3793945e+02
   1.0367891e+07   4.9194336e+01
   1.0367912e+07   3.9428711e+01
   1.0367929e+07   3.6193848e+01
   1.0368034e+07   4.6691895e+01
   1.0368112e+07   3.7353516e+01
   1.0368162e+07   7.3730469e+01
   1.0368252e+07   6.9519043e+01
   1.0368379e+07   9.2773438e+01
   1.0368478e+07   7.8308105e+01
   1.0368597e+07   1.0833740e+02
   1.0368706e+07   1.0601807e+02
   1.0368812e+07   8.3923340e+01
   1.0368967e+07   1.0498047e+02
   1.0368991e+07   3.6376953e+01
   1.0369115e+07   1.2207031e+02
   1.0369259e+07   1.1419678e+02
   1.0369392e+07   1.3165283e+02
   1.0398407e+07   2.5488281e+02
   1.0398445e+07   8.1787109e+01
   1.0398480e+07   4.8400879e+01
   1.0398490e+07   4.4616699e+01
   1.0398659e+07   4.0161133e+01
   1.0398746e+07   9.3017578e+01
   1.0398867e+07   7.8857422e+01
   1.0398957e+07   7.7697754e+01
   1.0399062e+07   9.6618652e+01
   1.0399194e+07   9.7473145e+01
   1.0399323e+07   8.5083008e+01
   1.0399457e+07   9.5275879e+01
   1.0399586e+07   9.3933105e+01
   1.0399727e+07   1.1315918e+02
   1.0400153e+07   1.3671875e+02
   1.0400307e+07   1.1145020e+02
   1.0468933e+07   3.7414551e+01
   1.0469466e+07   2.1191406e+02
   1.0469515e+07   1.2536621e+02
   1.0469563e+07   5.1147461e+01
   1.0469646e+07   3.8940430e+01
   1.0469699e+07   3.8879395e+01
   1.0469808e+07   5.9326172e+01
   1.0469895e+07   6.4208984e+01
   1.0469906e+07   3.6743164e+01
   1.0470001e+07   8.2519531e+01
   1.0470127e+07   1.0369873e+02
   1.0470232e+07   9.3872070e+01
   1.0470353e+07   1.0510254e+02
   1.0470461e+07   1.1169434e+02
   1.0470626e+07   1.1010742e+02
   1.0470764e+07   9.9487305e+01
   1.0470965e+07   1.2969971e+02
   1.0471170e+07   1.1932373e+02
   1.0471391e+07   5.6945801e+01
   1.0519423e+07   2.4591064e+02
   1.0519468e+07   1.1437988e+02
   1.0519507e+07   4.8950195e+01
   1.0519517e+07   4.0100098e+01
   1.0519571e+07   4.5593262e+01
   1.0519750e+07   5.7434082e+01
   1.0519820e+07   6.7810059e+01
   1.0519940e+07   8.6730957e+01
   1.0520034e+07   9.5214844e+01
   1.0520044e+07   3.7902832e+01
   1.0520134e+07   1.0113525e+02
   1.0520266e+07   9.7106934e+01
   1.0520375e+07   1.0534668e+02
   1.0520505e+07   1.0266113e+02
   1.0520658e+07   1.2365723e+02
   1.0520788e+07   1.1236572e+02
   1.0520930e+07   1.1547852e+02
   1.0521195e+07   1.1956787e+02
   1.0521539e+07   1.3317871e+02
   1.0544834e+07   2.4499512e+02
   1.0544877e+07   9.8632812e+01
   1.0544923e+07   4.7485352e+01
   1.0545001e+07   4.3212891e+01
   1.0545100e+07   4.9743652e+01
   1.0545184e+07   7.8369141e+01
   1.0545296e+07   1.1236572e+02
   1.0545384e+07   7.1289062e+01
   1.0545487e+07   8.8195801e+01
   1.0545616e+07   8.5144043e+01
   1.0545765e+07   9.3872070e+01
   1.0545890e+07   1.0028076e+02
   1.0546028e+07   3.7048340e+01
   1.0546187e+07   1.2335205e+02
   1.0546406e+07   1.3214111e+02
   1.0615158e+07   2.1234131e+02
   1.0615217e+07   1.3317871e+02
   1.0615233e+07   3.7109375e+01
   1.0615262e+07   6.4147949e+01
   1.0615302e+07   4.0039062e+01
   1.0615409e+07   3.7292480e+01
   1.0615473e+07   4.2785645e+01
   1.0615542e+07   8.6608887e+01
   1.0615567e+07   3.9428711e+01
   1.0615621e+07   8.6975098e+01
   1.0615685e+07   3.7597656e+01
   1.0615712e+07   9.5825195e+01
   1.0615798e+07   8.6608887e+01
   1.0615888e+07   9.6984863e+01
   1.0616146e+07   1.0888672e+02
   1.0616268e+07   4.6203613e+01
   1.0616434e+07   1.2817383e+02
   1.0616600e+07   1.2603760e+02
   1.0616977e+07   1.3159180e+02
   1.0675832e+07   2.1575928e+02
   1.0675889e+07   1.5173340e+02
   1.0675940e+07   4.7973633e+01
   1.0675988e+07   4.6569824e+01
   1.0676071e+07   3.8330078e+01
   1.0676096e+07   4.1503906e+01
   1.0676194e+07   6.8054199e+01
   1.0676215e+07   3.8818359e+01
   1.0676321e+07   1.0223389e+02
   1.0676450e+07   1.2109375e+02
   1.0676546e+07   8.9111328e+01
   1.0676676e+07   1.0626221e+02
   1.0676773e+07   8.3068848e+01
   1.0676921e+07   1.1389160e+02
   1.0677050e+07   1.1657715e+02
   1.0677195e+07   1.1553955e+02
   1.0677352e+07   1.0986328e+02
   1.0677660e+07   1.4721680e+02
   1.0678560e+07   3.6193848e+01
   1.0734989e+07   2.1240234e+02
   1.0735056e+07   1.5252686e+02
   1.0735102e+07   7.4645996e+01
   1.0735130e+07   4.4128418e+01
   1.0735166e+07   4.2846680e+01
   1.0735268e+07   5.0903320e+01
   1.0735351e+07   8.5388184e+01
   1.0735436e+07   7.9650879e+01
   1.0735475e+07   3.8696289e+01
   1.0735545e+07   8.4350586e+01
   1.0735581e+07   3.9184570e+01
   1.0735646e+07   9.1796875e+01
   1.0735756e+07   1.1346436e+02
   1.0735892e+07   1.1755371e+02
   1.0736017e+07   1.2579346e+02
   1.0736140e+07   1.1248779e+02
   1.0736352e+07   1.3470459e+02
   1.0736722e+07   1.3574219e+02
   1.0791120e+07   3.7658691e+01
   1.0791182e+07   2.0379639e+02
   1.0791246e+07   4.0344238e+01
   1.0791258e+07   5.4260254e+01
   1.0791311e+07   1.0162354e+02
   1.0791321e+07   5.0476074e+01
   1.0791364e+07   5.7922363e+01
   1.0791402e+07   4.0405273e+01
   1.0791459e+07   4.0039062e+01
   1.0791485e+07   4.1748047e+01
   1.0791566e+07   5.0415039e+01
   1.0791590e+07   3.7292480e+01
   1.0791650e+07   1.0040283e+02
   1.0791759e+07   9.8693848e+01
   1.0791908e+07   1.2316895e+02
   1.0792103e+07   1.2292480e+02
   1.0792276e+07   1.1993408e+02
   1.0792467e+07   4.4372559e+01
   1.0792477e+07   1.4666748e+02
   1.0792646e+07   1.1907959e+02
   1.0792981e+07   1.5838623e+02
   1.0852980e+07   2.1240234e+02
   1.0853034e+07   1.4154053e+02
   1.0853081e+07   7.5866699e+01
   1.0853118e+07   4.0222168e+01
   1.0853182e+07   4.0588379e+01
   1.0853201e+07   3.7597656e+01
   1.0853325e+07   6.7687988e+01
   1.0853352e+07   3.7963867e+01
   1.0853453e+07   8.7463379e+01
   1.0853499e+07   4.0649414e+01
   1.0853549e+07   8.3435059e+01
   1.0853665e+07   9.5092773e+01
   1.0853777e+07   1.0833740e+02
   1.0853990e+07   1.3781738e+02
   1.0854148e+07   1.2652588e+02
   1.0854503e+07   1.5155029e+02
   1.1937496e+07   2.3724365e+02
   1.1937537e+07   1.1962891e+02
   1.1937565e+07   3.8452148e+01
   1.1937576e+07   6.4025879e+01
   1.1937617e+07   4.7729492e+01
   1.1937641e+07   5.2368164e+01
   1.1937658e+07   3.8085938e+01
   1.1937704e+07   4.7424316e+01
   1.1937746e+07   3.7292480e+01
   1.1937773e+07   4.1381836e+01
   1.1937858e+07   8.5510254e+01
   1.1937873e+07   3.7597656e+01
   1.1937928e+07   8.5876465e+01
   1.1937993e+07   8.4533691e+01
   1.1938071e+07   7.8796387e+01
   1.1938116e+07   4.3273926e+01
   1.1938177e+07   9.1003418e+01
   1.1938260e+07   9.2651367e+01
   1.1938345e+07   4.5532227e+01
   1.1938457e+07   8.5327148e+01
   1.1938564e+07   8.4655762e+01
   1.1938679e+07   7.9772949e+01
   1.1938864e+07   1.0211182e+02
   1.1938962e+07   9.0332031e+01
   1.1939029e+07   3.8024902e+01
   1.1939119e+07   1.0974121e+02
   1.1939409e+07   1.4208984e+02
