   1.1996000e+07   0.0000000e+00
   5.3582700e+05   4.1320801e+01
   5.3606200e+05   5.3344727e+01
   5.3623900e+05   6.0607910e+01
   5.3628800e+05   4.6569824e+01
   5.3692400e+05   4.1381836e+01
   5.3741000e+05   5.7067871e+01
   9.7991900e+05   4.7241211e+01
   9.8008000e+05   6.1035156e+01
   9.8038900e+05   5.3527832e+01
   9.8067000e+05   3.7536621e+01
   9.8075000e+05   3.9123535e+01
   9.8133300e+05   5.1086426e+01
   9.9360700e+05   3.7963867e+01
   9.9414000e+05   4.5288086e+01
   1.0064400e+06   3.9123535e+01
   1.0074310e+06   3.7292480e+01
   1.0091360e+06   4.0405273e+01
   1.0105000e+06   4.3212891e+01
   1.0110510e+06   6.4880371e+01
   1.0110710e+06   3.9428711e+01
   1.0111380e+06   4.1931152e+01
   1.0116840e+06   4.3640137e+01
   1.0148660e+06   3.7048340e+01
   1.8639970e+06   3.8208008e+01
   1.8641330e+06   4.8645020e+01
   1.8643070e+06   6.6528320e+01
   1.8645320e+06   5.9692383e+01
   1.8645800e+06   5.9814453e+01
   1.8646410e+06   6.3110352e+01
   1.8647700e+06   4.1137695e+01
   1.8649390e+06   3.7780762e+01
   1.8657110e+06   3.8940430e+01
   1.8770670e+06   3.8940430e+01
   1.8949290e+06   4.2175293e+01
   1.8950310e+06   4.1137695e+01
   1.8950490e+06   7.1777344e+01
   2.6951800e+06   3.6987305e+01
   2.8448120e+06   4.1198730e+01
   2.8448910e+06   4.0771484e+01
   2.8450110e+06   6.0607910e+01
   2.8452940e+06   6.1767578e+01
   2.8453430e+06   4.9438477e+01
   2.8454010e+06   5.9020996e+01
   2.8454280e+06   4.0222168e+01
   2.8454870e+06   3.7292480e+01
   2.8455260e+06   3.7475586e+01
   2.8456740e+06   4.1564941e+01
   2.8766930e+06   6.0180664e+01
   2.8767190e+06   4.5471191e+01
   2.8767990e+06   3.7170410e+01
   2.8768570e+06   3.8269043e+01
   2.8782210e+06   4.1564941e+01
   2.8823700e+06   3.9306641e+01
   3.1837150e+06   3.8085938e+01
   3.5091140e+06   3.7963867e+01
   3.5636050e+06   4.1381836e+01
   3.6643950e+06   4.9438477e+01
   3.6645790e+06   6.4697266e+01
   3.6646890e+06   4.5349121e+01
   3.6648830e+06   4.9560547e+01
   3.6649900e+06   7.3974609e+01
   3.6650880e+06   4.3762207e+01
   3.6652240e+06   4.0100098e+01
   3.6652480e+06   3.8391113e+01
   3.6655110e+06   3.8085938e+01
   3.6655450e+06   3.8940430e+01
   3.6686650e+06   4.0283203e+01
   3.6809310e+06   5.0781250e+01
   3.6823370e+06   3.6865234e+01
   3.6960450e+06   5.7556152e+01
   3.6968030e+06   4.4067383e+01
   3.6968350e+06   3.8635254e+01
   4.6824040e+06   4.0771484e+01
   4.6825250e+06   5.5236816e+01
   4.6827410e+06   4.8278809e+01
   4.6828210e+06   4.7180176e+01
   4.6828480e+06   5.5175781e+01
   4.6828620e+06   3.9978027e+01
   4.6830190e+06   4.2358398e+01
   4.6837870e+06   3.7902832e+01
   4.6841310e+06   3.8696289e+01
   4.6842080e+06   3.9001465e+01
   4.6847430e+06   3.6621094e+01
   4.6972360e+06   4.9194336e+01
   4.6975280e+06   4.4433594e+01
   4.6977640e+06   4.3579102e+01
   4.7044710e+06   3.8574219e+01
   4.7051860e+06   3.8024902e+01
   4.7084030e+06   3.8208008e+01
   4.7103930e+06   4.4006348e+01
   4.7105090e+06   6.0729980e+01
   4.7105260e+06   4.4616699e+01
   5.3646930e+06   3.7414551e+01
   5.3651910e+06   4.3395996e+01
   5.3654070e+06   6.3659668e+01
   5.3655310e+06   3.8696289e+01
   5.3655510e+06   3.9062500e+01
   5.3656300e+06   5.5969238e+01
   5.3657450e+06   4.0405273e+01
   5.4858610e+06   4.0161133e+01
   5.9595720e+06   4.8583984e+01
   5.9596850e+06   5.0170898e+01
   5.9599260e+06   6.7260742e+01
   5.9600200e+06   4.1381836e+01
   5.9600770e+06   3.6926270e+01
   5.9603220e+06   5.0903320e+01
   5.9606830e+06   3.8024902e+01
   5.9613090e+06   3.7353516e+01
   5.9733860e+06   4.2846680e+01
   5.9735710e+06   4.4189453e+01
   5.9736770e+06   4.2602539e+01
   5.9737870e+06   3.9794922e+01
   5.9740390e+06   3.8024902e+01
   5.9742170e+06   4.1931152e+01
   5.9745690e+06   4.6936035e+01
   5.9756990e+06   4.7241211e+01
   5.9906940e+06   4.1503906e+01
   5.9907310e+06   3.7353516e+01
   5.9907880e+06   5.3222656e+01
   5.9920120e+06   3.7231445e+01
   6.0438730e+06   3.7353516e+01
   6.5947910e+06   3.9367676e+01
   6.5951770e+06   4.0710449e+01
   6.5952290e+06   6.0791016e+01
   6.5952480e+06   3.9001465e+01
   6.5954270e+06   5.4870605e+01
   6.5955840e+06   6.1523438e+01
   6.5955970e+06   5.0231934e+01
   6.5959980e+06   4.1625977e+01
   6.5965880e+06   4.6386719e+01
   6.6098570e+06   5.9692383e+01
   6.6252100e+06   5.9692383e+01
   6.6252230e+06   4.1503906e+01
   6.6252630e+06   4.9011230e+01
   6.6252990e+06   3.9794922e+01
   7.3104540e+06   5.0231934e+01
   7.3105340e+06   5.4626465e+01
   7.3107160e+06   5.0476074e+01
   7.3107660e+06   6.7321777e+01
   7.3108190e+06   3.9489746e+01
   7.3108860e+06   3.8757324e+01
   7.3109770e+06   4.1625977e+01
   7.3110910e+06   5.0354004e+01
   7.3112920e+06   6.0791016e+01
   7.3114570e+06   3.9428711e+01
   7.3117430e+06   4.8034668e+01
   7.3122160e+06   3.7536621e+01
   7.7928200e+06   4.3518066e+01
   7.7929450e+06   7.2265625e+01
   7.7930960e+06   6.0668945e+01
   7.7931820e+06   3.9123535e+01
   7.7933360e+06   3.9184570e+01
   7.8032780e+06   3.7536621e+01
   8.3037190e+06   4.9438477e+01
   8.3038160e+06   6.5246582e+01
   8.3039450e+06   4.0527344e+01
   8.3039790e+06   5.2246094e+01
   8.3040810e+06   5.1940918e+01
   8.3041510e+06   4.0405273e+01
   8.3041670e+06   3.7170410e+01
   8.3042010e+06   4.5837402e+01
   8.3042460e+06   3.9428711e+01
   8.3047380e+06   4.7424316e+01
   8.3054320e+06   3.7048340e+01
   8.3056700e+06   3.8146973e+01
   8.3171220e+06   5.7189941e+01
   8.3172350e+06   4.8706055e+01
   8.3176680e+06   4.5959473e+01
   8.3179130e+06   3.9062500e+01
   8.3269700e+06   4.3334961e+01
   8.3271570e+06   4.0527344e+01
   8.3273290e+06   4.6691895e+01
   8.3364000e+06   6.0363770e+01
   8.3364140e+06   3.7780762e+01
   8.3364340e+06   4.5593262e+01
   8.3365330e+06   3.7170410e+01
   8.3365920e+06   3.7353516e+01
   8.3367490e+06   3.7841797e+01
   9.1066190e+06   3.8452148e+01
   9.1069090e+06   5.6213379e+01
   9.1070600e+06   4.5776367e+01
   9.1071170e+06   3.8696289e+01
   9.1071630e+06   4.8034668e+01
   9.1073020e+06   4.4555664e+01
   9.1075940e+06   3.9001465e+01
   9.1209160e+06   5.0415039e+01
   9.1212470e+06   3.7902832e+01
   9.1217680e+06   4.7790527e+01
   9.1346550e+06   4.6264648e+01
   9.1364560e+06   3.7841797e+01
   9.1372040e+06   4.2907715e+01
   9.1378220e+06   5.8410645e+01
   9.1378660e+06   4.4067383e+01
   9.1379550e+06   3.9306641e+01
   9.1379990e+06   3.7658691e+01
   9.1380510e+06   4.2602539e+01
   9.1388770e+06   3.8208008e+01
   9.9649430e+06   4.5593262e+01
   9.9650380e+06   5.9997559e+01
   9.9650650e+06   4.3518066e+01
   9.9651780e+06   5.1513672e+01
   9.9652120e+06   4.2968750e+01
   9.9652690e+06   4.1015625e+01
   9.9652980e+06   5.2978516e+01
   9.9654240e+06   3.9001465e+01
   9.9690670e+06   4.0527344e+01
   9.9796530e+06   4.1564941e+01
   9.9798600e+06   5.0781250e+01
   9.9800690e+06   4.6386719e+01
   9.9802800e+06   3.8330078e+01
   9.9808780e+06   4.1503906e+01
   9.9811520e+06   4.5593262e+01
   1.0097237e+07   5.7312012e+01
   1.0097473e+07   4.4860840e+01
   1.0097483e+07   7.0068359e+01
   1.0097645e+07   3.8085938e+01
   1.0097678e+07   3.7048340e+01
   1.0099177e+07   3.7902832e+01
   1.0161768e+07   5.2612305e+01
   1.0161874e+07   6.1157227e+01
   1.0161886e+07   4.0954590e+01
   1.0161904e+07   5.2795410e+01
   1.0162014e+07   4.1076660e+01
   1.0162070e+07   7.1166992e+01
   1.0162691e+07   3.9001465e+01
   1.0166013e+07   3.7353516e+01
   1.0201182e+07   6.2255859e+01
   1.0201220e+07   3.9489746e+01
   1.0201256e+07   3.7719727e+01
   1.0201332e+07   5.9387207e+01
   1.0201351e+07   4.2114258e+01
   1.0202221e+07   3.8330078e+01
   1.0202518e+07   3.7231445e+01
   1.0204529e+07   4.4006348e+01
   1.0227884e+07   8.5693359e+01
   1.0227919e+07   4.5227051e+01
   1.0227953e+07   6.7626953e+01
   1.0228007e+07   3.9672852e+01
   1.0233084e+07   4.3029785e+01
   1.0297897e+07   6.5490723e+01
   1.0297960e+07   4.7973633e+01
   1.0298005e+07   3.7658691e+01
   1.0298053e+07   5.6945801e+01
   1.0298598e+07   4.2785645e+01
   1.0299090e+07   3.9123535e+01
   1.0367789e+07   6.4392090e+01
   1.0367900e+07   4.5166016e+01
   1.0368927e+07   3.7597656e+01
   1.0370383e+07   4.2907715e+01
   1.0372530e+07   3.6926270e+01
   1.0372936e+07   3.8146973e+01
   1.0398500e+07   5.4565430e+01
   1.0398540e+07   4.4006348e+01
   1.0398573e+07   4.1931152e+01
   1.0398648e+07   3.9672852e+01
   1.0399094e+07   3.8879395e+01
   1.0399452e+07   3.6987305e+01
   1.0469445e+07   5.9448242e+01
   1.0469556e+07   5.1940918e+01
   1.0469578e+07   3.8024902e+01
   1.0469738e+07   5.9326172e+01
   1.0519514e+07   5.1574707e+01
   1.0519569e+07   3.8879395e+01
   1.0519596e+07   4.5959473e+01
   1.0519642e+07   3.7170410e+01
   1.0519678e+07   4.4006348e+01
   1.0519898e+07   4.0222168e+01
   1.0523981e+07   3.7658691e+01
   1.0544940e+07   5.0292969e+01
   1.0544985e+07   3.8940430e+01
   1.0545020e+07   4.5166016e+01
   1.0545113e+07   3.9184570e+01
   1.0545451e+07   3.8330078e+01
   1.0615279e+07   5.4565430e+01
   1.0615357e+07   3.7597656e+01
   1.0615468e+07   4.4860840e+01
   1.0616065e+07   4.3029785e+01
   1.0675939e+07   6.8542480e+01
   1.0675996e+07   4.1625977e+01
   1.0676068e+07   4.5410156e+01
   1.0676115e+07   3.9428711e+01
   1.0676234e+07   3.7231445e+01
   1.0676697e+07   4.2175293e+01
   1.0677178e+07   3.8635254e+01
   1.0735090e+07   4.2541504e+01
   1.0735126e+07   4.8156738e+01
   1.0735166e+07   4.7302246e+01
   1.0735273e+07   4.2480469e+01
   1.0735511e+07   4.5837402e+01
   1.0791082e+07   5.9326172e+01
   1.0791311e+07   4.9194336e+01
   1.0791342e+07   3.7963867e+01
   1.0791402e+07   3.7597656e+01
   1.0791447e+07   3.9611816e+01
   1.0791457e+07   3.8574219e+01
   1.0791619e+07   3.7658691e+01
   1.0792120e+07   3.6926270e+01
   1.0852188e+07   4.1320801e+01
   1.0852996e+07   4.9682617e+01
   1.0853059e+07   4.5715332e+01
   1.0853103e+07   5.3466797e+01
   1.0853161e+07   3.8574219e+01
   1.0853202e+07   4.4860840e+01
   1.1937157e+07   4.0466309e+01
   1.1937334e+07   7.9345703e+01
   1.1937482e+07   4.4738770e+01
   1.1937515e+07   4.2724609e+01
   1.1937611e+07   5.3039551e+01
   1.1937623e+07   4.3395996e+01
   1.1937716e+07   4.0649414e+01
   1.1937738e+07   5.6335449e+01
   1.1937913e+07   3.9794922e+01
   1.1938115e+07   4.1137695e+01
   1.1938435e+07   3.6926270e+01
   1.1961864e+07   3.8513184e+01
   1.1962012e+07   3.9733887e+01
   1.1964185e+07   3.7414551e+01
   1.1965265e+07   3.9245605e+01
   1.1967448e+07   3.7597656e+01
