   1.1996000e+07   0.0000000e+00
   5.7140500e+05   4.0710449e+01
   7.9083200e+05   3.9184570e+01
   9.8032300e+05   5.8410645e+01
   9.8036000e+05   4.3090820e+01
   9.8040800e+05   1.6784668e+02
   9.8043600e+05   4.5166016e+01
   9.8050600e+05   1.0992432e+02
   9.8058300e+05   4.1503906e+01
   9.8070500e+05   4.6020508e+01
   9.8082700e+05   3.8940430e+01
   9.8084900e+05   4.4067383e+01
   9.8101600e+05   6.1706543e+01
   9.8117500e+05   4.5288086e+01
   9.8123600e+05   4.2114258e+01
   9.8133900e+05   4.3945312e+01
   9.8156500e+05   4.0710449e+01
   9.8172600e+05   4.8339844e+01
   9.8183200e+05   4.4799805e+01
   9.8198800e+05   4.3762207e+01
   9.8207900e+05   4.1809082e+01
   9.8216500e+05   4.1259766e+01
   9.8235200e+05   3.8818359e+01
   9.8281000e+05   3.9184570e+01
   9.8283400e+05   4.1137695e+01
   9.8329800e+05   5.8532715e+01
   9.9734000e+05   4.0161133e+01
   1.0110180e+06   5.1452637e+01
   1.0110360e+06   4.7607422e+01
   1.0110480e+06   1.4337158e+02
   1.0111000e+06   4.7485352e+01
   1.0111280e+06   5.9814453e+01
   1.0111940e+06   6.2622070e+01
   1.0112730e+06   3.9062500e+01
   1.0115480e+06   4.1259766e+01
   1.0120930e+06   3.9428711e+01
   1.0125370e+06   4.1320801e+01
   1.0135830e+06   4.1198730e+01
   1.0137640e+06   4.0405273e+01
   1.0141210e+06   3.8940430e+01
   1.0150140e+06   4.2846680e+01
   1.6124460e+06   3.9428711e+01
   1.8645170e+06   4.4677734e+01
   1.8645370e+06   3.9672852e+01
   1.8645590e+06   4.0466309e+01
   1.8645790e+06   1.4312744e+02
   1.8646630e+06   5.7800293e+01
   1.8646810e+06   4.7363281e+01
   1.8647660e+06   5.2734375e+01
   1.8647890e+06   3.9855957e+01
   1.8648700e+06   4.2602539e+01
   1.8652570e+06   5.6518555e+01
   1.8654650e+06   5.7617188e+01
   1.8657960e+06   4.2846680e+01
   1.8665330e+06   4.2480469e+01
   1.8829060e+06   4.2602539e+01
   1.8948950e+06   3.9001465e+01
   1.8949990e+06   4.1931152e+01
   1.8950180e+06   1.3330078e+02
   1.8950410e+06   6.5002441e+01
   1.8950750e+06   6.2744141e+01
   1.8954410e+06   4.6325684e+01
   1.8956030e+06   3.8879395e+01
   1.8958710e+06   4.0039062e+01
   1.8969580e+06   3.8940430e+01
   1.8976370e+06   3.9123535e+01
   1.8991850e+06   4.7729492e+01
   1.9003230e+06   6.3293457e+01
   1.9240490e+06   3.9306641e+01
   1.9480180e+06   4.0710449e+01
   2.0041520e+06   3.9672852e+01
   2.0621220e+06   4.1564941e+01
   2.0729910e+06   4.0893555e+01
   2.0779740e+06   4.3884277e+01
   2.1986740e+06   3.8940430e+01
   2.2269850e+06   3.9611816e+01
   2.2393660e+06   4.1320801e+01
   2.5883880e+06   3.8818359e+01
   2.6044610e+06   4.6386719e+01
   2.7200720e+06   3.8879395e+01
   2.7422180e+06   4.0100098e+01
   2.7640050e+06   3.9550781e+01
   2.7641160e+06   3.9489746e+01
   2.8453030e+06   4.7790527e+01
   2.8453340e+06   4.4311523e+01
   2.8453630e+06   1.3861084e+02
   2.8454010e+06   5.6823730e+01
   2.8454330e+06   7.4768066e+01
   2.8454600e+06   4.1259766e+01
   2.8455410e+06   4.5593262e+01
   2.8456620e+06   4.3029785e+01
   2.8457260e+06   4.2114258e+01
   2.8457980e+06   7.0739746e+01
   2.8458910e+06   4.2053223e+01
   2.8460290e+06   5.2490234e+01
   2.8460740e+06   3.9428711e+01
   2.8462590e+06   4.3457031e+01
   2.8466600e+06   4.1320801e+01
   2.8469000e+06   4.1320801e+01
   2.8472610e+06   4.7729492e+01
   2.8652460e+06   3.9001465e+01
   2.8654370e+06   4.2846680e+01
   2.8766470e+06   4.3212891e+01
   2.8766600e+06   4.5104980e+01
   2.8766830e+06   1.4221191e+02
   2.8767470e+06   9.3505859e+01
   2.8768280e+06   7.0251465e+01
   2.8769000e+06   4.4921875e+01
   2.8770540e+06   3.9916992e+01
   2.8771990e+06   4.8339844e+01
   2.8783070e+06   4.1015625e+01
   2.8794770e+06   4.2297363e+01
   2.8810870e+06   7.6049805e+01
   2.9373260e+06   4.3029785e+01
   3.2118740e+06   4.1748047e+01
   3.2669800e+06   4.3090820e+01
   3.3795370e+06   3.9611816e+01
   3.6649770e+06   5.4626465e+01
   3.6650030e+06   4.9011230e+01
   3.6650300e+06   1.5893555e+02
   3.6650910e+06   6.7321777e+01
   3.6651240e+06   4.7546387e+01
   3.6651430e+06   5.2307129e+01
   3.6651990e+06   5.4260254e+01
   3.6655080e+06   4.6203613e+01
   3.6656080e+06   8.5144043e+01
   3.6656930e+06   4.1809082e+01
   3.6658660e+06   4.2297363e+01
   3.6660580e+06   4.6569824e+01
   3.6672940e+06   4.6936035e+01
   3.6679350e+06   4.5593262e+01
   3.6850680e+06   4.0527344e+01
   3.6851270e+06   4.0466309e+01
   3.6967830e+06   6.9213867e+01
   3.6968010e+06   1.3421631e+02
   3.6968310e+06   4.2663574e+01
   3.6968630e+06   6.3049316e+01
   3.6968980e+06   3.9367676e+01
   3.6969400e+06   3.9916992e+01
   3.6970360e+06   3.9245605e+01
   3.6970500e+06   4.1992188e+01
   3.6976570e+06   4.6142578e+01
   3.6983490e+06   3.9428711e+01
   3.6998740e+06   4.5837402e+01
   3.7015010e+06   5.6762695e+01
   4.6827530e+06   4.8217773e+01
   4.6827760e+06   4.2541504e+01
   4.6827910e+06   5.2001953e+01
   4.6828310e+06   1.4343262e+02
   4.6828620e+06   4.0222168e+01
   4.6829010e+06   4.8645020e+01
   4.6829110e+06   7.4890137e+01
   4.6829660e+06   4.7180176e+01
   4.6830100e+06   4.3334961e+01
   4.6830790e+06   4.6508789e+01
   4.6832060e+06   4.2541504e+01
   4.6833730e+06   4.5104980e+01
   4.6834200e+06   5.7434082e+01
   4.6836480e+06   5.1391602e+01
   4.6838200e+06   6.2622070e+01
   4.6843210e+06   5.0598145e+01
   4.6848920e+06   4.0222168e+01
   4.6850480e+06   4.2907715e+01
   4.6851270e+06   3.9367676e+01
   4.6855730e+06   4.3579102e+01
   4.6860190e+06   5.0659180e+01
   4.7010190e+06   4.0710449e+01
   4.7025470e+06   4.5654297e+01
   4.7044980e+06   3.9978027e+01
   4.7104580e+06   4.7790527e+01
   4.7104970e+06   1.3269043e+02
   4.7105340e+06   4.2297363e+01
   4.7105660e+06   4.3640137e+01
   4.7106740e+06   4.2297363e+01
   4.7107150e+06   4.3518066e+01
   4.7113440e+06   4.8156738e+01
   4.7118080e+06   4.9072266e+01
   4.7133500e+06   3.9245605e+01
   4.7138620e+06   4.4738770e+01
   4.7141040e+06   3.9550781e+01
   4.7142330e+06   4.4982910e+01
   4.7146200e+06   4.7302246e+01
   4.7151400e+06   5.1757812e+01
   4.8528870e+06   3.9367676e+01
   5.3655100e+06   5.9997559e+01
   5.3655220e+06   3.9611816e+01
   5.3655520e+06   1.4471436e+02
   5.3655950e+06   5.2124023e+01
   5.3656310e+06   7.4584961e+01
   5.3656450e+06   6.2255859e+01
   5.3656850e+06   4.5837402e+01
   5.3657060e+06   4.6020508e+01
   5.3658070e+06   5.9875488e+01
   5.3659480e+06   5.1818848e+01
   5.3660120e+06   4.4555664e+01
   5.3661590e+06   6.6467285e+01
   5.3663660e+06   4.1687012e+01
   5.3666250e+06   4.5532227e+01
   5.3666670e+06   4.0649414e+01
   5.3667960e+06   4.4799805e+01
   5.3669190e+06   4.3395996e+01
   5.3677330e+06   4.6264648e+01
   5.3681120e+06   4.4677734e+01
   5.3684940e+06   4.8889160e+01
   5.3687010e+06   5.3344727e+01
   5.4602400e+06   4.0588379e+01
   5.5022050e+06   4.2114258e+01
   5.5483070e+06   4.2541504e+01
   5.7369160e+06   4.0649414e+01
   5.9598980e+06   5.1757812e+01
   5.9599250e+06   5.3039551e+01
   5.9599530e+06   1.5814209e+02
   5.9600460e+06   9.8876953e+01
   5.9600980e+06   3.9916992e+01
   5.9601250e+06   3.9123535e+01
   5.9601600e+06   4.2907715e+01
   5.9603320e+06   4.0893555e+01
   5.9604580e+06   6.1401367e+01
   5.9606450e+06   4.4921875e+01
   5.9606560e+06   4.2968750e+01
   5.9611680e+06   4.1381836e+01
   5.9617290e+06   3.9184570e+01
   5.9619000e+06   4.7424316e+01
   5.9625090e+06   3.9794922e+01
   5.9626070e+06   4.1870117e+01
   5.9634580e+06   5.0659180e+01
   5.9638030e+06   4.7851562e+01
   5.9744700e+06   3.9489746e+01
   5.9754000e+06   3.9733887e+01
   5.9776110e+06   3.9184570e+01
   5.9906700e+06   4.9011230e+01
   5.9906920e+06   1.2280273e+02
   5.9907420e+06   7.3913574e+01
   5.9907540e+06   5.3466797e+01
   5.9908410e+06   4.7729492e+01
   5.9909890e+06   5.8959961e+01
   5.9911100e+06   4.0832520e+01
   5.9933900e+06   4.1015625e+01
   5.9938530e+06   3.9733887e+01
   6.0636360e+06   4.3701172e+01
   6.1173920e+06   3.8757324e+01
   6.2181180e+06   3.9978027e+01
   6.2460980e+06   4.0222168e+01
   6.2582260e+06   3.9001465e+01
   6.5954750e+06   4.7180176e+01
   6.5955170e+06   4.8767090e+01
   6.5955350e+06   1.4923096e+02
   6.5955700e+06   3.9855957e+01
   6.5955920e+06   3.9611816e+01
   6.5956310e+06   4.5959473e+01
   6.5956560e+06   7.5317383e+01
   6.5956780e+06   6.3842773e+01
   6.5959110e+06   5.0048828e+01
   6.5960660e+06   4.4433594e+01
   6.5961830e+06   5.2612305e+01
   6.5963870e+06   4.0405273e+01
   6.5983530e+06   4.2602539e+01
   6.6101740e+06   4.5288086e+01
   6.6108480e+06   3.9062500e+01
   6.6251870e+06   4.7058105e+01
   6.6252060e+06   1.3885498e+02
   6.6252620e+06   7.4035645e+01
   6.6252720e+06   4.1381836e+01
   6.6253150e+06   4.5104980e+01
   6.6253530e+06   3.8696289e+01
   6.6255330e+06   3.9672852e+01
   6.6256240e+06   3.9611816e+01
   6.6257160e+06   4.1992188e+01
   6.6257770e+06   4.0771484e+01
   6.6258450e+06   3.9245605e+01
   6.6259540e+06   4.9072266e+01
   6.6262870e+06   4.3151855e+01
   6.6267650e+06   4.1870117e+01
   6.6283480e+06   4.9743652e+01
   6.6286760e+06   4.0588379e+01
   6.7059590e+06   3.9306641e+01
   6.7353420e+06   3.9245605e+01
   6.8345080e+06   3.9855957e+01
   6.9031820e+06   4.2175293e+01
   6.9984510e+06   3.9550781e+01
   7.3107560e+06   4.2602539e+01
   7.3107780e+06   4.5349121e+01
   7.3108320e+06   1.2023926e+02
   7.3108600e+06   4.0161133e+01
   7.3108840e+06   5.6152344e+01
   7.3109130e+06   7.0373535e+01
   7.3109610e+06   4.1687012e+01
   7.3112710e+06   3.9489746e+01
   7.3113020e+06   4.1015625e+01
   7.3123850e+06   5.1940918e+01
   7.3139790e+06   4.0771484e+01
   7.3797970e+06   3.9306641e+01
   7.3985660e+06   3.9611816e+01
   7.7930370e+06   5.9936523e+01
   7.7930610e+06   5.2490234e+01
   7.7930770e+06   1.5301514e+02
   7.7931500e+06   6.5429688e+01
   7.7931730e+06   8.4533691e+01
   7.7932320e+06   4.7363281e+01
   7.7932680e+06   5.1208496e+01
   7.7933590e+06   4.0100098e+01
   7.7934040e+06   4.8889160e+01
   7.7934890e+06   4.3457031e+01
   7.7935480e+06   4.6875000e+01
   7.7937890e+06   6.7932129e+01
   7.7938110e+06   3.9184570e+01
   7.7939140e+06   4.0100098e+01
   7.7942110e+06   3.9733887e+01
   7.7943370e+06   4.2358398e+01
   7.7956240e+06   5.7067871e+01
   7.7958200e+06   5.2307129e+01
   7.7967350e+06   5.6213379e+01
   8.2706000e+06   3.8879395e+01
   8.3040230e+06   4.6386719e+01
   8.3040370e+06   4.5349121e+01
   8.3040670e+06   4.1442871e+01
   8.3040920e+06   1.6217041e+02
   8.3041240e+06   4.2602539e+01
   8.3041380e+06   4.9011230e+01
   8.3041660e+06   4.2175293e+01
   8.3041780e+06   4.0405273e+01
   8.3042050e+06   4.8034668e+01
   8.3042490e+06   5.5053711e+01
   8.3047120e+06   4.8522949e+01
   8.3055070e+06   4.1870117e+01
   8.3059130e+06   4.2968750e+01
   8.3061420e+06   5.0048828e+01
   8.3071760e+06   4.5410156e+01
   8.3203650e+06   5.0170898e+01
   8.3220380e+06   4.0649414e+01
   8.3363640e+06   5.7678223e+01
   8.3363910e+06   1.4801025e+02
   8.3364410e+06   5.6640625e+01
   8.3364580e+06   4.2053223e+01
   8.3365280e+06   4.0588379e+01
   8.3367650e+06   4.4494629e+01
   8.3369510e+06   5.6701660e+01
   8.3396490e+06   3.8879395e+01
   8.3398970e+06   4.5532227e+01
   8.4643920e+06   4.0466309e+01
   8.9127900e+06   4.0466309e+01
   9.0809980e+06   3.9245605e+01
   9.1070670e+06   4.8339844e+01
   9.1070960e+06   7.2814941e+01
   9.1071280e+06   1.6040039e+02
   9.1071570e+06   5.2062988e+01
   9.1071720e+06   4.0954590e+01
   9.1072200e+06   8.4106445e+01
   9.1072490e+06   5.6091309e+01
   9.1072740e+06   5.3955078e+01
   9.1073150e+06   4.2358398e+01
   9.1073620e+06   3.9001465e+01
   9.1076940e+06   6.0668945e+01
   9.1078830e+06   5.4809570e+01
   9.1080140e+06   4.4311523e+01
   9.1081470e+06   4.6752930e+01
   9.1082910e+06   4.1259766e+01
   9.1084830e+06   3.9916992e+01
   9.1087820e+06   4.4982910e+01
   9.1094040e+06   4.3212891e+01
   9.1099060e+06   5.0598145e+01
   9.1378030e+06   4.8461914e+01
   9.1378250e+06   1.4019775e+02
   9.1378670e+06   5.0231934e+01
   9.1378830e+06   5.3283691e+01
   9.1379130e+06   5.1940918e+01
   9.1379410e+06   5.9326172e+01
   9.1379780e+06   4.0771484e+01
   9.1381220e+06   3.8574219e+01
   9.1382880e+06   4.4860840e+01
   9.1384440e+06   3.9733887e+01
   9.1384770e+06   4.3334961e+01
   9.1401320e+06   4.1259766e+01
   9.1404270e+06   4.7668457e+01
   9.1408510e+06   4.2053223e+01
   9.1410040e+06   3.9184570e+01
   9.3043350e+06   4.1748047e+01
   9.3402590e+06   4.0039062e+01
   9.5421840e+06   4.1259766e+01
   9.7113880e+06   4.0893555e+01
   9.8619700e+06   3.8818359e+01
   9.8815690e+06   4.0588379e+01
   9.9629320e+06   3.8879395e+01
   9.9651470e+06   5.2795410e+01
   9.9652010e+06   1.6577148e+02
   9.9652310e+06   4.2785645e+01
   9.9652420e+06   4.3701172e+01
   9.9652730e+06   3.9489746e+01
   9.9653090e+06   6.6772461e+01
   9.9653290e+06   3.8879395e+01
   9.9654380e+06   4.7058105e+01
   9.9655840e+06   4.3701172e+01
   9.9657390e+06   5.3588867e+01
   9.9659680e+06   4.4738770e+01
   9.9661050e+06   4.0527344e+01
   9.9663690e+06   4.5410156e+01
   9.9665060e+06   4.9560547e+01
   9.9668200e+06   4.1992188e+01
   9.9673650e+06   3.9062500e+01
   9.9693840e+06   4.9621582e+01
   9.9810860e+06   5.0170898e+01
   9.9811280e+06   1.3714600e+02
   9.9811430e+06   4.2175293e+01
   9.9811970e+06   5.3894043e+01
   9.9812220e+06   4.7424316e+01
   9.9813120e+06   4.3579102e+01
   9.9814400e+06   3.9855957e+01
   9.9818880e+06   3.9489746e+01
   1.0055135e+07   4.1076660e+01
   1.0097550e+07   4.3945312e+01
   1.0097565e+07   1.6876221e+02
   1.0097604e+07   5.5114746e+01
   1.0097630e+07   7.2204590e+01
   1.0097664e+07   4.0405273e+01
   1.0097682e+07   5.4931641e+01
   1.0097729e+07   4.4189453e+01
   1.0097742e+07   4.5471191e+01
   1.0097914e+07   5.5541992e+01
   1.0098218e+07   5.0659180e+01
   1.0098937e+07   3.9916992e+01
   1.0099255e+07   4.2297363e+01
   1.0099429e+07   4.0405273e+01
   1.0100051e+07   4.4372559e+01
   1.0100103e+07   4.9682617e+01
   1.0100358e+07   4.9560547e+01
   1.0101367e+07   5.3955078e+01
   1.0157762e+07   3.9184570e+01
   1.0161919e+07   5.2612305e+01
   1.0161943e+07   1.4361572e+02
   1.0161976e+07   4.5959473e+01
   1.0162008e+07   5.2124023e+01
   1.0162064e+07   5.9753418e+01
   1.0162086e+07   3.8757324e+01
   1.0162146e+07   3.9672852e+01
   1.0162158e+07   4.2419434e+01
   1.0162259e+07   3.8818359e+01
   1.0162288e+07   4.0588379e+01
   1.0162887e+07   5.1513672e+01
   1.0163152e+07   4.0832520e+01
   1.0163266e+07   3.8574219e+01
   1.0163891e+07   4.1625977e+01
   1.0164339e+07   3.9550781e+01
   1.0164806e+07   4.0893555e+01
   1.0201112e+07   1.2664795e+02
   1.0201140e+07   3.9123535e+01
   1.0201157e+07   7.1716309e+01
   1.0201191e+07   7.1472168e+01
   1.0201225e+07   4.5837402e+01
   1.0201315e+07   4.6386719e+01
   1.0201329e+07   4.6447754e+01
   1.0201402e+07   3.9550781e+01
   1.0201493e+07   4.0771484e+01
   1.0201593e+07   4.8339844e+01
   1.0201643e+07   4.3518066e+01
   1.0201830e+07   3.9184570e+01
   1.0201862e+07   3.9855957e+01
   1.0202065e+07   4.0100098e+01
   1.0203059e+07   3.8879395e+01
   1.0203243e+07   4.4006348e+01
   1.0204254e+07   3.9245605e+01
   1.0227817e+07   1.3116455e+02
   1.0227846e+07   1.1248779e+02
   1.0227873e+07   4.5349121e+01
   1.0227892e+07   4.3212891e+01
   1.0227925e+07   4.6630859e+01
   1.0227979e+07   4.3945312e+01
   1.0228008e+07   4.1748047e+01
   1.0228029e+07   3.9916992e+01
   1.0228363e+07   3.8818359e+01
   1.0228650e+07   3.9062500e+01
   1.0228988e+07   4.1259766e+01
   1.0229255e+07   3.9184570e+01
   1.0230944e+07   3.9062500e+01
   1.0231435e+07   5.2062988e+01
   1.0231540e+07   4.5288086e+01
   1.0297907e+07   5.3100586e+01
   1.0297925e+07   1.1700439e+02
   1.0297943e+07   4.5532227e+01
   1.0297957e+07   4.1503906e+01
   1.0298003e+07   4.6936035e+01
   1.0298016e+07   4.5349121e+01
   1.0298044e+07   4.2419434e+01
   1.0298109e+07   4.3457031e+01
   1.0298192e+07   5.0231934e+01
   1.0298426e+07   3.9489746e+01
   1.0299175e+07   4.1320801e+01
   1.0300844e+07   4.3518066e+01
   1.0302095e+07   6.6589355e+01
   1.0366739e+07   3.9855957e+01
   1.0367777e+07   4.3823242e+01
   1.0367795e+07   5.2001953e+01
   1.0367849e+07   1.2341309e+02
   1.0367870e+07   4.6447754e+01
   1.0367910e+07   5.4077148e+01
   1.0367964e+07   6.5734863e+01
   1.0367993e+07   4.0405273e+01
   1.0368633e+07   4.2724609e+01
   1.0369737e+07   4.0039062e+01
   1.0371744e+07   4.7119141e+01
   1.0372333e+07   7.0190430e+01
   1.0398416e+07   1.3177490e+02
   1.0398443e+07   4.1259766e+01
   1.0398459e+07   5.3833008e+01
   1.0398480e+07   4.4311523e+01
   1.0398496e+07   4.6203613e+01
   1.0398517e+07   5.0170898e+01
   1.0398584e+07   3.9794922e+01
   1.0398620e+07   4.8400879e+01
   1.0398709e+07   4.7058105e+01
   1.0398735e+07   4.4799805e+01
   1.0398782e+07   3.9794922e+01
   1.0399496e+07   3.9001465e+01
   1.0399542e+07   4.0344238e+01
   1.0399697e+07   4.5837402e+01
   1.0399748e+07   3.9184570e+01
   1.0399890e+07   4.0588379e+01
   1.0400121e+07   3.9123535e+01
   1.0402410e+07   4.1809082e+01
   1.0435164e+07   3.8757324e+01
   1.0469326e+07   4.0771484e+01
   1.0469395e+07   4.3273926e+01
   1.0469528e+07   1.4874268e+02
   1.0469541e+07   7.0922852e+01
   1.0469572e+07   3.9062500e+01
   1.0469626e+07   5.7983398e+01
   1.0469648e+07   5.5725098e+01
   1.0469765e+07   5.4565430e+01
   1.0469844e+07   4.2419434e+01
   1.0469857e+07   4.3395996e+01
   1.0470005e+07   4.4860840e+01
   1.0470313e+07   4.3701172e+01
   1.0470461e+07   4.7119141e+01
   1.0471085e+07   3.9001465e+01
   1.0472635e+07   4.1503906e+01
   1.0519396e+07   4.2419434e+01
   1.0519433e+07   1.3067627e+02
   1.0519453e+07   4.1992188e+01
   1.0519487e+07   4.4189453e+01
   1.0519516e+07   7.8552246e+01
   1.0519555e+07   3.9123535e+01
   1.0519606e+07   5.4138184e+01
   1.0519662e+07   4.2907715e+01
   1.0519832e+07   4.0527344e+01
   1.0520044e+07   3.8879395e+01
   1.0520213e+07   4.5043945e+01
   1.0520460e+07   4.3395996e+01
   1.0521226e+07   3.8757324e+01
   1.0544824e+07   1.3037109e+02
   1.0544880e+07   3.9733887e+01
   1.0544908e+07   6.5979004e+01
   1.0544935e+07   4.7302246e+01
   1.0544947e+07   4.8156738e+01
   1.0545152e+07   4.4433594e+01
   1.0545201e+07   4.0100098e+01
   1.0545226e+07   4.6081543e+01
   1.0545303e+07   4.7729492e+01
   1.0545369e+07   4.0222168e+01
   1.0545508e+07   4.2114258e+01
   1.0546124e+07   4.0954590e+01
   1.0546782e+07   4.5776367e+01
   1.0547351e+07   3.9672852e+01
   1.0547793e+07   3.9001465e+01
   1.0548511e+07   4.8278809e+01
   1.0615050e+07   4.4128418e+01
   1.0615218e+07   4.5959473e+01
   1.0615248e+07   4.8828125e+01
   1.0615276e+07   4.8767090e+01
   1.0615333e+07   6.1035156e+01
   1.0615357e+07   4.0344238e+01
   1.0615407e+07   4.3090820e+01
   1.0615465e+07   5.9326172e+01
   1.0615493e+07   3.8513184e+01
   1.0615619e+07   4.0649414e+01
   1.0615851e+07   3.9489746e+01
   1.0616287e+07   3.9306641e+01
   1.0616702e+07   3.9672852e+01
   1.0617235e+07   3.9306641e+01
   1.0618559e+07   4.3518066e+01
   1.0675317e+07   4.7180176e+01
   1.0675520e+07   4.0954590e+01
   1.0675709e+07   4.4128418e+01
   1.0675900e+07   3.9611816e+01
   1.0675934e+07   1.2268066e+02
   1.0675958e+07   4.9194336e+01
   1.0676014e+07   5.4870605e+01
   1.0676039e+07   4.1870117e+01
   1.0676173e+07   4.0649414e+01
   1.0676210e+07   3.9123535e+01
   1.0676378e+07   3.9733887e+01
   1.0676532e+07   3.9489746e+01
   1.0677104e+07   3.9733887e+01
   1.0677295e+07   3.8574219e+01
   1.0678027e+07   5.5297852e+01
   1.0679432e+07   6.3171387e+01
   1.0679445e+07   4.4494629e+01
   1.0679814e+07   4.1320801e+01
   1.0734039e+07   4.1137695e+01
   1.0734479e+07   4.4677734e+01
   1.0735041e+07   3.9978027e+01
   1.0735074e+07   4.1687012e+01
   1.0735095e+07   9.4604492e+01
   1.0735116e+07   3.9550781e+01
   1.0735186e+07   5.7495117e+01
   1.0735213e+07   4.5410156e+01
   1.0735459e+07   4.0588379e+01
   1.0735698e+07   3.9855957e+01
   1.0736648e+07   4.5288086e+01
   1.0736914e+07   4.0344238e+01
   1.0737581e+07   5.7861328e+01
   1.0738192e+07   4.4372559e+01
   1.0790029e+07   4.0039062e+01
   1.0791294e+07   7.3913574e+01
   1.0791307e+07   6.1096191e+01
   1.0791385e+07   4.1381836e+01
   1.0791396e+07   9.5703125e+01
   1.0791443e+07   3.9001465e+01
   1.0791471e+07   4.0893555e+01
   1.0791502e+07   4.6813965e+01
   1.0791551e+07   4.2663574e+01
   1.0791628e+07   4.2114258e+01
   1.0791690e+07   4.4433594e+01
   1.0791769e+07   3.9794922e+01
   1.0792380e+07   3.9611816e+01
   1.0793003e+07   3.9855957e+01
   1.0793079e+07   4.1992188e+01
   1.0793415e+07   4.0710449e+01
   1.0793454e+07   3.8574219e+01
   1.0794226e+07   4.0344238e+01
   1.0794627e+07   4.4250488e+01
   1.0853041e+07   4.4677734e+01
   1.0853060e+07   1.5942383e+02
   1.0853073e+07   5.0903320e+01
   1.0853147e+07   4.9987793e+01
   1.0853164e+07   5.5236816e+01
   1.0853207e+07   3.9306641e+01
   1.0853290e+07   4.1320801e+01
   1.0853384e+07   3.9123535e+01
   1.0853574e+07   4.1870117e+01
   1.0853893e+07   3.9855957e+01
   1.0854145e+07   3.9123535e+01
   1.0854198e+07   4.0527344e+01
   1.0854699e+07   4.2602539e+01
   1.0854862e+07   4.3029785e+01
   1.0855106e+07   4.1992188e+01
   1.0855238e+07   3.8757324e+01
   1.0855294e+07   3.9855957e+01
   1.0855518e+07   4.2297363e+01
   1.0855574e+07   4.4006348e+01
   1.0855731e+07   3.9733887e+01
   1.1705581e+07   3.9123535e+01
   1.1937493e+07   4.4921875e+01
   1.1937538e+07   4.7180176e+01
   1.1937558e+07   1.5301514e+02
   1.1937622e+07   4.7058105e+01
   1.1937677e+07   9.1918945e+01
   1.1937700e+07   4.7363281e+01
   1.1937777e+07   4.1320801e+01
   1.1937792e+07   4.6142578e+01
   1.1937905e+07   4.6813965e+01
   1.1938089e+07   5.1635742e+01
   1.1938296e+07   3.9184570e+01
   1.1938340e+07   4.1625977e+01
   1.1939067e+07   4.1503906e+01
   1.1939469e+07   4.2114258e+01
   1.1939750e+07   3.9489746e+01
   1.1939972e+07   3.8513184e+01
