   1.1996000e+07   0.0000000e+00
   2.0756000e+04   3.5156250e+01
   2.0827000e+04   3.6560059e+01
   2.0900000e+04   3.3630371e+01
   9.1362000e+04   3.3386230e+01
   9.1401000e+04   3.7902832e+01
   9.1428000e+04   3.3020020e+01
   9.1496000e+04   3.4790039e+01
   1.8109400e+05   3.4423828e+01
   2.3750600e+05   3.4667969e+01
   2.3757100e+05   3.5400391e+01
   2.3772100e+05   4.0405273e+01
   2.3779000e+05   3.3325195e+01
   2.3785000e+05   3.2958984e+01
   3.0192000e+05   3.2958984e+01
   3.0200400e+05   4.1076660e+01
   3.0206400e+05   3.4851074e+01
   3.0212400e+05   3.2775879e+01
   3.0246600e+05   3.3752441e+01
   4.2196800e+05   3.3081055e+01
   4.7062100e+05   3.3264160e+01
   8.0439800e+05   3.4790039e+01
   8.0444800e+05   3.8574219e+01
   8.0447900e+05   5.4504395e+01
   8.0453800e+05   3.3813477e+01
   9.5157600e+05   3.3630371e+01
   9.5163300e+05   4.3395996e+01
   9.5165100e+05   3.6560059e+01
   1.2636340e+06   3.6743164e+01
   1.6886490e+06   3.5827637e+01
   1.6887760e+06   3.7170410e+01
   1.6893990e+06   3.2897949e+01
   1.6902640e+06   3.5217285e+01
   1.7707860e+06   3.3996582e+01
   2.1745020e+06   3.5644531e+01
   2.1745620e+06   4.1503906e+01
   2.1746630e+06   3.4851074e+01
   2.1749220e+06   3.5034180e+01
   2.1749560e+06   3.5888672e+01
   2.1761520e+06   3.3813477e+01
   2.4231310e+06   3.6743164e+01
   2.4231580e+06   3.7658691e+01
   2.4232160e+06   3.7780762e+01
   2.4232960e+06   3.4973145e+01
   2.4233630e+06   4.3090820e+01
   2.6843780e+06   3.7353516e+01
   2.6846930e+06   3.4179688e+01
   2.6858310e+06   3.2897949e+01
   2.7985510e+06   3.4423828e+01
   2.7985770e+06   3.7475586e+01
   2.7986060e+06   3.5339355e+01
   2.7986290e+06   3.5156250e+01
   2.8801200e+06   3.7841797e+01
   2.8801430e+06   3.2897949e+01
   2.8801620e+06   4.9377441e+01
   2.8801810e+06   3.8635254e+01
   2.8802160e+06   4.3640137e+01
   2.8803160e+06   3.5522461e+01
   2.8809660e+06   3.3935547e+01
   2.9006750e+06   3.3142090e+01
   2.9007640e+06   3.4057617e+01
   2.9007880e+06   3.2775879e+01
   2.9012420e+06   3.4179688e+01
   2.9012900e+06   3.3569336e+01
   2.9016410e+06   3.2958984e+01
   2.9214720e+06   3.3020020e+01
   2.9215380e+06   3.5461426e+01
   2.9215960e+06   3.4057617e+01
   2.9218640e+06   3.7048340e+01
   2.9385720e+06   5.0109863e+01
   2.9386740e+06   3.6560059e+01
   2.9543600e+06   3.4362793e+01
   2.9544670e+06   3.3386230e+01
   2.9545560e+06   3.3264160e+01
   2.9787590e+06   3.5522461e+01
   2.9870050e+06   3.3874512e+01
   2.9983500e+06   3.2897949e+01
   3.0150780e+06   3.3813477e+01
   3.0151610e+06   3.3508301e+01
   3.0151710e+06   3.2470703e+01
   3.0152020e+06   3.3020020e+01
   3.0327810e+06   3.3752441e+01
   3.0329510e+06   3.4301758e+01
   3.0332220e+06   3.4240723e+01
   3.0506490e+06   3.3813477e+01
   3.0594370e+06   3.5949707e+01
   3.0657560e+06   3.3935547e+01
   3.8301160e+06   4.4738770e+01
   3.8301640e+06   3.2958984e+01
   3.8301860e+06   3.7719727e+01
   3.8309940e+06   3.2348633e+01
   3.8320360e+06   3.3813477e+01
   3.8847110e+06   3.3996582e+01
   3.9186080e+06   3.3203125e+01
   3.9187350e+06   3.2897949e+01
   3.9187680e+06   3.2775879e+01
   3.9188400e+06   3.3874512e+01
   3.9213180e+06   3.4301758e+01
   4.2209190e+06   3.6682129e+01
   4.2841640e+06   3.2531738e+01
   4.2842290e+06   3.4240723e+01
   4.2842490e+06   3.2653809e+01
   4.2842810e+06   4.3212891e+01
   4.2844080e+06   3.3996582e+01
   4.2845590e+06   3.2836914e+01
   4.3377700e+06   4.1198730e+01
   4.3378030e+06   3.8330078e+01
   4.3378140e+06   3.3874512e+01
   4.3378430e+06   3.3752441e+01
   4.3379660e+06   3.2470703e+01
   4.3380060e+06   3.3691406e+01
   4.3749340e+06   3.6682129e+01
   4.3749470e+06   3.8024902e+01
   4.3749890e+06   3.4057617e+01
   4.3975820e+06   3.5888672e+01
   4.3975990e+06   3.3447266e+01
   4.4164760e+06   3.2653809e+01
   4.4351060e+06   3.3142090e+01
   4.4351220e+06   3.5522461e+01
   4.4352190e+06   3.8574219e+01
   4.4352750e+06   3.6682129e+01
   4.4353530e+06   3.3935547e+01
   4.4354040e+06   3.6804199e+01
   4.4540400e+06   3.2348633e+01
   4.4542980e+06   3.6254883e+01
   4.4548990e+06   3.7109375e+01
   4.4799420e+06   4.7790527e+01
   4.4800840e+06   3.3142090e+01
   4.5021830e+06   3.6071777e+01
   4.5022610e+06   3.2653809e+01
   4.5193050e+06   3.4240723e+01
   4.5193630e+06   3.2531738e+01
   4.5424060e+06   3.2531738e+01
   4.5425760e+06   3.2592773e+01
   4.5426190e+06   3.2653809e+01
   4.5618730e+06   3.4057617e+01
   4.5620000e+06   3.3691406e+01
   4.5621030e+06   3.5766602e+01
   4.5831610e+06   3.3142090e+01
   4.5832000e+06   3.5156250e+01
   4.6236040e+06   3.3203125e+01
   4.6469680e+06   3.8391113e+01
   4.6471860e+06   3.5400391e+01
   4.8396100e+06   3.2836914e+01
   5.0134370e+06   3.3569336e+01
   5.2684470e+06   3.3508301e+01
   5.2882260e+06   3.4851074e+01
   5.2884930e+06   3.4667969e+01
   5.2895420e+06   3.3020020e+01
   5.7404260e+06   3.9306641e+01
   5.7404700e+06   3.3752441e+01
   5.7405460e+06   4.4555664e+01
   5.7406900e+06   3.3325195e+01
   5.7407240e+06   4.0649414e+01
   5.7412800e+06   3.3691406e+01
   5.8001570e+06   3.2714844e+01
   6.0070420e+06   3.5034180e+01
   6.0070990e+06   4.6936035e+01
   6.0071330e+06   3.7475586e+01
   6.0071600e+06   3.5461426e+01
   6.0071760e+06   3.6987305e+01
   6.0073130e+06   3.9855957e+01
   6.1881630e+06   3.7658691e+01
   6.1881880e+06   3.3020020e+01
   6.1884070e+06   4.2724609e+01
   6.1884410e+06   3.3081055e+01
   6.1884840e+06   3.4606934e+01
   6.2681050e+06   3.3630371e+01
   6.2681430e+06   3.8635254e+01
   6.2681680e+06   3.2897949e+01
   6.3205180e+06   3.9245605e+01
   6.3386580e+06   3.5705566e+01
   6.3387260e+06   3.3386230e+01
   6.3389200e+06   3.3386230e+01
   6.3396790e+06   3.3386230e+01
   6.3546090e+06   3.5461426e+01
   6.3549500e+06   3.5766602e+01
   6.3549980e+06   3.7109375e+01
   6.3894930e+06   3.3020020e+01
   6.3895910e+06   3.3325195e+01
   6.3896560e+06   3.3447266e+01
   6.3900610e+06   3.4667969e+01
   6.4038520e+06   3.4301758e+01
   6.4039150e+06   3.6682129e+01
   6.4040700e+06   4.3518066e+01
   6.4196570e+06   3.4851074e+01
   6.4197660e+06   3.3630371e+01
   6.4198400e+06   3.9489746e+01
   6.4198780e+06   3.4423828e+01
   6.4359040e+06   3.4057617e+01
   6.4553460e+06   3.5949707e+01
   6.4794650e+06   3.3996582e+01
   6.4797250e+06   3.4790039e+01
   6.4955550e+06   3.4851074e+01
   6.5162470e+06   3.4179688e+01
   6.5163270e+06   3.6743164e+01
   6.5163520e+06   3.8452148e+01
   6.5164940e+06   3.4912109e+01
   6.5174690e+06   3.4545898e+01
   6.7257450e+06   3.4118652e+01
   7.3298570e+06   3.3447266e+01
   7.3301780e+06   3.7292480e+01
   7.4564430e+06   3.3752441e+01
   7.4564770e+06   3.8757324e+01
   7.4565690e+06   3.3996582e+01
   7.6629640e+06   3.4118652e+01
   7.6631550e+06   3.3386230e+01
   7.6632810e+06   3.3386230e+01
   7.6633030e+06   3.3935547e+01
   7.6633550e+06   4.1625977e+01
   7.8599730e+06   3.9550781e+01
   7.8600060e+06   3.7475586e+01
   7.8600220e+06   3.4423828e+01
   7.8600870e+06   3.3081055e+01
   7.8602840e+06   3.2836914e+01
   8.0160280e+06   4.4494629e+01
   8.0160520e+06   4.6936035e+01
   8.0160650e+06   4.3640137e+01
   8.0161390e+06   3.6865234e+01
   8.0162210e+06   3.4545898e+01
   8.0162480e+06   3.3325195e+01
   8.0164600e+06   3.4790039e+01
   8.1558120e+06   3.8879395e+01
   8.1558450e+06   3.3264160e+01
   8.1559160e+06   3.5705566e+01
   8.1560030e+06   3.2958984e+01
   8.1560240e+06   3.8269043e+01
   8.1562540e+06   3.3325195e+01
   8.1565210e+06   3.6743164e+01
   8.3264270e+06   3.2836914e+01
   8.3265580e+06   3.4179688e+01
   8.3266410e+06   3.3386230e+01
   8.3289680e+06   3.3691406e+01
   8.4704880e+06   3.3081055e+01
   8.4706060e+06   3.5583496e+01
   8.5634840e+06   3.3569336e+01
   8.5635590e+06   4.2053223e+01
   8.5635750e+06   3.3691406e+01
   8.5636440e+06   4.0161133e+01
   8.5645710e+06   3.6071777e+01
   8.6857910e+06   3.3935547e+01
   8.6858810e+06   3.3508301e+01
   8.6860600e+06   3.3386230e+01
   8.7569040e+06   3.5644531e+01
   8.7581770e+06   3.3630371e+01
   8.8057950e+06   4.6020508e+01
   8.8058650e+06   3.3142090e+01
   8.8059170e+06   3.9489746e+01
   8.8059270e+06   3.5522461e+01
   8.8060090e+06   4.1870117e+01
   8.8061210e+06   3.4301758e+01
   8.8321980e+06   3.3752441e+01
   8.8322800e+06   4.0100098e+01
   8.8322940e+06   3.5339355e+01
   8.8323810e+06   3.3325195e+01
   9.0763910e+06   3.5461426e+01
   9.1169110e+06   3.3203125e+01
   9.3850360e+06   3.3386230e+01
   9.3851220e+06   4.1259766e+01
   9.3851870e+06   3.3752441e+01
   9.3852180e+06   3.4118652e+01
   9.3852360e+06   3.9489746e+01
   9.3852630e+06   3.2836914e+01
   9.3852940e+06   4.0893555e+01
   9.3854100e+06   4.1687012e+01
   9.4746590e+06   3.3874512e+01
   9.7646760e+06   3.3020020e+01
   9.7857460e+06   3.3264160e+01
   9.7857600e+06   3.7292480e+01
   9.7858520e+06   4.0771484e+01
   9.7858910e+06   3.7475586e+01
   9.7859310e+06   3.4667969e+01
   9.9241480e+06   3.3081055e+01
   9.9243390e+06   3.7475586e+01
   9.9243720e+06   3.3264160e+01
   1.0010048e+07   3.3447266e+01
   1.0010085e+07   5.0231934e+01
   1.0010131e+07   3.7902832e+01
   1.0010179e+07   3.6682129e+01
   1.0010205e+07   3.5278320e+01
   1.0010236e+07   3.3386230e+01
   1.0010311e+07   3.3020020e+01
   1.0013735e+07   3.2958984e+01
   1.0125069e+07   3.4423828e+01
   1.0125142e+07   3.8513184e+01
   1.0125257e+07   3.2836914e+01
   1.0126032e+07   3.2897949e+01
   1.0734049e+07   3.5461426e+01
   1.0734086e+07   3.5888672e+01
   1.0734199e+07   4.4067383e+01
   1.0734343e+07   3.5400391e+01
   1.1047775e+07   3.9611816e+01
   1.1047863e+07   3.7719727e+01
   1.1047931e+07   3.4118652e+01
   1.1249611e+07   3.6499023e+01
   1.1249830e+07   3.3569336e+01
   1.1315527e+07   3.4912109e+01
   1.1365962e+07   3.7963867e+01
   1.1366031e+07   3.8269043e+01
   1.1366119e+07   3.3996582e+01
   1.1366281e+07   3.3325195e+01
   1.1406124e+07   3.6560059e+01
   1.1406248e+07   4.1442871e+01
   1.1406382e+07   3.3020020e+01
   1.1426831e+07   3.7475586e+01
   1.1426925e+07   3.7170410e+01
   1.1428086e+07   3.3752441e+01
   1.1453447e+07   3.3203125e+01
   1.1465732e+07   3.3813477e+01
   1.1465892e+07   4.0649414e+01
   1.1481154e+07   3.3813477e+01
   1.1481215e+07   3.7841797e+01
   1.1481728e+07   3.4729004e+01
   1.1494733e+07   3.3691406e+01
   1.1509150e+07   3.5766602e+01
   1.1524936e+07   3.4362793e+01
   1.1525096e+07   3.3569336e+01
   1.1525131e+07   3.5278320e+01
   1.1525155e+07   3.3630371e+01
   1.1540622e+07   3.9794922e+01
