   1.1996000e+07   0.0000000e+00
   4.0980000e+04   5.6030273e+01
   8.2390000e+04   5.6640625e+01
   1.3714900e+05   4.6386719e+01
   2.0835800e+05   5.1452637e+01
   2.3608500e+05   1.1230469e+02
   2.3612500e+05   4.1564941e+01
   2.3622600e+05   8.4228516e+01
   2.3624600e+05   4.4921875e+01
   2.3627100e+05   6.9396973e+01
   2.3636200e+05   7.3608398e+01
   2.3638300e+05   4.0466309e+01
   2.3641100e+05   4.0100098e+01
   2.3644200e+05   4.7424316e+01
   2.3646500e+05   1.4294434e+02
   2.3648100e+05   4.4982910e+01
   2.3651600e+05   4.1442871e+01
   2.4094800e+05   5.0781250e+01
   2.4699100e+05   5.3344727e+01
   2.4700400e+05   4.4738770e+01
   2.4702600e+05   1.4062500e+02
   2.4704000e+05   4.9804688e+01
   2.4706100e+05   5.2795410e+01
   2.4708500e+05   4.5715332e+01
   2.4711100e+05   6.2866211e+01
   2.4716100e+05   4.3029785e+01
   2.4719600e+05   1.0406494e+02
   2.4720700e+05   5.2978516e+01
   2.4726100e+05   4.7302246e+01
   2.4727400e+05   3.9672852e+01
   2.4738600e+05   4.1748047e+01
   2.4752200e+05   4.0832520e+01
   2.4766700e+05   4.9804688e+01
   2.4794000e+05   5.9509277e+01
   2.4818000e+05   4.4067383e+01
   2.4842800e+05   3.9672852e+01
   2.4860400e+05   3.9978027e+01
   2.4869400e+05   4.5959473e+01
   2.4899800e+05   5.8898926e+01
   2.4916600e+05   5.5541992e+01
   2.4930700e+05   4.4494629e+01
   2.4934100e+05   4.7790527e+01
   2.4951300e+05   1.2884521e+02
   2.4965300e+05   6.6040039e+01
   2.4980800e+05   6.8786621e+01
   2.4997000e+05   6.8115234e+01
   2.5019400e+05   5.9387207e+01
   2.5029900e+05   6.3232422e+01
   2.5052700e+05   5.9387207e+01
   2.5073000e+05   4.0893555e+01
   2.5090600e+05   9.2224121e+01
   2.5111000e+05   8.4228516e+01
   2.5134500e+05   8.1237793e+01
   2.5155200e+05   1.0308838e+02
   2.5180800e+05   8.8439941e+01
   2.5208100e+05   6.6223145e+01
   2.5236400e+05   1.0205078e+02
   2.5267100e+05   8.2702637e+01
   2.5372600e+05   4.0222168e+01
   2.8579800e+05   1.2310791e+02
   2.8584600e+05   6.0485840e+01
   2.8653100e+05   1.1608887e+02
   2.9275600e+05   1.1236572e+02
   2.9562100e+05   6.3659668e+01
   2.9664500e+05   5.0109863e+01
   3.1008600e+05   1.2133789e+02
   3.1014900e+05   7.2265625e+01
   3.1299100e+05   5.1513672e+01
   3.1372400e+05   6.0607910e+01
   3.1429200e+05   6.3476562e+01
   3.1481200e+05   5.2368164e+01
   3.2875200e+05   1.1694336e+02
   3.2880600e+05   5.9204102e+01
   3.3107400e+05   1.2542725e+02
   3.3339500e+05   1.1761475e+02
   3.3467100e+05   1.0089111e+02
   3.3661100e+05   5.6274414e+01
   3.3682900e+05   4.9926758e+01
   3.3749000e+05   6.2316895e+01
   3.4164100e+05   5.6640625e+01
   3.6816100e+05   4.5410156e+01
   3.6961000e+05   4.7668457e+01
   3.6999500e+05   5.9814453e+01
   3.9626400e+05   5.8715820e+01
   3.9685700e+05   6.4392090e+01
   4.2117400e+05   4.3273926e+01
   4.4781900e+05   6.1767578e+01
   4.6841000e+05   1.0668945e+02
   4.6845400e+05   5.4199219e+01
   4.6861500e+05   1.1016846e+02
   4.6863600e+05   5.5725098e+01
   4.6867500e+05   4.4738770e+01
   4.6872200e+05   4.1748047e+01
   4.6874200e+05   3.9855957e+01
   4.6877700e+05   3.9855957e+01
   4.6879900e+05   4.0771484e+01
   4.6882200e+05   4.4982910e+01
   4.6883300e+05   6.2011719e+01
   4.6886600e+05   9.2895508e+01
   4.6888100e+05   4.6630859e+01
   4.6894600e+05   4.4677734e+01
   4.6896400e+05   4.5104980e+01
   4.7322000e+05   4.9316406e+01
   4.7337400e+05   4.5349121e+01
   5.1294000e+05   9.7839355e+01
   5.1298200e+05   4.6203613e+01
   5.1311200e+05   1.0229492e+02
   5.1314000e+05   6.4331055e+01
   5.1315100e+05   5.0964355e+01
   5.1317600e+05   4.5776367e+01
   5.1319500e+05   4.8828125e+01
   5.1324500e+05   7.0190430e+01
   5.1329800e+05   4.5593262e+01
   5.1331600e+05   9.0087891e+01
   5.1335000e+05   8.4716797e+01
   5.1336700e+05   4.8400879e+01
   5.1340200e+05   4.8522949e+01
   5.1351100e+05   7.8979492e+01
   5.1544300e+05   4.6142578e+01
   5.1858200e+05   4.9682617e+01
   5.4567500e+05   1.0852051e+02
   5.4572500e+05   5.6091309e+01
   5.4928800e+05   1.0742188e+02
   5.5093400e+05   9.9060059e+01
   5.5241100e+05   1.1029053e+02
   5.5402300e+05   1.1468506e+02
   5.5500400e+05   1.1083984e+02
   5.5708000e+05   1.1602783e+02
   5.5888800e+05   1.2182617e+02
   5.6002200e+05   1.0272217e+02
   5.6164000e+05   1.2451172e+02
   5.7166600e+05   5.0964355e+01
   5.7350800e+05   5.7006836e+01
   5.7417100e+05   4.9743652e+01
   5.8485000e+05   1.2872314e+02
   5.8489600e+05   6.7993164e+01
   5.8710000e+05   9.8449707e+01
   5.8899900e+05   1.0821533e+02
   5.9054700e+05   1.1920166e+02
   5.9323500e+05   1.0729980e+02
   6.0086100e+05   5.7861328e+01
   6.0140900e+05   5.8776855e+01
   6.0299300e+05   6.2072754e+01
   6.1244700e+05   9.6557617e+01
   6.1512800e+05   1.1535645e+02
   6.1791500e+05   1.1132812e+02
   6.2241700e+05   1.0522461e+02
   6.2348000e+05   4.4433594e+01
   6.2391000e+05   4.6508789e+01
   6.4504800e+05   6.3110352e+01
   6.4549100e+05   4.1198730e+01
   6.6328800e+05   1.2438965e+02
   6.6333600e+05   5.1086426e+01
   6.6517700e+05   5.8166504e+01
   6.6579400e+05   5.7006836e+01
   6.6690600e+05   4.8889160e+01
   6.8841500e+05   4.6752930e+01
   6.8978600e+05   4.9621582e+01
   7.1087100e+05   5.6762695e+01
   7.1168800e+05   4.6386719e+01
   7.3610000e+05   4.2175293e+01
   7.3728400e+05   5.3771973e+01
   7.3820700e+05   5.6152344e+01
   7.3865200e+05   6.1218262e+01
   7.6324700e+05   6.9030762e+01
   7.6500100e+05   5.9265137e+01
   7.9297100e+05   5.7128906e+01
   7.9425500e+05   6.5307617e+01
   8.2017600e+05   6.4331055e+01
   8.4322500e+05   1.0955811e+02
   8.4326800e+05   5.0476074e+01
   8.4339900e+05   9.5214844e+01
   8.4341300e+05   5.4016113e+01
   8.4348200e+05   4.4982910e+01
   8.4350600e+05   4.5654297e+01
   8.4361400e+05   1.0003662e+02
   8.4365700e+05   4.3518066e+01
   8.4374600e+05   4.5471191e+01
   8.4811500e+05   4.5104980e+01
   8.4839000e+05   4.1015625e+01
   8.4906600e+05   5.9326172e+01
   8.7135000e+05   1.3024902e+02
   8.7220800e+05   1.0699463e+02
   8.7225700e+05   6.8664551e+01
   8.7324200e+05   1.0784912e+02
   8.7650500e+05   1.2078857e+02
   8.7734200e+05   1.0601807e+02
   8.7740800e+05   7.1411133e+01
   8.7922600e+05   9.3688965e+01
   8.8055100e+05   1.0400391e+02
   8.8214200e+05   1.2799072e+02
   8.8220100e+05   6.3171387e+01
   8.8356800e+05   9.8327637e+01
   8.8608500e+05   1.0711670e+02
   8.8789900e+05   1.2011719e+02
   8.9032700e+05   1.0717773e+02
   8.9199000e+05   1.0205078e+02
   8.9336000e+05   6.6528320e+01
   8.9387800e+05   5.3222656e+01
   8.9437900e+05   5.1452637e+01
   9.0486200e+05   1.1212158e+02
   9.0491800e+05   7.2814941e+01
   9.0760700e+05   1.2609863e+02
   9.0906700e+05   1.3397217e+02
   9.0913400e+05   7.4401855e+01
   9.0984700e+05   1.1474609e+02
   9.1121500e+05   1.1529541e+02
   9.1254400e+05   9.9182129e+01
   9.1261400e+05   6.5368652e+01
   9.1382700e+05   9.7290039e+01
   9.1544500e+05   1.0620117e+02
   9.1747900e+05   1.1602783e+02
   9.2035600e+05   1.0693359e+02
   9.2135600e+05   1.1096191e+02
   9.2328100e+05   1.0662842e+02
   9.2619700e+05   4.4677734e+01
   9.2744500e+05   6.9824219e+01
   9.2797000e+05   4.2663574e+01
   9.4320300e+05   1.1181641e+02
   9.4330000e+05   7.6354980e+01
   9.4630400e+05   1.1566162e+02
   9.4807600e+05   1.1303711e+02
   9.5595900e+05   9.7167969e+01
   9.5602900e+05   8.0261230e+01
   9.6992100e+05   6.1767578e+01
   9.7035800e+05   5.8654785e+01
   9.9171500e+05   1.1999512e+02
   9.9461000e+05   6.0607910e+01
   1.0278390e+06   4.8767090e+01
   1.0486560e+06   1.1413574e+02
   1.0486970e+06   5.3955078e+01
   1.0488800e+06   1.2316895e+02
   1.0489090e+06   5.5297852e+01
   1.0489470e+06   4.0832520e+01
   1.0490170e+06   5.2978516e+01
   1.0490310e+06   4.1687012e+01
   1.0490540e+06   5.7922363e+01
   1.0491330e+06   4.0649414e+01
   1.0491720e+06   4.7180176e+01
   1.0492130e+06   4.0771484e+01
   1.0493510e+06   4.1992188e+01
   1.0543130e+06   4.2907715e+01
   1.0553770e+06   4.2419434e+01
   1.0953390e+06   1.2567139e+02
   1.0953820e+06   5.1879883e+01
   1.0970420e+06   9.6557617e+01
   1.0997190e+06   1.1480713e+02
   1.1014360e+06   6.9213867e+01
   1.1020220e+06   6.8359375e+01
   1.1026290e+06   5.2795410e+01
   1.1207830e+06   1.1889648e+02
   1.1208390e+06   6.4514160e+01
   1.1227180e+06   1.1956787e+02
   1.1240230e+06   1.3061523e+02
   1.1240890e+06   7.0373535e+01
   1.1267280e+06   1.2072754e+02
   1.1290380e+06   1.1749268e+02
   1.1307240e+06   1.1859131e+02
   1.1374550e+06   1.2622070e+02
   1.1437860e+06   1.2750244e+02
   1.1547000e+06   5.6762695e+01
   1.1552410e+06   4.3395996e+01
   1.1945760e+06   5.3344727e+01
   1.1954350e+06   6.1889648e+01
   1.2213670e+06   5.0109863e+01
   1.2351930e+06   6.0424805e+01
   1.2791770e+06   6.6955566e+01
   1.2814980e+06   4.4372559e+01
   1.3016560e+06   5.5786133e+01
   1.3023740e+06   5.8593750e+01
   1.3346180e+06   5.5908203e+01
   1.3355470e+06   4.5288086e+01
   1.3360770e+06   5.2795410e+01
   1.3739360e+06   1.0406494e+02
   1.3739720e+06   4.4189453e+01
   1.3740920e+06   9.9792480e+01
   1.3741180e+06   4.0832520e+01
   1.3741280e+06   6.0668945e+01
   1.3741670e+06   4.4738770e+01
   1.3741790e+06   5.1391602e+01
   1.3741980e+06   4.0344238e+01
   1.3742310e+06   6.0119629e+01
   1.3742890e+06   5.0537109e+01
   1.3743030e+06   4.8034668e+01
   1.3743280e+06   6.2072754e+01
   1.3743790e+06   4.4677734e+01
   1.3744740e+06   6.2255859e+01
   1.3788760e+06   4.7302246e+01
   1.3790300e+06   4.5104980e+01
   1.3791780e+06   3.9611816e+01
   1.3870730e+06   4.6569824e+01
   1.4017440e+06   1.2213135e+02
   1.4017940e+06   6.2377930e+01
   1.4048390e+06   1.2969971e+02
   1.4066930e+06   1.1773682e+02
   1.4090480e+06   1.2414551e+02
   1.4111700e+06   1.1718750e+02
   1.4117270e+06   5.6213379e+01
   1.4207480e+06   1.1285400e+02
   1.4226230e+06   1.0717773e+02
   1.4243670e+06   1.1572266e+02
   1.4244360e+06   6.3659668e+01
   1.4259180e+06   1.1322021e+02
   1.4275890e+06   1.1682129e+02
   1.4285170e+06   1.1718750e+02
   1.4303780e+06   1.1425781e+02
   1.4319610e+06   9.7778320e+01
   1.4343210e+06   1.2579346e+02
   1.4353620e+06   1.1926270e+02
   1.4367220e+06   1.2792969e+02
   1.4378090e+06   1.2072754e+02
   1.4386210e+06   1.1132812e+02
   1.4407930e+06   1.2469482e+02
   1.4413910e+06   5.8166504e+01
   1.4419140e+06   5.4870605e+01
   1.4517360e+06   1.3470459e+02
   1.4544260e+06   1.2139893e+02
   1.4545030e+06   7.6293945e+01
   1.4562130e+06   1.1474609e+02
   1.4585460e+06   1.2548828e+02
   1.4595210e+06   1.0803223e+02
   1.4616880e+06   1.0723877e+02
   1.4649780e+06   4.8339844e+01
   1.4780950e+06   1.1151123e+02
   1.4800040e+06   1.0424805e+02
   1.4800740e+06   6.7016602e+01
   1.4814050e+06   1.0430908e+02
   1.4831610e+06   1.0626221e+02
   1.4855980e+06   1.1724854e+02
   1.4870360e+06   1.0522461e+02
   1.4880630e+06   1.0571289e+02
   1.4899800e+06   1.0443115e+02
   1.4913280e+06   1.2261963e+02
   1.4927430e+06   6.0180664e+01
   1.4938850e+06   4.6325684e+01
   1.5060280e+06   1.1975098e+02
   1.5086390e+06   9.4604492e+01
   1.5086950e+06   5.4260254e+01
   1.5133930e+06   1.0443115e+02
   1.5190540e+06   1.1895752e+02
   1.5249830e+06   5.1879883e+01
   1.5258030e+06   4.1992188e+01
   1.5398420e+06   4.6020508e+01
   1.5408410e+06   5.6579590e+01
   1.5634660e+06   4.5349121e+01
   1.5845540e+06   4.3395996e+01
   1.5852100e+06   5.2917480e+01
   1.6022680e+06   5.6823730e+01
   1.6056320e+06   1.2829590e+02
   1.6056720e+06   4.9438477e+01
   1.6058640e+06   1.1206055e+02
   1.6058860e+06   4.4677734e+01
   1.6059060e+06   7.2387695e+01
   1.6059530e+06   5.0964355e+01
   1.6059890e+06   5.6579590e+01
   1.6060440e+06   4.8889160e+01
   1.6060950e+06   5.1696777e+01
   1.6061540e+06   1.0571289e+02
   1.6061770e+06   4.0100098e+01
   1.6088510e+06   4.2602539e+01
   1.6108510e+06   4.7058105e+01
   1.6109590e+06   5.7495117e+01
   1.6210580e+06   1.2652588e+02
   1.6210840e+06   7.1105957e+01
   1.6210940e+06   4.5104980e+01
   1.6211490e+06   4.2663574e+01
   1.6211590e+06   4.2297363e+01
   1.6212040e+06   4.2114258e+01
   1.6213100e+06   9.5886230e+01
   1.6216070e+06   4.2114258e+01
   1.6217200e+06   4.5227051e+01
   1.6218240e+06   4.7973633e+01
   1.6218480e+06   4.0039062e+01
   1.6220730e+06   4.3151855e+01
   1.6222530e+06   4.1259766e+01
   1.6223020e+06   4.1870117e+01
   1.6224130e+06   3.9916992e+01
   1.6225700e+06   5.1269531e+01
   1.6227550e+06   6.9030762e+01
   1.6229230e+06   7.5317383e+01
   1.6230760e+06   5.3710938e+01
   1.6234820e+06   5.6274414e+01
   1.6236360e+06   7.2753906e+01
   1.6237860e+06   6.0607910e+01
   1.6243470e+06   8.0505371e+01
   1.6245330e+06   7.1777344e+01
   1.6247370e+06   8.0749512e+01
   1.6249820e+06   9.9243164e+01
   1.6253510e+06   8.4960938e+01
   1.6255700e+06   7.9589844e+01
   1.6258430e+06   1.0235596e+02
   1.6262860e+06   4.4372559e+01
   1.6318000e+06   4.8645020e+01
   1.6683070e+06   6.7382812e+01
   1.6688600e+06   5.6396484e+01
   1.6694440e+06   4.9438477e+01
   1.6700970e+06   5.7617188e+01
   1.6940940e+06   4.4006348e+01
   1.6945860e+06   5.1574707e+01
   1.6948540e+06   1.3171387e+02
   1.6949750e+06   9.4726562e+01
   1.6950790e+06   4.1076660e+01
   1.6951090e+06   1.0559082e+02
   1.6951260e+06   4.3029785e+01
   1.6951840e+06   6.0791016e+01
   1.6952370e+06   1.1566162e+02
   1.6952560e+06   4.3457031e+01
   1.6953230e+06   4.8156738e+01
   1.6953960e+06   3.9978027e+01
   1.6954490e+06   8.6853027e+01
   1.6954910e+06   6.6467285e+01
   1.6958800e+06   4.4738770e+01
   1.6959410e+06   7.8613281e+01
   1.6960180e+06   3.9978027e+01
   1.6963560e+06   4.2053223e+01
   1.6968940e+06   8.7341309e+01
   1.6972790e+06   1.0601807e+02
   1.7006360e+06   4.5349121e+01
   1.7009110e+06   4.9499512e+01
   1.7010690e+06   3.9794922e+01
   1.7027410e+06   4.5776367e+01
   1.7260340e+06   5.8288574e+01
   1.7265040e+06   5.4321289e+01
   1.7274330e+06   4.4677734e+01
   1.7524020e+06   5.0415039e+01
   1.7528070e+06   6.0485840e+01
   1.7536430e+06   6.9580078e+01
   1.7695580e+06   5.0354004e+01
   1.7700470e+06   5.4260254e+01
   1.7916180e+06   5.4321289e+01
   1.8080780e+06   1.1010742e+02
   1.8081250e+06   4.8889160e+01
   1.8155730e+06   5.9875488e+01
   1.8160040e+06   4.6081543e+01
   1.8194690e+06   6.0424805e+01
   1.8486750e+06   5.0170898e+01
   1.8505600e+06   4.6142578e+01
   1.8861100e+06   5.7922363e+01
   1.8862860e+06   4.8156738e+01
   1.8867200e+06   5.6518555e+01
   1.8879870e+06   7.4951172e+01
   1.9169940e+06   4.6142578e+01
   1.9174910e+06   4.4006348e+01
   1.9448870e+06   5.2917480e+01
   1.9457830e+06   5.8349609e+01
   2.0039430e+06   5.1147461e+01
   2.0236300e+06   6.2316895e+01
   2.0561930e+06   5.6884766e+01
   2.0943300e+06   1.2335205e+02
   2.0944840e+06   9.4055176e+01
   2.0945030e+06   6.8603516e+01
   2.0945490e+06   4.0222168e+01
   2.0945590e+06   4.8522949e+01
   2.0945890e+06   6.1157227e+01
   2.0946500e+06   6.3903809e+01
   2.0946900e+06   6.3171387e+01
   2.0947080e+06   4.2785645e+01
   2.0947400e+06   4.9987793e+01
   2.0948110e+06   4.1809082e+01
   2.0948240e+06   5.8105469e+01
   2.0954040e+06   3.9916992e+01
   2.0975140e+06   5.7434082e+01
   2.0991070e+06   4.3457031e+01
   2.0993090e+06   4.2114258e+01
   2.1070070e+06   1.5393066e+02
   2.1070290e+06   4.0344238e+01
   2.1070630e+06   7.2570801e+01
   2.1070780e+06   4.0649414e+01
   2.1071310e+06   7.4584961e+01
   2.1071570e+06   4.3518066e+01
   2.1071780e+06   9.4726562e+01
   2.1071890e+06   4.8522949e+01
   2.1072160e+06   4.8706055e+01
   2.1072330e+06   4.8034668e+01
   2.1074750e+06   4.2297363e+01
   2.1076880e+06   4.7424316e+01
   2.1081300e+06   4.4311523e+01
   2.1083710e+06   4.2236328e+01
   2.1088770e+06   6.2438965e+01
   2.1090120e+06   5.8471680e+01
   2.1091530e+06   5.4931641e+01
   2.1092800e+06   4.4921875e+01
   2.1093710e+06   6.8298340e+01
   2.1096300e+06   6.7810059e+01
   2.1098000e+06   5.7434082e+01
   2.1098220e+06   6.4697266e+01
   2.1099920e+06   6.7810059e+01
   2.1101710e+06   5.4077148e+01
   2.1107030e+06   7.9589844e+01
   2.1110080e+06   4.3579102e+01
   2.1111080e+06   9.4116211e+01
   2.1113750e+06   8.0444336e+01
   2.1116130e+06   1.0357666e+02
   2.1118680e+06   8.7768555e+01
   2.1165790e+06   4.0649414e+01
   2.1172000e+06   4.1442871e+01
   2.1172110e+06   4.7790527e+01
   2.1203090e+06   4.6752930e+01
   2.1215280e+06   4.0954590e+01
   2.1666070e+06   1.2121582e+02
   2.1763080e+06   1.2182617e+02
   2.2031850e+06   5.9753418e+01
   2.2038810e+06   6.0974121e+01
   2.2437170e+06   6.0729980e+01
   2.2840680e+06   4.0405273e+01
   2.2847770e+06   6.0729980e+01
   2.3459450e+06   4.4372559e+01
   2.3471420e+06   4.6630859e+01
   2.3769710e+06   1.0729980e+02
   2.3769850e+06   7.1777344e+01
   2.3770020e+06   6.4758301e+01
   2.3770130e+06   5.8715820e+01
   2.3770400e+06   4.0039062e+01
   2.3770650e+06   6.2500000e+01
   2.3770940e+06   9.1918945e+01
   2.3771210e+06   4.1564941e+01
   2.3771800e+06   6.2133789e+01
   2.3771980e+06   5.2978516e+01
   2.3772260e+06   4.0588379e+01
   2.3815320e+06   4.0100098e+01
   2.3819000e+06   4.9987793e+01
   2.4171750e+06   1.1358643e+02
   2.4172170e+06   5.7312012e+01
   2.4201590e+06   9.5703125e+01
   2.4202100e+06   5.9265137e+01
   2.4223470e+06   1.2475586e+02
   2.4231900e+06   1.1547852e+02
   2.4232410e+06   5.8837891e+01
   2.4239830e+06   1.1248779e+02
   2.4258280e+06   1.0595703e+02
   2.4271390e+06   1.1364746e+02
   2.4329010e+06   1.0284424e+02
   2.4381690e+06   1.0516357e+02
   2.4382410e+06   7.0983887e+01
   2.4404820e+06   1.2097168e+02
   2.4424080e+06   1.0485840e+02
   2.4554390e+06   1.1383057e+02
   2.4554830e+06   4.8522949e+01
   2.4621790e+06   1.0559082e+02
   2.4649490e+06   1.3476562e+02
   2.4658050e+06   1.0577393e+02
   2.4769420e+06   1.2524414e+02
   2.4805440e+06   1.1560059e+02
   2.4825240e+06   1.1517334e+02
   2.4874620e+06   1.2957764e+02
   2.4944050e+06   1.0870361e+02
   2.4961410e+06   1.1566162e+02
   2.4983510e+06   1.4019775e+02
   2.4997370e+06   5.3466797e+01
   2.5002330e+06   4.8217773e+01
   2.5005300e+06   4.2724609e+01
   2.5018050e+06   4.3212891e+01
   2.5339610e+06   1.0882568e+02
   2.5340000e+06   5.2062988e+01
   2.5359530e+06   4.6325684e+01
   2.5630350e+06   5.1147461e+01
   2.5636030e+06   5.6274414e+01
   2.5763980e+06   1.0040283e+02
   2.5764360e+06   4.2907715e+01
   2.5765410e+06   9.0087891e+01
   2.5765670e+06   4.2297363e+01
   2.5765830e+06   4.1687012e+01
   2.5766280e+06   5.6579590e+01
   2.5766690e+06   5.3894043e+01
   2.5767210e+06   3.9611816e+01
   2.5767330e+06   1.0223389e+02
   2.5767590e+06   9.6374512e+01
   2.5768070e+06   4.0222168e+01
   2.5769050e+06   4.4006348e+01
   2.5812160e+06   5.2673340e+01
   2.5814540e+06   4.4311523e+01
   2.5818810e+06   4.4067383e+01
   2.5820550e+06   4.4616699e+01
   2.5902000e+06   4.0649414e+01
   2.5902320e+06   1.1163330e+02
   2.5902540e+06   5.3344727e+01
   2.5902650e+06   4.3518066e+01
   2.5903000e+06   4.4189453e+01
   2.5903310e+06   4.7973633e+01
   2.5903660e+06   1.0028076e+02
   2.5904270e+06   4.0283203e+01
   2.5904560e+06   4.9621582e+01
   2.5905150e+06   5.1147461e+01
   2.5906220e+06   4.5532227e+01
   2.5907430e+06   6.5673828e+01
   2.5907640e+06   4.0344238e+01
   2.5908350e+06   4.7851562e+01
   2.5910340e+06   3.9733887e+01
   2.5911700e+06   6.4758301e+01
   2.5913180e+06   5.4565430e+01
   2.5915440e+06   5.3039551e+01
   2.5915930e+06   4.7851562e+01
   2.5917490e+06   4.1564941e+01
   2.5918750e+06   5.7006836e+01
   2.5919740e+06   3.9794922e+01
   2.5920270e+06   6.3598633e+01
   2.5921720e+06   4.5959473e+01
   2.5922170e+06   5.6762695e+01
   2.5923610e+06   6.7138672e+01
   2.5924470e+06   4.1198730e+01
   2.5925280e+06   5.7495117e+01
   2.5926360e+06   4.0527344e+01
   2.5927270e+06   7.0129395e+01
   2.5929360e+06   8.2397461e+01
   2.5939510e+06   1.0192871e+02
   2.5998030e+06   4.2541504e+01
   2.6004200e+06   5.7067871e+01
   2.6006840e+06   4.0893555e+01
   2.6009530e+06   5.5236816e+01
   2.6044650e+06   4.0344238e+01
   2.6049540e+06   4.7302246e+01
   2.6056030e+06   4.7546387e+01
   2.6614990e+06   1.2097168e+02
   2.6615410e+06   4.8400879e+01
   2.6682920e+06   8.7951660e+01
   2.6730310e+06   4.5166016e+01
   2.6737120e+06   5.0354004e+01
   2.6741360e+06   6.0607910e+01
   2.7070840e+06   5.9936523e+01
   2.7078160e+06   3.9794922e+01
   2.7086170e+06   5.6518555e+01
   2.7221340e+06   1.2261963e+02
   2.7221770e+06   5.2490234e+01
   2.7225150e+06   9.7106934e+01
   2.7225730e+06   6.6284180e+01
   2.7225950e+06   8.4472656e+01
   2.7226330e+06   4.5288086e+01
   2.7226620e+06   4.6203613e+01
   2.7226860e+06   5.8044434e+01
   2.7226980e+06   5.2856445e+01
   2.7227280e+06   4.5471191e+01
   2.7227870e+06   4.3579102e+01
   2.7227980e+06   5.0109863e+01
   2.7228100e+06   7.3364258e+01
   2.7228540e+06   1.0803223e+02
   2.7278840e+06   4.1625977e+01
   2.7281120e+06   4.5227051e+01
   2.7284180e+06   4.5959473e+01
   2.7725020e+06   1.2738037e+02
   2.7725420e+06   5.1574707e+01
   2.7743960e+06   1.0339355e+02
   2.7811680e+06   5.2246094e+01
   2.7817460e+06   6.8115234e+01
   2.7822650e+06   6.0424805e+01
   2.7859490e+06   4.4128418e+01
   2.8136060e+06   4.2358398e+01
   2.8142410e+06   4.0588379e+01
   2.8163690e+06   6.5185547e+01
   2.8421020e+06   5.1147461e+01
   2.8437510e+06   4.2724609e+01
   2.8443060e+06   4.3395996e+01
   2.8638820e+06   1.1553955e+02
   2.8639220e+06   4.2541504e+01
   2.8640340e+06   9.3994141e+01
   2.8640660e+06   6.8542480e+01
   2.8641650e+06   9.4055176e+01
   2.8641820e+06   4.8706055e+01
   2.8642120e+06   4.6875000e+01
   2.8642370e+06   4.5166016e+01
   2.8642560e+06   6.3476562e+01
   2.8642770e+06   5.0476074e+01
   2.8642930e+06   4.8583984e+01
   2.8644070e+06   5.9448242e+01
   2.8696470e+06   4.6630859e+01
   2.8973690e+06   1.1895752e+02
   2.8988450e+06   5.4260254e+01
   2.9083510e+06   1.1132812e+02
   2.9084010e+06   3.9978027e+01
   2.9084120e+06   7.0617676e+01
   2.9097770e+06   1.2249756e+02
   2.9117490e+06   1.1370850e+02
   2.9134490e+06   1.0736084e+02
   2.9139450e+06   4.7485352e+01
   2.9141060e+06   6.3720703e+01
   2.9205640e+06   9.8754883e+01
   2.9224700e+06   1.1102295e+02
   2.9271120e+06   1.0211182e+02
   2.9297120e+06   1.0168457e+02
   2.9321840e+06   1.2365723e+02
   2.9332120e+06   6.0180664e+01
   2.9338090e+06   6.4453125e+01
   2.9356950e+06   5.7189941e+01
   2.9706050e+06   1.2573242e+02
   2.9706580e+06   4.9255371e+01
   2.9751660e+06   5.2062988e+01
   2.9759420e+06   5.3588867e+01
   2.9875800e+06   1.1932373e+02
   2.9876260e+06   4.9438477e+01
   3.0066270e+06   6.8176270e+01
   3.0300780e+06   4.7790527e+01
   3.0307360e+06   4.7729492e+01
   3.0483180e+06   5.0720215e+01
   3.0492780e+06   5.1635742e+01
   3.0631750e+06   5.8532715e+01
   3.0638560e+06   6.0668945e+01
   3.0759160e+06   1.3049316e+02
   3.0759570e+06   4.8217773e+01
   3.0761230e+06   1.2103271e+02
   3.0761630e+06   5.4016113e+01
   3.0761850e+06   7.1166992e+01
   3.0762130e+06   4.6997070e+01
   3.0762270e+06   4.6020508e+01
   3.0762720e+06   8.6730957e+01
   3.0763000e+06   4.5166016e+01
   3.0763220e+06   4.1870117e+01
   3.0763570e+06   5.2062988e+01
   3.0763840e+06   1.1364746e+02
   3.0764010e+06   5.4870605e+01
   3.0765080e+06   5.4382324e+01
   3.0767020e+06   3.9672852e+01
   3.0811000e+06   4.4494629e+01
   3.0820010e+06   5.8654785e+01
   3.0823680e+06   5.5969238e+01
   3.0825770e+06   5.7006836e+01
   3.0827630e+06   4.6630859e+01
   3.0829990e+06   3.9916992e+01
   3.1069290e+06   4.3273926e+01
   3.1075910e+06   4.4067383e+01
   3.1082430e+06   5.2124023e+01
   3.1089930e+06   5.7861328e+01
   3.1190700e+06   1.2170410e+02
   3.1200910e+06   1.0717773e+02
   3.1210110e+06   6.2805176e+01
   3.1216710e+06   6.5002441e+01
   3.1294200e+06   1.2640381e+02
   3.1313390e+06   1.0955811e+02
   3.1314000e+06   7.0739746e+01
   3.1338380e+06   1.2823486e+02
   3.1358550e+06   4.5471191e+01
   3.1447900e+06   1.1523438e+02
   3.1448580e+06   8.4533691e+01
   3.1513630e+06   1.0437012e+02
   3.1514120e+06   5.7495117e+01
   3.1551340e+06   1.1053467e+02
   3.1572780e+06   1.2902832e+02
   3.1680300e+06   6.1035156e+01
   3.1687420e+06   6.2866211e+01
   3.1875510e+06   1.2536621e+02
   3.1875910e+06   4.6752930e+01
   3.1897860e+06   1.0601807e+02
   3.1898400e+06   4.9865723e+01
   3.1911140e+06   5.1208496e+01
   3.1916820e+06   5.2856445e+01
   3.1994030e+06   1.2420654e+02
   3.2018260e+06   1.1926270e+02
   3.2031910e+06   1.0540771e+02
   3.2066280e+06   6.4514160e+01
   3.2164110e+06   1.1456299e+02
   3.2164760e+06   6.5490723e+01
   3.2315010e+06   6.1157227e+01
   3.2323930e+06   6.1096191e+01
   3.2425130e+06   1.2371826e+02
   3.2425600e+06   4.6325684e+01
   3.2506880e+06   4.5471191e+01
   3.2680130e+06   5.1696777e+01
   3.3028020e+06   5.1635742e+01
   3.3265180e+06   6.2622070e+01
   3.3272440e+06   6.5856934e+01
   3.3400000e+06   1.1358643e+02
   3.3400440e+06   6.2011719e+01
   3.3419270e+06   5.1574707e+01
   3.3675330e+06   5.4809570e+01
   3.3683220e+06   5.5114746e+01
   3.3869810e+06   5.3222656e+01
   3.4082040e+06   4.9316406e+01
   3.4098250e+06   4.6813965e+01
   3.4381500e+06   4.4494629e+01
   3.4678640e+06   7.2265625e+01
   3.4688190e+06   4.8950195e+01
   3.4697620e+06   5.9692383e+01
   3.4861370e+06   6.1889648e+01
   3.5017190e+06   5.6152344e+01
   3.5022690e+06   4.5471191e+01
   3.5301560e+06   6.2011719e+01
   3.5537430e+06   4.7851562e+01
   3.5716220e+06   6.8603516e+01
   3.5720110e+06   3.9733887e+01
   3.5720730e+06   5.8105469e+01
   3.5919700e+06   4.6936035e+01
   3.6144100e+06   5.8349609e+01
   3.6146310e+06   4.3518066e+01
   3.6533150e+06   4.6569824e+01
   3.6537110e+06   5.1452637e+01
   3.6537350e+06   1.3092041e+02
   3.6537530e+06   5.3100586e+01
   3.6538000e+06   7.1960449e+01
   3.6538350e+06   4.4433594e+01
   3.6538520e+06   8.3557129e+01
   3.6538790e+06   3.9855957e+01
   3.6539120e+06   5.8410645e+01
   3.6539520e+06   5.1452637e+01
   3.6539850e+06   4.6081543e+01
   3.6540080e+06   4.1625977e+01
   3.6582300e+06   5.1696777e+01
   3.6583360e+06   4.3151855e+01
   3.6646000e+06   4.9316406e+01
   3.6656320e+06   5.4138184e+01
   3.6656710e+06   1.4050293e+02
   3.6657280e+06   7.4890137e+01
   3.6657520e+06   4.0039062e+01
   3.6657690e+06   8.9233398e+01
   3.6658170e+06   1.2347412e+02
   3.6658830e+06   4.9011230e+01
   3.6658980e+06   4.9194336e+01
   3.6659340e+06   4.0466309e+01
   3.6659850e+06   8.9355469e+01
   3.6660750e+06   4.7912598e+01
   3.6661980e+06   4.0649414e+01
   3.6663490e+06   4.0039063e+01
   3.6664130e+06   4.9316406e+01
   3.6666580e+06   4.7973633e+01
   3.6668700e+06   4.6264648e+01
   3.6670810e+06   4.1442871e+01
   3.6671940e+06   6.3659668e+01
   3.6673090e+06   4.8706055e+01
   3.6674400e+06   5.1696777e+01
   3.6674600e+06   6.1889648e+01
   3.6677680e+06   5.7006836e+01
   3.6677850e+06   6.2011719e+01
   3.6678990e+06   4.5471191e+01
   3.6680070e+06   4.5410156e+01
   3.6680620e+06   4.0161133e+01
   3.6680740e+06   4.5776367e+01
   3.6682060e+06   3.9855957e+01
   3.6682230e+06   6.7504883e+01
   3.6683840e+06   5.3344727e+01
   3.6685370e+06   4.3823242e+01
   3.6686810e+06   5.2490234e+01
   3.6689430e+06   7.4645996e+01
   3.6691010e+06   5.8349609e+01
   3.6692740e+06   6.5734863e+01
   3.6694650e+06   7.5256348e+01
   3.6694910e+06   4.4738770e+01
   3.6696790e+06   7.0678711e+01
   3.6699080e+06   6.3476562e+01
   3.6701610e+06   8.6547852e+01
   3.6703270e+06   5.0109863e+01
   3.6706390e+06   8.3923340e+01
   3.6712080e+06   4.1748047e+01
   3.6712360e+06   8.2519531e+01
   3.7115890e+06   1.1749268e+02
   3.7116330e+06   5.0537109e+01
   3.7138780e+06   9.9609375e+01
   3.7139300e+06   5.4748535e+01
   3.7149300e+06   1.2420654e+02
   3.7158990e+06   4.9560547e+01
   3.7164730e+06   5.5786133e+01
   3.7165810e+06   1.0235596e+02
   3.7169680e+06   5.8044434e+01
   3.7345640e+06   1.2023926e+02
   3.7346090e+06   6.1767578e+01
   3.7363480e+06   1.1547852e+02
   3.7386360e+06   9.1918945e+01
   3.7404750e+06   6.6406250e+01
   3.7411050e+06   6.1218262e+01
   3.7487310e+06   4.1748047e+01
   3.7507720e+06   1.1730957e+02
   3.7508280e+06   7.0434570e+01
   3.7565090e+06   1.2640381e+02
   3.7597700e+06   1.3067627e+02
   3.7617240e+06   5.8410645e+01
   3.7623110e+06   4.1870117e+01
   3.7817480e+06   4.2846680e+01
   3.7954330e+06   1.1236572e+02
   3.7954850e+06   5.9753418e+01
   3.7990670e+06   9.2651367e+01
   3.8025150e+06   4.1503906e+01
   3.8030340e+06   6.6589355e+01
   3.8231100e+06   5.4565430e+01
   3.8255050e+06   6.6833496e+01
   3.8442770e+06   1.1840820e+02
   3.8443180e+06   4.3029785e+01
   3.8446890e+06   5.4077148e+01
   3.8453850e+06   6.0424805e+01
   3.8458760e+06   5.4687500e+01
   3.8607290e+06   5.0842285e+01
   3.8612760e+06   5.6213379e+01
   3.8619640e+06   6.0974121e+01
   3.8904670e+06   5.2368164e+01
   3.9187050e+06   6.5002441e+01
   3.9438260e+06   5.7983398e+01
   3.9442810e+06   4.9682617e+01
   3.9783140e+06   5.0537109e+01
   3.9788500e+06   6.3293457e+01
   4.0029270e+06   5.6518555e+01
   4.0035950e+06   5.6518555e+01
   4.0043280e+06   4.8522949e+01
   4.0257850e+06   7.0068359e+01
   4.0265070e+06   5.8471680e+01
   4.0854810e+06   4.9560547e+01
   4.1196670e+06   4.4982910e+01
   4.1200480e+06   5.6518555e+01
   4.1200580e+06   4.0954590e+01
   4.1203780e+06   6.3964844e+01
   4.1204370e+06   8.1726074e+01
   4.1204640e+06   4.1076660e+01
   4.1204770e+06   5.8593750e+01
   4.1204970e+06   5.6884766e+01
   4.1205300e+06   4.1381836e+01
   4.1205500e+06   6.8420410e+01
   4.1205720e+06   7.9772949e+01
   4.1206290e+06   4.2541504e+01
   4.1206450e+06   6.2133789e+01
   4.1206550e+06   4.7607422e+01
   4.1249300e+06   5.5053711e+01
   4.1333850e+06   6.7138672e+01
   4.1334000e+06   9.9304199e+01
   4.1334400e+06   5.0354004e+01
   4.1334550e+06   4.3395996e+01
   4.1334860e+06   6.4208984e+01
   4.1335070e+06   1.3989258e+02
   4.1335240e+06   4.9865723e+01
   4.1335870e+06   4.1320801e+01
   4.1336150e+06   8.4167480e+01
   4.1336480e+06   4.7180176e+01
   4.1337630e+06   4.6508789e+01
   4.1338450e+06   4.2419434e+01
   4.1339870e+06   5.5725098e+01
   4.1340390e+06   4.3151855e+01
   4.1341070e+06   4.0954590e+01
   4.1341360e+06   4.1137695e+01
   4.1342610e+06   6.4697266e+01
   4.1343680e+06   4.1259766e+01
   4.1344680e+06   4.1442871e+01
   4.1346530e+06   4.9438477e+01
   4.1347920e+06   5.7556152e+01
   4.1349210e+06   5.5480957e+01
   4.1350110e+06   4.7424316e+01
   4.1351480e+06   4.2846680e+01
   4.1352940e+06   4.3823242e+01
   4.1355150e+06   4.3151855e+01
   4.1356060e+06   5.0964355e+01
   4.1357190e+06   4.2236328e+01
   4.1357740e+06   7.3608398e+01
   4.1359710e+06   5.2917480e+01
   4.1360740e+06   4.1809082e+01
   4.1361260e+06   6.8298340e+01
   4.1362320e+06   4.1076660e+01
   4.1363010e+06   7.5134277e+01
   4.1364850e+06   7.7453613e+01
   4.1367140e+06   8.7280273e+01
   4.1373010e+06   8.0688477e+01
   4.1375630e+06   7.9406738e+01
   4.1378070e+06   7.8186035e+01
   4.1384020e+06   4.1870117e+01
   4.1441500e+06   5.4809570e+01
   4.1465540e+06   5.1452637e+01
   4.1723180e+06   1.2487793e+02
   4.1723600e+06   5.4443359e+01
   4.1725390e+06   1.0363770e+02
   4.1725740e+06   5.4992676e+01
   4.1725890e+06   5.4382324e+01
   4.1726130e+06   4.4738770e+01
   4.1726490e+06   5.1757812e+01
   4.1726680e+06   9.9731445e+01
   4.1726820e+06   6.1401367e+01
   4.1727080e+06   4.1687012e+01
   4.1727420e+06   4.2053223e+01
   4.1727580e+06   6.2255859e+01
   4.1727830e+06   6.1645508e+01
   4.1728590e+06   5.0048828e+01
   4.1728910e+06   5.9509277e+01
   4.1730350e+06   5.5847168e+01
   4.1731270e+06   4.3334961e+01
   4.1733890e+06   4.0222168e+01
   4.1736540e+06   5.0231934e+01
   4.2173180e+06   1.1096191e+02
   4.2173600e+06   4.2602539e+01
   4.2177650e+06   1.0943604e+02
   4.2178370e+06   4.6936035e+01
   4.2178760e+06   8.3374023e+01
   4.2179060e+06   6.4636230e+01
   4.2179390e+06   4.4555664e+01
   4.2179750e+06   1.1798096e+02
   4.2179970e+06   5.6884766e+01
   4.2180340e+06   5.4626465e+01
   4.2180900e+06   5.6701660e+01
   4.2181900e+06   4.2968750e+01
   4.2182270e+06   6.0729980e+01
   4.2186220e+06   6.4575195e+01
   4.2460140e+06   1.1694336e+02
   4.2460580e+06   5.1513672e+01
   4.2543890e+06   1.1212158e+02
   4.2544590e+06   7.7392578e+01
   4.2959580e+06   1.2145996e+02
   4.2959990e+06   5.1025391e+01
   4.3121360e+06   5.5786133e+01
   4.3124940e+06   6.6772461e+01
   4.3131920e+06   5.9326172e+01
   4.3140670e+06   5.1818848e+01
   4.3146780e+06   4.6325684e+01
   4.3537020e+06   1.0327148e+02
   4.3537410e+06   5.2856445e+01
   4.3768850e+06   4.7790527e+01
   4.3772830e+06   6.0791016e+01
   4.3789310e+06   5.5725098e+01
   4.3793690e+06   5.8044434e+01
   4.3797450e+06   4.2419434e+01
   4.4163110e+06   4.4128418e+01
   4.4172100e+06   6.8420410e+01
   4.4185830e+06   4.0344238e+01
   4.4751090e+06   1.2744141e+02
   4.4751460e+06   4.2297363e+01
   4.4753780e+06   4.1870117e+01
   4.4753900e+06   1.1541748e+02
   4.4754110e+06   3.9733887e+01
   4.4754810e+06   5.8288574e+01
   4.4754950e+06   7.8369141e+01
   4.4755280e+06   4.3151855e+01
   4.4755880e+06   5.7067871e+01
   4.4756080e+06   4.0283203e+01
   4.4757310e+06   5.5297852e+01
   4.4757830e+06   4.2785645e+01
   4.4805640e+06   4.8278809e+01
   4.5077300e+06   1.0711670e+02
   4.5077710e+06   5.6152344e+01
   4.5094310e+06   9.9243164e+01
   4.5111030e+06   8.8256836e+01
   4.5123810e+06   5.6335449e+01
   4.5131510e+06   5.8532715e+01
   4.5143420e+06   4.4982910e+01
   4.5279180e+06   1.0229492e+02
   4.5279670e+06   5.9448242e+01
   4.5306560e+06   1.2091064e+02
   4.5321740e+06   9.6130371e+01
   4.5322340e+06   7.5805664e+01
   4.5365650e+06   1.2536621e+02
   4.5375360e+06   1.2017822e+02
   4.5387270e+06   9.4482422e+01
   4.5395910e+06   1.2518311e+02
   4.5412950e+06   1.2249756e+02
   4.5430770e+06   1.0791016e+02
   4.5448620e+06   1.0577393e+02
   4.5460120e+06   4.3029785e+01
   4.5482000e+06   1.2695313e+02
   4.5622380e+06   1.1474609e+02
   4.5679290e+06   5.7312012e+01
   4.5685130e+06   4.6997070e+01
   4.5819460e+06   1.3299561e+02
   4.5820050e+06   5.7067871e+01
   4.5941810e+06   1.1639404e+02
   4.5968490e+06   1.0040283e+02
   4.6161320e+06   5.5969238e+01
   4.6167020e+06   4.1564941e+01
   4.6167670e+06   4.4128418e+01
   4.6590730e+06   4.1931152e+01
   4.6617790e+06   4.5654297e+01
   4.6809410e+06   4.0405273e+01
   4.7103480e+06   4.9316406e+01
   4.7110530e+06   5.4565430e+01
   4.7133460e+06   4.2114258e+01
   4.7713400e+06   5.1879883e+01
   4.7730070e+06   4.7912598e+01
   4.8223980e+06   5.1635742e+01
   4.8231160e+06   5.6823730e+01
   4.8618360e+06   4.4189453e+01
   4.8959680e+06   6.2011719e+01
   4.8965130e+06   5.1452637e+01
   4.9583350e+06   5.3710938e+01
   4.9827840e+06   5.6701660e+01
   5.0136390e+06   5.5786133e+01
   5.0375730e+06   6.2683105e+01
   5.0376810e+06   4.0832520e+01
   5.0378400e+06   6.5429688e+01
   5.0383760e+06   4.9072266e+01
   5.0871810e+06   5.0231934e+01
   5.1031860e+06   1.1676025e+02
   5.1032260e+06   4.1809082e+01
   5.1033040e+06   7.8125000e+01
   5.1033280e+06   5.0720215e+01
   5.1033400e+06   6.2683105e+01
   5.1033740e+06   4.7424316e+01
   5.1034190e+06   8.0505371e+01
   5.1034610e+06   1.1340332e+02
   5.1034740e+06   5.5114746e+01
   5.1035030e+06   9.7167969e+01
   5.1035830e+06   4.3395996e+01
   5.1051020e+06   5.7495117e+01
   5.1055360e+06   5.0537109e+01
   5.1080160e+06   5.6640625e+01
   5.1081270e+06   4.5288086e+01
   5.1189830e+06   6.5368652e+01
   5.1194150e+06   5.0415039e+01
   5.1196090e+06   1.3897705e+02
   5.1196430e+06   8.8684082e+01
   5.1196900e+06   4.1015625e+01
   5.1197230e+06   1.0491943e+02
   5.1197350e+06   5.3405762e+01
   5.1197560e+06   3.9489746e+01
   5.1198200e+06   9.3200684e+01
   5.1201040e+06   6.9396973e+01
   5.1203130e+06   4.6630859e+01
   5.1206380e+06   4.2602539e+01
   5.1206800e+06   7.6721191e+01
   5.1209530e+06   5.2246094e+01
   5.1210650e+06   4.1320801e+01
   5.1211070e+06   7.0068359e+01
   5.1212810e+06   5.0720215e+01
   5.1214370e+06   5.8898926e+01
   5.1214660e+06   6.1340332e+01
   5.1216490e+06   6.0607910e+01
   5.1217900e+06   7.1960449e+01
   5.1218160e+06   7.1838379e+01
   5.1219760e+06   4.0893555e+01
   5.1221760e+06   8.2946777e+01
   5.1223620e+06   7.3303223e+01
   5.1223820e+06   4.3212891e+01
   5.1225020e+06   4.6569824e+01
   5.1229290e+06   3.9794922e+01
   5.1229450e+06   8.6975098e+01
   5.1231780e+06   8.1787109e+01
   5.1234180e+06   8.5693359e+01
   5.1298460e+06   5.6030273e+01
   5.1301670e+06   4.5715332e+01
   5.1327210e+06   3.9489746e+01
   5.1546780e+06   1.3006592e+02
   5.1547150e+06   5.1452637e+01
   5.1556120e+06   1.2109375e+02
   5.1565630e+06   1.0699463e+02
   5.1578700e+06   1.2005615e+02
   5.1591750e+06   1.3177490e+02
   5.1605790e+06   1.2255859e+02
   5.1615450e+06   1.0778809e+02
   5.1632270e+06   9.5642090e+01
   5.1650870e+06   1.2756348e+02
   5.1663760e+06   1.0137939e+02
   5.1681020e+06   1.2414551e+02
   5.1697780e+06   1.0876465e+02
   5.1736620e+06   1.1651611e+02
   5.1849780e+06   1.0766602e+02
   5.1908340e+06   9.7534180e+01
   5.1909000e+06   7.0068359e+01
   5.1949910e+06   1.1700439e+02
   5.1952710e+06   6.8725586e+01
   5.1957100e+06   5.4077148e+01
   5.1958340e+06   1.3140869e+02
   5.1958610e+06   4.4372559e+01
   5.1958880e+06   5.9936523e+01
   5.1959150e+06   4.2785645e+01
   5.1959260e+06   6.9946289e+01
   5.1959390e+06   9.3688965e+01
   5.1959590e+06   4.3701172e+01
   5.1959980e+06   7.3608398e+01
   5.1960870e+06   1.0589600e+02
   5.1961340e+06   6.0668945e+01
   5.1964900e+06   7.4645996e+01
   5.1967170e+06   7.1838379e+01
   5.1974290e+06   4.2785645e+01
   5.2016370e+06   4.2419434e+01
   5.2025800e+06   5.6274414e+01
   5.2376880e+06   1.0894775e+02
   5.2377280e+06   4.5715332e+01
   5.2380840e+06   1.1724854e+02
   5.2381860e+06   6.7687988e+01
   5.2382680e+06   9.6679688e+01
   5.2382870e+06   4.7912598e+01
   5.2383070e+06   3.9550781e+01
   5.2383500e+06   8.5876465e+01
   5.2384270e+06   4.7668457e+01
   5.2384510e+06   6.7749023e+01
   5.2384740e+06   1.1676025e+02
   5.2384840e+06   5.7067871e+01
   5.2385570e+06   4.1564941e+01
   5.2385870e+06   5.6762695e+01
   5.2818960e+06   4.3212891e+01
   5.2824220e+06   5.0659180e+01
   5.2828180e+06   6.1462402e+01
   5.2829370e+06   4.6752930e+01
   5.2829590e+06   1.1682129e+02
   5.2829960e+06   4.4433594e+01
   5.2830070e+06   7.8979492e+01
   5.2830470e+06   4.2053223e+01
   5.2830940e+06   4.1503906e+01
   5.2831380e+06   5.0537109e+01
   5.2831720e+06   1.2115479e+02
   5.2832100e+06   4.2724609e+01
   5.2832590e+06   4.9682617e+01
   5.2836740e+06   8.4350586e+01
   5.2838430e+06   8.1848145e+01
   5.3198270e+06   1.1065674e+02
   5.3198750e+06   5.1025391e+01
   5.3269120e+06   6.2133789e+01
   5.3270280e+06   5.0231934e+01
   5.3274960e+06   4.8034668e+01
   5.3275620e+06   4.1625977e+01
   5.3275950e+06   1.1663818e+02
   5.3276130e+06   4.0405273e+01
   5.3276530e+06   5.3710938e+01
   5.3276810e+06   7.3730469e+01
   5.3276980e+06   4.9438477e+01
   5.3277580e+06   6.5429688e+01
   5.3278030e+06   4.5349121e+01
   5.3278250e+06   4.9987793e+01
   5.3278830e+06   8.6425781e+01
   5.3561980e+06   1.2420654e+02
   5.3600250e+06   9.9731445e+01
   5.3680460e+06   5.2368164e+01
   5.3682440e+06   5.6396484e+01
   5.3686350e+06   5.7556152e+01
   5.3687480e+06   1.3598633e+02
   5.3688190e+06   5.8715820e+01
   5.3688960e+06   7.1411133e+01
   5.3689800e+06   7.1594238e+01
   5.3690470e+06   4.0832520e+01
   5.3691730e+06   4.9621582e+01
   5.4090520e+06   5.7800293e+01
   5.4094170e+06   4.6447754e+01
   5.4308450e+06   6.5979004e+01
   5.4312580e+06   5.2368164e+01
   5.4314940e+06   5.2734375e+01
   5.4498970e+06   4.8706055e+01
   5.4502650e+06   4.3762207e+01
   5.4507450e+06   4.8156738e+01
   5.4568800e+06   7.0068359e+01
   5.4573450e+06   5.0292969e+01
   5.4579130e+06   6.9091797e+01
   5.4849030e+06   4.7790527e+01
   5.4855100e+06   4.9621582e+01
   5.4859640e+06   4.6752930e+01
   5.4873910e+06   5.2246094e+01
   5.5111790e+06   4.7363281e+01
   5.5112150e+06   4.0649414e+01
   5.5118700e+06   6.0974121e+01
   5.5251560e+06   1.0375977e+02
   5.5252000e+06   5.4931641e+01
   5.5396240e+06   6.1706543e+01
   5.5400300e+06   6.1523438e+01
   5.5405290e+06   4.6508789e+01
   5.5418240e+06   4.6875000e+01
   5.5418860e+06   5.6884766e+01
   5.5621050e+06   5.7189941e+01
   5.5627400e+06   5.3710938e+01
   5.5633470e+06   5.3466797e+01
   5.5642530e+06   6.1218262e+01
   5.5659450e+06   5.0354004e+01
   5.5797100e+06   4.0832520e+01
   5.5802780e+06   4.5288086e+01
   5.6015910e+06   6.3659668e+01
   5.6020260e+06   6.0302734e+01
   5.6187320e+06   9.0942383e+01
   5.6294840e+06   5.2856445e+01
   5.6298570e+06   4.2785645e+01
   5.6439790e+06   4.5959473e+01
   5.6443360e+06   5.1940918e+01
   5.6556570e+06   3.9550781e+01
   5.6563010e+06   4.5837402e+01
   5.6729160e+06   1.1035156e+02
   5.6733500e+06   1.0638428e+02
   5.6733810e+06   4.0466309e+01
   5.6733930e+06   4.2663574e+01
   5.6734460e+06   1.1218262e+02
   5.6734610e+06   4.3151855e+01
   5.6734770e+06   5.7006836e+01
   5.6735010e+06   3.9611816e+01
   5.6735470e+06   6.0424805e+01
   5.6735760e+06   6.3232422e+01
   5.6736230e+06   4.9072266e+01
   5.6736360e+06   5.4565430e+01
   5.6737000e+06   3.9916992e+01
   5.6739010e+06   4.5104980e+01
   5.6786610e+06   4.3762207e+01
   5.6808790e+06   5.1025391e+01
   5.6842940e+06   4.5532227e+01
   5.6845480e+06   6.1645508e+01
   5.6851760e+06   5.4016113e+01
   5.6853470e+06   6.3903809e+01
   5.6853640e+06   1.1474609e+02
   5.6854090e+06   4.4921875e+01
   5.6854190e+06   6.2011719e+01
   5.6854950e+06   4.5471191e+01
   5.6855250e+06   5.7128906e+01
   5.6855560e+06   4.2602539e+01
   5.6855890e+06   7.0312500e+01
   5.6855990e+06   5.4504395e+01
   5.6856330e+06   8.7341309e+01
   5.6856660e+06   5.9082031e+01
   5.6857010e+06   4.9316406e+01
   5.6857690e+06   4.0527344e+01
   5.6858960e+06   4.3884277e+01
   5.6860170e+06   4.3762207e+01
   5.6861240e+06   4.5532227e+01
   5.6862270e+06   3.9489746e+01
   5.6863390e+06   4.3579102e+01
   5.6865750e+06   4.5471191e+01
   5.6867220e+06   4.9316406e+01
   5.6869740e+06   5.2673340e+01
   5.6871210e+06   4.7546387e+01
   5.6872890e+06   4.9926758e+01
   5.6874390e+06   6.0180664e+01
   5.6876450e+06   5.0537109e+01
   5.6878190e+06   5.6884766e+01
   5.6879920e+06   5.3894043e+01
   5.6882030e+06   8.2092285e+01
   5.6883900e+06   6.2927246e+01
   5.6885760e+06   6.4941406e+01
   5.6898530e+06   9.8937988e+01
   5.6934450e+06   4.0222168e+01
   5.6936410e+06   4.3579102e+01
   5.7378800e+06   1.1181641e+02
   5.7379200e+06   5.5786133e+01
   5.7380530e+06   1.0369873e+02
   5.7380890e+06   6.9519043e+01
   5.7381050e+06   5.3588867e+01
   5.7381300e+06   6.0729980e+01
   5.7381820e+06   4.4738770e+01
   5.7381920e+06   1.1492920e+02
   5.7382150e+06   4.1687012e+01
   5.7382310e+06   4.1992188e+01
   5.7382590e+06   4.3395996e+01
   5.7382920e+06   1.0162354e+02
   5.7383060e+06   5.3039551e+01
   5.7383270e+06   4.9011230e+01
   5.7384150e+06   5.7434082e+01
   5.7384500e+06   4.1564941e+01
   5.7384730e+06   4.7546387e+01
   5.7385620e+06   4.7424316e+01
   5.7389070e+06   4.6447754e+01
   5.7391090e+06   6.9763184e+01
   5.7396870e+06   3.9672852e+01
   5.7402480e+06   4.5104980e+01
   5.7406940e+06   4.1931152e+01
   5.7409390e+06   4.5043945e+01
   5.7726580e+06   1.2091064e+02
   5.7727080e+06   6.4514160e+01
   5.7799450e+06   1.2243652e+02
   5.7799980e+06   6.2194824e+01
   5.7824730e+06   1.2658691e+02
   5.7825700e+06   8.6364746e+01
   5.7852760e+06   1.0180664e+02
   5.7853390e+06   8.0810547e+01
   5.7864230e+06   1.0754395e+02
   5.7915300e+06   1.0394287e+02
   5.7947220e+06   5.7067871e+01
   5.7949970e+06   4.3823242e+01
   5.7955160e+06   4.1442871e+01
   5.7961260e+06   4.7729492e+01
   5.7961860e+06   4.3579102e+01
   5.7962130e+06   4.1198730e+01
   5.7962330e+06   4.2419434e+01
   5.7962510e+06   1.1901855e+02
   5.7962910e+06   5.3771973e+01
   5.7963320e+06   4.3212891e+01
   5.7963600e+06   4.4494629e+01
   5.7964080e+06   6.9885254e+01
   5.7964390e+06   4.7180176e+01
   5.7964730e+06   5.0231934e+01
   5.7971970e+06   1.0705566e+02
   5.8238080e+06   4.1625977e+01
   5.8239340e+06   5.3344727e+01
   5.8245220e+06   7.4157715e+01
   5.8246420e+06   4.5532227e+01
   5.8253860e+06   7.5134277e+01
   5.8257430e+06   4.4250488e+01
   5.8265050e+06   6.9946289e+01
   5.8416600e+06   1.1639404e+02
   5.8417050e+06   5.4626465e+01
   5.8427450e+06   1.1303711e+02
   5.8525040e+06   3.9550781e+01
   5.8529750e+06   4.7241211e+01
   5.8536590e+06   4.3518066e+01
   5.8695720e+06   1.0858154e+02
   5.8771200e+06   1.1773682e+02
   5.8833740e+06   5.4809570e+01
   5.8837810e+06   5.1269531e+01
   5.8844090e+06   6.0546875e+01
   5.8848930e+06   5.1696777e+01
   5.9060620e+06   4.9072266e+01
   5.9064070e+06   4.9072266e+01
   5.9078540e+06   5.5847168e+01
   5.9219080e+06   1.3281250e+02
   5.9219490e+06   4.6142578e+01
   5.9288020e+06   1.2658691e+02
   5.9319180e+06   5.0170898e+01
   5.9320630e+06   4.5715332e+01
   5.9324850e+06   5.0415039e+01
   5.9585250e+06   4.8095703e+01
   5.9590630e+06   6.1767578e+01
   5.9599100e+06   3.9794922e+01
   5.9822650e+06   5.0659180e+01
   5.9831510e+06   4.4677734e+01
   6.0118880e+06   6.3476562e+01
   6.0122800e+06   4.7729492e+01
   6.0129440e+06   4.0710449e+01
   6.0144940e+06   4.2480469e+01
   6.0393000e+06   4.2724609e+01
   6.0400990e+06   5.3588867e+01
   6.0574520e+06   1.1468506e+02
   6.0576130e+06   1.2994385e+02
   6.0576550e+06   6.4514160e+01
   6.0577250e+06   4.1625977e+01
   6.0577520e+06   9.2651367e+01
   6.0578270e+06   5.1879883e+01
   6.0578400e+06   4.5288086e+01
   6.0579000e+06   4.0832520e+01
   6.0579480e+06   4.0283203e+01
   6.0579630e+06   6.6955566e+01
   6.0580070e+06   4.3029785e+01
   6.0622800e+06   4.9865723e+01
   6.0626420e+06   4.5715332e+01
   6.0633080e+06   5.0109863e+01
   6.1068860e+06   1.2072754e+02
   6.1069320e+06   5.7800293e+01
   6.1074240e+06   5.3527832e+01
   6.1079060e+06   4.9560547e+01
   6.1208450e+06   1.1035156e+02
   6.1208900e+06   6.4208984e+01
   6.1361960e+06   1.1175537e+02
   6.1406780e+06   9.5703125e+01
   6.1407240e+06   4.8461914e+01
   6.1439660e+06   4.9926758e+01
   6.1446290e+06   4.3701172e+01
   6.1450650e+06   5.9692383e+01
   6.1473500e+06   5.3222656e+01
   6.1643120e+06   1.2115479e+02
   6.1643610e+06   5.5847168e+01
   6.1711650e+06   1.1083984e+02
   6.1751110e+06   1.1193848e+02
   6.1751620e+06   6.3415527e+01
   6.1919520e+06   1.1859131e+02
   6.1978760e+06   4.5593262e+01
   6.1984360e+06   5.6335449e+01
   6.2200830e+06   6.0180664e+01
   6.2209330e+06   6.1950684e+01
   6.2377930e+06   9.5764160e+01
   6.2378380e+06   5.5541992e+01
   6.2381470e+06   1.2713623e+02
   6.2381670e+06   4.1748047e+01
   6.2381920e+06   8.7585449e+01
   6.2382420e+06   5.4077148e+01
   6.2382770e+06   4.3945312e+01
   6.2382910e+06   4.9743652e+01
   6.2383410e+06   4.2785645e+01
   6.2383700e+06   8.0322266e+01
   6.2383970e+06   6.3232422e+01
   6.2384590e+06   1.0522461e+02
   6.2432730e+06   4.3762207e+01
   6.2434790e+06   4.5837402e+01
   6.2777040e+06   1.0333252e+02
   6.2777480e+06   5.1330566e+01
   6.2826010e+06   9.0454102e+01
   6.2826580e+06   7.9589844e+01
   6.2844410e+06   1.0565186e+02
   6.2862190e+06   1.2060547e+02
   6.2875730e+06   1.0888672e+02
   6.2917300e+06   1.2542725e+02
   6.3017660e+06   5.1879883e+01
   6.3031910e+06   6.4453125e+01
   6.3177520e+06   1.2591553e+02
   6.3178150e+06   6.2255859e+01
   6.3250000e+06   1.2231445e+02
   6.3250560e+06   6.0241699e+01
   6.3411300e+06   1.2078857e+02
   6.3411770e+06   5.8044434e+01
   6.3449690e+06   1.1169434e+02
   6.3450290e+06   6.6101074e+01
   6.3471220e+06   1.2329102e+02
   6.3555880e+06   5.7556152e+01
   6.3575340e+06   5.2917480e+01
   6.3915880e+06   5.5175781e+01
   6.3921850e+06   4.5898438e+01
   6.3933830e+06   5.3161621e+01
   6.4599080e+06   4.5593262e+01
   6.4604180e+06   6.4575195e+01
   6.4605580e+06   1.1553955e+02
   6.4605680e+06   8.5266113e+01
   6.4605920e+06   4.6081543e+01
   6.4606440e+06   5.1696777e+01
   6.4606550e+06   5.5969238e+01
   6.4606840e+06   5.6091309e+01
   6.4607090e+06   4.6569824e+01
   6.4607300e+06   1.1706543e+02
   6.4607570e+06   4.0710449e+01
   6.4611840e+06   4.3884277e+01
   6.4844810e+06   1.0968018e+02
   6.4845540e+06   7.7148438e+01
   6.5000350e+06   1.1492920e+02
   6.5000840e+06   5.7373047e+01
   6.5008830e+06   4.7729492e+01
   6.5039120e+06   5.8837891e+01
   6.5057480e+06   5.1452637e+01
   6.5183170e+06   1.0400391e+02
   6.5183820e+06   6.1340332e+01
   6.5222150e+06   1.2536621e+02
   6.5222750e+06   6.1584473e+01
   6.5245590e+06   1.2609863e+02
   6.5318080e+06   1.1944580e+02
   6.5351350e+06   1.1206055e+02
   6.5372270e+06   1.0925293e+02
   6.5406020e+06   9.9609375e+01
   6.5436970e+06   1.1224365e+02
   6.5464640e+06   1.2322998e+02
   6.5492270e+06   5.2062988e+01
   6.5499570e+06   6.1401367e+01
   6.5603440e+06   1.0839844e+02
   6.5625230e+06   1.2414551e+02
   6.5637430e+06   1.2622070e+02
   6.5667250e+06   1.2664795e+02
   6.5680140e+06   5.8654785e+01
   6.5794300e+06   1.0449219e+02
   6.5874210e+06   5.0903320e+01
   6.5880240e+06   4.1137695e+01
   6.5881130e+06   4.9499512e+01
   6.5983700e+06   1.1907959e+02
   6.6050680e+06   1.1267090e+02
   6.6051240e+06   7.0434570e+01
   6.6059320e+06   5.5847168e+01
   6.6068720e+06   6.9213867e+01
   6.6088420e+06   5.0964355e+01
   6.6351090e+06   6.4941406e+01
   6.6355460e+06   5.3161621e+01
   6.6549700e+06   1.3171387e+02
   6.6550110e+06   4.9743652e+01
   6.6551780e+06   1.3720703e+02
   6.6551960e+06   4.4433594e+01
   6.6552280e+06   4.9804688e+01
   6.6552780e+06   3.9733887e+01
   6.6552990e+06   5.3283691e+01
   6.6553140e+06   6.9519043e+01
   6.6553860e+06   5.6945801e+01
   6.6553980e+06   1.1663818e+02
   6.6554170e+06   6.2866211e+01
   6.6555660e+06   4.8706055e+01
   6.6611300e+06   4.8217773e+01
   6.6615420e+06   4.1748047e+01
   6.6617770e+06   4.4677734e+01
   6.6623840e+06   5.1696777e+01
   6.6955120e+06   1.1328125e+02
   6.6955640e+06   6.6894531e+01
   6.6961050e+06   1.1016846e+02
   6.6961520e+06   4.0100098e+01
   6.6966000e+06   1.2426758e+02
   6.6966510e+06   4.1748047e+01
   6.6969400e+06   1.2066650e+02
   6.6969780e+06   4.1503906e+01
   6.6970270e+06   5.3466797e+01
   6.6970410e+06   4.8828125e+01
   6.6970690e+06   5.3039551e+01
   6.6971320e+06   4.0832520e+01
   6.6971500e+06   4.8828125e+01
   6.6972140e+06   6.4392090e+01
   6.6972660e+06   1.0992432e+02
   6.6973060e+06   3.9855957e+01
   6.6973840e+06   4.3579102e+01
   6.6975240e+06   6.4208984e+01
   6.6979290e+06   4.2785645e+01
   6.6979830e+06   4.2602539e+01
   6.6980980e+06   4.7973633e+01
   6.6983970e+06   6.4208984e+01
   6.6988620e+06   7.6721191e+01
   6.6989480e+06   4.5959473e+01
   6.7052200e+06   4.8400879e+01
   6.7430170e+06   9.8388672e+01
   6.7430730e+06   7.0373535e+01
   6.7431690e+06   8.5144043e+01
   6.7432290e+06   4.7851562e+01
   6.7432720e+06   8.0749512e+01
   6.7433460e+06   6.2683105e+01
   6.7433710e+06   9.1369629e+01
   6.7433860e+06   5.9631348e+01
   6.7434400e+06   6.0913086e+01
   6.7435130e+06   4.2297363e+01
   6.7435290e+06   8.6120605e+01
   6.7435850e+06   4.9682617e+01
   6.7436670e+06   5.9082031e+01
   6.7438770e+06   4.3884277e+01
   6.7439960e+06   4.3395996e+01
   6.7443210e+06   7.9284668e+01
   6.7445810e+06   7.2509766e+01
   6.7789870e+06   1.1938477e+02
   6.7817860e+06   1.1663818e+02
   6.7844130e+06   1.1444092e+02
   6.7965950e+06   6.0791016e+01
   6.7972400e+06   6.3659668e+01
   6.7979640e+06   4.1870117e+01
   6.7979820e+06   1.3897705e+02
   6.7980550e+06   3.9733887e+01
   6.7980880e+06   4.7790527e+01
   6.7981130e+06   4.0161133e+01
   6.7981890e+06   4.1748047e+01
   6.7982130e+06   1.1193848e+02
   6.7982670e+06   4.9804688e+01
   6.7982850e+06   4.5837402e+01
   6.7984040e+06   5.2795410e+01
   6.7984330e+06   4.5898438e+01
   6.7987580e+06   8.3801270e+01
   6.7991000e+06   8.5754395e+01
   6.7994940e+06   9.3688965e+01
   6.8009710e+06   4.1870117e+01
   6.8012130e+06   4.3640137e+01
   6.8325960e+06   1.2322998e+02
   6.8397920e+06   4.5898438e+01
   6.8400060e+06   5.1818848e+01
   6.8429060e+06   5.2124023e+01
   6.8558990e+06   1.2548828e+02
   6.8559110e+06   4.6569824e+01
   6.8623790e+06   1.0101318e+02
   6.8674760e+06   1.0369873e+02
   6.8713130e+06   5.4809570e+01
   6.8716140e+06   5.4077148e+01
   6.8857140e+06   1.2274170e+02
   6.8857730e+06   6.5917969e+01
   6.8909310e+06   1.1523437e+02
   6.8982210e+06   1.1566162e+02
   6.8987190e+06   5.9753418e+01
   6.8991950e+06   4.9987793e+01
   6.9156650e+06   1.1920166e+02
   6.9233130e+06   9.8266602e+01
   6.9233950e+06   4.7180176e+01
   6.9238200e+06   6.3842773e+01
   6.9404800e+06   1.2744141e+02
   6.9458970e+06   5.3649902e+01
   6.9474140e+06   5.0659180e+01
   6.9650210e+06   4.9987793e+01
   6.9849820e+06   4.8522949e+01
   6.9861550e+06   4.5227051e+01
   7.0057560e+06   4.9438477e+01
   7.0059000e+06   4.2541504e+01
   7.0069570e+06   4.9377441e+01
   7.0076790e+06   4.4982910e+01
   7.0280140e+06   5.7006836e+01
   7.0484010e+06   4.1809082e+01
   7.0705210e+06   4.5532227e+01
   7.0709030e+06   5.9448242e+01
   7.0722770e+06   4.4921875e+01
   7.0949680e+06   5.1330566e+01
   7.0949790e+06   4.8278809e+01
   7.1183390e+06   5.2612305e+01
   7.1187830e+06   4.8339844e+01
   7.1193860e+06   5.4382324e+01
   7.1424070e+06   5.7067871e+01
   7.1429590e+06   4.9011230e+01
   7.1662060e+06   6.3781738e+01
   7.1675660e+06   4.1809082e+01
   7.1927540e+06   4.8583984e+01
   7.1934830e+06   4.6142578e+01
   7.1943100e+06   4.5104980e+01
   7.2177070e+06   5.7434082e+01
   7.2348110e+06   5.8471680e+01
   7.2514850e+06   1.1499023e+02
   7.2516350e+06   8.6364746e+01
   7.2516650e+06   6.6162109e+01
   7.2517570e+06   8.4411621e+01
   7.2517850e+06   4.4128418e+01
   7.2518290e+06   1.2066650e+02
   7.2518430e+06   7.1289062e+01
   7.2518700e+06   4.2724609e+01
   7.2519710e+06   4.7058105e+01
   7.2519960e+06   4.1137695e+01
   7.2530380e+06   4.3090820e+01
   7.2536620e+06   5.9814453e+01
   7.2576220e+06   4.6386719e+01
   7.2577670e+06   4.1015625e+01
   7.2578910e+06   4.9438477e+01
   7.2659980e+06   5.7006836e+01
   7.2796760e+06   1.1029053e+02
   7.2818220e+06   1.1950684e+02
   7.2842950e+06   1.0662842e+02
   7.2853250e+06   1.3165283e+02
   7.2861140e+06   1.0974121e+02
   7.2869190e+06   1.1462402e+02
   7.2876590e+06   9.2956543e+01
   7.2884650e+06   1.1206055e+02
   7.2898130e+06   1.0656738e+02
   7.2913780e+06   1.0522461e+02
   7.2929180e+06   9.8693848e+01
   7.2940290e+06   1.0986328e+02
   7.2955680e+06   1.0729980e+02
   7.2968450e+06   1.0906982e+02
   7.2979900e+06   1.0217285e+02
   7.2989230e+06   9.5947266e+01
   7.2998950e+06   1.0821533e+02
   7.3005780e+06   1.0693359e+02
   7.3023300e+06   9.7106934e+01
   7.3047080e+06   1.1102295e+02
   7.3056940e+06   1.1169434e+02
   7.3068130e+06   9.8144531e+01
   7.3088190e+06   1.0455322e+02
   7.3108380e+06   1.1749268e+02
   7.3109660e+06   4.9255371e+01
   7.3114420e+06   5.8288574e+01
   7.3121400e+06   4.1687012e+01
   7.3153130e+06   5.5175781e+01
   7.3266450e+06   1.1492920e+02
   7.3284450e+06   1.1877441e+02
   7.3294770e+06   1.1267090e+02
   7.3305580e+06   1.2579346e+02
   7.3314040e+06   1.1346436e+02
   7.3325950e+06   1.1999512e+02
   7.3333940e+06   1.0943604e+02
   7.3341990e+06   1.1730957e+02
   7.3361620e+06   9.4970703e+01
   7.3375350e+06   1.0614014e+02
   7.3396000e+06   1.2396240e+02
   7.3404830e+06   1.1871338e+02
   7.3411960e+06   1.2591553e+02
   7.3431950e+06   1.1468506e+02
   7.3444670e+06   1.2414551e+02
   7.3465350e+06   1.1920166e+02
   7.3483470e+06   1.0021973e+02
   7.3518920e+06   1.1035156e+02
   7.3550630e+06   5.7373047e+01
   7.3558220e+06   4.6386719e+01
   7.3563640e+06   5.1879883e+01
   7.3623110e+06   1.1077881e+02
   7.3640140e+06   9.6557617e+01
   7.3649040e+06   6.2561035e+01
   7.3657140e+06   1.0345459e+02
   7.3703890e+06   1.2011719e+02
   7.3728950e+06   1.0668945e+02
   7.3930270e+06   4.7180176e+01
   7.3936850e+06   4.3945312e+01
   7.3937820e+06   5.1025391e+01
   7.4042160e+06   1.2780762e+02
   7.4042650e+06   6.5429688e+01
   7.4125300e+06   5.6030273e+01
   7.4345700e+06   4.2236328e+01
   7.4354150e+06   5.0292969e+01
   7.4465510e+06   6.0485840e+01
   7.4470400e+06   4.1015625e+01
   7.4470950e+06   3.9672852e+01
   7.4476920e+06   5.1391602e+01
   7.4681230e+06   4.5593262e+01
   7.4917060e+06   4.8400879e+01
   7.4926770e+06   5.7983398e+01
   7.5000190e+06   1.2109375e+02
   7.5000520e+06   6.5246582e+01
   7.5001020e+06   5.8288574e+01
   7.5001130e+06   4.6386719e+01
   7.5001360e+06   9.9670410e+01
   7.5001900e+06   5.2917480e+01
   7.5002220e+06   7.9223633e+01
   7.5002600e+06   6.7016602e+01
   7.5002730e+06   3.9855957e+01
   7.5052650e+06   4.9438477e+01
   7.5054430e+06   3.9672852e+01
   7.5131620e+06   4.1870117e+01
   7.5139550e+06   5.2917480e+01
   7.5155310e+06   5.1452637e+01
   7.5161990e+06   4.5532227e+01
   7.5387270e+06   1.2109375e+02
   7.5407010e+06   1.1535645e+02
   7.5425680e+06   1.0595703e+02
   7.5444230e+06   1.2005615e+02
   7.5459560e+06   1.2023926e+02
   7.5477240e+06   1.2127686e+02
   7.5498360e+06   9.8937988e+01
   7.5516810e+06   1.2243652e+02
   7.5532130e+06   1.1962891e+02
   7.5553520e+06   1.0363770e+02
   7.5601220e+06   4.5227051e+01
   7.5607420e+06   5.5603027e+01
   7.5713920e+06   9.7534180e+01
   7.5714370e+06   5.9631348e+01
   7.5829200e+06   9.8388672e+01
   7.5843130e+06   1.0748291e+02
   7.5867500e+06   4.2846680e+01
   7.5872670e+06   6.8176270e+01
   7.5983200e+06   1.2188721e+02
   7.6076860e+06   1.3189697e+02
   7.6090800e+06   4.9621582e+01
   7.6096860e+06   7.3242188e+01
   7.6218100e+06   1.2176514e+02
   7.6300120e+06   4.1870117e+01
   7.6546160e+06   3.9855957e+01
   7.6546370e+06   5.7312012e+01
   7.6737430e+06   5.0659180e+01
   7.6751010e+06   5.7434082e+01
   7.6815760e+06   4.1870117e+01
   7.6861330e+06   4.1137695e+01
   7.6981980e+06   4.2785645e+01
   7.6986860e+06   6.7749023e+01
   7.6993100e+06   4.4311523e+01
   7.7230200e+06   5.5908203e+01
   7.7236110e+06   4.3640137e+01
   7.7236560e+06   6.0791016e+01
   7.7526340e+06   4.7363281e+01
   7.7534700e+06   4.9743652e+01
   7.7929970e+06   6.0729980e+01
   7.7936820e+06   4.7912598e+01
   7.8105590e+06   4.8583984e+01
   7.8112860e+06   4.5288086e+01
   7.8297500e+06   4.1809082e+01
   7.8525770e+06   1.2200928e+02
   7.8526220e+06   5.0720215e+01
   7.8527340e+06   9.0393066e+01
   7.8527720e+06   5.7983398e+01
   7.8527900e+06   5.4321289e+01
   7.8528010e+06   5.7800293e+01
   7.8528380e+06   4.5715332e+01
   7.8528550e+06   7.6599121e+01
   7.8528890e+06   4.3151855e+01
   7.8529020e+06   4.7058105e+01
   7.8529290e+06   1.4282227e+02
   7.8529400e+06   6.1889648e+01
   7.8530480e+06   4.3273926e+01
   7.8530640e+06   4.6691895e+01
   7.8546800e+06   5.4321289e+01
   7.8549210e+06   4.7485352e+01
   7.8616300e+06   5.5908203e+01
   7.8619480e+06   5.1086426e+01
   7.8621130e+06   5.7250977e+01
   7.8622410e+06   4.8400879e+01
   7.8630290e+06   4.1748047e+01
   7.8669690e+06   6.1950684e+01
   7.8685080e+06   4.3640137e+01
   7.8837950e+06   1.2603760e+02
   7.8866670e+06   1.2573242e+02
   7.8880910e+06   1.1639404e+02
   7.8897490e+06   1.1273193e+02
   7.8903220e+06   1.2182617e+02
   7.8918810e+06   1.2310791e+02
   7.8930460e+06   1.0845947e+02
   7.8941550e+06   1.1938477e+02
   7.8953380e+06   9.8937988e+01
   7.8960990e+06   1.1260986e+02
   7.8970890e+06   1.0040283e+02
   7.8991040e+06   1.0742188e+02
   7.9009840e+06   1.0559082e+02
   7.9023630e+06   1.1499023e+02
   7.9040800e+06   1.1279297e+02
   7.9112420e+06   1.1578369e+02
   7.9135790e+06   1.0308838e+02
   7.9144330e+06   1.1328125e+02
   7.9158120e+06   1.1633301e+02
   7.9178990e+06   1.0998535e+02
   7.9248270e+06   1.1749268e+02
   7.9264280e+06   5.3833008e+01
   7.9341520e+06   1.1511230e+02
   7.9366180e+06   1.1712646e+02
   7.9449150e+06   1.2585449e+02
   7.9565300e+06   4.1870117e+01
   7.9570600e+06   5.1513672e+01
   7.9575020e+06   5.7556152e+01
   7.9696660e+06   1.0821533e+02
   7.9807330e+06   5.3405762e+01
   7.9816980e+06   5.1818848e+01
   8.0103340e+06   4.5654297e+01
   8.0110020e+06   5.0170898e+01
   8.0348900e+06   4.6081543e+01
   8.0660050e+06   6.0852051e+01
   8.0942290e+06   5.2368164e+01
   8.1197300e+06   5.2001953e+01
   8.1448060e+06   5.4016113e+01
   8.1718450e+06   4.2297363e+01
   8.1923280e+06   5.3222656e+01
   8.1929520e+06   5.3222656e+01
   8.2108910e+06   5.1269531e+01
   8.2338280e+06   4.8156738e+01
   8.2345350e+06   5.5175781e+01
   8.2429090e+06   4.2358398e+01
   8.2615290e+06   4.3395996e+01
   8.2618240e+06   4.7668457e+01
   8.2621670e+06   1.0229492e+02
   8.2621960e+06   5.9692383e+01
   8.2622410e+06   4.1564941e+01
   8.2622670e+06   6.2377930e+01
   8.2622870e+06   5.5786133e+01
   8.2622970e+06   1.1437988e+02
   8.2623320e+06   4.5532227e+01
   8.2623530e+06   8.5327148e+01
   8.2624020e+06   4.2724609e+01
   8.2624320e+06   4.6508789e+01
   8.2624670e+06   4.1198730e+01
   8.2676570e+06   4.6752930e+01
   8.2678480e+06   4.2419434e+01
   8.2724300e+06   6.0974121e+01
   8.2724940e+06   8.3068848e+01
   8.2725580e+06   9.8022461e+01
   8.2725830e+06   1.0028076e+02
   8.2726000e+06   4.4128418e+01
   8.2726470e+06   4.1137695e+01
   8.2726590e+06   4.0039062e+01
   8.2727010e+06   5.5114746e+01
   8.2727920e+06   4.9438477e+01
   8.2728270e+06   4.7729492e+01
   8.2729040e+06   4.7546387e+01
   8.2729630e+06   5.6457520e+01
   8.2730960e+06   4.1198730e+01
   8.2732750e+06   5.9936523e+01
   8.2734320e+06   4.1931152e+01
   8.2740120e+06   4.8522949e+01
   8.2742540e+06   6.5673828e+01
   8.2743900e+06   4.2480469e+01
   8.2745270e+06   4.2297363e+01
   8.2745670e+06   5.5541992e+01
   8.2746170e+06   4.0954590e+01
   8.2747160e+06   5.8166504e+01
   8.2749120e+06   5.1818848e+01
   8.2750700e+06   6.8176270e+01
   8.2752280e+06   7.0556641e+01
   8.2754010e+06   7.1777344e+01
   8.2755870e+06   6.6284180e+01
   8.2758670e+06   6.7504883e+01
   8.2762580e+06   8.7341309e+01
   8.2768440e+06   4.0039063e+01
   8.2768770e+06   1.1077881e+02
   8.2772020e+06   1.0650635e+02
   8.2961450e+06   9.7351074e+01
   8.2961670e+06   4.1381836e+01
   8.2973570e+06   1.2554932e+02
   8.3015780e+06   9.8815918e+01
   8.3044470e+06   1.1425781e+02
   8.3079520e+06   1.1676025e+02
   8.3118840e+06   1.1480713e+02
   8.3119670e+06   8.1237793e+01
   8.3167050e+06   1.1505127e+02
   8.3179440e+06   1.2438965e+02
   8.3215740e+06   1.1425781e+02
   8.3232860e+06   1.2371826e+02
   8.3249310e+06   1.0473633e+02
   8.3270160e+06   1.1090088e+02
   8.3278510e+06   9.8144531e+01
   8.3365080e+06   5.3466797e+01
   8.3370340e+06   7.8796387e+01
   8.3370630e+06   4.2663574e+01
   8.3370750e+06   4.2602539e+01
   8.3371070e+06   4.3640137e+01
   8.3371240e+06   1.0144043e+02
   8.3371450e+06   4.7973633e+01
   8.3371560e+06   5.7983398e+01
   8.3371830e+06   5.0720215e+01
   8.3372160e+06   8.1420898e+01
   8.3372310e+06   6.0607910e+01
   8.3372650e+06   5.6030273e+01
   8.3373040e+06   4.6325684e+01
   8.3373910e+06   5.4809570e+01
   8.3375520e+06   6.2011719e+01
   8.3377010e+06   4.9255371e+01
   8.3377510e+06   6.4086914e+01
   8.3378290e+06   5.3466797e+01
   8.3381130e+06   6.2561035e+01
   8.3387540e+06   9.0698242e+01
   8.3387700e+06   4.4433594e+01
   8.3616810e+06   5.5541992e+01
   8.3622110e+06   4.8583984e+01
   8.3632340e+06   5.5358887e+01
   8.3646950e+06   4.6020508e+01
   8.3757350e+06   5.2734375e+01
   8.3764900e+06   5.5053711e+01
   8.3767680e+06   5.0048828e+01
   8.3872540e+06   1.2048340e+02
   8.3873090e+06   6.8481445e+01
   8.3997460e+06   5.1330566e+01
   8.4000260e+06   5.8288574e+01
   8.4003370e+06   4.7485352e+01
   8.4006910e+06   1.1041260e+02
   8.4007400e+06   5.6091309e+01
   8.4007850e+06   1.4001465e+02
   8.4007950e+06   4.8645020e+01
   8.4008360e+06   4.2724609e+01
   8.4008580e+06   7.1838379e+01
   8.4008730e+06   4.1076660e+01
   8.4009010e+06   7.7941895e+01
   8.4009360e+06   8.2519531e+01
   8.4009510e+06   5.4077148e+01
   8.4010000e+06   6.1767578e+01
   8.4017330e+06   9.1247559e+01
   8.4030360e+06   9.4909668e+01
   8.4040560e+06   3.9733887e+01
   8.4285580e+06   5.9448242e+01
   8.4289630e+06   5.6030273e+01
   8.4294740e+06   4.0161133e+01
   8.4300570e+06   5.6945801e+01
   8.4306950e+06   5.0109863e+01
   8.4490270e+06   9.2041016e+01
   8.4490700e+06   4.4860840e+01
   8.4507610e+06   6.0424805e+01
   8.4511890e+06   5.4870605e+01
   8.4516140e+06   4.8400879e+01
   8.4527310e+06   5.1879883e+01
   8.4671610e+06   1.1022949e+02
   8.4672160e+06   6.7199707e+01
   8.4849660e+06   4.9499512e+01
   8.4856900e+06   4.7668457e+01
   8.4862960e+06   4.0039062e+01
   8.5074340e+06   4.4372559e+01
   8.5079860e+06   4.3579102e+01
   8.5086700e+06   5.1696777e+01
   8.5103410e+06   4.2297363e+01
   8.5242390e+06   5.7434082e+01
   8.5252990e+06   3.9978027e+01
   8.5429170e+06   5.9143066e+01
   8.5433730e+06   5.2185059e+01
   8.5618650e+06   6.4758301e+01
   8.5623030e+06   5.0109863e+01
   8.5632920e+06   5.2001953e+01
   8.5913710e+06   4.5410156e+01
   8.5917010e+06   5.1757812e+01
   8.6195160e+06   5.5786133e+01
   8.6200370e+06   3.9733887e+01
   8.6224550e+06   4.9316406e+01
   8.6591640e+06   4.4677734e+01
   8.6596670e+06   5.0170898e+01
   8.6604070e+06   4.3395996e+01
   8.6827660e+06   4.1870117e+01
   8.6999940e+06   1.0540771e+02
   8.7000350e+06   4.1381836e+01
   8.7001700e+06   1.0961914e+02
   8.7001970e+06   4.6936035e+01
   8.7002600e+06   6.4758301e+01
   8.7003050e+06   7.8552246e+01
   8.7003790e+06   7.4890137e+01
   8.7004040e+06   4.3212891e+01
   8.7004440e+06   4.2175293e+01
   8.7005460e+06   4.7912598e+01
   8.7006560e+06   4.4128418e+01
   8.7012180e+06   4.1015625e+01
   8.7332370e+06   1.1206055e+02
   8.7363170e+06   1.2561035e+02
   8.7387890e+06   9.0393066e+01
   8.7408380e+06   1.1444092e+02
   8.7416160e+06   1.1706543e+02
   8.7425040e+06   1.1212158e+02
   8.7462450e+06   1.0144043e+02
   8.7488460e+06   1.0125732e+02
   8.7518370e+06   4.1503906e+01
   8.7529440e+06   5.2551270e+01
   8.7664250e+06   1.0375977e+02
   8.7674200e+06   1.1676025e+02
   8.7699540e+06   1.1932373e+02
   8.7717680e+06   1.1932373e+02
   8.7749390e+06   1.1914062e+02
   8.7765010e+06   1.0369873e+02
   8.7779840e+06   1.2548828e+02
   8.7800480e+06   1.2896729e+02
   8.7833880e+06   1.2084961e+02
   8.7845650e+06   1.1676025e+02
   8.7867800e+06   1.1999512e+02
   8.7878760e+06   1.2438965e+02
   8.7888920e+06   1.1315918e+02
   8.7899780e+06   9.6313477e+01
   8.7911790e+06   1.0034180e+02
   8.7922750e+06   1.0064697e+02
   8.7925310e+06   4.4189453e+01
   8.7930990e+06   6.1767578e+01
   8.8057950e+06   1.1694336e+02
   8.8174250e+06   1.1193848e+02
   8.8174700e+06   4.7546387e+01
   8.8257100e+06   1.2268066e+02
   8.8393720e+06   5.2062988e+01
   8.8401990e+06   4.4128418e+01
   8.8787320e+06   4.9499512e+01
   8.8793250e+06   5.0170898e+01
   8.9209560e+06   6.0607910e+01
   8.9650450e+06   5.0842285e+01
   8.9654890e+06   6.3415527e+01
   9.0346070e+06   4.5043945e+01
   9.0666300e+06   1.1822510e+02
   9.0666560e+06   6.8542480e+01
   9.0666700e+06   5.8288574e+01
   9.0667030e+06   5.4931641e+01
   9.0667200e+06   4.8339844e+01
   9.0667480e+06   6.4270020e+01
   9.0667620e+06   5.3466797e+01
   9.0667840e+06   5.2673340e+01
   9.0668050e+06   4.0527344e+01
   9.0668440e+06   9.2895508e+01
   9.0670070e+06   6.2683105e+01
   9.1001840e+06   1.2115479e+02
   9.1002290e+06   4.9865723e+01
   9.1014550e+06   1.1840820e+02
   9.1025250e+06   1.0516357e+02
   9.1039020e+06   1.2792969e+02
   9.1054450e+06   1.0363770e+02
   9.1063890e+06   1.1828613e+02
   9.1074020e+06   9.4848633e+01
   9.1086660e+06   1.1419678e+02
   9.1093970e+06   5.6762695e+01
   9.1095450e+06   5.9326172e+01
   9.1101940e+06   4.4494629e+01
   9.1189920e+06   1.0363770e+02
   9.1200700e+06   9.5458984e+01
   9.1212870e+06   1.1724854e+02
   9.1222060e+06   1.1669922e+02
   9.1230610e+06   1.0729980e+02
   9.1240040e+06   9.7900391e+01
   9.1247560e+06   1.1834717e+02
   9.1262420e+06   1.0485840e+02
   9.1273250e+06   1.0150146e+02
   9.1284790e+06   1.0064697e+02
   9.1293570e+06   1.0803223e+02
   9.1307310e+06   1.0137939e+02
   9.1322940e+06   1.1419678e+02
   9.1331390e+06   1.2030029e+02
   9.1362810e+06   1.2432861e+02
   9.1372880e+06   1.1816406e+02
   9.1403700e+06   1.2750244e+02
   9.1418360e+06   1.1389160e+02
   9.1446950e+06   1.0638428e+02
   9.1454850e+06   1.0308838e+02
   9.1489200e+06   1.2469482e+02
   9.1502690e+06   1.0284424e+02
   9.1510680e+06   5.6091309e+01
   9.1515180e+06   4.7241211e+01
   9.1619700e+06   1.4135742e+02
   9.1653770e+06   1.2817383e+02
   9.1717380e+06   1.1108398e+02
   9.2067430e+06   5.1086426e+01
   9.2072900e+06   6.4453125e+01
   9.2085870e+06   5.2490234e+01
   9.2362440e+06   5.3588867e+01
   9.2366260e+06   3.9550781e+01
   9.2384340e+06   5.3100586e+01
   9.2802920e+06   5.6091309e+01
   9.3087230e+06   4.7363281e+01
   9.3357100e+06   5.3833008e+01
   9.3734890e+06   4.1748047e+01
   9.4108260e+06   4.1992188e+01
   9.4417060e+06   1.2524414e+02
   9.4417300e+06   3.9855957e+01
   9.4417490e+06   6.3110352e+01
   9.4417700e+06   6.9152832e+01
   9.4417890e+06   4.1870117e+01
   9.4418110e+06   4.0771484e+01
   9.4418270e+06   9.8144531e+01
   9.4418480e+06   5.1940918e+01
   9.4418690e+06   5.0415039e+01
   9.4418820e+06   4.3945312e+01
   9.4419610e+06   4.2846680e+01
   9.4420210e+06   6.3842773e+01
   9.4423010e+06   4.1381836e+01
   9.4486720e+06   5.2734375e+01
   9.4489210e+06   4.1687012e+01
   9.4491500e+06   5.1452637e+01
   9.4493080e+06   4.7790527e+01
   9.4494560e+06   4.1259766e+01
   9.4497720e+06   4.4128418e+01
   9.4540970e+06   4.5959473e+01
   9.4544750e+06   4.9133301e+01
   9.4548790e+06   4.2785645e+01
   9.4551810e+06   5.7556152e+01
   9.4552020e+06   5.5114746e+01
   9.4552400e+06   7.3852539e+01
   9.4552780e+06   7.8247070e+01
   9.4552940e+06   4.6508789e+01
   9.4553560e+06   4.1931152e+01
   9.4554030e+06   7.2998047e+01
   9.4555240e+06   5.5175781e+01
   9.4555570e+06   3.9916992e+01
   9.4555760e+06   7.3791504e+01
   9.4556510e+06   5.2917480e+01
   9.4557440e+06   3.9550781e+01
   9.4558560e+06   7.5744629e+01
   9.4559030e+06   5.3344727e+01
   9.4559910e+06   4.3334961e+01
   9.4560620e+06   4.6691895e+01
   9.4560870e+06   6.7016602e+01
   9.4562900e+06   4.3395996e+01
   9.4563990e+06   4.4128418e+01
   9.4564580e+06   4.3334961e+01
   9.4565340e+06   3.9489746e+01
   9.4568030e+06   4.0405273e+01
   9.4569760e+06   7.2082520e+01
   9.4571280e+06   5.9936523e+01
   9.4574370e+06   6.7077637e+01
   9.4576360e+06   9.4726562e+01
   9.4578520e+06   8.3557129e+01
   9.4581000e+06   8.2702637e+01
   9.4583400e+06   8.1115723e+01
   9.4887090e+06   1.3317871e+02
   9.4887600e+06   5.6091309e+01
   9.4892100e+06   1.1474609e+02
   9.4894870e+06   9.8571777e+01
   9.4895000e+06   4.7302246e+01
   9.4895760e+06   3.9794922e+01
   9.4896030e+06   4.3762207e+01
   9.4896470e+06   1.1132812e+02
   9.4896660e+06   4.2663574e+01
   9.4897050e+06   5.8288574e+01
   9.4897220e+06   5.2917480e+01
   9.4897330e+06   4.5043945e+01
   9.4897790e+06   5.1452637e+01
   9.4898110e+06   7.7941895e+01
   9.4898740e+06   4.0832520e+01
   9.4898900e+06   5.6457520e+01
   9.4899570e+06   5.7617188e+01
   9.4900070e+06   5.3466797e+01
   9.4900220e+06   3.9794922e+01
   9.4900800e+06   3.9794922e+01
   9.4902330e+06   6.6650391e+01
   9.4904560e+06   5.7128906e+01
   9.4905030e+06   4.8889160e+01
   9.4907830e+06   6.5124512e+01
   9.4913450e+06   9.2163086e+01
   9.5102810e+06   1.1145020e+02
   9.5229980e+06   1.2280273e+02
   9.5278390e+06   1.1846924e+02
   9.5355950e+06   1.0198975e+02
   9.5527060e+06   1.1761475e+02
   9.5527670e+06   6.6772461e+01
   9.5544600e+06   1.1645508e+02
   9.5544730e+06   4.7607422e+01
   9.5550150e+06   4.5471191e+01
   9.5555720e+06   7.9895020e+01
   9.5555940e+06   1.2725830e+02
   9.5556240e+06   4.6630859e+01
   9.5556420e+06   5.9265137e+01
   9.5556780e+06   1.3037109e+02
   9.5556990e+06   4.6813965e+01
   9.5557350e+06   5.4016113e+01
   9.5557820e+06   4.9560547e+01
   9.5558110e+06   9.2773438e+01
   9.5558420e+06   3.9672852e+01
   9.5559190e+06   4.4433594e+01
   9.5561730e+06   7.1472168e+01
   9.5561860e+06   4.0893555e+01
   9.5563490e+06   7.3303223e+01
   9.5567310e+06   8.3740234e+01
   9.5580860e+06   3.9794922e+01
   9.5582860e+06   4.5898438e+01
   9.5584810e+06   4.4311523e+01
   9.6056870e+06   4.0649414e+01
   9.6061020e+06   4.6936035e+01
   9.6065120e+06   4.6630859e+01
   9.6067880e+06   5.6701660e+01
   9.6068050e+06   1.0925293e+02
   9.6068490e+06   5.4504395e+01
   9.6069040e+06   6.4819336e+01
   9.6069190e+06   4.2907715e+01
   9.6069390e+06   5.4260254e+01
   9.6069520e+06   4.4067383e+01
   9.6069870e+06   4.5471191e+01
   9.6070200e+06   5.2368164e+01
   9.6070490e+06   1.0937500e+02
   9.6071000e+06   5.7250977e+01
   9.6072790e+06   4.0466309e+01
   9.6074010e+06   7.3425293e+01
   9.6077200e+06   8.0688477e+01
   9.6088870e+06   1.0015869e+02
   9.6347730e+06   1.0473633e+02
   9.6582680e+06   5.5725098e+01
   9.6584450e+06   4.7241211e+01
   9.6588520e+06   4.0405273e+01
   9.6591110e+06   4.3273926e+01
   9.6591820e+06   1.3226318e+02
   9.6592450e+06   5.8166504e+01
   9.6592680e+06   8.6730957e+01
   9.6592800e+06   4.8522949e+01
   9.6593080e+06   4.1442871e+01
   9.6593310e+06   7.6354980e+01
   9.6593530e+06   3.9489746e+01
   9.6594090e+06   5.3161621e+01
   9.6594580e+06   8.8134766e+01
   9.6594690e+06   4.6203613e+01
   9.6595040e+06   6.1645508e+01
   9.6597210e+06   9.9609375e+01
   9.6601850e+06   9.6984863e+01
   9.7007200e+06   4.9743652e+01
   9.7009790e+06   5.6091309e+01
   9.7014110e+06   5.5725098e+01
   9.7015460e+06   1.3189697e+02
   9.7015570e+06   5.9387207e+01
   9.7016170e+06   5.7128906e+01
   9.7016600e+06   4.8156738e+01
   9.7016930e+06   5.6762695e+01
   9.7017510e+06   4.1076660e+01
   9.7017610e+06   5.6457520e+01
   9.7017970e+06   4.5349121e+01
   9.7018080e+06   9.7656250e+01
   9.7018390e+06   4.1320801e+01
   9.7018780e+06   4.4372559e+01
   9.7020340e+06   7.8552246e+01
   9.7022280e+06   9.2895508e+01
   9.7025800e+06   9.4726562e+01
   9.7446800e+06   6.3903809e+01
   9.7449430e+06   4.9560547e+01
   9.7453120e+06   4.3334961e+01
   9.7455490e+06   4.4982910e+01
   9.7455850e+06   4.4860840e+01
   9.7456020e+06   9.0576172e+01
   9.7456690e+06   5.5419922e+01
   9.7456860e+06   5.4504395e+01
   9.7457360e+06   5.4565430e+01
   9.7457780e+06   4.3945312e+01
   9.7458070e+06   5.5847168e+01
   9.7458170e+06   5.0415039e+01
   9.7458370e+06   9.3872070e+01
   9.7459580e+06   6.7626953e+01
   9.7460020e+06   4.2785645e+01
   9.7462490e+06   8.7219238e+01
   9.7833380e+06   5.7800293e+01
   9.7836480e+06   5.4565430e+01
   9.7840320e+06   1.1694336e+02
   9.7841170e+06   4.7973633e+01
   9.7841540e+06   4.2541504e+01
   9.7842040e+06   9.2285156e+01
   9.7842640e+06   6.2072754e+01
   9.7842810e+06   5.0903320e+01
   9.7843200e+06   9.5947266e+01
   9.7843420e+06   4.4799805e+01
   9.7843620e+06   5.1513672e+01
   9.7843820e+06   4.1809082e+01
   9.7844030e+06   3.9672852e+01
   9.7844530e+06   5.7312012e+01
   9.7845030e+06   8.8439941e+01
   9.7845470e+06   6.9763184e+01
   9.7847020e+06   6.8420410e+01
   9.7847650e+06   4.0466309e+01
   9.7849390e+06   7.2814941e+01
   9.7854210e+06   7.9589844e+01
   9.8182550e+06   4.2297363e+01
   9.8186300e+06   4.7668457e+01
   9.8189530e+06   5.9692383e+01
   9.8190720e+06   4.6630859e+01
   9.8192070e+06   1.1761475e+02
   9.8193920e+06   4.2175293e+01
   9.8194150e+06   3.9794922e+01
   9.8194500e+06   1.0974121e+02
   9.8195290e+06   8.3801270e+01
   9.8196090e+06   7.1838379e+01
   9.8196340e+06   4.5776367e+01
   9.8196450e+06   4.0100098e+01
   9.8196940e+06   6.3110352e+01
   9.8197810e+06   7.4157715e+01
   9.8198330e+06   4.1137695e+01
   9.8198630e+06   7.9284668e+01
   9.8407110e+06   4.4189453e+01
   9.8412740e+06   4.4799805e+01
   9.8420490e+06   5.5664062e+01
   9.8427460e+06   5.1452637e+01
   9.8623540e+06   4.3151855e+01
   9.8626040e+06   6.5246582e+01
   9.8631400e+06   4.7973633e+01
   9.8635180e+06   4.6569824e+01
   9.8636190e+06   1.0925293e+02
   9.8636760e+06   5.6152344e+01
   9.8636950e+06   7.6049805e+01
   9.8637590e+06   9.4909668e+01
   9.8638070e+06   5.7373047e+01
   9.8638510e+06   5.5725098e+01
   9.8640330e+06   4.1503906e+01
   9.8941770e+06   4.8583984e+01
   9.8946160e+06   5.4565430e+01
   9.8952790e+06   5.3649902e+01
   9.8957810e+06   4.0954590e+01
   9.8972310e+06   4.2724609e+01
   9.8978230e+06   5.3649902e+01
   9.9217550e+06   4.3151855e+01
   9.9219570e+06   6.3659668e+01
   9.9223850e+06   6.9396973e+01
   9.9247580e+06   4.7607422e+01
   9.9519150e+06   4.7729492e+01
   9.9521450e+06   4.4372559e+01
   9.9525140e+06   4.7607422e+01
   9.9540170e+06   4.2968750e+01
   9.9549280e+06   4.0588379e+01
   9.9553650e+06   4.1259766e+01
   9.9866630e+06   4.1503906e+01
   9.9869620e+06   4.9560547e+01
   9.9876730e+06   4.3029785e+01
   1.0015183e+07   9.4421387e+01
   1.0023706e+07   5.2978516e+01
   1.0024092e+07   6.0058594e+01
   1.0024824e+07   5.1208496e+01
   1.0027051e+07   5.1391602e+01
   1.0027577e+07   4.3151855e+01
   1.0053951e+07   1.2115479e+02
   1.0054002e+07   6.7016602e+01
   1.0058188e+07   4.4433594e+01
   1.0059053e+07   5.3894043e+01
   1.0061924e+07   4.0893555e+01
   1.0075392e+07   1.2902832e+02
   1.0075445e+07   6.6711426e+01
   1.0120545e+07   6.3110352e+01
   1.0121018e+07   6.0729980e+01
   1.0195707e+07   5.6884766e+01
   1.0196246e+07   5.5847168e+01
   1.0197314e+07   4.4372559e+01
   1.0223436e+07   4.1259766e+01
   1.0252661e+07   6.0607910e+01
   1.0269666e+07   1.2695313e+02
   1.0269716e+07   6.0607910e+01
   1.0269903e+07   4.3518066e+01
   1.0269928e+07   4.7851563e+01
   1.0270021e+07   5.8166504e+01
   1.0270076e+07   9.4909668e+01
   1.0270087e+07   4.5837402e+01
   1.0270113e+07   3.9978027e+01
   1.0270168e+07   7.5561523e+01
   1.0270206e+07   4.0405273e+01
   1.0270230e+07   6.2866211e+01
   1.0270259e+07   6.5856934e+01
   1.0270469e+07   9.0087891e+01
   1.0271347e+07   4.5898438e+01
   1.0271607e+07   5.0354004e+01
   1.0272270e+07   4.7302246e+01
   1.0272478e+07   5.3894043e+01
   1.0304574e+07   1.2237549e+02
   1.0306372e+07   1.1700439e+02
   1.0307877e+07   1.0412598e+02
   1.0308760e+07   1.1401367e+02
   1.0309864e+07   9.0393066e+01
   1.0310775e+07   9.8388672e+01
   1.0311723e+07   9.8815918e+01
   1.0312565e+07   1.2408447e+02
   1.0313645e+07   9.6496582e+01
   1.0314663e+07   1.0443115e+02
   1.0315730e+07   1.2347412e+02
   1.0316936e+07   1.1700439e+02
   1.0318805e+07   1.1499023e+02
   1.0319749e+07   1.1096191e+02
   1.0328281e+07   1.1651611e+02
   1.0330394e+07   1.1187744e+02
   1.0332303e+07   1.0839844e+02
   1.0334252e+07   1.0363770e+02
   1.0335195e+07   1.1352539e+02
   1.0335982e+07   1.0931396e+02
   1.0336947e+07   5.7128906e+01
   1.0337556e+07   4.3945312e+01
   1.0354290e+07   1.1932373e+02
   1.0375646e+07   1.2194824e+02
   1.0385232e+07   1.1804199e+02
   1.0389831e+07   1.1492920e+02
   1.0391473e+07   1.1199951e+02
   1.0397734e+07   5.6091309e+01
   1.0398224e+07   4.6386719e+01
   1.0423756e+07   5.7495117e+01
   1.0470025e+07   4.9804688e+01
   1.0470534e+07   4.3457031e+01
   1.0497346e+07   5.3405762e+01
   1.0497622e+07   6.2927246e+01
   1.0568688e+07   4.4921875e+01
   1.0593640e+07   4.9560547e+01
   1.0609265e+07   5.6518555e+01
   1.0652155e+07   5.7922363e+01
   1.0673849e+07   5.3344727e+01
   1.0695083e+07   4.9438477e+01
   1.0837540e+07   4.2541504e+01
   1.0886919e+07   1.2152100e+02
   1.0886962e+07   4.7973633e+01
   1.0887084e+07   7.8308105e+01
   1.0887123e+07   6.0913086e+01
   1.0887144e+07   5.6701660e+01
   1.0887156e+07   3.9855957e+01
   1.0887202e+07   5.6823730e+01
   1.0887256e+07   7.3547363e+01
   1.0887289e+07   1.1419678e+02
   1.0887322e+07   6.4880371e+01
   1.0887345e+07   4.2602539e+01
   1.0887369e+07   4.1931152e+01
   1.0887427e+07   8.9904785e+01
   1.0887456e+07   3.9794922e+01
   1.0887483e+07   4.0588379e+01
   1.0887701e+07   8.2946777e+01
   1.0887831e+07   6.4819336e+01
   1.0888007e+07   6.5795898e+01
   1.0888888e+07   4.3090820e+01
   1.0890061e+07   3.9550781e+01
   1.0897397e+07   4.0588379e+01
   1.0899023e+07   5.0781250e+01
   1.0899256e+07   4.6691895e+01
   1.0899686e+07   4.9072266e+01
   1.0899733e+07   5.2490234e+01
   1.0899765e+07   1.2921143e+02
   1.0899812e+07   4.4433594e+01
   1.0899829e+07   4.2236328e+01
   1.0899886e+07   4.6936035e+01
   1.0899924e+07   6.8359375e+01
   1.0899970e+07   4.9133301e+01
   1.0900021e+07   5.5419922e+01
   1.0900036e+07   4.2297363e+01
   1.0900210e+07   8.3007812e+01
   1.0900300e+07   4.1198730e+01
   1.0900365e+07   4.6936035e+01
   1.0900504e+07   3.9733887e+01
   1.0900550e+07   4.0100098e+01
   1.0900685e+07   4.9255371e+01
   1.0900975e+07   4.5104980e+01
   1.0901314e+07   4.7973633e+01
   1.0901435e+07   5.2429199e+01
   1.0901574e+07   4.8706055e+01
   1.0901865e+07   6.9335938e+01
   1.0902033e+07   7.1166992e+01
   1.0902465e+07   7.8186035e+01
   1.0902671e+07   7.7880859e+01
   1.0902968e+07   8.9660645e+01
   1.0923592e+07   1.0528564e+02
   1.0937954e+07   1.1505127e+02
   1.0938030e+07   8.0383301e+01
   1.0938736e+07   9.7839355e+01
   1.0940902e+07   1.0974121e+02
   1.0947914e+07   1.0357666e+02
   1.0953793e+07   1.2884521e+02
   1.0955332e+07   1.2396240e+02
   1.0958575e+07   9.6496582e+01
   1.0959732e+07   1.1962891e+02
   1.0962889e+07   1.1755371e+02
   1.0966183e+07   1.1322021e+02
   1.0967606e+07   1.0894775e+02
   1.0973394e+07   4.9011230e+01
   1.0973731e+07   1.1535645e+02
   1.0974431e+07   5.0781250e+01
   1.0975131e+07   5.7922363e+01
   1.0995949e+07   1.0693359e+02
   1.0996012e+07   7.3730469e+01
   1.0998765e+07   5.2307129e+01
   1.0999549e+07   5.7434082e+01
   1.1025131e+07   4.5227051e+01
   1.1025630e+07   5.6213379e+01
   1.1047271e+07   4.9499512e+01
   1.1048071e+07   5.8593750e+01
   1.1048592e+07   4.4311523e+01
   1.1067373e+07   5.7739258e+01
   1.1068088e+07   5.6640625e+01
   1.1092892e+07   5.0476074e+01
   1.1093492e+07   4.7119141e+01
   1.1119245e+07   1.2548828e+02
   1.1119277e+07   4.8950195e+01
   1.1119397e+07   1.0070801e+02
   1.1119425e+07   4.9743652e+01
   1.1119466e+07   5.3283691e+01
   1.1119510e+07   4.1015625e+01
   1.1119583e+07   8.7402344e+01
   1.1119607e+07   1.0864258e+02
   1.1119630e+07   4.7729492e+01
   1.1120141e+07   9.9975586e+01
   1.1120352e+07   8.3862305e+01
   1.1120362e+07   4.0771484e+01
   1.1120749e+07   4.3029785e+01
   1.1127181e+07   5.2246094e+01
   1.1128541e+07   4.9316406e+01
   1.1128847e+07   4.6020508e+01
   1.1129089e+07   4.5166016e+01
   1.1129303e+07   4.8889160e+01
   1.1129573e+07   4.2419434e+01
   1.1147508e+07   9.6069336e+01
   1.1147555e+07   5.2856445e+01
   1.1149711e+07   1.1389160e+02
   1.1157594e+07   1.2030029e+02
   1.1161177e+07   1.2677002e+02
   1.1163904e+07   1.1260986e+02
   1.1164801e+07   1.0760498e+02
   1.1166202e+07   1.0583496e+02
   1.1170558e+07   9.2102051e+01
   1.1173317e+07   1.1572266e+02
   1.1176174e+07   1.2481689e+02
   1.1177189e+07   4.0344238e+01
   1.1177737e+07   5.6579590e+01
   1.1178521e+07   4.9377441e+01
   1.1178534e+07   4.5471191e+01
   1.1178625e+07   1.2249756e+02
   1.1178670e+07   5.0476074e+01
   1.1178681e+07   9.7290039e+01
   1.1178691e+07   4.4067383e+01
   1.1178773e+07   5.7678223e+01
   1.1178822e+07   5.0659180e+01
   1.1178841e+07   4.4738770e+01
   1.1178863e+07   1.1688232e+02
   1.1178891e+07   5.3955078e+01
   1.1178923e+07   4.6813965e+01
   1.1178950e+07   4.8400879e+01
   1.1179029e+07   5.4321289e+01
   1.1179052e+07   4.6752930e+01
   1.1179176e+07   6.1279297e+01
   1.1179193e+07   4.0283203e+01
   1.1179350e+07   5.0598145e+01
   1.1179768e+07   6.4208984e+01
   1.1180051e+07   6.7810059e+01
   1.1180103e+07   3.9550781e+01
   1.1180767e+07   3.9611816e+01
   1.1181246e+07   3.9916992e+01
   1.1181677e+07   4.1198730e+01
   1.1218444e+07   1.1822510e+02
   1.1218545e+07   9.8327637e+01
   1.1219277e+07   1.0083008e+02
   1.1220004e+07   5.1696777e+01
   1.1220585e+07   6.6467285e+01
   1.1228993e+07   1.0150146e+02
   1.1231236e+07   1.2518311e+02
   1.1234559e+07   1.1993408e+02
   1.1235593e+07   1.3006592e+02
   1.1237314e+07   1.0693359e+02
   1.1239335e+07   1.1175537e+02
   1.1241040e+07   1.1932373e+02
   1.1241763e+07   1.0681152e+02
   1.1243907e+07   9.5336914e+01
   1.1246425e+07   5.2673340e+01
   1.1246954e+07   4.5104980e+01
   1.1269529e+07   4.5410156e+01
   1.1270606e+07   4.1137695e+01
   1.1285663e+07   5.2185059e+01
   1.1285979e+07   5.2856445e+01
   1.1286505e+07   5.1757812e+01
   1.1302393e+07   1.2622070e+02
   1.1309328e+07   6.4392090e+01
   1.1309789e+07   4.1076660e+01
   1.1310336e+07   4.9621582e+01
   1.1328328e+07   3.9733887e+01
   1.1328824e+07   5.5419922e+01
   1.1341844e+07   1.0839844e+02
   1.1341889e+07   5.8471680e+01
   1.1342203e+07   4.4433594e+01
   1.1342249e+07   6.1889648e+01
   1.1342274e+07   1.1627197e+02
   1.1342298e+07   3.9733887e+01
   1.1342318e+07   4.5227051e+01
   1.1342343e+07   5.8593750e+01
   1.1342371e+07   6.6284180e+01
   1.1342410e+07   5.2795410e+01
   1.1342421e+07   4.9438477e+01
   1.1342453e+07   1.0070801e+02
   1.1342473e+07   4.7363281e+01
   1.1342499e+07   9.0393066e+01
   1.1342524e+07   4.2602539e+01
   1.1342591e+07   4.8339844e+01
   1.1342608e+07   4.0039062e+01
   1.1342633e+07   5.6640625e+01
   1.1342654e+07   7.8796387e+01
   1.1342941e+07   4.5166016e+01
   1.1344286e+07   4.4799805e+01
   1.1344536e+07   4.6997070e+01
   1.1345119e+07   4.0161133e+01
   1.1345363e+07   4.3273926e+01
   1.1351653e+07   5.2612305e+01
   1.1351756e+07   4.0222168e+01
   1.1351766e+07   1.4221191e+02
   1.1351792e+07   5.6152344e+01
   1.1351814e+07   4.1442871e+01
   1.1351827e+07   5.8166504e+01
   1.1351861e+07   7.6049805e+01
   1.1351880e+07   4.5104980e+01
   1.1351905e+07   7.6171875e+01
   1.1351920e+07   4.1625977e+01
   1.1351933e+07   5.2795410e+01
   1.1351960e+07   4.0588379e+01
   1.1351996e+07   5.0231934e+01
   1.1352071e+07   6.6589355e+01
   1.1352088e+07   8.1359863e+01
   1.1352226e+07   5.3222656e+01
   1.1352335e+07   7.0312500e+01
   1.1352437e+07   5.4870605e+01
   1.1352556e+07   5.9753418e+01
   1.1352734e+07   5.1452637e+01
   1.1352859e+07   6.1157227e+01
   1.1353049e+07   6.1218262e+01
   1.1353175e+07   5.9143066e+01
   1.1353310e+07   5.2429199e+01
   1.1353592e+07   5.3100586e+01
   1.1353749e+07   7.3059082e+01
   1.1353846e+07   5.8044434e+01
   1.1354083e+07   4.4494629e+01
   1.1354443e+07   4.1442871e+01
   1.1354679e+07   4.8278809e+01
   1.1387816e+07   1.1669922e+02
   1.1409133e+07   1.2329102e+02
   1.1411554e+07   5.6030273e+01
   1.1412095e+07   3.9855957e+01
   1.1412663e+07   4.8767090e+01
   1.1413072e+07   4.6020508e+01
   1.1413094e+07   6.1279297e+01
   1.1413112e+07   1.2261963e+02
   1.1413165e+07   5.8471680e+01
   1.1413183e+07   5.0598145e+01
   1.1413214e+07   5.1208496e+01
   1.1413237e+07   9.0026855e+01
   1.1413247e+07   4.2053223e+01
   1.1413271e+07   4.0893555e+01
   1.1413288e+07   4.4616699e+01
   1.1413328e+07   4.4006348e+01
   1.1413356e+07   5.2062988e+01
   1.1413375e+07   3.9733887e+01
   1.1413527e+07   5.3588867e+01
   1.1413562e+07   7.0800781e+01
   1.1413688e+07   6.6894531e+01
   1.1413813e+07   4.4555664e+01
   1.1413905e+07   4.4067383e+01
   1.1414052e+07   4.4677734e+01
   1.1414259e+07   5.8959961e+01
   1.1414473e+07   7.0617676e+01
   1.1460542e+07   5.5297852e+01
   1.1461055e+07   4.8461914e+01
   1.1461456e+07   4.6569824e+01
   1.1461952e+07   1.3336182e+02
   1.1461964e+07   5.2062988e+01
   1.1462002e+07   4.7119141e+01
   1.1462018e+07   1.0705566e+02
   1.1462041e+07   4.1198730e+01
   1.1462079e+07   4.7424316e+01
   1.1462102e+07   5.6335449e+01
   1.1462186e+07   7.4462891e+01
   1.1462217e+07   6.6284180e+01
   1.1462249e+07   4.1442871e+01
   1.1462376e+07   4.5104980e+01
   1.1462392e+07   4.1381836e+01
   1.1462555e+07   7.2937012e+01
   1.1462938e+07   8.4899902e+01
   1.1463174e+07   8.3679199e+01
   1.1501269e+07   4.8645020e+01
   1.1501533e+07   6.3110352e+01
   1.1502062e+07   4.7790527e+01
   1.1502171e+07   4.1381836e+01
   1.1502191e+07   1.2731934e+02
   1.1502217e+07   6.3476563e+01
   1.1502252e+07   7.1594238e+01
   1.1502312e+07   8.5998535e+01
   1.1502331e+07   7.7880859e+01
   1.1502373e+07   4.5654297e+01
   1.1502399e+07   6.8786621e+01
   1.1502432e+07   4.5593262e+01
   1.1502488e+07   5.9020996e+01
   1.1502502e+07   7.1777344e+01
   1.1502516e+07   5.4016113e+01
   1.1502620e+07   7.2021484e+01
   1.1502748e+07   6.8664551e+01
   1.1502922e+07   7.0434570e+01
   1.1503089e+07   6.0241699e+01
   1.1503557e+07   8.0993652e+01
   1.1504569e+07   4.1870117e+01
   1.1505148e+07   3.9550781e+01
   1.1541013e+07   5.5664062e+01
   1.1541295e+07   4.8706055e+01
   1.1541461e+07   4.1931152e+01
   1.1541902e+07   5.1879883e+01
   1.1542064e+07   8.2519531e+01
   1.1542116e+07   4.6875000e+01
   1.1542143e+07   6.6772461e+01
   1.1542171e+07   4.4738770e+01
   1.1542182e+07   9.7290039e+01
   1.1542215e+07   7.3913574e+01
   1.1542267e+07   4.1687012e+01
   1.1542291e+07   4.8767090e+01
   1.1542338e+07   4.4738770e+01
   1.1542392e+07   4.3457031e+01
   1.1542425e+07   4.2114258e+01
   1.1542655e+07   1.0076904e+02
   1.1542872e+07   8.9233398e+01
   1.1571730e+07   1.0083008e+02
   1.1575336e+07   5.8349609e+01
   1.1575711e+07   4.7424316e+01
   1.1576228e+07   5.7373047e+01
   1.1576272e+07   1.0083008e+02
   1.1576290e+07   4.6325684e+01
   1.1576326e+07   6.1035156e+01
   1.1576370e+07   6.3903809e+01
   1.1576391e+07   1.0388184e+02
   1.1576403e+07   4.1198730e+01
   1.1576438e+07   3.9672852e+01
   1.1576468e+07   7.4645996e+01
   1.1576487e+07   5.0659180e+01
   1.1576508e+07   4.1198730e+01
   1.1576563e+07   6.6284180e+01
   1.1576588e+07   6.7077637e+01
   1.1576647e+07   4.7668457e+01
   1.1576884e+07   8.5754395e+01
   1.1614522e+07   4.0832520e+01
   1.1614869e+07   4.0588379e+01
   1.1615620e+07   5.0354004e+01
   1.1617617e+07   5.3100586e+01
   1.1618755e+07   4.2175293e+01
   1.1637957e+07   1.0205078e+02
   1.1644059e+07   1.0717773e+02
   1.1647623e+07   5.8532715e+01
   1.1648048e+07   5.4687500e+01
   1.1648541e+07   6.0791016e+01
   1.1650261e+07   5.0903320e+01
   1.1663637e+07   5.2917480e+01
   1.1664862e+07   4.5715332e+01
   1.1664918e+07   4.1198730e+01
   1.1665352e+07   4.5349121e+01
   1.1689490e+07   5.5114746e+01
   1.1689760e+07   4.1625977e+01
   1.1690097e+07   4.7119141e+01
   1.1714381e+07   4.1503906e+01
   1.1714742e+07   4.4860840e+01
   1.1742075e+07   5.1147461e+01
   1.1742523e+07   4.2968750e+01
   1.1743047e+07   5.5786133e+01
   1.1767003e+07   5.1391602e+01
   1.1806091e+07   5.1269531e+01
   1.1806550e+07   4.9194336e+01
   1.1822787e+07   1.2396240e+02
   1.1822849e+07   7.2448730e+01
   1.1837853e+07   5.1086426e+01
   1.1864767e+07   4.3029785e+01
   1.1895657e+07   5.7678223e+01
   1.1930524e+07   5.0476074e+01
   1.1983406e+07   4.2236328e+01
