   1.4995000e+07   0.0000000e+00
   3.2388300e+05   1.2268066e+01
   1.1254250e+06   1.2084961e+01
   1.2993380e+06   1.2145996e+01
   1.6478030e+06   1.2023926e+01
   1.8531480e+06   1.2084961e+01
   2.5047410e+06   1.2023926e+01
   2.6583350e+06   1.2023926e+01
   2.9971560e+06   1.2145996e+01
   6.3129610e+06   1.2268066e+01
   9.0470270e+06   1.2512207e+01
   9.7081480e+06   1.2390137e+01
   9.8032890e+06   1.2207031e+01
   1.0736913e+07   1.2268066e+01
   1.1041012e+07   1.2268066e+01
   1.2491834e+07   1.2268066e+01
   1.4485787e+07   1.2573242e+01
