   1.4995000e+07   0.0000000e+00
   1.8261000e+04   6.1157227e+01
   2.6954000e+04   5.5297852e+01
   3.2675000e+04   5.4748535e+01
   3.3438000e+04   4.5715332e+01
   4.7183000e+04   4.9072266e+01
   6.1305000e+04   5.2551270e+01
   7.3940000e+04   5.3100586e+01
   7.7972000e+04   5.6884766e+01
   8.2341000e+04   5.6884766e+01
   9.7551000e+04   4.8034668e+01
   1.1090700e+05   4.6325684e+01
   1.1582500e+05   5.6823730e+01
   1.3015700e+05   5.1574707e+01
   1.3903500e+05   4.4982910e+01
   1.4027600e+05   3.6315918e+01
   1.4417000e+05   5.6091309e+01
   1.4464300e+05   5.1086426e+01
   1.5374700e+05   5.8471680e+01
   1.6308700e+05   4.3151855e+01
   1.6698400e+05   3.7719727e+01
   1.7275200e+05   6.2011719e+01
   2.0743700e+05   4.9438477e+01
   2.1656600e+05   6.1950684e+01
   2.2816000e+05   4.9011230e+01
   2.3162200e+05   5.2490234e+01
   2.4075800e+05   5.6640625e+01
   2.4375900e+05   5.9753418e+01
   2.5684700e+05   5.6457520e+01
   2.6812500e+05   4.8339844e+01
   2.6890800e+05   5.3100586e+01
   2.7666900e+05   5.5480957e+01
   2.8438300e+05   5.0659180e+01
   2.9632500e+05   4.9560547e+01
   3.0853200e+05   5.0964355e+01
   3.3015300e+05   4.2785645e+01
   3.3354800e+05   6.0974121e+01
   3.3647200e+05   3.7902832e+01
   3.3734900e+05   3.6804199e+01
   3.3770100e+05   3.7780762e+01
   3.4360500e+05   4.9560547e+01
   3.4401300e+05   5.5480957e+01
   3.5946300e+05   5.2978516e+01
   3.6244600e+05   4.9926758e+01
   3.6494300e+05   5.3955078e+01
   3.6728600e+05   4.5166016e+01
   3.6855000e+05   3.8940430e+01
   3.7593500e+05   5.0415039e+01
   3.8560200e+05   6.0119629e+01
   3.8661400e+05   3.7292480e+01
   3.8846700e+05   5.9631348e+01
   3.9201300e+05   5.4687500e+01
   3.9396700e+05   4.6325684e+01
   4.0509600e+05   4.7485352e+01
   4.0652700e+05   3.6254883e+01
   4.1075300e+05   5.1025391e+01
   4.2184500e+05   5.7189941e+01
   4.2390800e+05   5.4321289e+01
   4.2705100e+05   3.7170410e+01
   4.3027700e+05   4.7424316e+01
   4.3432500e+05   5.2917480e+01
   4.3540300e+05   5.5297852e+01
   4.3808300e+05   5.2368164e+01
   4.4204500e+05   4.4677734e+01
   4.4635500e+05   5.6213379e+01
   4.4916900e+05   4.8950195e+01
   4.5104300e+05   4.7424316e+01
   4.5827900e+05   5.1513672e+01
   4.5884100e+05   6.0729980e+01
   4.6461200e+05   5.5908203e+01
   4.6708200e+05   5.8776855e+01
   4.7435400e+05   5.2307129e+01
   4.7754400e+05   5.0109863e+01
   4.8275200e+05   5.2673340e+01
   4.8364100e+05   4.7851562e+01
   4.8668400e+05   4.1442871e+01
   4.8932900e+05   5.4565430e+01
   4.9791100e+05   5.7434082e+01
   5.0467800e+05   5.9997559e+01
   5.1509000e+05   6.7260742e+01
   5.1580200e+05   4.4677734e+01
   5.2425700e+05   5.5114746e+01
   5.4082500e+05   4.4067383e+01
   5.4665900e+05   5.1086426e+01
   5.5179500e+05   4.8583984e+01
   5.5331400e+05   4.1320801e+01
   5.6167800e+05   4.2724609e+01
   5.6770000e+05   3.9245605e+01
   5.6947800e+05   4.2602539e+01
   5.7913900e+05   5.6274414e+01
   5.8731100e+05   4.9560547e+01
   5.9357300e+05   5.6945801e+01
   5.9944300e+05   3.9306641e+01
   6.0015400e+05   5.9265137e+01
   6.0103800e+05   4.1320801e+01
   6.0846000e+05   6.0668945e+01
   6.1406900e+05   3.9428711e+01
   6.2000200e+05   5.4931641e+01
   6.2982700e+05   4.2053223e+01
   6.3064400e+05   3.6499023e+01
   6.3642600e+05   4.2053223e+01
   6.3998400e+05   4.9682617e+01
   6.4793700e+05   5.1452637e+01
   6.5840800e+05   4.8706055e+01
   6.6398900e+05   4.5776367e+01
   6.6533400e+05   5.1025391e+01
   6.7250700e+05   4.3701172e+01
   6.7278300e+05   4.3640137e+01
   6.7518600e+05   5.2490234e+01
   6.8235100e+05   5.8593750e+01
   6.8761500e+05   5.1574707e+01
   6.9444300e+05   3.6254883e+01
   6.9456800e+05   3.7231445e+01
   6.9463000e+05   5.1757812e+01
   6.9465700e+05   4.3518066e+01
   6.9471000e+05   6.0363770e+01
   6.9473200e+05   9.8144531e+01
   6.9476200e+05   1.0949707e+02
   6.9479200e+05   7.3364258e+01
   6.9480300e+05   3.7109375e+01
   6.9484400e+05   7.1228027e+01
   6.9486400e+05   7.9833984e+01
   6.9487900e+05   5.5297852e+01
   6.9489100e+05   7.4096680e+01
   6.9493200e+05   4.5410156e+01
   6.9494700e+05   3.9978027e+01
   6.9496200e+05   3.8757324e+01
   6.9499600e+05   4.4738770e+01
   6.9500800e+05   5.0964355e+01
   6.9510600e+05   3.8024902e+01
   6.9512900e+05   3.7841797e+01
   6.9514300e+05   5.7556152e+01
   6.9515800e+05   4.0161133e+01
   6.9521100e+05   4.6386719e+01
   6.9522500e+05   3.6254883e+01
   6.9529900e+05   4.4128418e+01
   6.9535600e+05   3.8696289e+01
   6.9551600e+05   3.8330078e+01
   6.9563800e+05   3.6987305e+01
   6.9573800e+05   3.8146973e+01
   6.9588100e+05   3.6743164e+01
   6.9592200e+05   3.8574219e+01
   6.9593200e+05   3.9489746e+01
   6.9611000e+05   5.3649902e+01
   6.9612200e+05   3.8208008e+01
   6.9630200e+05   6.9213867e+01
   6.9647500e+05   5.3100586e+01
   6.9653000e+05   3.9794922e+01
   6.9661800e+05   3.7658691e+01
   6.9662800e+05   3.9733887e+01
   6.9665700e+05   4.9682617e+01
   6.9671400e+05   3.6865234e+01
   6.9686300e+05   3.6682129e+01
   6.9711100e+05   3.6499023e+01
   6.9726800e+05   3.8818359e+01
   6.9729700e+05   3.8635254e+01
   6.9731600e+05   6.1157227e+01
   6.9738000e+05   3.6987305e+01
   6.9751800e+05   3.6987305e+01
   6.9753300e+05   4.8889160e+01
   6.9768600e+05   3.9794922e+01
   6.9775200e+05   3.7902832e+01
   6.9780400e+05   3.6621094e+01
   6.9816900e+05   3.6376953e+01
   7.0485100e+05   5.3527832e+01
   7.0764100e+05   3.6743164e+01
   7.0771400e+05   5.0720215e+01
   7.0774800e+05   4.1442871e+01
   7.0777800e+05   1.0992432e+02
   7.0779600e+05   4.6936035e+01
   7.0782200e+05   9.1247559e+01
   7.0783600e+05   1.2078857e+02
   7.0784700e+05   5.5419922e+01
   7.0787000e+05   4.5837402e+01
   7.0790200e+05   5.9936523e+01
   7.0793700e+05   6.1584473e+01
   7.0798100e+05   4.4311523e+01
   7.0800000e+05   4.5471191e+01
   7.0802500e+05   4.5898438e+01
   7.0805000e+05   3.7963867e+01
   7.0814800e+05   4.6630859e+01
   7.0816300e+05   4.2968750e+01
   7.0817400e+05   5.2734375e+01
   7.0831100e+05   4.2968750e+01
   7.0834600e+05   4.0954590e+01
   7.0836300e+05   3.6865234e+01
   7.0843200e+05   4.0527344e+01
   7.0845700e+05   4.0161133e+01
   7.0853000e+05   3.6987305e+01
   7.0870600e+05   3.8574219e+01
   7.0875700e+05   4.5043945e+01
   7.0881600e+05   4.2297363e+01
   7.0887600e+05   3.6743164e+01
   7.0897800e+05   4.7973633e+01
   7.0900900e+05   4.0771484e+01
   7.0905300e+05   3.6621094e+01
   7.0912900e+05   4.0344238e+01
   7.0922800e+05   4.8278809e+01
   7.0943100e+05   3.7292480e+01
   7.0945400e+05   4.1870117e+01
   7.0947700e+05   3.6987305e+01
   7.0965800e+05   3.9550781e+01
   7.0970900e+05   3.7963867e+01
   7.0979300e+05   3.6926270e+01
   7.0998400e+05   3.6315918e+01
   7.1013100e+05   3.7170410e+01
   7.1027000e+05   4.0222168e+01
   7.1045300e+05   3.6804199e+01
   7.1048100e+05   3.7780762e+01
   7.1051600e+05   4.0832520e+01
   7.1075200e+05   3.6499023e+01
   7.1082600e+05   5.1757812e+01
   7.1103400e+05   4.1809082e+01
   7.1109400e+05   4.1198730e+01
   7.1111800e+05   7.1533203e+01
   7.1147800e+05   5.5419922e+01
   7.1165800e+05   4.2480469e+01
   7.1192500e+05   4.5532227e+01
   7.1198400e+05   4.5410156e+01
   7.2525500e+05   3.6315918e+01
   7.5172000e+05   5.0903320e+01
   7.5213900e+05   5.4138184e+01
   7.5664500e+05   5.5603027e+01
   7.6313300e+05   5.1696777e+01
   7.8812000e+05   5.3649902e+01
   7.9134600e+05   5.0048828e+01
   7.9682100e+05   4.6386719e+01
   8.1920500e+05   4.5288086e+01
   8.2413000e+05   5.6457520e+01
   8.3258200e+05   4.6508789e+01
   8.5954700e+05   5.1818848e+01
   8.6424900e+05   5.0598145e+01
   8.6630900e+05   5.0842285e+01
   8.8157100e+05   4.1503906e+01
   8.9800100e+05   6.0913086e+01
   9.0144500e+05   4.9194336e+01
   9.2334900e+05   5.1086426e+01
   9.3091500e+05   4.8461914e+01
   9.4607300e+05   4.6142578e+01
   9.5227900e+05   3.6682129e+01
   9.6868900e+05   6.1584473e+01
   9.8612700e+05   5.3344727e+01
   9.9257000e+05   5.9509277e+01
   1.0003230e+06   4.3029785e+01
   1.0028770e+06   4.7119141e+01
   1.0062000e+06   4.5715332e+01
   1.0194740e+06   4.9255371e+01
   1.0320280e+06   5.4138184e+01
   1.0461570e+06   4.3823242e+01
   1.0522660e+06   5.3405762e+01
   1.0647550e+06   4.7241211e+01
   1.0677910e+06   5.6457520e+01
   1.0695810e+06   5.1940918e+01
   1.0703800e+06   5.2124023e+01
   1.0830670e+06   4.4250488e+01
   1.0912160e+06   4.6142578e+01
   1.0951260e+06   4.1931152e+01
   1.0971890e+06   5.2307129e+01
   1.1005490e+06   4.8583984e+01
   1.1094580e+06   3.6499023e+01
   1.1151290e+06   5.4016113e+01
   1.1274860e+06   4.6997070e+01
   1.1564670e+06   5.6457520e+01
   1.1583450e+06   6.7565918e+01
   1.1744370e+06   5.1025391e+01
   1.1784740e+06   3.8085938e+01
   1.1886490e+06   5.5053711e+01
   1.2008090e+06   4.2785645e+01
   1.2139810e+06   4.7302246e+01
   1.2344510e+06   5.2001953e+01
   1.2426580e+06   3.9001465e+01
   1.2472160e+06   3.9978027e+01
   1.2528330e+06   4.5715332e+01
   1.2593030e+06   4.7912598e+01
   1.2633870e+06   4.0283203e+01
   1.2636710e+06   4.6447754e+01
   1.2810590e+06   4.3090820e+01
   1.2882870e+06   4.7546387e+01
   1.2953040e+06   4.8645020e+01
   1.2979000e+06   5.3466797e+01
   1.2999890e+06   4.8950195e+01
   1.3002080e+06   5.0170898e+01
   1.3291560e+06   5.3222656e+01
   1.3339450e+06   4.7912598e+01
   1.3367150e+06   4.4311523e+01
   1.3388480e+06   4.9987793e+01
   1.3439940e+06   5.3039551e+01
   1.3522210e+06   6.3781738e+01
   1.3526000e+06   4.8950195e+01
   1.3621760e+06   6.0607910e+01
   1.3693670e+06   3.6865234e+01
   1.3811110e+06   5.5053711e+01
   1.3847810e+06   5.2551270e+01
   1.3937770e+06   3.7170410e+01
   1.3980050e+06   4.9438477e+01
   1.4145590e+06   5.4138184e+01
   1.4265750e+06   5.3344727e+01
   1.4312870e+06   5.1330566e+01
   1.4389800e+06   5.8471680e+01
   1.4483340e+06   4.8889160e+01
   1.4623550e+06   5.2307129e+01
   1.4672110e+06   5.3894043e+01
   1.4676360e+06   5.5541992e+01
   1.4719100e+06   5.6213379e+01
   1.4721960e+06   4.3579102e+01
   1.4793430e+06   4.4860840e+01
   1.4801570e+06   4.8706055e+01
   1.4874630e+06   4.8950195e+01
   1.4887780e+06   4.9072266e+01
   1.4910140e+06   4.4860840e+01
   1.4985620e+06   5.5419922e+01
   1.5086890e+06   5.7739258e+01
   1.5107670e+06   5.2124023e+01
   1.5151560e+06   5.0354004e+01
   1.5156330e+06   5.7556152e+01
   1.5213670e+06   5.0354004e+01
   1.5245810e+06   4.7241211e+01
   1.5371280e+06   4.4555664e+01
   1.5472000e+06   5.4382324e+01
   1.5481460e+06   3.7902832e+01
   1.5558140e+06   4.6508789e+01
   1.5586900e+06   3.8818359e+01
   1.5663980e+06   5.0781250e+01
   1.5797530e+06   4.8156738e+01
   1.5935190e+06   4.5837402e+01
   1.6061940e+06   5.7617188e+01
   1.6094330e+06   5.4809570e+01
   1.6174420e+06   5.7250977e+01
   1.6237030e+06   3.8085938e+01
   1.6246130e+06   4.3762207e+01
   1.6285210e+06   6.0913086e+01
   1.6308660e+06   3.6499023e+01
   1.6337600e+06   3.7231445e+01
   1.6393640e+06   4.7180176e+01
   1.6407540e+06   6.2438965e+01
   1.6450060e+06   5.2490234e+01
   1.6491850e+06   4.1320801e+01
   1.6501970e+06   4.9682617e+01
   1.6604310e+06   4.9804688e+01
   1.6687740e+06   4.0405273e+01
   1.6738390e+06   5.2856445e+01
   1.6838800e+06   5.8410645e+01
   1.6983050e+06   3.7048340e+01
   1.6984760e+06   4.2724609e+01
   1.7006530e+06   4.6386719e+01
   1.7181270e+06   5.5603027e+01
   1.7351820e+06   4.9865723e+01
   1.7397100e+06   4.2419434e+01
   1.7441590e+06   5.0109863e+01
   1.7490150e+06   3.7475586e+01
   1.7490560e+06   6.9641113e+01
   1.7490800e+06   9.0087891e+01
   1.7490930e+06   1.2396240e+02
   1.7491290e+06   7.5805664e+01
   1.7491460e+06   3.7048340e+01
   1.7491660e+06   4.8400879e+01
   1.7491790e+06   6.6284180e+01
   1.7491940e+06   4.4250488e+01
   1.7492120e+06   5.6579590e+01
   1.7492350e+06   8.1176758e+01
   1.7492580e+06   4.1503906e+01
   1.7492850e+06   4.4616699e+01
   1.7493080e+06   4.4494629e+01
   1.7493320e+06   4.1381836e+01
   1.7493720e+06   3.6682129e+01
   1.7493840e+06   5.8532715e+01
   1.7494100e+06   4.9987793e+01
   1.7494490e+06   4.4128418e+01
   1.7494600e+06   3.6804199e+01
   1.7495080e+06   4.1076660e+01
   1.7495490e+06   4.2907715e+01
   1.7495730e+06   3.9428711e+01
   1.7496550e+06   4.0710449e+01
   1.7496980e+06   3.7231445e+01
   1.7497480e+06   4.0283203e+01
   1.7497900e+06   3.7414551e+01
   1.7498870e+06   4.0161133e+01
   1.7500410e+06   4.7180176e+01
   1.7500680e+06   4.4372559e+01
   1.7501460e+06   3.6254883e+01
   1.7501860e+06   4.6020508e+01
   1.7503930e+06   3.9367676e+01
   1.7504820e+06   3.6987305e+01
   1.7505480e+06   4.0405273e+01
   1.7506050e+06   3.8696289e+01
   1.7506990e+06   3.6254883e+01
   1.7507300e+06   4.0893555e+01
   1.7507560e+06   3.8818359e+01
   1.7508740e+06   4.6936035e+01
   1.7508940e+06   4.4372559e+01
   1.7509390e+06   5.8959961e+01
   1.7509490e+06   4.3395996e+01
   1.7510980e+06   3.6804199e+01
   1.7511260e+06   4.2785645e+01
   1.7511480e+06   4.5471191e+01
   1.7512570e+06   3.7963867e+01
   1.7513190e+06   3.7902832e+01
   1.7513890e+06   3.7658691e+01
   1.7514300e+06   4.1259766e+01
   1.7514770e+06   4.2419434e+01
   1.7515120e+06   3.8574219e+01
   1.7515450e+06   3.9367676e+01
   1.7515600e+06   4.3457031e+01
   1.7516290e+06   3.6926270e+01
   1.7518030e+06   3.7536621e+01
   1.7519060e+06   3.8208008e+01
   1.7520060e+06   3.8879395e+01
   1.7521530e+06   3.6926270e+01
   1.7522380e+06   4.0710449e+01
   1.7524100e+06   3.9062500e+01
   1.7533570e+06   3.6437988e+01
   1.7570650e+06   4.1687012e+01
   1.7617870e+06   4.9316406e+01
   1.7618080e+06   6.7687988e+01
   1.7618240e+06   4.6447754e+01
   1.7618360e+06   7.6477051e+01
   1.7618580e+06   1.2524414e+02
   1.7618780e+06   5.7556152e+01
   1.7619020e+06   4.0283203e+01
   1.7619280e+06   6.9030762e+01
   1.7619670e+06   4.9377441e+01
   1.7619810e+06   4.7424316e+01
   1.7620220e+06   3.8146973e+01
   1.7620320e+06   5.7983398e+01
   1.7620640e+06   3.7536621e+01
   1.7621220e+06   4.8583984e+01
   1.7621880e+06   3.6376953e+01
   1.7622050e+06   4.0832520e+01
   1.7622360e+06   4.0893555e+01
   1.7622750e+06   3.6804199e+01
   1.7623060e+06   3.7170410e+01
   1.7623170e+06   4.0405273e+01
   1.7623730e+06   4.1381836e+01
   1.7624290e+06   3.6926270e+01
   1.7624660e+06   3.7353516e+01
   1.7624770e+06   6.8786621e+01
   1.7625540e+06   3.6254883e+01
   1.7625730e+06   4.2541504e+01
   1.7626350e+06   4.6813965e+01
   1.7627140e+06   3.8208008e+01
   1.7627380e+06   5.3405762e+01
   1.7628400e+06   3.8513184e+01
   1.7629000e+06   4.4189453e+01
   1.7630500e+06   3.9062500e+01
   1.7630710e+06   3.8757324e+01
   1.7631030e+06   3.9062500e+01
   1.7633310e+06   3.6682129e+01
   1.7634390e+06   3.9306641e+01
   1.7634790e+06   4.1198730e+01
   1.7635910e+06   3.9611816e+01
   1.7636100e+06   3.9428711e+01
   1.7636440e+06   3.8452148e+01
   1.7638870e+06   4.3212891e+01
   1.7639810e+06   3.8574219e+01
   1.7640160e+06   3.9794922e+01
   1.7643450e+06   3.9916992e+01
   1.7645730e+06   4.5410156e+01
   1.7648100e+06   4.3395996e+01
   1.7648410e+06   3.8879395e+01
   1.7648870e+06   3.6499023e+01
   1.7650140e+06   4.1259766e+01
   1.7650750e+06   4.0832520e+01
   1.7654160e+06   4.7485352e+01
   1.7654790e+06   3.7658691e+01
   1.7661280e+06   3.9428711e+01
   1.8015450e+06   3.7597656e+01
   1.8120210e+06   6.4147949e+01
   1.8430590e+06   5.9082031e+01
   1.8432680e+06   5.4687500e+01
   1.8625820e+06   5.8227539e+01
   1.8635420e+06   6.3537598e+01
   1.8987470e+06   5.4382324e+01
   1.9067390e+06   5.2917480e+01
   1.9100500e+06   4.6691895e+01
   1.9217550e+06   5.1513672e+01
   1.9333910e+06   4.5043945e+01
   1.9479140e+06   4.2236328e+01
   1.9648220e+06   5.3588867e+01
   1.9726740e+06   5.3833008e+01
   1.9809990e+06   5.3344727e+01
   1.9937280e+06   4.2602539e+01
   1.9945400e+06   5.3649902e+01
   2.0086540e+06   4.5654297e+01
   2.0301980e+06   5.5114746e+01
   2.0443690e+06   5.5541992e+01
   2.0542330e+06   4.7363281e+01
   2.0544920e+06   4.9377441e+01
   2.0677810e+06   5.1208496e+01
   2.0693800e+06   5.9448242e+01
   2.0748420e+06   5.3100586e+01
   2.0824030e+06   6.0119629e+01
   2.0852950e+06   4.6142578e+01
   2.0940540e+06   5.3100586e+01
   2.1001680e+06   5.4809570e+01
   2.1060450e+06   4.8522949e+01
   2.1124390e+06   4.8828125e+01
   2.1158610e+06   4.8889160e+01
   2.1242940e+06   4.9255371e+01
   2.1265150e+06   5.6518555e+01
   2.1277610e+06   5.1452637e+01
   2.1347900e+06   4.8339844e+01
   2.1353520e+06   5.9753418e+01
   2.1552970e+06   5.4626465e+01
   2.1952650e+06   4.6325684e+01
   2.2059430e+06   5.7067871e+01
   2.2062480e+06   5.5480957e+01
   2.2176700e+06   5.8959961e+01
   2.2195500e+06   4.3701172e+01
   2.2248950e+06   4.0527344e+01
   2.2298980e+06   3.9733887e+01
   2.2379600e+06   5.5847168e+01
   2.2412550e+06   4.4311523e+01
   2.2760270e+06   5.2429199e+01
   2.2811630e+06   4.7058105e+01
   2.2949680e+06   5.1879883e+01
   2.2960070e+06   4.7180176e+01
   2.3093720e+06   4.4677734e+01
   2.3121090e+06   5.3222656e+01
   2.3181200e+06   5.2246094e+01
   2.3235950e+06   3.6560059e+01
   2.3361260e+06   5.5053711e+01
   2.3390410e+06   4.5349121e+01
   2.3500180e+06   4.8583984e+01
   2.3574820e+06   4.5959473e+01
   2.3617820e+06   4.8950195e+01
   2.3698900e+06   5.5053711e+01
   2.3859500e+06   4.7119141e+01
   2.3913400e+06   4.5898438e+01
   2.3969940e+06   3.9001465e+01
   2.3999720e+06   5.7861328e+01
   2.4009750e+06   5.1269531e+01
   2.4029860e+06   4.3395996e+01
   2.4076850e+06   6.2805176e+01
   2.4090660e+06   4.9194336e+01
   2.4361860e+06   5.4931641e+01
   2.4450510e+06   4.0405273e+01
   2.4464160e+06   6.3049316e+01
   2.4493410e+06   4.0466309e+01
   2.4579950e+06   5.1452637e+01
   2.4638450e+06   6.0180664e+01
   2.4659020e+06   5.0598145e+01
   2.4672800e+06   5.5419922e+01
   2.4747980e+06   5.0476074e+01
   2.4845650e+06   3.9184570e+01
   2.4895200e+06   4.9255371e+01
   2.4947470e+06   5.7189941e+01
   2.4956700e+06   5.9082031e+01
   2.4982140e+06   3.7780762e+01
   2.5033400e+06   5.4809570e+01
   2.5132320e+06   5.2551270e+01
   2.5223210e+06   5.1818848e+01
   2.5230350e+06   3.7170410e+01
   2.5263820e+06   4.4006348e+01
   2.5305800e+06   5.9753418e+01
   2.5321530e+06   5.1818848e+01
   2.5399070e+06   5.1757812e+01
   2.5496410e+06   5.6091309e+01
   2.5546530e+06   5.1635742e+01
   2.5663440e+06   6.4697266e+01
   2.5691730e+06   4.2114258e+01
   2.5704480e+06   3.7536621e+01
   2.5743950e+06   3.8146973e+01
   2.5789320e+06   5.1208496e+01
   2.5899140e+06   5.3222656e+01
   2.6023290e+06   4.2175293e+01
   2.6111430e+06   3.8635254e+01
   2.6167790e+06   5.0720215e+01
   2.6242540e+06   5.4687500e+01
   2.6274280e+06   5.1818848e+01
   2.6361900e+06   4.8522949e+01
   2.6377520e+06   3.8940430e+01
   2.6468400e+06   3.7109375e+01
   2.6584830e+06   5.0292969e+01
   2.6648260e+06   6.1279297e+01
   2.6655100e+06   4.9316406e+01
   2.6710020e+06   5.2917480e+01
   2.6742270e+06   4.1687012e+01
   2.6758650e+06   5.1757812e+01
   2.6839670e+06   4.8706055e+01
   2.6889300e+06   6.1828613e+01
   2.6891000e+06   4.8767090e+01
   2.6920500e+06   5.2185059e+01
   2.6962480e+06   5.0720215e+01
   2.6964780e+06   6.0913086e+01
   2.7043530e+06   4.8828125e+01
   2.7142770e+06   4.7668457e+01
   2.7208550e+06   3.6743164e+01
   2.7226790e+06   5.6518555e+01
   2.7277010e+06   4.3579102e+01
   2.7327870e+06   4.3640137e+01
   2.7330870e+06   4.5593262e+01
   2.7334330e+06   4.3640137e+01
   2.7366660e+06   3.8146973e+01
   2.7385070e+06   4.2846680e+01
   2.7443100e+06   3.9672852e+01
   2.7530440e+06   5.1696777e+01
   2.7613510e+06   5.5908203e+01
   2.7711780e+06   3.6987305e+01
   2.7724230e+06   5.0964355e+01
   2.7794450e+06   4.3090820e+01
   2.7914470e+06   4.3395996e+01
   2.7943430e+06   4.8095703e+01
   2.7945280e+06   4.0893555e+01
   2.7945540e+06   9.4238281e+01
   2.7945830e+06   9.9792480e+01
   2.7946010e+06   1.2664795e+02
   2.7946340e+06   6.6833496e+01
   2.7946610e+06   5.5725098e+01
   2.7946740e+06   9.9121094e+01
   2.7947240e+06   5.0170898e+01
   2.7947370e+06   4.2419434e+01
   2.7947520e+06   5.1818848e+01
   2.7947860e+06   4.5898438e+01
   2.7948000e+06   3.6682129e+01
   2.7948390e+06   6.3476562e+01
   2.7948490e+06   4.3212891e+01
   2.7950710e+06   4.1076660e+01
   2.7952180e+06   3.8574219e+01
   2.7952420e+06   3.9672852e+01
   2.7953330e+06   3.9245605e+01
   2.7953730e+06   4.1442871e+01
   2.7954480e+06   4.2297363e+01
   2.7956650e+06   3.7353516e+01
   2.7956850e+06   4.5227051e+01
   2.7957050e+06   3.9001465e+01
   2.7957590e+06   3.8696289e+01
   2.7958080e+06   4.2541504e+01
   2.7958470e+06   5.3833008e+01
   2.7959750e+06   3.7048340e+01
   2.7960170e+06   3.9855957e+01
   2.7961160e+06   4.0039062e+01
   2.7961640e+06   3.8757324e+01
   2.7962070e+06   4.0527344e+01
   2.7962180e+06   3.8696289e+01
   2.7963690e+06   4.1748047e+01
   2.7964810e+06   4.7729492e+01
   2.7965150e+06   3.9062500e+01
   2.7966190e+06   4.1259766e+01
   2.7967410e+06   4.1381836e+01
   2.7968570e+06   4.2907715e+01
   2.7969340e+06   3.9184570e+01
   2.7969640e+06   4.1809082e+01
   2.7971900e+06   5.3771973e+01
   2.7973750e+06   3.8024902e+01
   2.7973850e+06   7.1350098e+01
   2.7976490e+06   3.8085938e+01
   2.7977180e+06   3.6682129e+01
   2.7979580e+06   4.0527344e+01
   2.8070490e+06   6.1950684e+01
   2.8070700e+06   4.1442871e+01
   2.8070940e+06   8.2702637e+01
   2.8071040e+06   5.6640625e+01
   2.8071250e+06   8.5144043e+01
   2.8071580e+06   6.5673828e+01
   2.8071920e+06   3.9123535e+01
   2.8072190e+06   3.9367676e+01
   2.8072470e+06   4.3395996e+01
   2.8072840e+06   5.6823730e+01
   2.8073140e+06   4.2480469e+01
   2.8073640e+06   5.5541992e+01
   2.8073970e+06   4.2480469e+01
   2.8074120e+06   6.4880371e+01
   2.8075410e+06   5.1330566e+01
   2.8076270e+06   3.9367676e+01
   2.8076780e+06   4.5654297e+01
   2.8077320e+06   5.1147461e+01
   2.8077430e+06   4.8767090e+01
   2.8078180e+06   3.9001465e+01
   2.8078460e+06   4.4433594e+01
   2.8078650e+06   4.2358398e+01
   2.8079290e+06   4.1687012e+01
   2.8079410e+06   3.7536621e+01
   2.8079600e+06   5.2734375e+01
   2.8081570e+06   3.6682129e+01
   2.8081840e+06   3.6560059e+01
   2.8084270e+06   4.0893555e+01
   2.8084990e+06   4.1503906e+01
   2.8085590e+06   3.6560059e+01
   2.8087680e+06   5.1086426e+01
   2.8089800e+06   5.8410645e+01
   2.8090220e+06   4.4555664e+01
   2.8091320e+06   3.6315918e+01
   2.8093250e+06   4.3518066e+01
   2.8093880e+06   3.7292480e+01
   2.8094080e+06   3.8513184e+01
   2.8095530e+06   3.6926270e+01
   2.8095860e+06   4.8461914e+01
   2.8096500e+06   3.7536621e+01
   2.8098830e+06   4.6936035e+01
   2.8101230e+06   4.9926758e+01
   2.8102660e+06   3.6315918e+01
   2.8103440e+06   4.0100098e+01
   2.8104870e+06   4.3701172e+01
   2.8106730e+06   3.9245605e+01
   2.8107720e+06   4.3273926e+01
   2.8110730e+06   4.3518066e+01
   2.8120580e+06   4.0100098e+01
   2.8343360e+06   4.5776367e+01
   2.8442860e+06   4.6447754e+01
   2.8530020e+06   4.5410156e+01
   2.8535510e+06   5.6396484e+01
   2.8692350e+06   5.8715820e+01
   2.8858350e+06   5.1025391e+01
   2.8927390e+06   5.0598145e+01
   2.8928900e+06   5.1940918e+01
   2.9005080e+06   5.5114746e+01
   2.9058920e+06   4.6630859e+01
   2.9262080e+06   5.4931641e+01
   2.9296080e+06   4.9804688e+01
   2.9345090e+06   4.6447754e+01
   2.9404170e+06   4.9133301e+01
   2.9457070e+06   4.4921875e+01
   2.9511250e+06   5.0964355e+01
   2.9582100e+06   5.8593750e+01
   2.9588350e+06   3.7658691e+01
   2.9618630e+06   4.7241211e+01
   2.9656290e+06   4.8400879e+01
   2.9829820e+06   5.6640625e+01
   2.9914470e+06   5.7373047e+01
   3.0373720e+06   5.2612305e+01
   3.0458220e+06   6.7932129e+01
   3.0531920e+06   5.0537109e+01
   3.0618880e+06   4.8156738e+01
   3.0649650e+06   4.5227051e+01
   3.0766930e+06   4.0954590e+01
   3.0807560e+06   5.3527832e+01
   3.0931610e+06   4.9987793e+01
   3.1084940e+06   5.2978516e+01
   3.1354440e+06   5.0781250e+01
   3.1395320e+06   6.1279297e+01
   3.1442650e+06   5.6640625e+01
   3.1525970e+06   5.7128906e+01
   3.1576810e+06   5.5236816e+01
   3.1595440e+06   5.7800293e+01
   3.1666430e+06   5.4565430e+01
   3.1672430e+06   5.8593750e+01
   3.1779930e+06   5.7800293e+01
   3.1793990e+06   3.7658691e+01
   3.1854080e+06   5.4321289e+01
   3.1958120e+06   4.1503906e+01
   3.2028120e+06   5.4199219e+01
   3.2041850e+06   4.8522949e+01
   3.2123920e+06   6.2866211e+01
   3.2189440e+06   5.5114746e+01
   3.2261550e+06   5.1086426e+01
   3.2281100e+06   6.6406250e+01
   3.2331630e+06   5.3222656e+01
   3.2416510e+06   4.5288086e+01
   3.2463450e+06   3.9978027e+01
   3.2522800e+06   5.9143066e+01
   3.2551050e+06   4.9194336e+01
   3.2614790e+06   5.0231934e+01
   3.2738160e+06   4.4372559e+01
   3.2751350e+06   4.7424316e+01
   3.2881870e+06   4.9865723e+01
   3.2914060e+06   4.9743652e+01
   3.2991870e+06   5.3222656e+01
   3.3058450e+06   4.4311523e+01
   3.3141460e+06   5.0842285e+01
   3.3150210e+06   5.1757813e+01
   3.3182260e+06   5.1330566e+01
   3.3376580e+06   5.6945801e+01
   3.3388680e+06   5.5541992e+01
   3.3485090e+06   5.0231934e+01
   3.3634300e+06   4.8706055e+01
   3.3808440e+06   4.6386719e+01
   3.3855880e+06   4.8828125e+01
   3.4006590e+06   4.9865723e+01
   3.4046620e+06   5.9875488e+01
   3.4116900e+06   6.5734863e+01
   3.4342300e+06   4.2053223e+01
   3.4533760e+06   3.9611816e+01
   3.4537630e+06   5.1025391e+01
   3.4584840e+06   4.8950195e+01
   3.4664360e+06   6.3842773e+01
   3.4695720e+06   3.7841797e+01
   3.4721670e+06   4.6081543e+01
   3.4818570e+06   5.0109863e+01
   3.4859760e+06   4.9682617e+01
   3.4917880e+06   6.0241699e+01
   3.4921830e+06   4.5593262e+01
   3.5006450e+06   4.7973633e+01
   3.5032500e+06   5.4138184e+01
   3.5123600e+06   5.4809570e+01
   3.5190010e+06   4.1503906e+01
   3.5250490e+06   3.8452148e+01
   3.5564520e+06   5.2246094e+01
   3.5652440e+06   5.2368164e+01
   3.5780330e+06   4.8889160e+01
   3.5847610e+06   4.0954590e+01
   3.6048750e+06   5.5419922e+01
   3.6075730e+06   4.1137695e+01
   3.6075910e+06   4.5349121e+01
   3.6076110e+06   5.6884766e+01
   3.6076290e+06   6.7993164e+01
   3.6076440e+06   1.2908936e+02
   3.6076590e+06   6.5185547e+01
   3.6076850e+06   7.9711914e+01
   3.6077160e+06   8.6303711e+01
   3.6077450e+06   4.7241211e+01
   3.6077720e+06   4.5288086e+01
   3.6077930e+06   5.8410645e+01
   3.6078180e+06   5.4626465e+01
   3.6078400e+06   4.0222168e+01
   3.6078770e+06   5.7495117e+01
   3.6078990e+06   3.8696289e+01
   3.6079110e+06   5.2185059e+01
   3.6079360e+06   4.7180176e+01
   3.6079530e+06   5.1940918e+01
   3.6079630e+06   4.2480469e+01
   3.6079870e+06   3.8452148e+01
   3.6080050e+06   4.6508789e+01
   3.6080200e+06   4.3334961e+01
   3.6080560e+06   3.7109375e+01
   3.6080790e+06   3.9855957e+01
   3.6081130e+06   3.9794922e+01
   3.6082620e+06   3.9062500e+01
   3.6083390e+06   4.1198730e+01
   3.6085170e+06   4.7973633e+01
   3.6085870e+06   4.3151855e+01
   3.6086100e+06   4.0344238e+01
   3.6088360e+06   3.9428711e+01
   3.6089940e+06   4.3029785e+01
   3.6090330e+06   3.7231445e+01
   3.6091600e+06   4.3090820e+01
   3.6092670e+06   4.7241211e+01
   3.6093200e+06   3.7048340e+01
   3.6094130e+06   6.1889648e+01
   3.6095220e+06   4.0649414e+01
   3.6096530e+06   5.0781250e+01
   3.6097490e+06   5.6152344e+01
   3.6098010e+06   4.0710449e+01
   3.6098320e+06   4.4250488e+01
   3.6098840e+06   3.9672852e+01
   3.6099630e+06   5.3405762e+01
   3.6099810e+06   3.8818359e+01
   3.6102520e+06   3.7414551e+01
   3.6102820e+06   5.2612305e+01
   3.6104000e+06   3.7109375e+01
   3.6104740e+06   3.9184570e+01
   3.6105280e+06   4.1809082e+01
   3.6204560e+06   3.9550781e+01
   3.6204770e+06   4.0283203e+01
   3.6204940e+06   1.5216064e+02
   3.6205190e+06   7.8491211e+01
   3.6205380e+06   4.1564941e+01
   3.6205840e+06   5.7312012e+01
   3.6206120e+06   8.2397461e+01
   3.6206380e+06   4.2297363e+01
   3.6206670e+06   4.0222168e+01
   3.6206980e+06   6.6101074e+01
   3.6207310e+06   4.1809082e+01
   3.6207560e+06   4.8889160e+01
   3.6207850e+06   4.5593262e+01
   3.6208120e+06   5.0415039e+01
   3.6208360e+06   6.6223145e+01
   3.6208650e+06   4.5104980e+01
   3.6209010e+06   4.4372559e+01
   3.6209550e+06   3.8818359e+01
   3.6209780e+06   4.6630859e+01
   3.6210180e+06   5.2856445e+01
   3.6210590e+06   3.9306641e+01
   3.6210990e+06   4.0771484e+01
   3.6211140e+06   4.0832520e+01
   3.6211450e+06   3.8208008e+01
   3.6211690e+06   3.9733887e+01
   3.6212950e+06   4.0466309e+01
   3.6213380e+06   4.1015625e+01
   3.6214100e+06   4.1809082e+01
   3.6214460e+06   4.5593262e+01
   3.6215450e+06   4.6630859e+01
   3.6215850e+06   5.1940918e+01
   3.6216250e+06   3.8696289e+01
   3.6216970e+06   4.5227051e+01
   3.6217470e+06   5.0109863e+01
   3.6218330e+06   3.9611816e+01
   3.6219660e+06   3.8513184e+01
   3.6219970e+06   4.1381836e+01
   3.6220740e+06   4.0710449e+01
   3.6221750e+06   4.1015625e+01
   3.6221890e+06   3.8513184e+01
   3.6222130e+06   4.0710449e+01
   3.6222980e+06   3.9733887e+01
   3.6223700e+06   4.0161133e+01
   3.6224090e+06   3.8635254e+01
   3.6224360e+06   3.7963867e+01
   3.6226650e+06   4.4250488e+01
   3.6229360e+06   3.8513184e+01
   3.6229930e+06   3.9306641e+01
   3.6232610e+06   3.8146973e+01
   3.6233010e+06   4.9499512e+01
   3.6233160e+06   6.2866211e+01
   3.6233480e+06   3.7963867e+01
   3.6235660e+06   5.6091309e+01
   3.6236080e+06   3.7170410e+01
   3.6239260e+06   6.2500000e+01
   3.6242670e+06   5.5419922e+01
   3.6246320e+06   5.0231934e+01
   3.6491420e+06   4.0649414e+01
   3.6741530e+06   4.6997070e+01
   3.6841250e+06   4.9621582e+01
   3.6854270e+06   5.4138184e+01
   3.6902440e+06   5.1086426e+01
   3.7229640e+06   4.8950195e+01
   3.7318140e+06   3.9245605e+01
   3.7417650e+06   5.3283691e+01
   3.7418480e+06   5.9204102e+01
   3.7473530e+06   5.1391602e+01
   3.7611740e+06   4.8034668e+01
   3.7666880e+06   4.8339844e+01
   3.7732990e+06   4.9560547e+01
   3.7817750e+06   4.9560547e+01
   3.7926080e+06   4.9194336e+01
   3.8051150e+06   4.9011230e+01
   3.8208600e+06   4.7241211e+01
   3.8258910e+06   5.6152344e+01
   3.8372990e+06   4.9804688e+01
   3.8433040e+06   3.8696289e+01
   3.8520800e+06   5.5053711e+01
   3.8581000e+06   6.4819336e+01
   3.8672020e+06   5.0354004e+01
   3.8697280e+06   4.0466309e+01
   3.8805930e+06   3.7292480e+01
   3.8976810e+06   4.9682617e+01
   3.9159550e+06   5.0964355e+01
   3.9525970e+06   4.5837402e+01
   3.9594290e+06   3.8635254e+01
   3.9682480e+06   5.5603027e+01
   3.9940890e+06   5.4504395e+01
   4.0015580e+06   4.6875000e+01
   4.0195400e+06   4.7546387e+01
   4.0285860e+06   5.0537109e+01
   4.0310850e+06   5.8105469e+01
   4.0371710e+06   5.5786133e+01
   4.0391520e+06   5.4931641e+01
   4.0436240e+06   4.4494629e+01
   4.0525520e+06   4.9072266e+01
   4.0556790e+06   4.5837402e+01
   4.0751060e+06   4.4982910e+01
   4.0814250e+06   5.0476074e+01
   4.0939370e+06   4.9133301e+01
   4.0991210e+06   4.7851563e+01
   4.1039640e+06   4.8889160e+01
   4.1047470e+06   5.3466797e+01
   4.1329980e+06   5.0354004e+01
   4.1383700e+06   4.8095703e+01
   4.1517050e+06   5.9326172e+01
   4.1518680e+06   4.5410156e+01
   4.1553140e+06   4.2053223e+01
   4.1584060e+06   4.5837402e+01
   4.1614130e+06   5.3527832e+01
   4.1871800e+06   5.4748535e+01
   4.1934000e+06   4.6936035e+01
   4.2011110e+06   5.0537109e+01
   4.2051660e+06   4.6936035e+01
   4.2144120e+06   4.3334961e+01
   4.2214820e+06   4.3090820e+01
   4.2219360e+06   4.8400879e+01
   4.2277920e+06   4.7424316e+01
   4.2278110e+06   5.4504395e+01
   4.2315130e+06   5.4443359e+01
   4.2343260e+06   5.0170898e+01
   4.2358600e+06   3.7414551e+01
   4.2413530e+06   5.7373047e+01
   4.2458750e+06   4.4128418e+01
   4.2583060e+06   4.4433594e+01
   4.2669620e+06   4.6203613e+01
   4.2704280e+06   5.4565430e+01
   4.2857380e+06   5.3649902e+01
   4.2875970e+06   4.3884277e+01
   4.2973850e+06   4.2541504e+01
   4.3043370e+06   5.3710938e+01
   4.3143840e+06   4.1015625e+01
   4.3195560e+06   4.3029785e+01
   4.3244850e+06   4.6203613e+01
   4.3274750e+06   5.3771973e+01
   4.3368960e+06   5.2856445e+01
   4.3465730e+06   4.3090820e+01
   4.3480580e+06   5.6274414e+01
   4.3549740e+06   6.7993164e+01
   4.3625210e+06   5.2124023e+01
   4.3680760e+06   5.7861328e+01
   4.3696940e+06   5.1513672e+01
   4.3772600e+06   5.6579590e+01
   4.3812290e+06   3.7597656e+01
   4.3812790e+06   4.9560547e+01
   4.3833980e+06   4.4738770e+01
   4.4057430e+06   4.3151855e+01
   4.4070790e+06   6.2438965e+01
   4.4288590e+06   5.7189941e+01
   4.4340270e+06   6.6955566e+01
   4.4454750e+06   5.4626465e+01
   4.4517530e+06   5.4809570e+01
   4.4555270e+06   5.5358887e+01
   4.4559220e+06   4.5715332e+01
   4.4657120e+06   4.5898438e+01
   4.4747870e+06   5.9814453e+01
   4.4753930e+06   5.1818848e+01
   4.4827470e+06   5.4138184e+01
   4.4871370e+06   5.7556152e+01
   4.4933560e+06   5.5114746e+01
   4.4994430e+06   4.4555664e+01
   4.5013680e+06   4.8034668e+01
   4.5073340e+06   4.6875000e+01
   4.5128770e+06   4.2175293e+01
   4.5186710e+06   4.5776367e+01
   4.5200070e+06   4.1076660e+01
   4.5231950e+06   5.9265137e+01
   4.5243920e+06   5.9753418e+01
   4.5264450e+06   5.3833008e+01
   4.5286630e+06   3.9123535e+01
   4.5323850e+06   4.5166016e+01
   4.5380950e+06   4.7485352e+01
   4.5405120e+06   5.5480957e+01
   4.5464450e+06   5.4687500e+01
   4.5523100e+06   3.9672852e+01
   4.5616630e+06   5.4077148e+01
   4.5643760e+06   6.0729980e+01
   4.5650900e+06   3.9978027e+01
   4.5674050e+06   5.1635742e+01
   4.5682330e+06   5.0903320e+01
   4.5750460e+06   4.4860840e+01
   4.5791080e+06   5.2185059e+01
   4.5929930e+06   4.4250488e+01
   4.5993060e+06   4.5471191e+01
   4.6072510e+06   5.7617188e+01
   4.6158150e+06   5.5419922e+01
   4.6202410e+06   4.9255371e+01
   4.6235300e+06   4.0405273e+01
   4.6321900e+06   5.0109863e+01
   4.6327310e+06   4.1442871e+01
   4.6370940e+06   4.4982910e+01
   4.6419760e+06   6.1462402e+01
   4.6466000e+06   6.0424805e+01
   4.6582200e+06   3.7292480e+01
   4.6582550e+06   5.2429199e+01
   4.6582650e+06   3.9245605e+01
   4.6582900e+06   4.7912598e+01
   4.6583270e+06   4.4311523e+01
   4.6583500e+06   9.4299316e+01
   4.6583720e+06   6.4880371e+01
   4.6583860e+06   1.3446045e+02
   4.6584090e+06   7.7636719e+01
   4.6584350e+06   5.8044434e+01
   4.6584560e+06   4.1625977e+01
   4.6584970e+06   6.8359375e+01
   4.6585070e+06   5.8410645e+01
   4.6585600e+06   5.3466797e+01
   4.6586190e+06   4.7363281e+01
   4.6586540e+06   3.7353516e+01
   4.6587010e+06   4.9743652e+01
   4.6587610e+06   3.7963867e+01
   4.6587710e+06   4.1015625e+01
   4.6589150e+06   3.9978027e+01
   4.6591650e+06   4.4738770e+01
   4.6593960e+06   3.7719727e+01
   4.6594110e+06   4.0893555e+01
   4.6594270e+06   4.2175293e+01
   4.6595180e+06   4.0527344e+01
   4.6596230e+06   3.7109375e+01
   4.6596760e+06   3.9367676e+01
   4.6598480e+06   4.3762207e+01
   4.6599190e+06   3.7902832e+01
   4.6600770e+06   3.7414551e+01
   4.6601220e+06   3.7658691e+01
   4.6601490e+06   3.7658691e+01
   4.6602700e+06   4.1625977e+01
   4.6603440e+06   5.7434082e+01
   4.6603980e+06   3.9245605e+01
   4.6604360e+06   4.9011230e+01
   4.6605930e+06   5.2551270e+01
   4.6606360e+06   4.3090820e+01
   4.6606480e+06   5.0476074e+01
   4.6606730e+06   4.4677734e+01
   4.6607910e+06   5.0537109e+01
   4.6610700e+06   4.0649414e+01
   4.6706080e+06   4.6142578e+01
   4.6714430e+06   1.0650635e+02
   4.6714550e+06   1.2658691e+02
   4.6714700e+06   7.6721191e+01
   4.6714920e+06   7.0190430e+01
   4.6715090e+06   4.2907715e+01
   4.6715370e+06   5.1025391e+01
   4.6715650e+06   4.2419434e+01
   4.6715920e+06   6.2805176e+01
   4.6716250e+06   6.1706543e+01
   4.6716530e+06   6.1645508e+01
   4.6716830e+06   3.7536621e+01
   4.6717180e+06   4.1625977e+01
   4.6717370e+06   4.1503906e+01
   4.6717750e+06   4.3884277e+01
   4.6718230e+06   4.1259766e+01
   4.6718370e+06   3.9367676e+01
   4.6718790e+06   4.0527344e+01
   4.6719500e+06   3.9916992e+01
   4.6719690e+06   5.0781250e+01
   4.6720030e+06   5.2917480e+01
   4.6720170e+06   4.1137695e+01
   4.6720480e+06   4.3518066e+01
   4.6721990e+06   4.3518066e+01
   4.6722290e+06   3.9245605e+01
   4.6722460e+06   3.9184570e+01
   4.6722820e+06   4.1381836e+01
   4.6724070e+06   4.1687012e+01
   4.6724480e+06   3.7414551e+01
   4.6725300e+06   4.2846680e+01
   4.6725640e+06   3.9062500e+01
   4.6725910e+06   3.9611816e+01
   4.6726170e+06   4.1564941e+01
   4.6726510e+06   4.1015625e+01
   4.6727980e+06   4.0832520e+01
   4.6728250e+06   3.8574219e+01
   4.6728550e+06   4.6325684e+01
   4.6728760e+06   3.7475586e+01
   4.6730980e+06   3.7841797e+01
   4.6731970e+06   4.0283203e+01
   4.6732340e+06   6.0913086e+01
   4.6734140e+06   4.3273926e+01
   4.6734490e+06   3.8513184e+01
   4.6735960e+06   3.7780762e+01
   4.6736210e+06   3.8208008e+01
   4.6737270e+06   4.1381836e+01
   4.6737920e+06   3.8452148e+01
   4.6738260e+06   4.0893555e+01
   4.6740420e+06   3.8513184e+01
   4.6740840e+06   3.8940430e+01
   4.6743040e+06   4.2846680e+01
   4.6743930e+06   4.6630859e+01
   4.6953010e+06   4.7302246e+01
   4.7195120e+06   4.2297363e+01
   4.7258510e+06   5.3710938e+01
   4.7268880e+06   4.8095703e+01
   4.7385540e+06   5.3955078e+01
   4.7415550e+06   5.6335449e+01
   4.7493350e+06   6.2133789e+01
   4.7643370e+06   6.2194824e+01
   4.8049720e+06   4.9377441e+01
   4.8235390e+06   3.7658691e+01
   4.8282970e+06   4.6447754e+01
   4.8285580e+06   4.2846680e+01
   4.8414430e+06   6.6223145e+01
   4.8510970e+06   5.1757812e+01
   4.8682210e+06   4.4250488e+01
   4.8724460e+06   4.5166016e+01
   4.8758110e+06   4.2968750e+01
   4.8829670e+06   6.5612793e+01
   4.8868320e+06   4.9682617e+01
   4.8979400e+06   5.7067871e+01
   4.9100220e+06   4.8156738e+01
   4.9161510e+06   4.6386719e+01
   4.9179100e+06   4.8461914e+01
   4.9186160e+06   4.3640137e+01
   4.9419000e+06   5.0354004e+01
   4.9543600e+06   4.6203613e+01
   4.9577880e+06   4.3640137e+01
   4.9637370e+06   5.6213379e+01
   4.9712370e+06   5.4809570e+01
   4.9847530e+06   5.1452637e+01
   4.9897450e+06   5.6823730e+01
   5.0053110e+06   6.3354492e+01
   5.0086040e+06   4.8950195e+01
   5.0229340e+06   5.7312012e+01
   5.0319810e+06   4.5715332e+01
   5.0424600e+06   3.9672852e+01
   5.0437010e+06   5.4016113e+01
   5.0514200e+06   4.3701172e+01
   5.0637150e+06   4.5104980e+01
   5.0764660e+06   5.3222656e+01
   5.0967900e+06   4.3029785e+01
   5.1013170e+06   4.4311523e+01
   5.1102810e+06   4.6936035e+01
   5.1119430e+06   5.0048828e+01
   5.1137580e+06   5.1940918e+01
   5.1143370e+06   4.5227051e+01
   5.1254330e+06   4.8461914e+01
   5.1362410e+06   4.8461914e+01
   5.1435970e+06   4.3945313e+01
   5.1472810e+06   4.3395996e+01
   5.1566260e+06   5.6091309e+01
   5.1653840e+06   5.3710938e+01
   5.1775940e+06   5.6457520e+01
   5.1844540e+06   5.0781250e+01
   5.1891590e+06   6.2377930e+01
   5.1902020e+06   5.1818848e+01
   5.1972650e+06   4.7058105e+01
   5.2056090e+06   5.0415039e+01
   5.2141200e+06   4.6325684e+01
   5.2212200e+06   5.4870605e+01
   5.2299030e+06   5.7983398e+01
   5.2402850e+06   5.9020996e+01
   5.2493790e+06   4.2724609e+01
   5.2500620e+06   3.7231445e+01
   5.2534400e+06   5.0415039e+01
   5.2631350e+06   5.0964355e+01
   5.2775700e+06   4.4677734e+01
   5.2907310e+06   5.2246094e+01
   5.2990260e+06   5.3283691e+01
   5.3050540e+06   4.4189453e+01
   5.3070220e+06   5.9387207e+01
   5.3145010e+06   4.8156738e+01
   5.3190040e+06   5.4504395e+01
   5.3195540e+06   4.8156738e+01
   5.3284430e+06   6.0668945e+01
   5.3336980e+06   5.9082031e+01
   5.3427630e+06   4.7485352e+01
   5.3479760e+06   5.2978516e+01
   5.3590160e+06   5.3527832e+01
   5.3717580e+06   4.0283203e+01
   5.3860540e+06   6.5429688e+01
   5.3889810e+06   3.8452148e+01
   5.4056100e+06   5.3161621e+01
   5.4114480e+06   5.4077148e+01
   5.4291060e+06   4.5104980e+01
   5.4377760e+06   4.8767090e+01
   5.4446060e+06   4.6386719e+01
   5.4533150e+06   5.0354004e+01
   5.4750620e+06   5.3466797e+01
   5.4794130e+06   4.7058105e+01
   5.4803880e+06   5.4992676e+01
   5.4863620e+06   5.4748535e+01
   5.4934810e+06   4.5471191e+01
   5.5012990e+06   5.7678223e+01
   5.5027460e+06   4.2785645e+01
   5.5086660e+06   4.7607422e+01
   5.5197460e+06   4.4067383e+01
   5.5257970e+06   4.1015625e+01
   5.5298200e+06   4.9926758e+01
   5.5423960e+06   4.5715332e+01
   5.5463580e+06   5.8532715e+01
   5.5577370e+06   5.4321289e+01
   5.5702810e+06   4.8339844e+01
   5.5786540e+06   4.9255371e+01
   5.5834910e+06   4.5410156e+01
   5.5859850e+06   5.2001953e+01
   5.5893570e+06   5.6274414e+01
   5.6082440e+06   4.6997070e+01
   5.6152870e+06   3.9062500e+01
   5.6374730e+06   4.3212891e+01
   5.6508660e+06   4.4982910e+01
   5.6922920e+06   5.4077148e+01
   5.6951780e+06   6.2927246e+01
   5.7003200e+06   5.0292969e+01
   5.7150530e+06   4.8828125e+01
   5.7249600e+06   4.7119141e+01
   5.7261630e+06   6.1340332e+01
   5.7319820e+06   5.1879883e+01
   5.7409390e+06   5.4199219e+01
   5.7417440e+06   5.5908203e+01
   5.7468750e+06   4.0283203e+01
   5.7517200e+06   5.8898926e+01
   5.7569050e+06   6.3293457e+01
   5.7597030e+06   5.6701660e+01
   5.7602060e+06   4.1076660e+01
   5.7602440e+06   7.9895020e+01
   5.7602980e+06   3.8391113e+01
   5.7603240e+06   1.1083984e+02
   5.7603540e+06   8.7097168e+01
   5.7603700e+06   5.2612305e+01
   5.7603960e+06   5.9143066e+01
   5.7604150e+06   5.4016113e+01
   5.7604390e+06   4.0649414e+01
   5.7604540e+06   4.1870117e+01
   5.7604800e+06   5.3466797e+01
   5.7605160e+06   3.9123535e+01
   5.7605480e+06   4.0039062e+01
   5.7605690e+06   7.9528809e+01
   5.7605970e+06   3.8757324e+01
   5.7606270e+06   5.4992676e+01
   5.7606600e+06   4.9560547e+01
   5.7606770e+06   3.7292480e+01
   5.7607260e+06   3.8330078e+01
   5.7608650e+06   3.7475586e+01
   5.7609180e+06   3.7170410e+01
   5.7609370e+06   4.3212891e+01
   5.7609620e+06   4.1809082e+01
   5.7612380e+06   3.7292480e+01
   5.7612880e+06   4.1564941e+01
   5.7617060e+06   3.8940430e+01
   5.7617980e+06   5.0537109e+01
   5.7619250e+06   3.8330078e+01
   5.7619470e+06   4.4982910e+01
   5.7619740e+06   5.1635742e+01
   5.7620350e+06   3.7109375e+01
   5.7620620e+06   4.1381836e+01
   5.7621310e+06   4.1320801e+01
   5.7621430e+06   3.8757324e+01
   5.7621740e+06   4.2968750e+01
   5.7624180e+06   3.9855957e+01
   5.7624390e+06   4.1137695e+01
   5.7625530e+06   5.1757813e+01
   5.7625950e+06   3.7170410e+01
   5.7627280e+06   3.9428711e+01
   5.7628370e+06   3.8024902e+01
   5.7628550e+06   4.6875000e+01
   5.7629690e+06   4.6203613e+01
   5.7630560e+06   4.0039063e+01
   5.7633510e+06   3.7414551e+01
   5.7636170e+06   4.7424316e+01
   5.7738820e+06   3.7353516e+01
   5.7738990e+06   8.7524414e+01
   5.7739120e+06   5.1574707e+01
   5.7739290e+06   5.4016113e+01
   5.7739520e+06   1.1273193e+02
   5.7739720e+06   5.2612305e+01
   5.7739880e+06   4.0283203e+01
   5.7740140e+06   5.3344727e+01
   5.7740600e+06   4.5837402e+01
   5.7740800e+06   5.5725098e+01
   5.7741320e+06   4.5532227e+01
   5.7741470e+06   4.8889160e+01
   5.7741830e+06   4.0893555e+01
   5.7742550e+06   3.7170410e+01
   5.7742980e+06   5.9265137e+01
   5.7743200e+06   8.0505371e+01
   5.7744200e+06   3.8330078e+01
   5.7744420e+06   4.3395996e+01
   5.7744780e+06   3.9550781e+01
   5.7745250e+06   3.8330078e+01
   5.7745440e+06   4.4433594e+01
   5.7746490e+06   4.3334961e+01
   5.7747470e+06   4.2419434e+01
   5.7747630e+06   4.0161133e+01
   5.7748290e+06   3.8330078e+01
   5.7749460e+06   3.7780762e+01
   5.7750390e+06   3.9123535e+01
   5.7750530e+06   4.0527344e+01
   5.7751000e+06   4.0527344e+01
   5.7751120e+06   3.7292480e+01
   5.7751620e+06   4.4921875e+01
   5.7753260e+06   3.8146973e+01
   5.7753670e+06   3.9916992e+01
   5.7755770e+06   4.3945312e+01
   5.7757680e+06   4.4799805e+01
   5.7759600e+06   3.8146973e+01
   5.7760370e+06   3.7841797e+01
   5.7761520e+06   4.1687012e+01
   5.7761930e+06   4.1931152e+01
   5.7762160e+06   4.2724609e+01
   5.7762820e+06   3.8085938e+01
   5.7765560e+06   4.1564941e+01
   5.7766470e+06   4.5959473e+01
   5.7769200e+06   4.7668457e+01
   5.7771380e+06   3.7109375e+01
   5.7773650e+06   4.7424316e+01
   5.8013330e+06   4.3457031e+01
   5.8083730e+06   4.1931152e+01
   5.8682120e+06   4.8461914e+01
   5.8745800e+06   4.8645020e+01
   5.8885400e+06   5.3039551e+01
   5.9032690e+06   5.3771973e+01
   5.9111220e+06   4.8645020e+01
   5.9197840e+06   5.9326172e+01
   5.9303130e+06   5.5664062e+01
   5.9357840e+06   5.7495117e+01
   5.9360530e+06   6.2072754e+01
   5.9381170e+06   5.0354004e+01
   5.9382950e+06   5.8471680e+01
   5.9517260e+06   4.8767090e+01
   5.9647220e+06   4.0466309e+01
   5.9766870e+06   5.0231934e+01
   5.9862780e+06   4.9377441e+01
   5.9925300e+06   3.8696289e+01
   5.9944710e+06   4.9194336e+01
   5.9997560e+06   4.9255371e+01
   6.0068210e+06   4.4860840e+01
   6.0237510e+06   5.3466797e+01
   6.0240430e+06   5.2612305e+01
   6.0241440e+06   5.9143066e+01
   6.0377420e+06   5.8654785e+01
   6.0500050e+06   4.8522949e+01
   6.0528440e+06   3.7231445e+01
   6.0586200e+06   3.9489746e+01
   6.0597990e+06   5.8349609e+01
   6.0636610e+06   5.1391602e+01
   6.0638880e+06   5.2062988e+01
   6.0714330e+06   4.7973633e+01
   6.0749250e+06   4.3457031e+01
   6.0849500e+06   4.5837402e+01
   6.0911290e+06   5.6274414e+01
   6.1102410e+06   3.6987305e+01
   6.1204480e+06   4.4616699e+01
   6.1260150e+06   6.0241699e+01
   6.1627460e+06   4.6813965e+01
   6.1672470e+06   4.0893555e+01
   6.1713360e+06   3.8085938e+01
   6.1777540e+06   4.6203613e+01
   6.1865690e+06   5.5969238e+01
   6.2041980e+06   5.5236816e+01
   6.2065020e+06   5.4382324e+01
   6.2098550e+06   5.6884766e+01
   6.2248830e+06   4.4189453e+01
   6.2351880e+06   5.2734375e+01
   6.2412480e+06   5.0048828e+01
   6.2428640e+06   5.3100586e+01
   6.2461160e+06   3.7658691e+01
   6.2514060e+06   5.0415039e+01
   6.2550500e+06   5.5847168e+01
   6.2609460e+06   6.3049316e+01
   6.2668430e+06   5.6762695e+01
   6.2771250e+06   5.1818848e+01
   6.2804410e+06   6.2133789e+01
   6.2903520e+06   3.9306641e+01
   6.2990180e+06   5.3344727e+01
   6.3022490e+06   5.5908203e+01
   6.3105800e+06   4.6936035e+01
   6.3164770e+06   5.3344727e+01
   6.3487990e+06   3.7658691e+01
   6.3554280e+06   5.7861328e+01
   6.3625360e+06   5.5541992e+01
   6.3684360e+06   4.7180176e+01
   6.3871230e+06   5.7800293e+01
   6.3915200e+06   4.7546387e+01
   6.3976880e+06   5.3527832e+01
   6.4066430e+06   5.1086426e+01
   6.4246170e+06   4.8461914e+01
   6.4355950e+06   4.2175293e+01
   6.4429240e+06   4.6325684e+01
   6.4531170e+06   4.8461914e+01
   6.4626050e+06   4.8767090e+01
   6.4690430e+06   6.0791016e+01
   6.4847500e+06   4.4189453e+01
   6.4877820e+06   4.5104980e+01
   6.4895950e+06   5.2856445e+01
   6.5024200e+06   4.0954590e+01
   6.5072980e+06   4.9926758e+01
   6.5283290e+06   5.5419922e+01
   6.5322610e+06   4.9011230e+01
   6.5396570e+06   4.6875000e+01
   6.5546670e+06   5.7006836e+01
   6.5583510e+06   5.8593750e+01
   6.5662570e+06   5.0842285e+01
   6.5691190e+06   3.9733887e+01
   6.5732100e+06   5.6518555e+01
   6.5737570e+06   5.1086426e+01
   6.5802030e+06   5.7556152e+01
   6.5881380e+06   5.9875488e+01
   6.5952250e+06   4.4189453e+01
   6.6026260e+06   6.2011719e+01
   6.6074530e+06   5.9936523e+01
   6.6137880e+06   4.8339844e+01
   6.6191930e+06   5.6701660e+01
   6.6264030e+06   5.1574707e+01
   6.6355740e+06   5.4199219e+01
   6.6378930e+06   5.1147461e+01
   6.6482490e+06   4.7241211e+01
   6.6571710e+06   5.1818848e+01
   6.6686960e+06   4.2236328e+01
   6.6750890e+06   5.1818848e+01
   6.6810350e+06   4.8645020e+01
   6.6875800e+06   3.9550781e+01
   6.6905860e+06   4.3151855e+01
   6.6953310e+06   5.9448242e+01
   6.7020720e+06   5.0048828e+01
   6.7097960e+06   3.9001465e+01
   6.7202580e+06   4.5043945e+01
   6.7206790e+06   3.7170410e+01
   6.7423300e+06   4.9987793e+01
   6.7492510e+06   5.3588867e+01
   6.7578010e+06   6.0058594e+01
   6.7695010e+06   4.7058105e+01
   6.7740180e+06   4.4860840e+01
   6.7746320e+06   6.2866211e+01
   6.7843300e+06   5.3466797e+01
   6.7982150e+06   5.4870605e+01
   6.8004160e+06   4.9743652e+01
   6.8007600e+06   4.7485352e+01
   6.8062570e+06   5.9509277e+01
   6.8152880e+06   5.8410645e+01
   6.8220940e+06   5.2001953e+01
   6.8224120e+06   5.5725098e+01
   6.8260650e+06   5.5358887e+01
   6.8311840e+06   4.2907715e+01
   6.8361170e+06   4.5043945e+01
   6.8549580e+06   4.4616699e+01
   6.8676250e+06   5.0598145e+01
   6.8727530e+06   3.7292480e+01
   6.8762740e+06   4.5898438e+01
   6.8863440e+06   5.2734375e+01
   6.8887970e+06   5.0109863e+01
   6.8909140e+06   4.7546387e+01
   6.8955640e+06   4.5654297e+01
   6.9029480e+06   4.5593262e+01
   6.9126090e+06   3.9489746e+01
   6.9152720e+06   5.1086426e+01
   6.9180480e+06   4.1198730e+01
   6.9224980e+06   5.2001953e+01
   6.9300000e+06   5.8166504e+01
   6.9353960e+06   5.8227539e+01
   6.9387110e+06   3.8452148e+01
   6.9458070e+06   4.7485352e+01
   6.9485480e+06   5.7006836e+01
   6.9493750e+06   4.3823242e+01
   6.9554440e+06   5.5419922e+01
   6.9681730e+06   4.7485352e+01
   6.9768690e+06   4.1870117e+01
   6.9792390e+06   4.4250488e+01
   6.9944570e+06   4.9194336e+01
   6.9961090e+06   5.9082031e+01
   7.0006890e+06   4.8767090e+01
   7.0111610e+06   3.8513184e+01
   7.0161120e+06   4.6997070e+01
   7.0236810e+06   3.9794922e+01
   7.0272360e+06   5.2734375e+01
   7.0284470e+06   5.7495117e+01
   7.0318010e+06   4.6386719e+01
   7.0406820e+06   5.0720215e+01
   7.0453660e+06   4.8950195e+01
   7.0493070e+06   5.2001953e+01
   7.0545810e+06   5.1696777e+01
   7.0621030e+06   6.0119629e+01
   7.0661570e+06   3.8635254e+01
   7.0702370e+06   4.3945312e+01
   7.0842870e+06   4.3151855e+01
   7.0870970e+06   4.9133301e+01
   7.1001740e+06   4.9194336e+01
   7.1023040e+06   4.7851562e+01
   7.1073280e+06   5.1452637e+01
   7.1129870e+06   4.7973633e+01
   7.1153180e+06   4.5410156e+01
   7.1191390e+06   4.9499512e+01
   7.1247600e+06   4.7180176e+01
   7.1273860e+06   4.9499512e+01
   7.1320780e+06   5.9020996e+01
   7.1354730e+06   4.4921875e+01
   7.1385160e+06   5.2429199e+01
   7.1425210e+06   5.7678223e+01
   7.1453790e+06   3.8757324e+01
   7.1540730e+06   5.3771973e+01
   7.1561600e+06   4.5043945e+01
   7.1641970e+06   5.6213379e+01
   7.1701510e+06   4.2236328e+01
   7.1792930e+06   5.4870605e+01
   7.1911250e+06   5.1635742e+01
   7.1944500e+06   4.8217773e+01
   7.2049580e+06   5.0781250e+01
   7.2154520e+06   4.9987793e+01
   7.2183030e+06   6.0058594e+01
   7.2226990e+06   5.5175781e+01
   7.2231060e+06   4.6630859e+01
   7.2310250e+06   5.1391602e+01
   7.2432760e+06   3.9672852e+01
   7.2602980e+06   5.5419922e+01
   7.2690130e+06   5.7617188e+01
   7.2740550e+06   4.3823242e+01
   7.2882930e+06   5.2001953e+01
   7.2922330e+06   4.0832520e+01
   7.2941570e+06   3.9611816e+01
   7.2946560e+06   5.2856445e+01
   7.3061930e+06   4.9072266e+01
   7.3141280e+06   5.5908203e+01
   7.3219520e+06   4.5959473e+01
   7.3243060e+06   5.9936523e+01
   7.3358950e+06   3.7414551e+01
   7.3417850e+06   5.0170898e+01
   7.3492400e+06   6.1706543e+01
   7.3551170e+06   5.8227539e+01
   7.3579910e+06   5.8105469e+01
   7.3642860e+06   4.0710449e+01
   7.3862870e+06   5.3649902e+01
   7.3958740e+06   4.7668457e+01
   7.3963080e+06   4.5410156e+01
   7.4073610e+06   5.4931641e+01
   7.4097880e+06   5.4077148e+01
   7.4101230e+06   4.4555664e+01
   7.4195500e+06   4.5959473e+01
   7.4246140e+06   4.9743652e+01
   7.4285880e+06   5.2856445e+01
   7.4294830e+06   5.0781250e+01
   7.4420590e+06   5.0598145e+01
   7.4478640e+06   6.3415527e+01
   7.4508430e+06   5.0781250e+01
   7.4517800e+06   5.0842285e+01
   7.4568170e+06   5.7128906e+01
   7.4574600e+06   5.2978516e+01
   7.4594300e+06   6.4636230e+01
   7.4633500e+06   5.0598145e+01
   7.4736030e+06   5.3466797e+01
   7.4833270e+06   6.0180664e+01
   7.4847640e+06   5.6823730e+01
   7.4905190e+06   5.7983398e+01
   7.4928860e+06   4.2480469e+01
   7.4959820e+06   4.2236328e+01
   7.4965920e+06   5.1391602e+01
   7.4984360e+06   4.3273926e+01
   7.4986210e+06   4.6325684e+01
   7.4986690e+06   3.7963867e+01
   7.4987620e+06   4.5166016e+01
   7.4987820e+06   3.9489746e+01
   7.4988010e+06   5.2429199e+01
   7.4988220e+06   5.5053711e+01
   7.4988320e+06   5.9936523e+01
   7.4988450e+06   5.2795410e+01
   7.4988720e+06   7.7514648e+01
   7.4988840e+06   4.4921875e+01
   7.4989000e+06   3.7231445e+01
   7.4989220e+06   6.3781738e+01
   7.4989500e+06   6.0363770e+01
   7.4989780e+06   4.5959473e+01
   7.4990050e+06   4.8461914e+01
   7.4990300e+06   5.2368164e+01
   7.4990440e+06   4.4799805e+01
   7.4991050e+06   4.4555664e+01
   7.4991200e+06   4.5410156e+01
   7.4991760e+06   4.3762207e+01
   7.4992100e+06   4.0466309e+01
   7.4992780e+06   3.9184570e+01
   7.4994700e+06   3.9367676e+01
   7.4996270e+06   3.7353516e+01
   7.4998400e+06   3.9306641e+01
   7.4999070e+06   4.7241211e+01
   7.5002590e+06   4.4250488e+01
   7.5002950e+06   4.0222168e+01
   7.5003370e+06   4.3762207e+01
   7.5004680e+06   4.2053223e+01
   7.5005440e+06   3.7963867e+01
   7.5007230e+06   4.0832520e+01
   7.5007470e+06   3.7963867e+01
   7.5007570e+06   3.8635254e+01
   7.5008550e+06   3.7170410e+01
   7.5008820e+06   4.5349121e+01
   7.5010050e+06   4.1198730e+01
   7.5011000e+06   4.2541504e+01
   7.5011850e+06   3.8269043e+01
   7.5012390e+06   4.8706055e+01
   7.5014110e+06   3.7292480e+01
   7.5017100e+06   4.4860840e+01
   7.5019390e+06   4.1076660e+01
   7.5128090e+06   6.7749023e+01
   7.5128440e+06   5.5419922e+01
   7.5128590e+06   4.2663574e+01
   7.5128910e+06   1.0260010e+02
   7.5129220e+06   5.2795410e+01
   7.5129970e+06   5.4260254e+01
   7.5130300e+06   6.0729980e+01
   7.5130530e+06   3.8757324e+01
   7.5130950e+06   4.3945312e+01
   7.5131190e+06   6.4636230e+01
   7.5131390e+06   6.1706543e+01
   7.5131690e+06   4.3518066e+01
   7.5132110e+06   3.8269043e+01
   7.5132590e+06   5.5908203e+01
   7.5133140e+06   3.8391113e+01
   7.5133420e+06   4.1320801e+01
   7.5133530e+06   3.7231445e+01
   7.5133970e+06   4.6142578e+01
   7.5134080e+06   7.7941895e+01
   7.5134670e+06   4.8767090e+01
   7.5134840e+06   3.9428711e+01
   7.5136330e+06   5.4321289e+01
   7.5137870e+06   3.9550781e+01
   7.5138760e+06   3.8146973e+01
   7.5139370e+06   4.3212891e+01
   7.5139520e+06   4.4616699e+01
   7.5140180e+06   3.9184570e+01
   7.5140740e+06   4.1381836e+01
   7.5141210e+06   3.9978027e+01
   7.5141860e+06   4.3273926e+01
   7.5143500e+06   3.9794922e+01
   7.5144710e+06   3.7536621e+01
   7.5145000e+06   3.7963867e+01
   7.5145610e+06   4.1320801e+01
   7.5147600e+06   4.2419434e+01
   7.5148820e+06   3.7780762e+01
   7.5149200e+06   3.8635254e+01
   7.5154630e+06   4.5471191e+01
   7.5246330e+06   5.3527832e+01
   7.5396710e+06   4.6630859e+01
   7.5430860e+06   6.2255859e+01
   7.5454000e+06   5.9448242e+01
   7.5458460e+06   4.8583984e+01
   7.5492300e+06   3.7475586e+01
   7.5713950e+06   4.8156738e+01
   7.5751780e+06   5.6030273e+01
   7.5801080e+06   6.3903809e+01
   7.5953320e+06   5.0231934e+01
   7.6248350e+06   4.5288086e+01
   7.6393900e+06   5.0109863e+01
   7.6397140e+06   4.4433594e+01
   7.6552060e+06   5.4443359e+01
   7.6751470e+06   4.1320801e+01
   7.6851300e+06   5.1269531e+01
   7.6964220e+06   4.7485352e+01
   7.7137900e+06   4.8400879e+01
   7.7181800e+06   4.5837402e+01
   7.7192520e+06   4.7729492e+01
   7.7262380e+06   5.4260254e+01
   7.7333070e+06   5.0598145e+01
   7.7433700e+06   4.2541504e+01
   7.7504510e+06   4.9377441e+01
   7.7541270e+06   4.9743652e+01
   7.7577580e+06   5.6274414e+01
   7.7580370e+06   5.9509277e+01
   7.7596200e+06   5.1513672e+01
   7.7798970e+06   5.1513672e+01
   7.7816900e+06   4.6020508e+01
   7.7963520e+06   4.1687012e+01
   7.8000900e+06   5.1574707e+01
   7.8096220e+06   4.6875000e+01
   7.8267730e+06   5.4199219e+01
   7.8335360e+06   5.5114746e+01
   7.8389710e+06   4.3640137e+01
   7.8472540e+06   4.1931152e+01
   7.8530230e+06   5.5053711e+01
   7.8612200e+06   6.3171387e+01
   7.8619850e+06   4.8706055e+01
   7.8688740e+06   4.6752930e+01
   7.8893430e+06   4.1992188e+01
   7.8899150e+06   4.9011230e+01
   7.8960560e+06   4.5227051e+01
   7.9054710e+06   6.0302734e+01
   7.9121770e+06   4.6691895e+01
   7.9172260e+06   4.8461914e+01
   7.9175180e+06   5.3222656e+01
   7.9287640e+06   4.3212891e+01
   7.9315290e+06   4.2358398e+01
   7.9326740e+06   4.3090820e+01
   7.9475110e+06   4.3334961e+01
   7.9662340e+06   4.1137695e+01
   7.9772790e+06   5.6457520e+01
   7.9774880e+06   4.1381836e+01
   7.9786920e+06   3.9184570e+01
   7.9861050e+06   4.5776367e+01
   7.9883120e+06   5.2246094e+01
   7.9985730e+06   4.9072266e+01
   8.0005480e+06   5.7250977e+01
   8.0072020e+06   5.1391602e+01
   8.0129900e+06   3.8146973e+01
   8.0138640e+06   4.3640137e+01
   8.0374810e+06   4.7485352e+01
   8.0416390e+06   5.8227539e+01
   8.0673210e+06   4.4860840e+01
   8.0721130e+06   5.5419922e+01
   8.0861010e+06   5.0537109e+01
   8.0964450e+06   4.6936035e+01
   8.1069350e+06   5.3894043e+01
   8.1117020e+06   4.4067383e+01
   8.1274700e+06   5.5114746e+01
   8.1347250e+06   5.7250977e+01
   8.1413280e+06   6.0302734e+01
   8.1582810e+06   5.3955078e+01
   8.1674550e+06   5.1818848e+01
   8.1868390e+06   5.0292969e+01
   8.1882650e+06   3.9062500e+01
   8.1896930e+06   4.8583984e+01
   8.1962820e+06   5.0842285e+01
   8.1968020e+06   4.9499512e+01
   8.2008000e+06   5.0170898e+01
   8.2075070e+06   4.4738770e+01
   8.2117450e+06   5.7861328e+01
   8.2144890e+06   4.1442871e+01
   8.2225840e+06   5.2795410e+01
   8.2353610e+06   4.6325684e+01
   8.2366620e+06   4.6020508e+01
   8.2423750e+06   4.0222168e+01
   8.2467490e+06   4.9682617e+01
   8.2637210e+06   5.0964355e+01
   8.2682220e+06   3.9001465e+01
   8.2708630e+06   6.1523438e+01
   8.2728610e+06   5.6030273e+01
   8.2765460e+06   4.2724609e+01
   8.2938200e+06   5.5358887e+01
   8.3105120e+06   5.6884766e+01
   8.3231180e+06   5.4626465e+01
   8.3279080e+06   4.9804688e+01
   8.3284410e+06   4.9316406e+01
   8.3309550e+06   5.0842285e+01
   8.3327490e+06   4.5715332e+01
   8.3355040e+06   4.9560547e+01
   8.3423160e+06   4.4921875e+01
   8.3573310e+06   4.9316406e+01
   8.3620730e+06   5.2307129e+01
   8.3657160e+06   5.2856445e+01
   8.3690140e+06   4.8645020e+01
   8.3816100e+06   4.5593262e+01
   8.3912190e+06   4.8400879e+01
   8.3940470e+06   4.9804688e+01
   8.3949930e+06   4.3945312e+01
   8.4003170e+06   5.4748535e+01
   8.4007790e+06   5.0415039e+01
   8.4164940e+06   5.6945801e+01
   8.4192580e+06   5.1940918e+01
   8.4278100e+06   4.1748047e+01
   8.4391880e+06   4.1931152e+01
   8.4396300e+06   4.8156738e+01
   8.4463600e+06   4.2114258e+01
   8.4483460e+06   4.8156738e+01
   8.4503800e+06   5.4077148e+01
   8.4524950e+06   5.7189941e+01
   8.4545290e+06   5.2734375e+01
   8.4580920e+06   3.9123535e+01
   8.4661950e+06   4.7058105e+01
   8.4793520e+06   5.5847168e+01
   8.4860730e+06   4.7302246e+01
   8.4926640e+06   6.0180664e+01
   8.4992300e+06   5.6335449e+01
   8.5001750e+06   4.4189453e+01
   8.5052180e+06   4.2175293e+01
   8.5054920e+06   4.8645020e+01
   8.5083870e+06   4.8706055e+01
   8.5092050e+06   5.7678223e+01
   8.5101330e+06   3.6987305e+01
   8.5254260e+06   4.9926758e+01
   8.5283810e+06   4.3945312e+01
   8.5398900e+06   5.4992676e+01
   8.5465020e+06   5.8227539e+01
   8.5543840e+06   5.1696777e+01
   8.5606840e+06   4.9926758e+01
   8.5682790e+06   5.2368164e+01
   8.5851380e+06   4.0405273e+01
   8.6073780e+06   4.6325684e+01
   8.6147940e+06   5.1269531e+01
   8.6240520e+06   5.3100586e+01
   8.6314000e+06   5.9936523e+01
   8.6349870e+06   5.1330566e+01
   8.6381020e+06   4.7973633e+01
   8.6415880e+06   5.0109863e+01
   8.6424770e+06   4.7973633e+01
   8.6428620e+06   5.0109863e+01
   8.6496250e+06   4.0771484e+01
   8.6507810e+06   3.8818359e+01
   8.6546770e+06   5.0109863e+01
   8.6695390e+06   5.5664062e+01
   8.6736280e+06   4.6081543e+01
   8.6813290e+06   5.1879883e+01
   8.6828190e+06   5.4504395e+01
   8.6891420e+06   4.3762207e+01
   8.6910150e+06   4.4677734e+01
   8.6925100e+06   5.0903320e+01
   8.6962930e+06   4.4372559e+01
   8.6989750e+06   4.7241211e+01
   8.7094510e+06   5.0354004e+01
   8.7214680e+06   4.8583984e+01
   8.7225400e+06   5.2001953e+01
   8.7259590e+06   3.7841797e+01
   8.7292040e+06   4.5593262e+01
   8.7317340e+06   4.1870117e+01
   8.7389730e+06   4.8461914e+01
   8.7416290e+06   4.4555664e+01
   8.7495660e+06   4.9743652e+01
   8.7636100e+06   4.5349121e+01
   8.7656240e+06   4.9194336e+01
   8.7749570e+06   5.7495117e+01
   8.7798890e+06   4.3212891e+01
   8.7868190e+06   4.2541504e+01
   8.7949990e+06   4.6020508e+01
   8.8002500e+06   4.3518066e+01
   8.8035900e+06   4.7973633e+01
   8.8056660e+06   4.7851563e+01
   8.8086380e+06   4.7851562e+01
   8.8132330e+06   4.1870117e+01
   8.8185410e+06   4.5837402e+01
   8.8316810e+06   4.9011230e+01
   8.8328080e+06   3.8391113e+01
   8.8334280e+06   4.6691895e+01
   8.8389340e+06   5.0415039e+01
   8.8402420e+06   4.5654297e+01
   8.8476220e+06   5.1391602e+01
   8.8486980e+06   4.5715332e+01
   8.8497490e+06   4.9316406e+01
   8.8531600e+06   5.7556152e+01
   8.8568890e+06   3.7109375e+01
   8.8572560e+06   4.6142578e+01
   8.8690540e+06   5.0109863e+01
   8.8704960e+06   5.5358887e+01
   8.8707010e+06   6.1950684e+01
   8.8848350e+06   3.8879395e+01
   8.8906860e+06   5.3527832e+01
   8.8944270e+06   5.3588867e+01
   8.9037970e+06   5.0109863e+01
   8.9106770e+06   4.7607422e+01
   8.9238030e+06   4.3762207e+01
   8.9267250e+06   5.2062988e+01
   8.9270670e+06   4.5898438e+01
   8.9359660e+06   5.4870605e+01
   8.9488440e+06   4.8767090e+01
   8.9571580e+06   5.0903320e+01
   8.9626070e+06   5.3710938e+01
   8.9657880e+06   4.3579102e+01
   8.9756190e+06   5.3649902e+01
   8.9759060e+06   5.4931641e+01
   8.9854310e+06   6.0607910e+01
   8.9875350e+06   6.5551758e+01
   8.9929520e+06   4.2846680e+01
   8.9934060e+06   5.0109863e+01
   9.0021410e+06   5.1147461e+01
   9.0065320e+06   4.3823242e+01
   9.0069910e+06   5.4809570e+01
   9.0141340e+06   4.6691895e+01
   9.0266530e+06   4.3334961e+01
   9.0308970e+06   4.3884277e+01
   9.0319310e+06   4.5288086e+01
   9.0419720e+06   5.5175781e+01
   9.0485260e+06   4.7119141e+01
   9.0508130e+06   4.5288086e+01
   9.0551190e+06   4.4189453e+01
   9.0568590e+06   4.9194336e+01
   9.0637010e+06   4.6020508e+01
   9.0670490e+06   5.1513672e+01
   9.0695190e+06   5.0354004e+01
   9.0704470e+06   4.4006348e+01
   9.0881010e+06   4.9011230e+01
   9.0982390e+06   5.0659180e+01
   9.1029020e+06   4.1870117e+01
   9.1069860e+06   4.2907715e+01
   9.1183940e+06   4.6691895e+01
   9.1276690e+06   4.8034668e+01
   9.1326650e+06   5.2917480e+01
   9.1346280e+06   4.5837402e+01
   9.1425980e+06   4.3579102e+01
   9.1485140e+06   6.0180664e+01
   9.1538510e+06   4.9255371e+01
   9.1539350e+06   5.4077148e+01
   9.1547200e+06   4.5288086e+01
   9.1638240e+06   3.7414551e+01
   9.1672290e+06   4.1687012e+01
   9.1747550e+06   4.8156738e+01
   9.1830990e+06   3.6926270e+01
   9.1903420e+06   4.6142578e+01
   9.1930080e+06   4.8828125e+01
   9.2067500e+06   5.0292969e+01
   9.2139190e+06   5.2551270e+01
   9.2143990e+06   5.6945801e+01
   9.2246070e+06   4.3029785e+01
   9.2297040e+06   4.7607422e+01
   9.2338430e+06   4.6142578e+01
   9.2403330e+06   4.3579102e+01
   9.2462120e+06   5.0354004e+01
   9.2468350e+06   4.6508789e+01
   9.2490530e+06   4.0954590e+01
   9.2601450e+06   4.9560547e+01
   9.2625720e+06   3.8330078e+01
   9.2763240e+06   5.0292969e+01
   9.2805140e+06   5.2307129e+01
   9.2832710e+06   5.3894043e+01
   9.2841520e+06   5.6884766e+01
   9.2871560e+06   4.7119141e+01
   9.2992250e+06   4.4433594e+01
   9.3026390e+06   5.8654785e+01
   9.3099190e+06   4.8278809e+01
   9.3192330e+06   6.2011719e+01
   9.3206490e+06   4.8767090e+01
   9.3432660e+06   5.1330566e+01
   9.3454580e+06   5.7678223e+01
   9.3476870e+06   4.5288086e+01
   9.3561230e+06   5.2734375e+01
   9.3595890e+06   5.7312012e+01
   9.3622860e+06   5.7189941e+01
   9.3722280e+06   4.7729492e+01
   9.3761970e+06   3.6865234e+01
   9.3776580e+06   5.8105469e+01
   9.3784510e+06   4.8583984e+01
   9.3789670e+06   4.9133301e+01
   9.3931430e+06   4.7302246e+01
   9.3992080e+06   5.0048828e+01
   9.4095040e+06   4.6508789e+01
   9.4147590e+06   5.7373047e+01
   9.4170100e+06   5.6518555e+01
   9.4320130e+06   4.6997070e+01
   9.4456560e+06   4.8461914e+01
   9.4700640e+06   5.8471680e+01
   9.4745260e+06   5.6213379e+01
   9.4778490e+06   5.0964355e+01
   9.4851480e+06   4.7363281e+01
   9.4983550e+06   5.2429199e+01
   9.5053500e+06   4.4067383e+01
   9.5082780e+06   5.2490234e+01
   9.5115020e+06   5.2307129e+01
   9.5258040e+06   4.5104980e+01
   9.5305210e+06   4.9804688e+01
   9.5311910e+06   4.4311523e+01
   9.5411460e+06   5.9387207e+01
   9.5470530e+06   5.9875488e+01
   9.5514030e+06   5.1147461e+01
   9.5543860e+06   4.5898438e+01
   9.5582880e+06   4.4555664e+01
   9.5614990e+06   5.2185059e+01
   9.5693010e+06   5.9020996e+01
   9.5879470e+06   5.2429199e+01
   9.5915550e+06   5.0354004e+01
   9.5950620e+06   4.7912598e+01
   9.6029970e+06   4.8950195e+01
   9.6114960e+06   5.1208496e+01
   9.6132010e+06   3.9489746e+01
   9.6207760e+06   4.2541504e+01
   9.6415130e+06   4.2846680e+01
   9.6489180e+06   5.4992676e+01
   9.6518890e+06   5.9020996e+01
   9.6587780e+06   5.1696777e+01
   9.6648930e+06   4.5043945e+01
   9.6764230e+06   5.4382324e+01
   9.6765820e+06   4.3334961e+01
   9.6796550e+06   4.9621582e+01
   9.6901450e+06   5.0476074e+01
   9.6924900e+06   5.8349609e+01
   9.6990160e+06   3.7048340e+01
   9.6994660e+06   4.8767090e+01
   9.6996960e+06   4.1687012e+01
   9.7026970e+06   4.0771484e+01
   9.7080740e+06   5.3222656e+01
   9.7140610e+06   4.2175293e+01
   9.7173870e+06   5.8349609e+01
   9.7251880e+06   5.1757812e+01
   9.7313390e+06   4.5898438e+01
   9.7364240e+06   4.3029785e+01
   9.7400980e+06   5.7617188e+01
   9.7448310e+06   5.0537109e+01
   9.7525780e+06   4.1320801e+01
   9.7564100e+06   5.3527832e+01
   9.7672010e+06   6.0852051e+01
   9.7742200e+06   4.4372559e+01
   9.7864450e+06   5.3344727e+01
   9.7931040e+06   5.3405762e+01
   9.7971220e+06   5.3161621e+01
   9.8006670e+06   5.3161621e+01
   9.8088100e+06   4.9377441e+01
   9.8155760e+06   4.4250488e+01
   9.8212660e+06   4.8950195e+01
   9.8288710e+06   4.9072266e+01
   9.8413550e+06   5.2795410e+01
   9.8475810e+06   4.6691895e+01
   9.8487790e+06   4.6569824e+01
   9.8554960e+06   4.3762207e+01
   9.8585540e+06   4.4372559e+01
   9.8597090e+06   4.4738770e+01
   9.8602360e+06   4.9926758e+01
   9.8669690e+06   4.6875000e+01
   9.8681400e+06   5.1757812e+01
   9.8728150e+06   4.3640137e+01
   9.8750060e+06   4.4677734e+01
   9.8783500e+06   5.1879883e+01
   9.8803460e+06   4.8889160e+01
   9.8813020e+06   4.9743652e+01
   9.8827020e+06   4.3395996e+01
   9.8866490e+06   4.6020508e+01
   9.9076730e+06   5.2734375e+01
   9.9121500e+06   3.9611816e+01
   9.9199300e+06   5.4687500e+01
   9.9221320e+06   5.5541992e+01
   9.9273460e+06   5.2124023e+01
   9.9345330e+06   4.2480469e+01
   9.9348810e+06   4.4433594e+01
   9.9452710e+06   4.1687012e+01
   9.9471030e+06   4.2968750e+01
   9.9481890e+06   4.7607422e+01
   9.9500710e+06   5.2490234e+01
   9.9544530e+06   4.4250488e+01
   9.9606450e+06   3.8757324e+01
   9.9672760e+06   4.1809082e+01
   9.9727450e+06   5.3588867e+01
   9.9743410e+06   5.1208496e+01
   9.9771010e+06   4.1748047e+01
   9.9775390e+06   5.0354004e+01
   9.9842150e+06   5.0659180e+01
   9.9862450e+06   4.1381836e+01
   9.9931700e+06   5.0048828e+01
   9.9995980e+06   4.6020508e+01
   1.0000877e+07   5.0292969e+01
   1.0003456e+07   4.6142578e+01
   1.0011695e+07   5.1208496e+01
   1.0014133e+07   3.8757324e+01
   1.0018127e+07   4.4311523e+01
   1.0027646e+07   4.0039062e+01
   1.0043822e+07   4.6203613e+01
   1.0051306e+07   5.2368164e+01
   1.0051741e+07   5.8166504e+01
   1.0053414e+07   4.5043945e+01
   1.0061973e+07   4.9072266e+01
   1.0065980e+07   4.5715332e+01
   1.0080550e+07   5.2978516e+01
   1.0083222e+07   6.2927246e+01
   1.0087902e+07   4.2236328e+01
   1.0093051e+07   4.7180176e+01
   1.0097797e+07   4.8522949e+01
   1.0099767e+07   4.0466309e+01
   1.0103082e+07   4.4616699e+01
   1.0105530e+07   4.5471191e+01
   1.0110999e+07   4.1809082e+01
   1.0115767e+07   4.8583984e+01
   1.0122487e+07   5.6335449e+01
   1.0130840e+07   3.9550781e+01
   1.0137414e+07   5.7922363e+01
   1.0145932e+07   5.2429199e+01
   1.0148982e+07   5.7006836e+01
   1.0169730e+07   4.7973633e+01
   1.0173422e+07   4.9438477e+01
   1.0179123e+07   4.9865723e+01
   1.0183213e+07   4.8034668e+01
   1.0196155e+07   5.2795410e+01
   1.0208865e+07   4.9499512e+01
   1.0226020e+07   5.8105469e+01
   1.0233060e+07   5.1086426e+01
   1.0237107e+07   6.1706543e+01
   1.0251193e+07   3.7109375e+01
   1.0253662e+07   5.6152344e+01
   1.0256459e+07   5.3955078e+01
   1.0261151e+07   4.4372559e+01
   1.0261240e+07   3.7414551e+01
   1.0263766e+07   5.3100586e+01
   1.0272538e+07   5.0537109e+01
   1.0282873e+07   4.9194336e+01
   1.0293519e+07   4.6447754e+01
   1.0308113e+07   5.2978516e+01
   1.0308763e+07   5.1330566e+01
   1.0312168e+07   4.5898438e+01
   1.0332076e+07   4.4555664e+01
   1.0339236e+07   4.1381836e+01
   1.0348776e+07   5.1513672e+01
   1.0350554e+07   5.6701660e+01
   1.0354332e+07   6.2316895e+01
   1.0363583e+07   3.8085938e+01
   1.0365201e+07   4.6142578e+01
   1.0366841e+07   4.1625977e+01
   1.0372489e+07   5.1269531e+01
   1.0379738e+07   5.3649902e+01
   1.0383187e+07   4.7607422e+01
   1.0389621e+07   3.9733887e+01
   1.0397170e+07   5.8227539e+01
   1.0403413e+07   4.9621582e+01
   1.0406248e+07   4.4128418e+01
   1.0409754e+07   3.7475586e+01
   1.0414215e+07   4.5776367e+01
   1.0418513e+07   5.2185059e+01
   1.0426383e+07   3.8879395e+01
   1.0427821e+07   4.0710449e+01
   1.0433066e+07   5.1696777e+01
   1.0433994e+07   4.0588379e+01
   1.0441385e+07   5.4687500e+01
   1.0451467e+07   4.9072266e+01
   1.0455672e+07   4.8339844e+01
   1.0456153e+07   5.0720215e+01
   1.0470052e+07   3.9123535e+01
   1.0472809e+07   4.7058105e+01
   1.0473389e+07   5.0964355e+01
   1.0473767e+07   3.9794922e+01
   1.0484498e+07   3.7353516e+01
   1.0493229e+07   4.0954590e+01
   1.0501139e+07   5.2429199e+01
   1.0504565e+07   4.6508789e+01
   1.0511983e+07   5.3833008e+01
   1.0519497e+07   4.4677734e+01
   1.0520702e+07   4.6752930e+01
   1.0524501e+07   4.7668457e+01
   1.0525453e+07   3.7658691e+01
   1.0526720e+07   4.1381836e+01
   1.0530684e+07   4.7790527e+01
   1.0543435e+07   4.3823242e+01
   1.0549422e+07   4.9804688e+01
   1.0550505e+07   4.0100098e+01
   1.0552491e+07   4.4128418e+01
   1.0564838e+07   4.8156738e+01
   1.0571560e+07   3.7048340e+01
   1.0576638e+07   5.2307129e+01
   1.0580419e+07   3.9855957e+01
   1.0587460e+07   4.4372559e+01
   1.0592329e+07   4.8400879e+01
   1.0595541e+07   4.2785645e+01
   1.0595844e+07   4.8828125e+01
   1.0606624e+07   5.1635742e+01
   1.0612501e+07   4.8583984e+01
   1.0616181e+07   5.3527832e+01
   1.0620429e+07   4.1748047e+01
   1.0621872e+07   4.1503906e+01
   1.0624510e+07   5.2307129e+01
   1.0627629e+07   4.7180176e+01
   1.0636110e+07   4.7119141e+01
   1.0639939e+07   4.5959473e+01
   1.0644137e+07   4.8095703e+01
   1.0645853e+07   3.9245605e+01
   1.0650245e+07   4.5715332e+01
   1.0657766e+07   5.2124023e+01
   1.0667212e+07   4.6386719e+01
   1.0672671e+07   4.8400879e+01
   1.0684760e+07   3.9550781e+01
   1.0689788e+07   5.2368164e+01
   1.0693671e+07   4.9499512e+01
   1.0697357e+07   6.3110352e+01
   1.0699001e+07   4.4860840e+01
   1.0707326e+07   3.7353516e+01
   1.0712490e+07   5.5786133e+01
   1.0718706e+07   4.9682617e+01
   1.0726362e+07   5.3222656e+01
   1.0761338e+07   4.0466309e+01
   1.0770553e+07   4.2236328e+01
   1.0775075e+07   4.7790527e+01
   1.0777608e+07   5.3771973e+01
   1.0780542e+07   3.8269043e+01
   1.0795122e+07   4.3762207e+01
   1.0800341e+07   4.6630859e+01
   1.0804928e+07   4.6508789e+01
   1.0809339e+07   4.3090820e+01
   1.0811612e+07   5.3527832e+01
   1.0812128e+07   4.1137695e+01
   1.0813329e+07   4.6875000e+01
   1.0816361e+07   3.8452148e+01
   1.0819129e+07   4.8461914e+01
   1.0821193e+07   4.4738770e+01
   1.0822173e+07   4.3212891e+01
   1.0826523e+07   4.2053223e+01
   1.0831877e+07   4.6875000e+01
   1.0838571e+07   4.7668457e+01
   1.0845341e+07   4.6752930e+01
   1.0849400e+07   4.9072266e+01
   1.0856631e+07   4.3212891e+01
   1.0857335e+07   3.9794922e+01
   1.0861589e+07   3.6987305e+01
   1.0868714e+07   4.5227051e+01
   1.0869386e+07   4.5532227e+01
   1.0880366e+07   4.9072266e+01
   1.0887950e+07   5.0903320e+01
   1.0889267e+07   4.7668457e+01
   1.0899775e+07   4.7058105e+01
   1.0908485e+07   5.0720215e+01
   1.0913530e+07   5.0415039e+01
   1.0930852e+07   4.3029785e+01
   1.0941525e+07   6.7138672e+01
   1.0946547e+07   5.6457520e+01
   1.0951486e+07   4.7729492e+01
   1.0952373e+07   4.7302246e+01
   1.0957530e+07   5.4321289e+01
   1.0958402e+07   4.7119141e+01
   1.0964738e+07   4.4128418e+01
   1.0975328e+07   5.0048828e+01
   1.0979880e+07   3.7841797e+01
   1.0986086e+07   5.5908203e+01
   1.0992407e+07   5.6335449e+01
   1.0994312e+07   5.3100586e+01
   1.0996087e+07   4.3029785e+01
   1.1004343e+07   4.9987793e+01
   1.1011325e+07   4.4006348e+01
   1.1019238e+07   4.5471191e+01
   1.1026384e+07   5.1635742e+01
   1.1036955e+07   4.1931152e+01
   1.1043582e+07   4.7668457e+01
   1.1049910e+07   3.9733887e+01
   1.1050620e+07   5.8166504e+01
   1.1055264e+07   4.7668457e+01
   1.1056107e+07   4.9438477e+01
   1.1070929e+07   4.8095703e+01
   1.1072222e+07   5.4016113e+01
   1.1078229e+07   3.7780762e+01
   1.1079952e+07   4.8400879e+01
   1.1080566e+07   4.0893555e+01
   1.1085110e+07   6.1279297e+01
   1.1088672e+07   4.8583984e+01
   1.1093182e+07   4.1076660e+01
   1.1094239e+07   5.0781250e+01
   1.1096842e+07   4.9316406e+01
   1.1099953e+07   5.5053711e+01
   1.1102767e+07   4.5898438e+01
   1.1107846e+07   5.0598145e+01
   1.1109133e+07   4.6142578e+01
   1.1119200e+07   5.0170898e+01
   1.1122982e+07   5.7373047e+01
   1.1131183e+07   3.8696289e+01
   1.1137560e+07   4.0893555e+01
   1.1145459e+07   4.6936035e+01
   1.1149560e+07   5.6030273e+01
   1.1155249e+07   5.3405762e+01
   1.1157058e+07   5.8166504e+01
   1.1163783e+07   6.2072754e+01
   1.1186810e+07   5.0231934e+01
   1.1195823e+07   5.1574707e+01
   1.1215447e+07   5.2368164e+01
   1.1219314e+07   5.3100586e+01
   1.1222911e+07   4.9987793e+01
   1.1226597e+07   4.3945312e+01
   1.1237782e+07   4.5959473e+01
   1.1247920e+07   4.6630859e+01
   1.1249285e+07   4.6386719e+01
   1.1261166e+07   5.3527832e+01
   1.1274529e+07   5.8349609e+01
   1.1286204e+07   4.4067383e+01
   1.1289890e+07   5.4321289e+01
   1.1300598e+07   4.6997070e+01
   1.1305491e+07   4.7424316e+01
   1.1309021e+07   4.3395996e+01
   1.1331494e+07   4.7363281e+01
   1.1337840e+07   4.2846680e+01
   1.1347429e+07   5.2246094e+01
   1.1348347e+07   5.3894043e+01
   1.1363020e+07   4.6630859e+01
   1.1370880e+07   5.2124023e+01
   1.1373464e+07   3.8452148e+01
   1.1374346e+07   5.4260254e+01
   1.1379339e+07   3.9794922e+01
   1.1385084e+07   4.8645020e+01
   1.1386267e+07   4.0527344e+01
   1.1393280e+07   4.5898438e+01
   1.1396068e+07   4.6997070e+01
   1.1410071e+07   5.5358887e+01
   1.1425115e+07   4.7485352e+01
   1.1428922e+07   4.9072266e+01
   1.1436387e+07   4.1015625e+01
   1.1451842e+07   4.7729492e+01
   1.1460407e+07   5.3527832e+01
   1.1469244e+07   5.0537109e+01
   1.1475608e+07   4.3090820e+01
   1.1479613e+07   7.1594238e+01
   1.1479624e+07   4.7729492e+01
   1.1479637e+07   4.9560547e+01
   1.1479648e+07   1.2426758e+02
   1.1479681e+07   1.2921143e+02
   1.1479699e+07   5.2246094e+01
   1.1479720e+07   7.7880859e+01
   1.1479744e+07   7.7941895e+01
   1.1479757e+07   5.8593750e+01
   1.1479777e+07   5.9143066e+01
   1.1479797e+07   5.5419922e+01
   1.1479821e+07   4.6508789e+01
   1.1479850e+07   3.7414551e+01
   1.1479881e+07   3.6743164e+01
   1.1479925e+07   3.9306641e+01
   1.1479950e+07   4.2236328e+01
   1.1480002e+07   4.3029785e+01
   1.1480042e+07   3.6926270e+01
   1.1480123e+07   3.8879395e+01
   1.1480140e+07   3.8757324e+01
   1.1480168e+07   4.0954590e+01
   1.1480237e+07   3.8330078e+01
   1.1480264e+07   4.0832520e+01
   1.1480413e+07   4.5410156e+01
   1.1480612e+07   3.6987305e+01
   1.1480685e+07   3.9855957e+01
   1.1480741e+07   4.0710449e+01
   1.1480919e+07   3.7170410e+01
   1.1481148e+07   3.9245605e+01
   1.1481205e+07   4.0832520e+01
   1.1481230e+07   4.0832520e+01
   1.1481538e+07   3.8879395e+01
   1.1481710e+07   3.8269043e+01
   1.1481784e+07   3.7170410e+01
   1.1481812e+07   3.6865234e+01
   1.1482041e+07   3.6804199e+01
   1.1482291e+07   4.1625977e+01
   1.1482374e+07   4.0710449e+01
   1.1482556e+07   3.7536621e+01
   1.1482746e+07   3.6804199e+01
   1.1482947e+07   3.9672852e+01
   1.1482986e+07   3.7536621e+01
   1.1495203e+07   4.0466309e+01
   1.1495360e+07   8.6181641e+01
   1.1495380e+07   4.3151855e+01
   1.1495399e+07   7.2753906e+01
   1.1495422e+07   4.4372559e+01
   1.1495468e+07   3.9978027e+01
   1.1495491e+07   3.6743164e+01
   1.1495506e+07   4.3090820e+01
   1.1495547e+07   4.3395996e+01
   1.1495605e+07   3.6926270e+01
   1.1495653e+07   4.5227051e+01
   1.1495663e+07   5.7006836e+01
   1.1495692e+07   7.5317383e+01
   1.1495763e+07   3.8391113e+01
   1.1495779e+07   3.7292480e+01
   1.1495825e+07   3.8452148e+01
   1.1495848e+07   3.7292480e+01
   1.1495870e+07   3.9550781e+01
   1.1495930e+07   4.1076660e+01
   1.1496002e+07   4.8706055e+01
   1.1496020e+07   4.2907715e+01
   1.1496042e+07   4.1320801e+01
   1.1496082e+07   4.1442871e+01
   1.1496165e+07   3.7536621e+01
   1.1496200e+07   5.9692383e+01
   1.1496298e+07   3.9184570e+01
   1.1496339e+07   4.1564941e+01
   1.1496377e+07   3.9672852e+01
   1.1496400e+07   3.9428711e+01
   1.1496439e+07   3.9306641e+01
   1.1496456e+07   3.7170410e+01
   1.1496536e+07   4.0039062e+01
   1.1496585e+07   3.6987305e+01
   1.1496989e+07   3.8696289e+01
   1.1497071e+07   4.4860840e+01
   1.1497306e+07   3.8757324e+01
   1.1497606e+07   4.1381836e+01
   1.1497763e+07   4.0039062e+01
   1.1542484e+07   4.1625977e+01
   1.1552769e+07   4.9316406e+01
   1.1568371e+07   4.5104980e+01
   1.1588075e+07   4.2907715e+01
   1.1592495e+07   4.3457031e+01
   1.1606141e+07   4.9316406e+01
   1.1617486e+07   5.2734375e+01
   1.1618344e+07   5.7983398e+01
   1.1653442e+07   5.9448242e+01
   1.1673176e+07   4.7851562e+01
   1.1675146e+07   5.6091309e+01
   1.1698765e+07   4.6630859e+01
   1.1702927e+07   4.8522949e+01
   1.1727041e+07   5.2856445e+01
   1.1732299e+07   5.9326172e+01
   1.1751310e+07   4.8278809e+01
   1.1764499e+07   4.0222168e+01
   1.1769460e+07   5.2734375e+01
   1.1776444e+07   5.3833008e+01
   1.1819395e+07   5.1025391e+01
   1.1830481e+07   6.9030762e+01
   1.1847392e+07   4.4921875e+01
   1.1853910e+07   4.2419434e+01
   1.1876306e+07   4.7363281e+01
   1.1880924e+07   4.5593262e+01
   1.1890895e+07   4.4555664e+01
   1.1899034e+07   5.4260254e+01
   1.1906809e+07   5.4138184e+01
   1.1907730e+07   5.0354004e+01
   1.1916919e+07   5.0659180e+01
   1.1917419e+07   4.3151855e+01
   1.1927434e+07   5.4138184e+01
   1.1952937e+07   4.8339844e+01
   1.1986832e+07   5.0781250e+01
   1.1994317e+07   5.5541992e+01
   1.2019954e+07   4.5349121e+01
   1.2023924e+07   4.6142578e+01
   1.2046403e+07   5.3955078e+01
   1.2053740e+07   5.5541992e+01
   1.2056546e+07   4.5166016e+01
   1.2073735e+07   5.0903320e+01
   1.2087098e+07   4.6264648e+01
   1.2099321e+07   4.9987793e+01
   1.2119615e+07   4.4311523e+01
   1.2143794e+07   5.6030273e+01
   1.2156607e+07   5.2062988e+01
   1.2163669e+07   5.9082031e+01
   1.2167914e+07   4.5043945e+01
   1.2175072e+07   4.9133301e+01
   1.2180479e+07   4.6630859e+01
   1.2187800e+07   5.3466797e+01
   1.2194015e+07   4.9316406e+01
   1.2195219e+07   5.5725098e+01
   1.2205392e+07   5.4504395e+01
   1.2210534e+07   4.9987793e+01
   1.2223779e+07   5.2795410e+01
   1.2229998e+07   5.1208496e+01
   1.2238419e+07   4.6386719e+01
   1.2243291e+07   5.3222656e+01
   1.2258136e+07   4.0527344e+01
   1.2265253e+07   5.8593750e+01
   1.2267606e+07   4.5410156e+01
   1.2282144e+07   5.9265137e+01
   1.2292281e+07   3.7109375e+01
   1.2296368e+07   5.7983398e+01
   1.2314176e+07   5.6823730e+01
   1.2322977e+07   3.8940430e+01
   1.2332326e+07   5.1208496e+01
   1.2340662e+07   4.1931152e+01
   1.2345040e+07   4.7302246e+01
   1.2345584e+07   5.0170898e+01
   1.2348816e+07   4.6203613e+01
   1.2370818e+07   5.1696777e+01
   1.2375105e+07   5.0903320e+01
   1.2375778e+07   4.1564941e+01
   1.2387038e+07   4.7851562e+01
   1.2416936e+07   4.5715332e+01
   1.2427381e+07   5.1940918e+01
   1.2441540e+07   5.1208496e+01
   1.2451533e+07   5.9082031e+01
   1.2461225e+07   5.7373047e+01
   1.2472070e+07   5.1635742e+01
   1.2486136e+07   5.5908203e+01
   1.2491808e+07   4.7546387e+01
   1.2498430e+07   4.9682617e+01
   1.2502884e+07   4.3090820e+01
   1.2505580e+07   4.8156738e+01
   1.2509896e+07   4.2785645e+01
   1.2540047e+07   4.0954590e+01
   1.2541184e+07   4.2053223e+01
   1.2559052e+07   4.1259766e+01
   1.2569424e+07   4.4860840e+01
   1.2582907e+07   4.9377441e+01
   1.2584384e+07   4.3334961e+01
   1.2609647e+07   4.3518066e+01
   1.2621383e+07   4.3762207e+01
   1.2628477e+07   4.4189453e+01
   1.2637703e+07   5.0537109e+01
   1.2655399e+07   4.9804688e+01
   1.2659100e+07   4.4433594e+01
   1.2665500e+07   4.4860840e+01
   1.2671404e+07   4.7851562e+01
   1.2678502e+07   4.7363281e+01
   1.2699117e+07   4.1320801e+01
   1.2716303e+07   5.0231934e+01
   1.2727749e+07   4.0893555e+01
   1.2740269e+07   4.9072266e+01
   1.2743940e+07   4.6447754e+01
   1.2749530e+07   5.5236816e+01
   1.2756655e+07   4.2846680e+01
   1.2761183e+07   5.5297852e+01
   1.2769779e+07   5.2246094e+01
   1.2770385e+07   5.1330566e+01
   1.2773898e+07   3.8269043e+01
   1.2778509e+07   5.2551270e+01
   1.2783453e+07   5.9692383e+01
   1.2796517e+07   6.1035156e+01
   1.2815241e+07   4.8767090e+01
   1.2819595e+07   4.3334961e+01
   1.2823559e+07   3.9550781e+01
   1.2826415e+07   5.1147461e+01
   1.2828051e+07   5.9875488e+01
   1.2835303e+07   3.9855957e+01
   1.2838383e+07   5.0476074e+01
   1.2847599e+07   5.7006836e+01
   1.2850173e+07   5.3344727e+01
   1.2862322e+07   4.0222168e+01
   1.2869017e+07   4.2724609e+01
   1.2869304e+07   3.8391113e+01
   1.2880178e+07   4.7424316e+01
   1.2880897e+07   5.8776855e+01
   1.2883060e+07   5.2551270e+01
   1.2891917e+07   3.8085938e+01
   1.2900043e+07   4.9560547e+01
   1.2913923e+07   5.7983398e+01
   1.2925222e+07   5.5969238e+01
   1.2938901e+07   4.6508789e+01
   1.2946423e+07   4.9926758e+01
   1.2956527e+07   6.0729980e+01
   1.2957219e+07   4.2419434e+01
   1.2961154e+07   5.2001953e+01
   1.2966066e+07   4.1137695e+01
   1.2982879e+07   5.4687500e+01
   1.2998740e+07   4.9682617e+01
   1.3005539e+07   5.2124023e+01
   1.3021219e+07   4.5410156e+01
   1.3046451e+07   5.7373047e+01
   1.3064769e+07   4.3029785e+01
   1.3081464e+07   5.3955078e+01
   1.3084203e+07   4.9255371e+01
   1.3085966e+07   4.4006348e+01
   1.3088125e+07   4.5898437e+01
   1.3101390e+07   3.6743164e+01
   1.3121978e+07   5.0903320e+01
   1.3134882e+07   5.2368164e+01
   1.3140636e+07   3.8635254e+01
   1.3142845e+07   3.9489746e+01
   1.3153943e+07   3.9978027e+01
   1.3155721e+07   4.1992188e+01
   1.3161171e+07   4.9682617e+01
   1.3174392e+07   5.4870605e+01
   1.3181171e+07   3.7841797e+01
   1.3188976e+07   4.4494629e+01
   1.3219067e+07   4.5043945e+01
   1.3258002e+07   4.5959473e+01
   1.3272559e+07   4.9011230e+01
   1.3274725e+07   3.6499023e+01
   1.3276878e+07   5.4626465e+01
   1.3291280e+07   4.4189453e+01
   1.3300137e+07   3.8452148e+01
   1.3300840e+07   4.2846680e+01
   1.3327704e+07   4.0527344e+01
   1.3330218e+07   4.9865723e+01
   1.3337703e+07   5.3710938e+01
   1.3353581e+07   3.9001465e+01
   1.3355508e+07   5.1513672e+01
   1.3359096e+07   3.7231445e+01
   1.3364850e+07   3.9245605e+01
   1.3392200e+07   5.4443359e+01
   1.3418963e+07   4.1198730e+01
   1.3420159e+07   6.1950684e+01
   1.3463709e+07   5.4443359e+01
   1.3483629e+07   5.7067871e+01
   1.3492282e+07   4.4738770e+01
   1.3495987e+07   4.5104980e+01
   1.3510670e+07   5.5541992e+01
   1.3521711e+07   5.1818848e+01
   1.3534046e+07   3.8818359e+01
   1.3542204e+07   4.8400879e+01
   1.3545686e+07   4.8706055e+01
   1.3558925e+07   4.6875000e+01
   1.3567325e+07   4.3273926e+01
   1.3573028e+07   4.6264648e+01
   1.3588724e+07   4.1259766e+01
   1.3598456e+07   5.1940918e+01
   1.3602073e+07   5.8471680e+01
   1.3624692e+07   5.0659180e+01
   1.3645295e+07   4.8522949e+01
   1.3659913e+07   4.6081543e+01
   1.3670373e+07   4.3579102e+01
   1.3673358e+07   5.6762695e+01
   1.3678485e+07   4.9865723e+01
   1.3679436e+07   4.0588379e+01
   1.3688522e+07   4.7851562e+01
   1.3695425e+07   5.5480957e+01
   1.3696031e+07   4.9072266e+01
   1.3714930e+07   4.4555664e+01
   1.3722297e+07   4.4372559e+01
   1.3736494e+07   3.6254883e+01
   1.3742316e+07   4.8522949e+01
   1.3746980e+07   5.3466797e+01
   1.3772384e+07   4.4921875e+01
   1.3784671e+07   6.2377930e+01
   1.3810619e+07   4.5166016e+01
   1.3814802e+07   3.9367676e+01
   1.3818710e+07   5.1208496e+01
   1.3822843e+07   4.7424316e+01
   1.3836908e+07   5.4016113e+01
   1.3868493e+07   4.1320801e+01
   1.3897683e+07   5.4931641e+01
   1.3946245e+07   5.7067871e+01
   1.3955993e+07   4.9560547e+01
   1.3960563e+07   3.8940430e+01
   1.3971303e+07   3.6743164e+01
   1.3978171e+07   5.3405762e+01
   1.3983519e+07   3.9062500e+01
   1.3986815e+07   4.9560547e+01
   1.3992157e+07   5.1818848e+01
   1.4000289e+07   4.5471191e+01
   1.4005531e+07   5.0476074e+01
   1.4009200e+07   4.8889160e+01
   1.4016644e+07   4.8217773e+01
   1.4027105e+07   3.7902832e+01
   1.4040514e+07   6.2438965e+01
   1.4049429e+07   6.6162109e+01
   1.4054048e+07   5.0354004e+01
   1.4062088e+07   3.7048340e+01
   1.4063197e+07   5.9265137e+01
   1.4070744e+07   4.2724609e+01
   1.4080195e+07   4.2846680e+01
   1.4085249e+07   5.0598145e+01
   1.4092435e+07   4.6569824e+01
   1.4094200e+07   4.1015625e+01
   1.4101853e+07   5.0292969e+01
   1.4106090e+07   3.9733887e+01
   1.4111957e+07   4.0588379e+01
   1.4112684e+07   4.3762207e+01
   1.4117307e+07   4.2541504e+01
   1.4126659e+07   4.9316406e+01
   1.4130021e+07   5.0842285e+01
   1.4137467e+07   5.5236816e+01
   1.4139518e+07   5.1452637e+01
   1.4158905e+07   4.8828125e+01
   1.4176700e+07   4.4311523e+01
   1.4182297e+07   3.7109375e+01
   1.4191812e+07   5.0598145e+01
   1.4223798e+07   4.2419434e+01
   1.4234180e+07   5.3466797e+01
   1.4272133e+07   3.7109375e+01
   1.4291799e+07   5.8044434e+01
   1.4312693e+07   4.8095703e+01
   1.4317306e+07   5.1086426e+01
   1.4342052e+07   4.7180176e+01
   1.4348009e+07   5.1269531e+01
   1.4348021e+07   5.3955078e+01
   1.4362353e+07   5.0659180e+01
   1.4362604e+07   4.5776367e+01
   1.4368457e+07   3.9672852e+01
   1.4369441e+07   4.3579102e+01
   1.4386341e+07   5.0354004e+01
   1.4393028e+07   5.0781250e+01
   1.4395270e+07   4.6508789e+01
   1.4397653e+07   4.7241211e+01
   1.4404969e+07   5.6213379e+01
   1.4407206e+07   5.3894043e+01
   1.4415586e+07   3.9123535e+01
   1.4418431e+07   4.1320801e+01
   1.4425678e+07   5.7800293e+01
   1.4428073e+07   5.1147461e+01
   1.4428848e+07   4.6142578e+01
   1.4455115e+07   5.4565430e+01
   1.4456799e+07   4.2541504e+01
   1.4462114e+07   5.3894043e+01
   1.4480066e+07   5.1696777e+01
   1.4507653e+07   4.8706055e+01
   1.4520259e+07   4.5166016e+01
   1.4523622e+07   5.3955078e+01
   1.4530690e+07   4.6752930e+01
   1.4533713e+07   4.1198730e+01
   1.4542168e+07   4.3090820e+01
   1.4542602e+07   4.9316406e+01
   1.4547668e+07   4.7424316e+01
   1.4553973e+07   5.4077148e+01
   1.4569256e+07   3.8452148e+01
   1.4583459e+07   5.0537109e+01
   1.4591397e+07   4.4677734e+01
   1.4628129e+07   4.8583984e+01
   1.4636426e+07   4.1870117e+01
   1.4657463e+07   5.2368164e+01
   1.4665211e+07   3.9916992e+01
   1.4677273e+07   4.8339844e+01
   1.4702430e+07   6.2866211e+01
   1.4703001e+07   4.5227051e+01
   1.4713820e+07   3.9184570e+01
   1.4721303e+07   5.8654785e+01
   1.4726389e+07   3.9123535e+01
   1.4726768e+07   4.7973633e+01
   1.4743996e+07   5.5114746e+01
   1.4767050e+07   5.6518555e+01
   1.4786754e+07   5.0842285e+01
   1.4795184e+07   3.9733887e+01
   1.4806347e+07   5.7373047e+01
   1.4811743e+07   5.8288574e+01
   1.4818329e+07   6.2622070e+01
   1.4834562e+07   4.8461914e+01
   1.4842828e+07   4.7668457e+01
   1.4845587e+07   3.7597656e+01
   1.4855402e+07   5.1025391e+01
   1.4859848e+07   5.5969238e+01
   1.4860641e+07   4.9377441e+01
   1.4862577e+07   4.1687012e+01
   1.4862915e+07   5.2307129e+01
   1.4863184e+07   4.6508789e+01
   1.4875093e+07   4.9926758e+01
   1.4881308e+07   4.6752930e+01
   1.4885124e+07   5.2612305e+01
   1.4910578e+07   5.0231934e+01
   1.4917353e+07   4.4433594e+01
   1.4924618e+07   4.4982910e+01
   1.4928132e+07   6.0668945e+01
   1.4939155e+07   5.7312012e+01
   1.4952165e+07   5.0048828e+01
   1.4960957e+07   6.1950684e+01
   1.4973731e+07   5.6945801e+01
   1.4981654e+07   9.0881348e+01
   1.4984741e+07   4.2175293e+01
