   1.4995000e+07   0.0000000e+00
   2.2090000e+03   6.0974121e+01
   2.3530000e+03   5.4687500e+01
   5.3278000e+04   7.3974609e+01
   1.7153100e+05   7.5256348e+01
   4.0865500e+05   7.5378418e+01
   6.9418700e+05   4.3579102e+01
   6.9453600e+05   4.2968750e+01
   6.9467900e+05   4.6813965e+01
   6.9476500e+05   4.9987793e+01
   6.9479600e+05   5.8593750e+01
   6.9480800e+05   8.6669922e+01
   6.9482600e+05   4.8095703e+01
   6.9484200e+05   4.2297363e+01
   6.9485600e+05   5.3894043e+01
   6.9488600e+05   5.0109863e+01
   6.9490200e+05   5.9570312e+01
   6.9491900e+05   6.0180664e+01
   6.9493400e+05   5.2001953e+01
   6.9494600e+05   5.1757812e+01
   6.9498100e+05   4.7546387e+01
   6.9499100e+05   8.3557129e+01
   6.9501400e+05   5.0048828e+01
   6.9504700e+05   4.5471191e+01
   6.9508400e+05   5.3039551e+01
   6.9511100e+05   6.8054199e+01
   6.9512100e+05   4.9743652e+01
   6.9519100e+05   5.5419922e+01
   6.9528600e+05   4.3334961e+01
   6.9546600e+05   6.7138672e+01
   6.9558500e+05   5.0231934e+01
   6.9574300e+05   3.9306641e+01
   6.9593700e+05   4.1015625e+01
   6.9597300e+05   3.8574219e+01
   6.9604700e+05   4.1625977e+01
   6.9607600e+05   4.2602539e+01
   6.9615100e+05   3.9001465e+01
   6.9634400e+05   4.2541504e+01
   6.9648300e+05   3.8391113e+01
   6.9664500e+05   3.9062500e+01
   6.9674900e+05   4.1015625e+01
   6.9695700e+05   3.8085938e+01
   6.9699500e+05   4.1015625e+01
   6.9704200e+05   4.0771484e+01
   6.9717600e+05   4.4250488e+01
   6.9724100e+05   4.6630859e+01
   6.9733800e+05   4.2053223e+01
   6.9747800e+05   3.7902832e+01
   6.9759500e+05   3.7902832e+01
   6.9765900e+05   4.3945312e+01
   6.9773000e+05   4.0405273e+01
   6.9777300e+05   3.8757324e+01
   6.9787400e+05   3.9123535e+01
   6.9795500e+05   4.0832520e+01
   6.9817800e+05   4.0405273e+01
   6.9862300e+05   4.3212891e+01
   7.0586500e+05   4.2175293e+01
   7.0745100e+05   3.9733887e+01
   7.0756400e+05   4.2175293e+01
   7.0773000e+05   3.8452148e+01
   7.0775100e+05   4.8828125e+01
   7.0778900e+05   3.9794922e+01
   7.0781000e+05   5.2612305e+01
   7.0783900e+05   5.2673340e+01
   7.0786300e+05   4.2846680e+01
   7.0788900e+05   5.4687500e+01
   7.0790900e+05   4.7302246e+01
   7.0796100e+05   5.7128906e+01
   7.0798100e+05   5.4016113e+01
   7.0802600e+05   4.7363281e+01
   7.0804400e+05   4.1381836e+01
   7.0810400e+05   4.2724609e+01
   7.0816700e+05   4.3945312e+01
   7.0822800e+05   3.9001465e+01
   7.0829900e+05   4.0771484e+01
   7.0845600e+05   5.0659180e+01
   7.0847900e+05   4.0649414e+01
   7.0854000e+05   4.4494629e+01
   7.0859700e+05   4.3273926e+01
   7.0866000e+05   4.8950195e+01
   7.0871300e+05   4.3395996e+01
   7.0877300e+05   4.5532227e+01
   7.0888600e+05   3.8024902e+01
   7.0892000e+05   4.0954590e+01
   7.0897200e+05   4.1687012e+01
   7.0906000e+05   4.4006348e+01
   7.0914700e+05   3.8757324e+01
   7.0926800e+05   4.1748047e+01
   7.0950700e+05   4.5837402e+01
   7.0958100e+05   4.2236328e+01
   7.0961800e+05   4.0710449e+01
   7.0973900e+05   5.6335449e+01
   7.0975700e+05   3.7902832e+01
   7.0991900e+05   3.9184570e+01
   7.1009800e+05   3.9550781e+01
   7.1048300e+05   3.9916992e+01
   7.1073100e+05   4.6447754e+01
   7.1085700e+05   3.8940430e+01
   7.1119400e+05   4.0893555e+01
   7.1120900e+05   3.9306641e+01
   7.1207400e+05   3.9733887e+01
   7.2079900e+05   3.9062500e+01
   9.3417200e+05   3.9123535e+01
   9.5173600e+05   3.9855957e+01
   1.0558890e+06   3.8391113e+01
   1.2164980e+06   3.8330078e+01
   1.2205190e+06   4.0283203e+01
   1.2344160e+06   7.8796387e+01
   1.2620010e+06   6.0180664e+01
   1.4970000e+06   7.5500488e+01
   1.5743980e+06   3.7902832e+01
   1.5846220e+06   7.1105957e+01
   1.7357910e+06   6.2194824e+01
   1.7489490e+06   4.6386719e+01
   1.7490360e+06   4.9438477e+01
   1.7491180e+06   7.0007324e+01
   1.7491410e+06   4.7119141e+01
   1.7491620e+06   9.2163086e+01
   1.7491790e+06   4.3762207e+01
   1.7492080e+06   4.3029785e+01
   1.7492330e+06   6.5979004e+01
   1.7492450e+06   6.8054199e+01
   1.7492820e+06   4.3212891e+01
   1.7493290e+06   4.6020508e+01
   1.7493590e+06   4.1198730e+01
   1.7493850e+06   5.0170898e+01
   1.7494080e+06   4.2846680e+01
   1.7494780e+06   6.3232422e+01
   1.7495570e+06   3.9794922e+01
   1.7496280e+06   4.1992188e+01
   1.7496860e+06   4.0893555e+01
   1.7497260e+06   5.1391602e+01
   1.7497380e+06   3.8635254e+01
   1.7498170e+06   4.7363281e+01
   1.7498770e+06   3.8879395e+01
   1.7500360e+06   3.8940430e+01
   1.7502050e+06   3.8513184e+01
   1.7502430e+06   3.8330078e+01
   1.7503140e+06   5.8471680e+01
   1.7504640e+06   4.7668457e+01
   1.7505950e+06   4.0527344e+01
   1.7506830e+06   4.4189453e+01
   1.7507160e+06   3.8635254e+01
   1.7508090e+06   3.9978027e+01
   1.7508920e+06   3.8146973e+01
   1.7509400e+06   6.4208984e+01
   1.7510820e+06   4.4616699e+01
   1.7511280e+06   7.5561523e+01
   1.7512490e+06   4.5288086e+01
   1.7513000e+06   6.3415527e+01
   1.7514560e+06   3.9916992e+01
   1.7516970e+06   4.5288086e+01
   1.7517330e+06   4.8156738e+01
   1.7518050e+06   4.3701172e+01
   1.7519120e+06   3.7963867e+01
   1.7520380e+06   3.8391113e+01
   1.7524340e+06   4.5349121e+01
   1.7525780e+06   3.8635254e+01
   1.7530460e+06   4.5654297e+01
   1.7554850e+06   4.0710449e+01
   1.7571680e+06   3.7841797e+01
   1.7575500e+06   3.8391113e+01
   1.7611440e+06   3.9306641e+01
   1.7616400e+06   4.6081543e+01
   1.7617960e+06   4.5776367e+01
   1.7618410e+06   6.6345215e+01
   1.7618580e+06   3.7780762e+01
   1.7618750e+06   4.1992188e+01
   1.7619350e+06   5.3710938e+01
   1.7619700e+06   3.8635254e+01
   1.7620000e+06   4.7241211e+01
   1.7620240e+06   3.9611816e+01
   1.7620610e+06   4.7241211e+01
   1.7621650e+06   3.8635254e+01
   1.7621790e+06   4.6142578e+01
   1.7622530e+06   4.2419434e+01
   1.7623160e+06   4.3640137e+01
   1.7623670e+06   4.6020508e+01
   1.7624450e+06   4.0100098e+01
   1.7625210e+06   4.5043945e+01
   1.7625690e+06   3.8085938e+01
   1.7625880e+06   4.0405273e+01
   1.7626630e+06   4.3273926e+01
   1.7626940e+06   4.0527344e+01
   1.7627430e+06   5.0354004e+01
   1.7627760e+06   3.9794922e+01
   1.7629340e+06   4.7546387e+01
   1.7630840e+06   4.5837402e+01
   1.7631310e+06   3.7780762e+01
   1.7631520e+06   3.8513184e+01
   1.7631990e+06   4.3884277e+01
   1.7632860e+06   4.8339844e+01
   1.7633830e+06   4.2907715e+01
   1.7634730e+06   4.2785645e+01
   1.7635050e+06   3.8574219e+01
   1.7636360e+06   5.0354004e+01
   1.7637510e+06   5.1025391e+01
   1.7638840e+06   4.2053223e+01
   1.7639500e+06   3.9611816e+01
   1.7639960e+06   6.5673828e+01
   1.7641250e+06   3.7841797e+01
   1.7646840e+06   5.3344727e+01
   1.7648390e+06   5.8593750e+01
   1.7649540e+06   5.3222656e+01
   1.7651950e+06   4.0832520e+01
   1.7652910e+06   3.9123535e+01
   1.7659840e+06   3.9428711e+01
   1.7707760e+06   3.8085938e+01
   1.7779030e+06   3.9123535e+01
   1.7784260e+06   3.8513184e+01
   1.9359430e+06   5.7250977e+01
   2.2579490e+06   6.3598633e+01
   2.3186150e+06   7.5988770e+01
   2.3890660e+06   6.7199707e+01
   2.4519540e+06   6.7626953e+01
   2.6735520e+06   7.1228027e+01
   2.6916010e+06   6.9030762e+01
   2.7870920e+06   6.1279297e+01
   2.7940510e+06   4.3212891e+01
   2.7944450e+06   5.0659180e+01
   2.7945810e+06   4.6203613e+01
   2.7946310e+06   4.0527344e+01
   2.7946530e+06   6.9396973e+01
   2.7946740e+06   5.5603027e+01
   2.7946920e+06   3.9428711e+01
   2.7947110e+06   3.8269043e+01
   2.7947330e+06   3.8513184e+01
   2.7947680e+06   9.5275879e+01
   2.7947890e+06   5.1330566e+01
   2.7948380e+06   3.7963867e+01
   2.7948500e+06   4.5715332e+01
   2.7949100e+06   4.6997070e+01
   2.7949330e+06   3.9489746e+01
   2.7949800e+06   4.0832520e+01
   2.7949950e+06   3.8208008e+01
   2.7950470e+06   3.8208008e+01
   2.7950620e+06   4.0222168e+01
   2.7950780e+06   4.5532227e+01
   2.7951870e+06   4.1137695e+01
   2.7952900e+06   4.6447754e+01
   2.7953290e+06   4.2175293e+01
   2.7954150e+06   4.7607422e+01
   2.7954670e+06   4.2663574e+01
   2.7955020e+06   4.2175293e+01
   2.7955470e+06   4.3334961e+01
   2.7955900e+06   4.5410156e+01
   2.7956950e+06   4.0161133e+01
   2.7958250e+06   4.8034668e+01
   2.7959080e+06   4.3090820e+01
   2.7959580e+06   4.1992188e+01
   2.7959910e+06   4.2663574e+01
   2.7961610e+06   3.9672852e+01
   2.7961860e+06   4.9194336e+01
   2.7962130e+06   4.2785645e+01
   2.7962880e+06   3.9001465e+01
   2.7963730e+06   3.8085938e+01
   2.7964620e+06   4.9743652e+01
   2.7965850e+06   5.6579590e+01
   2.7966380e+06   3.8574219e+01
   2.7967160e+06   4.2114258e+01
   2.7972440e+06   3.9123535e+01
   2.7973640e+06   4.3212891e+01
   2.7974310e+06   4.2541504e+01
   2.7974830e+06   3.9306641e+01
   2.7976480e+06   3.8696289e+01
   2.7977520e+06   3.7780762e+01
   2.7978940e+06   4.7485352e+01
   2.7988630e+06   3.8330078e+01
   2.8067630e+06   4.4067383e+01
   2.8069830e+06   4.2785645e+01
   2.8070630e+06   5.9509277e+01
   2.8070810e+06   4.0954590e+01
   2.8071210e+06   4.4128418e+01
   2.8071480e+06   5.0231934e+01
   2.8071680e+06   6.1401367e+01
   2.8072190e+06   4.4921875e+01
   2.8072380e+06   3.8879395e+01
   2.8072790e+06   7.9650879e+01
   2.8072910e+06   4.6142578e+01
   2.8073180e+06   4.6691895e+01
   2.8073740e+06   4.1198730e+01
   2.8074280e+06   4.8217773e+01
   2.8074390e+06   4.0832520e+01
   2.8075000e+06   4.3640137e+01
   2.8075360e+06   5.4687500e+01
   2.8075590e+06   4.0161133e+01
   2.8076550e+06   4.2419434e+01
   2.8076650e+06   4.0893555e+01
   2.8077010e+06   3.7902832e+01
   2.8077260e+06   4.1442871e+01
   2.8077880e+06   4.1381836e+01
   2.8079170e+06   5.2429199e+01
   2.8079780e+06   4.0771484e+01
   2.8080320e+06   4.1625977e+01
   2.8080730e+06   3.9123535e+01
   2.8081070e+06   3.9733887e+01
   2.8081920e+06   4.9377441e+01
   2.8082730e+06   4.1809082e+01
   2.8082920e+06   3.9367676e+01
   2.8083610e+06   4.5410156e+01
   2.8084070e+06   3.8024902e+01
   2.8084620e+06   4.9438477e+01
   2.8085490e+06   4.0161133e+01
   2.8086410e+06   3.8696289e+01
   2.8088770e+06   4.4006348e+01
   2.8089540e+06   5.0964355e+01
   2.8090110e+06   3.8146973e+01
   2.8090830e+06   3.9672852e+01
   2.8091120e+06   4.5104980e+01
   2.8091530e+06   3.8879395e+01
   2.8092410e+06   3.8024902e+01
   2.8093580e+06   3.9184570e+01
   2.8096560e+06   4.0283203e+01
   2.8098280e+06   4.7241211e+01
   2.8103280e+06   3.7963867e+01
   2.8105700e+06   5.3527832e+01
   2.9877190e+06   7.3547363e+01
   3.1507090e+06   7.8430176e+01
   3.2125620e+06   6.6467285e+01
   3.2131550e+06   6.9091797e+01
   3.3042810e+06   6.8908691e+01
   3.3282530e+06   6.8054199e+01
   3.5261120e+06   7.8979492e+01
   3.5882850e+06   7.2814941e+01
   3.6067440e+06   4.7241211e+01
   3.6073460e+06   5.2551270e+01
   3.6074620e+06   5.4260254e+01
   3.6076110e+06   5.1879883e+01
   3.6076220e+06   4.6997070e+01
   3.6076640e+06   6.4697266e+01
   3.6077090e+06   7.0068359e+01
   3.6077220e+06   4.7973633e+01
   3.6077540e+06   5.8776855e+01
   3.6077820e+06   5.6030273e+01
   3.6078290e+06   4.7912598e+01
   3.6078420e+06   4.2175293e+01
   3.6078610e+06   6.7504883e+01
   3.6079110e+06   6.0607910e+01
   3.6079300e+06   4.5349121e+01
   3.6079830e+06   3.9062500e+01
   3.6081440e+06   4.8461914e+01
   3.6081650e+06   5.0415039e+01
   3.6082550e+06   4.4128418e+01
   3.6082840e+06   5.2307129e+01
   3.6083830e+06   4.0649414e+01
   3.6086190e+06   4.3090820e+01
   3.6086990e+06   3.9123535e+01
   3.6087390e+06   4.0283203e+01
   3.6088620e+06   4.0039062e+01
   3.6089210e+06   4.0161133e+01
   3.6091890e+06   4.7790527e+01
   3.6092120e+06   3.9794922e+01
   3.6093220e+06   3.9855957e+01
   3.6093450e+06   4.2053223e+01
   3.6093630e+06   3.9306641e+01
   3.6096350e+06   4.5776367e+01
   3.6099070e+06   3.8940430e+01
   3.6103320e+06   4.2541504e+01
   3.6103880e+06   4.0588379e+01
   3.6112650e+06   4.0649414e+01
   3.6129510e+06   4.1809082e+01
   3.6138060e+06   4.0405273e+01
   3.6199330e+06   4.0466309e+01
   3.6203940e+06   5.1574707e+01
   3.6204310e+06   4.0954590e+01
   3.6205130e+06   4.8828125e+01
   3.6205990e+06   4.2053223e+01
   3.6206150e+06   4.6081543e+01
   3.6206500e+06   3.9306641e+01
   3.6206730e+06   5.7189941e+01
   3.6207100e+06   4.0405273e+01
   3.6207360e+06   4.3579102e+01
   3.6207970e+06   5.9997559e+01
   3.6208560e+06   4.4738770e+01
   3.6208810e+06   3.9794922e+01
   3.6209450e+06   3.9001465e+01
   3.6209740e+06   4.3518066e+01
   3.6209880e+06   4.9438477e+01
   3.6210220e+06   3.9001465e+01
   3.6210690e+06   3.9672852e+01
   3.6211680e+06   4.5959473e+01
   3.6213020e+06   4.4311523e+01
   3.6213280e+06   4.3579102e+01
   3.6213430e+06   3.8940430e+01
   3.6214520e+06   3.9489746e+01
   3.6214780e+06   4.0100098e+01
   3.6216200e+06   4.1748047e+01
   3.6216710e+06   4.0161133e+01
   3.6217270e+06   4.0527344e+01
   3.6218590e+06   5.9387207e+01
   3.6220410e+06   4.6997070e+01
   3.6222920e+06   4.2175293e+01
   3.6224480e+06   5.2246094e+01
   3.6225130e+06   4.0893555e+01
   3.6232890e+06   4.2297363e+01
   3.6238360e+06   4.4738770e+01
   4.2528320e+06   6.6772461e+01
   4.4236030e+06   6.5856934e+01
   4.6572450e+06   3.9794922e+01
   4.6581850e+06   4.0771484e+01
   4.6582240e+06   5.6030273e+01
   4.6583190e+06   6.8176270e+01
   4.6583550e+06   4.5043945e+01
   4.6583810e+06   6.1157227e+01
   4.6584000e+06   6.9885254e+01
   4.6584120e+06   4.9865723e+01
   4.6584550e+06   4.7058105e+01
   4.6584660e+06   7.4279785e+01
   4.6584960e+06   4.6936035e+01
   4.6585510e+06   4.3212891e+01
   4.6585750e+06   6.4392090e+01
   4.6586080e+06   5.0415039e+01
   4.6586380e+06   5.9387207e+01
   4.6587130e+06   5.3833008e+01
   4.6587340e+06   4.6997070e+01
   4.6588010e+06   4.5898438e+01
   4.6588790e+06   4.8889160e+01
   4.6590060e+06   4.0344238e+01
   4.6590900e+06   3.9306641e+01
   4.6592860e+06   4.5654297e+01
   4.6594010e+06   4.1625977e+01
   4.6594240e+06   5.2062988e+01
   4.6595670e+06   4.0771484e+01
   4.6596230e+06   4.5043945e+01
   4.6598940e+06   4.0649414e+01
   4.6600260e+06   3.9550781e+01
   4.6601790e+06   5.2856445e+01
   4.6604000e+06   6.2255859e+01
   4.6605540e+06   4.9133301e+01
   4.6607310e+06   4.4189453e+01
   4.6607460e+06   4.7302246e+01
   4.6612350e+06   4.0100098e+01
   4.6612670e+06   4.4982910e+01
   4.6613980e+06   4.6203613e+01
   4.6709910e+06   4.4433594e+01
   4.6713160e+06   5.0598145e+01
   4.6713450e+06   5.6762695e+01
   4.6714370e+06   3.9245605e+01
   4.6714800e+06   4.3884277e+01
   4.6714990e+06   8.8012695e+01
   4.6715270e+06   4.8706055e+01
   4.6715720e+06   8.1970215e+01
   4.6716410e+06   3.9062500e+01
   4.6716670e+06   4.0405273e+01
   4.6717030e+06   4.5104980e+01
   4.6717760e+06   7.3303223e+01
   4.6718420e+06   5.0231934e+01
   4.6718630e+06   4.4921875e+01
   4.6719340e+06   5.1574707e+01
   4.6719540e+06   3.9428711e+01
   4.6720700e+06   3.9550781e+01
   4.6721420e+06   4.3029785e+01
   4.6722160e+06   4.3395996e+01
   4.6722670e+06   4.8034668e+01
   4.6723480e+06   4.1748047e+01
   4.6723870e+06   4.5654297e+01
   4.6725280e+06   4.3640137e+01
   4.6725500e+06   4.0832520e+01
   4.6726090e+06   4.1748047e+01
   4.6726680e+06   4.0588379e+01
   4.6727530e+06   4.0100098e+01
   4.6727810e+06   4.4982910e+01
   4.6728050e+06   4.4616699e+01
   4.6729060e+06   3.8818359e+01
   4.6730120e+06   3.9489746e+01
   4.6730250e+06   3.9733887e+01
   4.6733550e+06   3.9001465e+01
   4.6734770e+06   4.2236328e+01
   4.6737080e+06   4.4677734e+01
   4.6739630e+06   4.5166016e+01
   4.6739750e+06   4.5715332e+01
   4.6742340e+06   4.0649414e+01
   4.6743050e+06   4.0161133e+01
   4.6744100e+06   4.1320801e+01
   4.6849800e+06   3.9733887e+01
   4.9619470e+06   6.8481445e+01
   5.0443320e+06   6.5124512e+01
   5.1052100e+06   4.7546387e+01
   5.1056610e+06   4.3945313e+01
   5.1267040e+06   6.8847656e+01
   5.1273850e+06   6.1889648e+01
   5.4627980e+06   6.8969727e+01
   5.5462850e+06   4.4311523e+01
   5.7589580e+06   3.9794922e+01
   5.7601270e+06   4.3518066e+01
   5.7602910e+06   5.9631348e+01
   5.7603470e+06   5.5358887e+01
   5.7603790e+06   4.7180176e+01
   5.7604020e+06   4.5471191e+01
   5.7604230e+06   5.7006836e+01
   5.7604520e+06   6.4697266e+01
   5.7604690e+06   5.4687500e+01
   5.7604980e+06   4.9133301e+01
   5.7605140e+06   8.6486816e+01
   5.7605510e+06   4.4067383e+01
   5.7605820e+06   5.6945801e+01
   5.7606130e+06   5.4748535e+01
   5.7606430e+06   4.1259766e+01
   5.7606750e+06   7.9711914e+01
   5.7608150e+06   3.9550781e+01
   5.7609110e+06   4.8583984e+01
   5.7611110e+06   4.5898438e+01
   5.7611450e+06   4.0100098e+01
   5.7612370e+06   4.3273926e+01
   5.7613590e+06   3.8635254e+01
   5.7614590e+06   3.8757324e+01
   5.7617620e+06   4.8706055e+01
   5.7618370e+06   4.4494629e+01
   5.7619010e+06   4.2297363e+01
   5.7619550e+06   4.3273926e+01
   5.7620550e+06   4.1381836e+01
   5.7620960e+06   4.2846680e+01
   5.7622720e+06   3.9306641e+01
   5.7624360e+06   5.2551270e+01
   5.7627500e+06   3.9001465e+01
   5.7632910e+06   4.1442871e+01
   5.7634850e+06   4.3701172e+01
   5.7645940e+06   4.0649414e+01
   5.7668430e+06   3.9001465e+01
   5.7675430e+06   4.0649414e+01
   5.7736110e+06   5.0048828e+01
   5.7738170e+06   4.2663574e+01
   5.7738340e+06   4.1198730e+01
   5.7738900e+06   7.2021484e+01
   5.7739170e+06   4.0466309e+01
   5.7739500e+06   5.6579590e+01
   5.7739920e+06   3.9306641e+01
   5.7740990e+06   8.4411621e+01
   5.7741420e+06   5.2795410e+01
   5.7742140e+06   5.5541992e+01
   5.7742260e+06   5.0415039e+01
   5.7742500e+06   4.0588379e+01
   5.7742830e+06   3.9001465e+01
   5.7743190e+06   4.8156738e+01
   5.7743680e+06   4.6569824e+01
   5.7744350e+06   4.3884277e+01
   5.7745080e+06   4.6264648e+01
   5.7745300e+06   4.3884277e+01
   5.7746300e+06   4.4982910e+01
   5.7746580e+06   5.3527832e+01
   5.7747100e+06   3.8635254e+01
   5.7747320e+06   4.3701172e+01
   5.7747900e+06   5.4931641e+01
   5.7749260e+06   4.1320801e+01
   5.7749640e+06   4.5288086e+01
   5.7751220e+06   4.3884277e+01
   5.7752420e+06   3.9978027e+01
   5.7753470e+06   4.9255371e+01
   5.7754300e+06   4.5288086e+01
   5.7754870e+06   4.6447754e+01
   5.7755360e+06   4.2175293e+01
   5.7756780e+06   5.0537109e+01
   5.7759110e+06   5.2795410e+01
   5.7761560e+06   4.0222168e+01
   5.7762850e+06   5.8105469e+01
   5.7767180e+06   3.9978027e+01
   5.7772320e+06   4.7363281e+01
   5.7985000e+06   3.8696289e+01
   6.1187220e+06   3.9123535e+01
   6.4206160e+06   7.1228027e+01
   6.4778590e+06   5.5725098e+01
   7.0794690e+06   6.1889648e+01
   7.0992070e+06   7.0068359e+01
   7.1940610e+06   3.8696289e+01
   7.3418310e+06   4.2663574e+01
   7.4985040e+06   3.8574219e+01
   7.4986450e+06   5.0048828e+01
   7.4988320e+06   7.3669434e+01
   7.4988590e+06   6.7810059e+01
   7.4988740e+06   4.4738770e+01
   7.4989010e+06   5.6396484e+01
   7.4989120e+06   4.0588379e+01
   7.4989730e+06   5.0048828e+01
   7.4989940e+06   5.7617188e+01
   7.4990120e+06   4.4616699e+01
   7.4991300e+06   4.3395996e+01
   7.4991790e+06   3.9733887e+01
   7.4991950e+06   4.4433594e+01
   7.4992830e+06   4.5227051e+01
   7.4993470e+06   4.4372559e+01
   7.4994150e+06   4.3823242e+01
   7.4994770e+06   4.3395996e+01
   7.4995300e+06   3.8635254e+01
   7.4996940e+06   4.2175293e+01
   7.4997630e+06   4.5288086e+01
   7.4998250e+06   4.1809082e+01
   7.4999210e+06   4.0893555e+01
   7.5002420e+06   4.1503906e+01
   7.5004540e+06   3.9611816e+01
   7.5005620e+06   4.4799805e+01
   7.5006790e+06   4.1076660e+01
   7.5008240e+06   4.2785645e+01
   7.5013300e+06   4.4006348e+01
   7.5013420e+06   3.8452148e+01
   7.5014910e+06   3.9489746e+01
   7.5016540e+06   4.1992188e+01
   7.5019330e+06   5.4016113e+01
   7.5024690e+06   4.4433594e+01
   7.5024950e+06   4.1259766e+01
   7.5028350e+06   3.9184570e+01
   7.5050450e+06   3.9855957e+01
   7.5126320e+06   4.2236328e+01
   7.5128170e+06   4.3457031e+01
   7.5128400e+06   4.2724609e+01
   7.5128800e+06   4.9804688e+01
   7.5128900e+06   6.1340332e+01
   7.5129190e+06   4.9804688e+01
   7.5129620e+06   3.9184570e+01
   7.5129850e+06   5.0537109e+01
   7.5130590e+06   5.0598145e+01
   7.5131390e+06   4.8522949e+01
   7.5131680e+06   4.2114258e+01
   7.5132000e+06   5.4443359e+01
   7.5132660e+06   5.0231934e+01
   7.5133070e+06   3.9245605e+01
   7.5134120e+06   4.9316406e+01
   7.5134520e+06   4.3395996e+01
   7.5134720e+06   4.1809082e+01
   7.5135120e+06   4.7241211e+01
   7.5137190e+06   4.1870117e+01
   7.5137920e+06   4.2480469e+01
   7.5138570e+06   3.9916992e+01
   7.5138690e+06   3.9184570e+01
   7.5138950e+06   3.8818359e+01
   7.5139300e+06   3.9123535e+01
   7.5140440e+06   4.7241211e+01
   7.5140820e+06   3.8513184e+01
   7.5141250e+06   4.1137695e+01
   7.5142630e+06   4.3457031e+01
   7.5142730e+06   4.2053223e+01
   7.5143060e+06   4.4067383e+01
   7.5143830e+06   4.3884277e+01
   7.5144870e+06   4.8645020e+01
   7.5146120e+06   4.9377441e+01
   7.5146910e+06   4.1381836e+01
   7.5147320e+06   4.0527344e+01
   7.5148360e+06   5.3955078e+01
   7.5149800e+06   5.6335449e+01
   7.5150460e+06   3.9306641e+01
   7.5151100e+06   4.2236328e+01
   7.5152420e+06   3.9123535e+01
   7.5154040e+06   5.0659180e+01
   7.5157260e+06   4.2846680e+01
   7.5158320e+06   4.7180176e+01
   7.5160210e+06   3.9123535e+01
   7.5285830e+06   4.0405273e+01
   7.6259800e+06   7.0312500e+01
   7.7185580e+06   6.7016602e+01
   8.0523100e+06   7.7575684e+01
   8.2036360e+06   6.4025879e+01
   8.2531190e+06   6.7993164e+01
   8.4435590e+06   6.5124512e+01
   8.4440100e+06   6.2500000e+01
   8.4770010e+06   6.3659668e+01
   8.5172830e+06   4.4128418e+01
   8.6897570e+06   4.4311523e+01
   8.8781000e+06   4.7302246e+01
   9.1450780e+06   4.4677734e+01
   9.1824310e+06   3.9428711e+01
   9.1847320e+06   6.4636230e+01
   9.2743970e+06   4.3823242e+01
   9.3416470e+06   4.0527344e+01
   9.4399020e+06   4.1748047e+01
   9.5189890e+06   3.9978027e+01
   9.5981470e+06   4.0222168e+01
   9.6186160e+06   4.5227051e+01
   9.6590550e+06   3.9306641e+01
   9.7065740e+06   3.9855957e+01
   9.7158680e+06   4.3884277e+01
   9.8367730e+06   4.2419434e+01
   9.9200880e+06   4.1870117e+01
   9.9406490e+06   4.0466309e+01
   9.9849230e+06   3.9367676e+01
   1.0017830e+07   6.6162109e+01
   1.0090522e+07   4.2419434e+01
   1.0116849e+07   4.5166016e+01
   1.0155144e+07   4.2053223e+01
   1.0290870e+07   3.9733887e+01
   1.0296556e+07   3.9367676e+01
   1.0314918e+07   4.4250488e+01
   1.0395824e+07   4.0649414e+01
   1.0412480e+07   3.9855957e+01
   1.0505205e+07   3.9123535e+01
   1.0506749e+07   4.3518066e+01
   1.0712516e+07   4.0893555e+01
   1.0732341e+07   4.3945312e+01
   1.0774853e+07   4.6203613e+01
   1.0828631e+07   4.0283203e+01
   1.0886871e+07   4.3823242e+01
   1.0909774e+07   4.8645020e+01
   1.0921803e+07   7.9589844e+01
   1.0928004e+07   3.9672852e+01
   1.0948371e+07   4.2846680e+01
   1.1082091e+07   6.6284180e+01
   1.1170156e+07   3.9855957e+01
   1.1178995e+07   4.0954590e+01
   1.1190855e+07   4.3518066e+01
   1.1427031e+07   4.1442871e+01
   1.1469549e+07   3.9978027e+01
   1.1479555e+07   4.6203613e+01
   1.1479580e+07   4.8278809e+01
   1.1479604e+07   4.0527344e+01
   1.1479643e+07   5.1086426e+01
   1.1479653e+07   4.5471191e+01
   1.1479691e+07   7.4890137e+01
   1.1479707e+07   5.5480957e+01
   1.1479717e+07   4.2419434e+01
   1.1479743e+07   4.6752930e+01
   1.1479753e+07   5.9875488e+01
   1.1479786e+07   6.1828613e+01
   1.1479808e+07   4.3212891e+01
   1.1479834e+07   3.9855957e+01
   1.1479844e+07   4.2297363e+01
   1.1479880e+07   4.9682617e+01
   1.1479907e+07   4.6936035e+01
   1.1479965e+07   4.0832520e+01
   1.1480034e+07   4.0893555e+01
   1.1480105e+07   4.3640137e+01
   1.1480171e+07   4.2358398e+01
   1.1480255e+07   3.9062500e+01
   1.1480284e+07   4.3579102e+01
   1.1480409e+07   3.9489746e+01
   1.1480594e+07   4.1137695e+01
   1.1480877e+07   4.2602539e+01
   1.1480903e+07   4.0405273e+01
   1.1481086e+07   5.5664062e+01
   1.1481281e+07   4.7668457e+01
   1.1481347e+07   4.0527344e+01
   1.1481389e+07   4.5776367e+01
   1.1481550e+07   4.1931152e+01
   1.1481683e+07   4.6813965e+01
   1.1481751e+07   4.4006348e+01
   1.1481777e+07   4.4067383e+01
   1.1482154e+07   4.3579102e+01
   1.1482320e+07   3.9245605e+01
   1.1482397e+07   4.6630859e+01
   1.1482541e+07   4.7973633e+01
   1.1482909e+07   4.7790527e+01
   1.1495195e+07   4.0466309e+01
   1.1495252e+07   4.7912598e+01
   1.1495349e+07   4.6813965e+01
   1.1495403e+07   4.7912598e+01
   1.1495467e+07   4.6875000e+01
   1.1495492e+07   5.8166504e+01
   1.1495519e+07   4.5227051e+01
   1.1495558e+07   4.9743652e+01
   1.1495619e+07   4.3029785e+01
   1.1495684e+07   5.7189941e+01
   1.1495714e+07   4.6752930e+01
   1.1495751e+07   4.2785645e+01
   1.1495827e+07   4.2968750e+01
   1.1495892e+07   4.8645020e+01
   1.1495943e+07   3.9306641e+01
   1.1496012e+07   4.1564941e+01
   1.1496035e+07   4.2602539e+01
   1.1496079e+07   3.9245605e+01
   1.1496090e+07   5.9936523e+01
   1.1496258e+07   4.3579102e+01
   1.1496296e+07   5.5175781e+01
   1.1496327e+07   5.0537109e+01
   1.1496360e+07   3.8940430e+01
   1.1496549e+07   4.3395996e+01
   1.1496858e+07   4.6569824e+01
   1.1496962e+07   3.9306641e+01
   1.1497176e+07   4.0893555e+01
   1.1497271e+07   4.6142578e+01
   1.1497852e+07   3.9733887e+01
   1.1498061e+07   4.4311523e+01
   1.1498174e+07   4.0832520e+01
   1.1615498e+07   6.7626953e+01
   1.1645797e+07   6.4941406e+01
   1.1655111e+07   6.8481445e+01
   1.1670960e+07   4.6081543e+01
   1.1860344e+07   4.1809082e+01
   1.1913862e+07   4.2663574e+01
   1.2155420e+07   3.9367676e+01
   1.2261125e+07   3.9855957e+01
   1.2331890e+07   6.3232422e+01
   1.2469932e+07   5.5603027e+01
   1.2796643e+07   6.7993164e+01
   1.2818917e+07   6.5368652e+01
   1.2830511e+07   6.7016602e+01
   1.2899310e+07   5.8715820e+01
   1.2991422e+07   4.9255371e+01
   1.3068046e+07   3.9001465e+01
   1.3078440e+07   6.5002441e+01
   1.3136468e+07   4.4433594e+01
   1.3273139e+07   5.9814453e+01
   1.3388753e+07   6.3110352e+01
   1.3526762e+07   5.9204102e+01
   1.3797755e+07   3.8635254e+01
   1.3975272e+07   4.8034668e+01
   1.4447771e+07   5.3283691e+01
   1.4501906e+07   4.0161133e+01
   1.4895463e+07   6.7810059e+01
   1.4971080e+07   7.4890137e+01
