   1.1996000e+07   0.0000000e+00
   4.4375100e+05   4.6020508e+01
   4.4415600e+05   3.8635254e+01
   4.4459900e+05   3.9367676e+01
   5.4386700e+05   3.9550781e+01
   5.4407900e+05   4.4677734e+01
   6.5653400e+05   4.0100098e+01
   6.5758600e+05   4.2968750e+01
   7.6358300e+05   3.9489746e+01
   7.6372800e+05   4.8156738e+01
   7.6474900e+05   3.8757324e+01
   8.3526100e+05   4.4189453e+01
   8.3532800e+05   4.7790527e+01
   9.0719000e+05   3.9184570e+01
   9.0843700e+05   4.4006348e+01
   9.7250900e+05   3.9978027e+01
   1.5013700e+06   3.9794922e+01
   1.5984400e+06   4.6142578e+01
   1.8176530e+06   4.2175293e+01
   1.9525480e+06   4.0466309e+01
   2.4309850e+06   4.8034668e+01
   2.4310450e+06   3.9245605e+01
   2.4310830e+06   4.1503906e+01
   2.4311010e+06   3.9489746e+01
   2.4311430e+06   4.0405273e+01
   2.4311880e+06   3.8818359e+01
   2.4322390e+06   4.7851562e+01
   2.4326880e+06   5.0659180e+01
   2.4455420e+06   3.9306641e+01
   2.4953040e+06   3.9062500e+01
   2.4954770e+06   3.9978027e+01
   2.4954870e+06   3.9611816e+01
   2.4956920e+06   3.9245605e+01
   2.4966520e+06   4.1442871e+01
   2.5465730e+06   4.0466309e+01
   2.5474670e+06   3.9611816e+01
   2.5478170e+06   3.9672852e+01
   2.5933410e+06   4.7119141e+01
   2.5935560e+06   3.9916992e+01
   2.5943540e+06   3.9001465e+01
   2.5953510e+06   3.9733887e+01
   2.6222180e+06   3.8940430e+01
   2.6222980e+06   3.9550781e+01
   2.6227710e+06   4.0405273e+01
   2.6228160e+06   4.0527344e+01
   2.6584610e+06   4.1809082e+01
   2.6584970e+06   4.5410156e+01
   2.6587670e+06   4.2907715e+01
   4.1797670e+06   4.5471191e+01
   4.1798550e+06   5.1391602e+01
   4.1799170e+06   3.7902832e+01
   4.1799380e+06   4.0283203e+01
   4.1968960e+06   3.7170410e+01
   4.1969060e+06   5.1940918e+01
   4.1970650e+06   3.8146973e+01
   4.1972660e+06   3.6865234e+01
   4.1974700e+06   4.6020508e+01
   4.1985710e+06   4.0832520e+01
   4.1990790e+06   3.6987305e+01
   4.1995180e+06   3.9306641e+01
   4.2494250e+06   3.8879395e+01
   4.2494620e+06   3.8452148e+01
   4.2495000e+06   4.1625977e+01
   4.2495770e+06   3.9062500e+01
   4.2496410e+06   4.1381836e+01
   4.2500570e+06   4.1076660e+01
   4.2500930e+06   3.9489746e+01
   4.2504360e+06   3.8940430e+01
   4.2505410e+06   4.0161133e+01
   4.2506670e+06   3.7597656e+01
   4.2926780e+06   4.2724609e+01
   4.2927460e+06   3.9855957e+01
   4.2929480e+06   4.7058105e+01
   4.2936600e+06   3.6987305e+01
   4.2938150e+06   3.8024902e+01
   4.2947540e+06   3.8635254e+01
   4.3348210e+06   3.7475586e+01
   4.3348490e+06   4.8339844e+01
   4.3349780e+06   4.2358398e+01
   4.3350540e+06   3.7902832e+01
   4.3355420e+06   4.1687012e+01
   4.3628250e+06   3.9428711e+01
   4.3629170e+06   3.6682129e+01
   4.3634140e+06   3.8330078e+01
   4.3634930e+06   4.3029785e+01
   4.3642020e+06   3.7292480e+01
   4.3821060e+06   4.6325684e+01
   4.3822590e+06   4.0405273e+01
   4.3825290e+06   3.7109375e+01
   4.4041700e+06   4.2358398e+01
   4.4042610e+06   4.6630859e+01
   4.4042970e+06   3.7658691e+01
   4.4044830e+06   3.7841797e+01
   4.4058310e+06   3.7475586e+01
   4.4291760e+06   4.0344238e+01
   4.4292140e+06   4.0527344e+01
   4.4292250e+06   3.8513184e+01
   4.4298100e+06   3.8146973e+01
   4.4298640e+06   4.0710449e+01
   4.4513030e+06   3.8146973e+01
   4.4513390e+06   4.0100098e+01
   4.4516620e+06   3.6987305e+01
   4.4724950e+06   4.3273926e+01
   4.4725550e+06   3.9367676e+01
   4.4903750e+06   3.7475586e+01
   4.4910720e+06   3.8513184e+01
   4.4911550e+06   3.7963867e+01
   4.5137540e+06   3.8940430e+01
   4.5137920e+06   5.0781250e+01
   4.5143970e+06   3.8879395e+01
   4.5308960e+06   3.7597656e+01
   4.5313830e+06   3.9306641e+01
   4.5476150e+06   4.1076660e+01
   4.5482170e+06   3.7902832e+01
   4.5716730e+06   4.9255371e+01
   4.5717870e+06   3.9306641e+01
   4.5719920e+06   3.9489746e+01
   4.5948320e+06   3.7475586e+01
   4.6180300e+06   3.8146973e+01
   4.6184800e+06   3.7353516e+01
   4.7464000e+06   4.2724609e+01
   5.0863650e+06   3.6682129e+01
   7.3478250e+06   3.8452148e+01
   7.3962060e+06   4.2114258e+01
   7.3962470e+06   3.8757324e+01
   7.3963190e+06   4.0100098e+01
   7.3964080e+06   4.1870117e+01
   7.3980600e+06   4.3884277e+01
   7.3984150e+06   4.0222168e+01
   7.4110530e+06   4.0527344e+01
   7.4112620e+06   4.2785645e+01
   7.4268280e+06   3.8452148e+01
   7.4594920e+06   3.8513184e+01
   7.4595600e+06   5.6091309e+01
   7.4605580e+06   3.9367676e+01
   7.4879430e+06   4.0405273e+01
   7.4880190e+06   4.9194336e+01
   7.4880590e+06   4.0832520e+01
   7.4886430e+06   4.4006348e+01
   7.4895490e+06   4.3334961e+01
   7.5143870e+06   4.2480469e+01
   7.5148330e+06   4.0222168e+01
   7.5151700e+06   3.8757324e+01
   7.5156360e+06   4.0222168e+01
   7.5593030e+06   4.0527344e+01
   7.5771580e+06   4.1931152e+01
   7.5788040e+06   4.4921875e+01
   7.6135020e+06   3.8940430e+01
   7.6496700e+06   4.0222168e+01
   7.6497440e+06   4.0405273e+01
   7.6499110e+06   4.0832520e+01
   7.6503220e+06   3.9062500e+01
   7.6739880e+06   4.2236328e+01
   7.6741000e+06   4.5104980e+01
   7.6741420e+06   4.6142578e+01
   7.6741920e+06   3.8818359e+01
   7.6927940e+06   4.6875000e+01
   7.6934600e+06   4.1809082e+01
   7.7155000e+06   3.9306641e+01
   7.7382540e+06   3.8452148e+01
   7.7388650e+06   4.0161133e+01
   7.7610020e+06   4.5532227e+01
   7.8323400e+06   3.8330078e+01
   7.8323970e+06   4.5410156e+01
   8.6088800e+06   4.1931152e+01
   8.6090140e+06   4.7058105e+01
   8.6090540e+06   4.0466309e+01
   8.6091110e+06   4.6691895e+01
   8.6093420e+06   4.4250488e+01
   8.6671250e+06   5.1818848e+01
   8.6672610e+06   3.9672852e+01
   8.6673340e+06   4.4860840e+01
   8.6687210e+06   4.4128418e+01
   8.7145050e+06   4.1748047e+01
   8.7146280e+06   3.8391113e+01
   8.7149660e+06   4.1809082e+01
   8.7607790e+06   3.9733887e+01
   8.7613400e+06   3.8513184e+01
   8.8008280e+06   4.4067383e+01
   8.8009140e+06   3.9855957e+01
   8.8402030e+06   3.8574219e+01
   8.8402960e+06   4.4189453e+01
   8.8403540e+06   3.9916992e+01
   8.8405460e+06   4.0222168e+01
   8.9258860e+06   4.0039062e+01
   8.9259550e+06   4.2419434e+01
   9.1710040e+06   4.1748047e+01
   9.1713510e+06   4.1015625e+01
   9.2158830e+06   3.8818359e+01
   9.2159230e+06   4.0710449e+01
   9.2702390e+06   3.9306641e+01
   9.2702750e+06   5.3100586e+01
   9.2702980e+06   4.4433594e+01
   9.2704560e+06   3.9611816e+01
   9.2707590e+06   4.1076660e+01
   9.3174730e+06   4.7790527e+01
   9.3178210e+06   3.9489746e+01
   9.3179370e+06   4.0588379e+01
   9.3634280e+06   3.9916992e+01
   9.3635120e+06   3.9489746e+01
   9.3638190e+06   4.1076660e+01
   9.3647710e+06   4.1381836e+01
   9.4075370e+06   4.1076660e+01
   9.4076160e+06   4.6997070e+01
   9.4076670e+06   4.0466309e+01
   9.4082970e+06   4.0649414e+01
   9.4559080e+06   3.8696289e+01
   9.4559750e+06   4.2175293e+01
   9.4561070e+06   4.0954590e+01
   9.4563780e+06   3.9367676e+01
   1.1757253e+07   5.1269531e+01
   1.1758103e+07   4.6386719e+01
   1.1758502e+07   3.8757324e+01
   1.1758943e+07   3.9978027e+01
   1.1772764e+07   4.1137695e+01
   1.1772924e+07   4.1503906e+01
   1.1773272e+07   3.9001465e+01
   1.1814970e+07   4.0527344e+01
   1.1815093e+07   4.9804688e+01
   1.1815506e+07   4.9377441e+01
   1.1816109e+07   4.5227051e+01
   1.1817301e+07   4.2907715e+01
   1.1843307e+07   4.7729492e+01
   1.1843396e+07   4.3518066e+01
   1.1843521e+07   4.4982910e+01
   1.1843752e+07   3.9733887e+01
   1.1845331e+07   4.2419434e+01
   1.1866547e+07   4.0649414e+01
   1.1866698e+07   4.1503906e+01
   1.1884260e+07   3.9184570e+01
   1.1885163e+07   4.0893555e+01
   1.1899677e+07   4.1320801e+01
   1.1900060e+07   4.0893555e+01
   1.1922562e+07   4.6325684e+01
   1.1922874e+07   4.0527344e+01
   1.1923362e+07   4.5532227e+01
   1.1946463e+07   4.1625977e+01
   1.1946489e+07   4.2480469e+01
   1.1946602e+07   4.1076660e+01
   1.1946797e+07   4.1809082e+01
   1.1947216e+07   4.2175293e+01
   1.1947509e+07   3.9367676e+01
   1.1960303e+07   4.2846680e+01
   1.1980643e+07   4.2419434e+01
   1.1980851e+07   3.9184570e+01
   1.1981504e+07   3.8879395e+01
