   1.1996000e+07   0.0000000e+00
   1.7572100e+05   3.9550781e+01
   1.7661500e+05   3.6865234e+01
   2.4724100e+05   3.8635254e+01
   2.4726600e+05   3.8024902e+01
   2.4729700e+05   3.6132812e+01
   2.4731700e+05   4.7485352e+01
   2.4735300e+05   4.6203613e+01
   2.4747800e+05   4.5288086e+01
   3.4276000e+05   5.6152344e+01
   3.4286600e+05   3.6926270e+01
   3.4347100e+05   3.5827637e+01
   4.5183500e+05   4.0405273e+01
   5.0917600e+05   3.8085938e+01
   5.0927700e+05   3.5034180e+01
   5.9014400e+05   4.5104980e+01
   5.9034400e+05   3.5339355e+01
   6.6968500e+05   3.9611816e+01
   6.6979300e+05   3.6987305e+01
   7.0984700e+05   3.7475586e+01
   7.0995800e+05   3.8513184e+01
   8.1555000e+05   3.5339355e+01
   8.6669800e+05   4.1503906e+01
   8.6677200e+05   3.6865234e+01
   8.6696400e+05   3.6437988e+01
   8.7023900e+05   3.6010742e+01
   9.4658500e+05   3.9794922e+01
   9.4674600e+05   3.9733887e+01
   9.4715600e+05   3.5156250e+01
   1.0352530e+06   4.4372559e+01
   1.0867510e+06   3.7292480e+01
   1.0868210e+06   3.6804199e+01
   1.2091810e+06   3.8269043e+01
   1.2101720e+06   3.8879395e+01
   1.2594860e+06   4.9499512e+01
   1.2895410e+06   3.7658691e+01
   1.3127870e+06   4.4799805e+01
   1.3128800e+06   3.8269043e+01
   1.3134540e+06   3.9001465e+01
   1.3994500e+06   4.0832520e+01
   1.3996650e+06   4.0893555e+01
   1.4663270e+06   4.2907715e+01
   1.4931950e+06   3.5522461e+01
   1.4933440e+06   3.6315918e+01
   1.5368140e+06   4.1687012e+01
   1.5368870e+06   3.7475586e+01
   1.5370620e+06   4.1259766e+01
   1.6031220e+06   3.5400391e+01
   1.6033750e+06   3.9184570e+01
   1.6313000e+06   3.6437988e+01
   1.6313550e+06   3.6193848e+01
   1.6314000e+06   4.5959473e+01
   1.6314570e+06   3.6193848e+01
   1.7449790e+06   3.5339355e+01
   1.7450580e+06   3.7353516e+01
   1.7627890e+06   3.5461426e+01
   1.8079530e+06   4.3823242e+01
   1.8591310e+06   3.8879395e+01
   1.8593050e+06   4.7119141e+01
   1.9208260e+06   3.9184570e+01
   1.9210320e+06   3.9062500e+01
   1.9833810e+06   3.7292480e+01
   1.9834680e+06   4.1931152e+01
   2.0680620e+06   3.5034180e+01
   2.2475250e+06   3.5705566e+01
   2.2477620e+06   4.0954590e+01
   2.2814870e+06   5.0292969e+01
   2.2815820e+06   3.6376953e+01
   2.2817890e+06   3.6987305e+01
   2.2823020e+06   4.5349121e+01
   2.3158080e+06   3.7902832e+01
   2.3158420e+06   3.5766602e+01
   2.3160930e+06   4.1320801e+01
   2.4492450e+06   3.5217285e+01
   2.4654620e+06   3.8879395e+01
   2.4658310e+06   4.2602539e+01
   2.4698250e+06   3.7658691e+01
   2.6105810e+06   3.5827637e+01
   2.6106710e+06   4.3029785e+01
   2.6106980e+06   3.7963867e+01
   2.6114280e+06   3.7292480e+01
   2.6119520e+06   3.6499023e+01
   2.6123450e+06   3.7475586e+01
   2.6273800e+06   3.6499023e+01
   2.6585260e+06   3.5156250e+01
   2.7095460e+06   3.6010742e+01
   2.7950300e+06   4.2358398e+01
   2.7950550e+06   4.6752930e+01
   2.7950790e+06   4.0771484e+01
   2.8674610e+06   4.1870117e+01
   2.8678670e+06   3.7109375e+01
   2.8679970e+06   5.6396484e+01
   2.8680690e+06   3.8208008e+01
   2.8681020e+06   3.9489746e+01
   2.8681140e+06   3.8024902e+01
   2.8723340e+06   3.5156250e+01
   2.8914850e+06   4.0405273e+01
   2.8915370e+06   3.6499023e+01
   2.8916250e+06   3.9367676e+01
   2.8916380e+06   3.7353516e+01
   2.8916970e+06   3.9123535e+01
   2.8917200e+06   4.1137695e+01
   2.8917560e+06   4.0527344e+01
   2.9231260e+06   4.4738770e+01
   2.9232250e+06   3.7170410e+01
   2.9233000e+06   4.7668457e+01
   2.9233570e+06   3.7658691e+01
   2.9234050e+06   4.0649414e+01
   2.9234150e+06   3.9428711e+01
   2.9238180e+06   3.6010742e+01
   2.9517490e+06   3.5217285e+01
   2.9550210e+06   3.6560059e+01
   2.9551130e+06   3.6560059e+01
   2.9551280e+06   3.6804199e+01
   2.9551650e+06   3.6376953e+01
   2.9551820e+06   3.6621094e+01
   2.9552200e+06   6.2194824e+01
   2.9552780e+06   4.3151855e+01
   2.9642010e+06   3.6071777e+01
   2.9907000e+06   3.5095215e+01
   2.9907170e+06   4.1259766e+01
   2.9907550e+06   3.7475586e+01
   2.9907780e+06   4.5898438e+01
   2.9908060e+06   4.3395996e+01
   2.9908790e+06   4.6997070e+01
   2.9909090e+06   4.2114258e+01
   2.9909650e+06   3.5644531e+01
   2.9909810e+06   3.5217285e+01
   2.9910000e+06   4.4311523e+01
   3.0250550e+06   3.9672852e+01
   3.0251440e+06   5.1513672e+01
   3.0251910e+06   6.7993164e+01
   3.0252420e+06   4.6752930e+01
   3.0252780e+06   4.1503906e+01
   3.0253310e+06   4.1870117e+01
   3.0253510e+06   4.0527344e+01
   3.0516300e+06   4.3823242e+01
   3.0517350e+06   4.8034668e+01
   3.0518610e+06   4.1992188e+01
   3.0519050e+06   5.2978516e+01
   3.0519160e+06   5.0476074e+01
   3.0917320e+06   4.1625977e+01
   3.0917980e+06   4.0344238e+01
   3.0919380e+06   4.6447754e+01
   3.0919910e+06   6.7504883e+01
   3.0920170e+06   4.1870117e+01
   3.0920450e+06   3.8574219e+01
   3.0920720e+06   4.8095703e+01
   3.1467040e+06   4.1809082e+01
   3.1468780e+06   4.6081543e+01
   3.1469030e+06   4.3090820e+01
   3.1469510e+06   5.3588867e+01
   3.1469720e+06   4.2846680e+01
   3.1470190e+06   4.3273926e+01
   3.1471350e+06   4.2236328e+01
   3.2060720e+06   4.6447754e+01
   3.2064420e+06   4.1992188e+01
   3.2065120e+06   4.7729492e+01
   3.2065560e+06   3.8879395e+01
   3.2066040e+06   4.4982910e+01
   3.2066490e+06   4.2968750e+01
   3.2066700e+06   4.1198730e+01
   3.3286780e+06   4.2175293e+01
   3.3778950e+06   3.9001465e+01
   3.3781170e+06   4.0893555e+01
   3.6045400e+06   3.8452148e+01
   4.3794540e+06   4.6447754e+01
   4.3800790e+06   3.9001465e+01
   4.6565020e+06   4.3151855e+01
   4.8506770e+06   4.0466309e+01
   4.8507070e+06   3.9367676e+01
   4.8507290e+06   4.3090820e+01
   4.8507540e+06   3.8391113e+01
   4.8507880e+06   3.9062500e+01
   4.8508210e+06   3.8879395e+01
   4.8508520e+06   4.0893555e+01
   4.8508890e+06   3.9489746e+01
   4.8509790e+06   3.9489746e+01
   6.1146370e+06   4.4128418e+01
   6.2088490e+06   4.9682617e+01
   6.2088780e+06   4.6325684e+01
   6.2088940e+06   4.0405273e+01
   6.2089280e+06   3.9184570e+01
   6.2090160e+06   3.9428711e+01
   7.5737730e+06   3.8879395e+01
   7.5737890e+06   4.0832520e+01
   7.5738230e+06   3.9916992e+01
   7.5738670e+06   4.2053223e+01
   7.6110070e+06   4.0649414e+01
   7.6378680e+06   4.0100098e+01
   7.6382090e+06   4.5654297e+01
   7.6382410e+06   3.9367676e+01
   7.6383810e+06   4.2419434e+01
   7.7370500e+06   4.4860840e+01
   7.7491100e+06   4.0344238e+01
   7.7650500e+06   4.0222168e+01
   7.7938040e+06   3.9794922e+01
   7.8201200e+06   4.7851562e+01
   8.3698480e+06   3.9123535e+01
   9.0272740e+06   4.0222168e+01
   9.0973450e+06   4.5043945e+01
   9.3065090e+06   3.7475586e+01
   9.9388560e+06   3.8330078e+01
   1.0088022e+07   4.7241211e+01
   1.0088053e+07   3.9245605e+01
   1.0088119e+07   3.7414551e+01
   1.0088212e+07   4.7180176e+01
   1.0088223e+07   3.8879395e+01
   1.0088304e+07   4.7180176e+01
   1.0088740e+07   3.9855957e+01
   1.0089107e+07   4.1076660e+01
   1.0290464e+07   3.9794922e+01
   1.0339283e+07   3.7231445e+01
   1.0983876e+07   3.7353516e+01
   1.1090669e+07   3.7353516e+01
