   1.1996000e+07   0.0000000e+00
   5.0185500e+05   1.5136719e+01
   5.0317500e+05   1.5319824e+01
   1.3364960e+06   1.4831543e+01
   1.3366620e+06   1.7639160e+01
   1.3548180e+06   1.5441895e+01
   1.3548720e+06   1.6174316e+01
   1.4882760e+06   1.5441895e+01
   3.1761720e+06   1.4831543e+01
   3.6079280e+06   1.6784668e+01
   3.6079550e+06   2.3864746e+01
   3.6080090e+06   1.5380859e+01
   3.6242900e+06   1.6784668e+01
   3.6243500e+06   1.6296387e+01
   4.2661490e+06   1.5808105e+01
   4.2661880e+06   1.5930176e+01
   4.2662110e+06   1.5625000e+01
   4.2821710e+06   1.5319824e+01
   4.2828570e+06   1.4831543e+01
   4.2920410e+06   2.0080566e+01
   4.2920640e+06   1.6662598e+01
   4.2932440e+06   1.5136719e+01
   4.4661460e+06   1.4892578e+01
   5.0150650e+06   1.5869141e+01
   5.0303030e+06   1.7700195e+01
   5.0303320e+06   1.8127441e+01
   5.0303510e+06   1.6296387e+01
   5.6969280e+06   1.4831543e+01
   5.6978220e+06   1.5808105e+01
   6.4746530e+06   1.6235352e+01
   6.4747140e+06   1.4648438e+01
   6.4893850e+06   1.4648438e+01
   6.4894200e+06   1.4831543e+01
   6.4973070e+06   1.5441895e+01
   6.9006450e+06   1.5014648e+01
   6.9007070e+06   2.0751953e+01
   6.9007700e+06   1.4709473e+01
   6.9167340e+06   1.7150879e+01
   6.9168230e+06   1.5869141e+01
   6.9168560e+06   1.4770508e+01
   7.0364580e+06   1.6052246e+01
   7.1856660e+06   1.6052246e+01
   7.5537400e+06   1.4587402e+01
   8.1061520e+06   1.4770508e+01
   8.1205680e+06   1.6662598e+01
   8.2775350e+06   1.5686035e+01
   8.2775650e+06   1.4526367e+01
   8.3562910e+06   1.4465332e+01
   8.3563470e+06   1.5869141e+01
   8.4172360e+06   1.4465332e+01
   8.4190820e+06   1.4587402e+01
   8.4583030e+06   1.4953613e+01
   8.4724080e+06   1.6052246e+01
   8.4725320e+06   1.5136719e+01
   8.5239500e+06   1.4770508e+01
   8.5747380e+06   1.4648438e+01
   8.5747780e+06   1.7333984e+01
   8.5748370e+06   1.7822266e+01
   8.6344560e+06   1.5502930e+01
   8.6344850e+06   1.6296387e+01
   8.6345240e+06   1.5502930e+01
   8.6356990e+06   1.4526367e+01
   8.6997370e+06   1.6113281e+01
   8.6998130e+06   1.6418457e+01
   8.8269220e+06   1.4770508e+01
   8.8270130e+06   1.5869141e+01
   8.8273590e+06   1.6784668e+01
   8.9083950e+06   1.6296387e+01
   8.9086410e+06   1.5136719e+01
   8.9097890e+06   1.4526367e+01
   8.9637530e+06   1.5258789e+01
   8.9638280e+06   1.4770508e+01
   9.2228610e+06   1.4648438e+01
   9.5842390e+06   1.7150879e+01
   9.5843040e+06   1.4587402e+01
   9.5990960e+06   1.8005371e+01
   9.9575340e+06   1.4648438e+01
   9.9575730e+06   1.5930176e+01
   9.9728200e+06   1.5441895e+01
   1.0634841e+07   1.5502930e+01
   1.0634887e+07   1.5563965e+01
   1.0650186e+07   1.4831543e+01
   1.1004421e+07   1.9287109e+01
   1.1014955e+07   1.7517090e+01
   1.1014971e+07   1.4770508e+01
   1.1217765e+07   1.6967773e+01
   1.1307190e+07   1.6174316e+01
   1.1307298e+07   1.5319824e+01
   1.1307809e+07   1.4587402e+01
   1.1515413e+07   1.4892578e+01
   1.1515504e+07   2.0080566e+01
