   1.1996000e+07   0.0000000e+00
   4.8429600e+05   2.5207520e+01
   4.8432400e+05   2.0263672e+01
   4.8436700e+05   1.6906738e+01
   4.8444300e+05   1.7944336e+01
   4.8582600e+05   1.6357422e+01
   4.9398900e+05   2.4475098e+01
   4.9401200e+05   1.7272949e+01
   4.9406300e+05   1.7883301e+01
   5.0194000e+05   1.6479492e+01
   5.0196100e+05   1.6052246e+01
   5.0201000e+05   1.7272949e+01
   5.0247000e+05   1.6967773e+01
   1.3365700e+06   2.8320312e+01
   1.3365880e+06   1.5808105e+01
   1.3366030e+06   1.9958496e+01
   1.3366510e+06   1.9042969e+01
   1.3367170e+06   1.5930176e+01
   1.3367380e+06   1.8188477e+01
   1.3548410e+06   2.3925781e+01
   1.3549050e+06   1.5991211e+01
   2.2089600e+06   1.7089844e+01
   2.2090260e+06   1.8066406e+01
   2.2090670e+06   1.9592285e+01
   2.2090950e+06   1.8798828e+01
   2.2266300e+06   2.3254395e+01
   2.2266770e+06   1.6784668e+01
   2.2266910e+06   1.6357422e+01
   3.1591390e+06   1.5808105e+01
   3.1591650e+06   2.3620605e+01
   3.1593030e+06   1.8798828e+01
   3.1755960e+06   2.3254395e+01
   3.1758440e+06   1.6784668e+01
   3.6079550e+06   1.5991211e+01
   3.6079680e+06   1.9409180e+01
   3.6079920e+06   1.6174316e+01
   3.6080050e+06   1.7456055e+01
   3.6080880e+06   1.5808105e+01
   3.6243320e+06   2.7526855e+01
   3.6244240e+06   1.6418457e+01
   3.6259670e+06   1.7578125e+01
   4.2661840e+06   2.4169922e+01
   4.2662100e+06   1.8737793e+01
   4.2662500e+06   1.8981934e+01
   4.2679970e+06   1.7089844e+01
   4.2822170e+06   2.6733398e+01
   4.2920640e+06   2.5268555e+01
   4.2925540e+06   1.8127441e+01
   4.2927820e+06   1.5686035e+01
   5.0150540e+06   2.6062012e+01
   5.0150760e+06   2.3132324e+01
   5.0151190e+06   1.6845703e+01
   5.0151830e+06   1.8005371e+01
   5.0303540e+06   2.3925781e+01
   5.0303840e+06   1.5808105e+01
   5.0304070e+06   1.6540527e+01
   5.0324030e+06   1.5991211e+01
   5.6969100e+06   2.1118164e+01
   5.6969470e+06   1.6601563e+01
   5.6969830e+06   1.8371582e+01
   5.7118560e+06   2.4047852e+01
   5.7118770e+06   1.6296387e+01
   5.7119310e+06   1.5747070e+01
   6.0378420e+06   1.5930176e+01
   6.4746640e+06   1.7395020e+01
   6.4747520e+06   1.8249512e+01
   6.4747800e+06   1.9775391e+01
   6.4893480e+06   1.6235352e+01
   6.4893840e+06   2.3925781e+01
   6.4894440e+06   2.1545410e+01
   6.4973410e+06   2.1789551e+01
   6.4973810e+06   1.6601562e+01
   6.4986200e+06   1.5625000e+01
   6.9006890e+06   2.8808594e+01
   6.9167490e+06   3.3264160e+01
   6.9167790e+06   1.7333984e+01
   6.9168050e+06   1.7150879e+01
   6.9181290e+06   1.6418457e+01
   7.0364780e+06   2.1423340e+01
   7.0365220e+06   1.9836426e+01
   7.0365990e+06   1.6113281e+01
   7.0381050e+06   1.6235352e+01
   7.1857040e+06   2.4963379e+01
   7.1858670e+06   1.7761230e+01
   8.1061910e+06   2.7282715e+01
   8.1062150e+06   1.6479492e+01
   8.1062350e+06   1.8371582e+01
   8.1075930e+06   1.5869141e+01
   8.1205520e+06   2.1728516e+01
   8.2775950e+06   1.5686035e+01
   8.2776620e+06   2.1728516e+01
   8.2777230e+06   1.5686035e+01
   8.2777340e+06   1.6601562e+01
   8.3562770e+06   2.8747559e+01
   8.3563150e+06   1.6662598e+01
   8.3563890e+06   1.6845703e+01
   8.4172370e+06   1.5991211e+01
   8.4172650e+06   2.3193359e+01
   8.4172920e+06   1.9226074e+01
   8.4173280e+06   2.4841309e+01
   8.4174130e+06   1.7944336e+01
   8.4180490e+06   1.5625000e+01
   8.4185870e+06   1.7639160e+01
   8.4724020e+06   3.6315918e+01
   8.4724380e+06   1.7700195e+01
   8.4726560e+06   1.6235352e+01
   8.5186850e+06   1.7456055e+01
   8.5187520e+06   1.6906738e+01
   8.5188910e+06   1.5625000e+01
   8.5747740e+06   1.5991211e+01
   8.5747880e+06   2.1484375e+01
   8.5748390e+06   1.5991211e+01
   8.5749210e+06   1.5686035e+01
   8.6344990e+06   2.3315430e+01
   8.6345600e+06   2.1606445e+01
   8.6345780e+06   2.0080566e+01
   8.6358800e+06   1.6357422e+01
   8.6997800e+06   2.4230957e+01
   8.6998560e+06   1.8493652e+01
   8.7646900e+06   1.7517090e+01
   8.7647530e+06   2.0874023e+01
   8.7647790e+06   1.7944336e+01
   8.7648240e+06   1.6418457e+01
   8.7658780e+06   1.6052246e+01
   8.8269010e+06   1.9287109e+01
   8.8269400e+06   1.8798828e+01
   8.8269640e+06   2.3742676e+01
   8.8270370e+06   1.8920898e+01
   8.8273590e+06   1.5808105e+01
   8.9084590e+06   2.2216797e+01
   8.9085080e+06   2.0385742e+01
   8.9085390e+06   1.6113281e+01
   8.9086220e+06   1.6296387e+01
   8.9097510e+06   1.5930176e+01
   8.9632360e+06   1.7395020e+01
   8.9637860e+06   3.0029297e+01
   8.9638200e+06   1.5686035e+01
   8.9638430e+06   1.6479492e+01
   8.9638700e+06   1.7211914e+01
   8.9648210e+06   1.6174316e+01
   9.5841560e+06   2.4902344e+01
   9.5842320e+06   2.3193359e+01
   9.5842770e+06   1.7822266e+01
   9.5843170e+06   1.6845703e+01
   9.5990180e+06   1.7089844e+01
   9.5990630e+06   2.0446777e+01
   9.5990920e+06   1.5930176e+01
   9.5999260e+06   1.7578125e+01
   9.9575200e+06   1.7089844e+01
   9.9576050e+06   2.1057129e+01
   9.9576420e+06   1.5930176e+01
   9.9576820e+06   1.7822266e+01
   9.9577140e+06   1.6723633e+01
   9.9577490e+06   1.6357422e+01
   9.9577770e+06   1.6296387e+01
   9.9727270e+06   2.3986816e+01
   9.9727820e+06   1.8920898e+01
   9.9728430e+06   1.6479492e+01
   9.9747570e+06   1.6113281e+01
   1.0634714e+07   1.8127441e+01
   1.0634845e+07   2.1789551e+01
   1.0634872e+07   1.6662598e+01
   1.0634918e+07   1.8005371e+01
   1.0634944e+07   1.9409180e+01
   1.0635064e+07   1.8005371e+01
   1.0650229e+07   1.9226074e+01
   1.0650259e+07   2.1911621e+01
   1.0650680e+07   1.6540527e+01
   1.0652197e+07   1.5808105e+01
   1.1004442e+07   2.7893066e+01
   1.1004467e+07   2.2338867e+01
   1.1004497e+07   1.8188477e+01
   1.1004519e+07   1.5808105e+01
   1.1004630e+07   1.9531250e+01
   1.1004864e+07   1.6540527e+01
   1.1014980e+07   2.5695801e+01
   1.1015041e+07   1.9897461e+01
   1.1217706e+07   2.8442383e+01
   1.1218115e+07   1.7089844e+01
   1.1219198e+07   1.6052246e+01
   1.1307189e+07   2.0019531e+01
   1.1307235e+07   2.3803711e+01
   1.1307252e+07   2.0629883e+01
   1.1307293e+07   1.8005371e+01
   1.1308123e+07   1.8310547e+01
   1.1308559e+07   1.6418457e+01
   1.1409765e+07   2.1240234e+01
   1.1409803e+07   1.5747070e+01
   1.1409830e+07   2.0141602e+01
   1.1411023e+07   1.6113281e+01
   1.1515441e+07   1.9653320e+01
   1.1515456e+07   1.5869141e+01
   1.1515501e+07   1.6723633e+01
   1.1515513e+07   1.7028809e+01
   1.1515545e+07   1.8005371e+01
