   1.1996000e+07   0.0000000e+00
   6.9088000e+04   1.5625000e+01
   3.8889400e+05   1.5319824e+01
   4.8413200e+05   1.9226074e+01
   4.8414200e+05   2.5939941e+01
   4.8423900e+05   1.5563965e+01
   4.8425100e+05   1.5991211e+01
   4.8426700e+05   1.7700195e+01
   4.8428500e+05   1.7822266e+01
   4.8431300e+05   2.2277832e+01
   4.8434300e+05   1.5930176e+01
   4.8435700e+05   2.2216797e+01
   4.8440100e+05   2.1972656e+01
   4.8443000e+05   1.7761230e+01
   4.8457100e+05   1.7761230e+01
   4.8469100e+05   1.6845703e+01
   4.9388700e+05   1.5625000e+01
   4.9390800e+05   1.7028809e+01
   4.9392500e+05   1.6479492e+01
   4.9396500e+05   3.5522461e+01
   4.9398100e+05   1.6418457e+01
   4.9402800e+05   1.5747070e+01
   4.9405800e+05   2.2277832e+01
   4.9409300e+05   1.5869141e+01
   4.9412000e+05   1.8066406e+01
   4.9418000e+05   1.8249512e+01
   4.9423500e+05   1.6540527e+01
   4.9448900e+05   1.7944336e+01
   4.9459100e+05   1.6967773e+01
   4.9491700e+05   1.5869141e+01
   4.9585300e+05   1.6418457e+01
   5.0185100e+05   1.5930176e+01
   5.0190400e+05   1.5747070e+01
   5.0192900e+05   3.0700684e+01
   5.0197200e+05   2.0080566e+01
   5.0200700e+05   1.7089844e+01
   5.0211300e+05   1.6357422e+01
   5.0310900e+05   1.5625000e+01
   1.3363370e+06   2.2033691e+01
   1.3365710e+06   2.9907227e+01
   1.3366010e+06   2.5329590e+01
   1.3366220e+06   3.0517578e+01
   1.3366400e+06   3.2043457e+01
   1.3366950e+06   2.8076172e+01
   1.3367220e+06   1.8554688e+01
   1.3367530e+06   2.2705078e+01
   1.3369340e+06   1.6418457e+01
   1.3471000e+06   1.5441895e+01
   1.3476060e+06   1.5319824e+01
   1.3547910e+06   2.0996094e+01
   1.3548230e+06   1.8615723e+01
   1.3548430e+06   2.8869629e+01
   1.3548690e+06   2.2338867e+01
   1.3549100e+06   1.7395020e+01
   1.3549300e+06   1.7089844e+01
   1.3556340e+06   1.8493652e+01
   1.3564110e+06   2.0751953e+01
   2.2030590e+06   1.5808105e+01
   2.2089000e+06   2.5573730e+01
   2.2089310e+06   1.5441895e+01
   2.2089990e+06   1.8798828e+01
   2.2090300e+06   2.6733398e+01
   2.2090510e+06   2.2399902e+01
   2.2090930e+06   1.6967773e+01
   2.2091340e+06   1.6662598e+01
   2.2092610e+06   1.6052246e+01
   2.2201510e+06   1.7822266e+01
   2.2264600e+06   1.5625000e+01
   2.2266180e+06   3.1250000e+01
   2.2266370e+06   1.9775391e+01
   2.2266840e+06   2.1667480e+01
   2.2268240e+06   1.7272949e+01
   2.2275670e+06   1.5747070e+01
   3.1590450e+06   1.5380859e+01
   3.1590740e+06   2.1545410e+01
   3.1591280e+06   1.5441895e+01
   3.1591650e+06   1.8554688e+01
   3.1591880e+06   3.1372070e+01
   3.1592030e+06   1.9165039e+01
   3.1592480e+06   1.6723633e+01
   3.1592860e+06   1.6418457e+01
   3.1593180e+06   1.8554688e+01
   3.1595440e+06   1.6052246e+01
   3.1596960e+06   1.7333984e+01
   3.1598530e+06   1.6296387e+01
   3.1755070e+06   1.7578125e+01
   3.1755210e+06   1.8920898e+01
   3.1755780e+06   2.0263672e+01
   3.1755890e+06   1.9348145e+01
   3.1756190e+06   2.3559570e+01
   3.1756480e+06   1.5380859e+01
   3.1756860e+06   2.0263672e+01
   3.1757440e+06   1.6357422e+01
   3.1758380e+06   1.6052246e+01
   3.1760720e+06   1.6479492e+01
   3.1761710e+06   1.5869141e+01
   3.1764420e+06   1.7822266e+01
   3.1766100e+06   1.5747070e+01
   3.1770950e+06   1.5441895e+01
   3.6079590e+06   1.7150879e+01
   3.6079790e+06   3.3752441e+01
   3.6079980e+06   3.5583496e+01
   3.6080210e+06   1.5808105e+01
   3.6080500e+06   1.6723633e+01
   3.6080600e+06   1.8188477e+01
   3.6080820e+06   1.6723633e+01
   3.6080940e+06   1.5991211e+01
   3.6081430e+06   2.0874023e+01
   3.6083450e+06   1.7700195e+01
   3.6086110e+06   1.5686035e+01
   3.6088470e+06   1.5869141e+01
   3.6242220e+06   2.3315430e+01
   3.6242330e+06   1.5747070e+01
   3.6242930e+06   1.5502930e+01
   3.6243210e+06   3.0456543e+01
   3.6243520e+06   1.6662598e+01
   3.6243760e+06   2.0935059e+01
   3.6246620e+06   1.6784668e+01
   3.6247360e+06   1.8554688e+01
   3.6250030e+06   1.6540527e+01
   3.8601180e+06   1.5869141e+01
   4.2661690e+06   1.5319824e+01
   4.2661840e+06   1.9531250e+01
   4.2661960e+06   1.8005371e+01
   4.2662190e+06   2.3315430e+01
   4.2662290e+06   2.3315430e+01
   4.2662950e+06   2.7648926e+01
   4.2663290e+06   1.8920898e+01
   4.2663660e+06   1.5502930e+01
   4.2664820e+06   1.7395020e+01
   4.2666160e+06   1.6418457e+01
   4.2667570e+06   1.6906738e+01
   4.2677170e+06   1.5991211e+01
   4.2767730e+06   1.6479492e+01
   4.2821140e+06   2.1545410e+01
   4.2821510e+06   1.7028809e+01
   4.2821720e+06   1.5319824e+01
   4.2822130e+06   2.2521973e+01
   4.2822250e+06   2.1484375e+01
   4.2822440e+06   2.6672363e+01
   4.2822880e+06   1.6601562e+01
   4.2823410e+06   1.6113281e+01
   4.2827370e+06   1.6052246e+01
   4.2919950e+06   1.9531250e+01
   4.2920440e+06   1.5502930e+01
   4.2921440e+06   2.1667480e+01
   4.2922010e+06   1.7883301e+01
   4.2929940e+06   1.6540527e+01
   4.6109590e+06   1.5686035e+01
   4.8966070e+06   1.5441895e+01
   5.0146100e+06   1.5380859e+01
   5.0149260e+06   2.0935059e+01
   5.0150060e+06   2.1667480e+01
   5.0150190e+06   2.5024414e+01
   5.0150400e+06   2.5268555e+01
   5.0150680e+06   2.2216797e+01
   5.0150970e+06   1.8615723e+01
   5.0151250e+06   2.9418945e+01
   5.0151430e+06   1.7822266e+01
   5.0153190e+06   1.5319824e+01
   5.0154170e+06   1.5991211e+01
   5.0156840e+06   1.7028809e+01
   5.0246860e+06   1.5502930e+01
   5.0258170e+06   1.5502930e+01
   5.0302240e+06   2.1301270e+01
   5.0303050e+06   1.7456055e+01
   5.0303320e+06   1.9348145e+01
   5.0303430e+06   2.3986816e+01
   5.0303560e+06   1.8981934e+01
   5.0303730e+06   1.5319824e+01
   5.0308100e+06   1.6296387e+01
   5.0309540e+06   1.5808105e+01
   5.4097160e+06   1.8493652e+01
   5.6967300e+06   2.0019531e+01
   5.6968560e+06   1.5808105e+01
   5.6968690e+06   3.2104492e+01
   5.6969110e+06   2.5146484e+01
   5.6969300e+06   2.0385742e+01
   5.6969410e+06   2.0019531e+01
   5.6969550e+06   1.8066406e+01
   5.6970040e+06   1.9409180e+01
   5.6970190e+06   1.5563965e+01
   5.6970310e+06   1.8981934e+01
   5.6971210e+06   1.9653320e+01
   5.6971440e+06   1.6601562e+01
   5.6971720e+06   1.6174316e+01
   5.6973040e+06   1.6113281e+01
   5.6973390e+06   1.6540527e+01
   5.6974320e+06   1.8310547e+01
   5.7117820e+06   1.6906738e+01
   5.7118320e+06   1.8859863e+01
   5.7118500e+06   1.6906738e+01
   5.7118630e+06   1.6296387e+01
   5.7118880e+06   1.8554688e+01
   5.7119110e+06   2.1118164e+01
   5.7119460e+06   1.6052246e+01
   5.7123300e+06   1.5869141e+01
   5.7125730e+06   1.8066406e+01
   5.7129520e+06   1.5380859e+01
   5.7131970e+06   1.6723633e+01
   5.7133630e+06   1.5686035e+01
   6.0379880e+06   1.6784668e+01
   6.1344100e+06   1.6296387e+01
   6.4321930e+06   1.5808105e+01
   6.4745870e+06   1.8005371e+01
   6.4746180e+06   1.5991211e+01
   6.4746450e+06   1.5808105e+01
   6.4746860e+06   2.1057129e+01
   6.4747120e+06   2.5085449e+01
   6.4747290e+06   2.2644043e+01
   6.4747520e+06   1.8920898e+01
   6.4747710e+06   1.7211914e+01
   6.4747890e+06   2.1484375e+01
   6.4748250e+06   1.7150879e+01
   6.4751060e+06   1.6540527e+01
   6.4892990e+06   2.3071289e+01
   6.4893590e+06   1.6784668e+01
   6.4894030e+06   2.4658203e+01
   6.4894340e+06   1.9348145e+01
   6.4894640e+06   1.7456055e+01
   6.4894900e+06   1.9104004e+01
   6.4895370e+06   1.7272949e+01
   6.4901450e+06   1.5991211e+01
   6.4911250e+06   1.5686035e+01
   6.4972060e+06   1.8859863e+01
   6.4972870e+06   1.8005371e+01
   6.4973280e+06   3.1555176e+01
   6.4973380e+06   2.6000977e+01
   6.4973520e+06   1.5991211e+01
   6.4973650e+06   2.8869629e+01
   6.4973960e+06   1.9287109e+01
   6.4978970e+06   2.1362305e+01
   6.9005930e+06   1.7333984e+01
   6.9006300e+06   1.7028809e+01
   6.9006880e+06   2.2399902e+01
   6.9007060e+06   2.4841309e+01
   6.9007300e+06   1.7089844e+01
   6.9007670e+06   2.2705078e+01
   6.9007900e+06   2.4291992e+01
   6.9008010e+06   1.7578125e+01
   6.9008750e+06   1.8676758e+01
   6.9106590e+06   1.7944336e+01
   6.9166440e+06   2.0324707e+01
   6.9167100e+06   1.9348145e+01
   6.9167540e+06   2.5512695e+01
   6.9167740e+06   2.2705078e+01
   6.9168780e+06   1.7089844e+01
   6.9174360e+06   1.5563965e+01
   6.9176860e+06   1.5930176e+01
   6.9178920e+06   1.7028809e+01
   6.9181340e+06   1.7211914e+01
   7.0362200e+06   1.8188477e+01
   7.0363230e+06   1.5563965e+01
   7.0363670e+06   2.2705078e+01
   7.0363900e+06   1.6967773e+01
   7.0364330e+06   1.5991211e+01
   7.0364510e+06   2.1667480e+01
   7.0364720e+06   2.0751953e+01
   7.0364950e+06   2.6245117e+01
   7.0365140e+06   2.2583008e+01
   7.0365510e+06   2.4902344e+01
   7.0366040e+06   1.6967773e+01
   7.1852090e+06   1.6296387e+01
   7.1855130e+06   1.5808105e+01
   7.1856100e+06   2.7343750e+01
   7.1856770e+06   2.0324707e+01
   7.1857230e+06   1.9042969e+01
   7.1857400e+06   2.6916504e+01
   7.1857520e+06   1.7944336e+01
   7.1858300e+06   2.0568848e+01
   7.1860010e+06   1.5563965e+01
   7.1861230e+06   1.6662598e+01
   7.1867570e+06   1.6296387e+01
   8.1061290e+06   2.0629883e+01
   8.1061690e+06   1.9470215e+01
   8.1062070e+06   3.3996582e+01
   8.1062200e+06   2.6123047e+01
   8.1062350e+06   2.1057129e+01
   8.1063020e+06   1.8859863e+01
   8.1063260e+06   1.6784668e+01
   8.1064110e+06   1.5686035e+01
   8.1068470e+06   1.6784668e+01
   8.1204150e+06   1.6784668e+01
   8.1205140e+06   1.7578125e+01
   8.1205480e+06   1.5502930e+01
   8.1205660e+06   2.3010254e+01
   8.1205860e+06   2.4047852e+01
   8.1206330e+06   1.8615723e+01
   8.1206640e+06   1.7578125e+01
   8.1208810e+06   1.9042969e+01
   8.1209960e+06   1.6967773e+01
   8.1212470e+06   1.9775391e+01
   8.1215990e+06   1.7150879e+01
   8.2774990e+06   2.4230957e+01
   8.2775930e+06   1.6052246e+01
   8.2776120e+06   1.8798828e+01
   8.2776330e+06   1.9104004e+01
   8.2776760e+06   1.8371582e+01
   8.2776970e+06   2.1301270e+01
   8.2777370e+06   1.5625000e+01
   8.2779120e+06   1.6235352e+01
   8.2785230e+06   1.6723633e+01
   8.3560240e+06   1.8859863e+01
   8.3561530e+06   1.6235352e+01
   8.3561680e+06   1.9226074e+01
   8.3562530e+06   1.6296387e+01
   8.3562630e+06   2.0141602e+01
   8.3562820e+06   1.9775391e+01
   8.3563020e+06   2.5939941e+01
   8.3563280e+06   2.1423340e+01
   8.3563520e+06   1.8493652e+01
   8.3563910e+06   1.9287109e+01
   8.4171390e+06   1.5930176e+01
   8.4171980e+06   2.4291992e+01
   8.4172330e+06   1.6357422e+01
   8.4172590e+06   1.8981934e+01
   8.4172810e+06   1.9958496e+01
   8.4172940e+06   2.8381348e+01
   8.4173440e+06   1.8615723e+01
   8.4174830e+06   2.0568848e+01
   8.4182680e+06   1.6723633e+01
   8.4721060e+06   1.8005371e+01
   8.4723810e+06   2.1545410e+01
   8.4724110e+06   2.1789551e+01
   8.4724220e+06   3.2531738e+01
   8.4724570e+06   1.8127441e+01
   8.4724740e+06   1.8310547e+01
   8.4725700e+06   1.6479492e+01
   8.4726190e+06   1.5930176e+01
   8.4726830e+06   1.7089844e+01
   8.4727020e+06   1.5869141e+01
   8.4727920e+06   1.5686035e+01
   8.4738740e+06   1.6418457e+01
   8.5184940e+06   1.8493652e+01
   8.5185330e+06   2.0141602e+01
   8.5187290e+06   2.5451660e+01
   8.5187590e+06   2.4902344e+01
   8.5187700e+06   3.0700684e+01
   8.5187900e+06   1.7944336e+01
   8.5188170e+06   2.1057129e+01
   8.5188450e+06   1.5563965e+01
   8.5188790e+06   2.6000977e+01
   8.5189680e+06   1.5808105e+01
   8.5190110e+06   1.5869141e+01
   8.5197400e+06   1.6601562e+01
   8.5746080e+06   1.9287109e+01
   8.5747730e+06   1.9104004e+01
   8.5747870e+06   3.4912109e+01
   8.5748000e+06   1.9226074e+01
   8.5748280e+06   2.2583008e+01
   8.5748450e+06   1.6662598e+01
   8.5748830e+06   1.6052246e+01
   8.5749300e+06   2.1850586e+01
   8.5749700e+06   1.8676758e+01
   8.5750530e+06   1.8005371e+01
   8.5752650e+06   2.1240234e+01
   8.5755300e+06   1.7211914e+01
   8.6342880e+06   1.7578125e+01
   8.6344880e+06   2.5268555e+01
   8.6345000e+06   1.5991211e+01
   8.6345310e+06   2.3498535e+01
   8.6345550e+06   1.7822266e+01
   8.6345800e+06   2.3742676e+01
   8.6346090e+06   1.9409180e+01
   8.6346450e+06   1.8127441e+01
   8.6347640e+06   1.5502930e+01
   8.6997740e+06   2.3193359e+01
   8.6998010e+06   1.7211914e+01
   8.6998110e+06   3.3020020e+01
   8.6998380e+06   2.4169922e+01
   8.6999000e+06   1.8676758e+01
   8.7000420e+06   1.7456055e+01
   8.7643790e+06   1.6174316e+01
   8.7646150e+06   1.9165039e+01
   8.7646930e+06   1.5686035e+01
   8.7647030e+06   2.1606445e+01
   8.7647230e+06   2.7343750e+01
   8.7647690e+06   1.7028809e+01
   8.7648830e+06   1.6479492e+01
   8.7650950e+06   1.8676758e+01
   8.8267890e+06   1.8371582e+01
   8.8268420e+06   1.9287109e+01
   8.8268900e+06   1.8676758e+01
   8.8269180e+06   2.5756836e+01
   8.8269540e+06   2.0446777e+01
   8.8270650e+06   1.6296387e+01
   8.8270960e+06   1.6235352e+01
   8.8271660e+06   1.8920898e+01
   8.8273150e+06   1.8005371e+01
   8.9084380e+06   1.8188477e+01
   8.9084620e+06   1.6113281e+01
   8.9084810e+06   2.1728516e+01
   8.9085000e+06   2.5146484e+01
   8.9085170e+06   1.6418457e+01
   8.9085280e+06   2.1911621e+01
   8.9086290e+06   1.6906738e+01
   8.9086450e+06   1.9897461e+01
   8.9087360e+06   1.9226074e+01
   8.9089170e+06   1.8554688e+01
   8.9090280e+06   1.5991211e+01
   8.9633820e+06   1.8249512e+01
   8.9637360e+06   3.2714844e+01
   8.9638000e+06   2.3254395e+01
   8.9638100e+06   1.7211914e+01
   8.9638330e+06   3.5095215e+01
   8.9638690e+06   1.6845703e+01
   8.9639010e+06   2.6489258e+01
   8.9639400e+06   1.7333984e+01
   8.9639830e+06   1.8432617e+01
   9.3741700e+06   1.5686035e+01
   9.4745570e+06   1.6479492e+01
   9.5839940e+06   2.1484375e+01
   9.5840210e+06   1.6906738e+01
   9.5841050e+06   1.5808105e+01
   9.5841400e+06   1.9042969e+01
   9.5841590e+06   1.9165039e+01
   9.5841910e+06   3.5339355e+01
   9.5842010e+06   1.6418457e+01
   9.5842510e+06   2.4047852e+01
   9.5989450e+06   2.0996094e+01
   9.5990170e+06   1.6906738e+01
   9.5990390e+06   2.0446777e+01
   9.5990540e+06   1.6357422e+01
   9.5990660e+06   2.2521973e+01
   9.5990810e+06   1.9592285e+01
   9.5991180e+06   2.5634766e+01
   9.5991450e+06   1.9775391e+01
   9.5992110e+06   1.6540527e+01
   9.5993430e+06   1.8676758e+01
   9.5994610e+06   1.5808105e+01
   9.5996940e+06   1.6540527e+01
   9.9574320e+06   1.7456055e+01
   9.9575600e+06   2.2460938e+01
   9.9576010e+06   1.5930176e+01
   9.9576220e+06   1.5930176e+01
   9.9576380e+06   2.1240234e+01
   9.9576560e+06   1.6479492e+01
   9.9577010e+06   2.0202637e+01
   9.9577850e+06   2.1545410e+01
   9.9578110e+06   1.8005371e+01
   9.9726230e+06   1.5991211e+01
   9.9726430e+06   1.6418457e+01
   9.9726800e+06   1.8249512e+01
   9.9727090e+06   3.2531738e+01
   9.9727290e+06   2.2399902e+01
   9.9727730e+06   1.9836426e+01
   9.9728280e+06   1.9165039e+01
   9.9728610e+06   1.5869141e+01
   9.9729330e+06   1.5869141e+01
   9.9731750e+06   2.1118164e+01
   9.9735120e+06   1.6174316e+01
   1.0634682e+07   2.3559570e+01
   1.0634778e+07   1.9165039e+01
   1.0634789e+07   2.7282715e+01
   1.0634815e+07   2.3376465e+01
   1.0634834e+07   1.7272949e+01
   1.0634849e+07   1.5747070e+01
   1.0634896e+07   1.7822266e+01
   1.0634921e+07   1.9775391e+01
   1.0634941e+07   1.7028809e+01
   1.0635018e+07   1.6174316e+01
   1.0635091e+07   1.5808105e+01
   1.0635188e+07   1.6723633e+01
   1.0650082e+07   1.9836426e+01
   1.0650214e+07   2.0080566e+01
   1.0650244e+07   1.8615723e+01
   1.0650279e+07   1.6052246e+01
   1.0650303e+07   1.6235352e+01
   1.0650479e+07   1.6357422e+01
   1.0650717e+07   1.7089844e+01
   1.0650865e+07   1.6662598e+01
   1.0651563e+07   1.8127441e+01
   1.1004333e+07   2.1850586e+01
   1.1004410e+07   1.5747070e+01
   1.1004441e+07   1.5747070e+01
   1.1004452e+07   3.1860352e+01
   1.1004530e+07   1.5869141e+01
   1.1004572e+07   2.0568848e+01
   1.1005161e+07   1.6113281e+01
   1.1014866e+07   1.7089844e+01
   1.1014972e+07   1.5686035e+01
   1.1014982e+07   1.8493652e+01
   1.1014999e+07   2.4658203e+01
   1.1015019e+07   1.6723633e+01
   1.1015043e+07   2.0751953e+01
   1.1015069e+07   1.7456055e+01
   1.1015136e+07   1.6235352e+01
   1.1015230e+07   1.7578125e+01
   1.1015388e+07   2.3376465e+01
   1.1015524e+07   1.5869141e+01
   1.1015635e+07   1.5808105e+01
   1.1043665e+07   1.6113281e+01
   1.1217568e+07   1.9836426e+01
   1.1217581e+07   1.6906738e+01
   1.1217617e+07   2.0935059e+01
   1.1217686e+07   1.7639160e+01
   1.1217722e+07   2.2521973e+01
   1.1217734e+07   2.7893066e+01
   1.1217793e+07   1.6845703e+01
   1.1217814e+07   2.7221680e+01
   1.1217913e+07   1.5808105e+01
   1.1218028e+07   1.6113281e+01
   1.1218344e+07   1.7517090e+01
   1.1307106e+07   2.5329590e+01
   1.1307157e+07   1.6906738e+01
   1.1307169e+07   1.6906738e+01
   1.1307219e+07   1.6418457e+01
   1.1307242e+07   2.4902344e+01
   1.1307255e+07   2.3681641e+01
   1.1307294e+07   2.1057129e+01
   1.1307343e+07   1.6479492e+01
   1.1307391e+07   1.6052246e+01
   1.1409703e+07   1.7028809e+01
   1.1409749e+07   1.8615723e+01
   1.1409762e+07   2.4597168e+01
   1.1409797e+07   3.3874512e+01
   1.1409820e+07   2.3742676e+01
   1.1409847e+07   1.6540527e+01
   1.1409857e+07   1.9897461e+01
   1.1409953e+07   1.8371582e+01
   1.1409975e+07   1.7944336e+01
   1.1410024e+07   1.5747070e+01
   1.1410059e+07   1.7089844e+01
   1.1515088e+07   1.5869141e+01
   1.1515335e+07   1.5991211e+01
   1.1515368e+07   1.6540527e+01
   1.1515388e+07   1.8920898e+01
   1.1515429e+07   1.9287109e+01
   1.1515444e+07   1.7822266e+01
   1.1515457e+07   1.9287109e+01
   1.1515487e+07   1.6845703e+01
   1.1515507e+07   1.7395020e+01
   1.1515543e+07   1.5930176e+01
   1.1515679e+07   1.6662598e+01
   1.1515983e+07   1.9348145e+01
