   1.1996000e+07   0.0000000e+00
   4.1685300e+05   2.0996094e+01
   4.8415900e+05   5.6518555e+01
   4.8418800e+05   1.7639160e+01
   4.8422000e+05   1.8066406e+01
   4.8426300e+05   5.5114746e+01
   4.8428700e+05   2.0812988e+01
   4.8430300e+05   2.8808594e+01
   4.8433500e+05   5.1086426e+01
   4.8435000e+05   1.9897461e+01
   4.8436400e+05   1.8554688e+01
   4.8440200e+05   4.4799805e+01
   4.8441300e+05   1.7456055e+01
   4.8445400e+05   1.8798828e+01
   4.8447400e+05   3.7475586e+01
   4.8456100e+05   4.7363281e+01
   4.8462400e+05   1.8066406e+01
   4.8466500e+05   3.5583496e+01
   4.8475400e+05   1.7883301e+01
   4.8477300e+05   3.7841797e+01
   4.8479800e+05   1.7517090e+01
   4.8488500e+05   4.4677734e+01
   4.8496700e+05   1.7150879e+01
   4.8501200e+05   4.3212891e+01
   4.8508400e+05   1.9470215e+01
   4.8514700e+05   3.8696289e+01
   4.8518600e+05   1.7578125e+01
   4.8529400e+05   1.7761230e+01
   4.8532600e+05   1.9714355e+01
   4.8542700e+05   1.8859863e+01
   4.8558000e+05   1.8127441e+01
   4.8560500e+05   4.0832520e+01
   4.8562800e+05   1.9042969e+01
   4.8573400e+05   1.7089844e+01
   4.8579400e+05   1.9775391e+01
   4.8585400e+05   4.7058105e+01
   4.9383200e+05   4.8034668e+01
   4.9387200e+05   1.9958496e+01
   4.9395400e+05   5.6518555e+01
   4.9396700e+05   2.0751953e+01
   4.9400000e+05   2.2033691e+01
   4.9403400e+05   4.5471191e+01
   4.9405000e+05   1.8310547e+01
   4.9411300e+05   3.8757324e+01
   4.9413400e+05   1.7761230e+01
   4.9415200e+05   1.7761230e+01
   4.9418600e+05   3.7048340e+01
   4.9430100e+05   3.9367676e+01
   4.9433700e+05   2.0263672e+01
   4.9444000e+05   2.0568848e+01
   4.9447400e+05   3.8208008e+01
   4.9453900e+05   2.0385742e+01
   4.9460600e+05   5.0659180e+01
   4.9468500e+05   1.7211914e+01
   4.9476200e+05   4.4311523e+01
   4.9486000e+05   1.9104004e+01
   4.9488100e+05   1.8554688e+01
   4.9491300e+05   1.9775391e+01
   4.9492800e+05   4.5288086e+01
   4.9505700e+05   1.9531250e+01
   4.9511300e+05   3.5217285e+01
   4.9528200e+05   2.0019531e+01
   4.9530000e+05   4.3212891e+01
   4.9551300e+05   4.2236328e+01
   4.9566900e+05   2.0019531e+01
   4.9586700e+05   5.8288574e+01
   4.9589300e+05   2.4658203e+01
   4.9630700e+05   4.0954590e+01
   5.0169900e+05   3.9123535e+01
   5.0174700e+05   1.7578125e+01
   5.0192300e+05   3.8452148e+01
   5.0194700e+05   2.1362305e+01
   5.0195800e+05   4.1870117e+01
   5.0199500e+05   1.9104004e+01
   5.0201400e+05   3.4301758e+01
   5.0204500e+05   2.3132324e+01
   5.0212300e+05   3.5522461e+01
   5.0214300e+05   2.0690918e+01
   5.0232300e+05   3.8940430e+01
   5.0234000e+05   1.9104004e+01
   5.0238000e+05   2.1301270e+01
   5.0249800e+05   3.7536621e+01
   5.0251300e+05   2.2399902e+01
   5.0267200e+05   3.8452148e+01
   5.0274800e+05   2.4108887e+01
   5.0290000e+05   1.8676758e+01
   5.0291800e+05   2.1789551e+01
   5.0295000e+05   5.1086426e+01
   5.0307900e+05   1.9714355e+01
   5.0321500e+05   4.8278809e+01
   5.0355400e+05   4.6936035e+01
   5.0401500e+05   4.3457031e+01
   5.0416900e+05   1.9714355e+01
   1.3361510e+06   1.9653320e+01
   1.3362720e+06   1.9592285e+01
   1.3363750e+06   5.0903320e+01
   1.3364380e+06   1.8066406e+01
   1.3364710e+06   2.3376465e+01
   1.3364910e+06   2.3986816e+01
   1.3365090e+06   5.0659180e+01
   1.3365410e+06   1.8798828e+01
   1.3365710e+06   2.6733398e+01
   1.3365920e+06   4.5288086e+01
   1.3366220e+06   2.5939941e+01
   1.3366550e+06   2.5207520e+01
   1.3366680e+06   5.0537109e+01
   1.3367100e+06   2.1118164e+01
   1.3367640e+06   2.0568848e+01
   1.3368140e+06   1.7700195e+01
   1.3368430e+06   3.5766602e+01
   1.3369050e+06   1.8310547e+01
   1.3369660e+06   3.5095215e+01
   1.3370490e+06   1.8371582e+01
   1.3370680e+06   3.2104492e+01
   1.3371350e+06   1.8127441e+01
   1.3371830e+06   3.5644531e+01
   1.3372320e+06   1.8066406e+01
   1.3373150e+06   3.6926270e+01
   1.3373260e+06   1.7700195e+01
   1.3374570e+06   4.8034668e+01
   1.3374790e+06   1.7517090e+01
   1.3375880e+06   3.6071777e+01
   1.3377820e+06   4.4189453e+01
   1.3379320e+06   1.9165039e+01
   1.3379830e+06   3.4057617e+01
   1.3382450e+06   1.7333984e+01
   1.3382560e+06   4.0344238e+01
   1.3385570e+06   1.7578125e+01
   1.3467000e+06   4.5898438e+01
   1.3470450e+06   4.4738770e+01
   1.3475170e+06   3.5522461e+01
   1.3477300e+06   1.7272949e+01
   1.3481320e+06   3.5644531e+01
   1.3488440e+06   4.7729492e+01
   1.3540800e+06   5.1574707e+01
   1.3547440e+06   4.5776367e+01
   1.3548070e+06   1.7089844e+01
   1.3548310e+06   2.0202637e+01
   1.3548510e+06   2.4597168e+01
   1.3548650e+06   3.7536621e+01
   1.3548900e+06   1.9836426e+01
   1.3549140e+06   2.5146484e+01
   1.3549410e+06   3.7780762e+01
   1.3549560e+06   1.7700195e+01
   1.3550240e+06   3.3935547e+01
   1.3550570e+06   1.8005371e+01
   1.3551050e+06   1.8066406e+01
   1.3551330e+06   3.1433105e+01
   1.3552710e+06   5.1208496e+01
   1.3554340e+06   4.0405273e+01
   1.3555320e+06   2.2460938e+01
   1.3555620e+06   4.8034668e+01
   1.3556430e+06   1.9287109e+01
   1.3557260e+06   4.0527344e+01
   1.3557970e+06   2.0507812e+01
   1.3558980e+06   4.6386719e+01
   1.3559390e+06   1.8859863e+01
   1.3561310e+06   4.8095703e+01
   1.3563400e+06   4.9926758e+01
   1.3564520e+06   1.7089844e+01
   1.3565930e+06   4.6142578e+01
   1.3568090e+06   2.8198242e+01
   1.3569260e+06   3.8757324e+01
   1.3571660e+06   4.2236328e+01
   1.3571820e+06   1.8737793e+01
   1.3572210e+06   1.7761230e+01
   1.3575440e+06   2.0935059e+01
   1.3575600e+06   4.0588379e+01
   1.3582870e+06   4.2968750e+01
   1.3709500e+06   3.6804199e+01
   1.5360220e+06   1.7639160e+01
   2.2088770e+06   4.3518066e+01
   2.2089670e+06   5.7067871e+01
   2.2089850e+06   1.8188477e+01
   2.2090060e+06   2.1545410e+01
   2.2090330e+06   4.7485352e+01
   2.2090550e+06   2.8808594e+01
   2.2090830e+06   1.7883301e+01
   2.2091140e+06   4.5471191e+01
   2.2091250e+06   2.3010254e+01
   2.2091490e+06   1.7456055e+01
   2.2091650e+06   2.0690918e+01
   2.2091830e+06   2.9968262e+01
   2.2092170e+06   1.9348145e+01
   2.2092520e+06   1.8066406e+01
   2.2092680e+06   3.9062500e+01
   2.2093180e+06   2.1118164e+01
   2.2093400e+06   1.7211914e+01
   2.2093800e+06   3.7292480e+01
   2.2095000e+06   3.4851074e+01
   2.2095740e+06   1.9042969e+01
   2.2096060e+06   3.9245605e+01
   2.2096520e+06   2.8686523e+01
   2.2097210e+06   4.1198730e+01
   2.2098580e+06   4.0222168e+01
   2.2099310e+06   2.1362305e+01
   2.2100020e+06   3.9855957e+01
   2.2101490e+06   3.6926270e+01
   2.2101750e+06   1.8127441e+01
   2.2101910e+06   1.7089844e+01
   2.2103320e+06   1.9348145e+01
   2.2103460e+06   2.1789551e+01
   2.2104750e+06   2.0385742e+01
   2.2105460e+06   4.4433594e+01
   2.2109280e+06   4.1625977e+01
   2.2191110e+06   5.3833008e+01
   2.2204570e+06   4.0649414e+01
   2.2209220e+06   5.1818848e+01
   2.2222450e+06   3.9733887e+01
   2.2233710e+06   4.3212891e+01
   2.2252480e+06   3.5888672e+01
   2.2260200e+06   4.8828125e+01
   2.2264710e+06   4.5043945e+01
   2.2265940e+06   2.0080566e+01
   2.2266270e+06   2.4230957e+01
   2.2266520e+06   3.9550781e+01
   2.2266620e+06   2.1911621e+01
   2.2267060e+06   1.8615723e+01
   2.2267220e+06   3.8635254e+01
   2.2267870e+06   1.9653320e+01
   2.2267990e+06   1.9042969e+01
   2.2268180e+06   3.1738281e+01
   2.2269090e+06   3.8269043e+01
   2.2269450e+06   1.7639160e+01
   2.2270280e+06   1.8859863e+01
   2.2270440e+06   1.8859863e+01
   2.2270630e+06   4.4494629e+01
   2.2270870e+06   1.9287109e+01
   2.2271400e+06   2.1545410e+01
   2.2271970e+06   3.6926270e+01
   2.2272260e+06   2.3071289e+01
   2.2273390e+06   1.8493652e+01
   2.2273550e+06   4.1198730e+01
   2.2274400e+06   1.7211914e+01
   2.2274850e+06   1.7822266e+01
   2.2275450e+06   3.7109375e+01
   2.2276500e+06   1.7333984e+01
   2.2277000e+06   4.3762207e+01
   2.2278450e+06   1.7456055e+01
   2.2279220e+06   3.7475586e+01
   2.2280650e+06   4.5410156e+01
   2.2281190e+06   1.8554688e+01
   2.2282950e+06   2.8015137e+01
   2.2284770e+06   1.7089844e+01
   2.2285000e+06   4.6081543e+01
   2.2285540e+06   1.9958496e+01
   2.2287410e+06   4.3273926e+01
   2.2430240e+06   3.6682129e+01
   2.2444970e+06   3.8879395e+01
   2.2462560e+06   4.0161133e+01
   2.2476830e+06   3.6254883e+01
   2.2490070e+06   4.1198730e+01
   2.2500050e+06   4.5410156e+01
   2.2512600e+06   3.5522461e+01
   2.2536570e+06   4.2053223e+01
   2.2548850e+06   4.8278809e+01
   2.2559660e+06   4.1320801e+01
   2.2568150e+06   4.2663574e+01
   2.2579870e+06   3.1311035e+01
   2.2590880e+06   4.4494629e+01
   2.2599470e+06   4.5471191e+01
   2.2609180e+06   4.1564941e+01
   2.2621120e+06   4.0100098e+01
   2.2632880e+06   4.6447754e+01
   2.2647950e+06   4.4128418e+01
   2.2659510e+06   4.2541504e+01
   2.2672880e+06   4.4555664e+01
   2.2685120e+06   3.9184570e+01
   2.2692910e+06   4.1870117e+01
   2.2702940e+06   4.4433594e+01
   2.2715940e+06   4.6386719e+01
   2.2729310e+06   3.4606934e+01
   2.2746300e+06   3.4606934e+01
   2.2763100e+06   4.1748047e+01
   2.2775890e+06   3.4301758e+01
   2.2785740e+06   4.5654297e+01
   2.2798310e+06   4.1442871e+01
   2.2806140e+06   4.3579102e+01
   2.2816630e+06   3.9184570e+01
   2.2827310e+06   3.9245605e+01
   2.2836460e+06   4.1564941e+01
   2.2848930e+06   4.0466309e+01
   2.2859300e+06   3.6132812e+01
   2.2868310e+06   4.0893555e+01
   2.2878200e+06   3.8513184e+01
   2.2890490e+06   4.4067383e+01
   2.2905650e+06   3.8269043e+01
   2.2913250e+06   3.8330078e+01
   2.2921690e+06   4.7668457e+01
   2.2930030e+06   4.4372559e+01
   2.2937480e+06   3.9916992e+01
   2.2948080e+06   3.6254883e+01
   2.2967070e+06   4.3640137e+01
   2.2981120e+06   3.4667969e+01
   2.2997110e+06   3.7841797e+01
   2.3010930e+06   3.3142090e+01
   2.3022830e+06   4.2114258e+01
   2.3029750e+06   3.8391113e+01
   2.3039320e+06   3.9062500e+01
   2.3053270e+06   3.6254883e+01
   2.3063270e+06   4.4189453e+01
   2.3075590e+06   4.0527344e+01
   2.3082090e+06   4.3945312e+01
   2.3105190e+06   3.9978027e+01
   2.3112140e+06   3.8269043e+01
   2.3120050e+06   4.0405273e+01
   2.3136740e+06   4.6020508e+01
   2.3144740e+06   3.9672852e+01
   2.3153990e+06   4.0283203e+01
   2.3171310e+06   3.5583496e+01
   2.3179900e+06   4.3457031e+01
   2.3191060e+06   4.3395996e+01
   2.3210160e+06   4.2907715e+01
   2.3231430e+06   4.2907715e+01
   2.3248000e+06   3.7353516e+01
   2.3272030e+06   3.6865234e+01
   2.3292600e+06   4.6875000e+01
   2.3308480e+06   3.7170410e+01
   2.3323310e+06   4.4067383e+01
   2.3343410e+06   4.2358398e+01
   2.3359940e+06   3.7902832e+01
   2.3381060e+06   3.7353516e+01
   2.3398670e+06   3.9001465e+01
   2.3425180e+06   4.5471191e+01
   2.3442330e+06   3.5766602e+01
   2.3467570e+06   4.1687012e+01
   2.3495190e+06   3.6315918e+01
   2.3504760e+06   4.0588379e+01
   2.3529720e+06   3.8452148e+01
   2.3546360e+06   4.2907715e+01
   2.3567810e+06   3.8635254e+01
   2.3584490e+06   4.4433594e+01
   2.3594150e+06   4.8645020e+01
   2.3607230e+06   4.3640137e+01
   2.3630820e+06   3.0090332e+01
   2.3685620e+06   4.3640137e+01
   2.3729460e+06   4.4677734e+01
   2.3748030e+06   3.8879395e+01
   2.3763700e+06   4.1809082e+01
   2.3788810e+06   4.5104980e+01
   2.3808090e+06   4.7912598e+01
   2.3874640e+06   3.8146973e+01
   2.3919670e+06   4.0344238e+01
   2.3951710e+06   3.9184570e+01
   2.3987990e+06   4.4250488e+01
   2.4016720e+06   4.3273926e+01
   2.4062350e+06   4.3029785e+01
   2.4123490e+06   4.3762207e+01
   2.4209130e+06   4.5349121e+01
   2.4251330e+06   4.1992187e+01
   2.6670990e+06   1.7089844e+01
   3.1588320e+06   1.7333984e+01
   3.1589110e+06   1.7578125e+01
   3.1589760e+06   1.8859863e+01
   3.1591130e+06   4.4372559e+01
   3.1591310e+06   1.8920898e+01
   3.1591440e+06   2.6672363e+01
   3.1591580e+06   2.7648926e+01
   3.1591990e+06   4.0588379e+01
   3.1592280e+06   2.8625488e+01
   3.1592500e+06   1.7211914e+01
   3.1592690e+06   4.1748047e+01
   3.1593050e+06   1.7272949e+01
   3.1593290e+06   1.9042969e+01
   3.1593440e+06   2.8198242e+01
   3.1594120e+06   1.7333984e+01
   3.1594830e+06   1.7883301e+01
   3.1595150e+06   3.1616211e+01
   3.1595920e+06   1.7150879e+01
   3.1596220e+06   2.9479980e+01
   3.1596800e+06   1.9470215e+01
   3.1597210e+06   2.9602051e+01
   3.1598180e+06   1.7456055e+01
   3.1598360e+06   2.8381348e+01
   3.1599720e+06   3.7719727e+01
   3.1601110e+06   4.2907715e+01
   3.1601460e+06   1.7883301e+01
   3.1603280e+06   4.4494629e+01
   3.1604010e+06   1.7272949e+01
   3.1604510e+06   1.8554688e+01
   3.1604810e+06   4.3640137e+01
   3.1606930e+06   1.8676758e+01
   3.1609190e+06   1.8493652e+01
   3.1698030e+06   4.2846680e+01
   3.1704190e+06   4.9682617e+01
   3.1754580e+06   4.7546387e+01
   3.1755460e+06   1.7639160e+01
   3.1755830e+06   1.7578125e+01
   3.1756050e+06   4.5776367e+01
   3.1756170e+06   1.8127441e+01
   3.1756310e+06   1.8005371e+01
   3.1756700e+06   2.0629883e+01
   3.1756800e+06   4.2968750e+01
   3.1757130e+06   1.7150879e+01
   3.1757470e+06   3.4362793e+01
   3.1758250e+06   2.1118164e+01
   3.1758520e+06   3.1127930e+01
   3.1759860e+06   4.2358398e+01
   3.1760920e+06   1.7761230e+01
   3.1761190e+06   3.6804199e+01
   3.1762620e+06   3.6010742e+01
   3.1763970e+06   2.2644043e+01
   3.1764380e+06   3.5705566e+01
   3.1764990e+06   1.8432617e+01
   3.1765460e+06   1.7822266e+01
   3.1766020e+06   3.9062500e+01
   3.1766120e+06   1.9836426e+01
   3.1767600e+06   3.9367676e+01
   3.1769640e+06   4.3518066e+01
   3.1770370e+06   1.7578125e+01
   3.1771920e+06   3.9062500e+01
   3.1772020e+06   1.8188477e+01
   3.1772290e+06   1.9104004e+01
   3.1775660e+06   4.1503906e+01
   3.1777270e+06   2.0629883e+01
   3.1780010e+06   1.8493652e+01
   3.1780300e+06   3.1311035e+01
   3.1902790e+06   3.5400391e+01
   3.1922950e+06   3.6682129e+01
   3.1985310e+06   3.5644531e+01
   3.2010360e+06   3.7841797e+01
   3.2044550e+06   4.3273926e+01
   3.2075090e+06   3.9123535e+01
   3.2094720e+06   3.9489746e+01
   3.2124560e+06   4.6630859e+01
   3.2170360e+06   3.5644531e+01
   3.2210680e+06   4.1931152e+01
   3.5198480e+06   1.8066406e+01
   3.6079080e+06   1.8188477e+01
   3.6079330e+06   2.9724121e+01
   3.6079440e+06   5.0292969e+01
   3.6079890e+06   2.0629883e+01
   3.6080030e+06   4.8461914e+01
   3.6080340e+06   2.1728516e+01
   3.6080620e+06   4.2297363e+01
   3.6081180e+06   2.4780273e+01
   3.6081420e+06   1.8127441e+01
   3.6082160e+06   4.3762207e+01
   3.6082270e+06   2.3498535e+01
   3.6083130e+06   2.9968262e+01
   3.6083250e+06   2.4841309e+01
   3.6084000e+06   2.6062012e+01
   3.6084130e+06   2.9724121e+01
   3.6084670e+06   1.9042969e+01
   3.6085090e+06   1.9287109e+01
   3.6085250e+06   4.2480469e+01
   3.6086390e+06   4.6447754e+01
   3.6087760e+06   3.3569336e+01
   3.6089150e+06   4.2114258e+01
   3.6090370e+06   2.0019531e+01
   3.6090520e+06   3.6743164e+01
   3.6092530e+06   2.8747559e+01
   3.6093150e+06   1.8493652e+01
   3.6096050e+06   3.9428711e+01
   3.6105360e+06   1.7150879e+01
   3.6181630e+06   4.1687012e+01
   3.6242440e+06   1.7517090e+01
   3.6242660e+06   4.8461914e+01
   3.6242820e+06   1.7700195e+01
   3.6243090e+06   2.3376465e+01
   3.6243190e+06   2.5207520e+01
   3.6243440e+06   2.4475098e+01
   3.6243630e+06   3.9733887e+01
   3.6243910e+06   1.9592285e+01
   3.6244310e+06   4.3395996e+01
   3.6245050e+06   3.4851074e+01
   3.6246460e+06   3.6926270e+01
   3.6246980e+06   1.7822266e+01
   3.6247460e+06   1.7944336e+01
   3.6247980e+06   4.5043945e+01
   3.6249200e+06   1.7822266e+01
   3.6249500e+06   3.8391113e+01
   3.6250360e+06   2.0446777e+01
   3.6250850e+06   4.1137695e+01
   3.6251060e+06   1.9714355e+01
   3.6252410e+06   2.0935059e+01
   3.6252770e+06   1.7822266e+01
   3.6252990e+06   3.5766602e+01
   3.6253690e+06   2.1850586e+01
   3.6254810e+06   2.0690918e+01
   3.6255120e+06   3.2348633e+01
   3.6257180e+06   4.2175293e+01
   3.6258900e+06   2.3559570e+01
   3.6259250e+06   3.1005859e+01
   3.6261850e+06   1.7333984e+01
   3.6262270e+06   2.8747559e+01
   3.6402980e+06   4.2846680e+01
   4.2661440e+06   2.0263672e+01
   4.2661820e+06   2.9663086e+01
   4.2662030e+06   4.7302246e+01
   4.2662290e+06   2.1545410e+01
   4.2662600e+06   3.7658691e+01
   4.2662730e+06   2.2033691e+01
   4.2663130e+06   3.9367676e+01
   4.2663340e+06   2.1179199e+01
   4.2663550e+06   2.3681641e+01
   4.2663730e+06   2.8564453e+01
   4.2664040e+06   1.7761230e+01
   4.2664410e+06   1.8737793e+01
   4.2664810e+06   1.8676758e+01
   4.2665510e+06   3.9062500e+01
   4.2665690e+06   2.6245117e+01
   4.2666590e+06   3.9001465e+01
   4.2667620e+06   2.8991699e+01
   4.2668170e+06   1.7517090e+01
   4.2668750e+06   3.8513184e+01
   4.2670120e+06   4.1748047e+01
   4.2671120e+06   2.0080566e+01
   4.2671600e+06   3.3630371e+01
   4.2673090e+06   4.0649414e+01
   4.2673220e+06   1.8005371e+01
   4.2673680e+06   1.7578125e+01
   4.2674270e+06   1.7578125e+01
   4.2674740e+06   3.5888672e+01
   4.2675770e+06   2.2094727e+01
   4.2676440e+06   3.7231445e+01
   4.2676870e+06   1.8737793e+01
   4.2695110e+06   1.7883301e+01
   4.2783970e+06   3.9733887e+01
   4.2805290e+06   3.4729004e+01
   4.2820530e+06   1.9714355e+01
   4.2820810e+06   3.4851074e+01
   4.2821720e+06   1.8249512e+01
   4.2821850e+06   2.2888184e+01
   4.2822120e+06   3.7780762e+01
   4.2822280e+06   2.2094727e+01
   4.2822380e+06   2.6733398e+01
   4.2822670e+06   2.4963379e+01
   4.2822880e+06   3.1799316e+01
   4.2823160e+06   1.9775391e+01
   4.2823620e+06   1.9775391e+01
   4.2824710e+06   3.7658691e+01
   4.2825950e+06   3.7719727e+01
   4.2827720e+06   3.9794922e+01
   4.2827830e+06   1.9958496e+01
   4.2828170e+06   2.0690918e+01
   4.2828490e+06   1.7761230e+01
   4.2828760e+06   2.5695801e+01
   4.2829330e+06   4.2236328e+01
   4.2829720e+06   1.7578125e+01
   4.2830790e+06   1.7211914e+01
   4.2831560e+06   2.0141602e+01
   4.2831790e+06   3.8635254e+01
   4.2833750e+06   4.2663574e+01
   4.2834640e+06   2.0996094e+01
   4.2835890e+06   4.0710449e+01
   4.2837410e+06   1.8493652e+01
   4.2838550e+06   3.6376953e+01
   4.2839480e+06   1.7822266e+01
   4.2841540e+06   4.4982910e+01
   4.2842600e+06   1.7761230e+01
   4.2844770e+06   3.9367676e+01
   4.2917420e+06   3.4423828e+01
   4.2919370e+06   1.8859863e+01
   4.2920430e+06   1.9714355e+01
   4.2920650e+06   5.8593750e+01
   4.2920790e+06   2.4353027e+01
   4.2920950e+06   2.4414062e+01
   4.2921210e+06   2.3315430e+01
   4.2921520e+06   1.7333984e+01
   4.2921680e+06   1.9287109e+01
   4.2922140e+06   2.5146484e+01
   4.2922650e+06   4.0588379e+01
   4.2923860e+06   3.6010742e+01
   4.2924720e+06   1.9958496e+01
   4.2925440e+06   1.7944336e+01
   4.2925610e+06   4.8950195e+01
   4.2927460e+06   4.6875000e+01
   4.2927560e+06   2.3498535e+01
   4.2928290e+06   2.5268555e+01
   4.2929630e+06   4.6508789e+01
   4.2929850e+06   1.9042969e+01
   4.2931200e+06   2.9113770e+01
   4.2931360e+06   1.8127441e+01
   4.2933410e+06   3.6071777e+01
   4.2934680e+06   2.4902344e+01
   4.2937580e+06   4.0405273e+01
   4.2939020e+06   1.7211914e+01
   5.0148250e+06   5.3405762e+01
   5.0149970e+06   4.1809082e+01
   5.0150270e+06   2.4780273e+01
   5.0150580e+06   2.8747559e+01
   5.0150790e+06   3.6254883e+01
   5.0151140e+06   1.7761230e+01
   5.0151410e+06   3.4423828e+01
   5.0151880e+06   2.1911621e+01
   5.0152120e+06   2.8320312e+01
   5.0152410e+06   1.9042969e+01
   5.0153000e+06   4.0771484e+01
   5.0153930e+06   2.7343750e+01
   5.0154040e+06   1.8493652e+01
   5.0154810e+06   3.9672852e+01
   5.0155080e+06   1.8371582e+01
   5.0155920e+06   3.4790039e+01
   5.0156480e+06   2.2338867e+01
   5.0157140e+06   3.7963867e+01
   5.0157470e+06   1.8859863e+01
   5.0158380e+06   3.8391113e+01
   5.0158500e+06   2.5573730e+01
   5.0159420e+06   1.7700195e+01
   5.0159770e+06   3.4423828e+01
   5.0160370e+06   1.8920898e+01
   5.0161870e+06   4.4921875e+01
   5.0163120e+06   2.0568848e+01
   5.0163670e+06   3.2531738e+01
   5.0250590e+06   4.2663574e+01
   5.0270020e+06   3.8269043e+01
   5.0302820e+06   4.6875000e+01
   5.0303160e+06   1.8371582e+01
   5.0303350e+06   1.9836426e+01
   5.0303450e+06   2.0019531e+01
   5.0303710e+06   2.6916504e+01
   5.0303860e+06   3.9001465e+01
   5.0304170e+06   1.8066406e+01
   5.0304500e+06   3.8452148e+01
   5.0304610e+06   2.1179199e+01
   5.0305350e+06   3.3203125e+01
   5.0306420e+06   4.6447754e+01
   5.0306610e+06   2.4108887e+01
   5.0307150e+06   2.0568848e+01
   5.0307440e+06   1.8493652e+01
   5.0307690e+06   1.7150879e+01
   5.0307810e+06   4.1748047e+01
   5.0309120e+06   1.8920898e+01
   5.0309280e+06   2.3193359e+01
   5.0309610e+06   3.5888672e+01
   5.0309840e+06   1.8005371e+01
   5.0310600e+06   2.0324707e+01
   5.0311050e+06   3.5156250e+01
   5.0311940e+06   1.7272949e+01
   5.0312330e+06   1.7944336e+01
   5.0312700e+06   3.5583496e+01
   5.0313350e+06   1.9042969e+01
   5.0314010e+06   1.8249512e+01
   5.0314600e+06   3.5034180e+01
   5.0317000e+06   4.5166016e+01
   5.0318080e+06   2.2888184e+01
   5.0319070e+06   1.7639160e+01
   5.0319390e+06   2.0996094e+01
   5.0319510e+06   2.2766113e+01
   5.0319830e+06   2.3742676e+01
   5.0322550e+06   4.2236328e+01
   5.0323410e+06   1.9348145e+01
   5.0323560e+06   1.7883301e+01
   5.0327370e+06   3.8330078e+01
   5.4093600e+06   5.0109863e+01
   5.6963610e+06   1.7517090e+01
   5.6966030e+06   1.7150879e+01
   5.6967840e+06   4.6630859e+01
   5.6967960e+06   1.8737793e+01
   5.6968330e+06   1.8371582e+01
   5.6968910e+06   4.7851562e+01
   5.6969010e+06   3.1494141e+01
   5.6969250e+06   1.9592285e+01
   5.6969680e+06   4.8950195e+01
   5.6969920e+06   1.9104004e+01
   5.6970290e+06   2.9724121e+01
   5.6970980e+06   3.7414551e+01
   5.6971290e+06   1.8737793e+01
   5.6971880e+06   2.0080566e+01
   5.6972650e+06   1.7822266e+01
   5.6972890e+06   3.5766602e+01
   5.6973500e+06   1.8920898e+01
   5.6974340e+06   3.8574219e+01
   5.6975570e+06   3.7231445e+01
   5.6976120e+06   1.9287109e+01
   5.6976790e+06   1.9714355e+01
   5.6977040e+06   3.8635254e+01
   5.6977320e+06   1.8798828e+01
   5.6977450e+06   2.1911621e+01
   5.6978290e+06   2.0874023e+01
   5.6978950e+06   4.0771484e+01
   5.6980420e+06   5.3527832e+01
   5.6981840e+06   1.7700195e+01
   5.6982380e+06   3.6621094e+01
   5.6988140e+06   1.7517090e+01
   5.7074540e+06   5.2368164e+01
   5.7103260e+06   1.8554688e+01
   5.7117860e+06   4.7058105e+01
   5.7118320e+06   1.9714355e+01
   5.7118560e+06   2.6550293e+01
   5.7118900e+06   3.9611816e+01
   5.7119020e+06   2.2949219e+01
   5.7119280e+06   1.7578125e+01
   5.7119650e+06   4.5715332e+01
   5.7119890e+06   2.3498535e+01
   5.7120210e+06   1.7883301e+01
   5.7120480e+06   3.3691406e+01
   5.7120970e+06   1.7517090e+01
   5.7121700e+06   4.0649414e+01
   5.7122620e+06   1.8188477e+01
   5.7122760e+06   1.7761230e+01
   5.7123160e+06   4.3090820e+01
   5.7123530e+06   1.7639160e+01
   5.7123830e+06   1.8615723e+01
   5.7124510e+06   4.1137695e+01
   5.7124880e+06   1.7517090e+01
   5.7126180e+06   4.5349121e+01
   5.7127680e+06   2.3254395e+01
   5.7127950e+06   3.8513184e+01
   5.7128710e+06   2.5268555e+01
   5.7129920e+06   4.6203613e+01
   5.7131350e+06   1.8188477e+01
   5.7132100e+06   4.9255371e+01
   5.7134320e+06   1.9348145e+01
   5.7134630e+06   3.9855957e+01
   5.7136780e+06   1.9165039e+01
   5.7137500e+06   3.8513184e+01
   5.7152560e+06   1.9104004e+01
   6.0364520e+06   1.8127441e+01
   6.0371030e+06   5.2124023e+01
   6.0373320e+06   1.7333984e+01
   6.0374620e+06   5.0048828e+01
   6.0379450e+06   4.8217773e+01
   6.0950270e+06   1.7639160e+01
   6.4744820e+06   5.4077148e+01
   6.4746530e+06   4.4250488e+01
   6.4746660e+06   2.5512695e+01
   6.4746850e+06   2.2583008e+01
   6.4747060e+06   1.7639160e+01
   6.4747190e+06   5.3100586e+01
   6.4747530e+06   1.7639160e+01
   6.4747900e+06   3.7170410e+01
   6.4748080e+06   1.7822266e+01
   6.4748380e+06   2.1545410e+01
   6.4748570e+06   2.8869629e+01
   6.4749280e+06   2.4047852e+01
   6.4749470e+06   3.5156250e+01
   6.4750510e+06   3.5156250e+01
   6.4751510e+06   3.5949707e+01
   6.4752570e+06   2.8991699e+01
   6.4753490e+06   1.7395020e+01
   6.4753700e+06   2.9541016e+01
   6.4754280e+06   1.8310547e+01
   6.4755020e+06   3.5400391e+01
   6.4756630e+06   3.9489746e+01
   6.4756910e+06   2.0446777e+01
   6.4758160e+06   3.2653809e+01
   6.4758290e+06   1.7578125e+01
   6.4760340e+06   4.5471191e+01
   6.4856170e+06   4.3518066e+01
   6.4891640e+06   3.7597656e+01
   6.4892740e+06   1.8798828e+01
   6.4893660e+06   1.7333984e+01
   6.4894170e+06   1.9958496e+01
   6.4894500e+06   4.9743652e+01
   6.4894760e+06   2.8381348e+01
   6.4895100e+06   2.1484375e+01
   6.4895260e+06   3.1005859e+01
   6.4896290e+06   3.8635254e+01
   6.4897260e+06   2.0812988e+01
   6.4897700e+06   4.1564941e+01
   6.4897820e+06   2.0141602e+01
   6.4898880e+06   3.6437988e+01
   6.4900250e+06   4.9255371e+01
   6.4900600e+06   2.2705078e+01
   6.4900970e+06   1.7883301e+01
   6.4901690e+06   1.9409180e+01
   6.4901870e+06   4.0161133e+01
   6.4902730e+06   2.3315430e+01
   6.4903410e+06   2.0568848e+01
   6.4903510e+06   3.6987305e+01
   6.4903930e+06   1.8981934e+01
   6.4905880e+06   4.2602539e+01
   6.4906060e+06   1.7395020e+01
   6.4908120e+06   3.8879395e+01
   6.4909460e+06   1.7639160e+01
   6.4910570e+06   4.1625977e+01
   6.4915840e+06   3.9550781e+01
   6.4920760e+06   5.0170898e+01
   6.4971430e+06   4.7851563e+01
   6.4973100e+06   2.6794434e+01
   6.4973210e+06   2.1057129e+01
   6.4973510e+06   2.4597168e+01
   6.4973640e+06   1.9104004e+01
   6.4974150e+06   4.6386719e+01
   6.4974300e+06   2.0141602e+01
   6.4974700e+06   1.8920898e+01
   6.4975280e+06   3.3874512e+01
   6.4976890e+06   3.9428711e+01
   6.4977110e+06   1.7578125e+01
   6.4977290e+06   2.7099609e+01
   6.4978500e+06   4.8339844e+01
   6.4979480e+06   2.0324707e+01
   6.4979930e+06   2.0202637e+01
   6.4980930e+06   1.9348145e+01
   6.4982000e+06   4.2053223e+01
   6.4984380e+06   3.3630371e+01
   6.4987330e+06   3.0212402e+01
   6.4990260e+06   4.2236328e+01
   6.4990430e+06   1.7333984e+01
   6.8995330e+06   1.8493652e+01
   6.8996070e+06   1.8981934e+01
   6.9000320e+06   1.9958496e+01
   6.9005680e+06   5.0354004e+01
   6.9006510e+06   1.8737793e+01
   6.9006790e+06   5.8898926e+01
   6.9006910e+06   2.6123047e+01
   6.9007240e+06   1.9531250e+01
   6.9007560e+06   4.3701172e+01
   6.9007850e+06   2.5024414e+01
   6.9007970e+06   1.8371582e+01
   6.9008430e+06   4.9011230e+01
   6.9009260e+06   4.1137695e+01
   6.9010390e+06   5.1879883e+01
   6.9010490e+06   1.7700195e+01
   6.9011450e+06   3.4606934e+01
   6.9012430e+06   2.0324707e+01
   6.9012900e+06   4.1870117e+01
   6.9014360e+06   3.9001465e+01
   6.9015940e+06   3.7658691e+01
   6.9016830e+06   1.8676758e+01
   6.9017990e+06   4.5654297e+01
   6.9018420e+06   2.2399902e+01
   6.9020450e+06   4.7119141e+01
   6.9025720e+06   1.8005371e+01
   6.9111830e+06   1.7700195e+01
   6.9166780e+06   1.8493652e+01
   6.9166880e+06   4.3395996e+01
   6.9167320e+06   1.8188477e+01
   6.9167440e+06   2.8930664e+01
   6.9167800e+06   5.0415039e+01
   6.9168140e+06   2.5207520e+01
   6.9168390e+06   1.8432617e+01
   6.9168650e+06   2.9296875e+01
   6.9169520e+06   3.6499023e+01
   6.9169740e+06   1.9592285e+01
   6.9170750e+06   4.7363281e+01
   6.9171490e+06   2.3071289e+01
   6.9172340e+06   4.6020508e+01
   6.9173420e+06   1.9104004e+01
   6.9173820e+06   3.2043457e+01
   6.9174430e+06   1.8493652e+01
   6.9175540e+06   4.0405273e+01
   6.9175990e+06   2.0751953e+01
   6.9176600e+06   2.5268555e+01
   6.9177400e+06   3.8208008e+01
   6.9178070e+06   1.8615723e+01
   6.9179290e+06   4.0710449e+01
   6.9180510e+06   1.9775391e+01
   6.9182060e+06   4.0222168e+01
   6.9182890e+06   1.8920898e+01
   6.9184120e+06   3.9062500e+01
   6.9184420e+06   1.7944336e+01
   6.9186880e+06   1.8737793e+01
   6.9187600e+06   4.3762207e+01
   7.0362380e+06   2.1423340e+01
   7.0363720e+06   5.7189941e+01
   7.0364580e+06   1.7761230e+01
   7.0364750e+06   5.2429199e+01
   7.0364960e+06   1.9836426e+01
   7.0365280e+06   1.8249512e+01
   7.0365550e+06   1.8005371e+01
   7.0366090e+06   1.8676758e+01
   7.0366290e+06   3.2470703e+01
   7.0366850e+06   2.4841309e+01
   7.0367000e+06   3.9489746e+01
   7.0368330e+06   3.5217285e+01
   7.0369720e+06   3.5217285e+01
   7.0370970e+06   3.0761719e+01
   7.0372680e+06   4.1625977e+01
   7.0372910e+06   1.8493652e+01
   7.0373330e+06   1.7639160e+01
   7.0374180e+06   1.8310547e+01
   7.0374620e+06   2.2399902e+01
   7.0375410e+06   1.7517090e+01
   7.0376580e+06   4.4067383e+01
   7.0377970e+06   2.0874023e+01
   7.0378930e+06   3.6376953e+01
   7.0381160e+06   1.7761230e+01
   7.1854310e+06   1.9226074e+01
   7.1854820e+06   4.3395996e+01
   7.1855500e+06   1.7883301e+01
   7.1856390e+06   5.1696777e+01
   7.1856770e+06   1.8737793e+01
   7.1856960e+06   1.8554688e+01
   7.1857470e+06   4.7790527e+01
   7.1857700e+06   2.1972656e+01
   7.1858180e+06   3.3874512e+01
   7.1858430e+06   1.7333984e+01
   7.1858870e+06   2.1301270e+01
   7.1858970e+06   3.4179688e+01
   7.1859890e+06   3.3569336e+01
   7.1860670e+06   1.9714355e+01
   7.1861190e+06   4.3884277e+01
   7.1862790e+06   4.3579102e+01
   7.1864080e+06   4.6386719e+01
   7.1864950e+06   1.8615723e+01
   7.1865750e+06   3.9794922e+01
   7.1865900e+06   1.9653320e+01
   7.1867270e+06   4.1015625e+01
   7.1867680e+06   1.7333984e+01
   7.1868540e+06   2.0935059e+01
   7.1869780e+06   3.6499023e+01
   7.1872660e+06   1.9592285e+01
   7.1872880e+06   1.8066406e+01
   7.4740020e+06   4.6447754e+01
   7.9658940e+06   1.7578125e+01
   7.9662310e+06   1.8127441e+01
   7.9672350e+06   1.8005371e+01
   8.1059310e+06   1.9042969e+01
   8.1060390e+06   4.7668457e+01
   8.1060580e+06   1.8005371e+01
   8.1061720e+06   2.0019531e+01
   8.1061820e+06   3.9123535e+01
   8.1061970e+06   4.3029785e+01
   8.1062180e+06   3.4851074e+01
   8.1062370e+06   2.9846191e+01
   8.1062610e+06   1.8371582e+01
   8.1062810e+06   2.1972656e+01
   8.1063120e+06   3.7475586e+01
   8.1063360e+06   1.7639160e+01
   8.1063560e+06   1.7944336e+01
   8.1063810e+06   3.6315918e+01
   8.1064360e+06   1.7456055e+01
   8.1064710e+06   3.7780762e+01
   8.1064820e+06   1.9104004e+01
   8.1065900e+06   3.8452148e+01
   8.1066260e+06   2.0690918e+01
   8.1066810e+06   3.3874512e+01
   8.1068040e+06   3.5644531e+01
   8.1069330e+06   3.2409668e+01
   8.1070810e+06   4.2236328e+01
   8.1071520e+06   2.0568848e+01
   8.1072250e+06   3.5339355e+01
   8.1073430e+06   1.9409180e+01
   8.1073750e+06   1.8310547e+01
   8.1074180e+06   2.2827148e+01
   8.1074600e+06   1.8188477e+01
   8.1076020e+06   3.8452148e+01
   8.1079230e+06   1.7333984e+01
   8.1080950e+06   4.1992188e+01
   8.1154180e+06   5.3833008e+01
   8.1159620e+06   3.6315918e+01
   8.1177640e+06   4.3884277e+01
   8.1202420e+06   4.7729492e+01
   8.1205210e+06   4.1931152e+01
   8.1205490e+06   2.0019531e+01
   8.1205700e+06   2.5268555e+01
   8.1205910e+06   2.2644043e+01
   8.1206020e+06   4.9438477e+01
   8.1206220e+06   1.8188477e+01
   8.1206510e+06   2.0385742e+01
   8.1206750e+06   3.7353516e+01
   8.1207590e+06   3.4118652e+01
   8.1208260e+06   1.8615723e+01
   8.1209190e+06   3.9306641e+01
   8.1209300e+06   1.7700195e+01
   8.1209560e+06   1.7578125e+01
   8.1210580e+06   4.8583984e+01
   8.1211960e+06   1.7761230e+01
   8.1212100e+06   3.2470703e+01
   8.1213500e+06   1.8981934e+01
   8.1213690e+06   1.7761230e+01
   8.1214030e+06   4.4189453e+01
   8.1214520e+06   1.8615723e+01
   8.1214780e+06   2.0324707e+01
   8.1215770e+06   4.9621582e+01
   8.1217460e+06   2.0507812e+01
   8.1217610e+06   3.2531738e+01
   8.1219470e+06   4.2358398e+01
   8.1222110e+06   4.6630859e+01
   8.1223110e+06   1.9531250e+01
   8.1224470e+06   5.6518555e+01
   8.1358430e+06   4.2968750e+01
   8.1446530e+06   4.3640137e+01
   8.2775280e+06   5.2856445e+01
   8.2775500e+06   1.7639160e+01
   8.2775670e+06   1.9470215e+01
   8.2775940e+06   2.9174805e+01
   8.2776060e+06   2.4902344e+01
   8.2776220e+06   5.6152344e+01
   8.2776480e+06   1.8676758e+01
   8.2776600e+06   2.3193359e+01
   8.2776810e+06   1.9470215e+01
   8.2776990e+06   5.2124023e+01
   8.2777430e+06   2.0874023e+01
   8.2777680e+06   3.7963867e+01
   8.2778100e+06   2.1545410e+01
   8.2778640e+06   3.1066895e+01
   8.2779700e+06   4.8767090e+01
   8.2780530e+06   1.7822266e+01
   8.2780920e+06   4.4677734e+01
   8.2781320e+06   2.0446777e+01
   8.2782230e+06   4.7607422e+01
   8.2783450e+06   3.0761719e+01
   8.2785050e+06   4.1564941e+01
   8.2786290e+06   1.8859863e+01
   8.2786630e+06   3.8696289e+01
   8.2787670e+06   1.8371582e+01
   8.2789080e+06   4.1320801e+01
   8.2791090e+06   1.8981934e+01
   8.2791530e+06   4.6447754e+01
   8.2793260e+06   2.4353027e+01
   8.3562260e+06   1.7395020e+01
   8.3562530e+06   4.3518066e+01
   8.3562700e+06   1.8188477e+01
   8.3562860e+06   3.0395508e+01
   8.3563240e+06   5.1086426e+01
   8.3563510e+06   2.2338867e+01
   8.3563900e+06   3.5827637e+01
   8.3564510e+06   1.7761230e+01
   8.3564650e+06   3.2714844e+01
   8.3565110e+06   1.9409180e+01
   8.3565500e+06   4.6020508e+01
   8.3565620e+06   2.6000977e+01
   8.3566480e+06   2.0629883e+01
   8.3566690e+06   3.5827637e+01
   8.3567940e+06   4.7485352e+01
   8.3568830e+06   1.7578125e+01
   8.3569070e+06   4.1320801e+01
   8.3569210e+06   2.2888184e+01
   8.3569320e+06   1.9592285e+01
   8.3570210e+06   1.8981934e+01
   8.3570580e+06   4.6691895e+01
   8.3572530e+06   4.9804688e+01
   8.3572710e+06   1.9165039e+01
   8.3573650e+06   1.7883301e+01
   8.3573850e+06   1.7578125e+01
   8.3574150e+06   1.8371582e+01
   8.3574430e+06   2.0507812e+01
   8.3574660e+06   4.5288086e+01
   8.3577710e+06   4.1015625e+01
   8.3578130e+06   2.4291992e+01
   8.3580970e+06   4.1259766e+01
   8.4171350e+06   2.3986816e+01
   8.4172010e+06   1.8127441e+01
   8.4172330e+06   1.8371582e+01
   8.4172650e+06   2.6916504e+01
   8.4172750e+06   2.6062012e+01
   8.4172960e+06   1.9287109e+01
   8.4173240e+06   4.2785645e+01
   8.4173680e+06   2.2033691e+01
   8.4173940e+06   3.7963867e+01
   8.4174230e+06   2.1911621e+01
   8.4174720e+06   3.4851074e+01
   8.4175560e+06   3.6132813e+01
   8.4176300e+06   1.7333984e+01
   8.4176990e+06   5.3527832e+01
   8.4177240e+06   1.9165039e+01
   8.4178000e+06   1.7395020e+01
   8.4178110e+06   2.0324707e+01
   8.4178470e+06   4.1381836e+01
   8.4178590e+06   2.0080566e+01
   8.4179200e+06   1.8554688e+01
   8.4179780e+06   1.8432617e+01
   8.4180290e+06   4.4921875e+01
   8.4182060e+06   3.9855957e+01
   8.4182240e+06   2.0874023e+01
   8.4182510e+06   1.7944336e+01
   8.4183780e+06   3.9978027e+01
   8.4185330e+06   2.3864746e+01
   8.4186610e+06   4.6813965e+01
   8.4189420e+06   4.2236328e+01
   8.4719560e+06   1.7395020e+01
   8.4722720e+06   1.7639160e+01
   8.4723490e+06   5.2490234e+01
   8.4723700e+06   1.9714355e+01
   8.4723950e+06   2.3437500e+01
   8.4724320e+06   3.9794922e+01
   8.4724550e+06   2.9052734e+01
   8.4724820e+06   2.2949219e+01
   8.4725110e+06   4.9926758e+01
   8.4725420e+06   1.9104004e+01
   8.4725580e+06   1.9958496e+01
   8.4725890e+06   2.4536133e+01
   8.4726600e+06   1.8615723e+01
   8.4726730e+06   1.9470215e+01
   8.4726950e+06   4.1564941e+01
   8.4727530e+06   2.3559570e+01
   8.4728340e+06   4.4921875e+01
   8.4728650e+06   1.8981934e+01
   8.4730020e+06   4.4128418e+01
   8.4731770e+06   5.5969238e+01
   8.4732990e+06   1.8615723e+01
   8.4733180e+06   1.9714355e+01
   8.4733490e+06   3.5339355e+01
   8.4734310e+06   1.7333984e+01
   8.4735370e+06   4.5104980e+01
   8.4737280e+06   3.5156250e+01
   8.4737640e+06   1.8249512e+01
   8.5178830e+06   1.8432617e+01
   8.5186850e+06   1.9897461e+01
   8.5187200e+06   4.5104980e+01
   8.5187300e+06   1.7944336e+01
   8.5187580e+06   3.7841797e+01
   8.5187710e+06   1.8737793e+01
   8.5188120e+06   5.0903320e+01
   8.5188320e+06   2.5451660e+01
   8.5188780e+06   2.0690918e+01
   8.5188920e+06   4.3579102e+01
   8.5189460e+06   2.0629883e+01
   8.5189720e+06   3.5278320e+01
   8.5190670e+06   1.7822266e+01
   8.5191030e+06   4.9987793e+01
   8.5191320e+06   2.2766113e+01
   8.5192190e+06   1.8371582e+01
   8.5192670e+06   3.5766602e+01
   8.5192890e+06   1.8188477e+01
   8.5193270e+06   1.9287109e+01
   8.5193770e+06   1.8493652e+01
   8.5194100e+06   3.2287598e+01
   8.5194480e+06   1.9165039e+01
   8.5195220e+06   1.9714355e+01
   8.5195930e+06   4.4372559e+01
   8.5196080e+06   1.7761230e+01
   8.5196660e+06   1.8493652e+01
   8.5197900e+06   3.7231445e+01
   8.5198650e+06   2.0324707e+01
   8.5199380e+06   1.8371582e+01
   8.5200380e+06   5.1391602e+01
   8.5200760e+06   1.7700195e+01
   8.5202020e+06   2.4230957e+01
   8.5203100e+06   4.2114258e+01
   8.5459860e+06   1.8493652e+01
   8.5746940e+06   2.1667480e+01
   8.5747380e+06   2.3803711e+01
   8.5747500e+06   2.0568848e+01
   8.5747790e+06   3.7109375e+01
   8.5748060e+06   5.6396484e+01
   8.5748190e+06   2.4291992e+01
   8.5748560e+06   2.5207520e+01
   8.5748680e+06   3.0090332e+01
   8.5748830e+06   1.8371582e+01
   8.5749110e+06   2.2460938e+01
   8.5749350e+06   3.8513184e+01
   8.5750070e+06   4.0893555e+01
   8.5750390e+06   1.7944336e+01
   8.5751070e+06   1.7700195e+01
   8.5751190e+06   1.9775391e+01
   8.5751400e+06   4.0222168e+01
   8.5752210e+06   2.1545410e+01
   8.5752780e+06   4.2114258e+01
   8.5754320e+06   4.7241211e+01
   8.5755700e+06   2.2583008e+01
   8.5755840e+06   4.2968750e+01
   8.5757390e+06   4.7973633e+01
   8.5757700e+06   1.8981934e+01
   8.5757980e+06   1.7822266e+01
   8.5758660e+06   1.7517090e+01
   8.5760010e+06   4.4433594e+01
   8.5764490e+06   3.8818359e+01
   8.6121950e+06   1.7822266e+01
   8.6344300e+06   2.2766113e+01
   8.6344540e+06   1.7639160e+01
   8.6344740e+06   1.8432617e+01
   8.6345060e+06   3.5461426e+01
   8.6345200e+06   2.0385742e+01
   8.6345500e+06   2.2399902e+01
   8.6345890e+06   4.6630859e+01
   8.6346110e+06   2.3925781e+01
   8.6346230e+06   2.6672363e+01
   8.6346590e+06   5.3527832e+01
   8.6346710e+06   1.9348145e+01
   8.6347530e+06   3.4545898e+01
   8.6347740e+06   1.8127441e+01
   8.6348740e+06   4.2114258e+01
   8.6349330e+06   2.1911621e+01
   8.6349900e+06   2.1423340e+01
   8.6350110e+06   3.8818359e+01
   8.6350970e+06   1.9897461e+01
   8.6351600e+06   1.8432617e+01
   8.6351800e+06   4.6569824e+01
   8.6352120e+06   1.9042969e+01
   8.6352540e+06   1.9226074e+01
   8.6352750e+06   1.9653320e+01
   8.6353980e+06   4.9682617e+01
   8.6355360e+06   1.9287109e+01
   8.6355780e+06   4.2907715e+01
   8.6358430e+06   3.5034180e+01
   8.6360010e+06   1.7883301e+01
   8.6361170e+06   1.7456055e+01
   8.6997450e+06   3.2043457e+01
   8.6997580e+06   5.0659180e+01
   8.6997790e+06   2.0263672e+01
   8.6998000e+06   1.7578125e+01
   8.6998340e+06   2.2705078e+01
   8.6998440e+06   3.5095215e+01
   8.6999070e+06   3.6743164e+01
   8.6999370e+06   2.0812988e+01
   8.6999540e+06   1.9042969e+01
   8.6999870e+06   4.2541504e+01
   8.7000090e+06   1.8188477e+01
   8.7000530e+06   1.7761230e+01
   8.7000740e+06   4.3945313e+01
   8.7001560e+06   1.9104004e+01
   8.7002050e+06   3.3569336e+01
   8.7002460e+06   2.0751953e+01
   8.7003290e+06   3.9978027e+01
   8.7003850e+06   2.1911621e+01
   8.7004350e+06   1.7761230e+01
   8.7005200e+06   4.3762207e+01
   8.7007210e+06   5.4138184e+01
   8.7009670e+06   4.5654297e+01
   8.7011610e+06   3.4729004e+01
   8.7014870e+06   3.3142090e+01
   8.7644770e+06   1.8432617e+01
   8.7646340e+06   2.0935059e+01
   8.7646660e+06   1.8188477e+01
   8.7646780e+06   3.6804199e+01
   8.7646960e+06   2.1484375e+01
   8.7647170e+06   2.2094727e+01
   8.7647310e+06   3.1372070e+01
   8.7647520e+06   5.3527832e+01
   8.7647880e+06   1.8615723e+01
   8.7648160e+06   2.1972656e+01
   8.7648280e+06   3.5583496e+01
   8.7648560e+06   1.9836426e+01
   8.7648740e+06   1.8188477e+01
   8.7649290e+06   5.2246094e+01
   8.7649700e+06   1.8798828e+01
   8.7649930e+06   2.0202637e+01
   8.7650590e+06   3.5705566e+01
   8.7650710e+06   1.8798828e+01
   8.7650940e+06   1.7517090e+01
   8.7651480e+06   1.8310547e+01
   8.7651810e+06   3.4729004e+01
   8.7652860e+06   2.3559570e+01
   8.7653240e+06   4.2175293e+01
   8.7653380e+06   1.7700195e+01
   8.7654170e+06   2.3925781e+01
   8.7655380e+06   1.9836426e+01
   8.7655560e+06   4.3762207e+01
   8.7656720e+06   1.8371582e+01
   8.7657940e+06   4.7668457e+01
   8.7659330e+06   1.7639160e+01
   8.7660590e+06   4.0832520e+01
   8.7663940e+06   1.8249512e+01
   8.7665940e+06   3.1494141e+01
   8.8268330e+06   2.9724121e+01
   8.8268470e+06   6.6223145e+01
   8.8268650e+06   2.1240234e+01
   8.8269020e+06   2.3681641e+01
   8.8269280e+06   1.9958496e+01
   8.8269820e+06   1.9470215e+01
   8.8270050e+06   4.4860840e+01
   8.8270360e+06   2.3376465e+01
   8.8270460e+06   2.0019531e+01
   8.8270710e+06   3.8269043e+01
   8.8270840e+06   2.2705078e+01
   8.8271810e+06   4.7424316e+01
   8.8272360e+06   2.1545410e+01
   8.8272810e+06   1.8371582e+01
   8.8273380e+06   4.2846680e+01
   8.8273510e+06   1.9165039e+01
   8.8273770e+06   2.2338867e+01
   8.8275130e+06   3.6254883e+01
   8.8275660e+06   2.0080566e+01
   8.8276730e+06   1.7333984e+01
   8.8277060e+06   3.6560059e+01
   8.8277370e+06   2.1362305e+01
   8.8278360e+06   1.8676758e+01
   8.8278650e+06   1.8432617e+01
   8.8278810e+06   3.3935547e+01
   8.8281560e+06   3.7353516e+01
   8.8282200e+06   1.9775391e+01
   8.9083450e+06   4.3762207e+01
   8.9084230e+06   2.0019531e+01
   8.9084580e+06   2.6245117e+01
   8.9084680e+06   4.3518066e+01
   8.9085250e+06   2.0202637e+01
   8.9085750e+06   5.1574707e+01
   8.9085870e+06   1.9897461e+01
   8.9086440e+06   1.7700195e+01
   8.9086620e+06   3.7902832e+01
   8.9086990e+06   1.7944336e+01
   8.9087520e+06   3.8146973e+01
   8.9087920e+06   1.8554688e+01
   8.9088940e+06   4.3579102e+01
   8.9090290e+06   1.8371582e+01
   8.9090630e+06   5.4748535e+01
   8.9092010e+06   1.9836426e+01
   8.9092420e+06   4.7546387e+01
   8.9093820e+06   1.9653320e+01
   8.9094510e+06   3.8330078e+01
   8.9096730e+06   4.6142578e+01
   8.9097050e+06   1.8188477e+01
   8.9098830e+06   2.0690918e+01
   8.9592490e+06   1.8371582e+01
   8.9637040e+06   4.8095703e+01
   8.9637580e+06   2.7343750e+01
   8.9637760e+06   1.7944336e+01
   8.9638040e+06   2.3315430e+01
   8.9638140e+06   6.2194824e+01
   8.9638500e+06   1.9409180e+01
   8.9638900e+06   5.7983398e+01
   8.9639060e+06   2.7770996e+01
   8.9639390e+06   1.8737793e+01
   8.9639620e+06   3.4973145e+01
   8.9639980e+06   1.7395020e+01
   8.9640380e+06   1.8005371e+01
   8.9640600e+06   3.8330078e+01
   8.9641910e+06   3.8146973e+01
   8.9642970e+06   2.0080566e+01
   8.9643250e+06   3.3996582e+01
   8.9644480e+06   1.9836426e+01
   8.9644720e+06   4.4555664e+01
   8.9645640e+06   1.7700195e+01
   8.9646920e+06   4.4555664e+01
   8.9647060e+06   1.7944336e+01
   8.9647390e+06   2.2766113e+01
   8.9648630e+06   1.8005371e+01
   8.9648870e+06   2.0080566e+01
   8.9649440e+06   4.5166016e+01
   8.9650940e+06   2.1545410e+01
   8.9654310e+06   4.2785645e+01
   9.5839220e+06   5.6396484e+01
   9.5841090e+06   5.1574707e+01
   9.5841360e+06   2.1179199e+01
   9.5841510e+06   3.7841797e+01
   9.5841770e+06   1.7883301e+01
   9.5841970e+06   2.0263672e+01
   9.5842110e+06   4.9743652e+01
   9.5842580e+06   1.7150879e+01
   9.5842770e+06   3.1250000e+01
   9.5843040e+06   1.8127441e+01
   9.5843210e+06   2.0568848e+01
   9.5843500e+06   4.0649414e+01
   9.5844260e+06   1.8798828e+01
   9.5844360e+06   3.4423828e+01
   9.5845240e+06   2.0874023e+01
   9.5845470e+06   2.8686523e+01
   9.5846630e+06   3.5156250e+01
   9.5847720e+06   1.8127441e+01
   9.5847930e+06   4.0161133e+01
   9.5848760e+06   1.7150879e+01
   9.5849400e+06   1.7333984e+01
   9.5849600e+06   4.0588379e+01
   9.5849780e+06   1.7944336e+01
   9.5850680e+06   1.7578125e+01
   9.5851180e+06   4.4250488e+01
   9.5852950e+06   4.4494629e+01
   9.5856690e+06   1.7272949e+01
   9.5857070e+06   4.2968750e+01
   9.5990130e+06   5.2734375e+01
   9.5990500e+06   1.9653320e+01
   9.5990790e+06   3.3813477e+01
   9.5991000e+06   4.0161133e+01
   9.5991160e+06   1.8676758e+01
   9.5991700e+06   4.2968750e+01
   9.5992600e+06   3.4912109e+01
   9.5993770e+06   4.0527344e+01
   9.5994260e+06   2.1057129e+01
   9.5994810e+06   2.2155762e+01
   9.5994910e+06   1.7089844e+01
   9.5995220e+06   1.7944336e+01
   9.5995640e+06   5.9143066e+01
   9.5997370e+06   4.2785645e+01
   9.5997490e+06   1.9226074e+01
   9.5998930e+06   4.6875000e+01
   9.5999530e+06   1.7333984e+01
   9.6000690e+06   2.9357910e+01
   9.6002770e+06   3.7414551e+01
   9.6003430e+06   1.8798828e+01
   9.6004100e+06   1.7028809e+01
   9.6004930e+06   4.4189453e+01
   9.6005050e+06   2.0812988e+01
   9.6006300e+06   2.5756836e+01
   9.6007480e+06   3.4240723e+01
   9.6008480e+06   1.7211914e+01
   9.6022340e+06   4.1137695e+01
   9.7585290e+06   1.7089844e+01
   9.9574220e+06   4.5349121e+01
   9.9575070e+06   2.2277832e+01
   9.9575240e+06   1.7089844e+01
   9.9575850e+06   2.4475098e+01
   9.9576170e+06   2.0629883e+01
   9.9576340e+06   2.2766113e+01
   9.9576480e+06   3.0273438e+01
   9.9576730e+06   3.8818359e+01
   9.9577050e+06   1.9470215e+01
   9.9577340e+06   1.8371582e+01
   9.9577550e+06   3.2043457e+01
   9.9577990e+06   1.9409180e+01
   9.9578600e+06   3.7841797e+01
   9.9579110e+06   1.9287109e+01
   9.9579450e+06   4.2236328e+01
   9.9580530e+06   2.6733398e+01
   9.9581820e+06   4.6875000e+01
   9.9582390e+06   1.7028809e+01
   9.9583170e+06   3.2836914e+01
   9.9585030e+06   3.9001465e+01
   9.9585130e+06   1.8432617e+01
   9.9586040e+06   1.8188477e+01
   9.9586430e+06   4.3212891e+01
   9.9587440e+06   2.9418945e+01
   9.9588110e+06   3.8635254e+01
   9.9589590e+06   1.7028809e+01
   9.9590700e+06   3.1250000e+01
   9.9592400e+06   2.4230957e+01
   9.9601020e+06   1.7639160e+01
   9.9710060e+06   1.8249512e+01
   9.9726020e+06   3.6254883e+01
   9.9726450e+06   1.7028809e+01
   9.9726850e+06   1.7456055e+01
   9.9727110e+06   2.2644043e+01
   9.9727320e+06   2.4291992e+01
   9.9727480e+06   5.3222656e+01
   9.9727880e+06   1.7272949e+01
   9.9728150e+06   4.3029785e+01
   9.9728310e+06   1.7761230e+01
   9.9729050e+06   3.6987305e+01
   9.9729410e+06   1.8554688e+01
   9.9729890e+06   1.7639160e+01
   9.9730260e+06   4.2114258e+01
   9.9731520e+06   4.4799805e+01
   9.9731640e+06   1.9348145e+01
   9.9732600e+06   1.8249512e+01
   9.9732860e+06   3.3203125e+01
   9.9733440e+06   1.9409180e+01
   9.9733750e+06   2.0141602e+01
   9.9734160e+06   1.7150879e+01
   9.9734640e+06   4.9560547e+01
   9.9736670e+06   4.4128418e+01
   9.9739550e+06   4.2968750e+01
   9.9742340e+06   1.8127441e+01
   9.9742490e+06   3.4790039e+01
   9.9743580e+06   1.7639160e+01
   9.9745120e+06   1.8371582e+01
   9.9746040e+06   3.9978027e+01
   9.9747420e+06   1.7639160e+01
   1.0634153e+07   1.7639160e+01
   1.0634557e+07   4.2175293e+01
   1.0634731e+07   1.7028809e+01
   1.0634770e+07   3.9916992e+01
   1.0634782e+07   1.8615723e+01
   1.0634808e+07   2.4475098e+01
   1.0634833e+07   2.2766113e+01
   1.0634855e+07   4.2724609e+01
   1.0634878e+07   1.9470215e+01
   1.0634900e+07   1.8432617e+01
   1.0634942e+07   5.2612305e+01
   1.0634998e+07   1.9775391e+01
   1.0635027e+07   4.3640137e+01
   1.0635048e+07   1.7150879e+01
   1.0635078e+07   1.9104004e+01
   1.0635122e+07   4.3518066e+01
   1.0635151e+07   1.7150879e+01
   1.0635200e+07   2.1362305e+01
   1.0635234e+07   4.0161133e+01
   1.0635283e+07   1.7211914e+01
   1.0635346e+07   4.2175293e+01
   1.0635484e+07   4.3762207e+01
   1.0635578e+07   1.8798828e+01
   1.0635608e+07   4.3823242e+01
   1.0635800e+07   3.1433105e+01
   1.0636016e+07   5.8044434e+01
   1.0636242e+07   3.8391113e+01
   1.0636598e+07   4.4006348e+01
   1.0646529e+07   4.8034668e+01
   1.0650144e+07   4.7241211e+01
   1.0650188e+07   1.8432617e+01
   1.0650210e+07   3.6682129e+01
   1.0650244e+07   2.3620605e+01
   1.0650254e+07   2.7526855e+01
   1.0650294e+07   2.2277832e+01
   1.0650304e+07   2.2705078e+01
   1.0650330e+07   3.3630371e+01
   1.0650363e+07   1.8005371e+01
   1.0650427e+07   3.3508301e+01
   1.0650526e+07   1.7211914e+01
   1.0650537e+07   2.2155762e+01
   1.0650631e+07   1.7944336e+01
   1.0650696e+07   4.6752930e+01
   1.0650863e+07   4.0588379e+01
   1.0650912e+07   2.0507812e+01
   1.0650962e+07   1.8188477e+01
   1.0651019e+07   1.7578125e+01
   1.0651035e+07   4.2419434e+01
   1.0651093e+07   2.1301270e+01
   1.0651124e+07   1.7211914e+01
   1.0651239e+07   4.4311523e+01
   1.0651361e+07   2.2277832e+01
   1.0651411e+07   4.6508789e+01
   1.0651582e+07   2.1667480e+01
   1.0651594e+07   1.7883301e+01
   1.0651678e+07   4.5104980e+01
   1.0651703e+07   1.9409180e+01
   1.0651911e+07   4.7851562e+01
   1.0652099e+07   1.7211914e+01
   1.0652437e+07   1.7578125e+01
   1.0652481e+07   1.7883301e+01
   1.0652506e+07   4.4372559e+01
   1.0716947e+07   1.7822266e+01
   1.0743160e+07   1.7211914e+01
   1.1003017e+07   1.8676758e+01
   1.1004355e+07   4.5227051e+01
   1.1004399e+07   1.7761230e+01
   1.1004447e+07   2.3925781e+01
   1.1004490e+07   1.9226074e+01
   1.1004517e+07   4.0283203e+01
   1.1004542e+07   1.8554688e+01
   1.1004575e+07   1.8554688e+01
   1.1004606e+07   4.1870117e+01
   1.1004623e+07   1.7272949e+01
   1.1004661e+07   2.3742676e+01
   1.1004696e+07   3.4729004e+01
   1.1004751e+07   2.1057129e+01
   1.1004812e+07   4.4860840e+01
   1.1004926e+07   3.7109375e+01
   1.1004982e+07   1.9897461e+01
   1.1004999e+07   1.9775391e+01
   1.1005061e+07   3.9672852e+01
   1.1005178e+07   5.4992676e+01
   1.1005337e+07   4.0771484e+01
   1.1005388e+07   1.7761230e+01
   1.1005524e+07   4.7790527e+01
   1.1005678e+07   1.7211914e+01
   1.1005724e+07   4.6264648e+01
   1.1006037e+07   4.0344238e+01
   1.1006497e+07   1.8493652e+01
   1.1014926e+07   3.7719727e+01
   1.1014942e+07   1.9287109e+01
   1.1014981e+07   2.8198242e+01
   1.1014999e+07   3.2348633e+01
   1.1015028e+07   4.3823242e+01
   1.1015079e+07   2.5390625e+01
   1.1015101e+07   4.4067383e+01
   1.1015135e+07   1.8188477e+01
   1.1015155e+07   2.2155762e+01
   1.1015182e+07   3.9367676e+01
   1.1015246e+07   1.9287109e+01
   1.1015277e+07   1.7456055e+01
   1.1015322e+07   1.7639160e+01
   1.1015336e+07   4.9682617e+01
   1.1015409e+07   1.7089844e+01
   1.1015468e+07   4.1809082e+01
   1.1015605e+07   1.8676758e+01
   1.1015632e+07   1.9104004e+01
   1.1015707e+07   3.3264160e+01
   1.1015732e+07   1.7456055e+01
   1.1015744e+07   1.7639160e+01
   1.1015926e+07   4.7607422e+01
   1.1016030e+07   1.9653320e+01
   1.1016152e+07   3.8635254e+01
   1.1016465e+07   1.7517090e+01
   1.1016479e+07   3.3325195e+01
   1.1016642e+07   1.7150879e+01
   1.1016770e+07   4.1992188e+01
   1.1030300e+07   4.7973633e+01
   1.1034496e+07   5.1696777e+01
   1.1036588e+07   4.4921875e+01
   1.1040241e+07   4.8095703e+01
   1.1217430e+07   5.6945801e+01
   1.1217529e+07   1.7089844e+01
   1.1217617e+07   1.7639160e+01
   1.1217632e+07   4.9682617e+01
   1.1217681e+07   2.8930664e+01
   1.1217708e+07   2.4353027e+01
   1.1217734e+07   4.6752930e+01
   1.1217757e+07   1.7639160e+01
   1.1217779e+07   2.1850586e+01
   1.1217794e+07   2.7038574e+01
   1.1217844e+07   2.9113770e+01
   1.1217865e+07   2.1667480e+01
   1.1217881e+07   2.9479980e+01
   1.1217908e+07   2.2888184e+01
   1.1217925e+07   2.2155762e+01
   1.1217961e+07   2.0324707e+01
   1.1217981e+07   4.2114258e+01
   1.1218069e+07   1.7456055e+01
   1.1218096e+07   3.7231445e+01
   1.1218160e+07   1.9470215e+01
   1.1218170e+07   1.8371582e+01
   1.1218189e+07   1.7333984e+01
   1.1218205e+07   3.9489746e+01
   1.1218340e+07   4.7851563e+01
   1.1218477e+07   4.6203613e+01
   1.1218497e+07   1.8859863e+01
   1.1218626e+07   2.0019531e+01
   1.1218652e+07   3.2043457e+01
   1.1218747e+07   1.8066406e+01
   1.1218908e+07   2.2399902e+01
   1.1219002e+07   1.7150879e+01
   1.1219167e+07   2.0690918e+01
   1.1219365e+07   1.7517090e+01
   1.1306886e+07   1.8066406e+01
   1.1307130e+07   3.6315918e+01
   1.1307200e+07   1.8066406e+01
   1.1307216e+07   2.1301270e+01
   1.1307233e+07   5.7189941e+01
   1.1307260e+07   2.0996094e+01
   1.1307281e+07   2.2949219e+01
   1.1307296e+07   3.6682129e+01
   1.1307318e+07   1.8493652e+01
   1.1307337e+07   2.0202637e+01
   1.1307361e+07   2.8930664e+01
   1.1307427e+07   2.2705078e+01
   1.1307486e+07   2.1301270e+01
   1.1307530e+07   3.6804199e+01
   1.1307575e+07   1.9104004e+01
   1.1307591e+07   2.2277832e+01
   1.1307667e+07   4.6752930e+01
   1.1307690e+07   1.8798828e+01
   1.1307780e+07   2.3803711e+01
   1.1307829e+07   4.5043945e+01
   1.1307991e+07   4.6264648e+01
   1.1308107e+07   2.5146484e+01
   1.1308172e+07   4.4433594e+01
   1.1308249e+07   2.2460938e+01
   1.1308383e+07   1.8859863e+01
   1.1308416e+07   3.9978027e+01
   1.1308562e+07   1.7395020e+01
   1.1308608e+07   3.6499023e+01
   1.1308995e+07   1.7333984e+01
   1.1336123e+07   1.7150879e+01
   1.1409656e+07   4.8645020e+01
   1.1409733e+07   2.2338867e+01
   1.1409760e+07   5.2368164e+01
   1.1409791e+07   4.2968750e+01
   1.1409839e+07   1.7761230e+01
   1.1409852e+07   4.2785645e+01
   1.1409881e+07   2.0507812e+01
   1.1409917e+07   2.1301270e+01
   1.1409937e+07   2.8625488e+01
   1.1409971e+07   1.8493652e+01
   1.1410048e+07   4.2175293e+01
   1.1410165e+07   3.5156250e+01
   1.1410255e+07   1.8371582e+01
   1.1410310e+07   3.7048340e+01
   1.1410458e+07   3.7475586e+01
   1.1410585e+07   2.1545410e+01
   1.1410619e+07   4.7485352e+01
   1.1410808e+07   4.2419434e+01
   1.1410960e+07   2.1972656e+01
   1.1411028e+07   3.7963867e+01
   1.1411363e+07   4.1015625e+01
   1.1411536e+07   1.8005371e+01
   1.1515104e+07   1.8432617e+01
   1.1515376e+07   4.3151855e+01
   1.1515429e+07   2.2644043e+01
   1.1515481e+07   5.6701660e+01
   1.1515492e+07   2.3193359e+01
   1.1515513e+07   1.7883301e+01
   1.1515532e+07   2.0080566e+01
   1.1515546e+07   4.2358398e+01
   1.1515583e+07   3.6010742e+01
   1.1515617e+07   3.2409668e+01
   1.1515642e+07   1.8798828e+01
   1.1515709e+07   3.3874512e+01
   1.1515722e+07   2.4291992e+01
   1.1515823e+07   1.7456055e+01
   1.1515859e+07   3.9184570e+01
   1.1515899e+07   1.7883301e+01
   1.1515989e+07   3.3386230e+01
   1.1516054e+07   1.9409180e+01
   1.1516132e+07   3.8879395e+01
   1.1516152e+07   1.7761230e+01
   1.1516220e+07   1.7333984e+01
   1.1516292e+07   3.9184570e+01
   1.1516328e+07   1.7333984e+01
   1.1516460e+07   1.9226074e+01
   1.1516613e+07   1.9165039e+01
   1.1516750e+07   4.8217773e+01
   1.1516865e+07   1.8127441e+01
   1.1517038e+07   4.3762207e+01
   1.1517335e+07   1.9287109e+01
   1.1517817e+07   1.8981934e+01
   1.1807695e+07   4.2419434e+01
   1.1870456e+07   1.7395020e+01
