   1.1990000e+07   0.0000000e+00
   4.9971800e+05   4.7729492e+01
   4.9978100e+05   3.7292480e+01
   4.9980100e+05   3.8940430e+01
   4.9982800e+05   5.7800293e+01
   4.9986000e+05   3.8696289e+01
   4.9997700e+05   3.5461426e+01
   5.0005800e+05   4.1442871e+01
   5.0008300e+05   4.6752930e+01
   5.0012500e+05   4.7119141e+01
   5.0016400e+05   3.9184570e+01
   5.0025100e+05   3.9672852e+01
   5.0035700e+05   3.9367676e+01
   5.0041800e+05   4.4250488e+01
   5.0047400e+05   3.6743164e+01
   5.0053000e+05   3.8879395e+01
   5.0068800e+05   3.6499023e+01
   5.0074900e+05   4.0588379e+01
   5.0079900e+05   3.6315918e+01
   5.0087900e+05   3.6682129e+01
   5.0103700e+05   3.5034180e+01
   5.0128500e+05   3.9672852e+01
   5.0129800e+05   3.5400391e+01
   5.0131200e+05   3.8940430e+01
   5.0138500e+05   3.6621094e+01
   5.0157500e+05   3.7170410e+01
   5.0159300e+05   3.7963867e+01
   5.0161600e+05   4.3273926e+01
   5.0185700e+05   4.9804688e+01
   5.0186700e+05   4.4799805e+01
   5.0213900e+05   3.6315918e+01
   5.0227800e+05   3.5400391e+01
   5.0235200e+05   4.0649414e+01
   5.0262700e+05   4.9865723e+01
   5.0296500e+05   4.6691895e+01
   5.0301400e+05   3.7719727e+01
   5.0335900e+05   3.5339355e+01
   1.2861730e+06   3.6376953e+01
   1.2862200e+06   3.5583496e+01
   1.2863940e+06   4.4616699e+01
   1.2864230e+06   3.9062500e+01
   1.2864420e+06   7.0007324e+01
   1.2865630e+06   6.0668945e+01
   1.2866370e+06   4.6569824e+01
   1.2866810e+06   6.9519043e+01
   1.2867010e+06   4.4006348e+01
   1.2867470e+06   6.3354492e+01
   1.2867770e+06   4.6875000e+01
   1.2867870e+06   4.6203613e+01
   1.2868190e+06   3.6682129e+01
   1.2868550e+06   4.5471191e+01
   1.2869110e+06   4.3518066e+01
   1.2869830e+06   3.9184570e+01
   1.2869960e+06   3.4362793e+01
   1.2870240e+06   3.6132812e+01
   1.2870740e+06   5.4138184e+01
   1.2871600e+06   3.5766602e+01
   1.2872640e+06   3.4973145e+01
   1.2872810e+06   3.4729004e+01
   1.2873530e+06   3.7719727e+01
   1.2873880e+06   3.5705566e+01
   1.2874780e+06   3.6376953e+01
   1.2874910e+06   4.9438477e+01
   1.2878700e+06   4.5654297e+01
   1.2879550e+06   4.0466309e+01
   1.2880270e+06   3.5400391e+01
   1.2882810e+06   4.1809082e+01
   1.2883090e+06   5.4138184e+01
   1.2884160e+06   3.4301758e+01
   1.2885530e+06   4.4433594e+01
   1.2887670e+06   5.1574707e+01
   1.2887840e+06   4.8889160e+01
   1.2890200e+06   3.9001465e+01
   1.2893040e+06   3.7536621e+01
   1.2894090e+06   3.6865234e+01
   1.2896140e+06   3.5095215e+01
   1.2897350e+06   3.4545898e+01
   1.2899470e+06   4.1625977e+01
   1.2899670e+06   3.7048340e+01
   1.2900270e+06   3.6071777e+01
   1.2904530e+06   4.3212891e+01
   1.2905250e+06   3.8818359e+01
   1.2909000e+06   4.0649414e+01
   1.2909880e+06   3.7048340e+01
   1.2915090e+06   4.5654297e+01
   1.3129320e+06   6.0241699e+01
   1.3129940e+06   3.6437988e+01
   1.3133050e+06   4.9621582e+01
   1.3134610e+06   4.2968750e+01
   1.3134710e+06   4.9560547e+01
   1.3135560e+06   3.6499023e+01
   1.3135700e+06   3.8879395e+01
   1.3135990e+06   4.6936035e+01
   1.3136390e+06   3.5034180e+01
   1.3136640e+06   5.6030273e+01
   1.3137090e+06   3.5766602e+01
   1.3137310e+06   3.8696289e+01
   1.3138280e+06   3.5217285e+01
   1.3138510e+06   3.4606934e+01
   1.3139420e+06   3.7658691e+01
   1.3141300e+06   3.5583496e+01
   1.3141530e+06   3.8635254e+01
   1.3144350e+06   4.0466309e+01
   1.3145820e+06   3.9733887e+01
   1.3146120e+06   3.5339355e+01
   1.3147780e+06   3.9733887e+01
   1.3148330e+06   4.1320801e+01
   1.3150200e+06   4.0893555e+01
   1.3152420e+06   4.5349121e+01
   1.3155100e+06   4.0039062e+01
   1.3156040e+06   3.9733887e+01
   1.3157240e+06   4.0954590e+01
   1.3157600e+06   3.4423828e+01
   1.3158330e+06   3.9001465e+01
   1.3158750e+06   3.6621094e+01
   1.3164560e+06   4.2724609e+01
   1.3167810e+06   3.5034180e+01
   1.3169530e+06   3.4484863e+01
   1.3172860e+06   3.9611816e+01
   1.3536420e+06   3.4606934e+01
   1.3705830e+06   3.4667969e+01
   1.4547230e+06   5.0170898e+01
   1.4547830e+06   3.5644531e+01
   1.4548840e+06   4.7058105e+01
   1.4549840e+06   5.0170898e+01
   1.4550410e+06   4.1015625e+01
   1.4550890e+06   3.4484863e+01
   1.4551130e+06   3.5644531e+01
   1.4551540e+06   7.3608398e+01
   1.4551680e+06   3.9489746e+01
   1.4551940e+06   3.9978027e+01
   1.4552280e+06   3.8269043e+01
   1.4552400e+06   4.3334961e+01
   1.4552940e+06   3.6193848e+01
   1.4553210e+06   5.5114746e+01
   1.4553710e+06   3.8330078e+01
   1.4553920e+06   3.9489746e+01
   1.4554170e+06   3.5278320e+01
   1.4554850e+06   3.5888672e+01
   1.4555270e+06   4.2236328e+01
   1.4555880e+06   3.6010742e+01
   1.4556970e+06   3.5949707e+01
   1.4557540e+06   3.7414551e+01
   1.4558640e+06   4.7302246e+01
   1.4558920e+06   4.1931152e+01
   1.4559870e+06   3.4912109e+01
   1.4560120e+06   3.5156250e+01
   1.4560380e+06   3.5217285e+01
   1.4561250e+06   3.4423828e+01
   1.4562950e+06   3.9184570e+01
   1.4564130e+06   4.1625977e+01
   1.4565110e+06   3.4301758e+01
   1.4568150e+06   3.6743164e+01
   1.4568510e+06   3.9123535e+01
   1.4570920e+06   3.4606934e+01
   1.4575490e+06   3.5278320e+01
   1.4577410e+06   3.5095215e+01
   2.3634920e+06   3.5522461e+01
   2.3636240e+06   4.1931152e+01
   2.3637180e+06   8.5021973e+01
   2.3637820e+06   3.5766602e+01
   2.3637990e+06   4.7119141e+01
   2.3638400e+06   4.1137695e+01
   2.3638770e+06   3.8696289e+01
   2.3639060e+06   3.4362793e+01
   2.3639200e+06   5.2307129e+01
   2.3639640e+06   3.6254883e+01
   2.3640060e+06   4.1503906e+01
   2.3640640e+06   4.0222168e+01
   2.3640830e+06   4.9560547e+01
   2.3641360e+06   3.4790039e+01
   2.3641560e+06   3.5339355e+01
   2.3643820e+06   3.5095215e+01
   2.3644320e+06   3.8879395e+01
   2.3644660e+06   3.6987305e+01
   2.3646660e+06   3.6865234e+01
   2.3647350e+06   3.8513184e+01
   2.3647470e+06   4.2358398e+01
   2.3647640e+06   4.1992188e+01
   2.3649080e+06   3.4667969e+01
   2.3651200e+06   4.0283203e+01
   2.3651880e+06   3.4729004e+01
   2.3652830e+06   3.9428711e+01
   2.3653250e+06   3.5095215e+01
   2.3653600e+06   4.0588379e+01
   2.3654240e+06   3.6499023e+01
   2.3654860e+06   5.2001953e+01
   2.3656170e+06   3.6071777e+01
   2.3656420e+06   4.6203613e+01
   2.3657050e+06   3.7048340e+01
   2.3658740e+06   5.6213379e+01
   2.3662160e+06   3.4729004e+01
   2.3664890e+06   4.3762207e+01
   2.3665840e+06   3.7780762e+01
   2.3666290e+06   3.8696289e+01
   2.3667150e+06   3.4301758e+01
   2.3667470e+06   3.7475586e+01
   2.3667630e+06   4.8461914e+01
   2.3670830e+06   4.1015625e+01
   2.3671910e+06   3.5522461e+01
   2.3673950e+06   4.2053223e+01
   3.3556740e+06   3.4729004e+01
   3.3557880e+06   3.7414551e+01
   3.3559600e+06   7.3730469e+01
   3.3559790e+06   4.1320801e+01
   3.3560420e+06   5.2246094e+01
   3.3560670e+06   3.3996582e+01
   3.3560830e+06   4.2480469e+01
   3.3561090e+06   4.1503906e+01
   3.3561240e+06   5.3649902e+01
   3.3561530e+06   5.7922363e+01
   3.3561630e+06   7.5012207e+01
   3.3562370e+06   4.5898438e+01
   3.3562610e+06   3.4118652e+01
   3.3563000e+06   3.5461426e+01
   3.3563850e+06   4.3762207e+01
   3.3564360e+06   3.5034180e+01
   3.3564650e+06   3.9794922e+01
   3.3564860e+06   3.5095215e+01
   3.3565640e+06   3.5583496e+01
   3.3568700e+06   3.4301758e+01
   3.3569630e+06   3.4973145e+01
   3.3571200e+06   3.6071777e+01
   3.3571520e+06   4.3090820e+01
   3.3572420e+06   3.4118652e+01
   3.3572920e+06   3.8513184e+01
   3.3573900e+06   3.4545898e+01
   3.3574870e+06   3.7780762e+01
   3.3576670e+06   4.9499512e+01
   3.3577100e+06   3.7292480e+01
   3.3577280e+06   3.9611816e+01
   3.3578000e+06   4.2358398e+01
   3.3578740e+06   3.6743164e+01
   3.3580390e+06   3.4179688e+01
   3.3580840e+06   4.4067383e+01
   3.3582840e+06   3.6682129e+01
   3.3585880e+06   3.7902832e+01
   3.3586050e+06   3.6254883e+01
   3.3586920e+06   3.6010742e+01
   3.3588040e+06   3.5461426e+01
   3.3588380e+06   3.7841797e+01
   3.3592590e+06   4.3334961e+01
   3.3595090e+06   3.6376953e+01
   3.3596570e+06   3.6193848e+01
   3.3597130e+06   3.3874512e+01
   3.3597250e+06   3.5583496e+01
   3.3603790e+06   5.4260254e+01
   3.3607430e+06   3.7414551e+01
   3.3611830e+06   3.7353516e+01
   3.3616580e+06   4.5227051e+01
   3.3776300e+06   4.6997070e+01
   3.3778370e+06   3.8879395e+01
   3.3778700e+06   4.7180176e+01
   3.3779920e+06   3.7902832e+01
   3.3780860e+06   3.7292480e+01
   3.3780970e+06   4.9011230e+01
   3.3781240e+06   3.3935547e+01
   3.3781340e+06   4.4250488e+01
   3.3781700e+06   4.5166016e+01
   3.3781870e+06   3.7597656e+01
   3.3782480e+06   3.4729004e+01
   3.3782670e+06   4.1137695e+01
   3.3783630e+06   3.5095215e+01
   3.3784050e+06   3.5400391e+01
   3.3785080e+06   3.4973145e+01
   3.3785400e+06   3.8940430e+01
   3.3785770e+06   3.3935547e+01
   3.3786600e+06   3.5156250e+01
   3.3787590e+06   3.8696289e+01
   3.3788210e+06   3.5888672e+01
   3.3789860e+06   3.6926270e+01
   3.3790100e+06   4.0588379e+01
   3.3791020e+06   3.9916992e+01
   3.3793090e+06   4.1687012e+01
   3.3795150e+06   3.5522461e+01
   3.3797750e+06   3.3935547e+01
   3.3799440e+06   3.9184570e+01
   3.3801920e+06   4.1503906e+01
   3.3804300e+06   3.8146973e+01
   3.3804750e+06   3.4057617e+01
   3.3805050e+06   3.9550781e+01
   3.3810870e+06   3.6071777e+01
   3.3813410e+06   4.0588379e+01
   3.3814170e+06   5.3771973e+01
   3.3814660e+06   3.7048340e+01
   3.3817210e+06   3.7414551e+01
   3.4373520e+06   4.1503906e+01
   3.4375070e+06   3.9062500e+01
   3.4375890e+06   5.0476074e+01
   3.4376000e+06   3.6926270e+01
   3.4376710e+06   3.4057617e+01
   3.4376900e+06   4.9438477e+01
   3.4377030e+06   4.0405273e+01
   3.4377310e+06   3.5095215e+01
   3.4377620e+06   5.6945801e+01
   3.4377940e+06   4.1259766e+01
   3.4378200e+06   3.7719727e+01
   3.4378390e+06   3.8208008e+01
   3.4378700e+06   4.8461914e+01
   3.4378930e+06   6.5002441e+01
   3.4379140e+06   3.5034180e+01
   3.4379880e+06   3.8635254e+01
   3.4380380e+06   3.4545898e+01
   3.4381150e+06   4.6264648e+01
   3.4381730e+06   4.4921875e+01
   3.4381840e+06   4.4372559e+01
   3.4382780e+06   5.1025391e+01
   3.4382900e+06   3.4301758e+01
   3.4383660e+06   3.9611816e+01
   3.4384130e+06   3.6865234e+01
   3.4384360e+06   3.4606934e+01
   3.4385100e+06   3.8696289e+01
   3.4385660e+06   4.1687012e+01
   3.4385890e+06   3.6376953e+01
   3.4388030e+06   4.7607422e+01
   3.4388810e+06   3.7536621e+01
   3.4389580e+06   3.9855957e+01
   3.4389860e+06   5.2795410e+01
   3.4389960e+06   4.1625977e+01
   3.4391700e+06   4.4250488e+01
   3.4391880e+06   4.1503906e+01
   3.4392510e+06   3.9062500e+01
   3.4394160e+06   3.4667969e+01
   3.4395150e+06   3.4057617e+01
   3.4398260e+06   3.9978027e+01
   3.4399480e+06   4.3823242e+01
   3.4399800e+06   4.0893555e+01
   3.4405000e+06   3.4790039e+01
   3.4406040e+06   4.5227051e+01
   3.4411740e+06   3.5278320e+01
   3.4964320e+06   4.2541504e+01
   3.4965770e+06   4.1931152e+01
   3.4966390e+06   3.8757324e+01
   3.4966680e+06   3.7170410e+01
   3.4966820e+06   3.8574219e+01
   3.4967160e+06   4.0344238e+01
   3.4967270e+06   5.7800293e+01
   3.4967560e+06   4.8400879e+01
   3.4967740e+06   6.8054199e+01
   3.4968070e+06   4.0710449e+01
   3.4968250e+06   4.3273926e+01
   3.4968700e+06   4.2053223e+01
   3.4968980e+06   3.4851074e+01
   3.4969470e+06   4.1992188e+01
   3.4969950e+06   3.4057617e+01
   3.4970950e+06   4.5959473e+01
   3.4971190e+06   4.4494629e+01
   3.4971540e+06   4.2541504e+01
   3.4972120e+06   6.0974121e+01
   3.4972310e+06   4.1137695e+01
   3.4976210e+06   3.8940430e+01
   3.4977590e+06   3.3935547e+01
   3.4978450e+06   3.7536621e+01
   3.4979650e+06   3.9489746e+01
   3.4982520e+06   3.3935547e+01
   3.4982780e+06   4.8095703e+01
   3.4983990e+06   3.4606934e+01
   3.4985550e+06   4.5410156e+01
   3.4985920e+06   3.8085938e+01
   3.4987810e+06   3.6376953e+01
   3.4988630e+06   3.6682129e+01
   3.4993150e+06   3.9062500e+01
   3.5204820e+06   3.4851074e+01
   3.5442900e+06   3.4240723e+01
   3.5464300e+06   3.6071777e+01
   3.5465200e+06   4.4677734e+01
   3.5466360e+06   3.9062500e+01
   3.5467530e+06   3.5522461e+01
   3.5467710e+06   6.0852051e+01
   3.5468030e+06   3.5339355e+01
   3.5468380e+06   4.7546387e+01
   3.5468980e+06   4.7241211e+01
   3.5469220e+06   3.6926270e+01
   3.5469610e+06   3.9062500e+01
   3.5469760e+06   5.6152344e+01
   3.5470170e+06   3.3996582e+01
   3.5470410e+06   4.6691895e+01
   3.5471380e+06   4.0954590e+01
   3.5471730e+06   3.7048340e+01
   3.5472490e+06   4.1625977e+01
   3.5473030e+06   3.4118652e+01
   3.5474140e+06   4.2480469e+01
   3.5474380e+06   3.5217285e+01
   3.5475290e+06   4.5959473e+01
   3.5475960e+06   4.1198730e+01
   3.5476090e+06   3.4667969e+01
   3.5477700e+06   4.8278809e+01
   3.5477850e+06   4.1259766e+01
   3.5479140e+06   3.4118652e+01
   3.5479750e+06   3.4851074e+01
   3.5481220e+06   3.7719727e+01
   3.5481740e+06   4.2968750e+01
   3.5482710e+06   4.6508789e+01
   3.5485270e+06   4.3151855e+01
   3.5485780e+06   3.5766602e+01
   3.5486540e+06   3.5034180e+01
   3.5487210e+06   3.4179688e+01
   3.5487710e+06   3.8330078e+01
   3.5490100e+06   4.2053223e+01
   3.5914840e+06   5.8349609e+01
   3.5916840e+06   3.6560059e+01
   3.5918200e+06   3.4362793e+01
   3.5919340e+06   3.6865234e+01
   3.5919600e+06   4.0710449e+01
   3.5919710e+06   6.2744141e+01
   3.5920190e+06   3.4667969e+01
   3.5920530e+06   4.2358398e+01
   3.5920900e+06   4.4555664e+01
   3.5921040e+06   3.9855957e+01
   3.5921240e+06   3.4118652e+01
   3.5921540e+06   4.9255371e+01
   3.5921700e+06   3.3874512e+01
   3.5921990e+06   6.5673828e+01
   3.5922310e+06   4.4860840e+01
   3.5922860e+06   3.5339355e+01
   3.5923240e+06   5.3405762e+01
   3.5923730e+06   4.0893555e+01
   3.5924400e+06   4.1076660e+01
   3.5924510e+06   3.5949707e+01
   3.5925160e+06   4.0222168e+01
   3.5925300e+06   4.5654297e+01
   3.5925430e+06   4.0771484e+01
   3.5927000e+06   5.2856445e+01
   3.5927840e+06   3.5339355e+01
   3.5928280e+06   3.8513184e+01
   3.5928630e+06   3.3874512e+01
   3.5930260e+06   3.8574219e+01
   3.5931080e+06   5.0781250e+01
   3.5934410e+06   3.8940430e+01
   3.5934610e+06   4.5715332e+01
   3.5934810e+06   3.6560059e+01
   3.5935280e+06   3.6376953e+01
   3.5938290e+06   3.4118652e+01
   3.5939570e+06   3.4545898e+01
   3.8393250e+06   3.5095215e+01
   3.8393730e+06   4.3395996e+01
   3.8394390e+06   4.9194336e+01
   3.8394550e+06   4.6020508e+01
   3.8394720e+06   4.1870117e+01
   3.8394980e+06   3.7780762e+01
   3.8395510e+06   3.5949707e+01
   3.8396160e+06   4.7668457e+01
   3.8396270e+06   4.1625977e+01
   3.8396670e+06   4.1748047e+01
   3.8396980e+06   4.2663574e+01
   3.8397120e+06   4.5410156e+01
   3.8397540e+06   3.8696289e+01
   3.8397830e+06   3.6132812e+01
   3.8398090e+06   3.8391113e+01
   3.8398690e+06   3.7231445e+01
   3.8399000e+06   5.0415039e+01
   3.8399330e+06   3.7963867e+01
   3.8399700e+06   3.8696289e+01
   3.8400410e+06   4.2236328e+01
   3.8401620e+06   3.4423828e+01
   3.8402250e+06   3.6193848e+01
   3.8403360e+06   3.6437988e+01
   3.8404160e+06   3.6987305e+01
   3.8404680e+06   3.8146973e+01
   3.8405370e+06   4.5288086e+01
   3.8405630e+06   3.7658691e+01
   3.8407200e+06   4.6997070e+01
   3.8408430e+06   3.6743164e+01
   3.8408820e+06   3.4423828e+01
   3.8409500e+06   4.8095703e+01
   3.8411790e+06   3.4606934e+01
   3.8412600e+06   3.4545898e+01
   3.8412980e+06   4.2724609e+01
   3.8413920e+06   3.4790039e+01
   3.8414570e+06   3.8452148e+01
   3.8414670e+06   4.2419434e+01
   3.8415110e+06   3.3752441e+01
   3.8416090e+06   5.1757813e+01
   3.8416980e+06   3.9001465e+01
   3.8418380e+06   4.0283203e+01
   3.8418590e+06   3.7963867e+01
   3.8419890e+06   3.8146973e+01
   3.8420980e+06   4.2663574e+01
   3.8421540e+06   4.2602539e+01
   3.8422330e+06   3.4423828e+01
   3.8424880e+06   4.2968750e+01
   3.8428040e+06   4.3884277e+01
   3.8431580e+06   3.5827637e+01
   3.8540500e+06   3.5095215e+01
   3.8585910e+06   5.8044434e+01
   3.8588050e+06   3.7719727e+01
   3.8588510e+06   5.9875488e+01
   3.8589270e+06   4.6325684e+01
   3.8589490e+06   4.1809082e+01
   3.8589790e+06   6.3598633e+01
   3.8590060e+06   5.8227539e+01
   3.8590490e+06   3.6437988e+01
   3.8590650e+06   3.7170410e+01
   3.8590880e+06   5.8288574e+01
   3.8591290e+06   4.4677734e+01
   3.8591510e+06   3.7170410e+01
   3.8592060e+06   4.5227051e+01
   3.8592530e+06   4.6936035e+01
   3.8593040e+06   3.9978027e+01
   3.8593580e+06   3.6071777e+01
   3.8594180e+06   3.9672852e+01
   3.8594690e+06   4.9621582e+01
   3.8595040e+06   3.7719727e+01
   3.8595570e+06   4.2968750e+01
   3.8596370e+06   3.3752441e+01
   3.8596810e+06   4.3945312e+01
   3.8598120e+06   5.6701660e+01
   3.8599540e+06   3.5766602e+01
   3.8599960e+06   3.6621094e+01
   3.8600310e+06   3.4729004e+01
   3.8601420e+06   3.6010742e+01
   3.8601750e+06   3.8085938e+01
   3.8602220e+06   3.6437988e+01
   3.8602330e+06   4.7485352e+01
   3.8604150e+06   3.9794922e+01
   3.8605190e+06   4.0405273e+01
   3.8606660e+06   3.5705566e+01
   3.8606840e+06   3.6376953e+01
   3.8610580e+06   4.5227051e+01
   3.8610880e+06   3.5400391e+01
   3.8611350e+06   3.6621094e+01
   3.8613700e+06   3.6437988e+01
   3.8614070e+06   3.6376953e+01
   3.8614960e+06   3.3935547e+01
   3.8615180e+06   3.5644531e+01
   3.8616230e+06   3.5766602e+01
   3.8619400e+06   3.4057617e+01
   3.8623200e+06   3.8757324e+01
   3.8627360e+06   3.6010742e+01
   3.8632220e+06   3.4240723e+01
   4.3806850e+06   3.5278320e+01
   4.3810760e+06   4.9987793e+01
   4.3811500e+06   4.0649414e+01
   4.3811970e+06   3.3813477e+01
   4.3812070e+06   4.2358398e+01
   4.3812430e+06   4.1198730e+01
   4.3812580e+06   5.2795410e+01
   4.3812940e+06   3.5949707e+01
   4.3813080e+06   4.4250488e+01
   4.3813780e+06   4.7058105e+01
   4.3814010e+06   4.1992188e+01
   4.3814250e+06   3.4606934e+01
   4.3814830e+06   3.8696289e+01
   4.3815090e+06   3.9428711e+01
   4.3815880e+06   7.3303223e+01
   4.3816220e+06   4.1320801e+01
   4.3816320e+06   3.9855957e+01
   4.3816670e+06   3.5766602e+01
   4.3817640e+06   3.7048340e+01
   4.3817930e+06   4.4921875e+01
   4.3818580e+06   3.9367676e+01
   4.3819970e+06   3.8391113e+01
   4.3820380e+06   4.1015625e+01
   4.3820730e+06   4.0588379e+01
   4.3821420e+06   3.5156250e+01
   4.3821610e+06   3.3752441e+01
   4.3822370e+06   3.4118652e+01
   4.3823030e+06   3.5949707e+01
   4.3825030e+06   4.1931152e+01
   4.3825300e+06   3.6499023e+01
   4.3825520e+06   3.5339355e+01
   4.3826390e+06   3.3752441e+01
   4.3827110e+06   3.9306641e+01
   4.3828230e+06   3.4729004e+01
   4.3828660e+06   3.3935547e+01
   4.3829140e+06   3.8757324e+01
   4.3829420e+06   6.2805176e+01
   4.3829760e+06   3.5217285e+01
   4.3830460e+06   3.6560059e+01
   4.3830830e+06   3.4118652e+01
   4.3831650e+06   4.4067383e+01
   4.3831820e+06   3.6193848e+01
   4.3832600e+06   3.8818359e+01
   4.3833400e+06   3.8757324e+01
   4.3835400e+06   4.7851562e+01
   4.3835550e+06   3.4973145e+01
   4.3837640e+06   3.6560059e+01
   4.3837930e+06   3.6926270e+01
   4.3838850e+06   3.6926270e+01
   4.3839260e+06   3.6315918e+01
   4.3842460e+06   4.8095703e+01
   4.3843070e+06   3.5461426e+01
   4.3844400e+06   3.7414551e+01
   4.3847120e+06   3.5156250e+01
   4.3994390e+06   3.7963867e+01
   4.3994850e+06   3.4973145e+01
   4.3996460e+06   3.7231445e+01
   4.3996840e+06   3.6804199e+01
   4.3997430e+06   4.0649414e+01
   4.3997640e+06   3.6437988e+01
   4.3997800e+06   4.3823242e+01
   4.3998110e+06   4.1870117e+01
   4.3998350e+06   4.2907715e+01
   4.3998600e+06   3.3935547e+01
   4.3998710e+06   3.6071777e+01
   4.3999060e+06   3.4423828e+01
   4.3999380e+06   4.1748047e+01
   4.3999750e+06   3.7780762e+01
   4.4000240e+06   3.4179688e+01
   4.4000960e+06   3.8085938e+01
   4.4003840e+06   3.6010742e+01
   4.4004350e+06   5.4931641e+01
   4.4005250e+06   3.4729004e+01
   4.4006710e+06   3.3996582e+01
   4.4008120e+06   4.3457031e+01
   4.4008750e+06   3.5156250e+01
   4.4009780e+06   3.4729004e+01
   4.4010200e+06   3.8452148e+01
   4.4012190e+06   4.2541504e+01
   4.4017070e+06   3.5949707e+01
   4.4019800e+06   3.4301758e+01
   4.4020060e+06   3.8024902e+01
   4.4024040e+06   3.4973145e+01
   4.4030220e+06   3.7414551e+01
   4.4034220e+06   3.3996582e+01
   4.4040090e+06   3.4179688e+01
   4.4355000e+06   5.5175781e+01
   4.4357380e+06   3.9672852e+01
   4.4357480e+06   4.4738770e+01
   4.4358280e+06   3.4851074e+01
   4.4358600e+06   3.4606934e+01
   4.4358710e+06   3.9428711e+01
   4.4358970e+06   3.6621094e+01
   4.4359210e+06   3.4851074e+01
   4.4359370e+06   3.5949707e+01
   4.4359780e+06   5.2368164e+01
   4.4359890e+06   3.5217285e+01
   4.4360190e+06   5.2978516e+01
   4.4360460e+06   4.1625977e+01
   4.4360960e+06   4.1259766e+01
   4.4361270e+06   3.7780762e+01
   4.4361960e+06   5.2734375e+01
   4.4363030e+06   3.4851074e+01
   4.4363510e+06   4.1748047e+01
   4.4364220e+06   3.7536621e+01
   4.4365480e+06   3.4790039e+01
   4.4366730e+06   4.1076660e+01
   4.4368830e+06   4.2968750e+01
   4.4369260e+06   3.8696289e+01
   4.4369890e+06   4.7790527e+01
   4.4370980e+06   3.5888672e+01
   4.4374410e+06   3.7902832e+01
   4.4374810e+06   3.7597656e+01
   4.4375230e+06   3.5278320e+01
   4.4375970e+06   4.8767090e+01
   4.4377210e+06   4.6020508e+01
   4.4378730e+06   3.8696289e+01
   4.4382310e+06   3.9489746e+01
   4.4385310e+06   3.4545898e+01
   4.4866050e+06   5.1452637e+01
   4.4867340e+06   4.1748047e+01
   4.4868380e+06   3.5034180e+01
   4.4868690e+06   4.8583984e+01
   4.4868830e+06   5.8776855e+01
   4.4869260e+06   3.9611816e+01
   4.4869360e+06   4.0222168e+01
   4.4869680e+06   4.0954590e+01
   4.4869800e+06   5.1940918e+01
   4.4870100e+06   3.9916992e+01
   4.4870390e+06   3.5156250e+01
   4.4870580e+06   3.5400391e+01
   4.4870790e+06   3.5156250e+01
   4.4871230e+06   4.2480469e+01
   4.4871620e+06   3.6926270e+01
   4.4872340e+06   3.9123535e+01
   4.4873250e+06   4.3701172e+01
   4.4873360e+06   5.0109863e+01
   4.4873530e+06   3.9306641e+01
   4.4873770e+06   4.6508789e+01
   4.4875340e+06   4.0222168e+01
   4.4875840e+06   3.5949707e+01
   4.4877350e+06   3.8879395e+01
   4.4878370e+06   3.8208008e+01
   4.4878670e+06   3.9794922e+01
   4.4879250e+06   4.5104980e+01
   4.4880400e+06   4.0283203e+01
   4.4880780e+06   4.0466309e+01
   4.4881280e+06   3.8024902e+01
   4.4883190e+06   3.6376953e+01
   4.4884480e+06   3.4729004e+01
   4.4886560e+06   3.4423828e+01
   4.4887520e+06   5.0537109e+01
   4.4888070e+06   4.1259766e+01
   4.4890700e+06   4.0893555e+01
   4.4891650e+06   5.3100586e+01
   4.4898780e+06   3.4484863e+01
   4.5752070e+06   5.6518555e+01
   4.5754200e+06   5.4077148e+01
   4.5754800e+06   4.9499512e+01
   4.5755070e+06   3.9733887e+01
   4.5755250e+06   4.5593262e+01
   4.5755500e+06   3.8879395e+01
   4.5755970e+06   3.6315918e+01
   4.5756130e+06   3.8208008e+01
   4.5756480e+06   3.6804199e+01
   4.5756680e+06   5.0170898e+01
   4.5756860e+06   4.0954590e+01
   4.5757110e+06   3.7231445e+01
   4.5757370e+06   4.0344238e+01
   4.5757790e+06   4.0954590e+01
   4.5758040e+06   3.7536621e+01
   4.5758700e+06   3.6132812e+01
   4.5760080e+06   4.5349121e+01
   4.5760380e+06   3.4790039e+01
   4.5761120e+06   3.5034180e+01
   4.5762280e+06   4.2724609e+01
   4.5762510e+06   4.1625977e+01
   4.5763030e+06   4.1809082e+01
   4.5763790e+06   3.6804199e+01
   4.5764590e+06   3.5217285e+01
   4.5767860e+06   5.1635742e+01
   4.5768360e+06   3.6804199e+01
   4.5768720e+06   3.3752441e+01
   4.5778450e+06   3.5095215e+01
   4.6191280e+06   4.5471191e+01
   4.6191800e+06   4.2541504e+01
   4.6192670e+06   4.9133301e+01
   4.6193570e+06   3.3874512e+01
   4.6194080e+06   3.8940430e+01
   4.6194560e+06   5.3344727e+01
   4.6194680e+06   5.7006836e+01
   4.6195220e+06   3.4423828e+01
   4.6195400e+06   3.6193848e+01
   4.6195540e+06   6.7565918e+01
   4.6195870e+06   5.7189941e+01
   4.6196150e+06   3.6071777e+01
   4.6196300e+06   4.2053223e+01
   4.6196610e+06   3.8513184e+01
   4.6196920e+06   5.1269531e+01
   4.6197730e+06   3.6193848e+01
   4.6197910e+06   4.0344238e+01
   4.6198160e+06   3.6254883e+01
   4.6199030e+06   3.8391113e+01
   4.6200740e+06   3.6865234e+01
   4.6201810e+06   3.6682129e+01
   4.6202630e+06   3.6193848e+01
   4.6203010e+06   4.8339844e+01
   4.6203700e+06   3.4057617e+01
   4.6205450e+06   4.2236328e+01
   4.6205720e+06   4.0649414e+01
   4.6208200e+06   3.8879395e+01
   4.6208300e+06   4.0344238e+01
   4.6209800e+06   3.3874512e+01
   4.6210120e+06   3.4851074e+01
   4.6211770e+06   4.4006348e+01
   4.6748250e+06   3.9367676e+01
   4.6748540e+06   7.6721191e+01
   4.6749210e+06   3.5522461e+01
   4.6750040e+06   3.9611816e+01
   4.6750180e+06   5.0476074e+01
   4.6750470e+06   4.4921875e+01
   4.6750970e+06   3.3813477e+01
   4.6751290e+06   4.1076660e+01
   4.6751580e+06   8.2824707e+01
   4.6752560e+06   3.8574219e+01
   4.6752970e+06   4.1015625e+01
   4.6753340e+06   3.7292480e+01
   4.6753800e+06   3.4851074e+01
   4.6754270e+06   4.3640137e+01
   4.6754620e+06   3.9550781e+01
   4.6754770e+06   3.6254883e+01
   4.6756090e+06   3.7780762e+01
   4.6756730e+06   3.3935547e+01
   4.6757080e+06   3.5705566e+01
   4.6757670e+06   3.8391113e+01
   4.6758270e+06   3.3752441e+01
   4.6758900e+06   4.2297363e+01
   4.6760650e+06   4.2053223e+01
   4.6760900e+06   4.0832520e+01
   4.6761590e+06   3.5400391e+01
   4.6763440e+06   3.8635254e+01
   4.6763600e+06   3.7414551e+01
   4.6765190e+06   3.4912109e+01
   4.6765350e+06   3.9428711e+01
   4.6766600e+06   4.0832520e+01
   4.6768960e+06   3.5522461e+01
   4.7231530e+06   6.0852051e+01
   4.7233240e+06   3.5827637e+01
   4.7234050e+06   5.1574707e+01
   4.7234310e+06   3.5522461e+01
   4.7234660e+06   4.7424316e+01
   4.7234950e+06   4.6142578e+01
   4.7235250e+06   3.8574219e+01
   4.7235350e+06   5.1696777e+01
   4.7235670e+06   3.7902832e+01
   4.7235820e+06   3.5461426e+01
   4.7236550e+06   3.3813477e+01
   4.7236670e+06   3.9916992e+01
   4.7237320e+06   3.7963867e+01
   4.7237700e+06   3.8757324e+01
   4.7237930e+06   4.4372559e+01
   4.7238170e+06   3.6621094e+01
   4.7238520e+06   4.4799805e+01
   4.7239100e+06   3.7597656e+01
   4.7239370e+06   4.1992188e+01
   4.7239480e+06   3.4545898e+01
   4.7239910e+06   4.1564941e+01
   4.7240590e+06   3.5339355e+01
   4.7240830e+06   3.8085938e+01
   4.7241760e+06   3.9489746e+01
   4.7242610e+06   4.0649414e+01
   4.7244020e+06   3.4362793e+01
   4.7244980e+06   4.1381836e+01
   4.7245520e+06   3.5461426e+01
   4.7246530e+06   3.6193848e+01
   4.7247420e+06   5.8227539e+01
   4.7249810e+06   3.8391113e+01
   4.7252400e+06   3.4179688e+01
   4.7254670e+06   3.4973145e+01
   5.1614430e+06   4.7790527e+01
   5.1614540e+06   3.4790039e+01
   5.1615610e+06   3.8574219e+01
   5.1616120e+06   3.4057617e+01
   5.1616730e+06   4.1442871e+01
   5.1616940e+06   3.6132812e+01
   5.1617070e+06   3.3935547e+01
   5.1617380e+06   6.4392090e+01
   5.1617930e+06   4.4311523e+01
   5.1618150e+06   3.9428711e+01
   5.1618420e+06   4.9194336e+01
   5.1618870e+06   3.4606934e+01
   5.1619120e+06   3.9916992e+01
   5.1619280e+06   5.0354004e+01
   5.1619470e+06   4.0100098e+01
   5.1620810e+06   3.4606934e+01
   5.1621050e+06   4.1137695e+01
   5.1622370e+06   3.7353516e+01
   5.1622910e+06   3.5827637e+01
   5.1623300e+06   3.9550781e+01
   5.1624190e+06   3.4057617e+01
   5.1624990e+06   4.0771484e+01
   5.1625200e+06   3.6743164e+01
   5.1625660e+06   3.4545898e+01
   5.1625900e+06   3.3874512e+01
   5.1626510e+06   3.7963867e+01
   5.1627280e+06   3.5705566e+01
   5.1629180e+06   4.4372559e+01
   5.1631270e+06   3.9489746e+01
   5.1632090e+06   4.0161133e+01
   5.1632330e+06   3.5644531e+01
   5.1632540e+06   3.5888672e+01
   5.1632910e+06   3.8146973e+01
   5.1634850e+06   4.4128418e+01
   5.1636170e+06   3.8757324e+01
   5.1637600e+06   4.5288086e+01
   5.1639680e+06   3.4057617e+01
   5.1641170e+06   3.8513184e+01
   5.1642600e+06   3.4790039e+01
   5.1645590e+06   3.6376953e+01
   5.1647110e+06   3.6987305e+01
   5.1828040e+06   3.8269043e+01
   5.1830280e+06   3.8208008e+01
   5.1830820e+06   3.9306641e+01
   5.1831180e+06   3.8391113e+01
   5.1831370e+06   4.5532227e+01
   5.1831660e+06   4.2175293e+01
   5.1832040e+06   3.9306641e+01
   5.1832430e+06   3.6376953e+01
   5.1832660e+06   3.4362793e+01
   5.1833130e+06   3.8696289e+01
   5.1833470e+06   3.7048340e+01
   5.1833800e+06   4.1259766e+01
   5.1834240e+06   4.6997070e+01
   5.1835240e+06   3.4667969e+01
   5.1835620e+06   3.7292480e+01
   5.1836260e+06   3.5644531e+01
   5.1837020e+06   3.6132812e+01
   5.1839110e+06   3.6071777e+01
   5.1840380e+06   3.5034180e+01
   5.1840840e+06   3.5888672e+01
   5.1841330e+06   3.6499023e+01
   5.1842530e+06   4.4189453e+01
   5.1844100e+06   3.8696289e+01
   5.1844590e+06   3.9184570e+01
   5.1844890e+06   3.5156250e+01
   5.1845880e+06   3.4973145e+01
   5.1848500e+06   3.6682129e+01
   5.1849510e+06   3.8269043e+01
   5.1852320e+06   4.8217773e+01
   5.1855170e+06   4.0283203e+01
   5.1857790e+06   3.5949707e+01
   5.1857980e+06   3.4057617e+01
   5.1858310e+06   3.6315918e+01
   5.1860550e+06   3.6621094e+01
   5.1863010e+06   3.4240723e+01
   5.1864760e+06   4.0222168e+01
   5.1869150e+06   4.0039062e+01
   5.2073530e+06   3.4362793e+01
   5.2368490e+06   5.0109863e+01
   5.2370340e+06   3.6193848e+01
   5.2370490e+06   3.5400391e+01
   5.2371000e+06   5.2612305e+01
   5.2371630e+06   4.8889160e+01
   5.2371790e+06   3.4606934e+01
   5.2372040e+06   4.0222168e+01
   5.2372300e+06   4.4860840e+01
   5.2372590e+06   4.8400879e+01
   5.2372800e+06   4.6936035e+01
   5.2373030e+06   5.1269531e+01
   5.2373290e+06   4.6081543e+01
   5.2373900e+06   4.5471191e+01
   5.2374430e+06   3.8085938e+01
   5.2375100e+06   3.3996582e+01
   5.2375620e+06   3.9489746e+01
   5.2376930e+06   3.4362793e+01
   5.2377550e+06   3.9062500e+01
   5.2377890e+06   3.3996582e+01
   5.2378670e+06   3.5949707e+01
   5.2379010e+06   4.2724609e+01
   5.2379370e+06   3.4362793e+01
   5.2379820e+06   4.3884277e+01
   5.2380330e+06   3.8085938e+01
   5.2380860e+06   4.5959473e+01
   5.2381050e+06   3.6132812e+01
   5.2382020e+06   4.1992188e+01
   5.2382740e+06   4.7607422e+01
   5.2383310e+06   3.4240723e+01
   5.2384630e+06   3.9978027e+01
   5.2384900e+06   3.5217285e+01
   5.2385380e+06   3.7231445e+01
   5.2388040e+06   3.5034180e+01
   5.2388330e+06   3.5339355e+01
   5.2389530e+06   3.8757324e+01
   5.2390420e+06   4.0588379e+01
   5.2390960e+06   3.4729004e+01
   5.2391200e+06   3.4790039e+01
   5.2396280e+06   3.4301758e+01
   5.2397540e+06   3.9489746e+01
   5.2946810e+06   5.1818848e+01
   5.2948560e+06   3.5034180e+01
   5.2948820e+06   4.8950195e+01
   5.2949650e+06   5.1025391e+01
   5.2949870e+06   3.4240723e+01
   5.2950040e+06   3.5217285e+01
   5.2950320e+06   4.0344238e+01
   5.2950680e+06   4.2175293e+01
   5.2950820e+06   4.0039062e+01
   5.2950940e+06   3.7597656e+01
   5.2951100e+06   4.0954590e+01
   5.2951430e+06   5.7556152e+01
   5.2951620e+06   3.9978027e+01
   5.2951820e+06   4.5715332e+01
   5.2952510e+06   3.4973145e+01
   5.2952760e+06   4.0893555e+01
   5.2952990e+06   3.6560059e+01
   5.2953280e+06   3.7475586e+01
   5.2953750e+06   4.0405273e+01
   5.2954050e+06   4.3518066e+01
   5.2954270e+06   3.4484863e+01
   5.2954480e+06   3.6376953e+01
   5.2954820e+06   3.4729004e+01
   5.2955630e+06   3.4790039e+01
   5.2956070e+06   4.3762207e+01
   5.2957510e+06   3.8696289e+01
   5.2958200e+06   3.9306641e+01
   5.2958590e+06   3.4667969e+01
   5.2959600e+06   3.8024902e+01
   5.2960440e+06   4.1748047e+01
   5.2961860e+06   5.0354004e+01
   5.2962120e+06   3.6926270e+01
   5.2963970e+06   3.4790039e+01
   5.2964080e+06   3.4179688e+01
   5.2965460e+06   4.5593262e+01
   5.2966180e+06   4.3457031e+01
   5.2966490e+06   3.5217285e+01
   5.2967020e+06   3.7353516e+01
   5.2967500e+06   3.8818359e+01
   5.2968040e+06   3.3935547e+01
   5.2971520e+06   3.6499023e+01
   5.2971910e+06   3.6560059e+01
   5.2973060e+06   3.4851074e+01
   5.3340170e+06   4.5166016e+01
   5.3340680e+06   3.4423828e+01
   5.3342350e+06   4.5898438e+01
   5.3343460e+06   3.5522461e+01
   5.3343630e+06   4.9804688e+01
   5.3343880e+06   3.8879395e+01
   5.3344490e+06   3.8146973e+01
   5.3344600e+06   4.9072266e+01
   5.3345020e+06   4.4799805e+01
   5.3345420e+06   3.9001465e+01
   5.3345640e+06   4.5288086e+01
   5.3345980e+06   4.5104980e+01
   5.3346390e+06   3.8696289e+01
   5.3346540e+06   3.8696289e+01
   5.3346800e+06   3.5888672e+01
   5.3347380e+06   3.7292480e+01
   5.3348060e+06   3.8452148e+01
   5.3348520e+06   3.6499023e+01
   5.3349010e+06   4.5654297e+01
   5.3349330e+06   3.8513184e+01
   5.3349530e+06   3.4301758e+01
   5.3350980e+06   4.1870117e+01
   5.3351720e+06   3.3935547e+01
   5.3353100e+06   3.4179688e+01
   5.3355550e+06   3.6926270e+01
   5.3356010e+06   4.3090820e+01
   5.3356440e+06   3.6743164e+01
   5.3358170e+06   4.8461914e+01
   5.3359840e+06   4.1015625e+01
   5.3360060e+06   3.6987305e+01
   5.3360340e+06   3.5583496e+01
   5.3362950e+06   3.6926270e+01
   5.3367610e+06   3.8330078e+01
   5.9276860e+06   3.4851074e+01
   5.9277150e+06   4.2846680e+01
   5.9278050e+06   3.5644531e+01
   5.9278200e+06   4.1320801e+01
   5.9278420e+06   3.8574219e+01
   5.9278720e+06   4.2602539e+01
   5.9279100e+06   3.7780762e+01
   5.9279280e+06   4.6447754e+01
   5.9279540e+06   5.8654785e+01
   5.9279800e+06   3.9062500e+01
   5.9280520e+06   3.6437988e+01
   5.9280650e+06   4.1992188e+01
   5.9281000e+06   3.6193848e+01
   5.9281740e+06   3.9367676e+01
   5.9282000e+06   3.7658691e+01
   5.9282290e+06   3.8330078e+01
   5.9282850e+06   3.8146973e+01
   5.9284280e+06   3.4851074e+01
   5.9285220e+06   3.5461426e+01
   5.9285560e+06   3.4179688e+01
   5.9287190e+06   3.7963867e+01
   5.9287470e+06   3.4912109e+01
   5.9287720e+06   3.3935547e+01
   5.9288520e+06   4.0039062e+01
   5.9288810e+06   4.1687012e+01
   5.9290560e+06   3.4667969e+01
   5.9293210e+06   3.4423828e+01
   5.9294900e+06   4.5898438e+01
   5.9296180e+06   4.0527344e+01
   5.9296650e+06   3.6987305e+01
   5.9297310e+06   3.3874512e+01
   5.9300120e+06   4.3212891e+01
   5.9300580e+06   4.5410156e+01
   5.9302470e+06   4.0588379e+01
   5.9303040e+06   4.3273926e+01
   5.9306130e+06   4.0710449e+01
   5.9309530e+06   4.2602539e+01
   5.9310450e+06   3.3874512e+01
   5.9320760e+06   3.5583496e+01
   5.9345760e+06   3.5461426e+01
   5.9452860e+06   3.5766602e+01
   5.9455460e+06   4.7668457e+01
   5.9455850e+06   4.2907715e+01
   5.9456030e+06   3.7231445e+01
   5.9456570e+06   3.8330078e+01
   5.9457110e+06   3.8024902e+01
   5.9457210e+06   3.5339355e+01
   5.9457550e+06   3.4118652e+01
   5.9458460e+06   3.8696289e+01
   5.9458580e+06   3.7902832e+01
   5.9458950e+06   3.3874512e+01
   5.9459400e+06   3.5461426e+01
   5.9459660e+06   4.5532227e+01
   5.9460190e+06   4.0466309e+01
   5.9460500e+06   3.7170410e+01
   5.9460780e+06   3.9306641e+01
   5.9461730e+06   4.5166016e+01
   5.9462040e+06   4.5715332e+01
   5.9462330e+06   3.7475586e+01
   5.9464840e+06   3.5278320e+01
   5.9465230e+06   3.6682129e+01
   5.9469270e+06   3.9123535e+01
   5.9469700e+06   3.5400391e+01
   5.9471880e+06   4.4860840e+01
   5.9473560e+06   3.7414551e+01
   5.9476540e+06   3.5644531e+01
   5.9477300e+06   3.9611816e+01
   5.9478600e+06   3.3935547e+01
   5.9481700e+06   4.0588379e+01
   5.9483000e+06   3.3874512e+01
   5.9484810e+06   4.2846680e+01
   5.9490860e+06   3.5156250e+01
   5.9491580e+06   5.0415039e+01
   5.9495070e+06   3.8513184e+01
   5.9880780e+06   3.5766602e+01
   5.9881700e+06   3.6621094e+01
   5.9883000e+06   3.3935547e+01
   5.9883690e+06   5.8715820e+01
   5.9884230e+06   3.3874512e+01
   5.9884370e+06   3.5278320e+01
   5.9884850e+06   3.8574219e+01
   5.9884960e+06   4.5776367e+01
   5.9885140e+06   4.6936035e+01
   5.9885420e+06   4.5593262e+01
   5.9885560e+06   3.6865234e+01
   5.9885800e+06   5.0781250e+01
   5.9886300e+06   3.7902832e+01
   5.9886450e+06   3.7231445e+01
   5.9887410e+06   3.9184570e+01
   5.9887570e+06   3.9489746e+01
   5.9888230e+06   3.9489746e+01
   5.9888590e+06   4.1259766e+01
   5.9890300e+06   3.6437988e+01
   5.9892740e+06   4.1259766e+01
   5.9894540e+06   3.8269043e+01
   5.9896410e+06   4.7607422e+01
   5.9897480e+06   3.5522461e+01
   5.9898400e+06   4.6997070e+01
   5.9900360e+06   3.5095215e+01
   5.9900590e+06   3.5461426e+01
   5.9902140e+06   3.4057617e+01
   5.9902710e+06   3.4667969e+01
   5.9903070e+06   3.4484863e+01
   5.9905850e+06   4.1809082e+01
   5.9907270e+06   3.7048340e+01
   5.9909360e+06   3.8085938e+01
   6.0518170e+06   3.5339355e+01
   6.0521540e+06   5.2246094e+01
   6.0522120e+06   3.7841797e+01
   6.0522660e+06   4.3945312e+01
   6.0522860e+06   3.8757324e+01
   6.0523670e+06   3.6499023e+01
   6.0523980e+06   5.6152344e+01
   6.0524230e+06   4.9926758e+01
   6.0524350e+06   5.0048828e+01
   6.0524450e+06   3.6437988e+01
   6.0525000e+06   3.7658691e+01
   6.0525960e+06   4.7546387e+01
   6.0526330e+06   3.4484863e+01
   6.0526960e+06   3.6132812e+01
   6.0527140e+06   3.7231445e+01
   6.0528590e+06   4.8889160e+01
   6.0529190e+06   3.4606934e+01
   6.0530950e+06   3.7536621e+01
   6.0532410e+06   3.6010742e+01
   6.0532570e+06   4.2114258e+01
   6.0534020e+06   4.1259766e+01
   6.0534410e+06   3.7719727e+01
   6.0534970e+06   4.0222168e+01
   6.0537190e+06   4.1625977e+01
   6.0537570e+06   3.6193848e+01
   6.0540400e+06   3.5278320e+01
   6.0893270e+06   5.2062988e+01
   6.0894150e+06   3.4484863e+01
   6.0894520e+06   4.1442871e+01
   6.0895180e+06   6.0546875e+01
   6.0896730e+06   3.9672852e+01
   6.0897040e+06   4.6264648e+01
   6.0897280e+06   4.0466309e+01
   6.0897700e+06   3.6926270e+01
   6.0898280e+06   4.0405273e+01
   6.0898400e+06   4.0039062e+01
   6.0898680e+06   3.5827637e+01
   6.0899100e+06   3.4912109e+01
   6.0899630e+06   3.9611816e+01
   6.0899910e+06   4.0771484e+01
   6.0900520e+06   3.4790039e+01
   6.0901860e+06   3.5522461e+01
   6.0902350e+06   3.6743164e+01
   6.0903000e+06   4.6386719e+01
   6.0903640e+06   3.7719727e+01
   6.0904020e+06   4.2114258e+01
   6.0905090e+06   4.5043945e+01
   6.0905300e+06   4.0039062e+01
   6.0905830e+06   3.8146973e+01
   6.0907140e+06   3.5034180e+01
   6.0908650e+06   4.0954590e+01
   6.0909240e+06   3.9978027e+01
   6.0910480e+06   3.4851074e+01
   6.0910970e+06   3.6865234e+01
   6.0911230e+06   3.5705566e+01
   6.0913700e+06   4.1870117e+01
   6.0914740e+06   3.6743164e+01
   6.0918140e+06   3.8269043e+01
   6.1220960e+06   4.1259766e+01
   6.1222910e+06   4.1259766e+01
   6.1223130e+06   3.4606934e+01
   6.1223500e+06   6.2805176e+01
   6.1223620e+06   4.5959473e+01
   6.1224200e+06   3.7780762e+01
   6.1224480e+06   3.5095215e+01
   6.1224820e+06   3.9001465e+01
   6.1225160e+06   4.6020508e+01
   6.1225580e+06   3.8024902e+01
   6.1225790e+06   4.3029785e+01
   6.1226060e+06   3.5583496e+01
   6.1227150e+06   3.7109375e+01
   6.1227600e+06   4.0405273e+01
   6.1227960e+06   4.3395996e+01
   6.1228160e+06   4.0893555e+01
   6.1229250e+06   3.4729004e+01
   6.1230890e+06   4.1503906e+01
   6.1231110e+06   3.8146973e+01
   6.1231210e+06   3.5278320e+01
   6.1231740e+06   3.4790039e+01
   6.1235140e+06   4.1687012e+01
   6.1237690e+06   4.4860840e+01
   6.1241470e+06   4.6875000e+01
   6.1243720e+06   3.6926270e+01
   6.1277240e+06   3.5278320e+01
   6.1568390e+06   3.6315918e+01
   6.1569460e+06   4.2114258e+01
   6.1569860e+06   3.6010742e+01
   6.1570180e+06   4.6203613e+01
   6.1570290e+06   4.8156738e+01
   6.1570560e+06   3.9489746e+01
   6.1570840e+06   3.9550781e+01
   6.1571030e+06   4.6569824e+01
   6.1571260e+06   3.9672852e+01
   6.1571810e+06   3.6804199e+01
   6.1572220e+06   4.3579102e+01
   6.1572650e+06   3.6804199e+01
   6.1573560e+06   3.5522461e+01
   6.1573930e+06   3.7963867e+01
   6.1574410e+06   4.3640137e+01
   6.1575300e+06   3.5705566e+01
   6.1576790e+06   5.0048828e+01
   6.1577000e+06   4.1076660e+01
   6.1577780e+06   3.4667969e+01
   6.1579820e+06   3.6865234e+01
   6.1581970e+06   3.6376953e+01
   6.1582510e+06   3.5278320e+01
   6.1582650e+06   3.7170410e+01
   6.1583260e+06   3.7109375e+01
   6.1586310e+06   3.5156250e+01
   6.1895940e+06   5.4016113e+01
   6.1897720e+06   4.7058105e+01
   6.1898010e+06   4.8889160e+01
   6.1898440e+06   5.2673340e+01
   6.1898690e+06   4.5471191e+01
   6.1899090e+06   5.1086426e+01
   6.1899230e+06   3.5766602e+01
   6.1899650e+06   4.1381836e+01
   6.1900160e+06   4.1381836e+01
   6.1900340e+06   3.7109375e+01
   6.1900900e+06   4.6936035e+01
   6.1901080e+06   3.4667969e+01
   6.1901560e+06   3.5827637e+01
   6.1901800e+06   4.8767090e+01
   6.1902100e+06   3.6743164e+01
   6.1903560e+06   4.0283203e+01
   6.1903960e+06   3.6376953e+01
   6.1904100e+06   3.5583496e+01
   6.1905460e+06   4.1931152e+01
   6.1905950e+06   3.7963867e+01
   6.1907840e+06   3.8757324e+01
   6.1908050e+06   3.5278320e+01
   6.1908250e+06   3.6010742e+01
   6.1910070e+06   3.5583496e+01
   6.1911550e+06   3.9001465e+01
   6.1913060e+06   4.3029785e+01
   6.1915070e+06   3.6437988e+01
   6.2272810e+06   3.5705566e+01
   6.2272990e+06   6.1889648e+01
   6.2273490e+06   3.8574219e+01
   6.2274320e+06   3.7170410e+01
   6.2274690e+06   3.7048340e+01
   6.2274890e+06   3.4606934e+01
   6.2275240e+06   4.4311523e+01
   6.2275350e+06   4.9194336e+01
   6.2276470e+06   3.5217285e+01
   6.2276580e+06   4.5593262e+01
   6.2276830e+06   4.2480469e+01
   6.2277820e+06   3.6193848e+01
   6.2279010e+06   3.5522461e+01
   6.2279280e+06   3.5705566e+01
   6.2279450e+06   4.9743652e+01
   6.2280100e+06   3.7292480e+01
   6.2280280e+06   3.5888672e+01
   6.2281290e+06   3.9489746e+01
   6.2281630e+06   4.0771484e+01
   6.2281930e+06   3.5400391e+01
   6.2282060e+06   3.9062500e+01
   6.2283290e+06   4.5104980e+01
   6.2283520e+06   3.9489746e+01
   6.2285450e+06   4.3151855e+01
   6.2286650e+06   4.0649414e+01
   6.2287090e+06   3.4667969e+01
   6.2288660e+06   3.4667969e+01
   6.2494860e+06   3.5827637e+01
   6.2665330e+06   6.1645508e+01
   6.2666120e+06   3.8696289e+01
   6.2667380e+06   5.0842285e+01
   6.2668050e+06   3.9489746e+01
   6.2668440e+06   7.4890137e+01
   6.2668710e+06   4.0954590e+01
   6.2669290e+06   3.5522461e+01
   6.2669780e+06   5.6640625e+01
   6.2670080e+06   3.6560059e+01
   6.2670960e+06   3.5156250e+01
   6.2671470e+06   3.8024902e+01
   6.2672510e+06   4.4128418e+01
   6.2672790e+06   4.0771484e+01
   6.2673600e+06   6.1035156e+01
   6.2675260e+06   3.5339355e+01
   6.2676210e+06   3.8391113e+01
   6.2677290e+06   3.4729004e+01
   6.2678120e+06   3.6315918e+01
   6.2678690e+06   3.5339355e+01
   6.2679580e+06   3.6437988e+01
   6.2680500e+06   5.0170898e+01
   6.2683060e+06   4.2663574e+01
   6.2684640e+06   4.0893555e+01
   6.2686550e+06   3.5339355e+01
   6.3301420e+06   6.0058594e+01
   6.3302550e+06   3.6376953e+01
   6.3302870e+06   3.4606934e+01
   6.3303110e+06   4.1564941e+01
   6.3303410e+06   4.3518066e+01
   6.3303730e+06   4.6875000e+01
   6.3304000e+06   4.1320801e+01
   6.3304190e+06   3.5644531e+01
   6.3304520e+06   3.7048340e+01
   6.3304740e+06   4.1870117e+01
   6.3305020e+06   3.4912109e+01
   6.3306220e+06   3.4912109e+01
   6.3307210e+06   3.6804199e+01
   6.3308270e+06   3.8574219e+01
   6.3308390e+06   3.6865234e+01
   6.3308760e+06   3.7597656e+01
   6.3309140e+06   3.7109375e+01
   6.3309370e+06   4.1015625e+01
   6.3310160e+06   4.1259766e+01
   6.3310300e+06   3.5644531e+01
   6.3311080e+06   3.4973145e+01
   6.3312570e+06   3.5217285e+01
   6.3313130e+06   3.5583496e+01
   6.3313470e+06   4.3579102e+01
   6.3314240e+06   3.7902832e+01
   6.3314950e+06   4.4189453e+01
   6.3316770e+06   4.2358398e+01
   6.3317920e+06   3.5705566e+01
   6.3318420e+06   4.1076660e+01
   6.3322700e+06   3.9611816e+01
   6.9357950e+06   3.7414551e+01
   6.9358500e+06   5.4443359e+01
   6.9359090e+06   3.9306641e+01
   6.9359590e+06   3.8757324e+01
   6.9359990e+06   3.9672852e+01
   6.9360300e+06   3.7170410e+01
   6.9360570e+06   3.6010742e+01
   6.9360890e+06   4.7546387e+01
   6.9361220e+06   3.5400391e+01
   6.9361620e+06   4.1198730e+01
   6.9362590e+06   4.4128418e+01
   6.9363280e+06   3.5705566e+01
   6.9363580e+06   3.5705566e+01
   6.9366010e+06   3.5461426e+01
   6.9367820e+06   4.7668457e+01
   6.9369210e+06   3.6682129e+01
   6.9369710e+06   3.9184570e+01
   6.9371360e+06   4.1625977e+01
   6.9373150e+06   4.1870117e+01
   6.9374610e+06   3.4484863e+01
   6.9375580e+06   4.2480469e+01
   6.9376890e+06   4.0832520e+01
   6.9378100e+06   4.4067383e+01
   6.9380800e+06   4.2724609e+01
   6.9381410e+06   3.4790039e+01
   6.9382420e+06   3.7780762e+01
   6.9383730e+06   3.7780762e+01
   6.9384250e+06   3.5522461e+01
   6.9384780e+06   4.1015625e+01
   6.9385060e+06   3.7719727e+01
   6.9386620e+06   3.5156250e+01
   6.9386970e+06   3.4667969e+01
   6.9387200e+06   4.6081543e+01
   6.9389610e+06   3.6987305e+01
   6.9390020e+06   3.6071777e+01
   6.9393770e+06   3.8024902e+01
   6.9396870e+06   4.0893555e+01
   6.9535650e+06   4.0405273e+01
   6.9538070e+06   5.7861328e+01
   6.9538580e+06   3.4484863e+01
   6.9539820e+06   4.7973633e+01
   6.9540360e+06   4.4677734e+01
   6.9540500e+06   3.9184570e+01
   6.9540830e+06   4.2358398e+01
   6.9541870e+06   4.2724609e+01
   6.9544360e+06   4.5898438e+01
   6.9544960e+06   3.6743164e+01
   6.9545210e+06   3.4912109e+01
   6.9546630e+06   3.5400391e+01
   6.9547280e+06   3.5949707e+01
   6.9548620e+06   4.3640137e+01
   6.9550420e+06   3.9916992e+01
   6.9552420e+06   4.1198730e+01
   6.9554490e+06   3.6621094e+01
   6.9555310e+06   3.6926270e+01
   6.9555470e+06   4.0649414e+01
   6.9555630e+06   3.4851074e+01
   6.9557140e+06   3.8146973e+01
   6.9559570e+06   4.7668457e+01
   6.9560950e+06   3.8391113e+01
   6.9564680e+06   3.7353516e+01
   6.9566620e+06   3.5156250e+01
   6.9567300e+06   3.7658691e+01
   6.9573700e+06   3.8208008e+01
   6.9886250e+06   4.0588379e+01
   6.9887180e+06   3.7902832e+01
   6.9888020e+06   4.3457031e+01
   6.9888400e+06   4.1870117e+01
   6.9888630e+06   4.5043945e+01
   6.9888850e+06   3.6987305e+01
   6.9889230e+06   3.9123535e+01
   6.9889500e+06   4.5715332e+01
   6.9889890e+06   4.3762207e+01
   6.9890010e+06   3.5705566e+01
   6.9890420e+06   4.0283203e+01
   6.9890680e+06   3.5339355e+01
   6.9891870e+06   4.1198730e+01
   6.9892270e+06   3.7292480e+01
   6.9892790e+06   3.7841797e+01
   6.9892920e+06   4.4860840e+01
   6.9893970e+06   3.6071777e+01
   6.9896170e+06   3.7658691e+01
   6.9897360e+06   3.5522461e+01
   6.9898500e+06   4.1503906e+01
   6.9898820e+06   4.9560547e+01
   6.9899710e+06   3.7231445e+01
   6.9901280e+06   4.0344238e+01
   6.9903360e+06   3.4912109e+01
   6.9906440e+06   3.4484863e+01
   6.9906880e+06   3.4973145e+01
   6.9908140e+06   3.5705566e+01
   6.9915780e+06   3.6071777e+01
   6.9919030e+06   3.6865234e+01
   6.9924140e+06   4.6936035e+01
   7.0225760e+06   4.1503906e+01
   7.0227080e+06   4.2785645e+01
   7.0227720e+06   4.7790527e+01
   7.0227890e+06   4.6508789e+01
   7.0228070e+06   3.6376953e+01
   7.0228300e+06   6.7382812e+01
   7.0228560e+06   3.7048340e+01
   7.0228850e+06   4.0527344e+01
   7.0229130e+06   4.0893555e+01
   7.0229490e+06   3.4973145e+01
   7.0229730e+06   5.5969238e+01
   7.0229940e+06   3.4851074e+01
   7.0230870e+06   3.4912109e+01
   7.0231410e+06   4.6813965e+01
   7.0233530e+06   3.6743164e+01
   7.0233880e+06   4.8217773e+01
   7.0234820e+06   3.8574219e+01
   7.0236500e+06   3.6743164e+01
   7.0237410e+06   3.5522461e+01
   7.0238810e+06   3.4851074e+01
   7.0239620e+06   3.4606934e+01
   7.0241440e+06   4.1076660e+01
   7.0244460e+06   4.1259766e+01
   7.0244610e+06   4.2053223e+01
   7.0248180e+06   4.3273926e+01
   7.0249930e+06   3.6987305e+01
   7.0251310e+06   3.6743164e+01
   7.0566440e+06   5.4077148e+01
   7.0567590e+06   3.5888672e+01
   7.0568200e+06   4.4006348e+01
   7.0568660e+06   3.9794922e+01
   7.0569350e+06   3.5827637e+01
   7.0570380e+06   3.9428711e+01
   7.0570510e+06   6.0058594e+01
   7.0571860e+06   4.3579102e+01
   7.0572250e+06   3.6437988e+01
   7.0572960e+06   3.5705566e+01
   7.0573340e+06   3.8330078e+01
   7.0574230e+06   3.7109375e+01
   7.0575320e+06   3.5339355e+01
   7.0576180e+06   5.0537109e+01
   7.0577290e+06   4.0649414e+01
   7.0577440e+06   4.2846680e+01
   7.0577640e+06   4.4250488e+01
   7.0578080e+06   3.4606934e+01
   7.0579760e+06   3.5278320e+01
   7.0580310e+06   3.8330078e+01
   7.0580420e+06   3.5888672e+01
   7.0581450e+06   4.6264648e+01
   7.0582340e+06   3.4606934e+01
   7.0585180e+06   4.0893555e+01
   7.0585450e+06   3.6010742e+01
   7.0586850e+06   3.5644531e+01
   7.0590560e+06   4.6630859e+01
   7.0591030e+06   3.4851074e+01
   7.0863580e+06   3.8330078e+01
   7.0863800e+06   6.1584473e+01
   7.0865290e+06   4.1687012e+01
   7.0865430e+06   5.5603027e+01
   7.0865770e+06   4.7119141e+01
   7.0866570e+06   3.5888672e+01
   7.0866670e+06   8.6425781e+01
   7.0867140e+06   3.9672852e+01
   7.0867530e+06   4.6386719e+01
   7.0868660e+06   3.4790039e+01
   7.0868990e+06   4.0222168e+01
   7.0870670e+06   3.8879395e+01
   7.0872080e+06   4.7119141e+01
   7.0872370e+06   4.5410156e+01
   7.0872740e+06   3.7353516e+01
   7.0873680e+06   3.8085938e+01
   7.0873820e+06   3.9367676e+01
   7.0875350e+06   3.4606934e+01
   7.0876410e+06   4.6508789e+01
   7.0877140e+06   3.6437988e+01
   7.0877330e+06   3.9978027e+01
   7.0878640e+06   3.9184570e+01
   7.0879020e+06   3.9672852e+01
   7.0881760e+06   3.7597656e+01
   7.0882000e+06   4.2480469e+01
   7.0887350e+06   3.6376953e+01
   7.0887730e+06   3.6560059e+01
   7.1163540e+06   5.4443359e+01
   7.1164310e+06   3.7902832e+01
   7.1164500e+06   5.0048828e+01
   7.1164900e+06   4.5898438e+01
   7.1165190e+06   6.2622070e+01
   7.1165370e+06   3.7719727e+01
   7.1165720e+06   3.8513184e+01
   7.1165870e+06   3.8269043e+01
   7.1166110e+06   5.1330566e+01
   7.1166390e+06   4.5166016e+01
   7.1167070e+06   3.9916992e+01
   7.1167390e+06   3.6987305e+01
   7.1168210e+06   3.7658691e+01
   7.1169010e+06   4.5288086e+01
   7.1169220e+06   3.7536621e+01
   7.1169830e+06   3.5827637e+01
   7.1170730e+06   4.1748047e+01
   7.1172640e+06   3.7292480e+01
   7.1172840e+06   4.5104980e+01
   7.1172990e+06   3.6254883e+01
   7.1174410e+06   4.2663574e+01
   7.1175170e+06   4.4494629e+01
   7.1175670e+06   3.7536621e+01
   7.1177190e+06   4.2480469e+01
   7.1179300e+06   3.5339355e+01
   7.1180190e+06   3.5034180e+01
   7.1180630e+06   3.6743164e+01
   7.1181290e+06   4.3701172e+01
   7.1423210e+06   4.0893555e+01
   7.1423700e+06   3.7597656e+01
   7.1424740e+06   3.6926270e+01
   7.1425370e+06   7.0739746e+01
   7.1425810e+06   4.6447754e+01
   7.1425910e+06   4.7058105e+01
   7.1426580e+06   3.7231445e+01
   7.1427040e+06   3.9184570e+01
   7.1427300e+06   3.7963867e+01
   7.1428420e+06   4.0832520e+01
   7.1428780e+06   3.6132812e+01
   7.1429670e+06   5.5541992e+01
   7.1430180e+06   3.5034180e+01
   7.1431120e+06   3.7963867e+01
   7.1431370e+06   3.5705566e+01
   7.1432050e+06   3.5827637e+01
   7.1432430e+06   3.9306641e+01
   7.1433490e+06   3.5705566e+01
   7.1433710e+06   3.5888672e+01
   7.1434540e+06   4.0161133e+01
   7.1435080e+06   3.5278320e+01
   7.1435880e+06   3.9489746e+01
   7.1435990e+06   3.5766602e+01
   7.1436270e+06   4.0832520e+01
   7.1439210e+06   3.8635254e+01
   7.1440960e+06   3.4851074e+01
   7.1443830e+06   4.5532227e+01
   7.1754400e+06   5.0537109e+01
   7.1754760e+06   3.4667969e+01
   7.1754930e+06   3.8452148e+01
   7.1755240e+06   4.5288086e+01
   7.1755780e+06   3.8269043e+01
   7.1755980e+06   5.9448242e+01
   7.1756400e+06   5.4687500e+01
   7.1757310e+06   3.8574219e+01
   7.1757520e+06   3.6499023e+01
   7.1758420e+06   4.2541504e+01
   7.1759730e+06   3.6560059e+01
   7.1760030e+06   3.7658691e+01
   7.1760610e+06   3.4973145e+01
   7.1761460e+06   3.5034180e+01
   7.1762490e+06   3.9245605e+01
   7.1762610e+06   3.9733887e+01
   7.1763470e+06   5.2001953e+01
   7.1764230e+06   3.7292480e+01
   7.1764660e+06   4.0100098e+01
   7.1765680e+06   4.1442871e+01
   7.1766040e+06   3.5278320e+01
   7.1766700e+06   3.9550781e+01
   7.1767470e+06   3.5583496e+01
   7.1768080e+06   3.6560059e+01
   7.1768340e+06   3.8574219e+01
   7.1769320e+06   3.8452148e+01
   7.1773060e+06   3.9245605e+01
   7.2839080e+06   3.3691406e+01
   7.3659790e+06   3.5583496e+01
   7.3660580e+06   5.7250977e+01
   7.3661300e+06   3.7475586e+01
   7.3661420e+06   4.4372559e+01
   7.3661720e+06   3.8452148e+01
   7.3662140e+06   3.5400391e+01
   7.3662370e+06   3.5888672e+01
   7.3662690e+06   4.7851562e+01
   7.3662990e+06   4.4372559e+01
   7.3663380e+06   4.6569824e+01
   7.3663620e+06   3.4118652e+01
   7.3664290e+06   5.3894043e+01
   7.3664460e+06   4.7973633e+01
   7.3665690e+06   4.7485352e+01
   7.3666250e+06   4.4128418e+01
   7.3666630e+06   3.3752441e+01
   7.3667780e+06   3.3813477e+01
   7.3668050e+06   3.4057617e+01
   7.3671280e+06   3.7231445e+01
   7.3672860e+06   3.9916992e+01
   7.3673750e+06   3.6376953e+01
   7.3673970e+06   3.6682129e+01
   7.3674640e+06   4.1137695e+01
   7.3676670e+06   3.7841797e+01
   7.3677240e+06   3.9611816e+01
   7.3677630e+06   4.1015625e+01
   7.3678070e+06   3.5766602e+01
   7.3678700e+06   3.5095215e+01
   7.3679660e+06   4.0100098e+01
   7.3680650e+06   4.3823242e+01
   7.3682190e+06   4.2236328e+01
   7.3682750e+06   3.7353516e+01
   7.3683600e+06   3.5156250e+01
   7.3688030e+06   3.4667969e+01
   7.3688940e+06   4.0344238e+01
   7.3691000e+06   4.0527344e+01
   7.3692150e+06   3.6865234e+01
   7.3693680e+06   3.8330078e+01
   7.3696820e+06   3.8696289e+01
   7.3697660e+06   3.8940430e+01
   7.3699310e+06   3.4362793e+01
   7.3702650e+06   3.5461426e+01
   7.3706740e+06   3.4423828e+01
   7.3712380e+06   3.5217285e+01
   7.3835140e+06   4.3457031e+01
   7.3838130e+06   3.9001465e+01
   7.3838490e+06   3.5583496e+01
   7.3839180e+06   4.9316406e+01
   7.3839770e+06   3.8818359e+01
   7.3840440e+06   3.5644531e+01
   7.3840550e+06   4.3395996e+01
   7.3841000e+06   3.5034180e+01
   7.3841260e+06   3.7231445e+01
   7.3841740e+06   4.1381836e+01
   7.3842050e+06   3.7048340e+01
   7.3842590e+06   3.7292480e+01
   7.3843700e+06   4.5654297e+01
   7.3845000e+06   3.6743164e+01
   7.3852130e+06   4.0649414e+01
   7.3853000e+06   3.7597656e+01
   7.3860960e+06   3.4240723e+01
   7.3866390e+06   3.3996582e+01
   7.3867140e+06   3.4729004e+01
   7.3868600e+06   3.3874512e+01
   7.3870270e+06   3.5949707e+01
   7.3875000e+06   3.4423828e+01
   7.3877160e+06   3.7292480e+01
   7.3886610e+06   3.6987305e+01
   7.4124340e+06   4.8583984e+01
   7.4126550e+06   3.5705566e+01
   7.4127370e+06   3.8146973e+01
   7.4127740e+06   3.5766602e+01
   7.4128100e+06   3.3996582e+01
   7.4128480e+06   4.8767090e+01
   7.4128940e+06   4.0405273e+01
   7.4129500e+06   4.0954590e+01
   7.4129610e+06   3.4118652e+01
   7.4130560e+06   4.3395996e+01
   7.4131070e+06   3.8269043e+01
   7.4131320e+06   3.3752441e+01
   7.4131740e+06   3.8208008e+01
   7.4131930e+06   4.4128418e+01
   7.4132540e+06   3.9367676e+01
   7.4134680e+06   3.4362793e+01
   7.4137960e+06   3.4912109e+01
   7.4138670e+06   3.9123535e+01
   7.4139090e+06   3.6865234e+01
   7.4140920e+06   3.3752441e+01
   7.4142880e+06   3.7475586e+01
   7.4143240e+06   3.5583496e+01
   7.4147340e+06   3.3813477e+01
   7.4150290e+06   3.5461426e+01
   7.4151380e+06   3.4729004e+01
   7.4155430e+06   3.7292480e+01
   7.4160550e+06   3.7048340e+01
   7.4467730e+06   4.6875000e+01
   7.4469700e+06   3.4118652e+01
   7.4469830e+06   4.1442871e+01
   7.4470150e+06   3.9062500e+01
   7.4470340e+06   4.5959473e+01
   7.4470740e+06   5.2856445e+01
   7.4471560e+06   3.3813477e+01
   7.4471810e+06   4.8278809e+01
   7.4472170e+06   3.3996582e+01
   7.4472530e+06   3.3935547e+01
   7.4472800e+06   3.5766602e+01
   7.4473540e+06   3.5827637e+01
   7.4473800e+06   4.1809082e+01
   7.4474460e+06   4.0039063e+01
   7.4474950e+06   3.4912109e+01
   7.4475210e+06   3.5156250e+01
   7.4475430e+06   3.5583496e+01
   7.4478170e+06   3.8452148e+01
   7.4481520e+06   3.6804199e+01
   7.4482190e+06   3.4790039e+01
   7.4483000e+06   3.5888672e+01
   7.4484380e+06   4.0771484e+01
   7.4486660e+06   3.4667969e+01
   7.4487180e+06   5.1574707e+01
   7.4490200e+06   3.6315918e+01
   7.4492090e+06   3.5644531e+01
   7.4493840e+06   3.8391113e+01
   7.4853150e+06   3.5705566e+01
   7.4853310e+06   3.8513184e+01
   7.4853580e+06   3.4851074e+01
   7.4853890e+06   3.6132812e+01
   7.4854090e+06   4.5776367e+01
   7.4854440e+06   5.6213379e+01
   7.4854920e+06   3.5583496e+01
   7.4855410e+06   3.4667969e+01
   7.4855680e+06   3.4179688e+01
   7.4855840e+06   4.0710449e+01
   7.4857390e+06   3.6682129e+01
   7.4857710e+06   3.3752441e+01
   7.4858560e+06   3.5644531e+01
   7.4858770e+06   3.4973145e+01
   7.4861190e+06   3.3691406e+01
   7.4861300e+06   3.5339355e+01
   7.4861570e+06   3.7292480e+01
   7.4861910e+06   3.5095215e+01
   7.4862320e+06   3.5156250e+01
   7.4863650e+06   3.6315918e+01
   7.4864100e+06   3.6254883e+01
   7.4865010e+06   5.3283691e+01
   7.4865350e+06   3.4729004e+01
   7.4865960e+06   3.3752441e+01
   7.4866710e+06   3.8208008e+01
   7.4868460e+06   3.9672852e+01
   7.4868990e+06   4.2297363e+01
   7.4869260e+06   3.4240723e+01
   7.4871190e+06   3.9611816e+01
   7.4872060e+06   3.5095215e+01
   7.5160490e+06   5.2856445e+01
   7.5161170e+06   3.9978027e+01
   7.5161490e+06   3.4179688e+01
   7.5162240e+06   4.0161133e+01
   7.5162420e+06   4.5349121e+01
   7.5162630e+06   3.9184570e+01
   7.5163410e+06   3.6437988e+01
   7.5164460e+06   3.9733887e+01
   7.5165410e+06   4.4128418e+01
   7.5166640e+06   3.3752441e+01
   7.5167240e+06   3.9184570e+01
   7.5167630e+06   3.6560059e+01
   7.5169170e+06   4.1687012e+01
   7.5169330e+06   3.4912109e+01
   7.5169780e+06   3.7414551e+01
   7.5169880e+06   4.5715332e+01
   7.5170830e+06   3.3996582e+01
   7.5172080e+06   4.5715332e+01
   7.5174320e+06   3.6743164e+01
   7.5174530e+06   4.4433594e+01
   7.5176800e+06   3.5705566e+01
   7.5177590e+06   4.1809082e+01
   7.5179940e+06   3.5827637e+01
   7.5180510e+06   3.9794922e+01
   7.5181010e+06   3.3935547e+01
   7.5181820e+06   3.3874512e+01
   7.5185010e+06   3.7536621e+01
   7.5488870e+06   6.1279297e+01
   7.5489860e+06   3.9611816e+01
   7.5490420e+06   4.4433594e+01
   7.5490750e+06   4.1259766e+01
   7.5491430e+06   3.7170410e+01
   7.5491670e+06   3.4118652e+01
   7.5492250e+06   3.5156250e+01
   7.5492970e+06   4.3334961e+01
   7.5493960e+06   5.1452637e+01
   7.5495680e+06   3.5949707e+01
   7.5495930e+06   3.8085938e+01
   7.5496160e+06   3.6865234e+01
   7.5497770e+06   3.5888672e+01
   7.5500230e+06   3.4362793e+01
   7.5502120e+06   3.8085938e+01
   7.5503420e+06   3.7841797e+01
   7.5503730e+06   4.2114258e+01
   7.5504650e+06   3.5644531e+01
   7.5505330e+06   3.6987305e+01
   7.5508230e+06   3.6926270e+01
   7.5508980e+06   3.6560059e+01
   7.5512420e+06   3.6499023e+01
   7.5737990e+06   3.3691406e+01
   8.6363420e+06   4.1137695e+01
   8.6363870e+06   4.9438477e+01
   8.6365340e+06   4.1687012e+01
   8.6365450e+06   4.6569824e+01
   8.6365990e+06   4.7302246e+01
   8.6366230e+06   5.9020996e+01
   8.6366570e+06   3.4606934e+01
   8.6366670e+06   5.4687500e+01
   8.6367080e+06   4.4067383e+01
   8.6367740e+06   3.9367676e+01
   8.6367990e+06   3.8940430e+01
   8.6368200e+06   4.1748047e+01
   8.6368410e+06   3.7902832e+01
   8.6372210e+06   3.4790039e+01
   8.6373940e+06   3.8818359e+01
   8.6375630e+06   4.3029785e+01
   8.6376180e+06   3.7048340e+01
   8.6377010e+06   3.7231445e+01
   8.6378980e+06   4.1809082e+01
   8.6382190e+06   4.1320801e+01
   8.6383120e+06   3.6926270e+01
   8.6385450e+06   3.5522461e+01
   8.6387540e+06   3.4667969e+01
   8.6388610e+06   3.4423828e+01
   8.6391340e+06   3.7841797e+01
   8.6391610e+06   3.8024902e+01
   8.6392580e+06   3.9184570e+01
   8.6397250e+06   3.4912109e+01
   8.6399420e+06   3.5034180e+01
   8.6402840e+06   3.7780762e+01
   8.6404230e+06   3.8818359e+01
   8.6414810e+06   3.8452148e+01
   8.6532220e+06   3.9672852e+01
   8.6537060e+06   5.2917480e+01
   8.6537520e+06   4.0771484e+01
   8.6538180e+06   4.5043945e+01
   8.6538530e+06   3.5705566e+01
   8.6538990e+06   3.9184570e+01
   8.6539460e+06   4.2663574e+01
   8.6539690e+06   3.5339355e+01
   8.6540370e+06   3.9672852e+01
   8.6540570e+06   3.9978027e+01
   8.6541010e+06   3.9123535e+01
   8.6542290e+06   3.9916992e+01
   8.6543170e+06   3.6560059e+01
   8.6547670e+06   4.0222168e+01
   8.6549120e+06   3.6926270e+01
   8.6552190e+06   3.4790039e+01
   8.6552630e+06   4.2724609e+01
   8.6553600e+06   3.6193848e+01
   8.6553950e+06   3.5400391e+01
   8.6555620e+06   3.6437988e+01
   8.6557580e+06   3.7292480e+01
   8.6558850e+06   3.5522461e+01
   8.6560830e+06   4.4921875e+01
   8.6561620e+06   3.8513184e+01
   8.6562370e+06   3.5339355e+01
   8.6564310e+06   3.7414551e+01
   8.6565210e+06   3.4545898e+01
   8.6568130e+06   3.6804199e+01
   8.6571780e+06   3.4851074e+01
   8.6572300e+06   3.5644531e+01
   8.6580180e+06   4.1503906e+01
   8.6975100e+06   5.3222656e+01
   8.6976970e+06   3.8513184e+01
   8.6977280e+06   4.9072266e+01
   8.6977800e+06   4.0222168e+01
   8.6978280e+06   3.9916992e+01
   8.6978570e+06   3.8085938e+01
   8.6979090e+06   4.2297363e+01
   8.6979190e+06   3.4790039e+01
   8.6979610e+06   3.7109375e+01
   8.6980640e+06   4.9072266e+01
   8.6981340e+06   3.4667969e+01
   8.6981530e+06   3.8024902e+01
   8.6982320e+06   3.7475586e+01
   8.6982460e+06   3.4362793e+01
   8.6985320e+06   3.4423828e+01
   8.6986230e+06   4.4250488e+01
   8.6986760e+06   3.6071777e+01
   8.6986950e+06   3.5644531e+01
   8.6987870e+06   3.8696289e+01
   8.6989010e+06   3.4973145e+01
   8.6989120e+06   4.3334961e+01
   8.6996100e+06   3.5949707e+01
   8.6996440e+06   3.7353516e+01
   8.6997310e+06   3.4667969e+01
   8.6999400e+06   3.9672852e+01
   8.7002150e+06   4.1809082e+01
   8.7003870e+06   4.3273926e+01
   8.7006160e+06   4.4311523e+01
   8.7010430e+06   3.9794922e+01
   8.7291820e+06   5.2062988e+01
   8.7293390e+06   3.6132812e+01
   8.7293920e+06   3.8940430e+01
   8.7294070e+06   5.4443359e+01
   8.7294560e+06   3.6621094e+01
   8.7294680e+06   4.1625977e+01
   8.7294990e+06   4.6691895e+01
   8.7295200e+06   3.6804199e+01
   8.7295590e+06   3.8940430e+01
   8.7295990e+06   4.3395996e+01
   8.7296980e+06   4.5227051e+01
   8.7297250e+06   4.2114258e+01
   8.7297700e+06   4.2724609e+01
   8.7298310e+06   3.6804199e+01
   8.7298860e+06   3.4851074e+01
   8.7299390e+06   3.9489746e+01
   8.7300230e+06   3.4423828e+01
   8.7301190e+06   3.6437988e+01
   8.7302320e+06   3.5156250e+01
   8.7302730e+06   3.9489746e+01
   8.7303710e+06   4.0466309e+01
   8.7304520e+06   3.6804199e+01
   8.7306120e+06   3.6315918e+01
   8.7306880e+06   5.2124023e+01
   8.7308710e+06   3.6926270e+01
   8.7312380e+06   3.5949707e+01
   8.7313520e+06   3.5766602e+01
   8.7313860e+06   4.1687012e+01
   8.7631930e+06   3.4912109e+01
   8.7633390e+06   3.4851074e+01
   8.7633850e+06   5.5114746e+01
   8.7634350e+06   4.1992188e+01
   8.7635030e+06   4.6875000e+01
   8.7635210e+06   3.5644531e+01
   8.7635770e+06   4.1015625e+01
   8.7636250e+06   3.9978027e+01
   8.7636770e+06   3.5095215e+01
   8.7637680e+06   3.4240723e+01
   8.7638090e+06   4.3395996e+01
   8.7638810e+06   3.7597656e+01
   8.7639530e+06   3.8208008e+01
   8.7640360e+06   3.8574219e+01
   8.7641650e+06   3.6010742e+01
   8.7642440e+06   4.3029785e+01
   8.7644520e+06   3.5522461e+01
   8.7645090e+06   3.9428711e+01
   8.7646500e+06   3.7048340e+01
   8.7647130e+06   4.6325684e+01
   8.7647610e+06   4.1748047e+01
   8.7647730e+06   3.6132812e+01
   8.7649420e+06   3.7170410e+01
   8.7654300e+06   4.5654297e+01
   8.7655210e+06   3.7170410e+01
   8.8010170e+06   5.5053711e+01
   8.8010590e+06   3.7719727e+01
   8.8011160e+06   3.9489746e+01
   8.8011410e+06   3.9428711e+01
   8.8011720e+06   3.6132812e+01
   8.8012130e+06   7.0373535e+01
   8.8012780e+06   3.5034180e+01
   8.8013040e+06   5.9753418e+01
   8.8013540e+06   4.0588379e+01
   8.8013810e+06   3.8452148e+01
   8.8014140e+06   3.8146973e+01
   8.8014380e+06   3.9733887e+01
   8.8015210e+06   3.7841797e+01
   8.8015680e+06   3.6254883e+01
   8.8016740e+06   4.5593262e+01
   8.8017530e+06   3.9306641e+01
   8.8017880e+06   3.4790039e+01
   8.8018660e+06   3.8146973e+01
   8.8019860e+06   4.8828125e+01
   8.8020040e+06   4.1564941e+01
   8.8020250e+06   3.4240723e+01
   8.8020910e+06   3.9062500e+01
   8.8021940e+06   3.6254883e+01
   8.8022370e+06   3.4301758e+01
   8.8022500e+06   3.5644531e+01
   8.8024350e+06   3.4729004e+01
   8.8024710e+06   4.0832520e+01
   8.8026470e+06   3.4301758e+01
   8.8027540e+06   3.7963867e+01
   8.8526760e+06   4.5104980e+01
   8.8527320e+06   3.8330078e+01
   8.8528070e+06   3.7536621e+01
   8.8528280e+06   3.5705566e+01
   8.8528540e+06   4.4128418e+01
   8.8528870e+06   5.9631348e+01
   8.8529140e+06   3.7475586e+01
   8.8529310e+06   3.5095215e+01
   8.8529620e+06   3.7231445e+01
   8.8530060e+06   3.7536621e+01
   8.8530840e+06   3.9550781e+01
   8.8530940e+06   4.3334961e+01
   8.8531470e+06   3.4240723e+01
   8.8532580e+06   3.6499023e+01
   8.8532800e+06   4.0344238e+01
   8.8534920e+06   3.9001465e+01
   8.8535340e+06   4.4433594e+01
   8.8535460e+06   4.0954590e+01
   8.8536850e+06   3.8818359e+01
   8.8537200e+06   3.6254883e+01
   8.8538840e+06   3.8269043e+01
   8.8539310e+06   3.5156250e+01
   8.8539780e+06   3.5522461e+01
   8.9015870e+06   4.0283203e+01
   8.9016190e+06   4.0344238e+01
   8.9017460e+06   4.0161133e+01
   8.9017770e+06   3.4484863e+01
   8.9018090e+06   4.3395996e+01
   8.9018310e+06   3.8635254e+01
   8.9018530e+06   3.9733887e+01
   8.9018810e+06   7.8125000e+01
   8.9019300e+06   3.4301758e+01
   8.9019560e+06   3.6621094e+01
   8.9020080e+06   3.8757324e+01
   8.9022820e+06   5.2185059e+01
   8.9023060e+06   4.0771484e+01
   8.9023620e+06   3.8635254e+01
   8.9023810e+06   4.3457031e+01
   8.9026050e+06   3.8391113e+01
   8.9026320e+06   4.5715332e+01
   8.9028380e+06   3.8574219e+01
   8.9029550e+06   3.7536621e+01
   8.9030980e+06   4.4372559e+01
   8.9031630e+06   3.8024902e+01
   8.9032150e+06   4.1931152e+01
   8.9036580e+06   4.2846680e+01
   9.6674570e+06   4.5837402e+01
   9.6674900e+06   3.6193848e+01
   9.6675050e+06   3.5888672e+01
   9.6675370e+06   3.4729004e+01
   9.6675750e+06   3.5644531e+01
   9.6676110e+06   5.5297852e+01
   9.6676530e+06   3.4606934e+01
   9.6676820e+06   4.0039062e+01
   9.6676990e+06   3.8146973e+01
   9.6677260e+06   4.1870117e+01
   9.6677520e+06   4.5166016e+01
   9.6678220e+06   3.7292480e+01
   9.6679100e+06   3.4790039e+01
   9.6679430e+06   3.6926270e+01
   9.6679720e+06   3.8024902e+01
   9.6682110e+06   3.4545898e+01
   9.6682560e+06   3.5888672e+01
   9.6682820e+06   3.5095215e+01
   9.6683810e+06   3.7353516e+01
   9.6684380e+06   3.5827637e+01
   9.6684930e+06   3.6254883e+01
   9.6686410e+06   4.1503906e+01
   9.6688160e+06   3.7658691e+01
   9.6689640e+06   3.5583496e+01
   9.6690700e+06   3.9978027e+01
   9.6691270e+06   3.4790039e+01
   9.6691840e+06   4.0161133e+01
   9.6692640e+06   3.6437988e+01
   9.6693450e+06   3.6682129e+01
   9.6694470e+06   3.4790039e+01
   9.6694970e+06   3.9611816e+01
   9.6699060e+06   3.7109375e+01
   9.6699400e+06   3.7658691e+01
   9.6700540e+06   3.9978027e+01
   9.6702590e+06   5.0109863e+01
   9.6705230e+06   3.7170410e+01
   9.6858100e+06   4.3823242e+01
   9.6859560e+06   3.5888672e+01
   9.6860100e+06   5.3527832e+01
   9.6860470e+06   4.5043945e+01
   9.6860620e+06   3.5156250e+01
   9.6861000e+06   3.6132812e+01
   9.6861420e+06   4.5959473e+01
   9.6861830e+06   4.0710449e+01
   9.6862250e+06   3.4912109e+01
   9.6862710e+06   3.6926270e+01
   9.6862980e+06   4.7363281e+01
   9.6863250e+06   3.8391113e+01
   9.6863760e+06   4.3029785e+01
   9.6864370e+06   3.5400391e+01
   9.6865770e+06   3.8085938e+01
   9.6867040e+06   4.0893555e+01
   9.6867160e+06   4.1015625e+01
   9.6868020e+06   3.4973145e+01
   9.6868240e+06   3.8635254e+01
   9.6869410e+06   3.6071777e+01
   9.6870630e+06   3.9916992e+01
   9.6871570e+06   3.5461426e+01
   9.6874910e+06   3.5034180e+01
   9.6875200e+06   3.6071777e+01
   9.6876440e+06   3.4912109e+01
   9.6879000e+06   3.4912109e+01
   9.6879970e+06   3.8146973e+01
   9.6881410e+06   3.5278320e+01
   9.6881710e+06   3.9489746e+01
   9.6882700e+06   3.4851074e+01
   9.6884630e+06   3.6193848e+01
   9.6889930e+06   4.3151855e+01
   9.6893380e+06   3.6254883e+01
   9.6899950e+06   3.7353516e+01
   9.7187760e+06   4.7363281e+01
   9.7187980e+06   3.7109375e+01
   9.7189980e+06   4.2663574e+01
   9.7190330e+06   3.5339355e+01
   9.7190810e+06   3.5278320e+01
   9.7191060e+06   3.6254883e+01
   9.7191160e+06   4.4189453e+01
   9.7191660e+06   4.9377441e+01
   9.7192180e+06   3.6376953e+01
   9.7192930e+06   3.5827637e+01
   9.7194810e+06   4.0161133e+01
   9.7195090e+06   3.7048340e+01
   9.7196220e+06   3.6682129e+01
   9.7196570e+06   4.0954590e+01
   9.7198110e+06   4.4128418e+01
   9.7198610e+06   3.6376953e+01
   9.7199980e+06   4.6203613e+01
   9.7200310e+06   4.1198730e+01
   9.7201190e+06   3.7170410e+01
   9.7201560e+06   3.6621094e+01
   9.7204260e+06   3.9123535e+01
   9.7207110e+06   3.4912109e+01
   9.7209210e+06   3.8818359e+01
   9.7211710e+06   3.9245605e+01
   9.7212440e+06   3.8940430e+01
   9.7213030e+06   3.6071777e+01
   9.7215160e+06   3.7780762e+01
   9.7216130e+06   3.7963867e+01
   9.7595440e+06   4.5043945e+01
   9.7596270e+06   4.4128418e+01
   9.7597280e+06   4.2175293e+01
   9.7597470e+06   3.8635254e+01
   9.7597570e+06   3.6376953e+01
   9.7597860e+06   4.0588379e+01
   9.7598100e+06   3.6437988e+01
   9.7598450e+06   5.0109863e+01
   9.7598810e+06   3.5949707e+01
   9.7599920e+06   4.0954590e+01
   9.7600030e+06   4.6691895e+01
   9.7600400e+06   4.5288086e+01
   9.7600660e+06   3.5461426e+01
   9.7600810e+06   3.6132812e+01
   9.7601230e+06   3.7475586e+01
   9.7601680e+06   3.9123535e+01
   9.7602040e+06   3.7231445e+01
   9.7603540e+06   3.6132812e+01
   9.7605810e+06   3.8269043e+01
   9.7606560e+06   3.5400391e+01
   9.7607490e+06   3.8513184e+01
   9.7607590e+06   3.4545898e+01
   9.7608090e+06   3.7902832e+01
   9.7608820e+06   3.7536621e+01
   9.7609620e+06   3.6376953e+01
   9.7610500e+06   3.7536621e+01
   9.7610660e+06   3.4545898e+01
   9.7613180e+06   3.5217285e+01
   9.7615140e+06   4.3884277e+01
   9.7615370e+06   3.4545898e+01
   9.7627900e+06   3.6193848e+01
   9.7909810e+06   3.5644531e+01
   9.7909930e+06   4.8889160e+01
   9.7910620e+06   3.6621094e+01
   9.7911800e+06   4.5837402e+01
   9.7912010e+06   3.8696289e+01
   9.7912390e+06   4.2663574e+01
   9.7912730e+06   4.3640137e+01
   9.7912920e+06   3.6315918e+01
   9.7913260e+06   3.8574219e+01
   9.7913760e+06   4.2358398e+01
   9.7913950e+06   3.9123535e+01
   9.7915220e+06   3.4790039e+01
   9.7915480e+06   3.6010742e+01
   9.7916630e+06   3.6071777e+01
   9.7916810e+06   3.5400391e+01
   9.7917410e+06   4.6325684e+01
   9.7919260e+06   4.1748047e+01
   9.7920080e+06   3.5705566e+01
   9.7921840e+06   4.1748047e+01
   9.7922230e+06   4.1870117e+01
   9.7922970e+06   3.7841797e+01
   9.7924950e+06   4.3273926e+01
   9.7931850e+06   3.8818359e+01
   9.7932280e+06   4.3395996e+01
   9.7932740e+06   3.7658691e+01
   9.7936370e+06   3.6865234e+01
   9.8248580e+06   4.9926758e+01
   9.8249330e+06   4.0893555e+01
   9.8250390e+06   6.4514160e+01
   9.8250760e+06   3.8757324e+01
   9.8250900e+06   4.5288086e+01
   9.8251300e+06   3.5766602e+01
   9.8251520e+06   6.7932129e+01
   9.8251950e+06   3.5644531e+01
   9.8252590e+06   3.5156250e+01
   9.8252820e+06   3.6132812e+01
   9.8253310e+06   5.0231934e+01
   9.8253490e+06   3.6865234e+01
   9.8253770e+06   3.9550781e+01
   9.8254540e+06   5.3649902e+01
   9.8254760e+06   3.8818359e+01
   9.8256390e+06   4.2724609e+01
   9.8258160e+06   3.7780762e+01
   9.8259620e+06   4.5837402e+01
   9.8260750e+06   3.6437988e+01
   9.8261000e+06   3.5400391e+01
   9.8264710e+06   4.5715332e+01
   9.8264970e+06   4.6508789e+01
   9.8265440e+06   3.6193848e+01
   9.8265720e+06   4.1809082e+01
   9.8266720e+06   3.5888672e+01
   9.8268060e+06   3.5339355e+01
   9.8268430e+06   3.4545898e+01
   9.8271330e+06   3.8818359e+01
   9.8271950e+06   3.5095215e+01
   9.8782200e+06   6.2133789e+01
   9.8783250e+06   3.8513184e+01
   9.8783490e+06   4.9438477e+01
   9.8783910e+06   4.2297363e+01
   9.8784120e+06   4.5654297e+01
   9.8784360e+06   3.8757324e+01
   9.8784460e+06   5.9875488e+01
   9.8784840e+06   3.8513184e+01
   9.8785200e+06   4.1503906e+01
   9.8785460e+06   3.6376953e+01
   9.8785620e+06   5.6335449e+01
   9.8785780e+06   3.5766602e+01
   9.8787170e+06   3.6804199e+01
   9.8787630e+06   3.5827637e+01
   9.8787820e+06   3.6254883e+01
   9.8788410e+06   3.8879395e+01
   9.8789110e+06   3.9184570e+01
   9.8790210e+06   4.5959473e+01
   9.8791660e+06   5.1086426e+01
   9.8792270e+06   4.1015625e+01
   9.8792370e+06   4.0405273e+01
   9.8792820e+06   3.7475586e+01
   9.8794250e+06   3.8513184e+01
   9.8796530e+06   4.2053223e+01
   9.8796910e+06   3.7170410e+01
   9.8798050e+06   3.6560059e+01
   9.8799150e+06   3.6804199e+01
   9.8803420e+06   5.0598145e+01
   9.9294600e+06   4.0954590e+01
   9.9295670e+06   4.3395996e+01
   9.9296220e+06   3.6865234e+01
   9.9296460e+06   5.1025391e+01
   9.9296790e+06   4.0222168e+01
   9.9297270e+06   4.7363281e+01
   9.9297490e+06   3.8330078e+01
   9.9297790e+06   4.1137695e+01
   9.9298490e+06   3.8208008e+01
   9.9298850e+06   3.6621094e+01
   9.9299140e+06   4.0161133e+01
   9.9299620e+06   3.7292480e+01
   9.9300120e+06   4.4677734e+01
   9.9301760e+06   3.9489746e+01
   9.9304430e+06   3.8452148e+01
   9.9305790e+06   5.2917480e+01
   9.9309400e+06   3.6254883e+01
   9.9311300e+06   3.9245605e+01
   9.9316190e+06   3.4912109e+01
   9.9448300e+06   3.4667969e+01
   1.0725367e+07   4.4433594e+01
   1.0725410e+07   4.8400879e+01
   1.0725457e+07   5.2917480e+01
   1.0725497e+07   3.8635254e+01
   1.0725531e+07   3.9916992e+01
   1.0725563e+07   3.7902832e+01
   1.0725587e+07   4.0344238e+01
   1.0725601e+07   3.6560059e+01
   1.0725645e+07   3.4606934e+01
   1.0725728e+07   3.8818359e+01
   1.0725794e+07   3.6926270e+01
   1.0725837e+07   3.8146973e+01
   1.0725848e+07   3.9062500e+01
   1.0726008e+07   3.9001465e+01
   1.0726138e+07   3.9489746e+01
   1.0726267e+07   3.7170410e+01
   1.0726431e+07   3.7536621e+01
   1.0726686e+07   3.5949707e+01
   1.0726902e+07   3.8146973e+01
   1.0726944e+07   3.4912109e+01
   1.0726970e+07   3.7170410e+01
   1.0727002e+07   3.6010742e+01
   1.0727080e+07   3.4545898e+01
   1.0727111e+07   3.7658691e+01
   1.0727163e+07   3.5339355e+01
   1.0727186e+07   3.9672852e+01
   1.0727259e+07   4.9194336e+01
   1.0727452e+07   3.6560059e+01
   1.0727532e+07   3.5766602e+01
   1.0727736e+07   4.0649414e+01
   1.0727807e+07   3.8818359e+01
   1.0727972e+07   3.9794922e+01
   1.0728070e+07   3.8879395e+01
   1.0728227e+07   3.7109375e+01
   1.0728444e+07   3.5034180e+01
   1.0728472e+07   4.2358398e+01
   1.0728494e+07   3.9184570e+01
   1.0729491e+07   3.8513184e+01
   1.0741787e+07   4.0039062e+01
   1.0741894e+07   3.5644531e+01
   1.0741935e+07   4.1748047e+01
   1.0741971e+07   4.4860840e+01
   1.0741987e+07   3.6010742e+01
   1.0742027e+07   4.0222168e+01
   1.0742073e+07   3.5766602e+01
   1.0742094e+07   4.3762207e+01
   1.0742213e+07   4.7241211e+01
   1.0742241e+07   3.5522461e+01
   1.0742341e+07   3.8085938e+01
   1.0742495e+07   3.6437988e+01
   1.0742616e+07   3.8879395e+01
   1.0742707e+07   4.6447754e+01
   1.0742890e+07   4.1809082e+01
   1.0743078e+07   4.4372559e+01
   1.0743628e+07   3.5644531e+01
   1.0744298e+07   3.6437988e+01
   1.0744423e+07   3.6499023e+01
   1.0744816e+07   3.4973145e+01
   1.0745114e+07   4.5593262e+01
   1.0745490e+07   3.5095215e+01
   1.0763631e+07   4.7729492e+01
   1.0763929e+07   4.3334961e+01
   1.0763965e+07   3.5217285e+01
   1.0764082e+07   3.8879395e+01
   1.0764113e+07   5.7128906e+01
   1.0764133e+07   3.4973145e+01
   1.0764162e+07   4.1137695e+01
   1.0764184e+07   4.0344238e+01
   1.0764217e+07   3.5034180e+01
   1.0764261e+07   4.3884277e+01
   1.0764306e+07   3.6315918e+01
   1.0764316e+07   3.6193848e+01
   1.0764420e+07   4.1992188e+01
   1.0764464e+07   3.5278320e+01
   1.0764669e+07   4.1564941e+01
   1.0764763e+07   3.5705566e+01
   1.0764805e+07   4.6936035e+01
   1.0765032e+07   4.1625977e+01
   1.0765226e+07   3.5705566e+01
   1.0765476e+07   3.8879395e+01
   1.0765532e+07   4.5043945e+01
   1.0766012e+07   3.4973145e+01
   1.0766168e+07   3.6376953e+01
   1.0766190e+07   3.5644531e+01
   1.0766433e+07   3.5888672e+01
   1.0766474e+07   3.7353516e+01
   1.0766797e+07   3.4545898e+01
   1.0802964e+07   5.1330566e+01
   1.0803034e+07   3.7170410e+01
   1.0803094e+07   3.8513184e+01
   1.0803145e+07   3.4973145e+01
   1.0803165e+07   4.0039062e+01
   1.0803181e+07   3.5705566e+01
   1.0803222e+07   4.1259766e+01
   1.0803277e+07   3.7414551e+01
   1.0803311e+07   3.5949707e+01
   1.0803336e+07   3.6132812e+01
   1.0803382e+07   4.6630859e+01
   1.0803418e+07   4.2114258e+01
   1.0803517e+07   4.9499512e+01
   1.0803638e+07   3.5949707e+01
   1.0803780e+07   3.7414551e+01
   1.0803942e+07   3.4606934e+01
   1.0804094e+07   4.5959473e+01
   1.0804348e+07   4.2602539e+01
   1.0804460e+07   3.5522461e+01
   1.0804533e+07   3.7414551e+01
   1.0804608e+07   4.8278809e+01
   1.0804868e+07   3.4484863e+01
   1.0804918e+07   3.7658691e+01
   1.0804936e+07   4.0222168e+01
   1.0805052e+07   3.7658691e+01
   1.0805193e+07   4.1870117e+01
   1.0805784e+07   3.9672852e+01
   1.0847596e+07   5.8044434e+01
   1.0847794e+07   5.8898926e+01
   1.0847830e+07   5.1269531e+01
   1.0847861e+07   3.4973145e+01
   1.0847892e+07   3.4545898e+01
   1.0847902e+07   4.8950195e+01
   1.0847914e+07   4.6142578e+01
   1.0847941e+07   4.3334961e+01
   1.0848024e+07   3.6071777e+01
   1.0848147e+07   3.6499023e+01
   1.0848212e+07   3.4606934e+01
   1.0848245e+07   4.0344238e+01
   1.0848330e+07   4.7790527e+01
   1.0848344e+07   3.8879395e+01
   1.0848367e+07   4.2724609e+01
   1.0848390e+07   3.6010742e+01
   1.0848444e+07   3.9001465e+01
   1.0848520e+07   3.5522461e+01
   1.0848535e+07   4.1687012e+01
   1.0848665e+07   4.2236328e+01
   1.0848709e+07   4.2846680e+01
   1.0848761e+07   4.5227051e+01
   1.0848885e+07   4.0100098e+01
   1.0849114e+07   4.8217773e+01
   1.0849144e+07   3.5217285e+01
   1.0849174e+07   3.5827637e+01
   1.0849314e+07   3.7963867e+01
   1.0849348e+07   3.5949707e+01
   1.0849372e+07   3.6193848e+01
   1.0849644e+07   3.6254883e+01
   1.0850925e+07   3.5522461e+01
   1.0879025e+07   4.4555664e+01
   1.0879116e+07   3.6560059e+01
   1.0879157e+07   4.7851562e+01
   1.0879199e+07   6.3964844e+01
   1.0879219e+07   4.1503906e+01
   1.0879276e+07   4.5654297e+01
   1.0879313e+07   3.6010742e+01
   1.0879377e+07   4.5471191e+01
   1.0879397e+07   4.4799805e+01
   1.0879423e+07   3.9978027e+01
   1.0879451e+07   4.4433594e+01
   1.0879532e+07   4.4677734e+01
   1.0879589e+07   4.0832520e+01
   1.0879624e+07   3.6193848e+01
   1.0879765e+07   4.2175293e+01
   1.0879908e+07   3.6010742e+01
   1.0879953e+07   3.5461426e+01
   1.0880080e+07   4.4006348e+01
   1.0880119e+07   3.8391113e+01
   1.0880235e+07   3.6560059e+01
   1.0880266e+07   3.8330078e+01
   1.0880295e+07   3.4545898e+01
   1.0880405e+07   3.5949707e+01
   1.0880530e+07   3.4667969e+01
   1.0880633e+07   3.4545898e+01
   1.0880768e+07   4.1198730e+01
   1.0880998e+07   3.5095215e+01
   1.0881417e+07   3.9062500e+01
   1.0881448e+07   3.4973145e+01
   1.0881735e+07   3.6193848e+01
   1.0908748e+07   3.7292480e+01
   1.0908916e+07   3.6743164e+01
   1.0908936e+07   3.6560059e+01
   1.0909027e+07   4.2053223e+01
   1.0909040e+07   3.5095215e+01
   1.0909068e+07   3.6010742e+01
   1.0909097e+07   4.6081543e+01
   1.0909134e+07   3.6621094e+01
   1.0909155e+07   4.3518066e+01
   1.0909184e+07   4.5532227e+01
   1.0909259e+07   3.5705566e+01
   1.0909360e+07   3.7109375e+01
   1.0909458e+07   3.6926270e+01
   1.0909471e+07   3.8757324e+01
   1.0909656e+07   3.7231445e+01
   1.0909709e+07   4.0161133e+01
   1.0909861e+07   3.9978027e+01
   1.0909902e+07   4.0161133e+01
   1.0910080e+07   3.7231445e+01
   1.0910217e+07   3.5583496e+01
   1.0910489e+07   4.0222168e+01
   1.0910838e+07   3.6682129e+01
   1.0910948e+07   3.5705566e+01
   1.0940572e+07   4.0222168e+01
   1.0940620e+07   3.6010742e+01
   1.0940663e+07   3.5827637e+01
   1.0940757e+07   5.4199219e+01
   1.0940768e+07   3.6804199e+01
   1.0940831e+07   4.2114258e+01
   1.0940876e+07   5.2246094e+01
   1.0940906e+07   4.1625977e+01
   1.0940963e+07   4.5227051e+01
   1.0940973e+07   5.1879883e+01
   1.0940996e+07   4.6569824e+01
   1.0941067e+07   3.5949707e+01
   1.0941123e+07   4.1137695e+01
   1.0941145e+07   4.3640137e+01
   1.0941175e+07   3.8574219e+01
   1.0941387e+07   3.6560059e+01
   1.0941517e+07   4.0039062e+01
   1.0941620e+07   3.4667969e+01
   1.0941644e+07   3.5644531e+01
   1.0941769e+07   4.1687012e+01
   1.0941954e+07   3.9550781e+01
   1.0942029e+07   3.8757324e+01
   1.0942460e+07   4.2907715e+01
   1.0942799e+07   4.0039062e+01
   1.0973109e+07   5.4748535e+01
   1.0973250e+07   3.4484863e+01
   1.0973288e+07   4.7424316e+01
   1.0973339e+07   4.6203613e+01
   1.0973471e+07   3.8940430e+01
   1.0973489e+07   4.5471191e+01
   1.0973507e+07   3.5278320e+01
   1.0973541e+07   4.4189453e+01
   1.0973692e+07   3.8391113e+01
   1.0973726e+07   3.9611816e+01
   1.0973790e+07   3.6071777e+01
   1.0973872e+07   3.8269043e+01
   1.0973924e+07   3.6376953e+01
   1.0973963e+07   3.5949707e+01
   1.0974205e+07   4.1503906e+01
   1.0974402e+07   3.9733887e+01
   1.0974828e+07   3.7475586e+01
   1.0975061e+07   4.1137695e+01
   1.1005620e+07   3.5705566e+01
   1.1006376e+07   3.9428711e+01
   1.1006524e+07   5.0292969e+01
   1.1006565e+07   3.7292480e+01
   1.1006605e+07   4.3212891e+01
   1.1006647e+07   3.6499023e+01
   1.1006679e+07   3.7292480e+01
   1.1006711e+07   3.4790039e+01
   1.1006742e+07   4.0832520e+01
   1.1006760e+07   4.6630859e+01
   1.1006813e+07   4.1870117e+01
   1.1006919e+07   3.4667969e+01
   1.1006980e+07   3.4606934e+01
   1.1007055e+07   4.2785645e+01
   1.1007120e+07   4.3640137e+01
   1.1007159e+07   3.6315918e+01
   1.1007191e+07   3.4973145e+01
   1.1007287e+07   3.5217285e+01
   1.1007327e+07   4.1564941e+01
   1.1007341e+07   3.4484863e+01
   1.1007414e+07   3.7597656e+01
   1.1007547e+07   4.7180176e+01
   1.1007856e+07   4.1564941e+01
   1.1007963e+07   3.4912109e+01
   1.1042179e+07   4.0954590e+01
   1.1042243e+07   3.4851074e+01
   1.1042343e+07   3.6071777e+01
   1.1042380e+07   3.4973145e+01
   1.1042412e+07   4.2541504e+01
   1.1042432e+07   4.6142578e+01
   1.1042453e+07   3.6010742e+01
   1.1042485e+07   4.5593262e+01
   1.1042560e+07   3.5400391e+01
   1.1042581e+07   4.2175293e+01
   1.1042591e+07   4.1809082e+01
   1.1042632e+07   3.7048340e+01
   1.1042715e+07   3.5095215e+01
   1.1042745e+07   3.7963867e+01
   1.1042796e+07   3.7475586e+01
   1.1042838e+07   3.8879395e+01
   1.1042913e+07   4.9438477e+01
   1.1042928e+07   4.1015625e+01
   1.1043085e+07   3.9611816e+01
   1.1043145e+07   4.8156738e+01
   1.1043183e+07   3.4545898e+01
   1.1043321e+07   3.5949707e+01
   1.1043364e+07   6.2194824e+01
   1.1043533e+07   3.7780762e+01
   1.1043728e+07   3.7658691e+01
   1.1175161e+07   3.6682129e+01
   1.1769065e+07   4.3457031e+01
   1.1769130e+07   3.5034180e+01
   1.1769164e+07   4.5654297e+01
   1.1769205e+07   3.8940430e+01
   1.1769237e+07   4.2480469e+01
   1.1769278e+07   3.8269043e+01
   1.1769312e+07   5.8654785e+01
   1.1769330e+07   3.9672852e+01
   1.1769432e+07   4.5837402e+01
   1.1769445e+07   3.6621094e+01
   1.1769751e+07   4.7424316e+01
   1.1770351e+07   3.5705566e+01
   1.1770408e+07   3.4667969e+01
   1.1770645e+07   5.1330566e+01
   1.1770743e+07   3.5949707e+01
   1.1770840e+07   3.7536621e+01
   1.1771064e+07   3.5522461e+01
   1.1771177e+07   4.0222168e+01
   1.1771262e+07   4.5227051e+01
   1.1771306e+07   3.4484863e+01
   1.1771489e+07   3.6315918e+01
   1.1771518e+07   3.5766602e+01
   1.1771588e+07   3.6132812e+01
   1.1771743e+07   3.6682129e+01
   1.1771774e+07   5.0415039e+01
   1.1771911e+07   4.2480469e+01
   1.1772405e+07   5.4199219e+01
   1.1772757e+07   4.0161133e+01
   1.1772895e+07   4.4311523e+01
   1.1773012e+07   3.4423828e+01
   1.1786260e+07   4.7302246e+01
   1.1786522e+07   4.5410156e+01
   1.1786559e+07   3.6560059e+01
   1.1786691e+07   4.2480469e+01
   1.1786754e+07   4.9621582e+01
   1.1786811e+07   3.9978027e+01
   1.1786850e+07   4.1503906e+01
   1.1786888e+07   3.5400391e+01
   1.1786996e+07   4.6997070e+01
   1.1787078e+07   3.4851074e+01
   1.1787156e+07   3.6010742e+01
   1.1787172e+07   4.3762207e+01
   1.1787209e+07   3.8391113e+01
   1.1787224e+07   3.7597656e+01
   1.1787292e+07   3.7963867e+01
   1.1787351e+07   3.9550781e+01
   1.1787628e+07   3.5156250e+01
   1.1787732e+07   3.9978027e+01
   1.1787800e+07   3.9001465e+01
   1.1787824e+07   3.7292480e+01
   1.1787970e+07   3.5583496e+01
   1.1788178e+07   3.5583496e+01
   1.1788250e+07   3.7963867e+01
   1.1788478e+07   4.8217773e+01
   1.1788651e+07   3.9184570e+01
   1.1788737e+07   4.0100098e+01
   1.1789088e+07   3.6926270e+01
   1.1789142e+07   3.7841797e+01
   1.1789646e+07   3.4973145e+01
   1.1789781e+07   3.4667969e+01
   1.1790469e+07   3.5156250e+01
   1.1790932e+07   3.5095215e+01
   1.1791529e+07   4.2541504e+01
   1.1822471e+07   4.7485352e+01
   1.1822656e+07   3.7048340e+01
   1.1822739e+07   4.2785645e+01
   1.1822777e+07   3.5644531e+01
   1.1822828e+07   3.9855957e+01
   1.1822859e+07   3.8818359e+01
   1.1822898e+07   3.4912109e+01
   1.1822935e+07   4.1137695e+01
   1.1822994e+07   3.4851074e+01
   1.1823023e+07   3.8146973e+01
   1.1823085e+07   3.6315918e+01
   1.1823105e+07   3.8085938e+01
   1.1823205e+07   3.9978027e+01
   1.1823217e+07   3.8452148e+01
   1.1823235e+07   3.6926270e+01
   1.1823295e+07   4.3090820e+01
   1.1823366e+07   3.9794922e+01
   1.1823401e+07   3.6315918e+01
   1.1823445e+07   3.9611816e+01
   1.1823511e+07   3.9672852e+01
   1.1823586e+07   3.9001465e+01
   1.1823787e+07   3.5400391e+01
   1.1823991e+07   3.9672852e+01
   1.1824079e+07   3.6560059e+01
   1.1824148e+07   4.1015625e+01
   1.1824181e+07   3.4790039e+01
   1.1824276e+07   3.6865234e+01
   1.1824352e+07   3.6560059e+01
   1.1824393e+07   3.7048340e+01
   1.1824455e+07   3.5156250e+01
   1.1824490e+07   3.4606934e+01
   1.1824586e+07   3.9978027e+01
   1.1825230e+07   3.5278320e+01
   1.1888401e+07   5.3649902e+01
   1.1888415e+07   3.6193848e+01
   1.1888542e+07   5.8471680e+01
   1.1888575e+07   4.6875000e+01
   1.1888625e+07   3.6743164e+01
   1.1888680e+07   3.6193848e+01
   1.1888742e+07   3.5217285e+01
   1.1888786e+07   5.3100586e+01
   1.1888815e+07   4.2602539e+01
   1.1889031e+07   3.5583496e+01
   1.1889112e+07   3.6499023e+01
   1.1889217e+07   5.9570312e+01
   1.1889293e+07   3.4912109e+01
   1.1889515e+07   3.8940430e+01
   1.1889621e+07   4.2358398e+01
   1.1889819e+07   4.0466309e+01
   1.1889880e+07   5.2307129e+01
   1.1890037e+07   3.4790039e+01
   1.1890109e+07   4.3457031e+01
   1.1890254e+07   3.9733887e+01
   1.1890305e+07   3.6499023e+01
   1.1890339e+07   4.6264648e+01
   1.1890373e+07   3.6132812e+01
   1.1890706e+07   3.6499023e+01
   1.1891260e+07   3.7597656e+01
   1.1891852e+07   3.7048340e+01
   1.1919977e+07   3.9184570e+01
   1.1920086e+07   3.5888672e+01
   1.1920266e+07   5.6091309e+01
   1.1920302e+07   5.5908203e+01
   1.1920315e+07   3.4484863e+01
   1.1920348e+07   5.0354004e+01
   1.1920361e+07   3.6682129e+01
   1.1920390e+07   3.9306641e+01
   1.1920413e+07   3.7353516e+01
   1.1920446e+07   3.6315918e+01
   1.1920478e+07   4.0710449e+01
   1.1920560e+07   3.9489746e+01
   1.1920660e+07   4.1992188e+01
   1.1920696e+07   3.5949707e+01
   1.1920749e+07   3.9733887e+01
   1.1920902e+07   4.0710449e+01
   1.1920990e+07   4.9377441e+01
   1.1921164e+07   3.7048340e+01
   1.1921228e+07   3.4973145e+01
   1.1921343e+07   4.0832520e+01
   1.1921383e+07   4.0344238e+01
   1.1921467e+07   3.7963867e+01
   1.1921526e+07   3.6437988e+01
   1.1921651e+07   3.8146973e+01
   1.1921671e+07   3.5705566e+01
   1.1921688e+07   3.6926270e+01
   1.1921745e+07   3.8452148e+01
   1.1921998e+07   4.3579102e+01
   1.1922065e+07   3.5156250e+01
   1.1922271e+07   3.6071777e+01
   1.1922623e+07   3.5461426e+01
   1.1952348e+07   4.1625977e+01
   1.1952423e+07   3.4851074e+01
   1.1952475e+07   3.8269043e+01
   1.1952517e+07   3.5766602e+01
   1.1952549e+07   3.6682129e+01
   1.1952559e+07   4.6936035e+01
   1.1952587e+07   3.7414551e+01
   1.1952657e+07   3.5827637e+01
   1.1952697e+07   4.3945312e+01
   1.1952784e+07   5.3466797e+01
   1.1952819e+07   3.9306641e+01
   1.1952843e+07   3.6621094e+01
   1.1952954e+07   4.3762207e+01
   1.1953020e+07   4.0466309e+01
   1.1953055e+07   3.9428711e+01
   1.1953093e+07   3.8208008e+01
   1.1953120e+07   3.7048340e+01
   1.1953204e+07   3.9489746e+01
   1.1953314e+07   3.5522461e+01
   1.1953495e+07   5.5908203e+01
   1.1953529e+07   4.1931152e+01
   1.1953744e+07   3.7719727e+01
   1.1953760e+07   3.6315918e+01
   1.1953832e+07   3.4606934e+01
   1.1954127e+07   3.7353516e+01
   1.1954497e+07   4.5166016e+01
   1.1954522e+07   3.8024902e+01
   1.1954990e+07   3.5827637e+01
