   8.9970000e+06   0.0000000e+00
   4.1517000e+04   3.5583496e+01
   7.5364000e+04   3.5034180e+01
   1.1421300e+05   3.5766602e+01
   1.4967700e+05   3.5888672e+01
   1.5492100e+05   3.5278320e+01
   1.7725000e+05   3.7902832e+01
   2.3094200e+05   3.8513184e+01
   2.7518000e+05   3.5156250e+01
   3.9202200e+05   3.5278320e+01
   3.9320900e+05   3.5095215e+01
   4.0908200e+05   3.5827637e+01
   4.2782700e+05   3.7719727e+01
   4.6833400e+05   3.6193848e+01
   4.9155400e+05   3.4973145e+01
   5.1443100e+05   4.9011230e+01
   5.5186100e+05   3.4851074e+01
   5.5342100e+05   3.6254883e+01
   5.5595200e+05   3.8757324e+01
   5.6713300e+05   3.8146973e+01
   5.8758600e+05   3.4851074e+01
   5.9390700e+05   3.7231445e+01
   6.0362500e+05   3.6926270e+01
   6.2817200e+05   3.8024902e+01
   6.9854000e+05   3.9428711e+01
   7.0443900e+05   3.4973145e+01
   7.0906800e+05   3.5583496e+01
   7.4089600e+05   3.7963867e+01
   7.8376200e+05   3.7902832e+01
   8.1731100e+05   3.5522461e+01
   8.3208000e+05   4.1687012e+01
   8.7026500e+05   3.8635254e+01
   8.7093500e+05   4.2541504e+01
   8.7147500e+05   3.6071777e+01
   8.7156600e+05   7.0739746e+01
   8.7174500e+05   4.1809082e+01
   8.7178000e+05   5.2185059e+01
   8.7180800e+05   3.6254883e+01
   8.7182600e+05   5.0292969e+01
   8.7184600e+05   4.1931152e+01
   8.7187700e+05   5.6213379e+01
   8.7189000e+05   5.9509277e+01
   8.7191900e+05   7.4768066e+01
   8.7194600e+05   5.5236816e+01
   8.7198200e+05   8.4106445e+01
   8.7200500e+05   4.7790527e+01
   8.7203000e+05   3.6926270e+01
   8.7204300e+05   4.8217773e+01
   8.7207200e+05   7.7758789e+01
   8.7211400e+05   4.3212891e+01
   8.7213000e+05   5.5786133e+01
   8.7215000e+05   3.5400391e+01
   8.7218500e+05   5.3710938e+01
   8.7219700e+05   5.8715820e+01
   8.7221700e+05   3.7719727e+01
   8.7222700e+05   4.3273926e+01
   8.7223900e+05   3.5583496e+01
   8.7229600e+05   3.6132812e+01
   8.7231400e+05   3.6743164e+01
   8.7232900e+05   3.7414551e+01
   8.7236400e+05   3.6682129e+01
   8.7239500e+05   4.6752930e+01
   8.7241000e+05   4.7485352e+01
   8.7243800e+05   3.7353516e+01
   8.7249900e+05   3.6682129e+01
   8.7251900e+05   5.4687500e+01
   8.7254300e+05   4.6264648e+01
   8.7256900e+05   4.5227051e+01
   8.7263300e+05   4.4250488e+01
   8.7269500e+05   3.6804199e+01
   8.7272200e+05   4.1259766e+01
   8.7274700e+05   3.5522461e+01
   8.7279000e+05   3.8269043e+01
   8.7280900e+05   4.9621582e+01
   8.7284600e+05   3.5339355e+01
   8.7297600e+05   3.7414551e+01
   8.7313800e+05   4.2236328e+01
   8.7317800e+05   4.6813965e+01
   8.7324200e+05   4.8889160e+01
   8.7329500e+05   3.7902832e+01
   8.7331100e+05   6.5124512e+01
   8.7335300e+05   3.9916992e+01
   8.7340300e+05   3.9733887e+01
   8.7342700e+05   3.8513184e+01
   8.7346900e+05   4.0283203e+01
   8.7348500e+05   3.4912109e+01
   8.7356600e+05   4.7790527e+01
   8.7358500e+05   3.9306641e+01
   8.7364200e+05   4.3151855e+01
   8.7366700e+05   4.2358398e+01
   8.7372200e+05   3.6804199e+01
   8.7384000e+05   3.5827637e+01
   8.7389200e+05   3.4912109e+01
   8.7391600e+05   3.9978027e+01
   8.7398200e+05   3.5644531e+01
   8.7407100e+05   5.0048828e+01
   8.7420600e+05   4.1137695e+01
   8.7422900e+05   3.9978027e+01
   8.7425200e+05   4.0100098e+01
   8.7429000e+05   3.9123535e+01
   8.7430500e+05   3.5888672e+01
   8.7433800e+05   4.1809082e+01
   8.7436700e+05   4.6325684e+01
   8.7443500e+05   4.0283203e+01
   8.7452400e+05   4.8950195e+01
   8.7454200e+05   3.6254883e+01
   8.7459800e+05   3.7780762e+01
   8.7466000e+05   4.7241211e+01
   8.7467100e+05   4.4616699e+01
   8.7481900e+05   4.5837402e+01
   8.7491100e+05   3.9123535e+01
   8.7495900e+05   4.0771484e+01
   8.7504400e+05   4.5288086e+01
   8.7507000e+05   4.4128418e+01
   8.7520000e+05   3.5766602e+01
   8.7524000e+05   4.2480469e+01
   8.7529600e+05   5.4992676e+01
   8.7542000e+05   5.1513672e+01
   8.7543900e+05   3.6682129e+01
   8.7548800e+05   3.9550781e+01
   8.7554200e+05   5.4870605e+01
   8.7568400e+05   3.5278320e+01
   8.7573000e+05   3.6010742e+01
   8.7579500e+05   4.1748047e+01
   8.7584200e+05   3.7048340e+01
   8.7592600e+05   4.1259766e+01
   8.7608600e+05   3.8330078e+01
   8.7622500e+05   3.9062500e+01
   8.7638900e+05   4.1381836e+01
   8.7670400e+05   3.6865234e+01
   8.7676000e+05   4.0649414e+01
   8.8011800e+05   3.7597656e+01
   8.8136100e+05   3.6560059e+01
   8.8172400e+05   3.8085938e+01
   8.8244000e+05   4.0832520e+01
   8.8289100e+05   3.8269043e+01
   8.8366000e+05   3.8818359e+01
   8.8404600e+05   4.8706055e+01
   8.8476700e+05   3.9306641e+01
   8.8517200e+05   3.6193848e+01
   8.8533900e+05   6.9885254e+01
   8.8535600e+05   4.6264648e+01
   8.8547100e+05   4.2358398e+01
   8.8551300e+05   3.8208008e+01
   8.8553900e+05   4.9255371e+01
   8.8556200e+05   6.2683105e+01
   8.8559900e+05   3.6743164e+01
   8.8561300e+05   4.0100098e+01
   8.8563600e+05   7.8552246e+01
   8.8566300e+05   5.7189941e+01
   8.8568200e+05   3.9672852e+01
   8.8569200e+05   3.8757324e+01
   8.8570900e+05   3.5949707e+01
   8.8573800e+05   7.1960449e+01
   8.8575400e+05   3.5705566e+01
   8.8577300e+05   4.0893555e+01
   8.8581300e+05   3.5400391e+01
   8.8583700e+05   4.9438477e+01
   8.8589400e+05   8.4594727e+01
   8.8590500e+05   4.6264648e+01
   8.8594400e+05   4.0222168e+01
   8.8595600e+05   5.8776855e+01
   8.8597100e+05   4.8828125e+01
   8.8599200e+05   4.2480469e+01
   8.8602600e+05   3.8940430e+01
   8.8606200e+05   3.8879395e+01
   8.8607500e+05   3.8452148e+01
   8.8612700e+05   5.8776855e+01
   8.8616400e+05   3.9489746e+01
   8.8620900e+05   3.6560059e+01
   8.8625400e+05   4.4311523e+01
   8.8628500e+05   6.5734863e+01
   8.8631800e+05   4.0588379e+01
   8.8633300e+05   4.1442871e+01
   8.8634300e+05   3.9367676e+01
   8.8639000e+05   4.2114258e+01
   8.8645900e+05   3.8208008e+01
   8.8647200e+05   3.7109375e+01
   8.8648800e+05   3.6743164e+01
   8.8653600e+05   4.7119141e+01
   8.8655200e+05   4.5776367e+01
   8.8665300e+05   4.1076660e+01
   8.8674000e+05   4.6936035e+01
   8.8677500e+05   6.7687988e+01
   8.8683700e+05   3.6682129e+01
   8.8686500e+05   4.4128418e+01
   8.8691500e+05   3.7475586e+01
   8.8696600e+05   5.4870605e+01
   8.8701100e+05   5.4870605e+01
   8.8709400e+05   3.8635254e+01
   8.8711100e+05   4.0161133e+01
   8.8717000e+05   3.8940430e+01
   8.8722700e+05   3.6437988e+01
   8.8724500e+05   3.8024902e+01
   8.8729500e+05   3.5339355e+01
   8.8730600e+05   6.2316895e+01
   8.8733500e+05   4.1198730e+01
   8.8742700e+05   3.8818359e+01
   8.8744100e+05   4.9316406e+01
   8.8755100e+05   3.6132812e+01
   8.8762800e+05   4.1259766e+01
   8.8766000e+05   3.5278320e+01
   8.8768800e+05   4.2236328e+01
   8.8782800e+05   4.5715332e+01
   8.8785000e+05   4.0100098e+01
   8.8797700e+05   3.8574219e+01
   8.8801700e+05   4.9133301e+01
   8.8807900e+05   3.6254883e+01
   8.8813100e+05   4.0649414e+01
   8.8828200e+05   3.9733887e+01
   8.8845200e+05   3.5766602e+01
   8.8847600e+05   3.7841797e+01
   8.8859000e+05   3.6010742e+01
   8.8869600e+05   3.5339355e+01
   8.8886900e+05   3.8452148e+01
   8.8912800e+05   3.5034180e+01
   8.8917000e+05   4.0771484e+01
   8.8926400e+05   3.5217285e+01
   8.8966500e+05   3.8391113e+01
   8.8971800e+05   3.5949707e+01
   8.8974600e+05   3.9489746e+01
   8.8998500e+05   3.9733887e+01
   8.9015300e+05   4.0405273e+01
   8.9055200e+05   4.0771484e+01
   8.9059300e+05   3.8818359e+01
   8.9076100e+05   3.9550781e+01
   8.9089400e+05   4.1198730e+01
   8.9121100e+05   4.5043945e+01
   8.9128600e+05   3.5217285e+01
   8.9153100e+05   3.5827637e+01
   8.9176300e+05   3.7780762e+01
   8.9203400e+05   4.2541504e+01
   8.9231100e+05   4.1259766e+01
   8.9259900e+05   3.6621094e+01
   8.9292600e+05   4.4921875e+01
   8.9326900e+05   3.5583496e+01
   8.9365300e+05   3.5888672e+01
   8.9403000e+05   3.5949707e+01
   8.9411900e+05   3.4851074e+01
   8.9894900e+05   3.6010742e+01
   9.5945100e+05   3.4912109e+01
   1.0693990e+06   4.1870117e+01
   1.0899050e+06   3.9062500e+01
   1.1458920e+06   3.6315918e+01
   1.2645970e+06   3.7475586e+01
   1.2897010e+06   3.5949707e+01
   1.3237880e+06   3.6437988e+01
   1.3619110e+06   3.5705566e+01
   1.4848740e+06   3.4851074e+01
   1.5106150e+06   3.6560059e+01
   1.5994800e+06   3.6926270e+01
   1.6045100e+06   3.6071777e+01
   1.6289770e+06   3.7719727e+01
   1.6329640e+06   3.5400391e+01
   1.7009730e+06   3.8024902e+01
   1.9070590e+06   3.8024902e+01
   1.9609660e+06   3.6132812e+01
   2.1118100e+06   3.7170410e+01
   2.1889090e+06   3.8879395e+01
   2.2000330e+06   4.6630859e+01
   2.2318210e+06   3.4912109e+01
   2.2518890e+06   3.6743164e+01
   2.2985190e+06   3.5949707e+01
   2.3023700e+06   3.5461426e+01
   2.3215570e+06   3.5400391e+01
   2.3332560e+06   3.5339355e+01
   2.3551640e+06   4.5410156e+01
   2.4585080e+06   3.7597656e+01
   2.4745230e+06   3.8696289e+01
   2.5760010e+06   3.8513184e+01
   2.5829660e+06   3.7902832e+01
   2.6637520e+06   4.0039062e+01
   2.7137910e+06   3.9672852e+01
   2.7183920e+06   3.7475586e+01
   2.7295900e+06   3.6865234e+01
   2.8208400e+06   3.6926270e+01
   2.8341380e+06   3.6437988e+01
   2.9032080e+06   3.9306641e+01
   2.9341700e+06   3.7414551e+01
   2.9465610e+06   3.6865234e+01
   2.9983090e+06   4.0893555e+01
   3.0053510e+06   3.7414551e+01
   3.0060270e+06   4.3212891e+01
   3.1223170e+06   3.6437988e+01
   3.1280270e+06   4.4921875e+01
   3.1285630e+06   3.9550781e+01
   3.1289390e+06   4.2724609e+01
   3.1290360e+06   3.6132812e+01
   3.1290540e+06   3.6254883e+01
   3.1290690e+06   8.7524414e+01
   3.1290830e+06   4.0100098e+01
   3.1291350e+06   4.7363281e+01
   3.1291490e+06   4.9499512e+01
   3.1291630e+06   4.6325684e+01
   3.1291920e+06   4.4921875e+01
   3.1292040e+06   8.5083008e+01
   3.1292310e+06   5.4199219e+01
   3.1292550e+06   7.0129395e+01
   3.1292710e+06   1.2731934e+02
   3.1292990e+06   7.8918457e+01
   3.1293400e+06   4.8522949e+01
   3.1293520e+06   6.6284180e+01
   3.1293630e+06   3.8513184e+01
   3.1293830e+06   6.0729980e+01
   3.1293990e+06   6.0485840e+01
   3.1294270e+06   5.8105469e+01
   3.1294600e+06   5.5541992e+01
   3.1294870e+06   4.7119141e+01
   3.1295000e+06   7.9589844e+01
   3.1295260e+06   3.9794922e+01
   3.1295510e+06   3.5400391e+01
   3.1296210e+06   4.3212891e+01
   3.1296730e+06   3.6193848e+01
   3.1297000e+06   3.7231445e+01
   3.1297680e+06   4.9011230e+01
   3.1298040e+06   3.7292480e+01
   3.1298540e+06   3.8208008e+01
   3.1298870e+06   4.3395996e+01
   3.1299160e+06   3.5461426e+01
   3.1299970e+06   3.5034180e+01
   3.1300470e+06   4.1992188e+01
   3.1301270e+06   3.4790039e+01
   3.1301490e+06   4.9987793e+01
   3.1302010e+06   4.5104980e+01
   3.1303130e+06   4.4555664e+01
   3.1303830e+06   3.6743164e+01
   3.1304850e+06   3.7597656e+01
   3.1305120e+06   4.2358398e+01
   3.1305290e+06   4.8217773e+01
   3.1305510e+06   5.3894043e+01
   3.1306900e+06   3.8635254e+01
   3.1307020e+06   4.7668457e+01
   3.1307750e+06   3.9001465e+01
   3.1308230e+06   3.9062500e+01
   3.1308510e+06   4.1320801e+01
   3.1308710e+06   3.6682129e+01
   3.1309110e+06   3.8269043e+01
   3.1309300e+06   3.9428711e+01
   3.1310240e+06   4.4067383e+01
   3.1311140e+06   4.9682617e+01
   3.1311580e+06   5.7495117e+01
   3.1311720e+06   4.7790527e+01
   3.1311950e+06   3.4912109e+01
   3.1312110e+06   4.2480469e+01
   3.1313350e+06   5.4016113e+01
   3.1313930e+06   4.9133301e+01
   3.1314400e+06   3.5644531e+01
   3.1315130e+06   3.8635254e+01
   3.1317020e+06   3.6682129e+01
   3.1319040e+06   4.1564941e+01
   3.1319850e+06   3.7780762e+01
   3.1320310e+06   4.7668457e+01
   3.1321240e+06   3.7170410e+01
   3.1321950e+06   4.4128418e+01
   3.1323680e+06   3.5278320e+01
   3.1324430e+06   3.4851074e+01
   3.1324570e+06   6.4392090e+01
   3.1325950e+06   3.5583496e+01
   3.1326940e+06   3.6499023e+01
   3.1327720e+06   3.5461426e+01
   3.1329040e+06   3.9550781e+01
   3.1329570e+06   3.5217285e+01
   3.1330290e+06   3.9306641e+01
   3.1331360e+06   3.8818359e+01
   3.1331620e+06   4.8095703e+01
   3.1334510e+06   3.6743164e+01
   3.1337310e+06   4.2968750e+01
   3.1340680e+06   4.3212891e+01
   3.1343420e+06   4.0100098e+01
   3.1343640e+06   3.6376953e+01
   3.1344620e+06   3.9428711e+01
   3.1346590e+06   4.2175293e+01
   3.1347790e+06   4.7973633e+01
   3.1351450e+06   3.4973145e+01
   3.1355120e+06   4.5043945e+01
   3.1358270e+06   4.1076660e+01
   3.1363310e+06   4.8522949e+01
   3.1371280e+06   3.6132812e+01
   3.1375320e+06   4.1748047e+01
   3.1380680e+06   3.8696289e+01
   3.1386610e+06   3.8757324e+01
   3.1392230e+06   3.7109375e+01
   3.1397030e+06   4.1687012e+01
   3.1401860e+06   3.9245605e+01
   3.1405940e+06   3.9794922e+01
   3.1408600e+06   3.7780762e+01
   3.1409900e+06   4.0893555e+01
   3.1410570e+06   4.0161133e+01
   3.1415610e+06   4.1259766e+01
   3.1416520e+06   3.6743164e+01
   3.1418490e+06   3.5705566e+01
   3.1420200e+06   6.5246582e+01
   3.1420430e+06   3.8330078e+01
   3.1421180e+06   6.9519043e+01
   3.1421470e+06   3.7963867e+01
   3.1422070e+06   4.4311523e+01
   3.1422300e+06   5.0598145e+01
   3.1422540e+06   3.9367676e+01
   3.1422860e+06   6.4880371e+01
   3.1423350e+06   5.5969238e+01
   3.1423500e+06   4.5959473e+01
   3.1423700e+06   5.0354004e+01
   3.1423940e+06   5.6213379e+01
   3.1424140e+06   4.4799805e+01
   3.1424540e+06   3.6926270e+01
   3.1424730e+06   4.6630859e+01
   3.1424990e+06   3.5766602e+01
   3.1425150e+06   5.7373047e+01
   3.1425450e+06   3.6987305e+01
   3.1425710e+06   5.5480957e+01
   3.1425820e+06   4.8706055e+01
   3.1426240e+06   5.6823730e+01
   3.1426360e+06   3.9245605e+01
   3.1426700e+06   3.7658691e+01
   3.1426830e+06   6.4453125e+01
   3.1427070e+06   3.8391113e+01
   3.1427190e+06   4.2724609e+01
   3.1427600e+06   5.6945801e+01
   3.1428050e+06   4.1748047e+01
   3.1428300e+06   4.5715332e+01
   3.1428610e+06   3.7841797e+01
   3.1428880e+06   5.1208496e+01
   3.1429450e+06   4.2541504e+01
   3.1430100e+06   3.9794922e+01
   3.1430630e+06   4.8339844e+01
   3.1430940e+06   4.3090820e+01
   3.1431210e+06   3.7353516e+01
   3.1431490e+06   4.7424316e+01
   3.1431940e+06   3.5827637e+01
   3.1432160e+06   4.3273926e+01
   3.1432510e+06   3.9062500e+01
   3.1432660e+06   3.4851074e+01
   3.1432850e+06   4.8645020e+01
   3.1433160e+06   4.7485352e+01
   3.1433850e+06   4.6447754e+01
   3.1434130e+06   4.9316406e+01
   3.1434260e+06   3.5217285e+01
   3.1434720e+06   4.9438477e+01
   3.1434880e+06   4.3640137e+01
   3.1435070e+06   4.2053223e+01
   3.1435660e+06   3.4973145e+01
   3.1435950e+06   4.1992188e+01
   3.1437600e+06   3.7414551e+01
   3.1438910e+06   3.5522461e+01
   3.1439170e+06   3.5522461e+01
   3.1439630e+06   3.6560059e+01
   3.1440990e+06   5.3588867e+01
   3.1441280e+06   3.5156250e+01
   3.1442040e+06   3.9001465e+01
   3.1443100e+06   6.4636230e+01
   3.1444550e+06   3.9062500e+01
   3.1444850e+06   3.7841797e+01
   3.1445670e+06   3.9489746e+01
   3.1446050e+06   3.6376953e+01
   3.1446430e+06   3.5522461e+01
   3.1446760e+06   4.2907715e+01
   3.1448140e+06   5.7373047e+01
   3.1449780e+06   5.5603027e+01
   3.1452050e+06   4.4616699e+01
   3.1452820e+06   3.7475586e+01
   3.1453320e+06   4.3762207e+01
   3.1454080e+06   5.1696777e+01
   3.1455510e+06   4.5288086e+01
   3.1455780e+06   3.5888672e+01
   3.1457490e+06   3.7597656e+01
   3.1458210e+06   3.6987305e+01
   3.1459720e+06   3.5522461e+01
   3.1459900e+06   3.5034180e+01
   3.1460740e+06   3.8024902e+01
   3.1462150e+06   4.3212891e+01
   3.1462600e+06   3.4973145e+01
   3.1463360e+06   4.0283203e+01
   3.1464500e+06   3.7231445e+01
   3.1467430e+06   4.1320801e+01
   3.1473170e+06   3.7963867e+01
   3.1474860e+06   3.4729004e+01
   3.1500810e+06   3.4729004e+01
   3.1502330e+06   4.1015625e+01
   3.1504020e+06   3.5156250e+01
   3.1507590e+06   3.8879395e+01
   3.1512010e+06   4.3457031e+01
   3.1562400e+06   4.7363281e+01
   3.1567110e+06   3.8146973e+01
   3.1601380e+06   3.9672852e+01
   3.1816100e+06   4.3762207e+01
   3.2115140e+06   4.0405273e+01
   3.2263110e+06   3.5278320e+01
   3.2682280e+06   3.6315918e+01
   3.2873330e+06   3.4790039e+01
   3.3229670e+06   3.9001465e+01
   3.3686420e+06   5.2246094e+01
   3.3900620e+06   4.1625977e+01
   3.4047090e+06   3.4912109e+01
   3.4159480e+06   3.6621094e+01
   3.4302990e+06   3.5888672e+01
   3.4558250e+06   3.8635254e+01
   3.5193530e+06   3.5095215e+01
   3.5398220e+06   3.5644531e+01
   3.5412810e+06   3.8879395e+01
   3.5637150e+06   3.5583496e+01
   3.5906690e+06   3.5339355e+01
   3.6645140e+06   4.0405273e+01
   3.6910100e+06   3.6804199e+01
   3.7006110e+06   3.4912109e+01
   3.7230000e+06   3.5339355e+01
   3.7689510e+06   3.5827637e+01
   3.7690800e+06   3.8146973e+01
   3.8322680e+06   3.7536621e+01
   3.8715550e+06   3.6071777e+01
   3.9744220e+06   3.7902832e+01
   4.0368160e+06   5.4687500e+01
   4.0394710e+06   3.6682129e+01
   4.0463330e+06   4.0771484e+01
   4.1009640e+06   4.0283203e+01
   4.1393920e+06   4.8034668e+01
   4.1415570e+06   3.4851074e+01
   4.1858010e+06   4.4189453e+01
   4.1870130e+06   3.5766602e+01
   4.2144010e+06   3.8696289e+01
   4.2639790e+06   3.7292480e+01
   4.2756230e+06   3.8208008e+01
   4.4237280e+06   3.7963867e+01
   4.4871510e+06   3.5644531e+01
   4.4960110e+06   3.5217285e+01
   4.5227320e+06   3.6560059e+01
   4.6122320e+06   3.4851074e+01
   4.6634360e+06   3.6315918e+01
   4.7572330e+06   3.5156250e+01
   4.7969540e+06   3.7048340e+01
   4.8339780e+06   3.6743164e+01
   4.8363460e+06   3.4912109e+01
   4.8641040e+06   3.7536621e+01
   4.9280120e+06   3.5400391e+01
   4.9383730e+06   3.8635254e+01
   4.9415650e+06   3.5034180e+01
   4.9426980e+06   3.6010742e+01
   4.9429200e+06   4.0344238e+01
   4.9434810e+06   3.7292480e+01
   4.9436580e+06   3.6376953e+01
   4.9440020e+06   3.4851074e+01
   4.9440230e+06   4.8278809e+01
   4.9440880e+06   3.6376953e+01
   4.9441440e+06   3.8818359e+01
   4.9441950e+06   4.4982910e+01
   4.9442100e+06   5.2307129e+01
   4.9442200e+06   5.9204102e+01
   4.9442440e+06   5.4565430e+01
   4.9442690e+06   5.4077148e+01
   4.9442930e+06   3.8146973e+01
   4.9443080e+06   6.6040039e+01
   4.9443330e+06   5.0048828e+01
   4.9443530e+06   5.5969238e+01
   4.9443630e+06   6.2133789e+01
   4.9443880e+06   6.8420410e+01
   4.9444010e+06   5.5358887e+01
   4.9444320e+06   7.4523926e+01
   4.9444510e+06   8.2519531e+01
   4.9444740e+06   5.2368164e+01
   4.9445030e+06   5.5480957e+01
   4.9445160e+06   3.8757324e+01
   4.9445540e+06   5.1147461e+01
   4.9445680e+06   7.0495605e+01
   4.9445890e+06   5.3222656e+01
   4.9446090e+06   4.7790527e+01
   4.9446280e+06   3.8208008e+01
   4.9446650e+06   4.2053223e+01
   4.9447120e+06   3.8391113e+01
   4.9447460e+06   4.1076660e+01
   4.9447750e+06   5.0537109e+01
   4.9448010e+06   3.6437988e+01
   4.9448220e+06   4.9743652e+01
   4.9448750e+06   5.3955078e+01
   4.9449120e+06   3.7780762e+01
   4.9449280e+06   4.0222168e+01
   4.9449820e+06   4.2724609e+01
   4.9450260e+06   4.6813965e+01
   4.9450460e+06   3.6376953e+01
   4.9450700e+06   4.2724609e+01
   4.9451000e+06   3.7353516e+01
   4.9451290e+06   3.5766602e+01
   4.9451410e+06   4.8828125e+01
   4.9452260e+06   3.9611816e+01
   4.9452700e+06   4.0344238e+01
   4.9453940e+06   3.7963867e+01
   4.9454110e+06   3.7170410e+01
   4.9454430e+06   4.5104980e+01
   4.9455010e+06   3.7109375e+01
   4.9455980e+06   5.1574707e+01
   4.9456260e+06   3.5217285e+01
   4.9456380e+06   3.9123535e+01
   4.9457770e+06   4.5166016e+01
   4.9457940e+06   4.1198730e+01
   4.9459210e+06   4.1442871e+01
   4.9459690e+06   3.5217285e+01
   4.9461000e+06   3.9489746e+01
   4.9461600e+06   3.9978027e+01
   4.9462430e+06   3.8879395e+01
   4.9463160e+06   4.4067383e+01
   4.9463710e+06   4.4006348e+01
   4.9463860e+06   3.7536621e+01
   4.9464190e+06   3.5522461e+01
   4.9464960e+06   4.7912598e+01
   4.9465450e+06   3.6254883e+01
   4.9465700e+06   3.5827637e+01
   4.9466920e+06   4.6508789e+01
   4.9467310e+06   4.0832520e+01
   4.9468610e+06   4.2541504e+01
   4.9468710e+06   4.9438477e+01
   4.9469130e+06   3.6621094e+01
   4.9469340e+06   4.6569824e+01
   4.9470140e+06   3.9611816e+01
   4.9470540e+06   3.4790039e+01
   4.9472070e+06   4.6630859e+01
   4.9472970e+06   4.4677734e+01
   4.9473340e+06   3.6132812e+01
   4.9474200e+06   3.5522461e+01
   4.9475100e+06   4.1564941e+01
   4.9477240e+06   5.6457520e+01
   4.9477520e+06   4.6813965e+01
   4.9479640e+06   4.6325684e+01
   4.9481990e+06   4.1870117e+01
   4.9482290e+06   3.4790039e+01
   4.9484210e+06   3.5766602e+01
   4.9486070e+06   4.2724609e+01
   4.9486990e+06   4.3029785e+01
   4.9489410e+06   3.6865234e+01
   4.9489990e+06   3.6193848e+01
   4.9494500e+06   3.9123535e+01
   4.9498700e+06   4.1503906e+01
   4.9506870e+06   3.6376953e+01
   4.9539920e+06   4.2419434e+01
   4.9551530e+06   4.1442871e+01
   4.9553510e+06   3.8269043e+01
   4.9553840e+06   4.0954590e+01
   4.9558740e+06   3.8940430e+01
   4.9565960e+06   4.1015625e+01
   4.9571100e+06   3.6865234e+01
   4.9574310e+06   3.5461426e+01
   4.9576450e+06   4.7119141e+01
   4.9576610e+06   3.9123535e+01
   4.9576810e+06   3.4729004e+01
   4.9577550e+06   6.1767578e+01
   4.9577840e+06   3.4851074e+01
   4.9578050e+06   3.7719727e+01
   4.9578570e+06   5.9204102e+01
   4.9578720e+06   4.2602539e+01
   4.9579220e+06   3.8513184e+01
   4.9579430e+06   8.6242676e+01
   4.9579660e+06   3.7353516e+01
   4.9579940e+06   8.0444336e+01
   4.9580390e+06   4.6875000e+01
   4.9580900e+06   3.5400391e+01
   4.9581190e+06   5.9387207e+01
   4.9581470e+06   5.5480957e+01
   4.9581590e+06   4.0222168e+01
   4.9581870e+06   4.3457031e+01
   4.9582450e+06   5.0170898e+01
   4.9582770e+06   3.7597656e+01
   4.9582940e+06   3.8330078e+01
   4.9583200e+06   4.9072266e+01
   4.9583560e+06   3.8085938e+01
   4.9583680e+06   3.9916992e+01
   4.9585120e+06   3.6254883e+01
   4.9585350e+06   3.5156250e+01
   4.9586100e+06   4.1198730e+01
   4.9586410e+06   4.5837402e+01
   4.9587440e+06   3.7536621e+01
   4.9587740e+06   4.1748047e+01
   4.9587920e+06   4.5227051e+01
   4.9588050e+06   3.7475586e+01
   4.9588500e+06   3.6560059e+01
   4.9588600e+06   3.6193848e+01
   4.9588850e+06   4.2175293e+01
   4.9589420e+06   3.7292480e+01
   4.9589760e+06   3.5766602e+01
   4.9590430e+06   4.6447754e+01
   4.9591470e+06   3.7414551e+01
   4.9591790e+06   3.7109375e+01
   4.9592110e+06   3.5217285e+01
   4.9593020e+06   4.4250488e+01
   4.9593320e+06   3.8452148e+01
   4.9594150e+06   4.2114258e+01
   4.9595850e+06   4.6813965e+01
   4.9596980e+06   4.0893555e+01
   4.9597330e+06   3.7902832e+01
   4.9597670e+06   5.4626465e+01
   4.9598630e+06   4.6997070e+01
   4.9599450e+06   5.3710938e+01
   4.9599570e+06   3.9367676e+01
   4.9601460e+06   4.1748047e+01
   4.9602240e+06   3.5339355e+01
   4.9602740e+06   5.9875488e+01
   4.9603210e+06   3.5400391e+01
   4.9603970e+06   3.6193848e+01
   4.9604070e+06   3.4973145e+01
   4.9604810e+06   3.6560059e+01
   4.9605810e+06   4.2541504e+01
   4.9606060e+06   4.8950195e+01
   4.9607800e+06   3.7292480e+01
   4.9609490e+06   4.1320801e+01
   4.9612770e+06   3.8208008e+01
   4.9614220e+06   3.7414551e+01
   4.9616080e+06   4.1564941e+01
   4.9618390e+06   3.9184570e+01
   4.9623400e+06   3.5766602e+01
   4.9625820e+06   3.7658691e+01
   4.9628210e+06   3.8208008e+01
   4.9631460e+06   3.6376953e+01
   4.9635000e+06   4.3090820e+01
   4.9637750e+06   4.2541504e+01
   4.9640370e+06   3.5888672e+01
   4.9646090e+06   3.5522461e+01
   4.9653160e+06   3.5095215e+01
   4.9687460e+06   3.5034180e+01
   4.9739970e+06   3.5278320e+01
   4.9771140e+06   3.5705566e+01
   4.9792720e+06   3.8635254e+01
   5.0342920e+06   3.9062500e+01
   5.0468620e+06   3.6132812e+01
   5.1748600e+06   3.5583496e+01
   5.2464010e+06   3.9306641e+01
   5.3217900e+06   3.6621094e+01
   5.3658130e+06   3.4912109e+01
   5.3874460e+06   3.4790039e+01
   5.4111170e+06   3.4790039e+01
   5.4301460e+06   3.5156250e+01
   5.4433080e+06   3.8146973e+01
   5.4517390e+06   3.5644531e+01
   5.4667580e+06   3.4973145e+01
   5.4851230e+06   4.3518066e+01
   5.5070790e+06   4.6264648e+01
   5.5378930e+06   3.5034180e+01
   5.5420120e+06   3.4790039e+01
   5.5525500e+06   3.5766602e+01
   5.5632360e+06   3.5644531e+01
   5.6329920e+06   3.6865234e+01
   5.6362380e+06   3.5095215e+01
   5.6371050e+06   3.7353516e+01
   5.6883740e+06   3.7658691e+01
   5.7853500e+06   3.6437988e+01
   5.7907410e+06   3.5156250e+01
   5.7907540e+06   3.7109375e+01
   5.8156290e+06   3.9184570e+01
   5.8247670e+06   3.5766602e+01
   5.8383920e+06   3.5217285e+01
   5.8417170e+06   3.4912109e+01
   5.8476200e+06   3.5644531e+01
   5.8731160e+06   3.4790039e+01
   5.9461170e+06   3.4851074e+01
   5.9642960e+06   3.7963867e+01
   5.9764420e+06   3.5461426e+01
   6.0264150e+06   4.5959473e+01
   6.1309330e+06   3.5095215e+01
   6.1399530e+06   3.4851074e+01
   6.1906770e+06   3.5461426e+01
   6.1985360e+06   4.3212891e+01
   6.2035780e+06   3.6926270e+01
   6.3185020e+06   3.4912109e+01
   6.3189950e+06   4.1076660e+01
   6.3200600e+06   3.6010742e+01
   6.3292780e+06   4.6630859e+01
   6.3564120e+06   3.4790039e+01
   6.3959090e+06   3.7475586e+01
   6.3980000e+06   3.4729004e+01
   6.4123550e+06   4.0771484e+01
   6.4312720e+06   3.6804199e+01
   6.4473980e+06   3.5888672e+01
   6.5264990e+06   3.7414551e+01
   6.6648370e+06   4.2114258e+01
   6.7244610e+06   3.5339355e+01
   6.7287640e+06   3.9062500e+01
   6.7481260e+06   3.8940430e+01
   6.7599230e+06   5.2246094e+01
   6.7718500e+06   3.6254883e+01
   6.7885080e+06   4.5104980e+01
   6.8068930e+06   4.3212891e+01
   6.8381800e+06   4.4921875e+01
   6.8937820e+06   4.1564941e+01
   6.9424590e+06   3.5278320e+01
   6.9821790e+06   3.8391113e+01
   6.9930450e+06   4.2663574e+01
   6.9948250e+06   3.4912109e+01
   7.0007750e+06   3.9245605e+01
   7.0112210e+06   3.5034180e+01
   7.0552040e+06   3.5949707e+01
   7.1031080e+06   3.8635254e+01
   7.1066210e+06   3.4912109e+01
   7.1076920e+06   3.6499023e+01
   7.1114430e+06   3.8024902e+01
   7.1539930e+06   4.2053223e+01
   7.1578400e+06   3.6987305e+01
   7.1777060e+06   3.8146973e+01
   7.1868550e+06   3.6437988e+01
   7.2451960e+06   4.6447754e+01
   7.2514790e+06   3.6010742e+01
   7.2562810e+06   4.2907715e+01
   7.2579270e+06   3.5217285e+01
   7.2923060e+06   3.9672852e+01
   7.2994170e+06   3.7902832e+01
   7.3033510e+06   3.5461426e+01
   7.3160970e+06   4.0893555e+01
   7.3230940e+06   4.2236328e+01
   7.3869190e+06   4.4189453e+01
   7.3965440e+06   3.4912109e+01
   7.4086710e+06   4.2297363e+01
   7.4308280e+06   4.2968750e+01
   7.4575910e+06   3.8085938e+01
   7.4776860e+06   3.6560059e+01
   7.5019270e+06   3.5095215e+01
   7.5532760e+06   3.5949707e+01
   7.5956460e+06   3.8940430e+01
   7.6329400e+06   3.6071777e+01
   7.6593670e+06   3.9123535e+01
   7.6638040e+06   3.4973145e+01
   7.6949560e+06   3.9672852e+01
   7.7349100e+06   3.5522461e+01
   7.7504990e+06   3.7963867e+01
   7.7659040e+06   4.9255371e+01
   7.7900580e+06   3.5583496e+01
   7.8147070e+06   4.2907715e+01
   7.8241390e+06   3.7231445e+01
   7.8498540e+06   3.8146973e+01
   7.8901700e+06   3.7048340e+01
   7.8949150e+06   3.8513184e+01
   7.9051930e+06   3.9367676e+01
   7.9308280e+06   3.5949707e+01
   7.9546240e+06   4.1198730e+01
   7.9793580e+06   3.6743164e+01
   7.9916190e+06   3.7658691e+01
   8.0097940e+06   3.5522461e+01
   8.0425910e+06   3.7719727e+01
   8.0607190e+06   4.1870117e+01
   8.0678000e+06   4.0588379e+01
   8.1211690e+06   4.2236328e+01
   8.1248040e+06   3.6987305e+01
   8.1257380e+06   3.5034180e+01
   8.1295460e+06   4.2480469e+01
   8.1410470e+06   3.4729004e+01
   8.1475400e+06   3.5217285e+01
   8.1545210e+06   3.9550781e+01
   8.1655680e+06   4.5837402e+01
   8.1785860e+06   4.1015625e+01
   8.1883250e+06   3.6193848e+01
   8.1976930e+06   3.6132812e+01
   8.1985580e+06   3.6376953e+01
   8.1995670e+06   4.2236328e+01
   8.2162910e+06   3.5705566e+01
   8.2313250e+06   3.8452148e+01
   8.2677570e+06   3.5034180e+01
   8.2820690e+06   3.5705566e+01
   8.2979740e+06   4.2846680e+01
   8.3030260e+06   3.5278320e+01
   8.3064430e+06   3.6621094e+01
   8.3089270e+06   3.5583496e+01
   8.3099410e+06   3.5034180e+01
   8.3188590e+06   4.5043945e+01
   8.3409470e+06   4.3945312e+01
   8.3625980e+06   3.5095215e+01
   8.3709980e+06   3.8757324e+01
   8.3866950e+06   4.2480469e+01
   8.4045840e+06   3.5278320e+01
   8.4504200e+06   3.4729004e+01
   8.4534330e+06   3.5949707e+01
   8.4657140e+06   4.8156738e+01
   8.4881560e+06   3.5156250e+01
   8.4891560e+06   3.6010742e+01
   8.5091290e+06   3.8146973e+01
   8.5197700e+06   3.5766602e+01
   8.5202940e+06   4.1503906e+01
   8.5253620e+06   3.7109375e+01
   8.5423140e+06   3.6926270e+01
   8.5563740e+06   3.5095215e+01
   8.5680700e+06   3.4973145e+01
   8.5805280e+06   4.2541504e+01
   8.5952550e+06   3.6926270e+01
   8.6035620e+06   3.7292480e+01
   8.6176950e+06   4.1992188e+01
   8.6320110e+06   3.8146973e+01
   8.6671600e+06   3.9428711e+01
   8.6823520e+06   4.7546387e+01
   8.7015030e+06   3.9306641e+01
   8.7054420e+06   3.5217285e+01
   8.7084010e+06   3.6926270e+01
   8.7235430e+06   4.2907715e+01
   8.7444910e+06   3.5583496e+01
   8.7511900e+06   4.0466309e+01
   8.7536130e+06   3.5522461e+01
   8.7692800e+06   3.5217285e+01
   8.7739720e+06   4.3762207e+01
   8.7837170e+06   4.0588379e+01
   8.7891740e+06   3.8269043e+01
   8.7963970e+06   3.5522461e+01
   8.8108300e+06   3.6071777e+01
   8.8140780e+06   3.9794922e+01
   8.8225970e+06   3.5095215e+01
   8.8544330e+06   3.8330078e+01
   8.8619810e+06   3.7292480e+01
   8.8680610e+06   3.5583496e+01
   8.8815430e+06   3.6865234e+01
   8.8933250e+06   3.6865234e+01
   8.8961280e+06   3.8940430e+01
   8.9061560e+06   3.5949707e+01
   8.9142410e+06   3.5522461e+01
   8.9242280e+06   3.7231445e+01
   8.9283810e+06   4.0100098e+01
   8.9284620e+06   3.7353516e+01
   8.9551680e+06   4.3701172e+01
   8.9678170e+06   3.7475586e+01
   8.9805970e+06   3.6010742e+01
   8.9808300e+06   3.6315918e+01
   8.9824340e+06   3.6499023e+01
   8.9943230e+06   4.5898437e+01
   8.9967930e+06   3.6743164e+01
