   8.9970000e+06   0.0000000e+00
   1.0516330e+06   3.6621094e+01
   1.4914570e+06   3.6804199e+01
   1.8316640e+06   3.6376953e+01
   1.8934290e+06   3.8391113e+01
   1.9077070e+06   3.6743164e+01
   1.9393330e+06   3.7780762e+01
   1.9433710e+06   3.9794922e+01
   1.9949650e+06   3.7536621e+01
   2.0242980e+06   3.7109375e+01
   3.5842490e+06   3.8391113e+01
   4.5593890e+06   3.9001465e+01
   5.6188390e+06   3.9245605e+01
   5.6192490e+06   3.9978027e+01
   5.6278030e+06   3.8452148e+01
   5.6838330e+06   3.8452148e+01
   5.7621080e+06   3.9794922e+01
   5.7641490e+06   4.1320801e+01
   5.8099890e+06   4.4860840e+01
   6.6841220e+06   3.8940430e+01
   7.0059990e+06   3.8146973e+01
   7.1079130e+06   3.8818359e+01
   7.1206200e+06   4.1442871e+01
   7.8319620e+06   3.9245605e+01
   7.9093130e+06   3.9855957e+01
   7.9910890e+06   3.8452148e+01
   8.2362370e+06   3.8513184e+01
   8.3753090e+06   3.9794922e+01
