   8.9970000e+06   0.0000000e+00
   8.7072700e+05   3.8696289e+01
   8.7163400e+05   3.3508301e+01
   8.7188700e+05   3.2531738e+01
   8.7190300e+05   7.0434570e+01
   8.7194500e+05   4.3273926e+01
   8.7197300e+05   3.3752441e+01
   8.7200700e+05   6.0791016e+01
   8.7204300e+05   4.0954590e+01
   8.7206900e+05   4.1320801e+01
   8.7209700e+05   3.7170410e+01
   8.7212800e+05   3.9428711e+01
   8.7218400e+05   3.4851074e+01
   8.7219700e+05   3.3264160e+01
   8.7231800e+05   3.4301758e+01
   8.7234400e+05   3.4545898e+01
   8.7243800e+05   3.9062500e+01
   8.7274300e+05   3.3508301e+01
   8.7311100e+05   3.3020020e+01
   8.7332700e+05   3.2531738e+01
   8.7365800e+05   3.5583496e+01
   8.7391500e+05   3.4240723e+01
   8.7401800e+05   3.5461426e+01
   8.7425000e+05   3.3569336e+01
   8.7450500e+05   3.4057617e+01
   8.7458000e+05   3.3447266e+01
   8.7474400e+05   3.2592773e+01
   8.7485800e+05   3.5095215e+01
   8.8550800e+05   3.3569336e+01
   8.8552100e+05   3.8879395e+01
   8.8555900e+05   3.2714844e+01
   8.8559900e+05   3.8879395e+01
   8.8565300e+05   3.5156250e+01
   8.8570400e+05   4.0527344e+01
   8.8582100e+05   3.5278320e+01
   8.8587100e+05   3.2775879e+01
   8.8595500e+05   3.5278320e+01
   8.8606600e+05   5.4809570e+01
   8.8619800e+05   3.2592773e+01
   8.8633000e+05   4.2785645e+01
   8.8651100e+05   3.4118652e+01
   8.8662500e+05   3.3630371e+01
   8.8664800e+05   3.6132812e+01
   8.8759400e+05   3.4118652e+01
   8.8788800e+05   3.6376953e+01
   3.1282170e+06   4.5043945e+01
   3.1288150e+06   4.0039062e+01
   3.1291750e+06   5.1452637e+01
   3.1291950e+06   3.6010742e+01
   3.1292220e+06   3.2653809e+01
   3.1292430e+06   5.0231934e+01
   3.1292640e+06   3.3630371e+01
   3.1292780e+06   3.2958984e+01
   3.1293040e+06   5.2001953e+01
   3.1293190e+06   3.2592773e+01
   3.1293400e+06   3.8269043e+01
   3.1293570e+06   3.4301758e+01
   3.1294230e+06   4.9499512e+01
   3.1294360e+06   4.5593262e+01
   3.1294900e+06   3.5583496e+01
   3.1295010e+06   4.1137695e+01
   3.1295560e+06   3.3874512e+01
   3.1296300e+06   3.6193848e+01
   3.1296450e+06   3.9489746e+01
   3.1296630e+06   3.9001465e+01
   3.1298100e+06   3.3630371e+01
   3.1300940e+06   3.7597656e+01
   3.1301140e+06   3.5522461e+01
   3.1302860e+06   3.3203125e+01
   3.1304080e+06   3.3569336e+01
   3.1305480e+06   3.2531738e+01
   3.1308130e+06   3.5156250e+01
   3.1311610e+06   3.6499023e+01
   3.1320420e+06   3.7963867e+01
   3.1322690e+06   3.3386230e+01
   3.1328720e+06   3.4301758e+01
   3.1422060e+06   4.4433594e+01
   3.1422450e+06   3.7719727e+01
   3.1422840e+06   4.4921875e+01
   3.1423120e+06   3.4301758e+01
   3.1424330e+06   4.2968750e+01
   3.1424920e+06   4.0344238e+01
   3.1425230e+06   3.6499023e+01
   3.1427030e+06   3.5888672e+01
   3.1427290e+06   3.2653809e+01
   3.1428990e+06   3.4423828e+01
   3.1431950e+06   3.2226563e+01
   3.1435170e+06   3.4545898e+01
   3.1439850e+06   3.5705566e+01
   3.1441250e+06   4.0832520e+01
   3.1441740e+06   3.2470703e+01
   4.9428180e+06   3.8940430e+01
   4.9432600e+06   3.2958984e+01
   4.9437220e+06   4.8339844e+01
   4.9439240e+06   3.2287598e+01
   4.9441850e+06   4.0771484e+01
   4.9442210e+06   3.3813477e+01
   4.9442600e+06   3.8085938e+01
   4.9442720e+06   5.1391602e+01
   4.9443040e+06   3.5644531e+01
   4.9443490e+06   3.3630371e+01
   4.9443680e+06   4.7912598e+01
   4.9443830e+06   4.6569824e+01
   4.9444020e+06   3.2470703e+01
   4.9444340e+06   3.3691406e+01
   4.9444670e+06   3.2714844e+01
   4.9445140e+06   4.7485352e+01
   4.9445700e+06   3.2348633e+01
   4.9446260e+06   3.7109375e+01
   4.9446620e+06   3.4301758e+01
   4.9447690e+06   4.2907715e+01
   4.9448810e+06   3.3447266e+01
   4.9449110e+06   3.3081055e+01
   4.9451680e+06   3.3447266e+01
   4.9455260e+06   3.6865234e+01
   4.9468460e+06   3.4240723e+01
   4.9577050e+06   3.7414551e+01
   4.9578690e+06   3.7841797e+01
   4.9579480e+06   3.3508301e+01
   4.9580000e+06   3.7414551e+01
   4.9580300e+06   3.3935547e+01
   4.9581280e+06   3.2226562e+01
   4.9581600e+06   3.4362793e+01
   4.9581910e+06   3.3508301e+01
   4.9583610e+06   3.3142090e+01
   4.9585180e+06   3.2531738e+01
   4.9586180e+06   3.4362793e+01
   4.9590600e+06   3.4301758e+01
   4.9593370e+06   3.6071777e+01
   4.9595330e+06   4.0649414e+01
   4.9596260e+06   3.3569336e+01
   4.9608000e+06   3.3874512e+01
   4.9619380e+06   3.4057617e+01
   6.7906310e+06   3.4912109e+01
   7.2424750e+06   3.2470703e+01
   8.9415910e+06   3.2897949e+01
