   8.9970000e+06   0.0000000e+00
   1.5935200e+05   3.3569336e+01
   8.7171000e+05   3.7170410e+01
   8.7183300e+05   4.6203613e+01
   8.7185600e+05   3.6193848e+01
   8.7189700e+05   3.4179688e+01
   8.7194600e+05   4.5898438e+01
   8.7196400e+05   5.1696777e+01
   8.7199500e+05   5.2551270e+01
   8.7202100e+05   3.6010742e+01
   8.7205600e+05   5.7861328e+01
   8.7207400e+05   3.4179688e+01
   8.7210200e+05   4.0222168e+01
   8.7211500e+05   4.8828125e+01
   8.7218700e+05   4.0954590e+01
   8.7220800e+05   4.7119141e+01
   8.7222900e+05   4.8461914e+01
   8.7228700e+05   5.2734375e+01
   8.7231400e+05   3.3752441e+01
   8.7235400e+05   3.7597656e+01
   8.7237500e+05   3.4301758e+01
   8.7239500e+05   4.0710449e+01
   8.7242900e+05   3.4545898e+01
   8.7251200e+05   3.3935547e+01
   8.7261900e+05   3.6621094e+01
   8.7264200e+05   3.5339355e+01
   8.7265300e+05   4.4067383e+01
   8.7281400e+05   3.4301758e+01
   8.7311300e+05   3.3752441e+01
   8.7318400e+05   3.6193848e+01
   8.7325900e+05   3.6560059e+01
   8.7329000e+05   3.3630371e+01
   8.7334200e+05   3.3569336e+01
   8.7351600e+05   3.4545898e+01
   8.7364500e+05   3.7658691e+01
   8.7375300e+05   3.8146973e+01
   8.7376800e+05   3.6071777e+01
   8.7392500e+05   3.7902832e+01
   8.7402900e+05   3.7353516e+01
   8.7414100e+05   3.5583496e+01
   8.7444300e+05   3.5156250e+01
   8.7451100e+05   3.6743164e+01
   8.7453400e+05   3.3569336e+01
   8.7468100e+05   3.5400391e+01
   8.7473700e+05   3.7170410e+01
   8.7488500e+05   3.4057617e+01
   8.7502000e+05   3.3508301e+01
   8.7519000e+05   3.3447266e+01
   8.7532700e+05   3.6193848e+01
   8.7545500e+05   3.3386230e+01
   8.7560200e+05   3.3630371e+01
   8.7573700e+05   3.7353516e+01
   8.7575900e+05   3.6437988e+01
   8.7584200e+05   3.3325195e+01
   8.7596300e+05   3.4851074e+01
   8.7605500e+05   3.7780762e+01
   8.7640300e+05   3.4851074e+01
   8.7644500e+05   3.9428711e+01
   8.7662100e+05   3.9733887e+01
   8.7681500e+05   3.3447266e+01
   8.7711600e+05   3.4362793e+01
   8.7712600e+05   3.3325195e+01
   8.7826800e+05   3.4484863e+01
   8.8356500e+05   3.5827637e+01
   8.8544500e+05   3.4301758e+01
   8.8562900e+05   3.5156250e+01
   8.8568500e+05   3.6132812e+01
   8.8572200e+05   3.8085938e+01
   8.8574000e+05   3.7597656e+01
   8.8579400e+05   4.5532227e+01
   8.8582100e+05   3.4240723e+01
   8.8585100e+05   4.7180176e+01
   8.8592900e+05   3.5949707e+01
   8.8606800e+05   4.1381836e+01
   8.8616000e+05   3.4606934e+01
   8.8629300e+05   3.6010742e+01
   8.8636300e+05   3.3508301e+01
   8.8644100e+05   3.3752441e+01
   8.8647200e+05   3.3508301e+01
   8.8651100e+05   3.4973145e+01
   8.8652900e+05   3.9306641e+01
   8.8658800e+05   4.0771484e+01
   8.8670500e+05   4.3029785e+01
   8.8671600e+05   3.5766602e+01
   8.8700200e+05   3.7780762e+01
   8.8704500e+05   3.9123535e+01
   8.8710700e+05   4.2358398e+01
   8.8720700e+05   3.4790039e+01
   8.8738100e+05   3.4851074e+01
   8.8783200e+05   3.5888672e+01
   8.8807600e+05   3.4606934e+01
   8.8838200e+05   3.3386230e+01
   8.8858000e+05   3.6437988e+01
   8.8881900e+05   3.9245605e+01
   8.8908100e+05   3.4057617e+01
   8.8916000e+05   3.5583496e+01
   8.8938600e+05   3.6804199e+01
   8.8956700e+05   3.8024902e+01
   8.8964600e+05   3.3325195e+01
   8.9005400e+05   3.3142090e+01
   8.9029300e+05   3.5644531e+01
   8.9095500e+05   3.9001465e+01
   8.9104100e+05   3.6437988e+01
   8.9203000e+05   3.5339355e+01
   8.9327700e+05   3.6743164e+01
   8.9490800e+05   3.3203125e+01
   9.0244300e+05   3.4484863e+01
   9.0384700e+05   3.3874512e+01
   9.0811700e+05   3.3325195e+01
   9.1007500e+05   3.4057617e+01
   9.1225400e+05   3.8452148e+01
   9.8442500e+05   3.4362793e+01
   1.5891480e+06   3.3142090e+01
   2.3151610e+06   3.3935547e+01
   3.1291690e+06   3.6193848e+01
   3.1292110e+06   5.3222656e+01
   3.1292690e+06   6.4270020e+01
   3.1293050e+06   5.3100586e+01
   3.1293200e+06   4.6569824e+01
   3.1293310e+06   4.0222168e+01
   3.1294040e+06   4.9133301e+01
   3.1294330e+06   3.5217285e+01
   3.1294560e+06   4.3579102e+01
   3.1294730e+06   3.9245605e+01
   3.1295130e+06   3.8757324e+01
   3.1295480e+06   3.3203125e+01
   3.1296030e+06   3.6132812e+01
   3.1296400e+06   4.2724609e+01
   3.1296540e+06   3.8879395e+01
   3.1296800e+06   3.8146973e+01
   3.1297300e+06   4.1564941e+01
   3.1297980e+06   3.9001465e+01
   3.1298770e+06   3.7414551e+01
   3.1299000e+06   5.0354004e+01
   3.1300310e+06   4.2358398e+01
   3.1300680e+06   3.3569336e+01
   3.1301120e+06   3.5034180e+01
   3.1302200e+06   4.3334961e+01
   3.1302410e+06   3.6560059e+01
   3.1304700e+06   4.5593262e+01
   3.1305080e+06   3.8940430e+01
   3.1306670e+06   4.0710449e+01
   3.1307860e+06   4.1259766e+01
   3.1308580e+06   3.8574219e+01
   3.1311520e+06   3.9733887e+01
   3.1311740e+06   3.3386230e+01
   3.1312200e+06   3.3691406e+01
   3.1312510e+06   3.7048340e+01
   3.1314000e+06   3.9733887e+01
   3.1314560e+06   3.7292480e+01
   3.1316380e+06   3.4790039e+01
   3.1317540e+06   3.8330078e+01
   3.1317920e+06   4.8156738e+01
   3.1321500e+06   3.3569336e+01
   3.1322170e+06   3.9001465e+01
   3.1324290e+06   3.3325195e+01
   3.1327660e+06   3.3264160e+01
   3.1328020e+06   4.0100098e+01
   3.1328220e+06   3.4118652e+01
   3.1329180e+06   3.7719727e+01
   3.1329980e+06   3.3081055e+01
   3.1331860e+06   3.3813477e+01
   3.1333980e+06   3.4423828e+01
   3.1334810e+06   3.4057617e+01
   3.1337620e+06   3.4851074e+01
   3.1339220e+06   4.0100098e+01
   3.1340560e+06   3.3935547e+01
   3.1353850e+06   3.4179688e+01
   3.1382500e+06   3.3325195e+01
   3.1421770e+06   3.9062500e+01
   3.1422200e+06   3.7170410e+01
   3.1422710e+06   3.4423828e+01
   3.1423450e+06   3.7048340e+01
   3.1424610e+06   3.9245605e+01
   3.1425950e+06   4.5715332e+01
   3.1426740e+06   3.4118652e+01
   3.1427560e+06   3.5644531e+01
   3.1429570e+06   3.3081055e+01
   3.1433580e+06   3.4301758e+01
   3.1434480e+06   3.5522461e+01
   3.1435120e+06   3.7292480e+01
   3.1435950e+06   3.5095215e+01
   3.1437330e+06   3.8818359e+01
   3.1438770e+06   3.6437988e+01
   3.1439710e+06   3.3447266e+01
   3.1443020e+06   3.4912109e+01
   3.1445770e+06   3.7231445e+01
   3.1446520e+06   3.3874512e+01
   3.1447330e+06   4.3273926e+01
   3.1452380e+06   3.6010742e+01
   3.1453280e+06   3.3203125e+01
   3.1455700e+06   3.6987305e+01
   3.1457830e+06   3.5522461e+01
   3.1462040e+06   3.5705566e+01
   3.1464120e+06   4.3151855e+01
   3.1469940e+06   3.3203125e+01
   3.1489890e+06   4.1870117e+01
   3.1498260e+06   3.6010742e+01
   3.1501400e+06   3.3935547e+01
   3.1578260e+06   4.1564941e+01
   3.1614880e+06   3.5156250e+01
   3.1617450e+06   3.3813477e+01
   3.1623200e+06   3.4912109e+01
   3.1652100e+06   3.4484863e+01
   3.1665780e+06   3.3935547e+01
   3.1735150e+06   3.6315918e+01
   3.1786250e+06   3.3508301e+01
   3.1798720e+06   3.4484863e+01
   3.1833520e+06   3.5278320e+01
   3.1976610e+06   3.4973145e+01
   3.2100170e+06   4.0710449e+01
   3.2179570e+06   3.7109375e+01
   3.7357840e+06   3.4484863e+01
   4.9438210e+06   3.4912109e+01
   4.9442790e+06   3.7963867e+01
   4.9443070e+06   4.6936035e+01
   4.9443320e+06   3.9245605e+01
   4.9443430e+06   4.6203613e+01
   4.9443910e+06   4.6508789e+01
   4.9444110e+06   3.3935547e+01
   4.9444350e+06   3.6499023e+01
   4.9444720e+06   4.2663574e+01
   4.9444880e+06   3.6254883e+01
   4.9445400e+06   3.6621094e+01
   4.9445810e+06   3.5827637e+01
   4.9445990e+06   3.3325195e+01
   4.9446380e+06   3.6132812e+01
   4.9446700e+06   3.8452148e+01
   4.9447160e+06   4.3762207e+01
   4.9447450e+06   3.3996582e+01
   4.9448200e+06   4.1809082e+01
   4.9448850e+06   3.3508301e+01
   4.9449160e+06   3.5522461e+01
   4.9449490e+06   3.3203125e+01
   4.9449730e+06   4.5593262e+01
   4.9450240e+06   3.3752441e+01
   4.9450690e+06   3.5400391e+01
   4.9451620e+06   3.4667969e+01
   4.9451890e+06   3.3081055e+01
   4.9452150e+06   3.6376953e+01
   4.9452930e+06   4.1625977e+01
   4.9453460e+06   3.7536621e+01
   4.9456440e+06   3.6193848e+01
   4.9459950e+06   3.5766602e+01
   4.9460870e+06   3.9367676e+01
   4.9461210e+06   3.5034180e+01
   4.9464830e+06   3.4057617e+01
   4.9465710e+06   3.3264160e+01
   4.9467230e+06   3.9245605e+01
   4.9467420e+06   3.8330078e+01
   4.9468000e+06   3.4606934e+01
   4.9469200e+06   3.7719727e+01
   4.9470610e+06   4.2724609e+01
   4.9472890e+06   3.3203125e+01
   4.9475310e+06   3.3935547e+01
   4.9475560e+06   4.1564941e+01
   4.9476600e+06   4.0710449e+01
   4.9478400e+06   3.7353516e+01
   4.9478920e+06   3.8635254e+01
   4.9480750e+06   3.4851074e+01
   4.9486720e+06   3.5705566e+01
   4.9487730e+06   3.7536621e+01
   4.9491360e+06   3.8940430e+01
   4.9494850e+06   4.5959473e+01
   4.9497900e+06   4.2419434e+01
   4.9501080e+06   3.4240723e+01
   4.9578380e+06   3.3325195e+01
   4.9578860e+06   4.1564941e+01
   4.9579290e+06   4.6508789e+01
   4.9580020e+06   5.0964355e+01
   4.9581040e+06   3.6804199e+01
   4.9581270e+06   4.5349121e+01
   4.9583230e+06   3.4362793e+01
   4.9584040e+06   4.0283203e+01
   4.9585460e+06   3.9978027e+01
   4.9586380e+06   3.7170410e+01
   4.9587250e+06   3.3325195e+01
   4.9588270e+06   4.0527344e+01
   4.9589080e+06   3.4057617e+01
   4.9589420e+06   3.5827637e+01
   4.9590230e+06   3.3386230e+01
   4.9590530e+06   3.5278320e+01
   4.9591000e+06   4.5837402e+01
   4.9591980e+06   3.3813477e+01
   4.9592320e+06   3.9733887e+01
   4.9593000e+06   3.5766602e+01
   4.9594440e+06   3.3569336e+01
   4.9596350e+06   3.4301758e+01
   4.9597090e+06   3.3142090e+01
   4.9601080e+06   3.3203125e+01
   4.9601440e+06   3.3935547e+01
   4.9602980e+06   4.3151855e+01
   4.9603750e+06   3.4545898e+01
   4.9607600e+06   3.5827637e+01
   4.9609520e+06   3.9611816e+01
   4.9610910e+06   3.7475586e+01
   4.9613730e+06   3.4973145e+01
   4.9623110e+06   3.9916992e+01
   4.9626240e+06   3.6743164e+01
   4.9635190e+06   3.5278320e+01
   4.9637720e+06   4.0039062e+01
   4.9663140e+06   4.4006348e+01
   4.9714430e+06   3.3081055e+01
   4.9723990e+06   3.3325195e+01
   4.9746570e+06   3.5461426e+01
   4.9777960e+06   4.0649414e+01
   4.9832840e+06   3.5095215e+01
   4.9837540e+06   3.7292480e+01
   4.9867960e+06   3.7719727e+01
   4.9890670e+06   3.3203125e+01
   4.9914380e+06   3.6804199e+01
   4.9927730e+06   3.3813477e+01
   4.9937280e+06   3.4729004e+01
   4.9964330e+06   3.3203125e+01
   5.0156270e+06   3.3569336e+01
   5.0215300e+06   3.3569336e+01
   5.0236280e+06   3.3630371e+01
   5.0318570e+06   3.6010742e+01
   5.0397450e+06   3.5827637e+01
   5.0440450e+06   3.7353516e+01
   5.0487090e+06   4.0832520e+01
   6.8141130e+06   3.3325195e+01
   6.8211960e+06   3.5888672e+01
   7.4151300e+06   3.4240723e+01
