   8.9970000e+06   0.0000000e+00
   9.6530000e+03   3.6804199e+01
   1.6561000e+04   3.6499023e+01
   2.1105000e+04   3.3874512e+01
   3.2168000e+04   3.6499023e+01
   4.0530000e+04   3.5278320e+01
   4.7548000e+04   3.8085938e+01
   5.5221000e+04   3.4057617e+01
   8.2658000e+04   4.0893555e+01
   9.6690000e+04   3.7048340e+01
   1.0808500e+05   3.6926270e+01
   1.1376800e+05   3.5095215e+01
   1.2401800e+05   3.8024902e+01
   1.2785400e+05   3.9062500e+01
   1.3229800e+05   3.6010742e+01
   1.4011300e+05   3.6071777e+01
   1.4215200e+05   3.4851074e+01
   1.4481200e+05   3.6743164e+01
   1.4935500e+05   3.7170410e+01
   1.6033400e+05   3.4851074e+01
   1.6251900e+05   3.6499023e+01
   1.6477600e+05   4.0466309e+01
   1.7178200e+05   4.2358398e+01
   1.7549400e+05   3.5400391e+01
   1.7966800e+05   4.0039062e+01
   1.9515600e+05   3.3935547e+01
   1.9702700e+05   3.4179688e+01
   2.0768000e+05   3.3874512e+01
   2.1075700e+05   3.7475586e+01
   2.1385400e+05   3.6682129e+01
   2.1887000e+05   3.6376953e+01
   2.2337400e+05   3.5888672e+01
   2.4764700e+05   3.6865234e+01
   2.9745200e+05   3.4118652e+01
   3.0018500e+05   4.0283203e+01
   3.0301300e+05   3.4179688e+01
   3.1023500e+05   3.6132812e+01
   3.1201800e+05   3.5339355e+01
   3.2835200e+05   3.4423828e+01
   3.3449700e+05   3.6010742e+01
   3.3887300e+05   4.2602539e+01
   3.4252100e+05   3.6499023e+01
   3.4674600e+05   3.8269043e+01
   3.6258000e+05   3.3935547e+01
   3.7180100e+05   3.5949707e+01
   3.7444900e+05   3.7231445e+01
   3.9483600e+05   4.0588379e+01
   4.0177400e+05   3.3996582e+01
   4.0956200e+05   3.4606934e+01
   4.1598300e+05   3.5827637e+01
   4.3597500e+05   3.5278320e+01
   4.4737200e+05   3.9184570e+01
   4.4875300e+05   3.3996582e+01
   4.5600700e+05   3.6071777e+01
   4.8343100e+05   3.3996582e+01
   4.9876800e+05   3.6254883e+01
   5.0301300e+05   3.6132812e+01
   5.0837200e+05   3.4667969e+01
   5.1688200e+05   3.3813477e+01
   5.1991600e+05   3.8391113e+01
   5.2206100e+05   3.4423828e+01
   5.2975200e+05   3.5705566e+01
   5.4619400e+05   3.7048340e+01
   5.5405400e+05   3.6071777e+01
   5.5957100e+05   3.5095215e+01
   5.6296800e+05   3.7963867e+01
   5.6793800e+05   3.4790039e+01
   5.7032600e+05   3.5034180e+01
   5.9068900e+05   3.6193848e+01
   5.9286500e+05   3.5888672e+01
   6.0132200e+05   3.4240723e+01
   6.0362100e+05   3.6071777e+01
   6.0849700e+05   3.7475586e+01
   6.1640500e+05   3.7048340e+01
   6.2057900e+05   3.5217285e+01
   6.2252300e+05   3.6621094e+01
   6.3406800e+05   3.4973145e+01
   6.3651700e+05   4.0100098e+01
   6.4018300e+05   3.4423828e+01
   6.5312800e+05   3.3874512e+01
   6.6546700e+05   3.3996582e+01
   6.6812300e+05   3.3813477e+01
   6.7873500e+05   3.4484863e+01
   6.8246800e+05   3.7170410e+01
   6.9601000e+05   3.9123535e+01
   7.1612800e+05   3.4423828e+01
   7.1970400e+05   3.5461426e+01
   7.3233100e+05   3.4301758e+01
   7.4070600e+05   3.6010742e+01
   7.4792400e+05   3.4667969e+01
   7.6125900e+05   3.5217285e+01
   7.6319100e+05   3.9123535e+01
   7.7085000e+05   3.4790039e+01
   7.7455700e+05   3.4851074e+01
   7.9768500e+05   3.6865234e+01
   7.9998600e+05   3.8085938e+01
   8.0210900e+05   3.5095215e+01
   8.1458400e+05   4.0283203e+01
   8.2337700e+05   3.6315918e+01
   8.3090400e+05   3.4301758e+01
   8.3825700e+05   3.8940430e+01
   8.4256700e+05   3.4729004e+01
   8.4375400e+05   3.3935547e+01
   8.4917200e+05   3.3813477e+01
   8.7134700e+05   3.6499023e+01
   8.7169600e+05   3.4790039e+01
   8.7171100e+05   4.1809082e+01
   8.7176000e+05   3.4606934e+01
   8.7178000e+05   3.6071777e+01
   8.7181600e+05   5.2368164e+01
   8.7182700e+05   5.4138184e+01
   8.7184700e+05   5.6701660e+01
   8.7186400e+05   4.7790527e+01
   8.7187400e+05   4.3579102e+01
   8.7192000e+05   4.5349121e+01
   8.7193100e+05   8.2092285e+01
   8.7194500e+05   4.5043945e+01
   8.7197800e+05   5.2734375e+01
   8.7199000e+05   3.6499023e+01
   8.7203300e+05   6.1401367e+01
   8.7205600e+05   8.3740234e+01
   8.7207800e+05   3.7353516e+01
   8.7210800e+05   6.8481445e+01
   8.7211800e+05   5.2124023e+01
   8.7215600e+05   4.3395996e+01
   8.7219200e+05   3.7231445e+01
   8.7220300e+05   7.6232910e+01
   8.7225500e+05   5.4260254e+01
   8.7227900e+05   3.7597656e+01
   8.7230100e+05   4.6936035e+01
   8.7236000e+05   6.2561035e+01
   8.7239500e+05   3.5095215e+01
   8.7241200e+05   6.7565918e+01
   8.7257300e+05   5.2490234e+01
   8.7260400e+05   5.1330566e+01
   8.7261900e+05   5.2551270e+01
   8.7269800e+05   5.0842285e+01
   8.7275800e+05   3.5583496e+01
   8.7278000e+05   4.8522949e+01
   8.7281900e+05   4.1809082e+01
   8.7285200e+05   3.6254883e+01
   8.7287700e+05   4.5898438e+01
   8.7292300e+05   3.3935547e+01
   8.7297300e+05   3.6682129e+01
   8.7303300e+05   3.5644531e+01
   8.7307400e+05   4.2846680e+01
   8.7308700e+05   4.3701172e+01
   8.7315300e+05   3.6987305e+01
   8.7318500e+05   3.5766602e+01
   8.7320400e+05   3.8208008e+01
   8.7324900e+05   4.5532227e+01
   8.7327800e+05   5.1818848e+01
   8.7334100e+05   4.3945313e+01
   8.7339300e+05   3.8757324e+01
   8.7344200e+05   3.4423828e+01
   8.7346100e+05   3.7231445e+01
   8.7350700e+05   4.9133301e+01
   8.7352000e+05   4.1076660e+01
   8.7365300e+05   3.7963867e+01
   8.7366300e+05   5.5847168e+01
   8.7375400e+05   4.4067383e+01
   8.7378800e+05   5.3100586e+01
   8.7383100e+05   3.9550781e+01
   8.7385600e+05   5.3344727e+01
   8.7386900e+05   3.5583496e+01
   8.7390900e+05   3.4790039e+01
   8.7394500e+05   4.0405273e+01
   8.7400100e+05   4.4616699e+01
   8.7405100e+05   6.5979004e+01
   8.7411900e+05   4.4189453e+01
   8.7416600e+05   5.1147461e+01
   8.7421900e+05   3.5034180e+01
   8.7427500e+05   4.8400879e+01
   8.7431100e+05   4.9804688e+01
   8.7440200e+05   3.7353516e+01
   8.7441600e+05   3.5583496e+01
   8.7449600e+05   5.1696777e+01
   8.7457800e+05   3.6499023e+01
   8.7461200e+05   3.6987305e+01
   8.7469700e+05   4.5288086e+01
   8.7471600e+05   4.6142578e+01
   8.7477200e+05   4.3945312e+01
   8.7481900e+05   3.4240723e+01
   8.7487200e+05   4.0100098e+01
   8.7494900e+05   5.6335449e+01
   8.7512300e+05   4.5104980e+01
   8.7517600e+05   3.9062500e+01
   8.7519200e+05   3.4057617e+01
   8.7524100e+05   3.4301758e+01
   8.7526300e+05   3.5522461e+01
   8.7540100e+05   3.6926270e+01
   8.7541700e+05   4.1259766e+01
   8.7544200e+05   5.6884766e+01
   8.7550100e+05   3.7414551e+01
   8.7552200e+05   3.6560059e+01
   8.7555200e+05   3.6621094e+01
   8.7563200e+05   3.4362793e+01
   8.7568000e+05   5.1818848e+01
   8.7570700e+05   4.3151855e+01
   8.7575300e+05   4.2785645e+01
   8.7578500e+05   3.9855957e+01
   8.7588600e+05   3.5400391e+01
   8.7591600e+05   3.7292480e+01
   8.7597100e+05   5.0903320e+01
   8.7600600e+05   3.6315918e+01
   8.7609800e+05   3.4118652e+01
   8.7622800e+05   4.2175293e+01
   8.7625900e+05   4.2968750e+01
   8.7643200e+05   3.9001465e+01
   8.7656800e+05   4.4311523e+01
   8.7659400e+05   4.4616699e+01
   8.7693500e+05   3.4118652e+01
   8.7699400e+05   3.6315918e+01
   8.7702300e+05   3.3996582e+01
   8.7715700e+05   4.3029785e+01
   8.7717900e+05   3.4362793e+01
   8.7729300e+05   3.6376953e+01
   8.7746400e+05   3.9978027e+01
   8.7754700e+05   3.3874512e+01
   8.7790200e+05   3.4851074e+01
   8.7798200e+05   3.4973145e+01
   8.7932400e+05   3.7048340e+01
   8.7993300e+05   4.2846680e+01
   8.8282900e+05   3.4362793e+01
   8.8471900e+05   3.6865234e+01
   8.8501300e+05   3.6437988e+01
   8.8527000e+05   3.6682129e+01
   8.8543100e+05   4.1076660e+01
   8.8552100e+05   5.0903320e+01
   8.8555000e+05   3.8513184e+01
   8.8556200e+05   6.1096191e+01
   8.8561300e+05   4.0283203e+01
   8.8565500e+05   5.0476074e+01
   8.8568900e+05   4.1259766e+01
   8.8571600e+05   6.1828613e+01
   8.8572900e+05   3.7658691e+01
   8.8579400e+05   3.7597656e+01
   8.8584000e+05   3.4301758e+01
   8.8587000e+05   4.3884277e+01
   8.8588800e+05   4.4738770e+01
   8.8590000e+05   3.8269043e+01
   8.8591700e+05   3.7780762e+01
   8.8595900e+05   5.4687500e+01
   8.8599200e+05   5.1635742e+01
   8.8600400e+05   5.1330566e+01
   8.8602500e+05   4.2114258e+01
   8.8606300e+05   4.9438477e+01
   8.8614500e+05   5.4504395e+01
   8.8615900e+05   3.7597656e+01
   8.8618400e+05   5.4687500e+01
   8.8631400e+05   5.6030273e+01
   8.8643200e+05   4.2236328e+01
   8.8645100e+05   4.1687012e+01
   8.8647900e+05   4.7851562e+01
   8.8650200e+05   4.0710449e+01
   8.8657800e+05   5.2001953e+01
   8.8659800e+05   3.9062500e+01
   8.8661800e+05   3.4729004e+01
   8.8663200e+05   5.0476074e+01
   8.8668200e+05   3.8085938e+01
   8.8670800e+05   4.1198730e+01
   8.8674700e+05   3.6315918e+01
   8.8683300e+05   4.0039062e+01
   8.8686200e+05   3.3813477e+01
   8.8687800e+05   3.7170410e+01
   8.8693600e+05   3.4362793e+01
   8.8699300e+05   3.4729004e+01
   8.8703600e+05   5.8471680e+01
   8.8713400e+05   5.6823730e+01
   8.8717500e+05   3.5278320e+01
   8.8728200e+05   4.4860840e+01
   8.8735300e+05   4.2480469e+01
   8.8738200e+05   4.7790527e+01
   8.8740300e+05   3.6926270e+01
   8.8744300e+05   4.5471191e+01
   8.8752400e+05   3.4484863e+01
   8.8757900e+05   3.6743164e+01
   8.8760300e+05   3.4118652e+01
   8.8763900e+05   3.9428711e+01
   8.8766300e+05   3.4240723e+01
   8.8777200e+05   3.6193848e+01
   8.8782800e+05   3.6315918e+01
   8.8785600e+05   3.4362793e+01
   8.8794300e+05   3.4179688e+01
   8.8802000e+05   4.4433594e+01
   8.8807700e+05   3.9916992e+01
   8.8813800e+05   3.4667969e+01
   8.8815900e+05   3.9184570e+01
   8.8822100e+05   4.0039062e+01
   8.8833600e+05   3.9245605e+01
   8.8840600e+05   4.3212891e+01
   8.8847400e+05   3.8818359e+01
   8.8858900e+05   3.4606934e+01
   8.8883500e+05   4.2724609e+01
   8.8902100e+05   3.3813477e+01
   8.8903600e+05   3.6926270e+01
   8.8917600e+05   4.1381836e+01
   8.8926200e+05   4.2724609e+01
   8.8942900e+05   3.4118652e+01
   8.8957000e+05   3.5095215e+01
   8.8964300e+05   3.5522461e+01
   8.8973400e+05   3.9123535e+01
   8.8975100e+05   3.9428711e+01
   8.8984300e+05   5.5480957e+01
   8.9005600e+05   3.7475586e+01
   8.9012900e+05   3.5644531e+01
   8.9015500e+05   3.8574219e+01
   8.9021300e+05   3.6560059e+01
   8.9024100e+05   4.6630859e+01
   8.9028700e+05   4.0039062e+01
   8.9054000e+05   3.8269043e+01
   8.9069800e+05   3.4118652e+01
   8.9137700e+05   4.3395996e+01
   8.9168500e+05   3.6010742e+01
   8.9201100e+05   3.5034180e+01
   8.9236600e+05   3.8757324e+01
   8.9266600e+05   3.7231445e+01
   8.9278400e+05   4.0100098e+01
   8.9412200e+05   4.0771484e+01
   8.9739400e+05   4.0466309e+01
   8.9809400e+05   4.4555664e+01
   8.9924300e+05   3.4790039e+01
   8.9968500e+05   4.2968750e+01
   9.0067000e+05   3.4118652e+01
   9.0130800e+05   3.8757324e+01
   9.0278700e+05   3.6254883e+01
   9.0342400e+05   3.6254883e+01
   9.0452000e+05   4.1198730e+01
   9.0540800e+05   3.6010742e+01
   9.0634500e+05   3.7292480e+01
   9.0683600e+05   3.6621094e+01
   9.0792500e+05   3.9245605e+01
   9.0970200e+05   4.8095703e+01
   9.1219700e+05   3.4973145e+01
   9.1406100e+05   5.0842285e+01
   9.1541200e+05   3.9672852e+01
   9.1824700e+05   4.1381836e+01
   9.2520500e+05   3.8085938e+01
   9.2818700e+05   3.4301758e+01
   1.0164050e+06   3.3874512e+01
   1.0387470e+06   3.7841797e+01
   1.0566380e+06   3.4606934e+01
   1.0689190e+06   4.2236328e+01
   1.0761390e+06   3.3813477e+01
   1.0879300e+06   3.4301758e+01
   1.0933880e+06   3.3813477e+01
   1.0963240e+06   3.8635254e+01
   1.1064910e+06   3.6254883e+01
   1.1103180e+06   3.5400391e+01
   1.1241540e+06   3.7048340e+01
   1.1562560e+06   3.8879395e+01
   1.1683400e+06   3.3874512e+01
   1.1869480e+06   3.5766602e+01
   1.1892040e+06   4.2724609e+01
   1.1964060e+06   3.9550781e+01
   1.2160520e+06   3.4118652e+01
   1.2285380e+06   3.5217285e+01
   1.2390370e+06   3.5583496e+01
   1.2453140e+06   3.4423828e+01
   1.2502920e+06   3.4362793e+01
   1.2667900e+06   3.6499023e+01
   1.2711100e+06   3.7231445e+01
   1.2820990e+06   3.3935547e+01
   1.2844730e+06   3.6743164e+01
   1.2869990e+06   4.3579102e+01
   1.2963760e+06   3.4240723e+01
   1.2998100e+06   3.5461426e+01
   1.3030640e+06   4.4799805e+01
   1.3221270e+06   3.4912109e+01
   1.3382230e+06   3.4729004e+01
   1.3438280e+06   4.0527344e+01
   1.3518190e+06   3.5644531e+01
   1.3531720e+06   3.5644531e+01
   1.3649340e+06   3.5888672e+01
   1.3735980e+06   3.8330078e+01
   1.3755070e+06   3.6743164e+01
   1.3908460e+06   3.5705566e+01
   1.4076750e+06   3.8391113e+01
   1.4104500e+06   3.4545898e+01
   1.4144800e+06   3.5278320e+01
   1.4230680e+06   3.4545898e+01
   1.4248190e+06   3.6132812e+01
   1.4348890e+06   3.5522461e+01
   1.4392100e+06   3.4606934e+01
   1.4446620e+06   3.6193848e+01
   1.4511580e+06   3.7475586e+01
   1.4554220e+06   3.6499023e+01
   1.4585780e+06   3.6987305e+01
   1.4635920e+06   3.5278320e+01
   1.4916410e+06   3.7902832e+01
   1.4951940e+06   3.9001465e+01
   1.4964570e+06   3.6682129e+01
   1.5055530e+06   3.5034180e+01
   1.5148310e+06   3.7048340e+01
   1.5200570e+06   3.4973145e+01
   1.5317630e+06   3.3996582e+01
   1.5489680e+06   3.9733887e+01
   1.5530090e+06   3.5949707e+01
   1.5687640e+06   3.4301758e+01
   1.5739300e+06   3.9184570e+01
   1.5796210e+06   3.6254883e+01
   1.5824560e+06   4.0283203e+01
   1.5855530e+06   3.4973145e+01
   1.6045050e+06   3.4240723e+01
   1.6085740e+06   3.6071777e+01
   1.6097540e+06   3.7780762e+01
   1.6165810e+06   3.4973145e+01
   1.6232030e+06   3.9245605e+01
   1.6340720e+06   3.5522461e+01
   1.6497930e+06   3.6682129e+01
   1.6525710e+06   3.4057617e+01
   1.6554580e+06   3.5583496e+01
   1.6636400e+06   3.4240723e+01
   1.6776750e+06   3.4545898e+01
   1.6816340e+06   3.5827637e+01
   1.6831390e+06   3.4484863e+01
   1.6873840e+06   3.3996582e+01
   1.6905740e+06   3.7597656e+01
   1.6922210e+06   3.5278320e+01
   1.6962610e+06   3.5400391e+01
   1.6988070e+06   3.4179688e+01
   1.7009730e+06   3.7536621e+01
   1.7180740e+06   3.5705566e+01
   1.7219330e+06   3.5644531e+01
   1.7378580e+06   3.5888672e+01
   1.7389770e+06   3.3874512e+01
   1.7513490e+06   3.5400391e+01
   1.7531000e+06   3.4057617e+01
   1.7651500e+06   3.4606934e+01
   1.7678310e+06   3.7292480e+01
   1.7735210e+06   3.8818359e+01
   1.7794030e+06   3.3996582e+01
   1.7868240e+06   3.6376953e+01
   1.7993400e+06   3.4667969e+01
   1.8014310e+06   3.4667969e+01
   1.8066500e+06   3.7780762e+01
   1.8301650e+06   3.6010742e+01
   1.8328170e+06   3.6682129e+01
   1.8430470e+06   4.0222168e+01
   1.8522150e+06   3.5339355e+01
   1.8609590e+06   3.9245605e+01
   1.8618140e+06   3.4545898e+01
   1.8647830e+06   3.3874512e+01
   1.8722870e+06   3.8940430e+01
   1.8799820e+06   3.5888672e+01
   1.8868980e+06   3.7048340e+01
   1.8946170e+06   3.3813477e+01
   1.9114270e+06   3.5766602e+01
   1.9232920e+06   3.5400391e+01
   1.9275780e+06   3.6193848e+01
   1.9297500e+06   3.6865234e+01
   1.9323010e+06   3.4118652e+01
   1.9505150e+06   3.4729004e+01
   1.9542020e+06   3.3935547e+01
   1.9580570e+06   3.4545898e+01
   1.9774440e+06   3.6437988e+01
   1.9810910e+06   3.7780762e+01
   1.9820720e+06   3.5461426e+01
   1.9863980e+06   3.7231445e+01
   1.9895630e+06   4.1259766e+01
   1.9969440e+06   3.4851074e+01
   1.9994590e+06   3.7902832e+01
   2.0006030e+06   3.5583496e+01
   2.0095320e+06   3.4362793e+01
   2.0128910e+06   3.4606934e+01
   2.0165170e+06   3.4667969e+01
   2.0289770e+06   4.1564941e+01
   2.0302540e+06   3.4729004e+01
   2.0334640e+06   3.4301758e+01
   2.0362770e+06   3.5034180e+01
   2.0435890e+06   3.3996582e+01
   2.0463990e+06   3.5888672e+01
   2.0516930e+06   3.5339355e+01
   2.0539920e+06   3.8696289e+01
   2.0652830e+06   3.5461426e+01
   2.0657820e+06   5.6579590e+01
   2.0685730e+06   3.6560059e+01
   2.0703980e+06   3.8452148e+01
   2.0775250e+06   3.3874512e+01
   2.0790900e+06   3.6254883e+01
   2.0798270e+06   3.5644531e+01
   2.0913080e+06   3.6804199e+01
   2.0952240e+06   3.6132812e+01
   2.1004430e+06   3.4851074e+01
   2.1128970e+06   3.4179688e+01
   2.1391720e+06   3.4118652e+01
   2.1552110e+06   3.6499023e+01
   2.1597340e+06   3.4667969e+01
   2.1622210e+06   3.4606934e+01
   2.1793050e+06   3.7231445e+01
   2.1808820e+06   3.5522461e+01
   2.1846890e+06   3.6315918e+01
   2.1899850e+06   4.0710449e+01
   2.1963690e+06   3.5461426e+01
   2.2225880e+06   3.5766602e+01
   2.2272740e+06   3.8452148e+01
   2.2341340e+06   3.5888672e+01
   2.2527030e+06   3.4118652e+01
   2.2539420e+06   3.5522461e+01
   2.2581520e+06   3.4545898e+01
   2.2653660e+06   3.9550781e+01
   2.2729990e+06   3.7841797e+01
   2.2806530e+06   3.6621094e+01
   2.2849730e+06   3.6193848e+01
   2.3084150e+06   3.5095215e+01
   2.3119890e+06   3.4301758e+01
   2.3142210e+06   3.4057617e+01
   2.3285030e+06   3.4362793e+01
   2.3532830e+06   4.0588379e+01
   2.3637700e+06   3.5766602e+01
   2.3692550e+06   3.6987305e+01
   2.3734730e+06   3.4362793e+01
   2.3844210e+06   3.4484863e+01
   2.3915000e+06   3.5461426e+01
   2.3997640e+06   3.5156250e+01
   2.4048550e+06   3.4423828e+01
   2.4111620e+06   4.0527344e+01
   2.4204860e+06   4.2419434e+01
   2.4371390e+06   3.6132812e+01
   2.4552090e+06   4.1503906e+01
   2.4600360e+06   3.4667969e+01
   2.4668680e+06   3.9489746e+01
   2.4837350e+06   3.8879395e+01
   2.4861810e+06   3.4484863e+01
   2.4903110e+06   4.2663574e+01
   2.4947580e+06   3.6193848e+01
   2.5019160e+06   3.6071777e+01
   2.5200540e+06   3.7048340e+01
   2.5228970e+06   3.4301758e+01
   2.5276850e+06   3.4667969e+01
   2.5396950e+06   3.5339355e+01
   2.5546130e+06   3.3935547e+01
   2.5566290e+06   3.4240723e+01
   2.5623380e+06   3.3874512e+01
   2.5655000e+06   3.4240723e+01
   2.5673440e+06   3.4790039e+01
   2.5686720e+06   3.5522461e+01
   2.5713830e+06   3.6560059e+01
   2.5926170e+06   3.5461426e+01
   2.5951450e+06   3.5644531e+01
   2.6051280e+06   3.4179688e+01
   2.6170890e+06   3.9245605e+01
   2.6219200e+06   3.5949707e+01
   2.6258310e+06   3.7536621e+01
   2.6306480e+06   3.8696289e+01
   2.6365020e+06   3.7231445e+01
   2.6419560e+06   3.4851074e+01
   2.6485630e+06   3.8269043e+01
   2.6516240e+06   3.9550781e+01
   2.6570460e+06   3.8208008e+01
   2.6634410e+06   3.9001465e+01
   2.6669540e+06   3.6621094e+01
   2.6772440e+06   3.9367676e+01
   2.6904770e+06   3.6315918e+01
   2.6992270e+06   3.5095215e+01
   2.7072260e+06   3.3874512e+01
   2.7149960e+06   3.5644531e+01
   2.7322210e+06   3.5034180e+01
   2.7343510e+06   3.3874512e+01
   2.7423250e+06   3.4057617e+01
   2.7565240e+06   3.4851074e+01
   2.7610950e+06   3.3935547e+01
   2.7723960e+06   3.4118652e+01
   2.7768000e+06   3.5949707e+01
   2.7864460e+06   3.5217285e+01
   2.7928700e+06   3.4301758e+01
   2.8059680e+06   3.5949707e+01
   2.8162080e+06   3.4851074e+01
   2.8174980e+06   3.4973145e+01
   2.8214120e+06   3.8696289e+01
   2.8372020e+06   3.7170410e+01
   2.8492480e+06   3.6071777e+01
   2.8512730e+06   3.8024902e+01
   2.8708010e+06   3.5400391e+01
   2.8780580e+06   3.5217285e+01
   2.8861110e+06   3.5644531e+01
   2.9011310e+06   3.5034180e+01
   2.9127940e+06   3.9367676e+01
   2.9197640e+06   3.5461426e+01
   2.9429650e+06   3.5156250e+01
   2.9464440e+06   3.4057617e+01
   2.9497770e+06   3.6132812e+01
   2.9514530e+06   3.3813477e+01
   2.9601620e+06   3.5217285e+01
   2.9630790e+06   3.5461426e+01
   2.9695330e+06   3.5522461e+01
   2.9717850e+06   3.6132812e+01
   2.9818410e+06   3.3813477e+01
   2.9902850e+06   3.8757324e+01
   3.0194150e+06   3.3142090e+01
   3.0221830e+06   3.3752441e+01
   3.0328740e+06   4.0222168e+01
   3.0413660e+06   3.6132812e+01
   3.0467820e+06   3.4240723e+01
   3.0490250e+06   3.2836914e+01
   3.0597090e+06   3.4118652e+01
   3.0618460e+06   3.3996582e+01
   3.0695980e+06   3.3081055e+01
   3.0734500e+06   3.6132812e+01
   3.0756010e+06   3.3691406e+01
   3.0803320e+06   3.3813477e+01
   3.0975890e+06   3.9062500e+01
   3.1011680e+06   3.4118652e+01
   3.1022240e+06   3.9733887e+01
   3.1043620e+06   3.9184570e+01
   3.1152070e+06   3.5705566e+01
   3.1192160e+06   3.2958984e+01
   3.1205960e+06   4.1870117e+01
   3.1287200e+06   3.5522461e+01
   3.1289980e+06   3.7902832e+01
   3.1290930e+06   3.8513184e+01
   3.1291030e+06   5.9143066e+01
   3.1291420e+06   7.7026367e+01
   3.1291710e+06   5.3222656e+01
   3.1291900e+06   5.8349609e+01
   3.1292000e+06   5.6823730e+01
   3.1292280e+06   4.8583984e+01
   3.1292570e+06   6.2988281e+01
   3.1292780e+06   6.8176270e+01
   3.1292990e+06   3.4118652e+01
   3.1293240e+06   4.7424316e+01
   3.1293400e+06   4.3884277e+01
   3.1293700e+06   4.0344238e+01
   3.1294030e+06   3.3447266e+01
   3.1294210e+06   9.2590332e+01
   3.1294600e+06   3.9672852e+01
   3.1295280e+06   6.4331055e+01
   3.1295380e+06   4.3457031e+01
   3.1295620e+06   5.5541992e+01
   3.1295890e+06   5.2185059e+01
   3.1296140e+06   4.0832520e+01
   3.1296280e+06   3.9062500e+01
   3.1296960e+06   3.6987305e+01
   3.1297190e+06   3.7658691e+01
   3.1297600e+06   3.9001465e+01
   3.1297860e+06   3.7963867e+01
   3.1298200e+06   5.6640625e+01
   3.1298570e+06   3.2775879e+01
   3.1298940e+06   3.5766602e+01
   3.1299460e+06   3.3386230e+01
   3.1299690e+06   4.0771484e+01
   3.1300130e+06   4.2785645e+01
   3.1300280e+06   4.2297363e+01
   3.1300990e+06   3.4851074e+01
   3.1301100e+06   5.5725098e+01
   3.1301690e+06   3.4667969e+01
   3.1301930e+06   5.9143066e+01
   3.1302100e+06   3.3386230e+01
   3.1302510e+06   4.1931152e+01
   3.1302860e+06   4.9865723e+01
   3.1303210e+06   3.6437988e+01
   3.1303520e+06   4.1259766e+01
   3.1304180e+06   3.7780762e+01
   3.1304690e+06   4.1931152e+01
   3.1304830e+06   3.6437988e+01
   3.1305580e+06   3.4790039e+01
   3.1305760e+06   4.3212891e+01
   3.1305930e+06   4.3090820e+01
   3.1306280e+06   4.0039062e+01
   3.1307960e+06   4.3395996e+01
   3.1308140e+06   4.0832520e+01
   3.1308660e+06   3.3203125e+01
   3.1308800e+06   3.5583496e+01
   3.1309080e+06   3.9306641e+01
   3.1309790e+06   3.5034180e+01
   3.1309960e+06   5.4992676e+01
   3.1310130e+06   3.6926270e+01
   3.1310390e+06   5.0476074e+01
   3.1311550e+06   4.3518066e+01
   3.1311750e+06   3.4973145e+01
   3.1312050e+06   4.5104980e+01
   3.1312190e+06   4.6081543e+01
   3.1312510e+06   3.6560059e+01
   3.1313000e+06   3.4729004e+01
   3.1313410e+06   3.8757324e+01
   3.1314150e+06   9.6984863e+01
   3.1314660e+06   3.3996582e+01
   3.1315070e+06   3.3935547e+01
   3.1315170e+06   3.4240723e+01
   3.1315430e+06   7.6904297e+01
   3.1316140e+06   3.4301758e+01
   3.1317250e+06   3.3691406e+01
   3.1318380e+06   3.9428711e+01
   3.1319160e+06   4.0100098e+01
   3.1319790e+06   3.4057617e+01
   3.1320030e+06   3.8391113e+01
   3.1320510e+06   3.4973145e+01
   3.1320620e+06   4.6569824e+01
   3.1321510e+06   3.9428711e+01
   3.1321940e+06   3.2714844e+01
   3.1322790e+06   4.7607422e+01
   3.1323440e+06   3.6315918e+01
   3.1323920e+06   3.3081055e+01
   3.1324920e+06   4.6020508e+01
   3.1325250e+06   3.9306641e+01
   3.1325790e+06   3.5827637e+01
   3.1326310e+06   5.5908203e+01
   3.1327400e+06   4.2968750e+01
   3.1327840e+06   3.9428711e+01
   3.1329770e+06   3.8696289e+01
   3.1329940e+06   3.3264160e+01
   3.1332180e+06   5.9020996e+01
   3.1332920e+06   3.3203125e+01
   3.1333360e+06   3.8696289e+01
   3.1333540e+06   3.3874512e+01
   3.1334760e+06   5.3710938e+01
   3.1335090e+06   3.3020020e+01
   3.1337610e+06   3.3386230e+01
   3.1338070e+06   4.8034668e+01
   3.1338170e+06   3.7719727e+01
   3.1338600e+06   3.4729004e+01
   3.1340490e+06   3.7231445e+01
   3.1341090e+06   4.8828125e+01
   3.1343060e+06   3.6254883e+01
   3.1343990e+06   3.6560059e+01
   3.1349110e+06   3.4912109e+01
   3.1355630e+06   3.4545898e+01
   3.1362440e+06   3.3996582e+01
   3.1375990e+06   3.4729004e+01
   3.1382160e+06   3.4362793e+01
   3.1384870e+06   3.7414551e+01
   3.1399320e+06   3.7353516e+01
   3.1419500e+06   3.6376953e+01
   3.1421100e+06   3.4362793e+01
   3.1421500e+06   3.2958984e+01
   3.1421850e+06   3.2897949e+01
   3.1422120e+06   3.7597656e+01
   3.1422280e+06   3.9062500e+01
   3.1422570e+06   4.2907715e+01
   3.1423010e+06   3.9001465e+01
   3.1423120e+06   3.4484863e+01
   3.1423510e+06   4.2541504e+01
   3.1423990e+06   4.9926758e+01
   3.1424150e+06   6.5002441e+01
   3.1424420e+06   3.4484863e+01
   3.1424670e+06   3.8024902e+01
   3.1425160e+06   5.7312012e+01
   3.1425520e+06   3.3081055e+01
   3.1425860e+06   3.8024902e+01
   3.1426300e+06   3.8757324e+01
   3.1426700e+06   6.9274902e+01
   3.1426840e+06   3.3081055e+01
   3.1426960e+06   3.4362793e+01
   3.1427270e+06   4.2297363e+01
   3.1427570e+06   6.6589355e+01
   3.1427820e+06   4.0832520e+01
   3.1427930e+06   3.3264160e+01
   3.1428200e+06   3.8085938e+01
   3.1428740e+06   7.1044922e+01
   3.1428970e+06   4.2114258e+01
   3.1429150e+06   4.2053223e+01
   3.1429350e+06   3.7170410e+01
   3.1429610e+06   3.6682129e+01
   3.1429830e+06   3.9794922e+01
   3.1430080e+06   3.4667969e+01
   3.1430580e+06   5.6518555e+01
   3.1430960e+06   3.6376953e+01
   3.1431200e+06   3.9794922e+01
   3.1431700e+06   3.3264160e+01
   3.1432100e+06   3.3569336e+01
   3.1433660e+06   3.9001465e+01
   3.1433910e+06   3.3325195e+01
   3.1434620e+06   3.5766602e+01
   3.1434870e+06   3.2958984e+01
   3.1435190e+06   4.1381836e+01
   3.1435510e+06   3.3203125e+01
   3.1436710e+06   3.3447266e+01
   3.1438390e+06   4.7180176e+01
   3.1438980e+06   3.4729004e+01
   3.1439740e+06   3.4545898e+01
   3.1439970e+06   3.7780762e+01
   3.1441790e+06   3.6499023e+01
   3.1443310e+06   4.2663574e+01
   3.1445680e+06   3.3020020e+01
   3.1446010e+06   3.5400391e+01
   3.1446300e+06   3.3935547e+01
   3.1448220e+06   3.6193848e+01
   3.1449250e+06   3.6865234e+01
   3.1451130e+06   3.6071777e+01
   3.1452210e+06   4.7973633e+01
   3.1452350e+06   3.5217285e+01
   3.1453720e+06   3.5461426e+01
   3.1453900e+06   4.2297363e+01
   3.1455880e+06   3.9611816e+01
   3.1456820e+06   3.8391113e+01
   3.1459110e+06   4.1381836e+01
   3.1460760e+06   4.5349121e+01
   3.1462360e+06   3.4851074e+01
   3.1462600e+06   3.5644531e+01
   3.1468070e+06   3.8146973e+01
   3.1468260e+06   3.3813477e+01
   3.1470710e+06   3.7536621e+01
   3.1471500e+06   3.3630371e+01
   3.1472900e+06   3.6926270e+01
   3.1473040e+06   3.2958984e+01
   3.1475440e+06   4.5166016e+01
   3.1484040e+06   4.3090820e+01
   3.1487340e+06   3.6010742e+01
   3.1491110e+06   3.5522461e+01
   3.1495250e+06   3.3935547e+01
   3.1501990e+06   3.3508301e+01
   3.1515920e+06   3.4484863e+01
   3.1525170e+06   3.3752441e+01
   3.1545090e+06   4.1870117e+01
   3.1552390e+06   3.6926270e+01
   3.1557580e+06   3.8635254e+01
   3.1561370e+06   3.3264160e+01
   3.1564550e+06   3.2714844e+01
   3.1565130e+06   4.4372559e+01
   3.1570060e+06   3.4362793e+01
   3.1574740e+06   4.3334961e+01
   3.1579310e+06   4.6203613e+01
   3.1584040e+06   3.9855957e+01
   3.1590110e+06   3.9001465e+01
   3.1596170e+06   4.2358398e+01
   3.1605530e+06   4.4311523e+01
   3.1614460e+06   3.4484863e+01
   3.1619720e+06   3.5156250e+01
   3.1621950e+06   3.3935547e+01
   3.1633150e+06   3.4545898e+01
   3.1641790e+06   3.5217285e+01
   3.1649650e+06   3.8940430e+01
   3.1657540e+06   4.3151855e+01
   3.1667250e+06   3.2836914e+01
   3.1670740e+06   3.4179688e+01
   3.1680970e+06   3.6987305e+01
   3.1682200e+06   3.4240723e+01
   3.1708510e+06   3.7597656e+01
   3.1721450e+06   4.2602539e+01
   3.1747990e+06   3.9123535e+01
   3.1767810e+06   3.6315918e+01
   3.1781380e+06   4.2602539e+01
   3.1788240e+06   3.3569336e+01
   3.1842680e+06   4.3090820e+01
   3.1866020e+06   3.4423828e+01
   3.2609940e+06   3.3081055e+01
   3.3067590e+06   3.2897949e+01
   3.3122810e+06   3.8208008e+01
   3.3188640e+06   3.3325195e+01
   3.3212010e+06   3.6682129e+01
   3.3382650e+06   3.3325195e+01
   3.3499120e+06   3.8574219e+01
   3.3558920e+06   3.5766602e+01
   3.3623200e+06   3.7414551e+01
   3.3693060e+06   3.6560059e+01
   3.3794540e+06   3.6499023e+01
   3.3879230e+06   3.6926270e+01
   3.3920860e+06   3.2836914e+01
   3.4011580e+06   3.5827637e+01
   3.4047870e+06   3.4912109e+01
   3.4287010e+06   3.8024902e+01
   3.4410610e+06   3.3142090e+01
   3.4439630e+06   3.2897949e+01
   3.4500590e+06   3.3691406e+01
   3.4529390e+06   3.9062500e+01
   3.4560660e+06   3.6132812e+01
   3.4586170e+06   3.5034180e+01
   3.4628440e+06   3.4667969e+01
   3.4691360e+06   3.5278320e+01
   3.4831670e+06   3.4240723e+01
   3.4891980e+06   3.5583496e+01
   3.4955690e+06   3.4667969e+01
   3.5013600e+06   3.7719727e+01
   3.5075780e+06   3.3020020e+01
   3.5114390e+06   3.4484863e+01
   3.5182110e+06   3.2958984e+01
   3.5241800e+06   3.3386230e+01
   3.5347140e+06   3.5705566e+01
   3.5381290e+06   3.5522461e+01
   3.5402690e+06   3.3142090e+01
   3.5545260e+06   3.6499023e+01
   3.5621200e+06   3.2775879e+01
   3.5818090e+06   4.0161133e+01
   3.5834930e+06   3.7231445e+01
   3.5926280e+06   3.3996582e+01
   3.5981100e+06   3.6254883e+01
   3.6155010e+06   3.4606934e+01
   3.6186830e+06   3.9001465e+01
   3.6215600e+06   3.3569336e+01
   3.6239590e+06   3.4118652e+01
   3.6297780e+06   3.6682129e+01
   3.6372350e+06   3.6987305e+01
   3.6399540e+06   3.2714844e+01
   3.6475920e+06   3.3142090e+01
   3.6504710e+06   3.5156250e+01
   3.6565890e+06   3.9062500e+01
   3.6638720e+06   3.6132812e+01
   3.6702990e+06   3.6987305e+01
   3.6744250e+06   3.3020020e+01
   3.6756590e+06   3.2775879e+01
   3.6787320e+06   4.0466309e+01
   3.6808380e+06   3.2775879e+01
   3.6877130e+06   4.2114258e+01
   3.6932260e+06   3.7292480e+01
   3.6975510e+06   3.6376953e+01
   3.6987570e+06   3.2836914e+01
   3.7010930e+06   3.4301758e+01
   3.7131330e+06   4.3090820e+01
   3.7182250e+06   4.5776367e+01
   3.7336260e+06   3.5461426e+01
   3.7365070e+06   3.3081055e+01
   3.7471170e+06   3.8879395e+01
   3.7480320e+06   3.5705566e+01
   3.7557020e+06   3.8452148e+01
   3.7578270e+06   3.2958984e+01
   3.7615820e+06   3.3081055e+01
   3.7669470e+06   3.6376953e+01
   3.7781640e+06   3.4973145e+01
   3.7801980e+06   3.5217285e+01
   3.7816520e+06   4.3579102e+01
   3.7882130e+06   3.6010742e+01
   3.7904650e+06   3.9001465e+01
   3.8051160e+06   3.7170410e+01
   3.8099150e+06   3.5461426e+01
   3.8165050e+06   3.4606934e+01
   3.8203280e+06   4.1809082e+01
   3.8273000e+06   3.2897949e+01
   3.8297770e+06   3.7292480e+01
   3.8378410e+06   3.3203125e+01
   3.8411800e+06   3.5034180e+01
   3.8523210e+06   3.5400391e+01
   3.8603180e+06   3.6743164e+01
   3.8627370e+06   3.2836914e+01
   3.8689290e+06   3.5522461e+01
   3.8755200e+06   3.8391113e+01
   3.8791440e+06   3.3569336e+01
   3.8817500e+06   3.3508301e+01
   3.8857730e+06   3.6865234e+01
   3.8907520e+06   3.7048340e+01
   3.8982420e+06   3.5583496e+01
   3.9030890e+06   3.3386230e+01
   3.9163100e+06   3.5400391e+01
   3.9176670e+06   3.5278320e+01
   3.9211160e+06   3.4729004e+01
   3.9238560e+06   3.3325195e+01
   3.9264480e+06   3.4179688e+01
   3.9309700e+06   3.3691406e+01
   3.9453010e+06   3.3386230e+01
   3.9554340e+06   3.5400391e+01
   3.9574470e+06   3.3630371e+01
   3.9599240e+06   3.3264160e+01
   3.9618020e+06   3.8391113e+01
   3.9756970e+06   3.4484863e+01
   3.9771680e+06   3.4057617e+01
   3.9804760e+06   3.7170410e+01
   3.9841730e+06   3.2897949e+01
   3.9881360e+06   3.3020020e+01
   3.9923400e+06   3.7780762e+01
   4.0010510e+06   3.8635254e+01
   4.0105240e+06   3.5156250e+01
   4.0116470e+06   3.3508301e+01
   4.0256220e+06   3.3813477e+01
   4.0320070e+06   4.1931152e+01
   4.0384320e+06   3.6682129e+01
   4.0448600e+06   3.4423828e+01
   4.0504000e+06   3.3386230e+01
   4.0544410e+06   3.9733887e+01
   4.0565750e+06   3.3630371e+01
   4.0628470e+06   3.4179688e+01
   4.0668370e+06   3.5461426e+01
   4.0760010e+06   3.3142090e+01
   4.0875280e+06   3.3081055e+01
   4.0882010e+06   3.5156250e+01
   4.1031850e+06   3.4179688e+01
   4.1147060e+06   3.3386230e+01
   4.1235220e+06   3.4851074e+01
   4.1255480e+06   3.3569336e+01
   4.1348080e+06   3.5827637e+01
   4.1375270e+06   3.5095215e+01
   4.1409280e+06   3.3020020e+01
   4.1563310e+06   3.3813477e+01
   4.1604320e+06   3.4301758e+01
   4.1651250e+06   3.4240723e+01
   4.1666590e+06   3.7231445e+01
   4.1763290e+06   3.7475586e+01
   4.1830070e+06   3.4118652e+01
   4.1950100e+06   3.3630371e+01
   4.1978880e+06   3.5705566e+01
   4.2046030e+06   3.4362793e+01
   4.2074280e+06   3.5339355e+01
   4.2099640e+06   3.4118652e+01
   4.2155360e+06   3.7719727e+01
   4.2175620e+06   3.5644531e+01
   4.2191420e+06   3.3630371e+01
   4.2225330e+06   3.4790039e+01
   4.2270320e+06   3.3081055e+01
   4.2292800e+06   3.2836914e+01
   4.2311550e+06   3.4545898e+01
   4.2394160e+06   3.4240723e+01
   4.2401780e+06   3.3386230e+01
   4.2413380e+06   3.5766602e+01
   4.2444960e+06   3.4423828e+01
   4.2483900e+06   3.4423828e+01
   4.2515290e+06   3.9245605e+01
   4.2584800e+06   3.4667969e+01
   4.2638130e+06   3.2897949e+01
   4.2710920e+06   3.6254883e+01
   4.2741610e+06   3.2897949e+01
   4.2868090e+06   3.4545898e+01
   4.2936610e+06   3.9611816e+01
   4.2975500e+06   3.3691406e+01
   4.3004970e+06   3.7719727e+01
   4.3029810e+06   3.3569336e+01
   4.3047260e+06   3.6499023e+01
   4.3082790e+06   3.5278320e+01
   4.3144590e+06   3.5705566e+01
   4.3145500e+06   3.2775879e+01
   4.3225340e+06   3.6499023e+01
   4.3244630e+06   4.6569824e+01
   4.3260140e+06   3.5400391e+01
   4.3310030e+06   3.8574219e+01
   4.3345410e+06   3.8085938e+01
   4.3400730e+06   3.4545898e+01
   4.3448790e+06   3.3325195e+01
   4.3493830e+06   3.3386230e+01
   4.3548920e+06   3.3447266e+01
   4.3557710e+06   3.6499023e+01
   4.3598900e+06   3.2714844e+01
   4.3630580e+06   3.9001465e+01
   4.3659330e+06   3.8024902e+01
   4.3666700e+06   3.3020020e+01
   4.3781810e+06   3.3569336e+01
   4.3813460e+06   3.7292480e+01
   4.3904880e+06   3.7292480e+01
   4.3929160e+06   3.4484863e+01
   4.3961010e+06   3.4301758e+01
   4.3999300e+06   3.4912109e+01
   4.4067180e+06   3.5278320e+01
   4.4082390e+06   3.4057617e+01
   4.4092980e+06   3.6987305e+01
   4.4135940e+06   3.2836914e+01
   4.4174820e+06   3.6010742e+01
   4.4192070e+06   4.1870117e+01
   4.4266050e+06   3.6071777e+01
   4.4314670e+06   3.5217285e+01
   4.4384610e+06   3.3935547e+01
   4.4397490e+06   3.4301758e+01
   4.4569330e+06   3.9123535e+01
   4.4616700e+06   4.1198730e+01
   4.4652000e+06   3.7536621e+01
   4.4717280e+06   3.2958984e+01
   4.4720600e+06   3.4729004e+01
   4.4729770e+06   3.2836914e+01
   4.4757370e+06   3.4301758e+01
   4.4814810e+06   3.3264160e+01
   4.4827210e+06   3.2714844e+01
   4.4883230e+06   3.3813477e+01
   4.4942430e+06   3.5400391e+01
   4.4974610e+06   3.3325195e+01
   4.4988100e+06   3.6926270e+01
   4.5012900e+06   3.7170410e+01
   4.5028590e+06   3.4606934e+01
   4.5086720e+06   3.4301758e+01
   4.5143080e+06   3.3142090e+01
   4.5346560e+06   4.0161133e+01
   4.5412300e+06   3.6376953e+01
   4.5452260e+06   3.3874512e+01
   4.5487860e+06   3.3142090e+01
   4.5517300e+06   3.4301758e+01
   4.5583320e+06   3.3996582e+01
   4.5604380e+06   3.2897949e+01
   4.5666720e+06   3.3752441e+01
   4.5707640e+06   4.0649414e+01
   4.5738890e+06   3.6804199e+01
   4.5773120e+06   3.3325195e+01
   4.6026630e+06   3.2897949e+01
   4.6303770e+06   3.2958984e+01
   4.6394970e+06   3.4423828e+01
   4.6532090e+06   3.6132812e+01
   4.6571160e+06   3.6193848e+01
   4.6597670e+06   3.3264160e+01
   4.6638900e+06   3.3813477e+01
   4.6697790e+06   3.8208008e+01
   4.6800620e+06   3.8574219e+01
   4.6820590e+06   4.1320801e+01
   4.6832580e+06   3.3020020e+01
   4.6947810e+06   3.2836914e+01
   4.7029470e+06   4.3701172e+01
   4.7158510e+06   3.4973145e+01
   4.7202190e+06   3.3996582e+01
   4.7216560e+06   3.2897949e+01
   4.7222310e+06   3.4851074e+01
   4.7350290e+06   3.3447266e+01
   4.7365830e+06   4.0527344e+01
   4.7476480e+06   3.3325195e+01
   4.7540680e+06   3.5888672e+01
   4.7767610e+06   3.4973145e+01
   4.7781890e+06   3.3813477e+01
   4.7834390e+06   3.2714844e+01
   4.7855570e+06   3.4912109e+01
   4.7876590e+06   3.7475586e+01
   4.7925300e+06   3.4301758e+01
   4.7938420e+06   3.5156250e+01
   4.7999480e+06   3.3264160e+01
   4.8180200e+06   3.3508301e+01
   4.8196430e+06   3.3386230e+01
   4.8230640e+06   3.3142090e+01
   4.8381970e+06   3.5278320e+01
   4.8483890e+06   3.4118652e+01
   4.8568080e+06   3.4851074e+01
   4.8675290e+06   3.4790039e+01
   4.8708050e+06   3.6132812e+01
   4.8756750e+06   3.6682129e+01
   4.8878590e+06   3.5644531e+01
   4.8927770e+06   3.7719727e+01
   4.9000320e+06   3.6193848e+01
   4.9073620e+06   4.2175293e+01
   4.9128420e+06   3.4667969e+01
   4.9175130e+06   3.3081055e+01
   4.9192970e+06   3.9062500e+01
   4.9212300e+06   3.3630371e+01
   4.9236560e+06   3.4484863e+01
   4.9305250e+06   3.8146973e+01
   4.9383120e+06   3.4179688e+01
   4.9433140e+06   4.1015625e+01
   4.9439940e+06   3.9306641e+01
   4.9440230e+06   4.5471191e+01
   4.9440750e+06   3.9184570e+01
   4.9441310e+06   3.7963867e+01
   4.9441910e+06   3.7780762e+01
   4.9442420e+06   4.2297363e+01
   4.9442630e+06   3.9367676e+01
   4.9442780e+06   5.6884766e+01
   4.9442940e+06   3.6010742e+01
   4.9443110e+06   5.0659180e+01
   4.9443360e+06   7.0739746e+01
   4.9443530e+06   4.2358398e+01
   4.9443710e+06   5.6457520e+01
   4.9443970e+06   5.4687500e+01
   4.9444280e+06   4.3029785e+01
   4.9444430e+06   4.0283203e+01
   4.9444610e+06   3.8208008e+01
   4.9444860e+06   5.3588867e+01
   4.9445020e+06   7.6843262e+01
   4.9445160e+06   4.9255371e+01
   4.9445370e+06   3.3264160e+01
   4.9445770e+06   3.5827637e+01
   4.9446010e+06   3.7902832e+01
   4.9446260e+06   3.4667969e+01
   4.9446390e+06   5.9814453e+01
   4.9446570e+06   3.7780762e+01
   4.9446960e+06   4.2053223e+01
   4.9447080e+06   4.5104980e+01
   4.9447450e+06   3.4423828e+01
   4.9447820e+06   5.1025391e+01
   4.9448080e+06   3.4179688e+01
   4.9449000e+06   4.1137695e+01
   4.9449200e+06   4.5166016e+01
   4.9449390e+06   5.2307129e+01
   4.9449950e+06   4.8339844e+01
   4.9450600e+06   3.4912109e+01
   4.9450770e+06   3.5339355e+01
   4.9451020e+06   4.7180176e+01
   4.9451180e+06   4.2419434e+01
   4.9451470e+06   3.7780762e+01
   4.9451570e+06   3.6376953e+01
   4.9451930e+06   3.7658691e+01
   4.9452120e+06   3.3142090e+01
   4.9452550e+06   4.0893555e+01
   4.9452810e+06   4.2236328e+01
   4.9453050e+06   3.5278320e+01
   4.9454390e+06   3.9123535e+01
   4.9454570e+06   4.5715332e+01
   4.9454920e+06   3.3935547e+01
   4.9455030e+06   3.6499023e+01
   4.9455540e+06   4.2419434e+01
   4.9455950e+06   4.4799805e+01
   4.9456230e+06   4.2114258e+01
   4.9456700e+06   3.9367676e+01
   4.9457480e+06   3.4606934e+01
   4.9458020e+06   3.3203125e+01
   4.9458430e+06   5.2185059e+01
   4.9458790e+06   3.5034180e+01
   4.9458960e+06   3.5095215e+01
   4.9459900e+06   3.4973145e+01
   4.9460000e+06   3.8635254e+01
   4.9460190e+06   4.8400879e+01
   4.9460690e+06   3.5827637e+01
   4.9461490e+06   3.3691406e+01
   4.9462070e+06   4.5349121e+01
   4.9462640e+06   4.5471191e+01
   4.9463250e+06   3.7780762e+01
   4.9463610e+06   3.6987305e+01
   4.9464050e+06   4.7241211e+01
   4.9464300e+06   3.3325195e+01
   4.9464600e+06   3.2836914e+01
   4.9464800e+06   5.0659180e+01
   4.9465070e+06   3.7597656e+01
   4.9465700e+06   3.4606934e+01
   4.9466070e+06   3.9001465e+01
   4.9466420e+06   3.5705566e+01
   4.9466920e+06   3.7048340e+01
   4.9467410e+06   3.8635254e+01
   4.9467550e+06   3.4973145e+01
   4.9468070e+06   5.1330566e+01
   4.9468490e+06   3.2714844e+01
   4.9469250e+06   3.7109375e+01
   4.9470080e+06   3.9489746e+01
   4.9470320e+06   3.9978027e+01
   4.9470510e+06   4.4067383e+01
   4.9471280e+06   3.3569336e+01
   4.9471510e+06   3.4973145e+01
   4.9471980e+06   3.7231445e+01
   4.9472160e+06   6.3232422e+01
   4.9472280e+06   3.4179688e+01
   4.9472730e+06   3.6254883e+01
   4.9473060e+06   4.1259766e+01
   4.9473650e+06   3.5583496e+01
   4.9474410e+06   5.2062988e+01
   4.9474730e+06   4.1320801e+01
   4.9475120e+06   3.3996582e+01
   4.9475920e+06   4.0039062e+01
   4.9476640e+06   4.4860840e+01
   4.9477380e+06   4.3579102e+01
   4.9477720e+06   3.3935547e+01
   4.9479220e+06   4.0649414e+01
   4.9479420e+06   3.3813477e+01
   4.9479630e+06   3.3264160e+01
   4.9481500e+06   3.6499023e+01
   4.9482470e+06   3.3447266e+01
   4.9483470e+06   3.5522461e+01
   4.9483870e+06   4.6691895e+01
   4.9484670e+06   3.4606934e+01
   4.9484960e+06   3.3020020e+01
   4.9485270e+06   3.3447266e+01
   4.9486520e+06   4.2175293e+01
   4.9487590e+06   3.3569336e+01
   4.9487960e+06   3.5278320e+01
   4.9489180e+06   4.8889160e+01
   4.9490740e+06   4.2785645e+01
   4.9491840e+06   4.5715332e+01
   4.9492430e+06   3.5461426e+01
   4.9494570e+06   3.2714844e+01
   4.9495060e+06   4.6264648e+01
   4.9498530e+06   4.8400879e+01
   4.9510880e+06   3.5400391e+01
   4.9538240e+06   3.7841797e+01
   4.9551500e+06   3.6315918e+01
   4.9567970e+06   3.6560059e+01
   4.9573310e+06   3.2836914e+01
   4.9574470e+06   3.5339355e+01
   4.9576000e+06   4.2175293e+01
   4.9577350e+06   3.5156250e+01
   4.9578160e+06   5.6396484e+01
   4.9578410e+06   5.2246094e+01
   4.9578620e+06   4.0649414e+01
   4.9578750e+06   4.0954590e+01
   4.9579470e+06   4.5227051e+01
   4.9579780e+06   3.6804199e+01
   4.9580370e+06   7.2631836e+01
   4.9580490e+06   3.3874512e+01
   4.9580680e+06   4.4189453e+01
   4.9580900e+06   4.1381836e+01
   4.9581260e+06   4.1015625e+01
   4.9581530e+06   3.4057617e+01
   4.9581720e+06   4.8645020e+01
   4.9582330e+06   4.2358398e+01
   4.9582550e+06   3.7841797e+01
   4.9582800e+06   6.7382812e+01
   4.9583050e+06   3.4301758e+01
   4.9583430e+06   4.8706055e+01
   4.9583810e+06   3.5522461e+01
   4.9584090e+06   3.5278320e+01
   4.9584430e+06   4.9377441e+01
   4.9584710e+06   5.9509277e+01
   4.9585110e+06   3.5583496e+01
   4.9585270e+06   3.9428711e+01
   4.9585680e+06   3.7719727e+01
   4.9585900e+06   3.4362793e+01
   4.9586480e+06   3.5034180e+01
   4.9586910e+06   6.2561035e+01
   4.9587360e+06   3.3935547e+01
   4.9588650e+06   3.2775879e+01
   4.9589560e+06   3.4667969e+01
   4.9589710e+06   3.8208008e+01
   4.9590460e+06   4.0405273e+01
   4.9590590e+06   3.7048340e+01
   4.9591060e+06   3.6621094e+01
   4.9591520e+06   3.5339355e+01
   4.9591930e+06   3.4545898e+01
   4.9592340e+06   3.6926270e+01
   4.9592960e+06   3.2958984e+01
   4.9593100e+06   4.0954590e+01
   4.9593850e+06   5.4016113e+01
   4.9594420e+06   3.3935547e+01
   4.9595240e+06   4.5654297e+01
   4.9596290e+06   4.3090820e+01
   4.9596500e+06   3.6865234e+01
   4.9597690e+06   4.2602539e+01
   4.9598080e+06   3.6865234e+01
   4.9598360e+06   4.4982910e+01
   4.9598770e+06   3.4729004e+01
   4.9599160e+06   4.5837402e+01
   4.9599650e+06   4.7241211e+01
   4.9599930e+06   3.3081055e+01
   4.9601020e+06   3.4118652e+01
   4.9601310e+06   3.3264160e+01
   4.9602230e+06   3.5217285e+01
   4.9602520e+06   3.5278320e+01
   4.9602710e+06   3.4973145e+01
   4.9602880e+06   3.7414551e+01
   4.9604240e+06   3.9855957e+01
   4.9605040e+06   3.4301758e+01
   4.9606020e+06   3.4790039e+01
   4.9606950e+06   3.3264160e+01
   4.9607840e+06   3.4179688e+01
   4.9608610e+06   3.7658691e+01
   4.9609690e+06   3.5400391e+01
   4.9610350e+06   3.6315918e+01
   4.9610750e+06   3.6010742e+01
   4.9611290e+06   3.7475586e+01
   4.9614000e+06   3.9978027e+01
   4.9614690e+06   3.8146973e+01
   4.9615100e+06   4.2419434e+01
   4.9615840e+06   3.3081055e+01
   4.9616440e+06   3.3447266e+01
   4.9616920e+06   3.4851074e+01
   4.9617620e+06   3.5156250e+01
   4.9618980e+06   3.5461426e+01
   4.9620030e+06   4.0283203e+01
   4.9621260e+06   3.3081055e+01
   4.9623320e+06   4.1809082e+01
   4.9627990e+06   5.2612305e+01
   4.9630530e+06   3.3691406e+01
   4.9633150e+06   4.0222168e+01
   4.9639020e+06   3.6621094e+01
   4.9641930e+06   3.9550781e+01
   4.9645080e+06   3.7231445e+01
   4.9648180e+06   4.2297363e+01
   4.9652280e+06   3.6804199e+01
   4.9655370e+06   3.3203125e+01
   4.9673540e+06   4.0710449e+01
   4.9708750e+06   3.3752441e+01
   4.9717110e+06   3.4667969e+01
   4.9722100e+06   3.7109375e+01
   4.9725460e+06   3.2836914e+01
   4.9728080e+06   4.6264648e+01
   4.9732060e+06   5.1086426e+01
   4.9736310e+06   4.2724609e+01
   4.9741430e+06   3.7658691e+01
   4.9746420e+06   3.4118652e+01
   4.9752740e+06   4.5837402e+01
   4.9774310e+06   3.7658691e+01
   4.9787340e+06   3.3447266e+01
   4.9815430e+06   3.8879395e+01
   4.9823730e+06   4.1687012e+01
   4.9825240e+06   3.5278320e+01
   4.9838020e+06   4.2602539e+01
   4.9859160e+06   3.6621094e+01
   4.9882520e+06   3.3081055e+01
   4.9903180e+06   3.6865234e+01
   4.9912950e+06   3.9489746e+01
   4.9933910e+06   4.0161133e+01
   4.9982250e+06   3.6254883e+01
   5.0081930e+06   4.1015625e+01
   5.1243330e+06   3.4057617e+01
   5.1286360e+06   3.4484863e+01
   5.1357020e+06   3.5583496e+01
   5.1530660e+06   3.4484863e+01
   5.1559520e+06   3.4545898e+01
   5.1603140e+06   3.4729004e+01
   5.1684860e+06   3.4301758e+01
   5.1855300e+06   3.3386230e+01
   5.1871760e+06   3.7353516e+01
   5.1887010e+06   3.8452148e+01
   5.2233560e+06   3.4973145e+01
   5.2377050e+06   3.6010742e+01
   5.2434420e+06   3.7414551e+01
   5.2466540e+06   3.6560059e+01
   5.2553850e+06   3.5888672e+01
   5.2757370e+06   3.6010742e+01
   5.2791410e+06   3.5217285e+01
   5.2881870e+06   3.5034180e+01
   5.2903020e+06   3.9855957e+01
   5.2991720e+06   3.9245605e+01
   5.3037240e+06   3.8391113e+01
   5.3105740e+06   3.4790039e+01
   5.3156230e+06   3.3325195e+01
   5.3235660e+06   3.5766602e+01
   5.3335080e+06   3.5400391e+01
   5.3336040e+06   3.3325195e+01
   5.3454310e+06   3.5827637e+01
   5.3471960e+06   3.5400391e+01
   5.3588690e+06   3.3691406e+01
   5.3665230e+06   3.5644531e+01
   5.3671790e+06   3.3264160e+01
   5.3760260e+06   3.8269043e+01
   5.3795760e+06   3.6071777e+01
   5.3822690e+06   4.0283203e+01
   5.3966890e+06   3.3325195e+01
   5.3980060e+06   3.4545898e+01
   5.4023830e+06   3.4362793e+01
   5.4143090e+06   3.6682129e+01
   5.4181970e+06   3.8085938e+01
   5.4205850e+06   3.5278320e+01
   5.4220400e+06   3.3691406e+01
   5.4255580e+06   3.7780762e+01
   5.4298250e+06   3.3752441e+01
   5.4336750e+06   3.5705566e+01
   5.4446080e+06   3.7658691e+01
   5.4503680e+06   3.6865234e+01
   5.4559630e+06   3.3996582e+01
   5.4600140e+06   3.4790039e+01
   5.4626610e+06   3.5217285e+01
   5.4718010e+06   3.6560059e+01
   5.4912030e+06   3.3203125e+01
   5.4923740e+06   3.7902832e+01
   5.5115780e+06   3.3508301e+01
   5.5140340e+06   3.5705566e+01
   5.5152700e+06   3.3142090e+01
   5.5273840e+06   3.5888672e+01
   5.5401510e+06   3.3386230e+01
   5.5512500e+06   3.9367676e+01
   5.5606970e+06   3.3081055e+01
   5.5722650e+06   3.3691406e+01
   5.5792640e+06   3.6132812e+01
   5.5841740e+06   3.3142090e+01
   5.5855150e+06   3.3630371e+01
   5.5884670e+06   3.6132812e+01
   5.5929800e+06   3.2897949e+01
   5.5999750e+06   3.9184570e+01
   5.6068380e+06   4.0649414e+01
   5.6091080e+06   3.3630371e+01
   5.6110090e+06   3.6865234e+01
   5.6163160e+06   3.7048340e+01
   5.6244190e+06   3.2714844e+01
   5.6282500e+06   3.6499023e+01
   5.6364680e+06   3.5400391e+01
   5.6397390e+06   3.3447266e+01
   5.6440140e+06   3.7963867e+01
   5.6490890e+06   3.5217285e+01
   5.6535720e+06   3.5766602e+01
   5.6604710e+06   3.3081055e+01
   5.6631930e+06   3.6865234e+01
   5.6706780e+06   3.6743164e+01
   5.6732700e+06   3.4118652e+01
   5.6766970e+06   3.4057617e+01
   5.6899230e+06   3.3020020e+01
   5.6969630e+06   3.4729004e+01
   5.7037470e+06   3.5644531e+01
   5.7055610e+06   3.3325195e+01
   5.7076330e+06   3.3386230e+01
   5.7122150e+06   3.3996582e+01
   5.7147310e+06   3.9123535e+01
   5.7191070e+06   3.6437988e+01
   5.7216900e+06   3.2897949e+01
   5.7229520e+06   3.4484863e+01
   5.7267550e+06   3.3264160e+01
   5.7359580e+06   3.7963867e+01
   5.7388570e+06   3.4362793e+01
   5.7426740e+06   3.4667969e+01
   5.7520760e+06   3.4118652e+01
   5.7596860e+06   3.5766602e+01
   5.7658780e+06   3.2958984e+01
   5.7811080e+06   3.5827637e+01
   5.7856690e+06   3.7719727e+01
   5.7902840e+06   3.5095215e+01
   5.7934110e+06   3.3325195e+01
   5.7984760e+06   3.2775879e+01
   5.8296380e+06   3.9916992e+01
   5.8343640e+06   3.2897949e+01
   5.8374460e+06   3.3081055e+01
   5.8471510e+06   3.3447266e+01
   5.8499810e+06   3.3447266e+01
   5.8528670e+06   3.7719727e+01
   5.8568280e+06   3.5034180e+01
   5.8617660e+06   3.6071777e+01
   5.8663080e+06   3.2897949e+01
   5.8670180e+06   3.3630371e+01
   5.8716540e+06   3.6071777e+01
   5.8735700e+06   3.6804199e+01
   5.8898980e+06   3.4606934e+01
   5.8929950e+06   3.3752441e+01
   5.8968620e+06   3.3020020e+01
   5.9078650e+06   3.3874512e+01
   5.9113230e+06   3.6804199e+01
   5.9195860e+06   3.3508301e+01
   5.9291830e+06   4.1992188e+01
   5.9370780e+06   3.6193848e+01
   5.9398540e+06   3.3386230e+01
   5.9426740e+06   3.4301758e+01
   5.9445540e+06   3.4179688e+01
   5.9463290e+06   3.4912109e+01
   5.9488400e+06   3.6010742e+01
   5.9549730e+06   3.4667969e+01
   5.9591500e+06   3.3081055e+01
   5.9613940e+06   3.4729004e+01
   5.9766330e+06   3.4790039e+01
   5.9798780e+06   3.4545898e+01
   5.9868240e+06   3.3020020e+01
   5.9897430e+06   3.6071777e+01
   5.9992240e+06   3.7414551e+01
   6.0093090e+06   3.7902832e+01
   6.0336770e+06   3.8391113e+01
   6.0427690e+06   3.5217285e+01
   6.0508460e+06   3.8085938e+01
   6.0640580e+06   3.3813477e+01
   6.0738220e+06   3.6315918e+01
   6.0834470e+06   3.5583496e+01
   6.0906910e+06   3.4667969e+01
   6.0924090e+06   3.4240723e+01
   6.0968860e+06   3.6865234e+01
   6.1035270e+06   3.4179688e+01
   6.1066270e+06   3.3996582e+01
   6.1192370e+06   4.1625977e+01
   6.1265710e+06   3.4118652e+01
   6.1515290e+06   3.4057617e+01
   6.1542420e+06   3.6315918e+01
   6.1546010e+06   3.5156250e+01
   6.1601460e+06   3.4423828e+01
   6.1618230e+06   3.7414551e+01
   6.1648640e+06   3.4240723e+01
   6.1710540e+06   3.5583496e+01
   6.1813730e+06   3.4057617e+01
   6.1937230e+06   3.4729004e+01
   6.2151880e+06   3.5217285e+01
   6.2321530e+06   3.5217285e+01
   6.2400550e+06   3.8818359e+01
   6.2459170e+06   4.2724609e+01
   6.2582870e+06   3.9855957e+01
   6.2663090e+06   4.0771484e+01
   6.2680330e+06   3.5522461e+01
   6.2927040e+06   3.6682129e+01
   6.3069280e+06   3.3996582e+01
   6.3105820e+06   3.4729004e+01
   6.3133980e+06   3.6254883e+01
   6.3238720e+06   3.3996582e+01
   6.3315130e+06   3.4179688e+01
   6.3378000e+06   3.4912109e+01
   6.3403970e+06   3.4484863e+01
   6.3515710e+06   3.4240723e+01
   6.3645960e+06   3.5949707e+01
   6.3682520e+06   3.4423828e+01
   6.3778340e+06   3.3813477e+01
   6.3838100e+06   3.6193848e+01
   6.3852590e+06   3.5583496e+01
   6.3901770e+06   3.3874512e+01
   6.3952360e+06   3.5461426e+01
   6.3967780e+06   3.3874512e+01
   6.4001150e+06   3.4729004e+01
   6.4065530e+06   3.4729004e+01
   6.4093650e+06   3.4545898e+01
   6.4196970e+06   3.4057617e+01
   6.4228930e+06   3.5644531e+01
   6.4428470e+06   3.5461426e+01
   6.4697430e+06   3.4118652e+01
   6.4797090e+06   3.3996582e+01
   6.5007070e+06   3.4790039e+01
   6.5048890e+06   3.8085938e+01
   6.5079390e+06   3.3935547e+01
   6.5151950e+06   3.6560059e+01
   6.5207310e+06   3.5339355e+01
   6.5242030e+06   3.4790039e+01
   6.5492280e+06   3.5095215e+01
   6.5567660e+06   3.8208008e+01
   6.5684170e+06   4.1625977e+01
   6.5747130e+06   3.4667969e+01
   6.5841880e+06   3.4729004e+01
   6.5876870e+06   4.4799805e+01
   6.6153660e+06   3.6987305e+01
   6.6212510e+06   3.5278320e+01
   6.6220290e+06   3.4179688e+01
   6.6239590e+06   3.5644531e+01
   6.6241930e+06   3.5156250e+01
   6.6269010e+06   3.4118652e+01
   6.6280650e+06   3.6132812e+01
   6.6329590e+06   3.5583496e+01
   6.6374650e+06   4.1259766e+01
   6.6469390e+06   3.4973145e+01
   6.6507630e+06   3.4973145e+01
   6.6570350e+06   3.4057617e+01
   6.6649310e+06   3.3996582e+01
   6.6821720e+06   3.4545898e+01
   6.6839830e+06   3.3996582e+01
   6.6914920e+06   4.1503906e+01
   6.6986980e+06   3.5156250e+01
   6.7027200e+06   3.7231445e+01
   6.7060350e+06   3.4790039e+01
   6.7109850e+06   3.6499023e+01
   6.7130330e+06   3.5461426e+01
   6.7166150e+06   3.4729004e+01
   6.7212540e+06   3.4179688e+01
   6.7440190e+06   3.5095215e+01
   6.7526870e+06   3.6621094e+01
   6.7596160e+06   3.3996582e+01
   6.7622190e+06   3.5156250e+01
   6.7645360e+06   3.7902832e+01
   6.7674740e+06   3.5949707e+01
   6.7715760e+06   3.4362793e+01
   6.7802600e+06   3.3874512e+01
   6.7838010e+06   3.6376953e+01
   6.7890260e+06   3.5522461e+01
   6.7924330e+06   3.7109375e+01
   6.7997260e+06   3.8085938e+01
   6.8033290e+06   3.5461426e+01
   6.8046320e+06   3.7048340e+01
   6.8096330e+06   3.8085938e+01
   6.8197730e+06   3.7048340e+01
   6.8215890e+06   3.4729004e+01
   6.8386010e+06   4.0161133e+01
   6.8636750e+06   3.9611816e+01
   6.8854050e+06   4.0039062e+01
   6.8868190e+06   3.8024902e+01
   6.8937980e+06   4.0527344e+01
   6.9057700e+06   4.2236328e+01
   6.9181430e+06   3.3935547e+01
   6.9625410e+06   3.9489746e+01
   6.9642890e+06   3.4423828e+01
   6.9650180e+06   3.4240723e+01
   7.0130780e+06   3.8513184e+01
   7.0172300e+06   3.5888672e+01
   7.0308770e+06   3.5034180e+01
   7.0389450e+06   3.3874512e+01
   7.0455200e+06   3.4606934e+01
   7.0484700e+06   3.3996582e+01
   7.0530170e+06   3.4179688e+01
   7.0568750e+06   3.4545898e+01
   7.0607290e+06   3.4790039e+01
   7.0635470e+06   3.4973145e+01
   7.0668940e+06   3.7353516e+01
   7.0684420e+06   3.8635254e+01
   7.0720270e+06   3.4484863e+01
   7.0816430e+06   3.5278320e+01
   7.0858590e+06   3.5949707e+01
   7.0893520e+06   3.5522461e+01
   7.1005020e+06   3.8085938e+01
   7.1025080e+06   3.5278320e+01
   7.1157600e+06   3.6682129e+01
   7.1162860e+06   3.8330078e+01
   7.1189440e+06   3.5095215e+01
   7.1244920e+06   3.5644531e+01
   7.1302150e+06   3.4179688e+01
   7.1366690e+06   3.6254883e+01
   7.1442370e+06   3.6010742e+01
   7.1526130e+06   3.8391113e+01
   7.1684960e+06   3.6621094e+01
   7.1737960e+06   3.3935547e+01
   7.1845270e+06   3.5766602e+01
   7.1902060e+06   3.5400391e+01
   7.1989550e+06   3.7963867e+01
   7.2033660e+06   3.4606934e+01
   7.2264580e+06   3.7658691e+01
   7.2416530e+06   3.5522461e+01
   7.2494440e+06   3.5095215e+01
   7.2564660e+06   3.7231445e+01
   7.2638180e+06   3.4973145e+01
   7.2664970e+06   3.5705566e+01
   7.2767610e+06   3.4118652e+01
   7.2875290e+06   3.7597656e+01
   7.2877040e+06   4.1992188e+01
   7.2897390e+06   3.4484863e+01
   7.2917130e+06   3.4362793e+01
   7.2951700e+06   3.9123535e+01
   7.3012940e+06   3.4362793e+01
   7.3090280e+06   3.4545898e+01
   7.3226380e+06   3.6499023e+01
   7.3291650e+06   3.4667969e+01
   7.3347580e+06   3.4301758e+01
   7.3395800e+06   3.9184570e+01
   7.3494170e+06   3.5156250e+01
   7.3519450e+06   3.8085938e+01
   7.3596100e+06   3.7780762e+01
   7.3621940e+06   3.4118652e+01
   7.3832870e+06   3.5095215e+01
   7.3947260e+06   3.6376953e+01
   7.4002700e+06   3.7780762e+01
   7.4058540e+06   3.4301758e+01
   7.4196170e+06   3.7902832e+01
   7.4255750e+06   3.4423828e+01
   7.4276470e+06   3.4545898e+01
   7.4302470e+06   3.3813477e+01
   7.4384320e+06   3.7292480e+01
   7.4434340e+06   3.5888672e+01
   7.4497440e+06   3.7475586e+01
   7.4534990e+06   3.4118652e+01
   7.4641210e+06   3.6071777e+01
   7.4806930e+06   3.7292480e+01
   7.4879210e+06   3.6987305e+01
   7.5013450e+06   3.5461426e+01
   7.5044500e+06   3.3874512e+01
   7.5107520e+06   3.6132812e+01
   7.5144300e+06   3.4851074e+01
   7.5195260e+06   3.8146973e+01
   7.5383200e+06   3.3996582e+01
   7.5393670e+06   3.6743164e+01
   7.5578270e+06   3.8085938e+01
   7.5644590e+06   3.4790039e+01
   7.5648930e+06   3.5339355e+01
   7.5736050e+06   3.7597656e+01
   7.5933810e+06   3.4912109e+01
   7.5967190e+06   3.4423828e+01
   7.6022450e+06   3.4606934e+01
   7.6120610e+06   3.5156250e+01
   7.6147920e+06   3.5827637e+01
   7.6261200e+06   3.7048340e+01
   7.6314790e+06   3.6376953e+01
   7.6396580e+06   3.4606934e+01
   7.6397380e+06   3.4362793e+01
   7.6551530e+06   3.3874512e+01
   7.6591960e+06   3.6865234e+01
   7.6650900e+06   3.6987305e+01
   7.6692560e+06   3.4484863e+01
   7.6751800e+06   3.5095215e+01
   7.6779090e+06   3.4851074e+01
   7.6806550e+06   4.2053223e+01
   7.6832560e+06   3.6254883e+01
   7.6875840e+06   3.4057617e+01
   7.6961700e+06   3.5034180e+01
   7.6988600e+06   4.1503906e+01
   7.7144070e+06   3.4729004e+01
   7.7293060e+06   3.9245605e+01
   7.7378050e+06   4.5104980e+01
   7.7523180e+06   3.4362793e+01
   7.7807480e+06   3.5461426e+01
   7.7877590e+06   3.9978027e+01
   7.7908120e+06   3.5400391e+01
   7.7945120e+06   3.4545898e+01
   7.8020150e+06   3.6499023e+01
   7.8070620e+06   3.5278320e+01
   7.8235650e+06   3.4606934e+01
   7.8316760e+06   3.6987305e+01
   7.8519430e+06   3.8208008e+01
   7.8678920e+06   3.7475586e+01
   7.8739800e+06   3.8574219e+01
   7.8904450e+06   3.4484863e+01
   7.8970800e+06   3.3813477e+01
   7.9110930e+06   3.4362793e+01
   7.9132780e+06   3.3935547e+01
   7.9238860e+06   3.4240723e+01
   7.9280240e+06   3.5217285e+01
   7.9401270e+06   3.7353516e+01
   7.9422620e+06   3.4729004e+01
   7.9532110e+06   3.4423828e+01
   7.9633440e+06   3.6315918e+01
   7.9693310e+06   3.4851074e+01
   7.9704690e+06   3.7292480e+01
   7.9755950e+06   3.4606934e+01
   7.9893540e+06   3.9916992e+01
   8.0045930e+06   3.7963867e+01
   8.0133550e+06   3.5095215e+01
   8.0184420e+06   3.4423828e+01
   8.0247880e+06   3.3996582e+01
   8.0492810e+06   3.5705566e+01
   8.0539550e+06   3.4667969e+01
   8.0605270e+06   3.4851074e+01
   8.0686990e+06   3.7658691e+01
   8.0715420e+06   3.4240723e+01
   8.0767870e+06   3.6621094e+01
   8.0786980e+06   3.4179688e+01
   8.0926980e+06   3.4606934e+01
   8.0970250e+06   3.5705566e+01
   8.0989910e+06   3.6621094e+01
   8.1140470e+06   3.5217285e+01
   8.1168250e+06   3.3996582e+01
   8.1192670e+06   3.6193848e+01
   8.1218980e+06   3.4057617e+01
   8.1290450e+06   3.5278320e+01
   8.1372720e+06   3.7536621e+01
   8.1412120e+06   4.1137695e+01
   8.1450380e+06   3.4423828e+01
   8.1505990e+06   3.7414551e+01
   8.1587970e+06   3.8330078e+01
   8.1611610e+06   3.6926270e+01
   8.1778440e+06   3.8269043e+01
   8.1889750e+06   3.4423828e+01
   8.1917430e+06   3.4057617e+01
   8.1944090e+06   3.5278320e+01
   8.1966780e+06   4.3212891e+01
   8.1971540e+06   3.4851074e+01
   8.2039130e+06   3.7292480e+01
   8.2111790e+06   3.4484863e+01
   8.2123940e+06   3.7231445e+01
   8.2273090e+06   3.3935547e+01
   8.2401470e+06   3.6926270e+01
   8.2432490e+06   3.8330078e+01
   8.2437770e+06   3.5156250e+01
   8.2476460e+06   3.5339355e+01
   8.2490130e+06   3.4973145e+01
   8.2519050e+06   3.5400391e+01
   8.2524900e+06   3.7841797e+01
   8.2640880e+06   3.4729004e+01
   8.2641920e+06   3.7658691e+01
   8.2662930e+06   3.5766602e+01
   8.2692290e+06   3.5827637e+01
   8.2870810e+06   3.9611816e+01
   8.2944650e+06   3.5888672e+01
   8.2994410e+06   3.7475586e+01
   8.3060030e+06   3.4729004e+01
   8.3082740e+06   3.6376953e+01
   8.3135920e+06   3.5827637e+01
   8.3259850e+06   3.4179688e+01
   8.3299340e+06   3.6560059e+01
   8.3311990e+06   3.6376953e+01
   8.3335890e+06   3.6743164e+01
   8.3359490e+06   3.4484863e+01
   8.3474610e+06   3.6315918e+01
   8.3492650e+06   4.0161133e+01
   8.3611170e+06   3.5461426e+01
   8.3677120e+06   3.5278320e+01
   8.3926290e+06   3.8757324e+01
   8.3997720e+06   3.5522461e+01
   8.4031090e+06   3.8818359e+01
   8.4055650e+06   3.8146973e+01
   8.4079710e+06   3.8635254e+01
   8.4083620e+06   3.4057617e+01
   8.4332680e+06   3.9062500e+01
   8.4458520e+06   3.8696289e+01
   8.4636000e+06   3.4606934e+01
   8.4661000e+06   3.6987305e+01
   8.4696990e+06   3.6926270e+01
   8.4728990e+06   3.5156250e+01
   8.4762980e+06   3.8024902e+01
   8.4806400e+06   3.4179688e+01
   8.4806880e+06   3.5034180e+01
   8.4833980e+06   3.8818359e+01
   8.4920090e+06   3.5034180e+01
   8.5029800e+06   3.5644531e+01
   8.5162880e+06   3.9062500e+01
   8.5440000e+06   3.9916992e+01
   8.5532630e+06   3.4912109e+01
   8.5668950e+06   3.6132812e+01
   8.5682410e+06   3.7719727e+01
   8.5731960e+06   3.5400391e+01
   8.5761320e+06   3.5705566e+01
   8.5772450e+06   3.5949707e+01
   8.5891430e+06   3.4790039e+01
   8.5926640e+06   3.5705566e+01
   8.6031350e+06   3.5156250e+01
   8.6111270e+06   3.5644531e+01
   8.6420130e+06   3.5827637e+01
   8.6470460e+06   3.5156250e+01
   8.6514050e+06   3.6010742e+01
   8.6558530e+06   3.7170410e+01
   8.6799980e+06   3.6499023e+01
   8.6807140e+06   3.5522461e+01
   8.6860570e+06   3.6376953e+01
   8.6885600e+06   3.8085938e+01
   8.6888230e+06   3.6621094e+01
   8.7040480e+06   3.6682129e+01
   8.7142640e+06   3.3996582e+01
   8.7166300e+06   4.3945312e+01
   8.7182140e+06   3.4851074e+01
   8.7436450e+06   3.6193848e+01
   8.7578020e+06   3.4179688e+01
   8.7693210e+06   3.3874512e+01
   8.7758650e+06   3.6865234e+01
   8.7821700e+06   3.4179688e+01
   8.7966580e+06   3.4484863e+01
   8.7990940e+06   3.4362793e+01
   8.8016970e+06   3.7292480e+01
   8.8089690e+06   3.9611816e+01
   8.8176540e+06   3.4179688e+01
   8.8227970e+06   3.6926270e+01
   8.8440980e+06   3.7475586e+01
   8.8468420e+06   3.7475586e+01
   8.8490380e+06   3.4362793e+01
   8.8594100e+06   3.3996582e+01
   8.8656230e+06   3.6132812e+01
   8.8694920e+06   3.4240723e+01
   8.8758530e+06   3.6010742e+01
   8.8766140e+06   3.6865234e+01
   8.9148850e+06   3.6132812e+01
   8.9355750e+06   3.6804199e+01
   8.9412300e+06   3.4362793e+01
   8.9480340e+06   3.6376953e+01
   8.9544370e+06   3.8085938e+01
   8.9596220e+06   3.7048340e+01
   8.9648590e+06   3.3996582e+01
   8.9715960e+06   3.6437988e+01
   8.9867510e+06   3.4667969e+01
   8.9936220e+06   3.6865234e+01
