   8.9970000e+06   0.0000000e+00
   8.7149700e+05   6.7443848e+01
   8.7202300e+05   5.6884766e+01
   8.7218800e+05   4.8828125e+01
   8.7232800e+05   5.8105469e+01
   8.7247700e+05   3.6071777e+01
   8.7261700e+05   3.4912109e+01
   8.7281500e+05   3.5034180e+01
   8.7334600e+05   4.4860840e+01
   8.7355500e+05   4.0832520e+01
   8.7383300e+05   3.8574219e+01
   8.7413300e+05   4.5898438e+01
   8.7438400e+05   3.7780762e+01
   8.7469600e+05   4.0588379e+01
   8.7500700e+05   3.6926270e+01
   8.7524300e+05   4.2480469e+01
   8.7577200e+05   3.6132812e+01
   8.7946200e+05   3.6010742e+01
   8.8595900e+05   4.8522949e+01
   8.8633400e+05   4.7363281e+01
   8.8680200e+05   3.7353516e+01
   8.8706800e+05   3.5583496e+01
   8.8738500e+05   3.5766602e+01
   8.8803600e+05   3.5156250e+01
   8.8830600e+05   3.4179688e+01
   8.8899700e+05   3.4790039e+01
   3.1292290e+06   5.1635742e+01
   3.1293600e+06   6.2377930e+01
   3.1294700e+06   3.7658691e+01
   3.1296200e+06   4.9865723e+01
   3.1297590e+06   4.1748047e+01
   3.1298990e+06   4.2236328e+01
   3.1300760e+06   3.4240723e+01
   3.1305340e+06   3.4790039e+01
   3.1307520e+06   4.1564941e+01
   3.1311860e+06   3.7780762e+01
   3.1319010e+06   3.6193848e+01
   3.1321260e+06   4.0588379e+01
   3.1360840e+06   3.4667969e+01
   3.1390630e+06   3.4667969e+01
   3.1425820e+06   3.5522461e+01
   3.1428850e+06   3.6865234e+01
   3.1433190e+06   4.0649414e+01
   3.1438850e+06   3.4301758e+01
   3.1467350e+06   3.5278320e+01
   4.9441030e+06   6.8237305e+01
   4.9444120e+06   6.5856934e+01
   4.9445280e+06   5.3100586e+01
   4.9446450e+06   4.3090820e+01
   4.9449020e+06   3.6071777e+01
   4.9452530e+06   3.6315918e+01
   4.9454650e+06   4.3212891e+01
   4.9457100e+06   4.6936035e+01
   4.9459420e+06   4.3823242e+01
   4.9461710e+06   5.3405762e+01
   4.9465990e+06   3.5705566e+01
   4.9468120e+06   3.4851074e+01
   4.9470180e+06   3.6804199e+01
   4.9472100e+06   3.5217285e+01
   4.9476960e+06   3.4362793e+01
   4.9479270e+06   4.1687012e+01
   4.9483660e+06   3.5095215e+01
   4.9494530e+06   3.4301758e+01
   4.9501970e+06   3.8696289e+01
   4.9514470e+06   3.4729004e+01
   4.9531220e+06   3.6865234e+01
   4.9582000e+06   4.4067383e+01
   4.9584730e+06   4.2236328e+01
   4.9590340e+06   3.4667969e+01
   4.9592640e+06   3.8330078e+01
   4.9597720e+06   3.4484863e+01
   4.9647400e+06   3.5949707e+01
