   8.9970000e+06   0.0000000e+00
   1.4230800e+05   5.6884766e+01
   1.4240500e+05   6.0485840e+01
   1.4242600e+05   5.5419922e+01
   1.4246300e+05   5.5236816e+01
   1.4249300e+05   9.4909668e+01
   1.4252500e+05   6.4697266e+01
   1.4255800e+05   5.8715820e+01
   1.4259400e+05   5.4992676e+01
   1.4271900e+05   7.2937012e+01
   1.4298500e+05   5.0109863e+01
   1.4414500e+05   5.5358887e+01
   1.4504900e+05   5.7128906e+01
   1.4553700e+05   5.2673340e+01
   1.5295300e+05   5.4748535e+01
   1.5323100e+05   5.0048828e+01
   1.5343200e+05   4.9987793e+01
   1.5350800e+05   5.0537109e+01
   1.5382400e+05   5.1757812e+01
   1.5414900e+05   6.3598633e+01
   1.5439000e+05   4.9743652e+01
   1.5471200e+05   5.1757812e+01
   1.5515100e+05   5.3833008e+01
   1.5699000e+05   6.0058594e+01
   1.5756400e+05   5.0109863e+01
   5.4280000e+05   5.4382324e+01
   9.3810100e+05   4.9621582e+01
   1.2537980e+06   5.0659180e+01
   1.2538360e+06   5.9997559e+01
   1.2538890e+06   7.7758789e+01
   1.2539820e+06   5.2001953e+01
   1.2541010e+06   7.5134277e+01
   1.2541690e+06   7.8857422e+01
   1.2542990e+06   5.0964355e+01
   1.2640550e+06   5.5847168e+01
   1.2647060e+06   5.8593750e+01
   1.2649540e+06   7.0251465e+01
   1.2660740e+06   5.4626465e+01
   1.2664000e+06   5.2246094e+01
   1.2664600e+06   5.8105469e+01
   1.2671700e+06   5.0415039e+01
   1.2676610e+06   5.4748535e+01
   1.7689610e+06   5.2612305e+01
   1.9824610e+06   5.0354004e+01
   2.1441030e+06   5.2978516e+01
   2.4178880e+06   5.2978516e+01
   2.5975720e+06   5.8593750e+01
   3.2892140e+06   5.8532715e+01
   3.5771950e+06   5.6701660e+01
   3.5772870e+06   8.4289551e+01
   3.5773700e+06   7.1228027e+01
   3.5774640e+06   5.4199219e+01
   3.5774920e+06   4.9743652e+01
   3.5776440e+06   7.4096680e+01
   3.5776540e+06   5.6518555e+01
   3.5867060e+06   5.9570312e+01
   3.5869690e+06   5.1574707e+01
   3.5869800e+06   5.2368164e+01
   3.5873180e+06   5.5114746e+01
   3.5875580e+06   5.3955078e+01
   3.5880140e+06   5.0781250e+01
   3.5882170e+06   6.4636230e+01
   3.5885010e+06   6.0791016e+01
   3.5891520e+06   4.9743652e+01
   4.2183130e+06   5.1025391e+01
   4.4051210e+06   5.0415039e+01
   4.8341880e+06   5.1757812e+01
   5.4514000e+06   5.4748535e+01
   6.1734180e+06   5.0354004e+01
   6.5119570e+06   4.9499512e+01
   6.6563010e+06   5.4748535e+01
   6.6564400e+06   5.2185059e+01
   6.6565110e+06   5.0048828e+01
   6.6565750e+06   6.6101074e+01
   6.6565940e+06   6.3781738e+01
   6.6566820e+06   6.5307617e+01
   6.6568510e+06   5.4077148e+01
   6.6571550e+06   5.3771973e+01
   6.6573870e+06   5.2612305e+01
   6.6601190e+06   6.3659668e+01
   6.6666680e+06   5.0109863e+01
   6.6670340e+06   4.9926758e+01
   6.6673590e+06   6.2438965e+01
   6.6684160e+06   5.9997559e+01
   6.6693600e+06   5.0598145e+01
   6.6697740e+06   5.2490234e+01
   6.6707120e+06   5.1940918e+01
   6.9793030e+06   6.0668945e+01
   7.2515860e+06   6.8603516e+01
   7.9228140e+06   5.0598145e+01
   7.9723750e+06   5.0292969e+01
   8.7036060e+06   5.1391602e+01
   8.8711980e+06   5.1513672e+01
   8.8713230e+06   5.9509277e+01
   8.8713530e+06   5.4809570e+01
   8.8714420e+06   5.1940918e+01
   8.8715250e+06   5.1147461e+01
   8.8721210e+06   5.5419922e+01
   8.8722860e+06   5.1086426e+01
   8.8827030e+06   5.5419922e+01
   8.8838250e+06   5.9509277e+01
   8.8852570e+06   5.3771973e+01
