   8.9970000e+06   0.0000000e+00
   4.5380000e+03   4.4555664e+01
   1.5540000e+04   4.1076660e+01
   4.9952000e+04   3.8696289e+01
   5.1627000e+04   3.9123535e+01
   8.5696000e+04   3.9306641e+01
   1.2040000e+05   4.0405273e+01
   1.3103100e+05   4.5532227e+01
   1.3186000e+05   4.2785645e+01
   1.3245700e+05   8.0444336e+01
   1.4335800e+05   5.7678223e+01
   1.4341100e+05   4.3640137e+01
   1.4359200e+05   7.9467773e+01
   1.4381300e+05   5.9448242e+01
   1.4389000e+05   1.0382080e+02
   1.4395200e+05   5.0964355e+01
   1.4398800e+05   4.5349121e+01
   1.4400600e+05   6.3720703e+01
   1.4403400e+05   5.3527832e+01
   1.4405100e+05   9.9548340e+01
   1.4406400e+05   5.1208496e+01
   1.4407900e+05   1.0479736e+02
   1.4410900e+05   3.9306641e+01
   1.4413000e+05   5.4504395e+01
   1.4415200e+05   6.2011719e+01
   1.4417100e+05   7.0007324e+01
   1.4419400e+05   6.3720703e+01
   1.4422200e+05   8.6486816e+01
   1.4425200e+05   4.5715332e+01
   1.4427300e+05   9.9426270e+01
   1.4429400e+05   6.2866211e+01
   1.4431600e+05   5.3222656e+01
   1.4434000e+05   5.7250977e+01
   1.4435900e+05   6.3598633e+01
   1.4437000e+05   4.6081543e+01
   1.4439600e+05   9.4360352e+01
   1.4441700e+05   9.3994141e+01
   1.4444700e+05   5.3649902e+01
   1.4446900e+05   4.2907715e+01
   1.4450900e+05   1.2500000e+02
   1.4452300e+05   7.2937012e+01
   1.4455800e+05   7.5256348e+01
   1.4457100e+05   4.8522949e+01
   1.4458100e+05   4.5654297e+01
   1.4460400e+05   5.5480957e+01
   1.4462500e+05   3.9123535e+01
   1.4463500e+05   3.9001465e+01
   1.4465300e+05   4.7668457e+01
   1.4467500e+05   3.8208008e+01
   1.4470100e+05   6.2622070e+01
   1.4473900e+05   5.9814453e+01
   1.4476700e+05   6.1523438e+01
   1.4477900e+05   4.1503906e+01
   1.4480000e+05   4.3334961e+01
   1.4485500e+05   4.4799805e+01
   1.4490800e+05   4.4311523e+01
   1.4492700e+05   6.4270020e+01
   1.4495800e+05   4.0466309e+01
   1.4500900e+05   4.9926758e+01
   1.4504100e+05   4.0649414e+01
   1.4506000e+05   5.4565430e+01
   1.4510100e+05   4.0100098e+01
   1.4511600e+05   6.3049316e+01
   1.4514000e+05   3.8513184e+01
   1.4528100e+05   3.8757324e+01
   1.4532100e+05   4.4860840e+01
   1.4534000e+05   6.5246582e+01
   1.4536500e+05   4.1687012e+01
   1.4547000e+05   5.1147461e+01
   1.4555300e+05   5.2734375e+01
   1.4563800e+05   5.6396484e+01
   1.4566700e+05   4.6386719e+01
   1.4574700e+05   4.3273926e+01
   1.4590500e+05   3.8269043e+01
   1.4604100e+05   4.7363281e+01
   1.4606300e+05   5.3100586e+01
   1.4625800e+05   4.0405273e+01
   1.4637500e+05   5.2368164e+01
   1.4669400e+05   4.1381836e+01
   1.4674700e+05   4.4372559e+01
   1.4703500e+05   4.9133301e+01
   1.4746800e+05   5.6579590e+01
   1.4788500e+05   4.8156738e+01
   1.4862600e+05   3.9672852e+01
   1.5015700e+05   3.9916992e+01
   1.5097400e+05   5.2612305e+01
   1.5429100e+05   5.5114746e+01
   1.5435300e+05   5.8166504e+01
   1.5436900e+05   4.1015625e+01
   1.5448000e+05   3.8452148e+01
   1.5451600e+05   5.4321289e+01
   1.5454900e+05   6.2988281e+01
   1.5457500e+05   7.7209473e+01
   1.5460800e+05   4.7668457e+01
   1.5463500e+05   3.8269043e+01
   1.5467100e+05   7.7209473e+01
   1.5470500e+05   7.0983887e+01
   1.5472600e+05   5.5053711e+01
   1.5473900e+05   4.4433594e+01
   1.5475100e+05   7.2753906e+01
   1.5477000e+05   4.6936035e+01
   1.5479400e+05   7.1533203e+01
   1.5482100e+05   1.0717773e+02
   1.5483500e+05   1.4129639e+02
   1.5487100e+05   9.9304199e+01
   1.5490000e+05   4.8339844e+01
   1.5491800e+05   6.5856934e+01
   1.5494600e+05   4.8583984e+01
   1.5497100e+05   5.8349609e+01
   1.5500700e+05   4.3518066e+01
   1.5502100e+05   5.8532715e+01
   1.5505500e+05   6.2805176e+01
   1.5507700e+05   6.9763184e+01
   1.5510400e+05   5.4260254e+01
   1.5512200e+05   4.6447754e+01
   1.5514400e+05   4.3090820e+01
   1.5517800e+05   1.0180664e+02
   1.5519500e+05   4.5593262e+01
   1.5521500e+05   6.9152832e+01
   1.5524800e+05   3.8696289e+01
   1.5527400e+05   3.9550781e+01
   1.5530500e+05   6.5307617e+01
   1.5532400e+05   3.8757324e+01
   1.5537400e+05   5.3894043e+01
   1.5540600e+05   7.2631836e+01
   1.5543800e+05   5.2185059e+01
   1.5545300e+05   4.1076660e+01
   1.5547600e+05   1.1718750e+02
   1.5549900e+05   5.7556152e+01
   1.5551600e+05   4.6386719e+01
   1.5556200e+05   4.3457031e+01
   1.5559100e+05   6.6650391e+01
   1.5561600e+05   4.3273926e+01
   1.5566000e+05   4.7607422e+01
   1.5570200e+05   4.0344238e+01
   1.5571900e+05   5.3649902e+01
   1.5576900e+05   4.3823242e+01
   1.5580200e+05   6.6955566e+01
   1.5584900e+05   3.9001465e+01
   1.5589300e+05   6.4392090e+01
   1.5591600e+05   9.1125488e+01
   1.5594200e+05   4.6264648e+01
   1.5598100e+05   5.9814453e+01
   1.5600400e+05   4.0771484e+01
   1.5604500e+05   3.8757324e+01
   1.5606800e+05   6.5063477e+01
   1.5615800e+05   5.8044434e+01
   1.5619000e+05   1.1901855e+02
   1.5622800e+05   6.5551758e+01
   1.5630700e+05   6.6284180e+01
   1.5639200e+05   4.8583984e+01
   1.5644900e+05   4.3395996e+01
   1.5646200e+05   4.0466309e+01
   1.5649400e+05   4.0283203e+01
   1.5650600e+05   3.8696289e+01
   1.5652800e+05   4.4616699e+01
   1.5654200e+05   3.9978027e+01
   1.5656800e+05   4.5104980e+01
   1.5658300e+05   5.5358887e+01
   1.5662300e+05   5.2734375e+01
   1.5666600e+05   7.3547363e+01
   1.5680100e+05   4.3090820e+01
   1.5686800e+05   4.1259766e+01
   1.5689500e+05   3.9306641e+01
   1.5699500e+05   5.0720215e+01
   1.5715600e+05   4.0832520e+01
   1.5722000e+05   4.0527344e+01
   1.5730600e+05   4.2541504e+01
   1.5738700e+05   4.6813965e+01
   1.5744200e+05   4.2663574e+01
   1.5768500e+05   5.6396484e+01
   1.5772300e+05   3.8452148e+01
   1.5774400e+05   3.8452148e+01
   1.5776800e+05   4.2541504e+01
   1.5786900e+05   4.4067383e+01
   1.5799600e+05   4.7851562e+01
   1.5846600e+05   4.0039062e+01
   1.5856700e+05   4.0588379e+01
   1.5880500e+05   3.9245605e+01
   1.5889700e+05   3.9916992e+01
   1.5917600e+05   4.0100098e+01
   1.5958300e+05   3.8940430e+01
   1.6044300e+05   4.5471191e+01
   1.6085700e+05   4.0161133e+01
   1.6142700e+05   4.2053223e+01
   1.6171000e+05   4.6325684e+01
   1.6182400e+05   6.1645508e+01
   1.6212500e+05   4.0222168e+01
   1.6240200e+05   6.7871094e+01
   1.6248000e+05   4.9499512e+01
   1.6253000e+05   4.9499512e+01
   1.6256100e+05   4.2419434e+01
   1.6273800e+05   8.5815430e+01
   1.6278500e+05   5.1147461e+01
   1.6290900e+05   4.7485352e+01
   1.6293400e+05   4.2541504e+01
   1.6297800e+05   3.9184570e+01
   1.6299000e+05   7.1044922e+01
   1.6302000e+05   6.8054199e+01
   1.6306300e+05   4.4189453e+01
   1.6308800e+05   8.2580566e+01
   1.6310400e+05   5.5053711e+01
   1.6311700e+05   4.4128418e+01
   1.6321700e+05   6.1889648e+01
   1.6326100e+05   5.2917480e+01
   1.6327200e+05   5.0292969e+01
   1.6332000e+05   5.3955078e+01
   1.6333400e+05   6.4147949e+01
   1.6336200e+05   5.6518555e+01
   1.6339700e+05   4.7851562e+01
   1.6345800e+05   8.7707520e+01
   1.6346800e+05   5.6091309e+01
   1.6350300e+05   1.0223389e+02
   1.6351600e+05   6.1645508e+01
   1.6361800e+05   3.8757324e+01
   1.6364300e+05   6.5185547e+01
   1.6370800e+05   5.6213379e+01
   1.6373300e+05   5.1879883e+01
   1.6374700e+05   5.7983398e+01
   1.6377600e+05   8.1726074e+01
   1.6380100e+05   5.6152344e+01
   1.6388700e+05   4.2846680e+01
   1.6390300e+05   6.0791016e+01
   1.6393200e+05   5.3588867e+01
   1.6397000e+05   6.5490723e+01
   1.6399300e+05   4.6142578e+01
   1.6402700e+05   8.7646484e+01
   1.6403700e+05   6.1401367e+01
   1.6406600e+05   3.9306641e+01
   1.6410000e+05   4.8950195e+01
   1.6415100e+05   4.2968750e+01
   1.6420400e+05   6.3964844e+01
   1.6424300e+05   3.9916992e+01
   1.6427300e+05   5.8288574e+01
   1.6430000e+05   6.6772461e+01
   1.6431500e+05   5.7800293e+01
   1.6436000e+05   5.5175781e+01
   1.6437200e+05   5.0842285e+01
   1.6440600e+05   4.2602539e+01
   1.6454100e+05   6.6650391e+01
   1.6455900e+05   4.9804688e+01
   1.6463000e+05   4.2480469e+01
   1.6464800e+05   6.7321777e+01
   1.6467700e+05   3.9550781e+01
   1.6469600e+05   4.5410156e+01
   1.6475900e+05   4.5532227e+01
   1.6479400e+05   4.5288086e+01
   1.6480400e+05   4.4982910e+01
   1.6482100e+05   5.3405762e+01
   1.6485300e+05   4.4616699e+01
   1.6489100e+05   5.2368164e+01
   1.6497100e+05   6.5429688e+01
   1.6499400e+05   5.6701660e+01
   1.6501600e+05   5.1086426e+01
   1.6510300e+05   3.9733887e+01
   1.6520400e+05   4.1137695e+01
   1.6521800e+05   4.3090820e+01
   1.6527800e+05   5.0842285e+01
   1.6534700e+05   4.6569824e+01
   1.6538000e+05   5.6640625e+01
   1.6547300e+05   4.8889160e+01
   1.6554800e+05   8.4960938e+01
   1.6558900e+05   4.0344238e+01
   1.6561500e+05   4.6142578e+01
   1.6564500e+05   4.9438477e+01
   1.6567200e+05   3.9306641e+01
   1.6595800e+05   4.4006348e+01
   1.6597700e+05   7.8430176e+01
   1.6600900e+05   4.5837402e+01
   1.6605600e+05   3.8818359e+01
   1.6614200e+05   3.9001465e+01
   1.6621700e+05   4.0527344e+01
   1.6626400e+05   4.2419434e+01
   1.6641400e+05   5.3039551e+01
   1.6649600e+05   4.1809082e+01
   1.6654300e+05   4.0039062e+01
   1.6656000e+05   6.0119629e+01
   1.6658100e+05   4.4677734e+01
   1.6683000e+05   3.8513184e+01
   1.6690500e+05   5.7983398e+01
   1.6700300e+05   7.0800781e+01
   1.6702000e+05   4.5349121e+01
   1.6711000e+05   4.2114258e+01
   1.6723300e+05   7.1044922e+01
   1.6739200e+05   3.9184570e+01
   1.6749300e+05   5.1269531e+01
   1.6751300e+05   3.9672852e+01
   1.6752900e+05   6.4819336e+01
   1.6755400e+05   5.4809570e+01
   1.6762900e+05   4.6447754e+01
   1.6779900e+05   5.4199219e+01
   1.6783400e+05   4.3029785e+01
   1.6801200e+05   3.8269043e+01
   1.6810800e+05   4.4921875e+01
   1.6819000e+05   6.5673828e+01
   1.6820800e+05   4.3212891e+01
   1.6830700e+05   6.5734863e+01
   1.6836500e+05   5.2856445e+01
   1.6839700e+05   5.5969238e+01
   1.6848700e+05   4.4982910e+01
   1.6855000e+05   3.8635254e+01
   1.6860400e+05   5.0170898e+01
   1.6866500e+05   4.5593262e+01
   1.6867800e+05   4.4311523e+01
   1.6886700e+05   3.9916992e+01
   1.6895200e+05   4.2358398e+01
   1.6900100e+05   5.5480957e+01
   1.6902800e+05   4.8461914e+01
   1.6908600e+05   6.4636230e+01
   1.6933900e+05   8.4533691e+01
   1.6938700e+05   4.1992188e+01
   1.6941800e+05   3.9062500e+01
   1.6959300e+05   5.3894043e+01
   1.6970500e+05   3.9428711e+01
   1.6976400e+05   4.3762207e+01
   1.6980500e+05   3.9245605e+01
   1.6982500e+05   4.2358398e+01
   1.6987800e+05   3.9916992e+01
   1.6991100e+05   4.7363281e+01
   1.7022200e+05   5.8898926e+01
   1.7026400e+05   4.3395996e+01
   1.7035400e+05   7.2570801e+01
   1.7048600e+05   3.9062500e+01
   1.7053200e+05   4.9133301e+01
   1.7056500e+05   5.9753418e+01
   1.7062000e+05   4.1076660e+01
   1.7073200e+05   8.8989258e+01
   1.7091900e+05   4.6386719e+01
   1.7095100e+05   3.8696289e+01
   1.7104600e+05   5.7861328e+01
   1.7111900e+05   5.1513672e+01
   1.7122200e+05   4.1503906e+01
   1.7136900e+05   6.5551758e+01
   1.7139300e+05   5.5114746e+01
   1.7145200e+05   5.5175781e+01
   1.7149800e+05   4.0588379e+01
   1.7217200e+05   4.2358398e+01
   1.7225300e+05   3.9001465e+01
   1.7229100e+05   4.1259766e+01
   1.7231800e+05   4.9316406e+01
   1.7238100e+05   6.2622070e+01
   1.7239600e+05   4.1809082e+01
   1.7243100e+05   4.1503906e+01
   1.7289300e+05   4.1931152e+01
   1.7344100e+05   4.5349121e+01
   2.1195700e+05   7.2875977e+01
   2.1454700e+05   4.7424316e+01
   2.5254600e+05   5.8776855e+01
   2.5728400e+05   6.4453125e+01
   2.7410300e+05   5.5053711e+01
   3.0702300e+05   3.9001465e+01
   3.1641900e+05   6.7565918e+01
   3.2231200e+05   3.8818359e+01
   3.3387800e+05   6.0485840e+01
   3.8567100e+05   3.8452148e+01
   3.9384600e+05   4.3212891e+01
   4.2516500e+05   3.8757324e+01
   4.7281000e+05   3.8391113e+01
   5.1763700e+05   6.4147949e+01
   5.2993600e+05   3.8696289e+01
   5.3015300e+05   4.4189453e+01
   5.3084900e+05   3.8574219e+01
   5.3088400e+05   4.5837402e+01
   5.3137200e+05   6.7138672e+01
   5.3163700e+05   6.4025879e+01
   5.6566000e+05   6.6284180e+01
   6.2674600e+05   4.0649414e+01
   6.2684700e+05   7.7026367e+01
   6.3584600e+05   4.7119141e+01
   6.6650300e+05   4.0588379e+01
   6.6665900e+05   6.5429688e+01
   7.8025800e+05   3.9428711e+01
   7.8086200e+05   8.4960937e+01
   7.8167900e+05   3.8940430e+01
   8.2282500e+05   4.6875000e+01
   8.2350900e+05   8.1848145e+01
   8.6544700e+05   3.9306641e+01
   8.9168100e+05   3.8452148e+01
   9.3291900e+05   3.9428711e+01
   9.3773600e+05   4.3273926e+01
   9.8213300e+05   4.0222168e+01
   1.0188260e+06   3.9306641e+01
   1.0247800e+06   8.1970215e+01
   1.0459920e+06   5.9020996e+01
   1.0663330e+06   4.0466309e+01
   1.0825840e+06   3.9978027e+01
   1.0836740e+06   4.6813965e+01
   1.0844200e+06   7.7758789e+01
   1.0845800e+06   6.5185547e+01
   1.0846710e+06   4.0710449e+01
   1.0847000e+06   6.7932129e+01
   1.0847530e+06   1.0717773e+02
   1.0847880e+06   6.5673828e+01
   1.0848250e+06   7.5256348e+01
   1.0848520e+06   8.2214355e+01
   1.0848750e+06   1.0546875e+02
   1.0848950e+06   7.4340820e+01
   1.0849230e+06   9.2407227e+01
   1.0849360e+06   1.0101318e+02
   1.0849630e+06   9.2346191e+01
   1.0849860e+06   6.1889648e+01
   1.0850230e+06   7.8552246e+01
   1.0850470e+06   4.1687012e+01
   1.0850680e+06   5.7861328e+01
   1.0850990e+06   5.2856445e+01
   1.0851160e+06   1.1328125e+02
   1.0851440e+06   8.7158203e+01
   1.0851540e+06   4.9926758e+01
   1.0851710e+06   4.9194336e+01
   1.0851910e+06   4.7485352e+01
   1.0852160e+06   6.5979004e+01
   1.0852310e+06   3.9794922e+01
   1.0852720e+06   5.9509277e+01
   1.0852910e+06   6.6223145e+01
   1.0853040e+06   3.9794922e+01
   1.0853290e+06   5.0659180e+01
   1.0853570e+06   5.6152344e+01
   1.0853790e+06   5.8105469e+01
   1.0854140e+06   6.7199707e+01
   1.0854240e+06   5.4992676e+01
   1.0854400e+06   4.3579102e+01
   1.0854800e+06   4.1381836e+01
   1.0855040e+06   4.5715332e+01
   1.0855340e+06   4.2663574e+01
   1.0855760e+06   6.0241699e+01
   1.0855970e+06   4.2358398e+01
   1.0856090e+06   4.6630859e+01
   1.0856760e+06   5.5175781e+01
   1.0857240e+06   9.5092773e+01
   1.0857580e+06   5.4992676e+01
   1.0857800e+06   4.3273926e+01
   1.0858200e+06   3.9978027e+01
   1.0858740e+06   4.7485352e+01
   1.0859040e+06   5.4565430e+01
   1.0860150e+06   4.0832520e+01
   1.0861860e+06   4.2297363e+01
   1.0862440e+06   3.9916992e+01
   1.0862600e+06   5.2673340e+01
   1.0863210e+06   7.7880859e+01
   1.0863820e+06   3.9611816e+01
   1.0864290e+06   3.8879395e+01
   1.0864660e+06   4.0832520e+01
   1.0865840e+06   4.0954590e+01
   1.0867470e+06   4.1687012e+01
   1.0868040e+06   4.0954590e+01
   1.0871340e+06   4.1748047e+01
   1.0872550e+06   4.0527344e+01
   1.0874510e+06   4.0222168e+01
   1.0878050e+06   4.1015625e+01
   1.0950990e+06   6.6772461e+01
   1.0952600e+06   5.5786133e+01
   1.0957890e+06   5.6335449e+01
   1.0963870e+06   6.3659668e+01
   1.0968260e+06   7.7209473e+01
   1.0968880e+06   6.1584473e+01
   1.0969320e+06   5.9570312e+01
   1.0969820e+06   1.1126709e+02
   1.0970180e+06   5.0048828e+01
   1.0970470e+06   4.2846680e+01
   1.0970580e+06   4.6691895e+01
   1.0970890e+06   5.8776855e+01
   1.0971310e+06   1.2823486e+02
   1.0971630e+06   6.8725586e+01
   1.0971820e+06   6.9274902e+01
   1.0971920e+06   1.0455322e+02
   1.0972180e+06   6.4331055e+01
   1.0972420e+06   6.2316895e+01
   1.0972580e+06   6.4392090e+01
   1.0972730e+06   4.9133301e+01
   1.0972910e+06   6.9946289e+01
   1.0973200e+06   5.8715820e+01
   1.0973410e+06   5.5541992e+01
   1.0973600e+06   5.4626465e+01
   1.0973830e+06   4.1076660e+01
   1.0974050e+06   5.7434082e+01
   1.0974210e+06   1.1083984e+02
   1.0974640e+06   5.6030273e+01
   1.0974860e+06   6.4880371e+01
   1.0975190e+06   5.9631348e+01
   1.0975380e+06   4.2114258e+01
   1.0975600e+06   7.3669434e+01
   1.0975960e+06   5.5725098e+01
   1.0976090e+06   4.5288086e+01
   1.0976210e+06   6.8664551e+01
   1.0976610e+06   8.8012695e+01
   1.0976770e+06   5.1391602e+01
   1.0977200e+06   7.0312500e+01
   1.0977440e+06   5.6396484e+01
   1.0977750e+06   4.3151855e+01
   1.0978020e+06   5.2307129e+01
   1.0978330e+06   6.9641113e+01
   1.0978430e+06   5.2001953e+01
   1.0978720e+06   4.9743652e+01
   1.0979110e+06   4.5776367e+01
   1.0979240e+06   4.1442871e+01
   1.0979430e+06   5.8349609e+01
   1.0979830e+06   7.5500488e+01
   1.0979970e+06   4.3457031e+01
   1.0980250e+06   6.3171387e+01
   1.0980370e+06   4.1198730e+01
   1.0980780e+06   4.5166016e+01
   1.0981190e+06   6.6650391e+01
   1.0981470e+06   6.8115234e+01
   1.0982090e+06   4.3212891e+01
   1.0982230e+06   5.0170898e+01
   1.0982460e+06   5.2307129e+01
   1.0982710e+06   6.8725586e+01
   1.0983010e+06   4.5532227e+01
   1.0983370e+06   4.9011230e+01
   1.0983800e+06   5.5114746e+01
   1.0984120e+06   4.6752930e+01
   1.0984500e+06   7.5012207e+01
   1.0984960e+06   4.4128418e+01
   1.0985360e+06   4.1320801e+01
   1.0985590e+06   5.3527832e+01
   1.0985920e+06   3.9550781e+01
   1.0986470e+06   4.3334961e+01
   1.0987000e+06   4.7363281e+01
   1.0987560e+06   4.9011230e+01
   1.0987660e+06   4.9804688e+01
   1.0988090e+06   5.2124023e+01
   1.0988310e+06   4.3090820e+01
   1.0989500e+06   4.2419434e+01
   1.0990950e+06   9.9548340e+01
   1.0991250e+06   5.6884766e+01
   1.0992820e+06   4.4738770e+01
   1.0992930e+06   4.0832520e+01
   1.0993240e+06   3.8452148e+01
   1.0994090e+06   4.7912598e+01
   1.0995120e+06   5.7800293e+01
   1.0995480e+06   4.6569824e+01
   1.0996620e+06   4.6875000e+01
   1.0996950e+06   3.8879395e+01
   1.0997710e+06   4.7668457e+01
   1.0998290e+06   5.0842285e+01
   1.1000060e+06   4.6142578e+01
   1.1000760e+06   4.0405273e+01
   1.1001390e+06   3.9550781e+01
   1.1004120e+06   3.9123535e+01
   1.1008110e+06   3.9672852e+01
   1.1011710e+06   4.6020508e+01
   1.1015150e+06   3.9733887e+01
   1.1019590e+06   4.2114258e+01
   1.1033150e+06   4.1076660e+01
   1.1043960e+06   4.5471191e+01
   1.1049340e+06   3.9001465e+01
   1.1056020e+06   4.6203613e+01
   1.1063330e+06   4.6508789e+01
   1.1148420e+06   6.6589355e+01
   1.1238860e+06   5.8288574e+01
   1.1268970e+06   7.6110840e+01
   1.1308660e+06   5.9692383e+01
   1.1347390e+06   6.1950684e+01
   1.1426790e+06   6.2194824e+01
   1.1486880e+06   6.2133789e+01
   1.1538750e+06   5.3283691e+01
   1.1550390e+06   3.8696289e+01
   1.1565310e+06   6.3659668e+01
   1.1653970e+06   6.3354492e+01
   1.1661360e+06   3.8513184e+01
   1.1724800e+06   6.8054199e+01
   1.1728010e+06   8.2519531e+01
   1.1757560e+06   6.4025879e+01
   1.1952760e+06   4.4433594e+01
   1.2145190e+06   5.4138184e+01
   1.2206160e+06   5.7189941e+01
   1.2267650e+06   7.1166992e+01
   1.2295030e+06   6.9519043e+01
   1.2300090e+06   3.9550781e+01
   1.2300860e+06   6.7749023e+01
   1.2533180e+06   4.3579102e+01
   1.2546830e+06   7.1655273e+01
   1.2547060e+06   7.5988770e+01
   1.2547490e+06   4.3518066e+01
   1.2547630e+06   5.6945801e+01
   1.2548030e+06   4.1198730e+01
   1.2548520e+06   1.1120605e+02
   1.2549320e+06   3.8818359e+01
   1.2549490e+06   4.5227051e+01
   1.2549840e+06   8.8439941e+01
   1.2549950e+06   7.7026367e+01
   1.2550440e+06   1.0064697e+02
   1.2550660e+06   5.1391602e+01
   1.2550820e+06   7.9956055e+01
   1.2550990e+06   1.4123535e+02
   1.2551150e+06   7.8308105e+01
   1.2551390e+06   5.3710938e+01
   1.2551570e+06   1.0125732e+02
   1.2551830e+06   7.6660156e+01
   1.2551950e+06   4.2297363e+01
   1.2552400e+06   9.8022461e+01
   1.2552610e+06   4.7973633e+01
   1.2552930e+06   9.4482422e+01
   1.2553100e+06   7.5561523e+01
   1.2553300e+06   5.9997559e+01
   1.2553530e+06   9.9304199e+01
   1.2553990e+06   1.1419678e+02
   1.2554210e+06   4.1137695e+01
   1.2554720e+06   5.5908203e+01
   1.2554980e+06   1.1560059e+02
   1.2555290e+06   6.9641113e+01
   1.2555540e+06   4.7668457e+01
   1.2555890e+06   4.1259766e+01
   1.2556230e+06   9.5947266e+01
   1.2556430e+06   7.5500488e+01
   1.2556740e+06   3.9978027e+01
   1.2557040e+06   4.7668457e+01
   1.2557350e+06   6.8847656e+01
   1.2557560e+06   5.5053711e+01
   1.2557700e+06   6.2072754e+01
   1.2558040e+06   6.6955566e+01
   1.2558160e+06   4.5776367e+01
   1.2558520e+06   4.7058105e+01
   1.2558770e+06   5.4199219e+01
   1.2558880e+06   4.5349121e+01
   1.2559250e+06   3.9062500e+01
   1.2559430e+06   4.4372559e+01
   1.2559740e+06   4.6142578e+01
   1.2559840e+06   3.9855957e+01
   1.2560180e+06   4.4799805e+01
   1.2560420e+06   5.2795410e+01
   1.2561200e+06   4.8217773e+01
   1.2561300e+06   5.3710938e+01
   1.2561600e+06   1.0577393e+02
   1.2561740e+06   5.4626465e+01
   1.2561970e+06   6.7382813e+01
   1.2562320e+06   4.4250488e+01
   1.2562620e+06   3.8818359e+01
   1.2563240e+06   6.1523438e+01
   1.2563630e+06   4.2175293e+01
   1.2564050e+06   3.9916992e+01
   1.2564810e+06   4.0100098e+01
   1.2565060e+06   4.4250488e+01
   1.2565390e+06   6.7871094e+01
   1.2565900e+06   4.0344238e+01
   1.2567520e+06   3.8208008e+01
   1.2567870e+06   4.4372559e+01
   1.2568440e+06   5.0476074e+01
   1.2568770e+06   4.1870117e+01
   1.2570040e+06   3.8757324e+01
   1.2571060e+06   4.1015625e+01
   1.2571480e+06   3.8574219e+01
   1.2572080e+06   6.2194824e+01
   1.2572790e+06   4.9133301e+01
   1.2574180e+06   4.0283203e+01
   1.2576070e+06   4.6386719e+01
   1.2579720e+06   4.2480469e+01
   1.2583660e+06   4.1320801e+01
   1.2588810e+06   4.6997070e+01
   1.2593090e+06   4.2602539e+01
   1.2597990e+06   4.4372559e+01
   1.2651690e+06   5.8288574e+01
   1.2676430e+06   4.0710449e+01
   1.2676860e+06   4.0344238e+01
   1.2680780e+06   4.9194336e+01
   1.2710370e+06   3.8635254e+01
   1.2718740e+06   6.4697266e+01
   1.2720440e+06   4.5288086e+01
   1.2725580e+06   4.7241211e+01
   1.2730960e+06   5.2307129e+01
   1.3006970e+06   7.4951172e+01
   1.3102110e+06   3.8330078e+01
   1.3169390e+06   6.2927246e+01
   1.3273500e+06   4.0954590e+01
   1.3276710e+06   5.8715820e+01
   1.3286680e+06   6.8725586e+01
   1.3651270e+06   7.0861816e+01
   1.3789630e+06   4.1503906e+01
   1.3806360e+06   3.8818359e+01
   1.3957100e+06   6.0180664e+01
   1.3959880e+06   4.1259766e+01
   1.3960670e+06   3.8269043e+01
   1.3962910e+06   8.2641602e+01
   1.4197130e+06   4.0222168e+01
   1.5733130e+06   4.1564941e+01
   1.5969830e+06   4.2480469e+01
   1.5972740e+06   6.4758301e+01
   1.6360070e+06   4.1198730e+01
   1.6657540e+06   6.0485840e+01
   1.6659430e+06   6.6528320e+01
   1.6660090e+06   4.4189453e+01
   1.6661170e+06   4.4067383e+01
   1.6661620e+06   7.2753906e+01
   1.6661870e+06   9.8205566e+01
   1.6662100e+06   4.6386719e+01
   1.6662900e+06   3.8391113e+01
   1.6663320e+06   6.1523438e+01
   1.6664830e+06   4.9072266e+01
   1.6665080e+06   4.7851562e+01
   1.6665180e+06   8.0444336e+01
   1.6665390e+06   1.1431885e+02
   1.6665620e+06   1.3098145e+02
   1.6665910e+06   1.5722656e+02
   1.6666150e+06   8.9843750e+01
   1.6666300e+06   5.9143066e+01
   1.6666510e+06   5.8715820e+01
   1.6666740e+06   9.3872070e+01
   1.6666870e+06   6.3293457e+01
   1.6667100e+06   4.5043945e+01
   1.6667420e+06   4.6813965e+01
   1.6667690e+06   1.2481689e+02
   1.6667880e+06   5.0842285e+01
   1.6667980e+06   5.3588867e+01
   1.6668150e+06   8.4594727e+01
   1.6668420e+06   9.2102051e+01
   1.6668640e+06   5.6579590e+01
   1.6668950e+06   4.0588379e+01
   1.6669070e+06   6.8603516e+01
   1.6669450e+06   1.1798096e+02
   1.6669660e+06   4.3457031e+01
   1.6669810e+06   5.6579590e+01
   1.6670030e+06   6.7932129e+01
   1.6670350e+06   4.1931152e+01
   1.6670560e+06   4.5410156e+01
   1.6670710e+06   4.8217773e+01
   1.6671360e+06   1.2823486e+02
   1.6671570e+06   7.4584961e+01
   1.6671770e+06   5.1818848e+01
   1.6671970e+06   4.4799805e+01
   1.6672530e+06   7.0861816e+01
   1.6672630e+06   4.3640137e+01
   1.6673030e+06   5.5603027e+01
   1.6673270e+06   1.1633301e+02
   1.6673540e+06   4.6264648e+01
   1.6673720e+06   4.2297363e+01
   1.6674680e+06   4.8828125e+01
   1.6674920e+06   4.2907715e+01
   1.6675080e+06   8.8012695e+01
   1.6676160e+06   5.0231934e+01
   1.6676290e+06   4.4189453e+01
   1.6676600e+06   4.2114258e+01
   1.6677370e+06   5.0354004e+01
   1.6678660e+06   4.2053223e+01
   1.6679420e+06   5.9631348e+01
   1.6679710e+06   4.7058105e+01
   1.6680020e+06   4.9133301e+01
   1.6680170e+06   4.4921875e+01
   1.6682340e+06   5.6762695e+01
   1.6682610e+06   7.8918457e+01
   1.6682890e+06   4.6813965e+01
   1.6685280e+06   5.1879883e+01
   1.6687560e+06   4.9377441e+01
   1.6691770e+06   4.0405273e+01
   1.6692410e+06   5.0231934e+01
   1.6696630e+06   4.7058105e+01
   1.6773390e+06   6.0058594e+01
   1.6793760e+06   4.7302246e+01
   1.6800720e+06   6.6589355e+01
   1.6803200e+06   4.2602539e+01
   1.6807680e+06   4.2297363e+01
   1.6808510e+06   5.8715820e+01
   1.6810020e+06   5.7800293e+01
   1.6813160e+06   5.9631348e+01
   1.6813430e+06   5.9387207e+01
   1.6813990e+06   1.4343262e+02
   1.6814270e+06   6.8725586e+01
   1.6814380e+06   4.1320801e+01
   1.6814570e+06   4.2907715e+01
   1.6814820e+06   4.0466309e+01
   1.6815390e+06   5.6518555e+01
   1.6815870e+06   5.3039551e+01
   1.6816130e+06   4.2724609e+01
   1.6816430e+06   1.0906982e+02
   1.6816870e+06   7.8796387e+01
   1.6817310e+06   1.5789795e+02
   1.6817490e+06   7.5988770e+01
   1.6817810e+06   9.3078613e+01
   1.6817910e+06   4.1320801e+01
   1.6818220e+06   7.7941895e+01
   1.6818430e+06   5.1879883e+01
   1.6818680e+06   4.5471191e+01
   1.6819040e+06   4.1809082e+01
   1.6819340e+06   4.2114258e+01
   1.6819650e+06   1.5063477e+02
   1.6820020e+06   5.5175781e+01
   1.6820130e+06   8.5632324e+01
   1.6820510e+06   5.7739258e+01
   1.6820680e+06   4.9743652e+01
   1.6820860e+06   7.0800781e+01
   1.6821080e+06   4.0161133e+01
   1.6821430e+06   4.1992188e+01
   1.6821790e+06   5.2856445e+01
   1.6821970e+06   4.2053223e+01
   1.6822160e+06   4.1198730e+01
   1.6822500e+06   3.8208008e+01
   1.6822890e+06   4.4860840e+01
   1.6823180e+06   5.7800293e+01
   1.6823380e+06   9.6374512e+01
   1.6823620e+06   6.0913086e+01
   1.6823840e+06   4.4250488e+01
   1.6823940e+06   3.9062500e+01
   1.6824070e+06   4.4494629e+01
   1.6824230e+06   4.1015625e+01
   1.6824430e+06   5.2612305e+01
   1.6824570e+06   4.1931152e+01
   1.6825010e+06   3.9123535e+01
   1.6825190e+06   4.9621582e+01
   1.6825510e+06   1.0443115e+02
   1.6825700e+06   4.2541504e+01
   1.6826050e+06   4.9865723e+01
   1.6826700e+06   4.2114258e+01
   1.6827020e+06   3.9489746e+01
   1.6827240e+06   4.3762207e+01
   1.6827340e+06   4.4311523e+01
   1.6827580e+06   4.7424316e+01
   1.6827840e+06   4.3945312e+01
   1.6828110e+06   6.9641113e+01
   1.6828230e+06   4.7424316e+01
   1.6828430e+06   4.5166016e+01
   1.6828610e+06   4.5654297e+01
   1.6828910e+06   7.6232910e+01
   1.6829240e+06   4.6691895e+01
   1.6829740e+06   5.4870605e+01
   1.6830530e+06   3.9794922e+01
   1.6830830e+06   5.4443359e+01
   1.6831390e+06   4.3579102e+01
   1.6831510e+06   4.2602539e+01
   1.6832430e+06   4.1687012e+01
   1.6833060e+06   4.5166016e+01
   1.6833230e+06   8.0627441e+01
   1.6834040e+06   5.4016113e+01
   1.6834460e+06   4.0771484e+01
   1.6834980e+06   4.2114258e+01
   1.6835490e+06   6.6711426e+01
   1.6836070e+06   5.4565430e+01
   1.6837520e+06   4.9011230e+01
   1.6838260e+06   7.7697754e+01
   1.6839740e+06   4.7790527e+01
   1.6841340e+06   6.7565918e+01
   1.6841780e+06   7.1472168e+01
   1.6842160e+06   3.8757324e+01
   1.6843750e+06   4.4128418e+01
   1.6844550e+06   6.2927246e+01
   1.6844650e+06   4.5776367e+01
   1.6847320e+06   4.2785645e+01
   1.6850440e+06   5.3100586e+01
   1.6854640e+06   7.0129395e+01
   1.6855850e+06   4.0161133e+01
   1.6859110e+06   7.6538086e+01
   1.6859420e+06   4.1625977e+01
   1.6867500e+06   4.4128418e+01
   1.6872230e+06   4.4738770e+01
   1.6877210e+06   4.1809082e+01
   1.6883380e+06   5.3466797e+01
   1.6889480e+06   5.1452637e+01
   1.7083250e+06   6.5795898e+01
   1.7139190e+06   6.5795898e+01
   1.7258510e+06   6.9641113e+01
   1.7271670e+06   5.6640625e+01
   1.7354430e+06   6.8176270e+01
   1.7359970e+06   3.8879395e+01
   1.7371320e+06   4.1748047e+01
   1.7383340e+06   3.9611816e+01
   1.7441900e+06   6.5368652e+01
   1.7575040e+06   6.2866211e+01
   1.7590740e+06   6.7504883e+01
   1.7680770e+06   5.7434082e+01
   1.7796990e+06   7.7392578e+01
   1.7842300e+06   5.3222656e+01
   1.7849260e+06   7.6049805e+01
   1.8074160e+06   6.8908691e+01
   1.8309020e+06   8.4106445e+01
   1.8370670e+06   5.5908203e+01
   1.8457520e+06   7.4829102e+01
   1.8882560e+06   4.2602539e+01
   1.9029040e+06   4.2053223e+01
   1.9031840e+06   7.1228027e+01
   1.9118080e+06   3.8208008e+01
   2.0175230e+06   4.2968750e+01
   2.0194040e+06   3.8696289e+01
   2.0693360e+06   3.8330078e+01
   2.1223780e+06   3.8269043e+01
   2.1351130e+06   4.1992188e+01
   2.1373520e+06   3.8513184e+01
   2.1394930e+06   3.8513184e+01
   2.1467730e+06   4.0466309e+01
   2.1806850e+06   7.8125000e+01
   2.1884690e+06   3.8208008e+01
   2.1901200e+06   7.2998047e+01
   2.2170930e+06   3.8818359e+01
   2.2653370e+06   3.8879395e+01
   2.3782490e+06   4.0039062e+01
   2.3861770e+06   3.9245605e+01
   2.3929300e+06   6.8664551e+01
   2.5544950e+06   4.0466309e+01
   2.5593330e+06   3.8452148e+01
   2.5825150e+06   3.9245605e+01
   2.6397930e+06   3.9062500e+01
   2.6406760e+06   4.1015625e+01
   2.6412950e+06   4.0100098e+01
   2.6515340e+06   3.9428711e+01
   2.6658570e+06   4.2297363e+01
   2.6710860e+06   6.6650391e+01
   2.6815430e+06   4.8828125e+01
   2.6940160e+06   4.1015625e+01
   2.7132590e+06   7.8735352e+01
   2.7504620e+06   4.0405273e+01
   2.7520960e+06   7.0556641e+01
   2.7637740e+06   7.3547363e+01
   2.8157430e+06   3.8208008e+01
   2.8226560e+06   6.6528320e+01
   2.8413660e+06   7.4340820e+01
   2.8889380e+06   4.2419434e+01
   2.9061090e+06   6.5612793e+01
   2.9062760e+06   4.1076660e+01
   2.9308860e+06   6.9824219e+01
   2.9525680e+06   5.7983398e+01
   2.9629790e+06   3.8696289e+01
   2.9889640e+06   6.3537598e+01
   3.0092700e+06   5.9631348e+01
   3.0470020e+06   5.7128906e+01
   3.0748470e+06   5.0231934e+01
   3.0847540e+06   6.7871094e+01
   3.0900630e+06   6.9824219e+01
   3.1052710e+06   4.0588379e+01
   3.1052870e+06   6.5551758e+01
   3.1100860e+06   6.1584473e+01
   3.1151410e+06   6.5734863e+01
   3.1220550e+06   4.1870117e+01
   3.1342060e+06   6.3476562e+01
   3.1512330e+06   5.7922363e+01
   3.1518610e+06   6.8664551e+01
   3.1646610e+06   5.8776855e+01
   3.1818390e+06   3.9916992e+01
   3.1853400e+06   7.6416016e+01
   3.2015880e+06   5.7556152e+01
   3.2030280e+06   6.1767578e+01
   3.2031120e+06   3.8208008e+01
   3.2044490e+06   4.0893555e+01
   3.2141560e+06   7.6293945e+01
   3.2310560e+06   8.0749512e+01
   3.2325410e+06   3.8696289e+01
   3.2338270e+06   4.1381836e+01
   3.2348460e+06   3.9611816e+01
   3.2361350e+06   4.1381836e+01
   3.2491730e+06   3.7963867e+01
   3.2520130e+06   6.6589355e+01
   3.2529030e+06   3.9550781e+01
   3.2623440e+06   4.0771484e+01
   3.2716550e+06   5.8410645e+01
   3.3078410e+06   4.1442871e+01
   3.3436080e+06   3.8085938e+01
   3.3494980e+06   6.5856934e+01
   3.3708620e+06   3.7780762e+01
   3.3861390e+06   7.6904297e+01
   3.4077890e+06   7.0312500e+01
   3.4081550e+06   3.8757324e+01
   3.4088220e+06   4.0466309e+01
   3.4089980e+06   6.2316895e+01
   3.4091430e+06   5.1269531e+01
   3.4091860e+06   4.8645020e+01
   3.4092010e+06   6.0119629e+01
   3.4092240e+06   1.1358643e+02
   3.4092380e+06   7.4829102e+01
   3.4092530e+06   5.0598145e+01
   3.4092650e+06   8.0505371e+01
   3.4092960e+06   1.2213135e+02
   3.4093090e+06   4.4555664e+01
   3.4093410e+06   9.0515137e+01
   3.4093720e+06   8.8012695e+01
   3.4093870e+06   4.8645020e+01
   3.4094050e+06   7.6660156e+01
   3.4094230e+06   4.5104980e+01
   3.4094550e+06   6.7321777e+01
   3.4094790e+06   6.7810059e+01
   3.4095040e+06   5.4565430e+01
   3.4095380e+06   6.5795898e+01
   3.4095670e+06   6.1096191e+01
   3.4095810e+06   5.7739258e+01
   3.4096140e+06   7.8979492e+01
   3.4096400e+06   6.2744141e+01
   3.4096590e+06   4.9743652e+01
   3.4096810e+06   4.0283203e+01
   3.4096990e+06   5.3161621e+01
   3.4097210e+06   4.0039062e+01
   3.4097590e+06   5.2734375e+01
   3.4098000e+06   9.5214844e+01
   3.4098310e+06   5.2612305e+01
   3.4098770e+06   4.2114258e+01
   3.4098950e+06   5.3222656e+01
   3.4099250e+06   6.2255859e+01
   3.4100230e+06   5.2551270e+01
   3.4100330e+06   3.9062500e+01
   3.4100700e+06   3.8208008e+01
   3.4101590e+06   3.7841797e+01
   3.4101690e+06   4.2358398e+01
   3.4102110e+06   5.1147461e+01
   3.4102800e+06   3.9184570e+01
   3.4103260e+06   3.9428711e+01
   3.4104110e+06   7.2326660e+01
   3.4105760e+06   4.1992188e+01
   3.4106480e+06   5.6152344e+01
   3.4106930e+06   4.0100098e+01
   3.4107290e+06   4.4799805e+01
   3.4107730e+06   4.5166016e+01
   3.4108170e+06   5.7678223e+01
   3.4108380e+06   3.7902832e+01
   3.4108570e+06   4.0161133e+01
   3.4110700e+06   6.5124512e+01
   3.4112530e+06   4.5166016e+01
   3.4113000e+06   3.8269043e+01
   3.4113510e+06   3.9916992e+01
   3.4116380e+06   3.9062500e+01
   3.4119470e+06   4.3090820e+01
   3.4132320e+06   4.1503906e+01
   3.4136560e+06   4.1625977e+01
   3.4141450e+06   4.5043945e+01
   3.4146020e+06   4.3518066e+01
   3.4153990e+06   4.1137695e+01
   3.4158510e+06   5.0842285e+01
   3.4162560e+06   5.4870605e+01
   3.4166940e+06   4.8522949e+01
   3.4171210e+06   4.7424316e+01
   3.4172320e+06   3.8818359e+01
   3.4172610e+06   4.4006348e+01
   3.4173100e+06   4.5104980e+01
   3.4175030e+06   4.0588379e+01
   3.4176560e+06   3.9001465e+01
   3.4176940e+06   7.4707031e+01
   3.4177360e+06   4.0954590e+01
   3.4177640e+06   7.3791504e+01
   3.4178310e+06   4.7180176e+01
   3.4178640e+06   5.3771973e+01
   3.4178840e+06   8.2031250e+01
   3.4179200e+06   1.3635254e+02
   3.4179510e+06   7.8491211e+01
   3.4179870e+06   4.2053223e+01
   3.4180080e+06   6.0485840e+01
   3.4180280e+06   4.6936035e+01
   3.4180720e+06   4.4189453e+01
   3.4180900e+06   5.1452637e+01
   3.4181050e+06   6.4941406e+01
   3.4181320e+06   6.9335938e+01
   3.4181710e+06   6.1096191e+01
   3.4181950e+06   5.5664063e+01
   3.4182290e+06   4.5715332e+01
   3.4182610e+06   5.2734375e+01
   3.4183160e+06   7.5866699e+01
   3.4183290e+06   4.2907715e+01
   3.4183590e+06   4.0466309e+01
   3.4183810e+06   4.0771484e+01
   3.4184360e+06   4.8767090e+01
   3.4184500e+06   6.3232422e+01
   3.4184850e+06   6.6345215e+01
   3.4184990e+06   4.8217773e+01
   3.4185290e+06   4.2968750e+01
   3.4185480e+06   9.4604492e+01
   3.4185670e+06   5.8776855e+01
   3.4185850e+06   3.8818359e+01
   3.4186260e+06   7.0617676e+01
   3.4186600e+06   4.6875000e+01
   3.4186920e+06   8.8195801e+01
   3.4187090e+06   5.6884766e+01
   3.4187430e+06   3.9794922e+01
   3.4187530e+06   5.5541992e+01
   3.4187920e+06   6.4758301e+01
   3.4188120e+06   3.8757324e+01
   3.4188220e+06   4.4006348e+01
   3.4188390e+06   4.3334961e+01
   3.4188630e+06   4.2236328e+01
   3.4189020e+06   4.0100098e+01
   3.4189210e+06   4.1931152e+01
   3.4189690e+06   4.5227051e+01
   3.4189890e+06   5.9509277e+01
   3.4190300e+06   7.3547363e+01
   3.4190520e+06   4.3273926e+01
   3.4190760e+06   5.3588867e+01
   3.4190980e+06   4.0283203e+01
   3.4191330e+06   5.1452637e+01
   3.4191950e+06   8.5693359e+01
   3.4192050e+06   7.0129395e+01
   3.4192450e+06   4.3518066e+01
   3.4193090e+06   4.5715332e+01
   3.4193460e+06   7.1777344e+01
   3.4193750e+06   4.4921875e+01
   3.4194100e+06   6.1279297e+01
   3.4194860e+06   6.3537598e+01
   3.4195300e+06   4.6203613e+01
   3.4195610e+06   7.1289062e+01
   3.4196180e+06   4.2846680e+01
   3.4196510e+06   5.9143066e+01
   3.4196860e+06   4.9804688e+01
   3.4197080e+06   4.5288086e+01
   3.4197910e+06   5.1086426e+01
   3.4198470e+06   3.9428711e+01
   3.4198700e+06   4.2907715e+01
   3.4198950e+06   4.1748047e+01
   3.4199150e+06   4.0649414e+01
   3.4199500e+06   4.6508789e+01
   3.4199600e+06   4.0466309e+01
   3.4199860e+06   6.1706543e+01
   3.4200290e+06   4.6081543e+01
   3.4200510e+06   3.8940430e+01
   3.4200750e+06   4.0222168e+01
   3.4201110e+06   3.9978027e+01
   3.4201390e+06   3.8513184e+01
   3.4202730e+06   3.8818359e+01
   3.4203000e+06   8.7646484e+01
   3.4203210e+06   4.3151855e+01
   3.4203860e+06   3.9550781e+01
   3.4204190e+06   3.8635254e+01
   3.4205450e+06   3.8879395e+01
   3.4205670e+06   3.8757324e+01
   3.4205800e+06   5.5053711e+01
   3.4207430e+06   4.3945312e+01
   3.4207800e+06   4.4860840e+01
   3.4208000e+06   3.8818359e+01
   3.4208970e+06   3.8818359e+01
   3.4211030e+06   6.2744141e+01
   3.4211410e+06   4.4982910e+01
   3.4213600e+06   3.8635254e+01
   3.4214170e+06   5.5236816e+01
   3.4217840e+06   6.3842773e+01
   3.4218520e+06   3.9306641e+01
   3.4220040e+06   4.0771484e+01
   3.4221160e+06   5.1269531e+01
   3.4222160e+06   4.6875000e+01
   3.4239100e+06   3.9245605e+01
   3.4243280e+06   3.8818359e+01
   3.4247760e+06   3.9184570e+01
   3.4249270e+06   4.1687012e+01
   3.4250820e+06   6.8237305e+01
   3.4251110e+06   6.8542480e+01
   3.4253490e+06   3.8940430e+01
   3.4253740e+06   7.7331543e+01
   3.4254060e+06   4.2297363e+01
   3.4255170e+06   4.5654297e+01
   3.4255280e+06   5.1452637e+01
   3.4256290e+06   4.0527344e+01
   3.4256640e+06   6.6467285e+01
   3.4257010e+06   4.6630859e+01
   3.4258870e+06   7.2692871e+01
   3.4259200e+06   6.7260742e+01
   3.4259590e+06   4.3701172e+01
   3.4260070e+06   4.2419434e+01
   3.4260560e+06   7.4279785e+01
   3.4260990e+06   3.9672852e+01
   3.4261100e+06   5.1208496e+01
   3.4261450e+06   4.1625977e+01
   3.4262370e+06   4.2663574e+01
   3.4262810e+06   4.8339844e+01
   3.4263360e+06   5.7434082e+01
   3.4263660e+06   5.9448242e+01
   3.4263850e+06   7.7026367e+01
   3.4264210e+06   4.5227051e+01
   3.4264370e+06   7.0678711e+01
   3.4264840e+06   4.4189453e+01
   3.4265170e+06   7.1105957e+01
   3.4265810e+06   3.8085938e+01
   3.4266360e+06   4.3701172e+01
   3.4266570e+06   7.5317383e+01
   3.4267030e+06   4.3273926e+01
   3.4267710e+06   4.5532227e+01
   3.4267970e+06   7.6782227e+01
   3.4268210e+06   7.8063965e+01
   3.4268390e+06   5.7312012e+01
   3.4268770e+06   4.1320801e+01
   3.4269530e+06   8.3068848e+01
   3.4269810e+06   5.6762695e+01
   3.4270650e+06   4.7241211e+01
   3.4270960e+06   4.2663574e+01
   3.4271430e+06   4.0039062e+01
   3.4271810e+06   4.2419434e+01
   3.4272380e+06   5.9936523e+01
   3.4273030e+06   4.6997070e+01
   3.4273510e+06   8.6303711e+01
   3.4275180e+06   3.8574219e+01
   3.4276290e+06   6.7199707e+01
   3.4276910e+06   4.9926758e+01
   3.4277600e+06   4.3640137e+01
   3.4280160e+06   4.6691895e+01
   3.4280790e+06   5.5480957e+01
   3.4280900e+06   5.4992676e+01
   3.4281130e+06   4.6997070e+01
   3.4284600e+06   4.0954590e+01
   3.4284990e+06   7.1228027e+01
   3.4286400e+06   3.9184570e+01
   3.4287000e+06   4.0405273e+01
   3.4287490e+06   3.8757324e+01
   3.4288090e+06   6.4270020e+01
   3.4289260e+06   3.7780762e+01
   3.4291210e+06   3.9733887e+01
   3.4291640e+06   5.3283691e+01
   3.4292620e+06   5.6091309e+01
   3.4293680e+06   4.3029785e+01
   3.4294630e+06   4.4067383e+01
   3.4294870e+06   3.9733887e+01
   3.4295460e+06   5.9448242e+01
   3.4296900e+06   4.7363281e+01
   3.4298760e+06   4.5654297e+01
   3.4299810e+06   3.9794922e+01
   3.4300060e+06   5.3588867e+01
   3.4300990e+06   5.2917480e+01
   3.4302910e+06   5.9387207e+01
   3.4303650e+06   5.4809570e+01
   3.4304030e+06   3.8085938e+01
   3.4304330e+06   4.1381836e+01
   3.4304530e+06   5.8532715e+01
   3.4304840e+06   6.0546875e+01
   3.4304950e+06   3.9062500e+01
   3.4305460e+06   3.9001465e+01
   3.4306850e+06   5.4077148e+01
   3.4308370e+06   4.0893555e+01
   3.4309270e+06   4.6875000e+01
   3.4309420e+06   4.2602539e+01
   3.4310080e+06   3.8269043e+01
   3.4310220e+06   4.6020508e+01
   3.4311160e+06   7.6843262e+01
   3.4311660e+06   4.6752930e+01
   3.4312990e+06   4.1320801e+01
   3.4314630e+06   3.8208008e+01
   3.4315470e+06   4.7912598e+01
   3.4315630e+06   4.5898438e+01
   3.4316130e+06   5.3344727e+01
   3.4318560e+06   6.3781738e+01
   3.4318850e+06   4.9255371e+01
   3.4321640e+06   4.7912598e+01
   3.4321800e+06   5.1818848e+01
   3.4322380e+06   4.3762207e+01
   3.4323270e+06   4.8583984e+01
   3.4323770e+06   5.2062988e+01
   3.4324180e+06   5.9448242e+01
   3.4324880e+06   3.8513184e+01
   3.4325240e+06   5.6152344e+01
   3.4325580e+06   4.3151855e+01
   3.4327200e+06   3.9611816e+01
   3.4328830e+06   4.0710449e+01
   3.4330830e+06   5.8044434e+01
   3.4331240e+06   5.2856445e+01
   3.4331690e+06   4.8095703e+01
   3.4331800e+06   6.6955566e+01
   3.4333180e+06   4.9377441e+01
   3.4333830e+06   3.8146973e+01
   3.4334410e+06   4.5959473e+01
   3.4337070e+06   5.9387207e+01
   3.4337340e+06   5.1147461e+01
   3.4338750e+06   4.4982910e+01
   3.4340180e+06   4.1381836e+01
   3.4340930e+06   4.1687012e+01
   3.4341160e+06   5.0903320e+01
   3.4349350e+06   4.3701172e+01
   3.4350430e+06   3.9550781e+01
   3.4372280e+06   4.3457031e+01
   3.4567070e+06   6.2988281e+01
   3.4634570e+06   5.6274414e+01
   3.4667090e+06   5.4870605e+01
   3.4678040e+06   5.6579590e+01
   3.4757740e+06   6.2194824e+01
   3.4846730e+06   6.1584473e+01
   3.4864190e+06   3.9489746e+01
   3.4869790e+06   3.8269043e+01
   3.4919820e+06   3.9367676e+01
   3.4922990e+06   3.8574219e+01
   3.5008990e+06   5.7067871e+01
   3.5122170e+06   5.6579590e+01
   3.5147530e+06   5.5053711e+01
   3.5179270e+06   5.4809570e+01
   3.5279130e+06   6.6894531e+01
   3.5384650e+06   6.2194824e+01
   3.5406350e+06   5.2368164e+01
   3.5498230e+06   4.1503906e+01
   3.5499590e+06   6.0119629e+01
   3.5507080e+06   6.2133789e+01
   3.5507520e+06   4.0466309e+01
   3.5563180e+06   5.6274414e+01
   3.5576210e+06   7.1899414e+01
   3.5746710e+06   6.3964844e+01
   3.5778750e+06   3.9367676e+01
   3.5780220e+06   1.0675049e+02
   3.5781320e+06   3.7780762e+01
   3.5781990e+06   8.0505371e+01
   3.5782590e+06   4.7302246e+01
   3.5782920e+06   4.4433594e+01
   3.5783870e+06   3.9794922e+01
   3.5785050e+06   4.6386719e+01
   3.5785320e+06   9.8327637e+01
   3.5785730e+06   5.7983398e+01
   3.5785880e+06   6.6833496e+01
   3.5786370e+06   6.0668945e+01
   3.5786660e+06   4.2358398e+01
   3.5786850e+06   6.1828613e+01
   3.5787010e+06   4.8278809e+01
   3.5787290e+06   8.6608887e+01
   3.5787640e+06   7.2265625e+01
   3.5787790e+06   1.0937500e+02
   3.5787990e+06   5.5236816e+01
   3.5788140e+06   1.3702393e+02
   3.5788530e+06   6.3598633e+01
   3.5788680e+06   5.7678223e+01
   3.5789080e+06   6.6345215e+01
   3.5789290e+06   4.6203613e+01
   3.5789480e+06   4.5288086e+01
   3.5789640e+06   4.8828125e+01
   3.5789890e+06   6.3354492e+01
   3.5790130e+06   7.0434570e+01
   3.5790570e+06   6.2988281e+01
   3.5790830e+06   6.5429688e+01
   3.5791190e+06   5.0476074e+01
   3.5791380e+06   4.7607422e+01
   3.5791720e+06   5.5603027e+01
   3.5791870e+06   6.5856934e+01
   3.5792170e+06   5.5114746e+01
   3.5792390e+06   7.7453613e+01
   3.5792590e+06   5.4809570e+01
   3.5793290e+06   5.6518555e+01
   3.5793690e+06   6.4880371e+01
   3.5793850e+06   4.5349121e+01
   3.5794090e+06   5.9448242e+01
   3.5794410e+06   4.5593262e+01
   3.5794680e+06   6.5917969e+01
   3.5794800e+06   7.4279785e+01
   3.5795220e+06   4.3945312e+01
   3.5795440e+06   5.8837891e+01
   3.5795790e+06   4.3212891e+01
   3.5796060e+06   6.0546875e+01
   3.5796630e+06   6.2438965e+01
   3.5796940e+06   5.5603027e+01
   3.5797080e+06   5.1879883e+01
   3.5797880e+06   4.1076660e+01
   3.5798430e+06   4.8767090e+01
   3.5798650e+06   7.8002930e+01
   3.5800090e+06   5.5419922e+01
   3.5800360e+06   4.2846680e+01
   3.5801770e+06   4.2175293e+01
   3.5802110e+06   4.4738770e+01
   3.5803430e+06   5.4199219e+01
   3.5805510e+06   4.1870117e+01
   3.5805930e+06   4.0954590e+01
   3.5806930e+06   3.9123535e+01
   3.5807860e+06   3.8330078e+01
   3.5809140e+06   6.1157227e+01
   3.5811050e+06   4.0954590e+01
   3.5812400e+06   3.8696289e+01
   3.5825280e+06   4.7424316e+01
   3.5963930e+06   6.0546875e+01
   3.5979620e+06   5.7556152e+01
   3.6222670e+06   7.0434570e+01
   3.6374650e+06   6.2316895e+01
   3.6407380e+06   6.5917969e+01
   3.6553920e+06   6.2133789e+01
   3.6664550e+06   5.6579590e+01
   3.6980000e+06   6.4575195e+01
   3.6985360e+06   3.9428711e+01
   3.7055200e+06   5.7678223e+01
   3.7227310e+06   3.9916992e+01
   3.7308340e+06   6.4086914e+01
   3.7356660e+06   3.8024902e+01
   3.7596380e+06   5.6335449e+01
   3.7802560e+06   6.4208984e+01
   3.7825350e+06   3.8085938e+01
   3.8023190e+06   3.9428711e+01
   3.8108990e+06   4.0222168e+01
   3.8203630e+06   3.7780762e+01
   3.8373430e+06   5.7128906e+01
   3.8507640e+06   7.1838379e+01
   3.8667310e+06   6.3598633e+01
   3.8779790e+06   4.2114258e+01
   3.8891080e+06   6.1340332e+01
   3.8989290e+06   3.8696289e+01
   3.9020390e+06   6.7016602e+01
   3.9765930e+06   6.7260742e+01
   3.9866330e+06   4.8706055e+01
   3.9931340e+06   6.7443848e+01
   3.9954160e+06   3.7841797e+01
   4.0173090e+06   3.9184570e+01
   4.0256040e+06   3.9306641e+01
   4.0486460e+06   1.1676025e+02
   4.0543940e+06   3.9123535e+01
   4.0607490e+06   3.8452148e+01
   4.0714040e+06   6.3354492e+01
   4.0867620e+06   3.8635254e+01
   4.0892260e+06   7.7026367e+01
   4.1015850e+06   3.8818359e+01
   4.1144950e+06   5.5969238e+01
   4.1155530e+06   4.3884277e+01
   4.1778700e+06   5.3588867e+01
   4.1783030e+06   3.8452148e+01
   4.2007110e+06   3.7902832e+01
   4.2015110e+06   3.8208008e+01
   4.2128690e+06   3.7841797e+01
   4.2180780e+06   6.8908691e+01
   4.2558590e+06   3.8940430e+01
   4.2745620e+06   3.8330078e+01
   4.3016650e+06   5.8288574e+01
   4.3530970e+06   4.0161133e+01
   4.4038100e+06   6.9885254e+01
   4.4121480e+06   3.9367676e+01
   4.4187810e+06   6.6101074e+01
   4.4212460e+06   3.8818359e+01
   4.4671150e+06   6.9396973e+01
   4.4689460e+06   4.1259766e+01
   4.4884740e+06   3.9123535e+01
   4.5210220e+06   3.8269043e+01
   4.5350310e+06   7.2753906e+01
   4.5387890e+06   6.3903809e+01
   4.5577960e+06   4.4128418e+01
   4.5846460e+06   3.8818359e+01
   4.6583710e+06   3.9794922e+01
   4.6729740e+06   3.8024902e+01
   4.7129430e+06   3.8146973e+01
   4.7866280e+06   3.8269043e+01
   4.7904410e+06   5.4382324e+01
   4.8027890e+06   4.0832520e+01
   4.8078240e+06   4.0466309e+01
   4.8097510e+06   6.1218262e+01
   4.8169420e+06   5.7373047e+01
   4.8418340e+06   6.7443848e+01
   4.8606000e+06   3.9489746e+01
   4.8642980e+06   6.2683105e+01
   4.8691340e+06   3.8269043e+01
   4.8706630e+06   6.6101074e+01
   4.8718270e+06   3.8208008e+01
   4.8833390e+06   6.8176270e+01
   4.9018410e+06   5.0903320e+01
   4.9104300e+06   5.1879883e+01
   4.9116550e+06   6.4208984e+01
   4.9150830e+06   6.5368652e+01
   4.9425580e+06   4.0100098e+01
   4.9565100e+06   6.7321777e+01
   4.9763030e+06   7.8796387e+01
   4.9800250e+06   3.8146973e+01
   4.9837600e+06   3.8452148e+01
   5.0165200e+06   6.0607910e+01
   5.0169150e+06   6.9458008e+01
   5.0265670e+06   3.7841797e+01
   5.0349620e+06   3.8146973e+01
   5.0439750e+06   3.9123535e+01
   5.0669880e+06   6.5551758e+01
   5.0804580e+06   6.2011719e+01
   5.0896220e+06   7.2082520e+01
   5.1007670e+06   4.9804688e+01
   5.1169540e+06   6.2316895e+01
   5.1213090e+06   6.6589355e+01
   5.1327110e+06   3.8757324e+01
   5.1605480e+06   4.0893555e+01
   5.1985590e+06   6.3537598e+01
   5.2149930e+06   3.9733887e+01
   5.2331390e+06   5.1513672e+01
   5.3200960e+06   4.0222168e+01
   5.3511360e+06   7.6171875e+01
   5.3682030e+06   4.0039063e+01
   5.3918670e+06   4.4189453e+01
   5.4307500e+06   4.3212891e+01
   5.4862470e+06   6.3232422e+01
   5.4978790e+06   4.0161133e+01
   5.5280060e+06   6.6101074e+01
   5.5314240e+06   4.3212891e+01
   5.5390800e+06   4.9804688e+01
   5.5514420e+06   6.7382812e+01
   5.5516760e+06   4.9133301e+01
   5.5517210e+06   6.6833496e+01
   5.5518010e+06   9.6252441e+01
   5.5518300e+06   5.2062988e+01
   5.5518480e+06   5.3833008e+01
   5.5518760e+06   6.3598633e+01
   5.5519000e+06   8.0444336e+01
   5.5519140e+06   7.9162598e+01
   5.5519250e+06   7.0861816e+01
   5.5519460e+06   1.9311523e+02
   5.5519570e+06   6.7077637e+01
   5.5519800e+06   9.7534180e+01
   5.5520020e+06   9.3139648e+01
   5.5520150e+06   6.5979004e+01
   5.5520370e+06   6.6406250e+01
   5.5520640e+06   1.2506104e+02
   5.5520910e+06   8.5266113e+01
   5.5521140e+06   8.5815430e+01
   5.5521320e+06   6.5368652e+01
   5.5521620e+06   6.2255859e+01
   5.5521760e+06   6.3293457e+01
   5.5521970e+06   7.1350098e+01
   5.5522270e+06   4.7546387e+01
   5.5522420e+06   6.7077637e+01
   5.5522730e+06   5.0415039e+01
   5.5522980e+06   6.1706543e+01
   5.5523160e+06   5.7006836e+01
   5.5523590e+06   7.4768066e+01
   5.5524170e+06   5.8349609e+01
   5.5524570e+06   4.0649414e+01
   5.5524810e+06   5.4748535e+01
   5.5525060e+06   4.5104980e+01
   5.5525370e+06   3.7902832e+01
   5.5525760e+06   3.8024902e+01
   5.5525870e+06   4.8034668e+01
   5.5526180e+06   4.9499512e+01
   5.5526400e+06   4.1870117e+01
   5.5526770e+06   3.9794922e+01
   5.5526910e+06   4.5166016e+01
   5.5527850e+06   6.6772461e+01
   5.5528270e+06   4.9560547e+01
   5.5529030e+06   4.2480469e+01
   5.5529340e+06   4.8278809e+01
   5.5530440e+06   7.0800781e+01
   5.5530730e+06   3.8757324e+01
   5.5531020e+06   4.2907715e+01
   5.5531150e+06   3.9978027e+01
   5.5531390e+06   4.8889160e+01
   5.5531670e+06   4.4677734e+01
   5.5532500e+06   5.2307129e+01
   5.5535370e+06   7.6721191e+01
   5.5535730e+06   4.6875000e+01
   5.5540100e+06   6.0485840e+01
   5.5540870e+06   5.3283691e+01
   5.5543420e+06   3.8574219e+01
   5.5543680e+06   4.9560547e+01
   5.5546640e+06   4.0283203e+01
   5.5555050e+06   4.2419434e+01
   5.5574200e+06   4.4189453e+01
   5.5578630e+06   4.5227051e+01
   5.5582610e+06   5.0720215e+01
   5.5586270e+06   5.4199219e+01
   5.5590440e+06   4.6813965e+01
   5.5593780e+06   4.3090820e+01
   5.5596440e+06   3.7841797e+01
   5.5597200e+06   4.1381836e+01
   5.5601100e+06   5.6701660e+01
   5.5603320e+06   5.0476074e+01
   5.5604390e+06   6.3903809e+01
   5.5604540e+06   4.0344238e+01
   5.5604990e+06   7.5378418e+01
   5.5605350e+06   4.1625977e+01
   5.5605890e+06   3.8513184e+01
   5.5606340e+06   4.3640137e+01
   5.5606470e+06   7.0129395e+01
   5.5606650e+06   3.8635254e+01
   5.5606910e+06   6.2133789e+01
   5.5607110e+06   4.8400879e+01
   5.5607350e+06   8.2153320e+01
   5.5607520e+06   6.2561035e+01
   5.5608240e+06   7.8430176e+01
   5.5608480e+06   5.5847168e+01
   5.5608620e+06   8.1359863e+01
   5.5608790e+06   4.3701172e+01
   5.5609120e+06   3.9062500e+01
   5.5609390e+06   4.6813965e+01
   5.5609600e+06   4.7302246e+01
   5.5609840e+06   8.6120605e+01
   5.5610070e+06   7.8063965e+01
   5.5610360e+06   7.2326660e+01
   5.5610770e+06   6.0424805e+01
   5.5611190e+06   6.4147949e+01
   5.5611420e+06   4.1992188e+01
   5.5611730e+06   5.5786133e+01
   5.5612020e+06   6.1584473e+01
   5.5612180e+06   4.4433594e+01
   5.5612420e+06   5.4687500e+01
   5.5612580e+06   5.5358887e+01
   5.5612880e+06   8.3679199e+01
   5.5613400e+06   4.9377441e+01
   5.5613530e+06   8.4472656e+01
   5.5613780e+06   4.7851562e+01
   5.5613960e+06   4.1687012e+01
   5.5614280e+06   4.6081543e+01
   5.5614700e+06   6.4880371e+01
   5.5614970e+06   5.0537109e+01
   5.5615080e+06   4.5837402e+01
   5.5615300e+06   3.9916992e+01
   5.5615530e+06   4.3579102e+01
   5.5615720e+06   5.4138184e+01
   5.5615930e+06   5.2795410e+01
   5.5616190e+06   5.9020996e+01
   5.5616310e+06   3.9245605e+01
   5.5616460e+06   6.5673828e+01
   5.5616640e+06   7.0983887e+01
   5.5616890e+06   4.5104980e+01
   5.5617340e+06   5.4321289e+01
   5.5617470e+06   6.0546875e+01
   5.5617880e+06   4.1076660e+01
   5.5618110e+06   4.1381836e+01
   5.5618510e+06   6.3354492e+01
   5.5618880e+06   3.8024902e+01
   5.5619190e+06   5.5664062e+01
   5.5619820e+06   3.8940430e+01
   5.5620060e+06   5.9753418e+01
   5.5620500e+06   4.3579102e+01
   5.5621130e+06   4.3151855e+01
   5.5621340e+06   4.0832520e+01
   5.5621580e+06   4.4311523e+01
   5.5621870e+06   5.6518555e+01
   5.5622090e+06   5.2978516e+01
   5.5622320e+06   5.9020996e+01
   5.5622490e+06   4.6813965e+01
   5.5622660e+06   4.5837402e+01
   5.5623300e+06   4.3151855e+01
   5.5623560e+06   4.1625977e+01
   5.5623950e+06   5.7861328e+01
   5.5624250e+06   4.2541504e+01
   5.5625040e+06   4.4860840e+01
   5.5625250e+06   4.8217773e+01
   5.5625620e+06   4.2419434e+01
   5.5626230e+06   6.2988281e+01
   5.5626740e+06   3.9306641e+01
   5.5627090e+06   3.8208008e+01
   5.5628460e+06   3.8513184e+01
   5.5629210e+06   5.8166504e+01
   5.5629410e+06   4.0100098e+01
   5.5630650e+06   4.0771484e+01
   5.5631020e+06   3.8879395e+01
   5.5631510e+06   4.8828125e+01
   5.5632200e+06   4.3395996e+01
   5.5632500e+06   4.3457031e+01
   5.5632660e+06   6.2561035e+01
   5.5634060e+06   6.5490723e+01
   5.5636040e+06   4.5043945e+01
   5.5637600e+06   4.9865723e+01
   5.5638310e+06   5.1330566e+01
   5.5640860e+06   6.1828613e+01
   5.5641180e+06   4.4433594e+01
   5.5641420e+06   4.5166016e+01
   5.5641950e+06   4.2297363e+01
   5.5643120e+06   4.1015625e+01
   5.5644410e+06   5.4565430e+01
   5.5646840e+06   4.1076660e+01
   5.5647890e+06   6.2927246e+01
   5.5650970e+06   4.0588379e+01
   5.5651480e+06   5.9692383e+01
   5.5656910e+06   6.2622070e+01
   5.5658420e+06   4.1320801e+01
   5.5662670e+06   4.0405273e+01
   5.5672590e+06   3.8208008e+01
   5.5682280e+06   3.9123535e+01
   5.5690020e+06   4.2236328e+01
   5.5691590e+06   1.0180664e+02
   5.5692060e+06   6.3720703e+01
   5.5692240e+06   3.8269043e+01
   5.5694500e+06   8.0810547e+01
   5.5694840e+06   5.5603027e+01
   5.5695250e+06   4.1015625e+01
   5.5696780e+06   4.8522949e+01
   5.5697230e+06   4.5471191e+01
   5.5697370e+06   8.4716797e+01
   5.5698000e+06   4.3151855e+01
   5.5698290e+06   4.1564941e+01
   5.5698600e+06   4.8767090e+01
   5.5699160e+06   6.0668945e+01
   5.5699270e+06   5.1879883e+01
   5.5699470e+06   8.6120605e+01
   5.5699900e+06   4.6569824e+01
   5.5700070e+06   4.4494629e+01
   5.5700610e+06   4.0954590e+01
   5.5701500e+06   5.5297852e+01
   5.5701850e+06   6.9274902e+01
   5.5702200e+06   6.6955566e+01
   5.5702450e+06   8.8500977e+01
   5.5702550e+06   5.2185059e+01
   5.5703040e+06   4.8522949e+01
   5.5703210e+06   3.9855957e+01
   5.5703540e+06   5.7922363e+01
   5.5704140e+06   6.5246582e+01
   5.5704320e+06   3.9428711e+01
   5.5704430e+06   4.8767090e+01
   5.5704670e+06   4.3579102e+01
   5.5705050e+06   4.4067383e+01
   5.5705350e+06   5.5236816e+01
   5.5705500e+06   5.5847168e+01
   5.5705690e+06   5.2062988e+01
   5.5705970e+06   4.5227051e+01
   5.5706210e+06   7.3669434e+01
   5.5706460e+06   6.2683105e+01
   5.5707030e+06   6.1096191e+01
   5.5707150e+06   4.7973633e+01
   5.5707490e+06   7.9406738e+01
   5.5708040e+06   3.9123535e+01
   5.5708550e+06   5.2246094e+01
   5.5709200e+06   6.6467285e+01
   5.5709620e+06   6.0424805e+01
   5.5709870e+06   5.9570312e+01
   5.5710050e+06   4.4311523e+01
   5.5710540e+06   6.7993164e+01
   5.5710800e+06   4.7790527e+01
   5.5711940e+06   3.9916992e+01
   5.5712290e+06   7.4523926e+01
   5.5712570e+06   4.3273926e+01
   5.5712870e+06   5.0415039e+01
   5.5714100e+06   5.8776855e+01
   5.5714240e+06   4.5593262e+01
   5.5714640e+06   6.4025879e+01
   5.5715010e+06   7.0068359e+01
   5.5715740e+06   4.2053223e+01
   5.5716710e+06   4.0771484e+01
   5.5717360e+06   4.6081543e+01
   5.5717830e+06   7.8369141e+01
   5.5719760e+06   7.5500488e+01
   5.5720710e+06   4.7546387e+01
   5.5721950e+06   3.8208008e+01
   5.5724030e+06   4.3395996e+01
   5.5724690e+06   4.2846680e+01
   5.5725150e+06   4.5410156e+01
   5.5725840e+06   4.1564941e+01
   5.5727950e+06   4.5898438e+01
   5.5729090e+06   5.3710938e+01
   5.5729510e+06   4.5715332e+01
   5.5731690e+06   4.2419434e+01
   5.5733640e+06   4.2053223e+01
   5.5733900e+06   4.2663574e+01
   5.5735120e+06   3.8085938e+01
   5.5737640e+06   4.6203613e+01
   5.5739010e+06   5.2917480e+01
   5.5740470e+06   4.4677734e+01
   5.5745230e+06   6.3842773e+01
   5.5760520e+06   3.9306641e+01
   5.5927800e+06   6.0302734e+01
   5.5993250e+06   5.2856445e+01
   5.6025580e+06   5.4809570e+01
   5.6053280e+06   5.9204102e+01
   5.6113120e+06   5.7678223e+01
   5.6265080e+06   3.9123535e+01
   5.6273700e+06   6.8969727e+01
   5.6327750e+06   6.4758301e+01
   5.6466030e+06   5.4992676e+01
   5.6523540e+06   5.4626465e+01
   5.6940940e+06   3.8269043e+01
   5.7005080e+06   6.3720703e+01
   5.7040710e+06   5.4687500e+01
   5.7062690e+06   4.9987793e+01
   5.7117030e+06   4.3640137e+01
   5.7452560e+06   3.8024902e+01
   5.7553760e+06   5.4382324e+01
   5.7555830e+06   1.0327148e+02
   5.7556360e+06   6.4697266e+01
   5.7556910e+06   3.9306641e+01
   5.7558980e+06   5.3771973e+01
   5.7559640e+06   5.7067871e+01
   5.7560910e+06   4.8217773e+01
   5.7561270e+06   4.6630859e+01
   5.7561460e+06   4.4067383e+01
   5.7561710e+06   1.1376953e+02
   5.7561810e+06   7.8674316e+01
   5.7562040e+06   8.2092285e+01
   5.7562190e+06   1.7285156e+02
   5.7562360e+06   1.1895752e+02
   5.7562480e+06   8.2824707e+01
   5.7562860e+06   8.9660645e+01
   5.7563010e+06   4.0466309e+01
   5.7563320e+06   4.4738770e+01
   5.7563610e+06   6.4453125e+01
   5.7563750e+06   9.0759277e+01
   5.7563850e+06   6.2988281e+01
   5.7563960e+06   3.9306641e+01
   5.7564200e+06   9.9243164e+01
   5.7564480e+06   6.2988281e+01
   5.7564630e+06   6.5246582e+01
   5.7564870e+06   4.0832520e+01
   5.7565190e+06   9.3078613e+01
   5.7565460e+06   8.3435059e+01
   5.7565760e+06   3.8513184e+01
   5.7566370e+06   8.6181641e+01
   5.7566550e+06   7.3364258e+01
   5.7566740e+06   5.7983398e+01
   5.7567020e+06   6.1279297e+01
   5.7567150e+06   4.2358398e+01
   5.7567350e+06   3.8330078e+01
   5.7567710e+06   4.3090820e+01
   5.7568040e+06   5.1452637e+01
   5.7568150e+06   7.5317383e+01
   5.7568320e+06   7.5195312e+01
   5.7568710e+06   4.9011230e+01
   5.7569160e+06   8.3068848e+01
   5.7569820e+06   7.5195312e+01
   5.7570050e+06   4.2358398e+01
   5.7570210e+06   4.7851562e+01
   5.7570530e+06   6.3842773e+01
   5.7570750e+06   4.8400879e+01
   5.7571440e+06   4.0283203e+01
   5.7571550e+06   5.4992676e+01
   5.7571980e+06   4.3029785e+01
   5.7572340e+06   4.1931152e+01
   5.7572520e+06   4.5410156e+01
   5.7572810e+06   3.9001465e+01
   5.7573180e+06   6.4514160e+01
   5.7573770e+06   4.2358398e+01
   5.7574350e+06   7.2204590e+01
   5.7574770e+06   5.2856445e+01
   5.7575580e+06   4.1809082e+01
   5.7576750e+06   4.2358398e+01
   5.7577380e+06   3.9367676e+01
   5.7578030e+06   4.4921875e+01
   5.7581520e+06   4.5410156e+01
   5.7584440e+06   6.1523438e+01
   5.7587560e+06   4.9316406e+01
   5.7714620e+06   5.8105469e+01
   5.7737970e+06   4.8950195e+01
   5.7743780e+06   5.2673340e+01
   5.7895550e+06   6.9519043e+01
   5.8082190e+06   7.3974609e+01
   5.8119700e+06   7.2631836e+01
   5.8136670e+06   6.5612793e+01
   5.8281750e+06   6.5612793e+01
   5.8327230e+06   6.9213867e+01
   5.8372300e+06   6.7016602e+01
   5.8444040e+06   4.6447754e+01
   5.8713080e+06   6.5124512e+01
   5.8977230e+06   4.3395996e+01
   5.9393720e+06   4.1870117e+01
   6.0044260e+06   3.9611816e+01
   6.0192380e+06   4.1442871e+01
   6.1200680e+06   3.9245605e+01
   6.1479480e+06   6.5856934e+01
   6.1778940e+06   3.8269043e+01
   6.1847330e+06   4.0039062e+01
   6.2079900e+06   3.8330078e+01
   6.2119740e+06   4.4433594e+01
   6.2307690e+06   4.1992188e+01
   6.2414290e+06   5.9997559e+01
   6.2415790e+06   5.2062988e+01
   6.2415890e+06   1.2036133e+02
   6.2416040e+06   8.3801270e+01
   6.2416280e+06   4.6813965e+01
   6.2416750e+06   1.0620117e+02
   6.2416860e+06   5.1757812e+01
   6.2417030e+06   9.8388672e+01
   6.2417150e+06   1.3995361e+02
   6.2417410e+06   1.2133789e+02
   6.2417730e+06   5.3344727e+01
   6.2417860e+06   7.8430176e+01
   6.2418090e+06   4.3884277e+01
   6.2418350e+06   7.3303223e+01
   6.2418540e+06   1.0241699e+02
   6.2418700e+06   7.3120117e+01
   6.2418990e+06   7.1960449e+01
   6.2419140e+06   7.6599121e+01
   6.2419390e+06   6.0119629e+01
   6.2419560e+06   4.8950195e+01
   6.2419970e+06   4.2297363e+01
   6.2420250e+06   1.1334229e+02
   6.2420450e+06   6.2194824e+01
   6.2420750e+06   5.0170898e+01
   6.2420960e+06   8.8195801e+01
   6.2421170e+06   8.1115723e+01
   6.2421290e+06   5.5175781e+01
   6.2421410e+06   7.4279785e+01
   6.2421590e+06   3.9672852e+01
   6.2422540e+06   5.7312012e+01
   6.2422900e+06   6.1523438e+01
   6.2423440e+06   6.0607910e+01
   6.2423920e+06   6.2316895e+01
   6.2424310e+06   5.8349609e+01
   6.2424570e+06   4.9804688e+01
   6.2424830e+06   7.1228027e+01
   6.2426060e+06   6.1035156e+01
   6.2426250e+06   7.5134277e+01
   6.2426850e+06   5.3771973e+01
   6.2427290e+06   6.1401367e+01
   6.2428460e+06   8.7768555e+01
   6.2428880e+06   3.8085938e+01
   6.2429500e+06   7.3059082e+01
   6.2431570e+06   4.7424316e+01
   6.2432180e+06   3.9672852e+01
   6.2433920e+06   4.4921875e+01
   6.2434580e+06   4.7485352e+01
   6.2436480e+06   4.6630859e+01
   6.2454770e+06   4.5715332e+01
   6.2524320e+06   5.4809570e+01
   6.2537810e+06   5.1513672e+01
   6.2544800e+06   6.5673828e+01
   6.2547320e+06   5.8898926e+01
   6.2548430e+06   6.5063477e+01
   6.2550260e+06   4.0893555e+01
   6.2550470e+06   3.9611816e+01
   6.2550800e+06   4.9194336e+01
   6.2551000e+06   4.7729492e+01
   6.2551210e+06   4.6569824e+01
   6.2551330e+06   5.2246094e+01
   6.2552040e+06   1.0430908e+02
   6.2552300e+06   4.0161133e+01
   6.2552750e+06   7.2814941e+01
   6.2552970e+06   3.9978027e+01
   6.2553200e+06   7.7636719e+01
   6.2553400e+06   4.3029785e+01
   6.2553700e+06   6.5368652e+01
   6.2553940e+06   1.1529541e+02
   6.2554110e+06   1.0241699e+02
   6.2554450e+06   5.4321289e+01
   6.2554620e+06   9.5153809e+01
   6.2555050e+06   9.7229004e+01
   6.2555240e+06   5.4809570e+01
   6.2555560e+06   5.1757812e+01
   6.2555850e+06   6.5795898e+01
   6.2556040e+06   5.5541992e+01
   6.2556230e+06   4.6813965e+01
   6.2556470e+06   7.8857422e+01
   6.2556640e+06   9.9243164e+01
   6.2556930e+06   7.3730469e+01
   6.2557340e+06   4.5471191e+01
   6.2557760e+06   4.8645020e+01
   6.2558090e+06   5.5969238e+01
   6.2558420e+06   6.8603516e+01
   6.2558700e+06   6.3537598e+01
   6.2558900e+06   4.3884277e+01
   6.2559760e+06   5.3222656e+01
   6.2559880e+06   5.5541992e+01
   6.2560150e+06   8.3374023e+01
   6.2560530e+06   4.6508789e+01
   6.2560780e+06   5.0476074e+01
   6.2560950e+06   4.4433594e+01
   6.2561220e+06   4.1259766e+01
   6.2561330e+06   4.9072266e+01
   6.2561710e+06   6.1462402e+01
   6.2561970e+06   5.8654785e+01
   6.2562180e+06   5.3527832e+01
   6.2562300e+06   4.1442871e+01
   6.2562510e+06   5.0659180e+01
   6.2562900e+06   5.7312012e+01
   6.2563140e+06   4.1503906e+01
   6.2563580e+06   7.9284668e+01
   6.2563760e+06   5.6396484e+01
   6.2564040e+06   7.9528809e+01
   6.2564330e+06   3.9062500e+01
   6.2564560e+06   4.2175293e+01
   6.2564780e+06   8.2275391e+01
   6.2565020e+06   5.6213379e+01
   6.2565380e+06   4.3151855e+01
   6.2565740e+06   4.0405273e+01
   6.2566130e+06   4.7241211e+01
   6.2566310e+06   4.2053223e+01
   6.2566470e+06   4.8889160e+01
   6.2566730e+06   4.2053223e+01
   6.2567100e+06   4.0832520e+01
   6.2567330e+06   5.9875488e+01
   6.2567550e+06   4.3029785e+01
   6.2567830e+06   6.7138672e+01
   6.2567960e+06   4.6630859e+01
   6.2568800e+06   6.1645508e+01
   6.2569080e+06   4.7668457e+01
   6.2569650e+06   6.0302734e+01
   6.2569800e+06   5.9448242e+01
   6.2570620e+06   3.8330078e+01
   6.2571350e+06   3.9855957e+01
   6.2572090e+06   4.1687012e+01
   6.2572530e+06   3.8269043e+01
   6.2572840e+06   7.1166992e+01
   6.2573300e+06   4.1381836e+01
   6.2575330e+06   4.2785645e+01
   6.2576140e+06   3.9794922e+01
   6.2576480e+06   7.0190430e+01
   6.2577370e+06   3.8085938e+01
   6.2578180e+06   4.8217773e+01
   6.2578790e+06   3.8391113e+01
   6.2579530e+06   7.1655273e+01
   6.2584080e+06   3.9184570e+01
   6.2584220e+06   3.8452148e+01
   6.2595310e+06   3.8146973e+01
   6.2599050e+06   3.8452148e+01
   6.2607760e+06   3.8513184e+01
   6.2617970e+06   4.0283203e+01
   6.2624760e+06   4.3823242e+01
   6.2632380e+06   4.3823242e+01
   6.2706370e+06   4.8461914e+01
   6.2869030e+06   6.4575195e+01
   6.2994920e+06   5.4565430e+01
   6.3119690e+06   6.7871094e+01
   6.3183880e+06   7.0190430e+01
   6.3236950e+06   6.8481445e+01
   6.3245070e+06   6.3049316e+01
   6.3258150e+06   3.9184570e+01
   6.3318300e+06   7.4768066e+01
   6.3518090e+06   5.7861328e+01
   6.3615050e+06   6.5551758e+01
   6.3757390e+06   6.5063477e+01
   6.4324040e+06   5.9143066e+01
   6.4326050e+06   5.1574707e+01
   6.4332870e+06   6.8664551e+01
   6.4333690e+06   5.9448242e+01
   6.4334340e+06   1.0565186e+02
   6.4335270e+06   5.9875488e+01
   6.4336090e+06   4.2846680e+01
   6.4336290e+06   5.6152344e+01
   6.4336450e+06   5.7128906e+01
   6.4336770e+06   4.4189453e+01
   6.4336950e+06   7.7148438e+01
   6.4337080e+06   1.0461426e+02
   6.4337250e+06   1.1499023e+02
   6.4337460e+06   8.4167480e+01
   6.4337570e+06   3.8574219e+01
   6.4337730e+06   8.3740234e+01
   6.4338000e+06   4.4494629e+01
   6.4338210e+06   6.1584473e+01
   6.4338360e+06   8.8073730e+01
   6.4338660e+06   4.7668457e+01
   6.4338960e+06   6.6467285e+01
   6.4339090e+06   1.1389160e+02
   6.4339360e+06   6.3049316e+01
   6.4339660e+06   8.0383301e+01
   6.4339870e+06   7.8674316e+01
   6.4340180e+06   5.1940918e+01
   6.4340400e+06   5.7983398e+01
   6.4340630e+06   7.1044922e+01
   6.4340730e+06   4.9255371e+01
   6.4340990e+06   8.3923340e+01
   6.4341190e+06   8.7707520e+01
   6.4341460e+06   4.8156738e+01
   6.4341580e+06   5.5175781e+01
   6.4341820e+06   5.0354004e+01
   6.4341980e+06   1.4758301e+02
   6.4342380e+06   4.6997070e+01
   6.4342510e+06   7.2753906e+01
   6.4342730e+06   5.2795410e+01
   6.4343160e+06   4.6325684e+01
   6.4343420e+06   5.3161621e+01
   6.4343550e+06   8.3435059e+01
   6.4343850e+06   6.4453125e+01
   6.4344340e+06   4.9194336e+01
   6.4344440e+06   4.1381836e+01
   6.4344880e+06   8.4045410e+01
   6.4345170e+06   5.2062988e+01
   6.4345300e+06   7.9895020e+01
   6.4345890e+06   5.2673340e+01
   6.4346190e+06   4.9926758e+01
   6.4346870e+06   4.7912598e+01
   6.4347200e+06   8.2763672e+01
   6.4347490e+06   3.9123535e+01
   6.4348350e+06   5.5786133e+01
   6.4348490e+06   4.6264648e+01
   6.4348820e+06   3.9672852e+01
   6.4349320e+06   4.2480469e+01
   6.4349740e+06   6.7077637e+01
   6.4350710e+06   4.1748047e+01
   6.4350850e+06   5.4748535e+01
   6.4351190e+06   4.3884277e+01
   6.4351540e+06   3.9794922e+01
   6.4353500e+06   3.8635254e+01
   6.4353680e+06   4.3762207e+01
   6.4353950e+06   6.1035156e+01
   6.4355120e+06   4.2846680e+01
   6.4355390e+06   4.1564941e+01
   6.4356380e+06   4.0893555e+01
   6.4359120e+06   4.2663574e+01
   6.4365760e+06   4.4372559e+01
   6.4450610e+06   4.9133301e+01
   6.4605420e+06   6.7321777e+01
   6.4793120e+06   6.2866211e+01
   6.4798290e+06   3.8757324e+01
   6.4810070e+06   3.9062500e+01
   6.5187820e+06   6.3659668e+01
   6.5295230e+06   4.0222168e+01
   6.5511960e+06   6.9519043e+01
   6.5858360e+06   3.9306641e+01
   6.5947210e+06   3.9306641e+01
   6.6573070e+06   9.8083496e+01
   6.6573550e+06   1.0638428e+02
   6.6574060e+06   4.2907715e+01
   6.6574790e+06   3.8574219e+01
   6.6575180e+06   6.0913086e+01
   6.6575450e+06   1.3903809e+02
   6.6575560e+06   4.0893555e+01
   6.6575810e+06   6.8359375e+01
   6.6576010e+06   1.1810303e+02
   6.6576250e+06   2.0690918e+02
   6.6576650e+06   5.3527832e+01
   6.6576840e+06   4.5288086e+01
   6.6577030e+06   4.5715332e+01
   6.6577280e+06   8.0627441e+01
   6.6577490e+06   4.2785645e+01
   6.6577610e+06   9.9426270e+01
   6.6577800e+06   9.7290039e+01
   6.6578100e+06   8.6730957e+01
   6.6578340e+06   8.3496094e+01
   6.6578610e+06   6.3110352e+01
   6.6578980e+06   7.8125000e+01
   6.6579160e+06   5.7128906e+01
   6.6579350e+06   4.8339844e+01
   6.6579530e+06   5.8532715e+01
   6.6579670e+06   6.6101074e+01
   6.6579940e+06   7.5317383e+01
   6.6580190e+06   1.1047363e+02
   6.6580400e+06   8.0139160e+01
   6.6580640e+06   4.4982910e+01
   6.6580870e+06   5.3039551e+01
   6.6581240e+06   5.8959961e+01
   6.6581350e+06   6.2438965e+01
   6.6581520e+06   6.3964844e+01
   6.6581730e+06   7.1716309e+01
   6.6582190e+06   4.7424316e+01
   6.6582620e+06   5.6823730e+01
   6.6582890e+06   6.0729980e+01
   6.6583030e+06   8.7707520e+01
   6.6583650e+06   6.9763184e+01
   6.6583830e+06   4.3457031e+01
   6.6584230e+06   4.6813965e+01
   6.6584440e+06   4.5715332e+01
   6.6584710e+06   4.0405273e+01
   6.6584910e+06   6.8725586e+01
   6.6585100e+06   6.1706543e+01
   6.6585500e+06   7.1716309e+01
   6.6585750e+06   4.2114258e+01
   6.6585890e+06   4.0283203e+01
   6.6586360e+06   4.6630859e+01
   6.6586660e+06   7.3242188e+01
   6.6587210e+06   5.2612305e+01
   6.6587520e+06   3.9367676e+01
   6.6587900e+06   4.7180176e+01
   6.6588390e+06   5.1391602e+01
   6.6588780e+06   3.9794922e+01
   6.6588960e+06   3.8818359e+01
   6.6589540e+06   4.0649414e+01
   6.6590450e+06   5.4504395e+01
   6.6590700e+06   5.9143066e+01
   6.6591930e+06   3.9611816e+01
   6.6592350e+06   4.3029785e+01
   6.6592590e+06   4.7973633e+01
   6.6592730e+06   4.9255371e+01
   6.6594440e+06   3.8085938e+01
   6.6594600e+06   4.5471191e+01
   6.6595910e+06   3.8024902e+01
   6.6596950e+06   3.8024902e+01
   6.6597690e+06   3.8635254e+01
   6.6598540e+06   3.8513184e+01
   6.6601390e+06   4.3273926e+01
   6.6601560e+06   4.4921875e+01
   6.6605040e+06   3.9306641e+01
   6.6609080e+06   5.1452637e+01
   6.6681290e+06   5.8471680e+01
   6.6685610e+06   5.3588867e+01
   6.6685830e+06   4.0222168e+01
   6.6689800e+06   6.3171387e+01
   6.6692420e+06   4.5959473e+01
   6.6695540e+06   5.0903320e+01
   6.6698080e+06   4.0039063e+01
   6.6701940e+06   6.1584473e+01
   6.6707030e+06   5.6762695e+01
   6.6731260e+06   4.2663574e+01
   6.6740840e+06   3.9062500e+01
   6.7092870e+06   7.3669434e+01
   6.7407290e+06   3.8757324e+01
   6.7661840e+06   6.4575195e+01
   6.7662100e+06   3.9428711e+01
   6.7743390e+06   6.3964844e+01
   6.8122260e+06   4.1503906e+01
   6.8176370e+06   4.3579102e+01
   6.8434920e+06   4.7241211e+01
   6.8498660e+06   4.4982910e+01
   6.8502050e+06   3.8391113e+01
   6.8931990e+06   4.4311523e+01
   6.9378270e+06   5.0109863e+01
   6.9601680e+06   3.9123535e+01
   6.9842260e+06   3.9245605e+01
   6.9870050e+06   4.0588379e+01
   7.0095270e+06   6.8237305e+01
   7.0647900e+06   3.7963867e+01
   7.0680010e+06   6.2805176e+01
   7.1421520e+06   7.4096680e+01
   7.2036020e+06   3.8330078e+01
   7.2500540e+06   3.9855957e+01
   7.2698150e+06   4.1870117e+01
   7.3118790e+06   4.1503906e+01
   7.3160140e+06   3.8574219e+01
   7.4176050e+06   3.9978027e+01
   7.4335050e+06   3.9367676e+01
   7.4890000e+06   3.8452148e+01
   7.5375930e+06   3.8940430e+01
   7.5967680e+06   7.7148438e+01
   7.6018070e+06   3.8085938e+01
   7.6127110e+06   3.9978027e+01
   7.6168410e+06   7.7148438e+01
   7.6256680e+06   6.8420410e+01
   7.6323910e+06   3.8208008e+01
   7.6361550e+06   5.4748535e+01
   7.6602310e+06   3.9062500e+01
   7.6624660e+06   6.2805176e+01
   7.6706970e+06   5.8837891e+01
   7.6751580e+06   3.9733887e+01
   7.7231400e+06   3.8146973e+01
   7.7343930e+06   4.0710449e+01
   7.7846310e+06   3.8452148e+01
   7.8569040e+06   6.4025879e+01
   7.8643760e+06   7.6904297e+01
   7.8791950e+06   5.5297852e+01
   7.9530980e+06   6.8420410e+01
   7.9886820e+06   3.8391113e+01
   7.9894380e+06   5.5175781e+01
   7.9896250e+06   6.5551758e+01
   7.9897930e+06   4.6752930e+01
   7.9898400e+06   7.8247070e+01
   7.9898830e+06   3.8940430e+01
   7.9899070e+06   4.0588379e+01
   7.9899240e+06   1.1395264e+02
   7.9899660e+06   4.4982910e+01
   7.9899950e+06   6.5917969e+01
   7.9900070e+06   7.4035645e+01
   7.9900280e+06   9.8388672e+01
   7.9900420e+06   9.2529297e+01
   7.9900720e+06   7.5622559e+01
   7.9900870e+06   7.7392578e+01
   7.9901100e+06   5.6640625e+01
   7.9901240e+06   7.3791504e+01
   7.9901450e+06   1.0418701e+02
   7.9901660e+06   9.8937988e+01
   7.9901760e+06   4.8400879e+01
   7.9901910e+06   7.5744629e+01
   7.9902170e+06   7.2875977e+01
   7.9902280e+06   8.4716797e+01
   7.9902510e+06   5.1208496e+01
   7.9902690e+06   4.5410156e+01
   7.9902920e+06   5.2490234e+01
   7.9903230e+06   6.3232422e+01
   7.9903440e+06   4.1320801e+01
   7.9903590e+06   7.8979492e+01
   7.9903800e+06   5.2795410e+01
   7.9903900e+06   6.5612793e+01
   7.9904210e+06   4.5715332e+01
   7.9904380e+06   5.6335449e+01
   7.9904630e+06   3.9855957e+01
   7.9905130e+06   4.2236328e+01
   7.9905500e+06   6.9763184e+01
   7.9905700e+06   4.2602539e+01
   7.9906130e+06   4.6752930e+01
   7.9906690e+06   5.4138184e+01
   7.9907090e+06   4.9377441e+01
   7.9907470e+06   4.2602539e+01
   7.9907570e+06   6.5979004e+01
   7.9908260e+06   4.2785645e+01
   7.9908600e+06   3.8757324e+01
   7.9908880e+06   5.2185059e+01
   7.9909110e+06   4.5593262e+01
   7.9909410e+06   5.5053711e+01
   7.9909800e+06   6.6589355e+01
   7.9910100e+06   4.2297363e+01
   7.9911750e+06   4.5654297e+01
   7.9912410e+06   5.5664062e+01
   7.9913000e+06   4.0283203e+01
   7.9913950e+06   3.8024902e+01
   7.9914890e+06   6.1340332e+01
   7.9915020e+06   4.2053223e+01
   7.9917680e+06   4.3518066e+01
   7.9918930e+06   4.1442871e+01
   7.9920350e+06   4.6691895e+01
   7.9921870e+06   3.8208008e+01
   7.9922140e+06   3.8818359e+01
   7.9923550e+06   4.5654297e+01
   7.9924830e+06   4.1992188e+01
   7.9928390e+06   4.3945313e+01
   7.9968200e+06   5.1879883e+01
   7.9973900e+06   4.1931152e+01
   7.9978150e+06   5.1513672e+01
   7.9983060e+06   4.2663574e+01
   7.9987670e+06   4.9255371e+01
   7.9992470e+06   4.2297363e+01
   7.9997490e+06   4.3579102e+01
   8.0001910e+06   6.0119629e+01
   8.0003240e+06   3.8146973e+01
   8.0006780e+06   6.1584473e+01
   8.0007840e+06   4.3273926e+01
   8.0008320e+06   3.9978027e+01
   8.0008700e+06   6.8786621e+01
   8.0008930e+06   3.8940430e+01
   8.0009370e+06   9.0515137e+01
   8.0009590e+06   4.3457031e+01
   8.0009690e+06   3.9733887e+01
   8.0010420e+06   7.5256348e+01
   8.0010710e+06   4.2846680e+01
   8.0010870e+06   6.3049316e+01
   8.0011180e+06   1.2042236e+02
   8.0011650e+06   6.0607910e+01
   8.0011790e+06   3.9062500e+01
   8.0012110e+06   7.4462891e+01
   8.0012430e+06   4.9133301e+01
   8.0012720e+06   1.1486816e+02
   8.0012840e+06   7.8918457e+01
   8.0013270e+06   6.8420410e+01
   8.0013480e+06   9.9548340e+01
   8.0013650e+06   6.5856934e+01
   8.0013930e+06   5.4565430e+01
   8.0014190e+06   6.4941406e+01
   8.0014390e+06   8.1481934e+01
   8.0014800e+06   4.9560547e+01
   8.0014980e+06   4.8217773e+01
   8.0015220e+06   4.7607422e+01
   8.0015700e+06   6.6711426e+01
   8.0015930e+06   5.1147461e+01
   8.0016210e+06   4.2846680e+01
   8.0016510e+06   8.2946777e+01
   8.0016730e+06   4.0771484e+01
   8.0017000e+06   3.9367676e+01
   8.0017200e+06   3.9001465e+01
   8.0017470e+06   4.1503906e+01
   8.0017670e+06   5.8410645e+01
   8.0017880e+06   4.9133301e+01
   8.0018180e+06   5.7556152e+01
   8.0018400e+06   4.7058105e+01
   8.0018530e+06   5.3527832e+01
   8.0018900e+06   5.4199219e+01
   8.0019040e+06   5.5480957e+01
   8.0019210e+06   4.1503906e+01
   8.0019500e+06   4.2419434e+01
   8.0019780e+06   7.5805664e+01
   8.0019990e+06   7.4829102e+01
   8.0020350e+06   3.8635254e+01
   8.0020500e+06   4.4921875e+01
   8.0020780e+06   4.6936035e+01
   8.0021090e+06   5.0476074e+01
   8.0021430e+06   5.9570312e+01
   8.0021920e+06   4.6081543e+01
   8.0022030e+06   4.9377441e+01
   8.0022380e+06   4.8095703e+01
   8.0022610e+06   4.1809082e+01
   8.0022920e+06   5.0720215e+01
   8.0023310e+06   3.8269043e+01
   8.0023440e+06   6.0974121e+01
   8.0023730e+06   4.9682617e+01
   8.0023950e+06   4.6203613e+01
   8.0024660e+06   4.1137695e+01
   8.0024770e+06   4.6630859e+01
   8.0025120e+06   3.7963867e+01
   8.0025330e+06   3.9245605e+01
   8.0025630e+06   5.0537109e+01
   8.0025790e+06   3.8940430e+01
   8.0026800e+06   3.9611816e+01
   8.0027140e+06   3.9489746e+01
   8.0027250e+06   5.8044434e+01
   8.0027660e+06   4.8400879e+01
   8.0027790e+06   4.7058105e+01
   8.0028410e+06   4.4677734e+01
   8.0028780e+06   3.9001465e+01
   8.0029060e+06   4.9804688e+01
   8.0029550e+06   5.3161621e+01
   8.0029860e+06   4.8828125e+01
   8.0030160e+06   5.5358887e+01
   8.0030590e+06   3.9001465e+01
   8.0031660e+06   6.5612793e+01
   8.0032010e+06   3.9062500e+01
   8.0033080e+06   3.9733887e+01
   8.0033770e+06   3.8208008e+01
   8.0034400e+06   4.4616699e+01
   8.0036290e+06   4.1931152e+01
   8.0037370e+06   4.3762207e+01
   8.0040160e+06   4.6752930e+01
   8.0040670e+06   4.0649414e+01
   8.0043990e+06   5.9814453e+01
   8.0044930e+06   3.8696289e+01
   8.0046500e+06   3.8574219e+01
   8.0047990e+06   6.2072754e+01
   8.0050920e+06   4.5471191e+01
   8.0053980e+06   5.2185059e+01
   8.0054790e+06   4.0771484e+01
   8.0059230e+06   4.2297363e+01
   8.0064140e+06   4.1809082e+01
   8.0073480e+06   4.5104980e+01
   8.0078000e+06   5.3222656e+01
   8.0087930e+06   4.0100098e+01
   8.0093370e+06   4.0954590e+01
   8.0100790e+06   3.8330078e+01
   8.0107300e+06   4.5349121e+01
   8.0112810e+06   4.4006348e+01
   8.0117240e+06   4.2175293e+01
   8.0125850e+06   4.1198730e+01
   8.0132500e+06   4.2663574e+01
   8.0134160e+06   4.2602539e+01
   8.0134960e+06   8.8928223e+01
   8.0137750e+06   6.2194824e+01
   8.0138140e+06   3.9916992e+01
   8.0138500e+06   4.7058105e+01
   8.0140240e+06   6.6589355e+01
   8.0140710e+06   4.1137695e+01
   8.0140880e+06   8.3312988e+01
   8.0141290e+06   4.2663574e+01
   8.0141740e+06   6.4575195e+01
   8.0141970e+06   4.5288086e+01
   8.0142370e+06   5.0476074e+01
   8.0142700e+06   7.6538086e+01
   8.0142840e+06   4.5837402e+01
   8.0143110e+06   3.8574219e+01
   8.0143490e+06   4.0100098e+01
   8.0143770e+06   9.0881348e+01
   8.0143940e+06   1.1096191e+02
   8.0144500e+06   3.9794922e+01
   8.0144700e+06   4.8278809e+01
   8.0145530e+06   3.9428711e+01
   8.0145810e+06   5.4016113e+01
   8.0146110e+06   6.7443848e+01
   8.0146450e+06   5.0170898e+01
   8.0146660e+06   7.8735352e+01
   8.0147060e+06   5.2307129e+01
   8.0147260e+06   1.1126709e+02
   8.0147360e+06   5.4931641e+01
   8.0147590e+06   3.8330078e+01
   8.0147750e+06   7.7392578e+01
   8.0148100e+06   4.2114258e+01
   8.0148320e+06   4.0100098e+01
   8.0148440e+06   4.0954590e+01
   8.0148690e+06   3.9978027e+01
   8.0148910e+06   8.1604004e+01
   8.0149020e+06   4.5471191e+01
   8.0149480e+06   4.3457031e+01
   8.0149620e+06   5.2001953e+01
   8.0149790e+06   3.8024902e+01
   8.0150240e+06   6.3659668e+01
   8.0150400e+06   5.2062988e+01
   8.0150730e+06   8.0566406e+01
   8.0151090e+06   5.5786133e+01
   8.0151280e+06   5.6640625e+01
   8.0151560e+06   4.7363281e+01
   8.0152160e+06   9.5397949e+01
   8.0152750e+06   4.1564941e+01
   8.0153030e+06   6.1889648e+01
   8.0153240e+06   6.7626953e+01
   8.0153340e+06   4.1748047e+01
   8.0153600e+06   6.8969727e+01
   8.0154110e+06   6.2438965e+01
   8.0154610e+06   7.3303223e+01
   8.0155050e+06   4.5288086e+01
   8.0155350e+06   3.9062500e+01
   8.0155650e+06   4.8217773e+01
   8.0155770e+06   7.0007324e+01
   8.0156440e+06   4.4738770e+01
   8.0157030e+06   5.6518555e+01
   8.0157310e+06   5.1086426e+01
   8.0158470e+06   5.2734375e+01
   8.0159000e+06   5.6762695e+01
   8.0159220e+06   4.2724609e+01
   8.0159780e+06   3.8574219e+01
   8.0160120e+06   7.0556641e+01
   8.0160840e+06   4.3518066e+01
   8.0161120e+06   7.0495605e+01
   8.0161920e+06   4.8706055e+01
   8.0162100e+06   3.8696289e+01
   8.0162570e+06   4.6447754e+01
   8.0162790e+06   1.2365723e+02
   8.0163470e+06   4.5471191e+01
   8.0164080e+06   5.1269531e+01
   8.0165290e+06   5.0720215e+01
   8.0165940e+06   4.8034668e+01
   8.0166050e+06   4.7241211e+01
   8.0166500e+06   3.8513184e+01
   8.0167880e+06   3.8574219e+01
   8.0168460e+06   6.5368652e+01
   8.0169170e+06   4.0832520e+01
   8.0171460e+06   4.6447754e+01
   8.0171680e+06   5.5603027e+01
   8.0171890e+06   4.3334961e+01
   8.0173640e+06   4.3395996e+01
   8.0174370e+06   4.6752930e+01
   8.0174780e+06   5.4626465e+01
   8.0175250e+06   4.1076660e+01
   8.0178300e+06   6.2255859e+01
   8.0179160e+06   5.0170898e+01
   8.0182070e+06   5.9570312e+01
   8.0186800e+06   5.7861328e+01
   8.0199610e+06   3.9062500e+01
   8.0303200e+06   5.5175781e+01
   8.0394990e+06   5.9143066e+01
   8.0521830e+06   6.5124512e+01
   8.0654960e+06   6.2011719e+01
   8.0669090e+06   6.4941406e+01
   8.0688400e+06   5.6640625e+01
   8.0864970e+06   6.1828613e+01
   8.0874780e+06   4.0466309e+01
   8.0919820e+06   6.0119629e+01
   8.1234160e+06   5.2001953e+01
   8.1288320e+06   6.5429688e+01
   8.1711490e+06   4.2175293e+01
   8.1715450e+06   1.0937500e+02
   8.1792340e+06   7.9772949e+01
   8.1892170e+06   5.5969238e+01
   8.2221050e+06   3.8391113e+01
   8.2542300e+06   6.5612793e+01
   8.2561230e+06   6.5612793e+01
   8.2834580e+06   3.8574219e+01
   8.3540890e+06   4.0100098e+01
   8.3701340e+06   3.9611816e+01
   8.4247720e+06   4.2785645e+01
   8.4277770e+06   3.8146973e+01
   8.4402240e+06   5.4016113e+01
   8.5180280e+06   3.8879395e+01
   8.5970370e+06   4.3945312e+01
   8.6143820e+06   4.0039062e+01
   8.6283010e+06   3.9978027e+01
   8.6289440e+06   6.4575195e+01
   8.6352850e+06   4.5898438e+01
   8.6884680e+06   3.8269043e+01
   8.8060940e+06   4.0039062e+01
   8.8090170e+06   3.8391113e+01
   8.8692890e+06   3.9916992e+01
   8.8721270e+06   6.3049316e+01
   8.8722190e+06   4.6569824e+01
   8.8723550e+06   5.6396484e+01
   8.8724600e+06   4.6936035e+01
   8.8724970e+06   4.2358398e+01
   8.8725230e+06   4.2785645e+01
   8.8725440e+06   3.9367676e+01
   8.8725650e+06   1.0272217e+02
   8.8725790e+06   3.9123535e+01
   8.8725940e+06   7.0495605e+01
   8.8726110e+06   1.2322998e+02
   8.8726330e+06   1.7266846e+02
   8.8726470e+06   5.0415039e+01
   8.8726800e+06   5.3100586e+01
   8.8727030e+06   7.5866699e+01
   8.8727210e+06   1.6906738e+02
   8.8727350e+06   5.0231934e+01
   8.8727540e+06   1.3055420e+02
   8.8727820e+06   5.9692383e+01
   8.8728040e+06   7.1228027e+01
   8.8728330e+06   1.0729980e+02
   8.8728490e+06   6.2255859e+01
   8.8728800e+06   7.3974609e+01
   8.8729110e+06   5.2246094e+01
   8.8729360e+06   8.1298828e+01
   8.8729540e+06   6.7321777e+01
   8.8729880e+06   4.0039062e+01
   8.8730260e+06   6.1950684e+01
   8.8730650e+06   6.6284180e+01
   8.8730830e+06   5.9814453e+01
   8.8731170e+06   4.7180176e+01
   8.8731540e+06   5.5358887e+01
   8.8731740e+06   4.1564941e+01
   8.8731950e+06   4.5349121e+01
   8.8732260e+06   5.7800293e+01
   8.8733300e+06   5.1086426e+01
   8.8733470e+06   3.8757324e+01
   8.8733940e+06   3.8818359e+01
   8.8734130e+06   3.9611816e+01
   8.8734400e+06   4.9560547e+01
   8.8735240e+06   4.1320801e+01
   8.8735500e+06   5.3466797e+01
   8.8735890e+06   7.1166992e+01
   8.8736260e+06   4.2602539e+01
   8.8736760e+06   5.3100586e+01
   8.8737390e+06   3.9245605e+01
   8.8737950e+06   4.2907715e+01
   8.8738130e+06   4.9682617e+01
   8.8738620e+06   4.6142578e+01
   8.8739860e+06   6.4453125e+01
   8.8740170e+06   3.8085938e+01
   8.8740430e+06   4.3945313e+01
   8.8740530e+06   3.9855957e+01
   8.8741910e+06   6.9641113e+01
   8.8742390e+06   4.0527344e+01
   8.8743020e+06   4.4433594e+01
   8.8744020e+06   3.8085938e+01
   8.8744410e+06   4.6813965e+01
   8.8747070e+06   4.3334961e+01
   8.8750020e+06   4.1931152e+01
   8.8753660e+06   3.9489746e+01
   8.8820550e+06   3.7963867e+01
   8.8827760e+06   5.5603027e+01
   8.8831990e+06   6.1218262e+01
   8.8832490e+06   5.6152344e+01
   8.8833300e+06   4.1748047e+01
   8.8834000e+06   5.4016113e+01
   8.8836340e+06   4.9987793e+01
   8.8837020e+06   5.7189941e+01
   8.8837700e+06   5.3649902e+01
   8.8838160e+06   4.3945312e+01
   8.8839030e+06   4.1076660e+01
   8.8839370e+06   8.9843750e+01
   8.8839710e+06   9.6801758e+01
   8.8840000e+06   5.6030273e+01
   8.8840820e+06   5.5847168e+01
   8.8841030e+06   1.2329102e+02
   8.8841230e+06   6.4514160e+01
   8.8841530e+06   3.9428711e+01
   8.8841680e+06   1.1761475e+02
   8.8842230e+06   4.4921875e+01
   8.8842400e+06   7.3974609e+01
   8.8842610e+06   6.5612793e+01
   8.8842730e+06   7.9284668e+01
   8.8843010e+06   7.3974609e+01
   8.8843160e+06   5.5480957e+01
   8.8843400e+06   4.5959473e+01
   8.8844010e+06   7.3974609e+01
   8.8844200e+06   1.1553955e+02
   8.8844450e+06   5.4199219e+01
   8.8844610e+06   6.9946289e+01
   8.8844960e+06   5.0781250e+01
   8.8845240e+06   5.2673340e+01
   8.8845690e+06   7.0190430e+01
   8.8845850e+06   7.2448730e+01
   8.8846420e+06   8.4411621e+01
   8.8846900e+06   5.1391602e+01
   8.8847150e+06   5.8227539e+01
   8.8847440e+06   4.2297363e+01
   8.8847570e+06   4.0832520e+01
   8.8847860e+06   4.4433594e+01
   8.8848470e+06   5.1757812e+01
   8.8848640e+06   7.9406738e+01
   8.8848870e+06   5.6335449e+01
   8.8849050e+06   4.1870117e+01
   8.8849300e+06   5.7556152e+01
   8.8849530e+06   4.3518066e+01
   8.8849890e+06   4.4738770e+01
   8.8850120e+06   5.4748535e+01
   8.8850380e+06   4.9987793e+01
   8.8850620e+06   4.1564941e+01
   8.8850820e+06   4.8583984e+01
   8.8851010e+06   3.8452148e+01
   8.8851270e+06   4.3518066e+01
   8.8851400e+06   4.5898438e+01
   8.8851700e+06   3.8269043e+01
   8.8851830e+06   7.9101562e+01
   8.8852200e+06   3.8269043e+01
   8.8852570e+06   6.4147949e+01
   8.8852870e+06   6.5917969e+01
   8.8853380e+06   5.4748535e+01
   8.8853700e+06   4.4677734e+01
   8.8854130e+06   4.4677734e+01
   8.8854530e+06   6.3537598e+01
   8.8855010e+06   4.1992188e+01
   8.8855270e+06   4.5349121e+01
   8.8855550e+06   5.1330566e+01
   8.8856330e+06   4.6020508e+01
   8.8856640e+06   4.2053223e+01
   8.8857750e+06   6.8298340e+01
   8.8857920e+06   4.4128418e+01
   8.8858580e+06   5.2734375e+01
   8.8859560e+06   3.8146973e+01
   8.8859840e+06   5.7861328e+01
   8.8860780e+06   6.5734863e+01
   8.8861120e+06   5.0354004e+01
   8.8861750e+06   4.4677734e+01
   8.8862520e+06   4.1625977e+01
   8.8862630e+06   4.0527344e+01
   8.8863950e+06   7.7087402e+01
   8.8864560e+06   4.3762207e+01
   8.8865650e+06   4.4433594e+01
   8.8866330e+06   5.9997559e+01
   8.8868290e+06   4.3090820e+01
   8.8868930e+06   3.9062500e+01
   8.8869100e+06   5.9936523e+01
   8.8871520e+06   3.8452148e+01
   8.8872160e+06   3.9489746e+01
   8.8874860e+06   6.1218262e+01
   8.8875160e+06   3.9489746e+01
   8.8876490e+06   4.3029785e+01
   8.8878810e+06   8.2580566e+01
   8.8886100e+06   3.8879395e+01
   8.8890110e+06   3.8696289e+01
   8.8899820e+06   4.0466309e+01
   8.8910430e+06   3.9550781e+01
   8.8921930e+06   4.1625977e+01
   8.8929730e+06   4.6020508e+01
   8.8938960e+06   5.2001953e+01
   8.8971100e+06   5.4931641e+01
   8.8992460e+06   4.8034668e+01
   8.9110920e+06   6.5368652e+01
   8.9148550e+06   4.9560547e+01
   8.9172500e+06   5.9509277e+01
   8.9221910e+06   6.2438965e+01
   8.9260190e+06   5.3833008e+01
   8.9295880e+06   5.1391602e+01
   8.9468910e+06   4.8706055e+01
   8.9493720e+06   4.7302246e+01
   8.9565460e+06   4.3823242e+01
   8.9729410e+06   5.7861328e+01
   8.9892040e+06   3.8085938e+01
   8.9953090e+06   6.1401367e+01
