   1.1996000e+07   0.0000000e+00
   6.2093000e+04   1.2451172e+01
   6.4527000e+04   1.3305664e+01
   4.6088700e+05   1.1718750e+01
   6.5770200e+05   1.1291504e+01
   1.0804950e+06   1.1474609e+01
   1.2517740e+06   1.1596680e+01
   1.5144250e+06   1.1352539e+01
   1.8787680e+06   1.1657715e+01
   2.9144970e+06   1.1291504e+01
   3.2151930e+06   1.1169434e+01
   4.1857910e+06   1.1230469e+01
   5.3556470e+06   1.1291504e+01
   7.1742810e+06   1.1413574e+01
   8.3349880e+06   1.1230469e+01
   9.2404370e+06   1.1352539e+01
   1.1759367e+07   1.1962891e+01
