   1.1996000e+07   0.0000000e+00
   1.1837329e+07   7.0068359e+01
   1.1839379e+07   8.4838867e+01
   1.1839392e+07   5.5725098e+01
   1.1841259e+07   6.8237305e+02
   1.1841269e+07   1.7102051e+02
   1.1841289e+07   1.9311523e+02
   1.1841316e+07   1.4056396e+02
   1.1841335e+07   1.1859131e+02
   1.1841362e+07   8.5083008e+01
   1.1841382e+07   8.7585449e+01
   1.1841511e+07   5.6823730e+01
   1.1841600e+07   5.5847168e+01
   1.1841631e+07   8.5327148e+01
   1.1841654e+07   5.0476074e+01
   1.1841685e+07   7.5500488e+01
   1.1841760e+07   5.3100586e+01
   1.1841783e+07   6.1218262e+01
   1.1841812e+07   8.0627441e+01
   1.1841838e+07   5.4199219e+01
   1.1841865e+07   5.2062988e+01
   1.1841888e+07   5.0537109e+01
   1.1841913e+07   5.2612305e+01
   1.1842003e+07   5.6701660e+01
   1.1842052e+07   7.2570801e+01
   1.1842095e+07   6.8908691e+01
   1.1842124e+07   6.0180664e+01
   1.1842141e+07   5.4809570e+01
   1.1842270e+07   5.2001953e+01
   1.1842300e+07   7.5073242e+01
   1.1842325e+07   6.5429688e+01
   1.1842345e+07   5.9509277e+01
   1.1842361e+07   5.0964355e+01
   1.1842379e+07   5.2978516e+01
   1.1842442e+07   5.4382324e+01
   1.1842507e+07   5.2062988e+01
   1.1842568e+07   5.9082031e+01
   1.1842616e+07   7.0129395e+01
   1.1842649e+07   6.0180664e+01
   1.1842662e+07   6.6406250e+01
   1.1842689e+07   5.9387207e+01
   1.1842723e+07   6.0607910e+01
   1.1842753e+07   5.7800293e+01
   1.1842831e+07   5.2062988e+01
   1.1842845e+07   5.4504395e+01
   1.1842876e+07   5.7434082e+01
   1.1842905e+07   6.7382813e+01
   1.1842972e+07   6.4758301e+01
   1.1843001e+07   5.8349609e+01
   1.1843047e+07   5.1513672e+01
   1.1843075e+07   5.2368164e+01
   1.1843149e+07   5.1330566e+01
   1.1843191e+07   4.9987793e+01
   1.1843210e+07   5.2185059e+01
   1.1843223e+07   5.0354004e+01
   1.1843252e+07   5.3039551e+01
   1.1843284e+07   6.7871094e+01
   1.1843315e+07   6.2744141e+01
   1.1843341e+07   5.1147461e+01
   1.1843366e+07   5.3588867e+01
   1.1843427e+07   5.5114746e+01
   1.1843508e+07   6.5002441e+01
   1.1843559e+07   5.1208496e+01
   1.1843602e+07   6.9458008e+01
   1.1843675e+07   5.9387207e+01
   1.1843710e+07   5.2307129e+01
   1.1843723e+07   5.0598145e+01
   1.1843750e+07   7.9589844e+01
   1.1843782e+07   7.3425293e+01
   1.1843817e+07   6.0302734e+01
   1.1843829e+07   5.0292969e+01
   1.1843865e+07   6.7443848e+01
   1.1843891e+07   5.7006836e+01
   1.1843932e+07   5.2978516e+01
   1.1843988e+07   5.4443359e+01
   1.1844009e+07   5.2307129e+01
   1.1844062e+07   5.1147461e+01
   1.1844140e+07   4.9987793e+01
   1.1844174e+07   5.3344727e+01
   1.1844191e+07   5.9265137e+01
   1.1844207e+07   5.7617188e+01
   1.1844253e+07   5.9753418e+01
   1.1844307e+07   5.9509277e+01
   1.1844352e+07   6.0974121e+01
   1.1844471e+07   6.1950684e+01
   1.1844485e+07   5.5786133e+01
   1.1844505e+07   6.5917969e+01
   1.1844564e+07   5.0476074e+01
   1.1844588e+07   6.0791016e+01
   1.1844666e+07   5.0354004e+01
   1.1844687e+07   6.0241699e+01
   1.1844716e+07   5.6457520e+01
   1.1844744e+07   6.0546875e+01
   1.1844782e+07   6.8359375e+01
   1.1844821e+07   6.0058594e+01
   1.1844852e+07   6.4819336e+01
   1.1844869e+07   5.3039551e+01
   1.1844892e+07   5.5236816e+01
   1.1844932e+07   5.3710938e+01
   1.1845047e+07   5.7617188e+01
   1.1845125e+07   6.3842773e+01
   1.1845142e+07   5.1147461e+01
   1.1845172e+07   5.8105469e+01
   1.1845202e+07   5.1757812e+01
   1.1845237e+07   6.0729980e+01
   1.1845260e+07   6.7626953e+01
   1.1845271e+07   5.6030273e+01
   1.1845329e+07   5.7983398e+01
   1.1845343e+07   5.7983398e+01
   1.1845381e+07   5.3833008e+01
   1.1845404e+07   5.6213379e+01
   1.1845447e+07   5.2307129e+01
   1.1845502e+07   6.9091797e+01
   1.1845532e+07   7.0983887e+01
   1.1845569e+07   7.0190430e+01
   1.1845590e+07   5.1879883e+01
   1.1845623e+07   5.2307129e+01
   1.1845697e+07   6.8786621e+01
   1.1845779e+07   6.4880371e+01
   1.1845825e+07   5.2368164e+01
   1.1845859e+07   6.3354492e+01
   1.1845899e+07   6.5795898e+01
   1.1845938e+07   5.5480957e+01
   1.1845981e+07   5.4443359e+01
   1.1846025e+07   5.8105469e+01
   1.1846044e+07   7.2814941e+01
   1.1846087e+07   6.2744141e+01
   1.1846127e+07   5.7983398e+01
   1.1846203e+07   5.8349609e+01
   1.1846232e+07   4.9987793e+01
   1.1846244e+07   5.1940918e+01
   1.1846287e+07   5.9448242e+01
   1.1846324e+07   6.0302734e+01
   1.1846353e+07   5.5358887e+01
   1.1846444e+07   6.0424805e+01
   1.1846492e+07   5.6945801e+01
   1.1846591e+07   5.3649902e+01
   1.1846613e+07   5.7922363e+01
   1.1846715e+07   5.4565430e+01
   1.1846747e+07   5.5908203e+01
   1.1846765e+07   5.2673340e+01
   1.1846795e+07   5.7006836e+01
   1.1846836e+07   5.0781250e+01
   1.1846890e+07   5.3588867e+01
   1.1846904e+07   5.2062988e+01
   1.1847017e+07   5.9875488e+01
   1.1847072e+07   5.0048828e+01
   1.1847202e+07   5.3283691e+01
   1.1847221e+07   5.3771973e+01
   1.1847251e+07   6.8786621e+01
   1.1847291e+07   5.7250977e+01
   1.1847344e+07   5.6762695e+01
   1.1847370e+07   5.7739258e+01
   1.1847400e+07   5.3710938e+01
   1.1847432e+07   6.1462402e+01
   1.1847466e+07   5.4992676e+01
   1.1847490e+07   5.1208496e+01
   1.1847551e+07   7.2570801e+01
   1.1847579e+07   5.5908203e+01
   1.1847610e+07   5.4992676e+01
   1.1847656e+07   5.5664062e+01
   1.1847685e+07   5.7739258e+01
   1.1847713e+07   8.8562012e+01
   1.1847730e+07   6.9946289e+01
   1.1847752e+07   5.5236816e+01
   1.1847800e+07   5.0048828e+01
   1.1847838e+07   5.6213379e+01
   1.1847863e+07   6.1950684e+01
   1.1847896e+07   5.3039551e+01
   1.1847936e+07   5.1025391e+01
   1.1847962e+07   5.7312012e+01
   1.1847979e+07   6.0607910e+01
   1.1848010e+07   5.8776855e+01
   1.1848039e+07   5.8532715e+01
   1.1848090e+07   5.4809570e+01
   1.1848121e+07   5.2856445e+01
   1.1848144e+07   5.7189941e+01
   1.1848164e+07   5.7006836e+01
   1.1848217e+07   6.1157227e+01
   1.1848292e+07   6.8481445e+01
   1.1848375e+07   5.1147461e+01
   1.1848385e+07   6.4941406e+01
   1.1848417e+07   5.6396484e+01
   1.1848472e+07   6.3171387e+01
   1.1848521e+07   5.6396484e+01
   1.1848531e+07   5.7983398e+01
   1.1848552e+07   5.5175781e+01
   1.1848589e+07   6.1889648e+01
   1.1848608e+07   6.0119629e+01
   1.1848625e+07   5.2917480e+01
   1.1848650e+07   5.4321289e+01
   1.1848678e+07   5.6823730e+01
   1.1848699e+07   5.2246094e+01
   1.1848725e+07   5.3527832e+01
   1.1848776e+07   5.8593750e+01
   1.1848915e+07   5.1635742e+01
   1.1848932e+07   6.0791016e+01
   1.1848969e+07   5.8532715e+01
   1.1849007e+07   5.8166504e+01
   1.1849053e+07   6.3537598e+01
   1.1849076e+07   5.0231934e+01
   1.1849086e+07   5.6762695e+01
   1.1849100e+07   7.6721191e+01
   1.1849130e+07   6.2744141e+01
   1.1849145e+07   6.4392090e+01
   1.1849189e+07   5.7617188e+01
   1.1849279e+07   5.3771973e+01
   1.1849330e+07   6.1096191e+01
   1.1849344e+07   5.0109863e+01
   1.1849406e+07   5.0537109e+01
   1.1849424e+07   5.0292969e+01
   1.1849454e+07   5.2246094e+01
   1.1849526e+07   5.8410645e+01
   1.1849568e+07   5.7800293e+01
   1.1849586e+07   5.7067871e+01
   1.1849627e+07   7.7758789e+01
   1.1849711e+07   6.1767578e+01
   1.1849741e+07   5.7922363e+01
   1.1849792e+07   5.3100586e+01
   1.1849833e+07   6.9763184e+01
   1.1849851e+07   5.2001953e+01
   1.1849870e+07   5.7617188e+01
   1.1849891e+07   5.1635742e+01
   1.1849912e+07   5.3283691e+01
   1.1850053e+07   5.1757812e+01
   1.1850115e+07   5.2185059e+01
   1.1850156e+07   7.1044922e+01
   1.1850207e+07   5.4016113e+01
   1.1850222e+07   6.1340332e+01
   1.1850273e+07   5.0659180e+01
   1.1850285e+07   5.0781250e+01
   1.1850316e+07   5.0781250e+01
   1.1850453e+07   5.1391602e+01
   1.1850474e+07   5.0598145e+01
   1.1850528e+07   5.5480957e+01
   1.1850567e+07   6.3110352e+01
   1.1850585e+07   5.1513672e+01
   1.1850696e+07   6.1523438e+01
   1.1850727e+07   5.7312012e+01
   1.1850787e+07   5.1757812e+01
   1.1850857e+07   5.7617188e+01
   1.1850892e+07   6.3537598e+01
   1.1850978e+07   6.0607910e+01
   1.1851032e+07   5.6213379e+01
   1.1851055e+07   5.2551270e+01
   1.1851105e+07   6.9946289e+01
   1.1851161e+07   5.6884766e+01
   1.1851220e+07   5.6640625e+01
   1.1851256e+07   5.7067871e+01
   1.1851266e+07   6.0180664e+01
   1.1851368e+07   7.4645996e+01
   1.1851394e+07   7.0617676e+01
   1.1851460e+07   5.2490234e+01
   1.1851497e+07   7.2326660e+01
   1.1851508e+07   5.4443359e+01
   1.1851539e+07   5.9082031e+01
   1.1851564e+07   5.9204102e+01
   1.1851621e+07   5.6823730e+01
   1.1851665e+07   6.9641113e+01
   1.1851676e+07   5.6030273e+01
   1.1851692e+07   7.3181152e+01
   1.1851705e+07   6.3354492e+01
   1.1851724e+07   6.7565918e+01
   1.1851770e+07   5.5786133e+01
   1.1851795e+07   5.3466797e+01
   1.1851833e+07   5.1818848e+01
   1.1851867e+07   5.0537109e+01
   1.1851877e+07   5.3649902e+01
   1.1851941e+07   6.5734863e+01
   1.1851971e+07   6.8115234e+01
   1.1851988e+07   6.1035156e+01
   1.1852028e+07   5.4199219e+01
   1.1852072e+07   5.5541992e+01
   1.1852120e+07   5.7067871e+01
   1.1852137e+07   7.5317383e+01
   1.1852175e+07   5.9448242e+01
   1.1852203e+07   5.4199219e+01
   1.1852225e+07   5.3649902e+01
   1.1852252e+07   6.0974121e+01
   1.1852309e+07   5.1269531e+01
   1.1852372e+07   5.1086426e+01
   1.1852405e+07   6.0058594e+01
   1.1852430e+07   5.0598145e+01
   1.1852473e+07   6.4147949e+01
   1.1852484e+07   6.2500000e+01
   1.1852588e+07   5.8349609e+01
   1.1852667e+07   5.4199219e+01
   1.1852679e+07   5.2124023e+01
   1.1852718e+07   6.1096191e+01
   1.1852749e+07   8.2641602e+01
   1.1852784e+07   5.0659180e+01
   1.1852800e+07   5.0109863e+01
   1.1852860e+07   5.2368164e+01
   1.1852881e+07   6.1462402e+01
   1.1853012e+07   7.3608398e+01
   1.1853052e+07   6.1523438e+01
   1.1853069e+07   5.3466797e+01
   1.1853084e+07   5.5908203e+01
   1.1853107e+07   5.2062988e+01
   1.1853135e+07   5.3710938e+01
   1.1853170e+07   5.1086426e+01
   1.1853194e+07   5.4199219e+01
   1.1853231e+07   5.6091309e+01
   1.1853259e+07   5.8288574e+01
   1.1853285e+07   6.1828613e+01
   1.1853313e+07   5.8471680e+01
   1.1853338e+07   6.4514160e+01
   1.1853423e+07   5.5603027e+01
   1.1853443e+07   5.5358887e+01
   1.1853466e+07   5.7617188e+01
   1.1853501e+07   5.7556152e+01
   1.1853542e+07   5.8227539e+01
   1.1853593e+07   6.7077637e+01
   1.1853631e+07   5.1879883e+01
   1.1853646e+07   6.5979004e+01
   1.1853670e+07   6.2805176e+01
   1.1853687e+07   6.4208984e+01
   1.1853720e+07   5.9875488e+01
   1.1853731e+07   4.9987793e+01
   1.1853770e+07   6.1279297e+01
   1.1853797e+07   6.1950684e+01
   1.1853826e+07   6.5612793e+01
   1.1853872e+07   5.6701660e+01
   1.1853914e+07   6.1767578e+01
   1.1853980e+07   5.0109863e+01
   1.1854014e+07   6.1828613e+01
   1.1854053e+07   6.8603516e+01
   1.1854086e+07   5.0231934e+01
   1.1854139e+07   5.7556152e+01
   1.1854154e+07   5.3222656e+01
   1.1854174e+07   5.1696777e+01
   1.1854256e+07   6.1462402e+01
   1.1854289e+07   5.2429199e+01
   1.1854326e+07   5.5419922e+01
   1.1854387e+07   6.1340332e+01
   1.1854416e+07   7.5622559e+01
   1.1854438e+07   5.3405762e+01
   1.1854465e+07   5.9814453e+01
   1.1854501e+07   5.6274414e+01
   1.1854546e+07   5.5847168e+01
   1.1854575e+07   6.1340332e+01
   1.1854597e+07   6.1462402e+01
   1.1854671e+07   5.5480957e+01
   1.1854695e+07   5.4504395e+01
   1.1854726e+07   6.1645508e+01
   1.1854764e+07   7.4462891e+01
   1.1854789e+07   6.4514160e+01
   1.1854853e+07   6.0363770e+01
   1.1854883e+07   6.1645508e+01
   1.1854917e+07   6.6894531e+01
   1.1854949e+07   5.5419922e+01
   1.1854962e+07   5.7373047e+01
   1.1855011e+07   9.2651367e+01
   1.1855034e+07   5.0720215e+01
   1.1855061e+07   6.4880371e+01
   1.1855071e+07   6.7687988e+01
   1.1855113e+07   6.2500000e+01
   1.1855174e+07   6.0607910e+01
   1.1855189e+07   6.6772461e+01
   1.1855208e+07   5.2490234e+01
   1.1855238e+07   5.2612305e+01
   1.1855284e+07   5.1330566e+01
   1.1855318e+07   5.3222656e+01
   1.1855349e+07   5.0170898e+01
   1.1855360e+07   5.1818848e+01
   1.1855393e+07   6.2805176e+01
   1.1855413e+07   5.0415039e+01
   1.1855498e+07   5.6640625e+01
   1.1855529e+07   5.0964355e+01
   1.1855580e+07   5.8715820e+01
   1.1855599e+07   5.1086426e+01
   1.1855686e+07   5.2368164e+01
   1.1855723e+07   6.2805176e+01
   1.1855781e+07   5.0109863e+01
   1.1855807e+07   6.9702148e+01
   1.1855824e+07   5.5541992e+01
   1.1855868e+07   5.3833008e+01
   1.1855886e+07   5.0964355e+01
   1.1855900e+07   6.2072754e+01
   1.1855918e+07   5.5053711e+01
   1.1855977e+07   5.9753418e+01
   1.1856086e+07   5.7800293e+01
   1.1856142e+07   5.1879883e+01
   1.1856220e+07   6.2194824e+01
   1.1856236e+07   5.1147461e+01
   1.1856271e+07   5.5236816e+01
   1.1856293e+07   6.7504883e+01
   1.1856353e+07   6.5856934e+01
   1.1856367e+07   5.3344727e+01
   1.1856421e+07   5.7312012e+01
   1.1856489e+07   6.0424805e+01
   1.1856505e+07   5.7067871e+01
   1.1856540e+07   5.7373047e+01
   1.1856551e+07   5.2917480e+01
   1.1856576e+07   5.6945801e+01
   1.1856611e+07   5.4748535e+01
   1.1856625e+07   5.6396484e+01
   1.1856694e+07   5.3649902e+01
   1.1856726e+07   6.1462402e+01
   1.1856771e+07   6.2255859e+01
   1.1856802e+07   5.8898926e+01
   1.1856858e+07   6.5551758e+01
   1.1856889e+07   5.0903320e+01
   1.1856933e+07   5.4016113e+01
   1.1856962e+07   5.7922363e+01
   1.1857015e+07   5.1391602e+01
   1.1857045e+07   5.7739258e+01
   1.1857122e+07   5.0415039e+01
   1.1857213e+07   5.5603027e+01
   1.1857255e+07   6.3781738e+01
   1.1857278e+07   5.7189941e+01
   1.1857314e+07   5.8593750e+01
   1.1857332e+07   5.1879883e+01
   1.1857371e+07   7.5134277e+01
   1.1857428e+07   7.4340820e+01
   1.1857468e+07   5.2673340e+01
   1.1857480e+07   6.8847656e+01
   1.1857542e+07   5.1879883e+01
   1.1857563e+07   5.0231934e+01
   1.1857587e+07   5.4626465e+01
   1.1857611e+07   5.4626465e+01
   1.1857649e+07   5.1757812e+01
   1.1857697e+07   5.3161621e+01
   1.1857707e+07   6.2011719e+01
   1.1857754e+07   5.7495117e+01
   1.1857774e+07   5.2062988e+01
   1.1857793e+07   6.3476562e+01
   1.1857839e+07   5.1879883e+01
   1.1857875e+07   5.7189941e+01
   1.1857957e+07   5.5664062e+01
   1.1857971e+07   5.0109863e+01
   1.1858025e+07   5.6823730e+01
   1.1858067e+07   6.4025879e+01
   1.1858124e+07   5.0964355e+01
   1.1858142e+07   5.6335449e+01
   1.1858200e+07   5.9936523e+01
   1.1858239e+07   5.4504395e+01
   1.1858277e+07   5.6152344e+01
   1.1858312e+07   5.0231934e+01
   1.1858338e+07   7.5744629e+01
   1.1858356e+07   5.0903320e+01
   1.1858379e+07   6.0241699e+01
   1.1858440e+07   5.0720215e+01
   1.1858450e+07   6.3415527e+01
   1.1858538e+07   6.1767578e+01
   1.1858565e+07   5.9814453e+01
   1.1858602e+07   6.6223145e+01
   1.1858648e+07   5.5908203e+01
   1.1858774e+07   7.8796387e+01
   1.1858819e+07   6.1706543e+01
   1.1858848e+07   5.0659180e+01
   1.1858860e+07   5.1635742e+01
   1.1858911e+07   6.8298340e+01
   1.1858924e+07   5.7678223e+01
   1.1858944e+07   9.1430664e+01
   1.1858975e+07   5.0537109e+01
   1.1858995e+07   5.3588867e+01
   1.1859041e+07   5.6396484e+01
   1.1859072e+07   5.6823730e+01
   1.1859105e+07   5.8837891e+01
   1.1859124e+07   5.6335449e+01
   1.1859163e+07   5.5297852e+01
   1.1859201e+07   5.4748535e+01
   1.1859286e+07   5.4565430e+01
   1.1859337e+07   5.2978516e+01
   1.1859357e+07   5.0964355e+01
   1.1859437e+07   5.4138184e+01
   1.1859447e+07   6.5917969e+01
   1.1859502e+07   6.0852051e+01
   1.1859599e+07   5.1940918e+01
   1.1859621e+07   7.8002930e+01
   1.1859721e+07   6.1767578e+01
   1.1859758e+07   6.3537598e+01
   1.1859785e+07   5.9631348e+01
   1.1859808e+07   5.4992676e+01
   1.1859831e+07   6.2683105e+01
   1.1859874e+07   5.0537109e+01
   1.1859912e+07   6.3232422e+01
   1.1859958e+07   6.1218262e+01
   1.1859980e+07   5.2490234e+01
   1.1859995e+07   5.8715820e+01
   1.1860017e+07   6.2622070e+01
   1.1860051e+07   7.3547363e+01
   1.1860070e+07   7.1838379e+01
   1.1860092e+07   5.8044434e+01
   1.1860114e+07   6.2133789e+01
   1.1860148e+07   5.8532715e+01
   1.1860178e+07   5.1452637e+01
   1.1860204e+07   5.7067871e+01
   1.1860248e+07   6.2438965e+01
   1.1860263e+07   6.4758301e+01
   1.1860284e+07   5.2062988e+01
   1.1860306e+07   5.0598145e+01
   1.1860340e+07   5.7067871e+01
   1.1860367e+07   7.1472168e+01
   1.1860410e+07   5.1086426e+01
   1.1860464e+07   5.8837891e+01
   1.1860520e+07   5.4382324e+01
   1.1860535e+07   5.0964355e+01
   1.1860587e+07   5.9265137e+01
   1.1860613e+07   6.0913086e+01
   1.1860635e+07   5.3833008e+01
   1.1860667e+07   5.2917480e+01
   1.1860713e+07   6.2011719e+01
   1.1860754e+07   5.1330566e+01
   1.1860779e+07   5.3710938e+01
   1.1860809e+07   5.9814453e+01
   1.1860837e+07   5.1269531e+01
   1.1860851e+07   5.3283691e+01
   1.1860883e+07   6.5551758e+01
   1.1860913e+07   5.8715820e+01
   1.1860932e+07   6.9824219e+01
   1.1860949e+07   5.1940918e+01
   1.1860977e+07   5.6579590e+01
   1.1861007e+07   6.2500000e+01
   1.1861064e+07   5.9753418e+01
   1.1861081e+07   5.7556152e+01
   1.1861102e+07   7.1777344e+01
   1.1861116e+07   5.4748535e+01
   1.1861152e+07   6.6040039e+01
   1.1861216e+07   5.6823730e+01
   1.1861238e+07   5.1208496e+01
   1.1861276e+07   5.1086426e+01
   1.1861320e+07   5.1818848e+01
   1.1861385e+07   5.2307129e+01
   1.1861438e+07   5.9692383e+01
   1.1861473e+07   6.3781738e+01
   1.1861517e+07   5.0109863e+01
   1.1861532e+07   6.2927246e+01
   1.1861553e+07   5.7739258e+01
   1.1861570e+07   5.4565430e+01
   1.1861613e+07   5.8288574e+01
   1.1861661e+07   5.1269531e+01
   1.1861690e+07   5.1269531e+01
   1.1861826e+07   5.9509277e+01
   1.1861870e+07   5.4321289e+01
   1.1861895e+07   6.2133789e+01
   1.1861963e+07   5.7678223e+01
   1.1862014e+07   5.0659180e+01
   1.1862086e+07   5.6335449e+01
   1.1862116e+07   7.2387695e+01
   1.1862128e+07   5.4443359e+01
   1.1862142e+07   6.2927246e+01
   1.1862191e+07   5.8532715e+01
   1.1862228e+07   6.8359375e+01
   1.1862246e+07   5.7495117e+01
   1.1862280e+07   5.8471680e+01
   1.1862310e+07   5.4077148e+01
   1.1862344e+07   5.6213379e+01
   1.1862384e+07   5.8959961e+01
   1.1862411e+07   5.0048828e+01
   1.1862425e+07   5.3955078e+01
   1.1862456e+07   6.3537598e+01
   1.1862481e+07   6.3476562e+01
   1.1862508e+07   5.5603027e+01
   1.1862543e+07   5.8776855e+01
   1.1862582e+07   5.2429199e+01
   1.1862634e+07   5.2978516e+01
   1.1862665e+07   5.5908203e+01
   1.1862691e+07   6.6833496e+01
   1.1862705e+07   6.5307617e+01
   1.1862739e+07   6.1950684e+01
   1.1862776e+07   5.1574707e+01
   1.1862813e+07   4.9987793e+01
   1.1862842e+07   5.0537109e+01
   1.1862885e+07   5.4077148e+01
   1.1862916e+07   6.4270020e+01
   1.1862985e+07   5.9082031e+01
   1.1863031e+07   5.2490234e+01
   1.1863075e+07   5.2368164e+01
   1.1863085e+07   8.5327148e+01
   1.1863151e+07   5.1696777e+01
   1.1863179e+07   5.7128906e+01
   1.1863194e+07   6.3171387e+01
   1.1863226e+07   5.0964355e+01
   1.1863244e+07   5.2673340e+01
   1.1863267e+07   5.9387207e+01
   1.1863323e+07   5.4992676e+01
   1.1863370e+07   5.0170898e+01
   1.1863397e+07   6.5612793e+01
   1.1863456e+07   5.5297852e+01
   1.1863535e+07   6.4453125e+01
   1.1863578e+07   5.2429199e+01
   1.1863602e+07   5.4748535e+01
   1.1863628e+07   5.5664062e+01
   1.1863648e+07   6.3110352e+01
   1.1863677e+07   6.0729980e+01
   1.1863710e+07   5.0659180e+01
   1.1863732e+07   6.9580078e+01
   1.1863749e+07   6.5002441e+01
   1.1863773e+07   6.6223145e+01
   1.1863852e+07   5.3283691e+01
   1.1863882e+07   6.6406250e+01
   1.1863949e+07   5.5786133e+01
   1.1863980e+07   5.6030273e+01
   1.1863997e+07   5.9997559e+01
   1.1864049e+07   5.6213379e+01
   1.1864081e+07   5.0048828e+01
   1.1864110e+07   5.2001953e+01
   1.1864129e+07   5.3710938e+01
   1.1864169e+07   5.6274414e+01
   1.1864180e+07   5.7739258e+01
   1.1864202e+07   6.2561035e+01
   1.1864295e+07   5.9814453e+01
   1.1864321e+07   7.1166992e+01
   1.1864337e+07   5.7861328e+01
   1.1864363e+07   5.1391602e+01
   1.1864390e+07   5.4870605e+01
   1.1864402e+07   5.1574707e+01
   1.1864441e+07   5.8227539e+01
   1.1864464e+07   5.3894043e+01
   1.1864520e+07   6.4819336e+01
   1.1864533e+07   6.0791016e+01
   1.1864567e+07   7.3242188e+01
   1.1864578e+07   5.4382324e+01
   1.1864612e+07   5.3710938e+01
   1.1864688e+07   6.2805176e+01
   1.1864772e+07   5.8349609e+01
   1.1864814e+07   6.9274902e+01
   1.1864825e+07   7.2082520e+01
   1.1864856e+07   5.8349609e+01
   1.1864873e+07   5.0109863e+01
   1.1864888e+07   8.5693359e+01
   1.1864920e+07   6.6528320e+01
   1.1864950e+07   5.5358887e+01
   1.1864973e+07   7.1533203e+01
   1.1865005e+07   6.4086914e+01
   1.1865028e+07   5.9448242e+01
   1.1865054e+07   5.7739258e+01
   1.1865071e+07   7.8857422e+01
   1.1865104e+07   5.9509277e+01
   1.1865153e+07   5.0170898e+01
   1.1865187e+07   6.7932129e+01
   1.1865236e+07   6.3110352e+01
   1.1865260e+07   6.1584473e+01
   1.1865289e+07   6.0668945e+01
   1.1865324e+07   5.0598145e+01
   1.1865343e+07   5.3894043e+01
   1.1865367e+07   6.5124512e+01
   1.1865415e+07   6.2011719e+01
   1.1865515e+07   5.1879883e+01
   1.1865557e+07   5.4870605e+01
   1.1865587e+07   5.3466797e+01
   1.1865614e+07   5.1818848e+01
   1.1865646e+07   5.4626465e+01
   1.1865661e+07   7.1166992e+01
   1.1865688e+07   5.2551270e+01
   1.1865733e+07   5.3710938e+01
   1.1865769e+07   5.5053711e+01
   1.1865793e+07   5.1513672e+01
   1.1865834e+07   5.4016113e+01
   1.1865850e+07   5.2917480e+01
   1.1865959e+07   5.5603027e+01
   1.1865974e+07   6.2255859e+01
   1.1866020e+07   7.8002930e+01
   1.1866037e+07   5.6518555e+01
   1.1866098e+07   5.0598145e+01
   1.1866115e+07   5.0598145e+01
   1.1866164e+07   6.2866211e+01
   1.1866177e+07   5.6335449e+01
   1.1866216e+07   5.0964355e+01
   1.1866245e+07   5.0537109e+01
   1.1866278e+07   6.1340332e+01
   1.1866304e+07   6.8786621e+01
   1.1866344e+07   5.0048828e+01
   1.1866395e+07   5.2062988e+01
   1.1866425e+07   5.2978516e+01
   1.1866477e+07   5.1818848e+01
   1.1866538e+07   5.3588867e+01
   1.1866577e+07   6.2072754e+01
   1.1866595e+07   6.6223145e+01
   1.1866618e+07   5.1391602e+01
   1.1866668e+07   5.6884766e+01
   1.1866680e+07   5.1757813e+01
   1.1866711e+07   5.7006836e+01
   1.1866771e+07   6.7749023e+01
   1.1866784e+07   5.8410645e+01
   1.1866809e+07   5.3833008e+01
   1.1866916e+07   5.0720215e+01
   1.1867013e+07   7.4462891e+01
   1.1867029e+07   5.1025391e+01
   1.1867074e+07   5.3100586e+01
   1.1867109e+07   5.4687500e+01
   1.1867171e+07   5.8471680e+01
   1.1867366e+07   5.2429199e+01
   1.1867411e+07   5.4382324e+01
   1.1867434e+07   5.1330566e+01
   1.1867466e+07   6.6162109e+01
   1.1867481e+07   6.7443848e+01
   1.1867497e+07   6.1889648e+01
   1.1867538e+07   7.8063965e+01
   1.1867560e+07   5.0964355e+01
   1.1867637e+07   7.1411133e+01
   1.1867659e+07   5.1879883e+01
   1.1867731e+07   6.8115234e+01
   1.1867747e+07   5.2612305e+01
   1.1867835e+07   5.1818848e+01
   1.1867846e+07   6.4575195e+01
   1.1867895e+07   5.2734375e+01
   1.1867927e+07   7.1960449e+01
   1.1867984e+07   6.4636230e+01
   1.1868004e+07   8.1665039e+01
   1.1868086e+07   6.3110352e+01
   1.1868118e+07   7.7758789e+01
   1.1868144e+07   5.0170898e+01
   1.1868167e+07   8.3740234e+01
   1.1868180e+07   7.2875977e+01
   1.1868216e+07   5.2307129e+01
   1.1868239e+07   5.5908203e+01
   1.1868254e+07   5.0170898e+01
   1.1868281e+07   5.5969238e+01
   1.1868321e+07   6.0852051e+01
   1.1868352e+07   6.9335938e+01
   1.1868368e+07   6.4819336e+01
   1.1868388e+07   5.0292969e+01
   1.1868409e+07   5.1574707e+01
   1.1868488e+07   6.7138672e+01
   1.1868546e+07   5.3100586e+01
   1.1868586e+07   5.4687500e+01
   1.1868641e+07   5.0231934e+01
   1.1868668e+07   5.2307129e+01
   1.1868687e+07   5.5725098e+01
   1.1868697e+07   5.7495117e+01
   1.1868719e+07   5.1208496e+01
   1.1868786e+07   5.2551270e+01
   1.1868801e+07   7.2204590e+01
   1.1868842e+07   6.5856934e+01
   1.1868858e+07   6.1096191e+01
   1.1868892e+07   5.1696777e+01
   1.1868916e+07   5.7006836e+01
   1.1868957e+07   6.7443848e+01
   1.1869009e+07   5.4626465e+01
   1.1869060e+07   5.2551270e+01
   1.1869105e+07   5.7678223e+01
   1.1869138e+07   5.5114746e+01
   1.1869169e+07   5.0781250e+01
   1.1869191e+07   5.8044434e+01
   1.1869203e+07   6.4453125e+01
   1.1869271e+07   5.0109863e+01
   1.1869360e+07   5.0415039e+01
   1.1869402e+07   5.3283691e+01
   1.1869422e+07   5.8654785e+01
   1.1869441e+07   5.4809570e+01
   1.1869503e+07   6.3781738e+01
   1.1869533e+07   6.1706543e+01
   1.1869559e+07   6.1645508e+01
   1.1869588e+07   6.5124512e+01
   1.1869663e+07   5.4809570e+01
   1.1869718e+07   5.3283691e+01
   1.1869777e+07   5.3100586e+01
   1.1869793e+07   5.7250977e+01
   1.1869843e+07   5.1452637e+01
   1.1869854e+07   5.2185059e+01
   1.1869898e+07   5.9814453e+01
   1.1869942e+07   5.3527832e+01
   1.1869990e+07   6.0913086e+01
   1.1870013e+07   5.6640625e+01
   1.1870037e+07   5.0231934e+01
   1.1870060e+07   6.4147949e+01
   1.1870093e+07   5.9326172e+01
   1.1870142e+07   5.1147461e+01
   1.1870152e+07   5.1940918e+01
   1.1870172e+07   5.6701660e+01
   1.1870188e+07   5.9631348e+01
   1.1870249e+07   5.6518555e+01
   1.1870264e+07   5.9692383e+01
   1.1870289e+07   5.0598145e+01
   1.1870360e+07   5.1330566e+01
   1.1870402e+07   5.5969238e+01
   1.1870452e+07   7.6477051e+01
   1.1870466e+07   6.6223145e+01
   1.1870588e+07   5.3771973e+01
   1.1870604e+07   5.6640625e+01
   1.1870620e+07   5.1757812e+01
   1.1870670e+07   5.2734375e+01
   1.1870692e+07   4.9987793e+01
   1.1870721e+07   6.2988281e+01
   1.1870733e+07   6.4147949e+01
   1.1870761e+07   5.0354004e+01
   1.1870819e+07   5.1147461e+01
   1.1870832e+07   5.3405762e+01
   1.1870881e+07   5.4931641e+01
   1.1870900e+07   6.5673828e+01
   1.1870925e+07   5.6823730e+01
   1.1870940e+07   6.6406250e+01
   1.1871005e+07   5.5175781e+01
   1.1871027e+07   5.9020996e+01
   1.1871068e+07   5.1391602e+01
   1.1871101e+07   6.7687988e+01
   1.1871125e+07   6.4941406e+01
   1.1871143e+07   6.5002441e+01
   1.1871195e+07   7.3547363e+01
   1.1871239e+07   6.0913086e+01
   1.1871322e+07   5.1818848e+01
   1.1871387e+07   5.1269531e+01
   1.1871503e+07   5.6152344e+01
   1.1871514e+07   6.7016602e+01
   1.1871535e+07   6.1767578e+01
   1.1871563e+07   6.6162109e+01
   1.1871601e+07   5.8776855e+01
   1.1871629e+07   6.8359375e+01
   1.1871663e+07   5.8471680e+01
   1.1871680e+07   6.9213867e+01
   1.1871698e+07   5.6457520e+01
   1.1871732e+07   5.5480957e+01
   1.1871757e+07   7.1411133e+01
   1.1871820e+07   5.4870605e+01
   1.1871851e+07   5.3894043e+01
   1.1871875e+07   5.2734375e+01
   1.1871898e+07   5.3588867e+01
   1.1871928e+07   5.2246094e+01
   1.1871955e+07   6.3049316e+01
   1.1871979e+07   6.1096191e+01
   1.1871992e+07   6.1584473e+01
   1.1872040e+07   5.6640625e+01
   1.1872090e+07   5.7250977e+01
   1.1872105e+07   6.4636230e+01
   1.1872160e+07   5.0109863e+01
   1.1872210e+07   6.3476562e+01
   1.1872235e+07   5.1452637e+01
   1.1872254e+07   5.0048828e+01
   1.1872326e+07   5.6823730e+01
   1.1872348e+07   5.0720215e+01
   1.1872379e+07   7.4096680e+01
   1.1872432e+07   5.1086426e+01
   1.1872462e+07   5.0415039e+01
   1.1872480e+07   5.4443359e+01
   1.1872501e+07   6.9702148e+01
   1.1872563e+07   6.7077637e+01
   1.1872608e+07   5.5541992e+01
   1.1872641e+07   6.7016602e+01
   1.1872679e+07   5.4443359e+01
   1.1872708e+07   5.3344727e+01
   1.1872723e+07   6.3171387e+01
   1.1872753e+07   5.1513672e+01
   1.1872773e+07   6.0363770e+01
   1.1872814e+07   5.8349609e+01
   1.1872838e+07   5.2978516e+01
   1.1872855e+07   5.4565430e+01
   1.1872870e+07   4.9987793e+01
   1.1872903e+07   7.5988770e+01
   1.1872932e+07   5.1330566e+01
   1.1872949e+07   5.7067871e+01
   1.1873047e+07   5.9814453e+01
   1.1873092e+07   5.5969238e+01
   1.1873113e+07   5.1635742e+01
   1.1873181e+07   5.6335449e+01
   1.1873198e+07   5.4870605e+01
   1.1873244e+07   5.2551270e+01
   1.1873278e+07   5.4626465e+01
   1.1873292e+07   5.8715820e+01
   1.1873308e+07   7.2204590e+01
   1.1873427e+07   6.5185547e+01
   1.1873459e+07   5.2062988e+01
   1.1873491e+07   5.8166504e+01
   1.1873524e+07   5.3344727e+01
   1.1873581e+07   6.6467285e+01
   1.1873622e+07   7.9101562e+01
   1.1873633e+07   6.2683105e+01
   1.1873668e+07   5.5114746e+01
   1.1873704e+07   5.2368164e+01
   1.1873733e+07   8.0871582e+01
   1.1873759e+07   5.6030273e+01
   1.1873782e+07   7.0617676e+01
   1.1873807e+07   5.0476074e+01
   1.1873855e+07   5.4748535e+01
   1.1873891e+07   5.2795410e+01
   1.1873908e+07   5.0354004e+01
   1.1873932e+07   5.7495117e+01
   1.1873962e+07   5.7556152e+01
   1.1874067e+07   5.4687500e+01
   1.1874130e+07   6.3903809e+01
   1.1874140e+07   5.1757812e+01
   1.1874162e+07   6.2011719e+01
   1.1874230e+07   5.5358887e+01
   1.1874295e+07   7.0129395e+01
   1.1874307e+07   5.4931641e+01
   1.1874329e+07   5.7067871e+01
   1.1874348e+07   5.4199219e+01
   1.1874384e+07   6.0424805e+01
   1.1874436e+07   5.6335449e+01
   1.1874538e+07   6.1645508e+01
   1.1874564e+07   5.7434082e+01
   1.1874618e+07   5.5114746e+01
   1.1874648e+07   5.0476074e+01
   1.1874669e+07   5.7006836e+01
   1.1874701e+07   6.4208984e+01
   1.1874746e+07   5.3100586e+01
   1.1874762e+07   5.4626465e+01
   1.1874798e+07   5.7861328e+01
   1.1874836e+07   7.2204590e+01
   1.1874846e+07   5.9509277e+01
   1.1874882e+07   5.4443359e+01
   1.1874963e+07   6.4270020e+01
   1.1875001e+07   6.3903809e+01
   1.1875034e+07   6.5979004e+01
   1.1875081e+07   6.5795898e+01
   1.1875111e+07   6.6955566e+01
   1.1875130e+07   6.0180664e+01
   1.1875165e+07   5.7617188e+01
   1.1875197e+07   5.6091309e+01
   1.1875235e+07   5.5053711e+01
   1.1875245e+07   5.0415039e+01
   1.1875274e+07   6.4636230e+01
   1.1875304e+07   5.5053711e+01
   1.1875350e+07   5.6762695e+01
   1.1875377e+07   6.5734863e+01
   1.1875410e+07   5.5603027e+01
   1.1875441e+07   5.6030273e+01
   1.1875482e+07   5.6091309e+01
   1.1875508e+07   6.6101074e+01
   1.1875549e+07   7.6538086e+01
   1.1875595e+07   7.6599121e+01
   1.1875623e+07   5.3466797e+01
   1.1875732e+07   5.5358887e+01
   1.1875746e+07   5.6457520e+01
   1.1875792e+07   6.6345215e+01
   1.1875814e+07   5.0354004e+01
   1.1875905e+07   6.2133789e+01
   1.1875942e+07   5.6091309e+01
   1.1875959e+07   6.3476562e+01
   1.1875984e+07   6.3415527e+01
   1.1876028e+07   5.8410645e+01
   1.1876068e+07   7.2570801e+01
   1.1876080e+07   5.6518555e+01
   1.1876132e+07   6.3476562e+01
   1.1876160e+07   5.1147461e+01
   1.1876180e+07   5.9753418e+01
   1.1876218e+07   7.2143555e+01
   1.1876251e+07   5.8471680e+01
   1.1876274e+07   5.4260254e+01
   1.1876347e+07   6.1523438e+01
   1.1876361e+07   5.5358887e+01
   1.1876391e+07   6.0729980e+01
   1.1876495e+07   5.0292969e+01
   1.1876526e+07   5.4809570e+01
   1.1876542e+07   5.6213379e+01
   1.1876567e+07   6.6345215e+01
   1.1876608e+07   6.9946289e+01
   1.1876638e+07   6.2500000e+01
   1.1876677e+07   6.0058594e+01
   1.1876700e+07   7.5317383e+01
   1.1876757e+07   7.6354980e+01
   1.1876816e+07   7.3120117e+01
   1.1876891e+07   6.5490723e+01
   1.1876913e+07   5.7250977e+01
   1.1876933e+07   5.7434082e+01
   1.1876971e+07   5.1940918e+01
   1.1876997e+07   5.8959961e+01
   1.1877009e+07   5.3955078e+01
   1.1877069e+07   5.7739258e+01
   1.1877095e+07   5.0048828e+01
   1.1877135e+07   5.2734375e+01
   1.1877161e+07   5.0720215e+01
   1.1877192e+07   5.0842285e+01
   1.1877230e+07   5.5480957e+01
   1.1877278e+07   6.4636230e+01
   1.1877316e+07   6.6101074e+01
   1.1877372e+07   5.2490234e+01
   1.1877416e+07   5.2368164e+01
   1.1877431e+07   6.3537598e+01
   1.1877478e+07   5.2917480e+01
   1.1877496e+07   6.3598633e+01
   1.1877510e+07   5.1635742e+01
   1.1877551e+07   5.2185059e+01
   1.1877589e+07   5.0537109e+01
   1.1877599e+07   6.1218262e+01
   1.1877648e+07   5.3894043e+01
   1.1877708e+07   6.5124512e+01
   1.1877719e+07   7.4523926e+01
   1.1877740e+07   5.0537109e+01
   1.1877845e+07   5.1208496e+01
   1.1877877e+07   5.2612305e+01
   1.1877912e+07   5.5786133e+01
   1.1877929e+07   5.3955078e+01
   1.1878014e+07   7.4890137e+01
   1.1878075e+07   5.7861328e+01
   1.1878104e+07   5.2734375e+01
   1.1878207e+07   5.8898926e+01
   1.1878255e+07   5.4748535e+01
   1.1878283e+07   5.2673340e+01
   1.1878313e+07   5.7312012e+01
   1.1878336e+07   5.4687500e+01
   1.1878357e+07   5.0415039e+01
   1.1878371e+07   6.4880371e+01
   1.1878411e+07   5.8959961e+01
   1.1878444e+07   5.2246094e+01
   1.1878468e+07   5.0170898e+01
   1.1878505e+07   5.6884766e+01
   1.1878518e+07   5.6579590e+01
   1.1878539e+07   5.3527832e+01
   1.1878588e+07   8.6242676e+01
   1.1878606e+07   5.4260254e+01
   1.1878689e+07   5.9448242e+01
   1.1878709e+07   6.7077637e+01
   1.1878733e+07   5.1452637e+01
   1.1878753e+07   6.0485840e+01
   1.1878772e+07   5.1147461e+01
   1.1878843e+07   5.4870605e+01
   1.1878890e+07   6.0302734e+01
   1.1878904e+07   5.5114746e+01
   1.1878949e+07   7.1655273e+01
   1.1879006e+07   5.2795410e+01
   1.1879018e+07   5.8410645e+01
   1.1879106e+07   5.8959961e+01
   1.1879135e+07   6.9641113e+01
   1.1879183e+07   5.9936523e+01
   1.1879213e+07   5.5725098e+01
   1.1879257e+07   6.1035156e+01
   1.1879340e+07   5.6640625e+01
   1.1879354e+07   5.8593750e+01
   1.1879387e+07   6.4086914e+01
   1.1879422e+07   5.0109863e+01
   1.1879480e+07   7.2753906e+01
   1.1879498e+07   5.0231934e+01
   1.1879516e+07   5.5541992e+01
   1.1879540e+07   6.6955566e+01
   1.1879579e+07   5.2673340e+01
   1.1879597e+07   5.4016113e+01
   1.1879612e+07   5.7434082e+01
   1.1879661e+07   6.4697266e+01
   1.1879684e+07   5.4260254e+01
   1.1879717e+07   5.5358887e+01
   1.1879750e+07   7.1289062e+01
   1.1879769e+07   7.4829102e+01
   1.1879791e+07   5.3649902e+01
   1.1879815e+07   5.2062988e+01
   1.1879896e+07   5.0109863e+01
   1.1879906e+07   5.3039551e+01
   1.1879931e+07   6.0302734e+01
   1.1879955e+07   5.3710938e+01
   1.1879988e+07   5.0842285e+01
   1.1880028e+07   5.2062988e+01
   1.1880049e+07   6.9091797e+01
   1.1880065e+07   5.7373047e+01
   1.1880085e+07   6.5856934e+01
   1.1880101e+07   5.1635742e+01
   1.1880119e+07   5.6884766e+01
   1.1880138e+07   5.2612305e+01
   1.1880154e+07   6.0485840e+01
   1.1880195e+07   5.7678223e+01
   1.1880208e+07   5.1696777e+01
   1.1880253e+07   5.5114746e+01
   1.1880263e+07   5.5175781e+01
   1.1880284e+07   5.6518555e+01
   1.1880377e+07   6.1523438e+01
   1.1880415e+07   6.3049316e+01
   1.1880442e+07   5.0476074e+01
   1.1880470e+07   6.4453125e+01
   1.1880485e+07   5.2734375e+01
   1.1880516e+07   5.0903320e+01
   1.1880583e+07   5.8654785e+01
   1.1880607e+07   5.1452637e+01
   1.1880667e+07   5.1147461e+01
   1.1880766e+07   6.0302734e+01
   1.1880845e+07   6.4697266e+01
   1.1880903e+07   5.2246094e+01
   1.1880917e+07   5.7922363e+01
   1.1880956e+07   5.2490234e+01
   1.1881033e+07   5.8105469e+01
   1.1881059e+07   5.8166504e+01
   1.1881151e+07   5.7250977e+01
   1.1881172e+07   5.5847168e+01
   1.1881198e+07   6.5368652e+01
   1.1881223e+07   5.5480957e+01
   1.1881233e+07   5.3344727e+01
   1.1881254e+07   7.8674316e+01
   1.1881321e+07   5.2490234e+01
   1.1881345e+07   5.3771973e+01
   1.1881383e+07   5.0048828e+01
   1.1881413e+07   5.8532715e+01
   1.1881431e+07   5.5236816e+01
   1.1881445e+07   5.5786133e+01
   1.1881476e+07   5.7739258e+01
   1.1881585e+07   5.9631348e+01
   1.1881626e+07   5.2124023e+01
   1.1881675e+07   6.8237305e+01
   1.1881696e+07   5.0048828e+01
   1.1881709e+07   6.8908691e+01
   1.1881725e+07   5.0537109e+01
   1.1881767e+07   6.0485840e+01
   1.1881804e+07   5.9448242e+01
   1.1881875e+07   5.6213379e+01
   1.1881899e+07   5.3039551e+01
   1.1881914e+07   5.3894043e+01
   1.1881940e+07   5.5175781e+01
   1.1881956e+07   7.2692871e+01
   1.1881976e+07   5.7861328e+01
   1.1882003e+07   6.0058594e+01
   1.1882066e+07   5.1635742e+01
   1.1882082e+07   5.0354004e+01
   1.1882098e+07   5.8288574e+01
   1.1882148e+07   5.3100586e+01
   1.1882224e+07   5.1025391e+01
   1.1882335e+07   5.4565430e+01
   1.1882429e+07   5.5908203e+01
   1.1882448e+07   5.1391602e+01
   1.1882463e+07   6.1950684e+01
   1.1882543e+07   5.0354004e+01
   1.1882566e+07   5.6030273e+01
   1.1882594e+07   6.1645508e+01
   1.1882619e+07   5.7861328e+01
   1.1882633e+07   7.2265625e+01
   1.1882683e+07   5.1574707e+01
   1.1882704e+07   6.5979004e+01
   1.1882729e+07   6.1828613e+01
   1.1882810e+07   5.3710937e+01
   1.1882823e+07   5.1879883e+01
   1.1882901e+07   5.4016113e+01
   1.1882952e+07   5.8715820e+01
   1.1883036e+07   5.4809570e+01
   1.1883067e+07   7.3486328e+01
   1.1883088e+07   5.9143066e+01
   1.1883116e+07   5.0292969e+01
   1.1883133e+07   5.1086426e+01
   1.1883157e+07   7.3974609e+01
   1.1883218e+07   5.2612305e+01
   1.1883240e+07   5.3894043e+01
   1.1883289e+07   6.2805176e+01
   1.1883300e+07   6.6650391e+01
   1.1883346e+07   6.5063477e+01
   1.1883364e+07   7.2265625e+01
   1.1883388e+07   5.7312012e+01
   1.1883456e+07   5.9997559e+01
   1.1883481e+07   5.2917480e+01
   1.1883608e+07   5.5969238e+01
   1.1883634e+07   5.4382324e+01
   1.1883666e+07   7.2387695e+01
   1.1883730e+07   5.2612305e+01
   1.1883773e+07   5.6518555e+01
   1.1883827e+07   5.7617188e+01
   1.1883844e+07   6.0058594e+01
   1.1883873e+07   5.7861328e+01
   1.1883886e+07   5.1147461e+01
   1.1883914e+07   6.1218262e+01
   1.1883974e+07   5.6640625e+01
   1.1883988e+07   5.7312012e+01
   1.1884039e+07   5.3710938e+01
   1.1884111e+07   5.7006836e+01
   1.1884124e+07   5.7739258e+01
   1.1884151e+07   5.2612305e+01
   1.1884199e+07   5.3039551e+01
   1.1884261e+07   5.0170898e+01
   1.1884360e+07   5.2001953e+01
   1.1884395e+07   6.3232422e+01
   1.1884429e+07   5.5664062e+01
   1.1884463e+07   5.7189941e+01
   1.1884495e+07   6.7993164e+01
   1.1884620e+07   5.9082031e+01
   1.1884632e+07   5.1879883e+01
   1.1884745e+07   5.0903320e+01
   1.1884782e+07   5.5603027e+01
   1.1884872e+07   5.7861328e+01
   1.1884888e+07   5.7067871e+01
   1.1884954e+07   3.3837891e+02
   1.1884965e+07   5.2917480e+01
   1.1884976e+07   5.4687500e+01
   1.1885000e+07   6.1035156e+01
   1.1885012e+07   6.2683105e+01
   1.1885029e+07   5.7189941e+01
   1.1885077e+07   5.8837891e+01
   1.1885092e+07   1.0675049e+02
   1.1885115e+07   8.0322266e+01
   1.1885134e+07   8.3435059e+01
   1.1885154e+07   8.4594727e+01
   1.1885175e+07   9.9060059e+01
   1.1885198e+07   8.1176758e+01
   1.1885249e+07   6.5368652e+01
   1.1885274e+07   5.3710938e+01
   1.1885374e+07   5.3710937e+01
   1.1885411e+07   5.0170898e+01
   1.1885465e+07   5.1208496e+01
   1.1885515e+07   5.1086426e+01
   1.1885581e+07   5.6213379e+01
   1.1885645e+07   5.1574707e+01
   1.1885698e+07   6.2927246e+01
   1.1885737e+07   6.0668945e+01
   1.1885764e+07   5.4870605e+01
   1.1885775e+07   5.9204102e+01
   1.1885809e+07   5.6823730e+01
   1.1885830e+07   6.5856934e+01
   1.1885916e+07   5.2185059e+01
   1.1885986e+07   5.0659180e+01
   1.1886022e+07   5.0170898e+01
   1.1886102e+07   5.4077148e+01
   1.1886113e+07   7.9223633e+01
   1.1886151e+07   5.6335449e+01
   1.1886188e+07   5.4809570e+01
   1.1886203e+07   1.1016846e+02
   1.1886221e+07   1.4471436e+02
   1.1886244e+07   9.2468262e+01
   1.1886308e+07   9.6618652e+01
   1.1886440e+07   5.5664062e+01
   1.1886466e+07   7.5012207e+01
   1.1886477e+07   8.0139160e+01
   1.1886499e+07   6.7077637e+01
   1.1886513e+07   6.5673828e+01
   1.1886529e+07   6.9946289e+01
   1.1886546e+07   8.1848145e+01
   1.1886562e+07   7.0556641e+01
   1.1886582e+07   6.4697266e+01
   1.1886608e+07   7.7331543e+01
   1.1886633e+07   5.3710938e+01
   1.1886655e+07   7.2021484e+01
   1.1886678e+07   5.3649902e+01
   1.1886706e+07   7.2387695e+01
   1.1886731e+07   6.5124512e+01
   1.1886774e+07   6.1828613e+01
   1.1886846e+07   5.6945801e+01
   1.1886870e+07   5.6335449e+01
   1.1886936e+07   5.2124023e+01
   1.1886971e+07   5.7678223e+01
   1.1886993e+07   5.8288574e+01
   1.1887018e+07   6.5185547e+01
   1.1887142e+07   6.0485840e+01
   1.1887175e+07   5.2368164e+01
   1.1887219e+07   5.7006836e+01
   1.1887251e+07   5.5358887e+01
   1.1887271e+07   5.1330566e+01
   1.1887289e+07   7.3242188e+01
   1.1887329e+07   3.7316895e+02
   1.1887458e+07   3.9123535e+02
   1.1887494e+07   3.3685303e+02
   1.1887520e+07   2.3773193e+02
   1.1887540e+07   2.3034668e+02
   1.1887570e+07   2.0501709e+02
   1.1887621e+07   1.3812256e+02
