   1.1996000e+07   0.0000000e+00
   1.6694000e+05   3.6254883e+01
   1.6708000e+05   3.4729004e+01
   1.6715100e+05   3.4790039e+01
   1.6729900e+05   3.1860352e+01
   3.5086900e+05   3.7719727e+01
   3.5102300e+05   3.4179688e+01
   3.5106300e+05   3.1921387e+01
   3.5114200e+05   3.3508301e+01
   3.5137900e+05   3.6743164e+01
   3.5311100e+05   3.3752441e+01
   3.5362800e+05   3.1860352e+01
   1.0457800e+06   3.5217285e+01
   1.0458990e+06   3.1311035e+01
   1.0459820e+06   3.1738281e+01
   1.0476260e+06   3.7963867e+01
   1.0481360e+06   3.1433105e+01
   1.0492930e+06   3.0883789e+01
   1.0562870e+06   3.2226562e+01
   1.4075500e+06   3.2775879e+01
   1.4076250e+06   4.0039062e+01
   1.4076690e+06   3.1433105e+01
   1.4077980e+06   3.6499023e+01
   1.4078690e+06   3.0944824e+01
   1.4088420e+06   3.4912109e+01
   1.4102890e+06   3.2775879e+01
   1.4331310e+06   3.2714844e+01
   1.4333950e+06   3.1250000e+01
   1.4334770e+06   3.1799316e+01
   1.4370900e+06   3.0456543e+01
   1.5795530e+06   3.0761719e+01
   1.5796810e+06   3.1250000e+01
   1.5797950e+06   3.7170410e+01
   1.5798750e+06   3.4667969e+01
   1.5799650e+06   3.2775879e+01
   1.5799830e+06   3.2287598e+01
   1.5858850e+06   3.0578613e+01
   1.6229970e+06   3.1066895e+01
   1.6230340e+06   3.7475586e+01
   1.6240270e+06   3.0273438e+01
   1.6244620e+06   3.2287598e+01
   1.6253930e+06   3.3203125e+01
   1.6254940e+06   3.1555176e+01
   1.6687590e+06   3.3264160e+01
   1.6688210e+06   3.5949707e+01
   1.6688730e+06   3.1127930e+01
   1.6689400e+06   3.1311035e+01
   1.6707990e+06   3.0273438e+01
   1.7422380e+06   3.5156250e+01
   1.7432040e+06   3.1311035e+01
   1.7731540e+06   3.2165527e+01
   1.7737070e+06   3.1250000e+01
   1.7737370e+06   3.2653809e+01
   1.7741090e+06   3.1799316e+01
   1.7750730e+06   3.2836914e+01
   1.8228220e+06   3.0700684e+01
   1.8228490e+06   3.2470703e+01
   1.8229800e+06   3.1066895e+01
   1.8238860e+06   3.1066895e+01
   1.8241950e+06   3.1555176e+01
   1.8261280e+06   3.1066895e+01
   1.8560750e+06   3.1738281e+01
   1.8563980e+06   4.0832520e+01
   1.8564520e+06   3.3813477e+01
   1.8584380e+06   3.3142090e+01
   1.8595630e+06   3.4545898e+01
   1.8933780e+06   3.0456543e+01
   1.8939080e+06   3.5766602e+01
   1.8939440e+06   3.1311035e+01
   1.8940720e+06   4.0039062e+01
   1.8943880e+06   3.0700684e+01
   1.8946030e+06   3.3386230e+01
   1.8947730e+06   3.0700684e+01
   1.9366180e+06   3.6254883e+01
   1.9368840e+06   3.1372070e+01
   1.9394380e+06   3.1005859e+01
   1.9780950e+06   3.3325195e+01
   1.9785490e+06   3.3630371e+01
   1.9790650e+06   3.1066895e+01
   1.9795620e+06   3.2104492e+01
   1.9800270e+06   3.1433105e+01
   1.9802770e+06   3.2104492e+01
   2.0122080e+06   3.1738281e+01
   2.0128270e+06   3.1066895e+01
   2.0130300e+06   3.2165527e+01
   2.0137410e+06   3.2592773e+01
   2.0149650e+06   3.0883789e+01
   2.0429770e+06   3.0273438e+01
   2.0444510e+06   3.1921387e+01
   2.0446630e+06   3.4179688e+01
   2.0808650e+06   3.6987305e+01
   2.0809530e+06   3.4729004e+01
   2.0813840e+06   3.3569336e+01
   2.1320270e+06   3.7170410e+01
   2.1327000e+06   3.2714844e+01
   2.1327240e+06   3.1066895e+01
   2.1328590e+06   3.6193848e+01
   2.1334340e+06   3.0700684e+01
   2.1608740e+06   3.4667969e+01
   2.1609590e+06   3.3935547e+01
   2.2198490e+06   3.0578613e+01
   2.2200510e+06   3.2714844e+01
   2.2528730e+06   3.0334473e+01
   2.2529530e+06   3.5339355e+01
   2.2531070e+06   3.2104492e+01
   2.2532920e+06   3.1188965e+01
   2.3192790e+06   3.0944824e+01
   2.3196530e+06   3.1799316e+01
   2.3204620e+06   3.0334473e+01
   2.3624720e+06   3.1555176e+01
   2.3626480e+06   3.0700684e+01
   2.3629210e+06   3.2653809e+01
   2.4078290e+06   3.1311035e+01
   2.4083150e+06   3.3691406e+01
   2.4647770e+06   3.1250000e+01
   2.4653010e+06   3.2836914e+01
   2.4668990e+06   3.2043457e+01
   2.5056060e+06   3.0883789e+01
   2.5056350e+06   3.2958984e+01
   2.5088830e+06   3.1799316e+01
   2.5103040e+06   3.0456543e+01
   2.5493890e+06   3.2287598e+01
   2.5497350e+06   3.2104492e+01
   2.5505450e+06   3.0456543e+01
   2.6033420e+06   3.4118652e+01
   2.6036970e+06   3.3020020e+01
   2.6044410e+06   3.0822754e+01
   2.6466170e+06   3.2897949e+01
   2.7081290e+06   3.1127930e+01
   2.7087140e+06   3.4484863e+01
   2.7088060e+06   3.1005859e+01
   2.7089360e+06   3.2226562e+01
   2.7102680e+06   3.1311035e+01
   2.7104770e+06   3.2958984e+01
   2.7605270e+06   3.0517578e+01
   2.7605740e+06   3.2836914e+01
   2.7607580e+06   3.0334473e+01
   2.8165500e+06   3.1799316e+01
   2.8172390e+06   3.0822754e+01
   2.8174100e+06   3.1311035e+01
   2.8176340e+06   3.1921387e+01
   2.8188590e+06   3.1921387e+01
   3.2857610e+06   3.9062500e+01
   3.2857870e+06   3.3935547e+01
   3.2859650e+06   3.3691406e+01
   3.2860430e+06   3.1616211e+01
   3.2861360e+06   3.3325195e+01
   3.2861650e+06   3.7719727e+01
   3.2863640e+06   3.1311035e+01
   3.2865840e+06   3.5766602e+01
   3.2869980e+06   3.1677246e+01
   3.2881700e+06   3.3874512e+01
   3.2884730e+06   3.1005859e+01
   3.2887450e+06   2.9724121e+01
   3.5115950e+06   2.9968262e+01
   3.5338270e+06   2.9846191e+01
   3.5341070e+06   3.0212402e+01
   3.5343480e+06   3.1250000e+01
   3.5365320e+06   3.0517578e+01
   3.5621740e+06   3.1799316e+01
   3.5624990e+06   3.4790039e+01
   3.5636090e+06   3.0517578e+01
   3.6823850e+06   3.1311035e+01
   3.6827870e+06   3.0761719e+01
   3.6828400e+06   3.3447266e+01
   3.6829770e+06   2.9968262e+01
   3.6839540e+06   3.2897949e+01
   4.2400020e+06   3.0944824e+01
   4.2401570e+06   3.2348633e+01
   4.2403010e+06   3.1555176e+01
   4.2404080e+06   3.1433105e+01
   4.2404960e+06   3.2226562e+01
   4.2422610e+06   2.9907227e+01
   4.4133770e+06   3.0761719e+01
   4.4135950e+06   3.4179688e+01
   4.4136910e+06   3.5400391e+01
   4.4138540e+06   3.9794922e+01
   4.4138750e+06   3.1372070e+01
   4.4141490e+06   3.0334473e+01
   4.4154260e+06   3.2043457e+01
   5.0303630e+06   3.3020020e+01
   5.0304840e+06   3.0212402e+01
   5.0305000e+06   3.7719727e+01
   5.0305640e+06   3.1982422e+01
   5.0306650e+06   3.0944824e+01
   5.0307480e+06   3.3325195e+01
   5.0307910e+06   3.0334473e+01
   5.0333000e+06   2.9663086e+01
   5.0407180e+06   3.1127930e+01
   5.0561440e+06   3.1860352e+01
   5.0561680e+06   3.5156250e+01
   5.0564430e+06   3.0822754e+01
   5.0566290e+06   3.1433105e+01
   5.0572900e+06   3.0456543e+01
   5.2356060e+06   3.5949707e+01
   5.2357520e+06   2.9724121e+01
   5.2359760e+06   3.2226562e+01
   5.2808830e+06   3.7170410e+01
   5.2809570e+06   2.9968262e+01
   5.2809820e+06   3.2775879e+01
   5.2810280e+06   3.3081055e+01
   5.2818000e+06   3.1555176e+01
   5.3353260e+06   3.1616211e+01
   5.3366880e+06   2.9968262e+01
   5.3378750e+06   2.9907227e+01
   5.3686200e+06   3.4851074e+01
   5.3689220e+06   3.2226562e+01
   5.4015390e+06   3.2958984e+01
   5.4316290e+06   3.0334473e+01
   5.4619690e+06   3.2043457e+01
   5.4624230e+06   3.3325195e+01
   5.4626500e+06   3.0029297e+01
   5.4628370e+06   3.0517578e+01
   5.4637490e+06   3.0212402e+01
   5.4966340e+06   4.0649414e+01
   5.4967620e+06   3.0334473e+01
   5.4969140e+06   2.9663086e+01
   5.4970220e+06   3.0578613e+01
   5.5272640e+06   3.0883789e+01
   5.5272990e+06   3.0761719e+01
   5.5579700e+06   3.1616211e+01
   5.5593420e+06   3.0761719e+01
   5.5601600e+06   3.2348633e+01
   5.5933910e+06   3.0212402e+01
   5.5934030e+06   3.1066895e+01
   5.5957790e+06   3.1066895e+01
   5.6227640e+06   3.1494141e+01
   5.6229190e+06   3.0761719e+01
   5.6235170e+06   3.0761719e+01
   5.6597190e+06   2.9724121e+01
   5.6597550e+06   3.1188965e+01
   5.6598310e+06   2.9968262e+01
   5.6599500e+06   3.3081055e+01
   5.6967440e+06   2.9968262e+01
   5.6967760e+06   3.3386230e+01
   5.6970940e+06   3.1372070e+01
   5.6979810e+06   3.0456543e+01
   5.7274850e+06   3.1311035e+01
   5.7280760e+06   3.3264160e+01
   5.7281590e+06   3.0090332e+01
   5.7283500e+06   3.4057617e+01
   5.7295040e+06   3.0822754e+01
   5.7601640e+06   2.9663086e+01
   5.7611690e+06   3.1372070e+01
   5.7937670e+06   3.4423828e+01
   5.8353300e+06   3.1005859e+01
   5.8356180e+06   3.1250000e+01
   5.8756660e+06   3.0151367e+01
   5.8759120e+06   3.2226562e+01
   5.8764230e+06   2.9785156e+01
   5.9069970e+06   4.1748047e+01
   5.9084430e+06   2.9907227e+01
   5.9382250e+06   3.2043457e+01
   5.9391190e+06   3.5461426e+01
   6.0010420e+06   3.3447266e+01
   6.0014450e+06   3.3752441e+01
   6.0041580e+06   3.3386230e+01
   6.0419580e+06   3.4912109e+01
   6.0420710e+06   2.9907227e+01
   6.0425350e+06   3.0517578e+01
   6.0440620e+06   3.0700684e+01
   6.0741010e+06   3.3935547e+01
   6.1077600e+06   3.8757324e+01
   6.1850640e+06   3.0090332e+01
   6.1852750e+06   3.3996582e+01
   6.1854590e+06   3.2226562e+01
   6.2175110e+06   3.1372070e+01
   7.1301010e+06   3.1311035e+01
   7.1301700e+06   4.5410156e+01
   7.1302810e+06   3.3630371e+01
   7.1320500e+06   3.2409668e+01
   7.1592300e+06   3.0639648e+01
   7.1592850e+06   3.0456543e+01
   7.1597360e+06   3.1555176e+01
   7.1602340e+06   3.0090332e+01
   7.1645970e+06   3.3325195e+01
   7.5789820e+06   2.9907227e+01
   7.5791950e+06   3.1066895e+01
   7.5793890e+06   3.2897949e+01
   7.5795460e+06   2.9907227e+01
   7.5796330e+06   3.0822754e+01
   7.7969430e+06   3.4301758e+01
   7.7971110e+06   3.0334473e+01
   7.7971400e+06   3.2104492e+01
   7.7971530e+06   3.9550781e+01
   7.7972260e+06   3.0761719e+01
   7.7972420e+06   3.5095215e+01
   7.7972760e+06   3.0212402e+01
   7.7986840e+06   3.1311035e+01
   7.8309900e+06   3.4606934e+01
   8.0440530e+06   3.0822754e+01
   8.0442280e+06   3.1494141e+01
   8.0443510e+06   3.1250000e+01
   8.0444510e+06   3.1188965e+01
   8.0456180e+06   3.1188965e+01
   8.0477200e+06   3.3508301e+01
   8.6020820e+06   3.0761719e+01
   8.6022260e+06   3.3752441e+01
   8.6054130e+06   3.5034180e+01
   8.6137790e+06   3.0273438e+01
   8.8992930e+06   3.2287598e+01
   8.8993980e+06   3.2836914e+01
   8.8995610e+06   4.1992188e+01
   8.9230740e+06   3.3874512e+01
   8.9270860e+06   3.2470703e+01
   9.6934760e+06   3.2287598e+01
   9.6935030e+06   3.2775879e+01
   9.6936190e+06   3.0639648e+01
   1.0374504e+07   3.2348633e+01
   1.0374619e+07   3.3142090e+01
   1.0379151e+07   3.0273438e+01
   1.0384229e+07   3.4484863e+01
   1.0397936e+07   3.0090332e+01
   1.0397971e+07   3.3264160e+01
   1.0502464e+07   3.0883789e+01
   1.0502794e+07   3.1311035e+01
   1.0502841e+07   3.0395508e+01
   1.0505204e+07   3.1311035e+01
   1.0529136e+07   3.0395508e+01
   1.0529158e+07   3.0822754e+01
   1.0529234e+07   3.0822754e+01
   1.0529563e+07   3.1188965e+01
   1.0529640e+07   3.7414551e+01
   1.0558082e+07   3.1494141e+01
   1.0586786e+07   3.4179688e+01
   1.0586895e+07   3.7597656e+01
   1.0586952e+07   3.5095215e+01
   1.0587316e+07   3.2287598e+01
   1.0617809e+07   3.4667969e+01
   1.0617860e+07   3.2409668e+01
   1.0651108e+07   3.4240723e+01
   1.0651345e+07   3.4667969e+01
   1.0651378e+07   3.1250000e+01
   1.0653042e+07   3.1738281e+01
   1.0677739e+07   2.9968262e+01
   1.0678009e+07   3.3142090e+01
   1.0713275e+07   3.0212402e+01
   1.0742633e+07   3.1311035e+01
   1.0744215e+07   3.0944824e+01
   1.0770466e+07   3.1372070e+01
   1.0771078e+07   3.2714844e+01
   1.0803053e+07   3.0090332e+01
   1.0835789e+07   3.0090332e+01
   1.0835824e+07   3.0822754e+01
   1.0836005e+07   3.0883789e+01
   1.0862160e+07   4.7546387e+01
   1.0862443e+07   3.2104492e+01
   1.0862557e+07   3.2409668e+01
   1.0863702e+07   3.0151367e+01
   1.0898541e+07   3.1250000e+01
   1.0899070e+07   3.0273438e+01
   1.0925878e+07   3.6437988e+01
   1.0925922e+07   3.6865234e+01
   1.0958009e+07   3.3081055e+01
   1.1020037e+07   3.0700684e+01
   1.1045901e+07   3.2104492e+01
   1.1076102e+07   3.5156250e+01
   1.1136348e+07   3.9611816e+01
   1.1137557e+07   3.2348633e+01
   1.1163684e+07   3.4240723e+01
   1.1194326e+07   3.1799316e+01
   1.1194351e+07   3.0517578e+01
   1.1194390e+07   3.3081055e+01
   1.1194490e+07   3.4545898e+01
   1.1219852e+07   3.0151367e+01
   1.1221466e+07   3.5949707e+01
   1.1221479e+07   3.2104492e+01
   1.1248260e+07   3.0212402e+01
   1.1249658e+07   3.1066895e+01
   1.1249959e+07   3.5156250e+01
   1.1250305e+07   3.0883789e+01
   1.1312522e+07   3.1433105e+01
   1.1345636e+07   3.0761719e+01
   1.1346951e+07   3.1677246e+01
   1.1347775e+07   3.0151367e+01
   1.1347981e+07   3.2897949e+01
   1.1407437e+07   3.2165527e+01
   1.1408594e+07   3.2348633e+01
   1.1408693e+07   3.0822754e+01
   1.1441868e+07   3.3386230e+01
   1.1621856e+07   3.0273438e+01
