   1.1996000e+07   0.0000000e+00
   1.6780600e+05   3.5339355e+01
   1.6783100e+05   4.5654297e+01
   1.6786100e+05   3.9062500e+01
   1.6788600e+05   7.0617676e+01
   1.6789800e+05   4.4067383e+01
   1.6794400e+05   4.8461914e+01
   1.6801400e+05   3.2653809e+01
   1.6802900e+05   4.4067383e+01
   1.6807500e+05   3.5339355e+01
   1.6832400e+05   3.2226562e+01
   1.6904500e+05   3.8330078e+01
   1.6932100e+05   4.2968750e+01
   1.6956100e+05   3.4545898e+01
   1.6990700e+05   3.5644531e+01
   1.7012700e+05   3.5217285e+01
   1.7043900e+05   3.8269043e+01
   1.7047800e+05   3.9184570e+01
   1.7067200e+05   3.2775879e+01
   1.7095700e+05   3.4973145e+01
   1.7166200e+05   3.1982422e+01
   1.7255600e+05   3.2775879e+01
   1.7293600e+05   4.4311523e+01
   1.7354700e+05   3.8085938e+01
   1.7385700e+05   3.2348633e+01
   1.7410800e+05   3.3569336e+01
   1.7486200e+05   3.6804199e+01
   1.7518800e+05   3.7109375e+01
   1.7763900e+05   3.3447266e+01
   3.5225400e+05   6.2927246e+01
   3.5227800e+05   3.6560059e+01
   3.5230500e+05   3.2287598e+01
   3.5231700e+05   7.6110840e+01
   3.5233700e+05   5.1269531e+01
   3.5235700e+05   4.6081543e+01
   3.5238300e+05   5.4687500e+01
   3.5244700e+05   3.3386230e+01
   3.5253300e+05   3.2165527e+01
   3.5260500e+05   4.3090820e+01
   3.5296600e+05   3.3935547e+01
   3.5324800e+05   3.6987305e+01
   3.5356300e+05   3.8146973e+01
   3.5412400e+05   4.6936035e+01
   3.5457300e+05   4.7363281e+01
   3.5473400e+05   3.4118652e+01
   3.5477900e+05   3.3630371e+01
   3.5493100e+05   4.2602539e+01
   3.5550000e+05   3.2714844e+01
   3.5649500e+05   3.3020020e+01
   3.5685600e+05   3.9245605e+01
   3.5711900e+05   3.3630371e+01
   3.5746600e+05   3.9794922e+01
   5.7291700e+05   3.7170410e+01
   1.0466790e+06   3.3996582e+01
   1.0467060e+06   7.6232910e+01
   1.0467280e+06   4.0344238e+01
   1.0467490e+06   8.5327148e+01
   1.0467750e+06   4.0832520e+01
   1.0467950e+06   3.3142090e+01
   1.0468060e+06   4.4189453e+01
   1.0468580e+06   3.4851074e+01
   1.0468830e+06   4.6997070e+01
   1.0469440e+06   3.4423828e+01
   1.0469870e+06   3.4118652e+01
   1.0470720e+06   3.2958984e+01
   1.0479110e+06   3.3569336e+01
   1.0480740e+06   3.4057617e+01
   1.0485810e+06   3.6499023e+01
   1.0487690e+06   4.1015625e+01
   1.0489020e+06   3.5705566e+01
   1.0489630e+06   3.6437988e+01
   1.0492150e+06   4.0710449e+01
   1.0494340e+06   3.2165527e+01
   1.0496330e+06   3.6499023e+01
   1.0498990e+06   3.7536621e+01
   1.0499970e+06   3.6071777e+01
   1.0501890e+06   3.4851074e+01
   1.0503220e+06   3.4118652e+01
   1.0505870e+06   3.4179688e+01
   1.0506200e+06   3.6315918e+01
   1.0509580e+06   3.7780762e+01
   1.0518660e+06   3.9367676e+01
   1.0522680e+06   3.5400391e+01
   1.0529880e+06   3.6621094e+01
   1.0538620e+06   3.7841797e+01
   1.0547750e+06   3.5278320e+01
   1.0559360e+06   4.0466309e+01
   1.1754690e+06   3.3935547e+01
   1.4084920e+06   3.8513184e+01
   1.4085210e+06   4.9438477e+01
   1.4085530e+06   7.2509766e+01
   1.4085820e+06   4.4006348e+01
   1.4086180e+06   3.9978027e+01
   1.4086550e+06   3.4484863e+01
   1.4086870e+06   3.5888672e+01
   1.4087320e+06   3.2409668e+01
   1.4088910e+06   3.5156250e+01
   1.4096490e+06   3.3020020e+01
   1.4097750e+06   4.0527344e+01
   1.4099560e+06   3.2531738e+01
   1.4102490e+06   3.9489746e+01
   1.4104240e+06   3.9978027e+01
   1.4105680e+06   3.9001465e+01
   1.4106690e+06   3.8269043e+01
   1.4108180e+06   4.0405273e+01
   1.4110940e+06   3.9062500e+01
   1.4117490e+06   3.2836914e+01
   1.4121680e+06   3.6376953e+01
   1.4125270e+06   4.2480469e+01
   1.4132800e+06   3.2531738e+01
   1.4136940e+06   3.8330078e+01
   1.4142930e+06   4.3945312e+01
   1.4146870e+06   3.6804199e+01
   1.4151460e+06   3.6193848e+01
   1.4162610e+06   3.6743164e+01
   1.4166150e+06   3.6499023e+01
   1.4351060e+06   3.2775879e+01
   1.4351780e+06   3.5522461e+01
   1.4352020e+06   4.6875000e+01
   1.4352200e+06   4.2114258e+01
   1.4352420e+06   4.7912598e+01
   1.4353270e+06   3.4973145e+01
   1.4353420e+06   3.2897949e+01
   1.4353890e+06   4.3151855e+01
   1.4354370e+06   3.7353516e+01
   1.4354590e+06   3.8818359e+01
   1.4355770e+06   4.2785645e+01
   1.4356360e+06   4.0344238e+01
   1.4357170e+06   3.9367676e+01
   1.4357770e+06   3.2958984e+01
   1.4359560e+06   3.5766602e+01
   1.4362330e+06   3.2287598e+01
   1.4362860e+06   3.2043457e+01
   1.4371100e+06   3.6193848e+01
   1.4376300e+06   4.1259766e+01
   1.4378600e+06   3.3569336e+01
   1.4383910e+06   3.3996582e+01
   1.4387730e+06   3.9855957e+01
   1.4389880e+06   3.3447266e+01
   1.4391830e+06   3.2348633e+01
   1.4400560e+06   3.9611816e+01
   1.4402630e+06   3.2043457e+01
   1.4404580e+06   3.3447266e+01
   1.4406510e+06   3.5217285e+01
   1.4411080e+06   3.5583496e+01
   1.4421140e+06   3.8208008e+01
   1.5810600e+06   3.9306641e+01
   1.5810810e+06   5.3466797e+01
   1.5811120e+06   3.1921387e+01
   1.5811240e+06   5.0537109e+01
   1.5811480e+06   4.7424316e+01
   1.5811590e+06   4.3151855e+01
   1.5811890e+06   3.6560059e+01
   1.5812270e+06   3.3691406e+01
   1.5812590e+06   4.3823242e+01
   1.5813130e+06   3.4912109e+01
   1.5813690e+06   4.0649414e+01
   1.5816220e+06   3.3386230e+01
   1.5816570e+06   3.1860352e+01
   1.5818700e+06   3.5156250e+01
   1.5819790e+06   3.8757324e+01
   1.5820380e+06   3.4790039e+01
   1.5825160e+06   3.3630371e+01
   1.5828750e+06   3.3996582e+01
   1.5829860e+06   3.2226562e+01
   1.5837680e+06   4.4494629e+01
   1.5840580e+06   4.0893555e+01
   1.5844020e+06   3.7597656e+01
   1.5850470e+06   4.0161133e+01
   1.5850830e+06   3.6926270e+01
   1.5857580e+06   3.5888672e+01
   1.5860670e+06   3.3264160e+01
   1.5871260e+06   3.5217285e+01
   1.5876900e+06   3.9855957e+01
   1.6250570e+06   3.4973145e+01
   1.6251200e+06   4.1503906e+01
   1.6251460e+06   3.5461426e+01
   1.6251580e+06   7.5744629e+01
   1.6251820e+06   3.8574219e+01
   1.6252020e+06   4.2907715e+01
   1.6252310e+06   3.3203125e+01
   1.6252500e+06   4.2297363e+01
   1.6252740e+06   4.0405273e+01
   1.6254080e+06   4.3640137e+01
   1.6254800e+06   3.2165527e+01
   1.6257460e+06   3.9184570e+01
   1.6259860e+06   3.7658691e+01
   1.6262320e+06   3.4729004e+01
   1.6265280e+06   3.9611816e+01
   1.6266290e+06   3.6437988e+01
   1.6268120e+06   3.5156250e+01
   1.6270760e+06   3.7109375e+01
   1.6271780e+06   3.2104492e+01
   1.6272330e+06   3.8085938e+01
   1.6278300e+06   4.0710449e+01
   1.6281310e+06   3.7963867e+01
   1.6291390e+06   3.2409668e+01
   1.6293000e+06   4.3395996e+01
   1.6299010e+06   3.3081055e+01
   1.6306440e+06   3.4423828e+01
   1.6312250e+06   3.3935547e+01
   1.6317900e+06   3.4973145e+01
   1.6712420e+06   3.5339355e+01
   1.6712620e+06   4.2724609e+01
   1.6712980e+06   6.8237305e+01
   1.6713100e+06   7.6110840e+01
   1.6713590e+06   4.9499512e+01
   1.6713960e+06   4.0893555e+01
   1.6714410e+06   4.5654297e+01
   1.6714710e+06   4.4128418e+01
   1.6715150e+06   3.8513184e+01
   1.6715880e+06   3.3569336e+01
   1.6716570e+06   3.7231445e+01
   1.6717810e+06   3.5461426e+01
   1.6718180e+06   3.3569336e+01
   1.6719270e+06   3.2043457e+01
   1.6720710e+06   3.8391113e+01
   1.6722120e+06   3.3508301e+01
   1.6723170e+06   3.4545898e+01
   1.6724230e+06   3.5339355e+01
   1.6726670e+06   3.7475586e+01
   1.6728260e+06   4.2541504e+01
   1.6728580e+06   4.2358398e+01
   1.6729770e+06   3.2043457e+01
   1.6730520e+06   3.3996582e+01
   1.6736200e+06   3.6193848e+01
   1.6741020e+06   3.9550781e+01
   1.6745890e+06   3.4423828e+01
   1.6751570e+06   3.9855957e+01
   1.6757560e+06   3.6560059e+01
   1.6768620e+06   3.2165527e+01
   1.7442940e+06   4.0100098e+01
   1.7443310e+06   3.3996582e+01
   1.7443440e+06   4.6936035e+01
   1.7443720e+06   5.2490234e+01
   1.7443980e+06   5.1269531e+01
   1.7444230e+06   4.2602539e+01
   1.7444420e+06   4.1259766e+01
   1.7444740e+06   4.6997070e+01
   1.7445090e+06   3.5034180e+01
   1.7446110e+06   3.3935547e+01
   1.7451670e+06   3.7719727e+01
   1.7458720e+06   3.4606934e+01
   1.7462050e+06   3.4057617e+01
   1.7462540e+06   3.9428711e+01
   1.7467490e+06   3.4362793e+01
   1.7471360e+06   3.2348633e+01
   1.7473460e+06   3.8452148e+01
   1.7478270e+06   3.1982422e+01
   1.7480790e+06   4.0222168e+01
   1.7488860e+06   3.5095215e+01
   1.7492740e+06   4.5166016e+01
   1.7504530e+06   3.5827637e+01
   1.7510560e+06   3.6743164e+01
   1.7516410e+06   3.2958984e+01
   1.8253600e+06   3.7414551e+01
   1.8253770e+06   3.4545898e+01
   1.8254010e+06   3.7719727e+01
   1.8254340e+06   4.4677734e+01
   1.8254620e+06   4.7058105e+01
   1.8255370e+06   3.3935547e+01
   1.8255660e+06   3.4729004e+01
   1.8256090e+06   3.5583496e+01
   1.8258140e+06   4.7302246e+01
   1.8260670e+06   3.4240723e+01
   1.8261030e+06   3.7048340e+01
   1.8268500e+06   3.5827637e+01
   1.8273830e+06   3.2714844e+01
   1.8276340e+06   3.2836914e+01
   1.8279810e+06   3.3203125e+01
   1.8281980e+06   3.3081055e+01
   1.8285250e+06   4.1137695e+01
   1.8290260e+06   3.3020020e+01
   1.8293670e+06   3.9733887e+01
   1.8300290e+06   3.4729004e+01
   1.8315340e+06   3.6987305e+01
   1.8323960e+06   3.9550781e+01
   1.9399850e+06   4.8522949e+01
   1.9403480e+06   5.5725098e+01
   1.9404600e+06   5.1147461e+01
   1.9405230e+06   3.6621094e+01
   1.9405420e+06   3.4545898e+01
   1.9405560e+06   7.2631836e+01
   1.9406180e+06   3.2470703e+01
   1.9406440e+06   4.1992188e+01
   1.9406760e+06   3.5339355e+01
   1.9407090e+06   3.2531738e+01
   1.9407360e+06   3.6865234e+01
   1.9407550e+06   4.2846680e+01
   1.9409620e+06   3.7963867e+01
   1.9409720e+06   4.2480469e+01
   1.9410020e+06   3.5949707e+01
   1.9410530e+06   4.1564941e+01
   1.9414460e+06   3.5766602e+01
   1.9417190e+06   3.6010742e+01
   1.9424200e+06   3.1982422e+01
   1.9425570e+06   3.6254883e+01
   1.9432820e+06   3.8452148e+01
   1.9442040e+06   4.0527344e+01
   1.9447540e+06   3.9245605e+01
   1.9451880e+06   3.4301758e+01
   1.9460000e+06   4.3212891e+01
   1.9845100e+06   4.1870117e+01
   2.0840300e+06   3.6071777e+01
   2.0842690e+06   3.9733887e+01
   2.0845440e+06   5.5664062e+01
   2.0845700e+06   3.6254883e+01
   2.0846070e+06   3.1982422e+01
   2.0846620e+06   3.9184570e+01
   2.0846980e+06   3.3081055e+01
   2.0847370e+06   4.2114258e+01
   2.0847720e+06   4.7424316e+01
   2.0848070e+06   4.7973633e+01
   2.0848390e+06   3.4301758e+01
   2.0848700e+06   4.1381836e+01
   2.0848850e+06   3.3996582e+01
   2.0849160e+06   3.2348633e+01
   2.0850890e+06   3.4118652e+01
   2.0853010e+06   3.6071777e+01
   2.0853280e+06   3.8818359e+01
   2.0854900e+06   4.0893555e+01
   2.0855270e+06   3.2104492e+01
   2.0857440e+06   3.9245605e+01
   2.0863320e+06   3.2714844e+01
   2.0867380e+06   3.3203125e+01
   2.0871500e+06   3.8269043e+01
   2.0878020e+06   3.4179688e+01
   2.0895420e+06   3.3935547e+01
   2.0899570e+06   4.2602539e+01
   2.0902730e+06   3.9611816e+01
   2.1359020e+06   3.4973145e+01
   2.1359880e+06   3.4545898e+01
   2.1360000e+06   4.6142578e+01
   2.1360210e+06   3.9367676e+01
   2.1360410e+06   5.5664062e+01
   2.1360750e+06   7.4829102e+01
   2.1361180e+06   3.4118652e+01
   2.1361340e+06   4.1931152e+01
   2.1361670e+06   5.3466797e+01
   2.1362080e+06   3.4057617e+01
   2.1362370e+06   3.8696289e+01
   2.1362500e+06   3.4240723e+01
   2.1363160e+06   3.5522461e+01
   2.1363390e+06   3.2653809e+01
   2.1364120e+06   3.2348633e+01
   2.1365320e+06   3.2531738e+01
   2.1369070e+06   4.1259766e+01
   2.1372360e+06   3.3264160e+01
   2.1375680e+06   3.8940430e+01
   2.1379570e+06   3.2958984e+01
   2.1380800e+06   3.5522461e+01
   2.1381060e+06   3.3813477e+01
   2.1381720e+06   3.2348633e+01
   2.1386630e+06   3.6193848e+01
   2.1391220e+06   3.4790039e+01
   2.1400500e+06   3.6865234e+01
   2.1405020e+06   3.4179688e+01
   2.1407660e+06   3.8208008e+01
   2.1425440e+06   4.3457031e+01
   2.2228780e+06   3.2287598e+01
   2.2230340e+06   3.5522461e+01
   2.2230690e+06   4.7729492e+01
   2.2230810e+06   3.2104492e+01
   2.2231320e+06   4.4372559e+01
   2.2231450e+06   4.6203613e+01
   2.2231640e+06   4.1748047e+01
   2.2232350e+06   3.4057617e+01
   2.2232610e+06   4.4189453e+01
   2.2232920e+06   3.2409668e+01
   2.2233340e+06   3.8879395e+01
   2.2234630e+06   4.0222168e+01
   2.2235900e+06   3.6621094e+01
   2.2236760e+06   3.7841797e+01
   2.2239810e+06   3.2958984e+01
   2.2240760e+06   3.5034180e+01
   2.2242850e+06   3.6865234e+01
   2.2244150e+06   3.7231445e+01
   2.2246450e+06   3.3142090e+01
   2.2249310e+06   3.9794922e+01
   2.2255370e+06   4.4067383e+01
   2.2265820e+06   3.2104492e+01
   2.2269120e+06   4.3579102e+01
   2.2273140e+06   3.8146973e+01
   2.2283590e+06   3.1982422e+01
   2.2288390e+06   3.3325195e+01
   2.2291960e+06   3.5888672e+01
   2.3221890e+06   4.5654297e+01
   2.3222120e+06   4.6264648e+01
   2.3222660e+06   3.5705566e+01
   2.3222920e+06   4.8034668e+01
   2.3223050e+06   3.7719727e+01
   2.3223300e+06   3.9794922e+01
   2.3223430e+06   4.6691895e+01
   2.3223930e+06   3.7536621e+01
   2.3224190e+06   3.9855957e+01
   2.3224620e+06   3.6315918e+01
   2.3225560e+06   3.9733887e+01
   2.3226520e+06   3.3447266e+01
   2.3227550e+06   3.3081055e+01
   2.3231290e+06   3.2165527e+01
   2.3232670e+06   3.3935547e+01
   2.3239350e+06   3.2043457e+01
   2.3243640e+06   3.2836914e+01
   2.3249780e+06   3.7414551e+01
   2.3255250e+06   3.9489746e+01
   2.3264580e+06   3.5644531e+01
   2.3269590e+06   3.4179688e+01
   2.3273870e+06   4.0405273e+01
   2.3663090e+06   5.0109863e+01
   2.3665140e+06   3.8879395e+01
   2.3665470e+06   4.0649414e+01
   2.3666000e+06   3.7475586e+01
   2.3666250e+06   4.6020508e+01
   2.3666460e+06   3.8574219e+01
   2.3666680e+06   3.6560059e+01
   2.3667920e+06   4.1931152e+01
   2.3668400e+06   3.7597656e+01
   2.3669310e+06   4.2663574e+01
   2.3670850e+06   3.4301758e+01
   2.3673480e+06   3.5461426e+01
   2.3676070e+06   3.2348633e+01
   2.3679380e+06   3.2470703e+01
   2.3679780e+06   3.2287598e+01
   2.3682570e+06   4.0222168e+01
   2.3686020e+06   3.4851074e+01
   2.3687310e+06   3.1921387e+01
   2.3692320e+06   4.0893555e+01
   2.3694740e+06   3.7780762e+01
   2.3715200e+06   3.6193848e+01
   2.3718070e+06   3.4179688e+01
   2.4691380e+06   4.1992188e+01
   2.6055590e+06   3.9184570e+01
   2.6057520e+06   4.6936035e+01
   2.6057760e+06   3.3081055e+01
   2.6058040e+06   3.7902832e+01
   2.6058230e+06   3.7963867e+01
   2.6058600e+06   3.6682129e+01
   2.6058820e+06   5.1818848e+01
   2.6059200e+06   3.4240723e+01
   2.6059720e+06   3.5522461e+01
   2.6060010e+06   3.3020020e+01
   2.6060360e+06   3.4057617e+01
   2.6060650e+06   3.5461426e+01
   2.6061790e+06   3.2714844e+01
   2.6062920e+06   3.2531738e+01
   2.6064110e+06   3.5705566e+01
   2.6069060e+06   3.3630371e+01
   2.6072750e+06   3.5888672e+01
   2.6073260e+06   3.4057617e+01
   2.6075900e+06   3.9916992e+01
   2.6077860e+06   3.4484863e+01
   2.6082170e+06   3.2958984e+01
   2.6084710e+06   3.3081055e+01
   2.6088110e+06   3.2653809e+01
   2.6092160e+06   3.6010742e+01
   2.6094840e+06   4.0161133e+01
   2.6097410e+06   3.1921387e+01
   2.6097930e+06   3.3081055e+01
   2.6105420e+06   3.6682129e+01
   2.6112070e+06   3.3325195e+01
   2.6120130e+06   3.6437988e+01
   2.6125420e+06   3.3203125e+01
   2.7111930e+06   4.3762207e+01
   2.7113450e+06   3.7475586e+01
   2.7113640e+06   3.4179688e+01
   2.7114090e+06   6.3354492e+01
   2.7114250e+06   3.3569336e+01
   2.7114540e+06   4.0893555e+01
   2.7114880e+06   3.7536621e+01
   2.7115170e+06   3.3081055e+01
   2.7115590e+06   3.5522461e+01
   2.7115700e+06   3.4362793e+01
   2.7116520e+06   3.6193848e+01
   2.7118540e+06   3.5522461e+01
   2.7119850e+06   3.2287598e+01
   2.7127990e+06   3.5888672e+01
   2.7131470e+06   3.6132812e+01
   2.7132670e+06   3.4729004e+01
   2.7132820e+06   4.5104980e+01
   2.7135960e+06   3.8208008e+01
   2.7141350e+06   3.7292480e+01
   2.7145410e+06   3.3996582e+01
   2.7148120e+06   3.3874512e+01
   2.7151160e+06   3.1921387e+01
   2.7151440e+06   4.3518066e+01
   2.7155530e+06   3.2104492e+01
   2.7159650e+06   3.2409668e+01
   2.7162810e+06   3.4057617e+01
   2.7166630e+06   3.7414551e+01
   2.7178550e+06   3.5888672e+01
   2.7182250e+06   3.5461426e+01
   2.7642680e+06   4.0283203e+01
   2.7642960e+06   3.6071777e+01
   2.7643740e+06   4.3518066e+01
   2.7644120e+06   4.0954590e+01
   2.7644410e+06   4.6264648e+01
   2.7644690e+06   5.6457520e+01
   2.7644790e+06   3.3874512e+01
   2.7645170e+06   3.7231445e+01
   2.7645680e+06   3.4606934e+01
   2.7646390e+06   3.6804199e+01
   2.7646960e+06   3.6865234e+01
   2.7648460e+06   3.7719727e+01
   2.7651000e+06   3.4729004e+01
   2.7653170e+06   3.6560059e+01
   2.7653300e+06   3.2653809e+01
   2.7657680e+06   4.6691895e+01
   2.7658900e+06   3.3020020e+01
   2.7659230e+06   3.2165527e+01
   2.7665400e+06   3.5644531e+01
   2.7665620e+06   3.5217285e+01
   2.7668890e+06   3.7963867e+01
   2.7670510e+06   3.5888672e+01
   2.7673240e+06   3.2409668e+01
   2.7682090e+06   3.5949707e+01
   2.7685910e+06   3.1982422e+01
   2.7699690e+06   3.9062500e+01
   2.8214860e+06   3.3447266e+01
   2.8215710e+06   3.2287598e+01
   2.8215900e+06   3.5278320e+01
   2.8216220e+06   3.2714844e+01
   2.8216980e+06   3.2775879e+01
   2.8217230e+06   4.8400879e+01
   2.8217360e+06   3.4362793e+01
   2.8217740e+06   3.5461426e+01
   2.8218060e+06   3.2531738e+01
   2.8218270e+06   4.1503906e+01
   2.8218500e+06   4.0832520e+01
   2.8219370e+06   3.3264160e+01
   2.8219860e+06   4.4738770e+01
   2.8220330e+06   3.5644531e+01
   2.8222420e+06   4.7546387e+01
   2.8223600e+06   3.2226562e+01
   2.8224840e+06   4.0161133e+01
   2.8228160e+06   3.5583496e+01
   2.8229550e+06   3.2958984e+01
   2.8231690e+06   3.9123535e+01
   2.8234940e+06   4.3457031e+01
   2.8238400e+06   4.0710449e+01
   2.8241850e+06   3.2714844e+01
   2.8248060e+06   3.2775879e+01
   2.8251720e+06   3.6560059e+01
   2.8255190e+06   3.1860352e+01
   2.8259200e+06   4.0344238e+01
   2.8265870e+06   3.7963867e+01
   2.8271350e+06   4.1381836e+01
   2.8279570e+06   3.6682129e+01
   3.1611710e+06   3.8452148e+01
   3.2834370e+06   3.4484863e+01
   3.2843330e+06   4.5532227e+01
   3.2844140e+06   4.7302246e+01
   3.2844370e+06   4.3518066e+01
   3.2844600e+06   3.6865234e+01
   3.2845330e+06   4.8095703e+01
   3.2845570e+06   3.4973145e+01
   3.2846920e+06   3.6682129e+01
   3.2847530e+06   4.0649414e+01
   3.2847660e+06   3.6132812e+01
   3.2849370e+06   3.4667969e+01
   3.2850720e+06   3.2165527e+01
   3.2852800e+06   3.2226562e+01
   3.2859540e+06   3.3874512e+01
   3.2860860e+06   3.4729004e+01
   3.2864210e+06   3.2287598e+01
   3.2873900e+06   3.7353516e+01
   3.2889090e+06   3.5095215e+01
   3.2895450e+06   3.4790039e+01
   3.2897880e+06   4.5654297e+01
   3.2902270e+06   3.4606934e+01
   3.2909410e+06   3.8635254e+01
   3.5348150e+06   3.8940430e+01
   3.5348320e+06   6.1218262e+01
   3.5348620e+06   4.1259766e+01
   3.5348830e+06   3.2592773e+01
   3.5349060e+06   9.0576172e+01
   3.5349350e+06   4.9682617e+01
   3.5349580e+06   3.3874512e+01
   3.5349990e+06   4.6508789e+01
   3.5351740e+06   3.5522461e+01
   3.5352400e+06   3.2775879e+01
   3.5355510e+06   3.4851074e+01
   3.5357430e+06   3.9978027e+01
   3.5361480e+06   3.4362793e+01
   3.5365950e+06   3.7719727e+01
   3.5369210e+06   3.6071777e+01
   3.5371900e+06   3.8818359e+01
   3.5374730e+06   3.4545898e+01
   3.5377300e+06   3.7780762e+01
   3.5385040e+06   3.6193848e+01
   3.5386670e+06   3.7475586e+01
   3.5392450e+06   3.9978027e+01
   3.5398990e+06   3.3813477e+01
   3.5418340e+06   3.5339355e+01
   3.5588290e+06   4.4006348e+01
   3.5589210e+06   3.5400391e+01
   3.5589470e+06   4.7119141e+01
   3.5590560e+06   4.7607422e+01
   3.5590780e+06   4.9804688e+01
   3.5591460e+06   3.3752441e+01
   3.5593670e+06   4.5776367e+01
   3.5594150e+06   3.6010742e+01
   3.5596660e+06   4.1687012e+01
   3.5596920e+06   4.0283203e+01
   3.5599170e+06   4.7241211e+01
   3.5601120e+06   3.2836914e+01
   3.5605050e+06   3.6865234e+01
   3.5605780e+06   3.9733887e+01
   3.5606220e+06   3.3142090e+01
   3.5608980e+06   3.3386230e+01
   3.5609400e+06   3.8635254e+01
   3.5612430e+06   3.6071777e+01
   3.5613760e+06   3.6315918e+01
   3.5621640e+06   3.2287598e+01
   3.5624990e+06   5.5236816e+01
   3.5629190e+06   3.4301758e+01
   3.5638300e+06   3.8146973e+01
   3.5641830e+06   3.6804199e+01
   3.5652090e+06   4.0100098e+01
   3.5655430e+06   3.3081055e+01
   3.6799000e+06   3.4667969e+01
   3.6803010e+06   3.9550781e+01
   3.6807270e+06   5.3283691e+01
   3.6808360e+06   3.5888672e+01
   3.6808920e+06   4.1748047e+01
   3.6809240e+06   6.4086914e+01
   3.6810170e+06   3.2531738e+01
   3.6811220e+06   4.4799805e+01
   3.6811880e+06   3.4423828e+01
   3.6812590e+06   3.6254883e+01
   3.6813930e+06   3.6193848e+01
   3.6815280e+06   4.2968750e+01
   3.6816760e+06   3.7719727e+01
   3.6822300e+06   3.5034180e+01
   3.6825700e+06   3.6926270e+01
   3.6827180e+06   3.2287598e+01
   3.6829690e+06   3.8757324e+01
   3.6837050e+06   4.1320801e+01
   3.6840200e+06   3.7597656e+01
   3.6842460e+06   3.6865234e+01
   3.6850210e+06   3.5827637e+01
   3.6856950e+06   4.7973633e+01
   3.6866870e+06   3.5949707e+01
   4.2386900e+06   5.9143066e+01
   4.2389970e+06   3.6621094e+01
   4.2390460e+06   3.4362793e+01
   4.2390700e+06   3.6376953e+01
   4.2390960e+06   7.7148438e+01
   4.2391170e+06   4.3823242e+01
   4.2391600e+06   3.6254883e+01
   4.2392530e+06   3.7109375e+01
   4.2393080e+06   3.6926270e+01
   4.2394300e+06   3.6682129e+01
   4.2394820e+06   3.4423828e+01
   4.2395840e+06   3.9123535e+01
   4.2403790e+06   4.2480469e+01
   4.2405720e+06   3.3996582e+01
   4.2406880e+06   4.0466309e+01
   4.2408380e+06   3.5583496e+01
   4.2410790e+06   3.8269043e+01
   4.2411050e+06   3.3142090e+01
   4.2415850e+06   3.6804199e+01
   4.2419390e+06   3.8452148e+01
   4.2429870e+06   3.8879395e+01
   4.2431920e+06   3.9672852e+01
   4.2436340e+06   3.8818359e+01
   4.2443660e+06   3.3508301e+01
   4.2450340e+06   3.9428711e+01
   4.2458530e+06   3.8208008e+01
   4.2462240e+06   3.9062500e+01
   4.2472940e+06   3.3630371e+01
   4.3390090e+06   4.2297363e+01
   4.3997850e+06   3.5339355e+01
   4.4115250e+06   4.3762207e+01
   4.4120570e+06   4.6630859e+01
   4.4121740e+06   4.2053223e+01
   4.4122000e+06   3.3142090e+01
   4.4122760e+06   3.6254883e+01
   4.4123040e+06   3.8696289e+01
   4.4123440e+06   3.9916992e+01
   4.4123600e+06   3.6071777e+01
   4.4123880e+06   4.2114258e+01
   4.4124460e+06   3.8879395e+01
   4.4124790e+06   4.3029785e+01
   4.4125470e+06   3.5827637e+01
   4.4126060e+06   4.2907715e+01
   4.4126520e+06   3.4606934e+01
   4.4127650e+06   3.2775879e+01
   4.4128300e+06   3.2348633e+01
   4.4131680e+06   3.7597656e+01
   4.4134880e+06   3.3630371e+01
   4.4137540e+06   3.6254883e+01
   4.4145300e+06   3.2897949e+01
   4.4147260e+06   3.5949707e+01
   4.4147660e+06   3.3020020e+01
   4.4154400e+06   3.4729004e+01
   4.4162640e+06   3.8024902e+01
   4.4164890e+06   3.6804199e+01
   4.4170140e+06   4.3945312e+01
   4.4186280e+06   3.4118652e+01
   4.5226560e+06   3.4606934e+01
   4.6636190e+06   3.3203125e+01
   5.0313000e+06   4.5593262e+01
   5.0313110e+06   4.2236328e+01
   5.0313260e+06   4.3945312e+01
   5.0313380e+06   4.9621582e+01
   5.0313720e+06   4.3273926e+01
   5.0314370e+06   3.3447266e+01
   5.0314600e+06   4.2114258e+01
   5.0324950e+06   3.8513184e+01
   5.0327740e+06   4.3518066e+01
   5.0331220e+06   3.3691406e+01
   5.0337160e+06   3.9245605e+01
   5.0348460e+06   3.8879395e+01
   5.0365170e+06   3.4545898e+01
   5.0369580e+06   3.3142090e+01
   5.0372340e+06   3.3752441e+01
   5.0374770e+06   3.4484863e+01
   5.0388440e+06   3.3386230e+01
   5.0533390e+06   4.6020508e+01
   5.0535760e+06   3.2287598e+01
   5.0537530e+06   4.3212891e+01
   5.0538390e+06   3.3813477e+01
   5.0538500e+06   6.6772461e+01
   5.0538880e+06   3.8208008e+01
   5.0539350e+06   3.6376953e+01
   5.0540240e+06   3.2409668e+01
   5.0540510e+06   3.5705566e+01
   5.0541980e+06   3.2592773e+01
   5.0545840e+06   3.3630371e+01
   5.0551280e+06   3.6926270e+01
   5.0551410e+06   3.3264160e+01
   5.0552960e+06   4.4067383e+01
   5.0553110e+06   3.4973145e+01
   5.0554650e+06   3.4240723e+01
   5.0559050e+06   3.7170410e+01
   5.0567300e+06   3.3020020e+01
   5.0570050e+06   3.2958984e+01
   5.0571840e+06   3.2775879e+01
   5.0575110e+06   3.3813477e+01
   5.0579580e+06   3.5583496e+01
   5.0587960e+06   3.2470703e+01
   5.0589920e+06   3.7109375e+01
   5.0603490e+06   3.2165527e+01
   5.2369640e+06   3.8024902e+01
   5.2370020e+06   4.7668457e+01
   5.2370150e+06   3.4118652e+01
   5.2370430e+06   3.5583496e+01
   5.2370940e+06   4.2114258e+01
   5.2376520e+06   3.2470703e+01
   5.2381440e+06   3.5217285e+01
   5.2382570e+06   3.5217285e+01
   5.2389150e+06   3.9245605e+01
   5.2400170e+06   3.3264160e+01
   5.2402630e+06   3.8818359e+01
   5.2416760e+06   3.7536621e+01
   5.2424770e+06   4.1076660e+01
   5.2428630e+06   3.8146973e+01
   5.2446230e+06   3.6621094e+01
   5.2826310e+06   5.6640625e+01
   5.2826550e+06   4.0832520e+01
   5.2827010e+06   3.5034180e+01
   5.2827110e+06   5.7739258e+01
   5.2827380e+06   4.3090820e+01
   5.2827570e+06   3.7292480e+01
   5.2827860e+06   3.8574219e+01
   5.2828120e+06   3.5583496e+01
   5.2829620e+06   3.5461426e+01
   5.2830030e+06   3.4545898e+01
   5.2830350e+06   4.1687012e+01
   5.2831370e+06   3.5827637e+01
   5.2832220e+06   3.6437988e+01
   5.2833890e+06   4.4616699e+01
   5.2835290e+06   3.7841797e+01
   5.2838450e+06   3.4301758e+01
   5.2840370e+06   4.3212891e+01
   5.2844630e+06   3.5156250e+01
   5.2849590e+06   4.0222168e+01
   5.2853610e+06   3.7658691e+01
   5.2855910e+06   3.8757324e+01
   5.2858720e+06   3.7109375e+01
   5.2862110e+06   4.0771484e+01
   5.2866300e+06   3.5217285e+01
   5.2869650e+06   3.3142090e+01
   5.2880830e+06   3.3081055e+01
   5.2883520e+06   3.6682129e+01
   5.2892450e+06   3.9978027e+01
   5.3373620e+06   3.6682129e+01
   5.3373820e+06   5.1025391e+01
   5.3374050e+06   3.4301758e+01
   5.3374240e+06   3.2897949e+01
   5.3374420e+06   6.9702148e+01
   5.3374630e+06   3.3142090e+01
   5.3374900e+06   3.9306641e+01
   5.3375220e+06   3.3935547e+01
   5.3375330e+06   3.6010742e+01
   5.3375580e+06   3.2714844e+01
   5.3375680e+06   3.6560059e+01
   5.3376090e+06   3.5034180e+01
   5.3377330e+06   3.2287598e+01
   5.3379230e+06   3.3020020e+01
   5.3382370e+06   4.7241211e+01
   5.3383000e+06   3.4057617e+01
   5.3384320e+06   3.9550781e+01
   5.3385840e+06   3.2531738e+01
   5.3388520e+06   3.5156250e+01
   5.3390770e+06   3.8391113e+01
   5.3397710e+06   3.9123535e+01
   5.3404670e+06   3.2836914e+01
   5.3408450e+06   3.3996582e+01
   5.3409570e+06   3.2836914e+01
   5.3413520e+06   3.2348633e+01
   5.3416590e+06   4.3762207e+01
   5.3420500e+06   3.4667969e+01
   5.3425690e+06   4.2541504e+01
   5.3432060e+06   3.4912109e+01
   5.3436620e+06   3.9367676e+01
   5.3442220e+06   3.6071777e+01
   5.3708940e+06   3.2409668e+01
   5.3709380e+06   3.6193848e+01
   5.3709710e+06   3.3081055e+01
   5.3710120e+06   3.9489746e+01
   5.3710360e+06   4.5532227e+01
   5.3710510e+06   3.7780762e+01
   5.3710680e+06   3.8452148e+01
   5.3710940e+06   3.7841797e+01
   5.3711280e+06   3.6682129e+01
   5.3711980e+06   3.4667969e+01
   5.3715320e+06   3.5461426e+01
   5.3715580e+06   3.6437988e+01
   5.3715720e+06   4.1687012e+01
   5.3719660e+06   3.7109375e+01
   5.3721460e+06   3.5461426e+01
   5.3726110e+06   4.6081543e+01
   5.3733740e+06   4.4067383e+01
   5.3737650e+06   3.2531738e+01
   5.3743650e+06   3.3691406e+01
   5.3750410e+06   3.5400391e+01
   5.3753910e+06   3.5522461e+01
   5.3757320e+06   3.4973145e+01
   5.3762160e+06   3.4301758e+01
   5.3764760e+06   4.4006348e+01
   5.3773750e+06   3.4362793e+01
   5.4028290e+06   4.0039062e+01
   5.4028600e+06   3.8940430e+01
   5.4028970e+06   3.9062500e+01
   5.4029220e+06   3.5217285e+01
   5.4029530e+06   3.2470703e+01
   5.4029720e+06   3.8330078e+01
   5.4029960e+06   5.9448242e+01
   5.4030260e+06   3.3630371e+01
   5.4030790e+06   4.5593262e+01
   5.4031060e+06   3.4118652e+01
   5.4031600e+06   4.1687012e+01
   5.4032270e+06   4.4250488e+01
   5.4032480e+06   3.5156250e+01
   5.4034920e+06   3.7109375e+01
   5.4035150e+06   3.4606934e+01
   5.4038440e+06   3.7231445e+01
   5.4039620e+06   3.3386230e+01
   5.4040850e+06   4.0100098e+01
   5.4042090e+06   3.8757324e+01
   5.4045680e+06   3.6071777e+01
   5.4046900e+06   3.4118652e+01
   5.4050180e+06   3.3203125e+01
   5.4055990e+06   4.2480469e+01
   5.4066210e+06   3.7231445e+01
   5.4074160e+06   3.6804199e+01
   5.4080580e+06   3.5705566e+01
   5.4086180e+06   3.4423828e+01
   5.4093900e+06   3.8208008e+01
   5.4339730e+06   7.5805664e+01
   5.4340050e+06   3.4179688e+01
   5.4340390e+06   6.2316895e+01
   5.4340500e+06   4.3151855e+01
   5.4340720e+06   3.9489746e+01
   5.4341090e+06   3.6621094e+01
   5.4341190e+06   5.0354004e+01
   5.4342370e+06   3.4118652e+01
   5.4342910e+06   3.2348633e+01
   5.4344090e+06   3.6987305e+01
   5.4345460e+06   3.9306641e+01
   5.4349850e+06   3.5766602e+01
   5.4350460e+06   3.5156250e+01
   5.4351140e+06   3.6621094e+01
   5.4355320e+06   3.3630371e+01
   5.4357390e+06   3.4606934e+01
   5.4358070e+06   3.6987305e+01
   5.4365490e+06   3.3020020e+01
   5.4377450e+06   3.2653809e+01
   5.4382100e+06   4.2541504e+01
   5.4401510e+06   3.3874512e+01
   5.4659240e+06   3.2775879e+01
   5.4659400e+06   4.0466309e+01
   5.4660310e+06   4.0039062e+01
   5.4660990e+06   5.5541992e+01
   5.4661150e+06   3.7780762e+01
   5.4661740e+06   3.2409668e+01
   5.4662020e+06   3.6682129e+01
   5.4663300e+06   3.4423828e+01
   5.4664880e+06   3.2958984e+01
   5.4669450e+06   3.9916992e+01
   5.4671570e+06   3.2348633e+01
   5.4672020e+06   3.2592773e+01
   5.4672960e+06   3.2470703e+01
   5.4682470e+06   3.5156250e+01
   5.4684280e+06   3.9550781e+01
   5.4688810e+06   4.2236328e+01
   5.4691690e+06   3.4179688e+01
   5.4696870e+06   3.4729004e+01
   5.4703740e+06   3.9306641e+01
   5.4708470e+06   3.8513184e+01
   5.4713260e+06   3.5095215e+01
   5.5012790e+06   4.2297363e+01
   5.5013930e+06   3.6437988e+01
   5.5014050e+06   3.8696289e+01
   5.5015360e+06   3.8940430e+01
   5.5016370e+06   4.5715332e+01
   5.5017100e+06   3.5461426e+01
   5.5018470e+06   3.7536621e+01
   5.5018860e+06   4.3457031e+01
   5.5019570e+06   3.5949707e+01
   5.5020930e+06   3.6193848e+01
   5.5022230e+06   3.2409668e+01
   5.5022420e+06   3.3630371e+01
   5.5024250e+06   3.8452148e+01
   5.5026780e+06   3.4912109e+01
   5.5047730e+06   3.8330078e+01
   5.5050620e+06   3.4301758e+01
   5.5054810e+06   3.4423828e+01
   5.5057820e+06   3.5827637e+01
   5.5060710e+06   3.4912109e+01
   5.5062930e+06   3.4729004e+01
   5.5066600e+06   3.3630371e+01
   5.5622820e+06   3.8208008e+01
   5.5623870e+06   3.8146973e+01
   5.5623970e+06   5.0537109e+01
   5.5625210e+06   4.3518066e+01
   5.5625390e+06   4.2724609e+01
   5.5626340e+06   3.6132812e+01
   5.5627010e+06   3.5034180e+01
   5.5633780e+06   3.3203125e+01
   5.5638720e+06   3.4362793e+01
   5.5639410e+06   3.7170410e+01
   5.5647070e+06   3.8696289e+01
   5.5649480e+06   3.9428711e+01
   5.5650890e+06   3.6132812e+01
   5.5665020e+06   3.2653809e+01
   5.5668130e+06   3.3142090e+01
   5.5674660e+06   3.3325195e+01
   5.5679320e+06   3.5095215e+01
   5.6624640e+06   3.2287598e+01
   5.6625110e+06   3.5522461e+01
   5.6625660e+06   3.2653809e+01
   5.6625900e+06   4.0954590e+01
   5.6626300e+06   3.4057617e+01
   5.6626450e+06   6.1401367e+01
   5.6626620e+06   8.1542969e+01
   5.6627130e+06   3.7780762e+01
   5.6627420e+06   3.2165527e+01
   5.6628140e+06   3.7475586e+01
   5.6628790e+06   3.6193848e+01
   5.6630080e+06   3.5522461e+01
   5.6637430e+06   3.4545898e+01
   5.6642110e+06   3.3142090e+01
   5.6643830e+06   4.0100098e+01
   5.6652300e+06   3.5278320e+01
   5.6661560e+06   3.8085938e+01
   5.6663710e+06   3.8818359e+01
   5.6677880e+06   3.4790039e+01
   5.6689950e+06   3.7841797e+01
   5.6999930e+06   3.7536621e+01
   5.7000890e+06   3.4912109e+01
   5.7001420e+06   4.8950195e+01
   5.7001830e+06   3.6865234e+01
   5.7002510e+06   3.6132812e+01
   5.7003000e+06   3.2470703e+01
   5.7003550e+06   3.2958984e+01
   5.7003730e+06   3.4606934e+01
   5.7004820e+06   4.0100098e+01
   5.7006100e+06   3.3020020e+01
   5.7008560e+06   3.9062500e+01
   5.7010100e+06   3.7841797e+01
   5.7015070e+06   3.3081055e+01
   5.7020690e+06   3.2409668e+01
   5.7030370e+06   3.2836914e+01
   5.7035450e+06   4.2480469e+01
   5.7038130e+06   3.5400391e+01
   5.7042760e+06   3.3020020e+01
   5.7047930e+06   3.5400391e+01
   5.8390390e+06   3.3691406e+01
   5.8393110e+06   3.4851074e+01
   5.8394200e+06   4.0161133e+01
   5.8394300e+06   4.2297363e+01
   5.8394500e+06   3.7719727e+01
   5.8394680e+06   5.6213379e+01
   5.8395210e+06   3.5522461e+01
   5.8396060e+06   4.4372559e+01
   5.8396300e+06   3.3264160e+01
   5.8397900e+06   3.7536621e+01
   5.8398620e+06   3.5949707e+01
   5.8398940e+06   3.6010742e+01
   5.8399300e+06   3.3813477e+01
   5.8399570e+06   3.3874512e+01
   5.8401800e+06   3.8269043e+01
   5.8403570e+06   4.3579102e+01
   5.8410600e+06   3.2226562e+01
   5.8426430e+06   3.7231445e+01
   5.8437810e+06   3.4545898e+01
   5.8454470e+06   3.7231445e+01
   5.8806440e+06   3.3630371e+01
   5.8807010e+06   3.2653809e+01
   5.8807500e+06   3.3752441e+01
   5.8807890e+06   5.8898926e+01
   5.8808720e+06   3.9062500e+01
   5.8808860e+06   3.7048340e+01
   5.8809230e+06   5.1086426e+01
   5.8809470e+06   4.5532227e+01
   5.8809820e+06   3.6071777e+01
   5.8809930e+06   3.3386230e+01
   5.8811130e+06   3.8635254e+01
   5.8811520e+06   3.2409668e+01
   5.8811930e+06   4.7973633e+01
   5.8812650e+06   3.2836914e+01
   5.8813090e+06   3.3264160e+01
   5.8814130e+06   3.5400391e+01
   5.8814530e+06   3.5949707e+01
   5.8818440e+06   3.2287598e+01
   5.8823780e+06   3.3691406e+01
   5.8825650e+06   3.3264160e+01
   5.8829070e+06   3.7292480e+01
   5.8837290e+06   3.5461426e+01
   5.8852530e+06   3.4667969e+01
   5.8857610e+06   3.5034180e+01
   5.8864850e+06   3.6804199e+01
   6.0041350e+06   4.9255371e+01
   6.0042920e+06   4.1381836e+01
   6.0043430e+06   4.2297363e+01
   6.0043740e+06   3.7109375e+01
   6.0043950e+06   4.0649414e+01
   6.0044270e+06   3.8757324e+01
   6.0044400e+06   3.7475586e+01
   6.0044940e+06   3.8513184e+01
   6.0045660e+06   3.9428711e+01
   6.0046220e+06   3.6132812e+01
   6.0046560e+06   3.7841797e+01
   6.0047140e+06   3.4118652e+01
   6.0051890e+06   3.3874512e+01
   6.0053970e+06   3.8391113e+01
   6.0058590e+06   3.3020020e+01
   6.0064340e+06   3.4606934e+01
   6.0066540e+06   3.6010742e+01
   6.0069670e+06   3.2531738e+01
   6.0073170e+06   3.8146973e+01
   6.0079600e+06   3.5156250e+01
   6.0083520e+06   3.3569336e+01
   6.0088670e+06   3.3264160e+01
   6.0092260e+06   3.3081055e+01
   6.0102510e+06   3.2104492e+01
   6.0453010e+06   3.4912109e+01
   6.0453300e+06   3.7231445e+01
   6.0454060e+06   5.0292969e+01
   6.0454320e+06   3.9672852e+01
   6.0454590e+06   3.7780762e+01
   6.0454900e+06   5.0537109e+01
   6.0455080e+06   4.5043945e+01
   6.0456030e+06   3.9794922e+01
   6.0456390e+06   3.4973145e+01
   6.0456560e+06   3.3081055e+01
   6.0457020e+06   4.0100098e+01
   6.0459440e+06   3.4423828e+01
   6.0459890e+06   3.3752441e+01
   6.0460300e+06   3.5339355e+01
   6.0462540e+06   3.2836914e+01
   6.0462840e+06   3.4667969e+01
   6.0463860e+06   3.3752441e+01
   6.0465020e+06   3.5095215e+01
   6.0468370e+06   4.5166016e+01
   6.0474830e+06   3.8146973e+01
   6.0479360e+06   3.4362793e+01
   6.0481120e+06   3.9489746e+01
   6.0492350e+06   3.3081055e+01
   6.0494570e+06   3.2104492e+01
   6.0497760e+06   3.3569336e+01
   6.0503880e+06   3.4912109e+01
   6.1867540e+06   3.5827637e+01
   6.1867950e+06   3.6071777e+01
   6.1868170e+06   4.0466309e+01
   6.1868500e+06   3.8330078e+01
   6.1868750e+06   4.4921875e+01
   6.1869010e+06   3.2714844e+01
   6.1869550e+06   3.2409668e+01
   6.1869710e+06   4.4372559e+01
   6.1869920e+06   4.4189453e+01
   6.1870340e+06   3.8024902e+01
   6.1874570e+06   3.4301758e+01
   6.1875850e+06   3.2409668e+01
   6.1880000e+06   3.4912109e+01
   6.1884000e+06   3.2470703e+01
   6.1884660e+06   3.2531738e+01
   6.1891150e+06   3.4484863e+01
   6.1893930e+06   3.2897949e+01
   6.1897520e+06   3.5400391e+01
   6.1903270e+06   3.6682129e+01
   6.1912720e+06   3.2836914e+01
   6.1917800e+06   3.7658691e+01
   6.1921490e+06   3.5339355e+01
   6.3583310e+06   3.2043457e+01
   6.7655260e+06   3.2043457e+01
   7.1309370e+06   4.6203613e+01
   7.1309660e+06   4.1137695e+01
   7.1309860e+06   6.8847656e+01
   7.1310010e+06   6.5490723e+01
   7.1310310e+06   5.1574707e+01
   7.1310570e+06   3.2897949e+01
   7.1312550e+06   3.3752441e+01
   7.1324590e+06   5.1330566e+01
   7.1327950e+06   3.2958984e+01
   7.1329750e+06   3.4851074e+01
   7.1331840e+06   3.3630371e+01
   7.1341490e+06   4.2114258e+01
   7.1348270e+06   3.3142090e+01
   7.1359200e+06   4.8461914e+01
   7.1360960e+06   3.4301758e+01
   7.1371240e+06   3.6010742e+01
   7.1384070e+06   3.2409668e+01
   7.1409940e+06   3.7231445e+01
   7.1553540e+06   3.9367676e+01
   7.1558510e+06   4.4494629e+01
   7.1560240e+06   3.5339355e+01
   7.1561430e+06   3.6193848e+01
   7.1562430e+06   3.3569336e+01
   7.1562970e+06   3.5705566e+01
   7.1563470e+06   4.0405273e+01
   7.1563670e+06   3.4118652e+01
   7.1563860e+06   3.2470703e+01
   7.1564010e+06   3.3325195e+01
   7.1564590e+06   3.9062500e+01
   7.1565860e+06   3.8085938e+01
   7.1566010e+06   3.7658691e+01
   7.1566630e+06   4.9133301e+01
   7.1567190e+06   3.4973145e+01
   7.1568880e+06   3.6499023e+01
   7.1570430e+06   3.6254883e+01
   7.1573900e+06   4.2114258e+01
   7.1577490e+06   3.5339355e+01
   7.1578780e+06   3.9184570e+01
   7.1579030e+06   3.2104492e+01
   7.1579730e+06   3.7780762e+01
   7.1584760e+06   3.2653809e+01
   7.1587840e+06   3.4118652e+01
   7.1588800e+06   3.5522461e+01
   7.1591250e+06   4.0222168e+01
   7.1593540e+06   3.5705566e+01
   7.1597520e+06   3.5827637e+01
   7.1599940e+06   3.6682129e+01
   7.1602360e+06   3.8085938e+01
   7.5777800e+06   4.5288086e+01
   7.5780320e+06   4.1076660e+01
   7.5781400e+06   4.9926758e+01
   7.5781990e+06   5.6579590e+01
   7.5782190e+06   4.9011230e+01
   7.5782460e+06   3.3691406e+01
   7.5782840e+06   3.8635254e+01
   7.5783290e+06   3.4484863e+01
   7.5783660e+06   3.8208008e+01
   7.5783950e+06   4.3273926e+01
   7.5784150e+06   3.6987305e+01
   7.5784330e+06   4.1015625e+01
   7.5784470e+06   3.2409668e+01
   7.5784880e+06   3.2958984e+01
   7.5785200e+06   3.7963867e+01
   7.5788470e+06   3.2226562e+01
   7.5794900e+06   3.8940430e+01
   7.5800200e+06   3.2897949e+01
   7.5803480e+06   4.0588379e+01
   7.5807890e+06   3.3203125e+01
   7.5820730e+06   3.5339355e+01
   7.5836130e+06   3.3142090e+01
   7.5840280e+06   3.7414551e+01
   7.7980480e+06   4.2785645e+01
   7.7980720e+06   4.1198730e+01
   7.7981170e+06   5.3894043e+01
   7.7981490e+06   5.4443359e+01
   7.7981590e+06   4.9804688e+01
   7.7981930e+06   4.2907715e+01
   7.7982070e+06   4.2968750e+01
   7.7982460e+06   5.6396484e+01
   7.7983200e+06   3.5888672e+01
   7.7983910e+06   3.5095215e+01
   7.7985040e+06   3.5034180e+01
   7.7996000e+06   4.9133301e+01
   7.7998270e+06   3.3447266e+01
   7.7998390e+06   4.7729492e+01
   7.8002550e+06   3.5644531e+01
   7.8004060e+06   3.3569336e+01
   7.8007170e+06   3.2226562e+01
   7.8013510e+06   3.3020020e+01
   7.8029080e+06   3.4973145e+01
   7.8033630e+06   3.5461426e+01
   7.8038570e+06   3.4301758e+01
   8.0412790e+06   3.5400391e+01
   8.0428160e+06   3.5705566e+01
   8.0429840e+06   3.5522461e+01
   8.0430680e+06   4.4128418e+01
   8.0431060e+06   4.3518066e+01
   8.0431340e+06   5.2978516e+01
   8.0431520e+06   4.3151855e+01
   8.0431820e+06   4.0039062e+01
   8.0432760e+06   3.4118652e+01
   8.0433140e+06   3.4118652e+01
   8.0433410e+06   3.6254883e+01
   8.0434030e+06   3.3569336e+01
   8.0435730e+06   3.3630371e+01
   8.0447290e+06   4.1687012e+01
   8.0448910e+06   3.6254883e+01
   8.0452860e+06   3.3020020e+01
   8.0453720e+06   3.2348633e+01
   8.0454200e+06   3.2714844e+01
   8.0456600e+06   3.4118652e+01
   8.0459660e+06   3.2226562e+01
   8.0464200e+06   3.2531738e+01
   8.0465400e+06   3.8452148e+01
   8.0473290e+06   3.3203125e+01
   8.0482990e+06   3.2226562e+01
   8.0487120e+06   3.3935547e+01
   8.0493940e+06   3.4240723e+01
   8.1424400e+06   3.2714844e+01
   8.6006760e+06   3.8391113e+01
   8.6009360e+06   3.8940430e+01
   8.6010490e+06   3.3325195e+01
   8.6010940e+06   3.6071777e+01
   8.6011300e+06   3.4362793e+01
   8.6011680e+06   4.4494629e+01
   8.6012000e+06   5.8410645e+01
   8.6012250e+06   3.4240723e+01
   8.6013080e+06   3.6376953e+01
   8.6013220e+06   3.2531738e+01
   8.6013410e+06   3.5888672e+01
   8.6013940e+06   3.2653809e+01
   8.6014190e+06   3.5034180e+01
   8.6014320e+06   3.9306641e+01
   8.6014820e+06   3.2287598e+01
   8.6015620e+06   3.2409668e+01
   8.6018310e+06   3.5278320e+01
   8.6028090e+06   3.8940430e+01
   8.6029400e+06   3.5766602e+01
   8.6030310e+06   3.3935547e+01
   8.6033160e+06   3.3630371e+01
   8.6035720e+06   3.8818359e+01
   8.6038140e+06   3.2714844e+01
   8.6045200e+06   3.8879395e+01
   8.6048870e+06   3.4240723e+01
   8.6058050e+06   4.5043945e+01
   8.9002490e+06   3.2836914e+01
   8.9002650e+06   3.5278320e+01
   8.9003020e+06   5.7250977e+01
   8.9003210e+06   5.2734375e+01
   8.9003450e+06   3.7353516e+01
   8.9004050e+06   4.6447754e+01
   8.9004470e+06   3.8269043e+01
   8.9006140e+06   3.2531738e+01
   8.9006310e+06   3.5339355e+01
   8.9008100e+06   3.4545898e+01
   8.9010560e+06   3.4118652e+01
   8.9012890e+06   3.4667969e+01
   8.9018970e+06   3.9245605e+01
   8.9024690e+06   3.4118652e+01
   8.9027030e+06   3.5156250e+01
   8.9027240e+06   4.2480469e+01
   8.9027440e+06   3.2226562e+01
   8.9030510e+06   3.6865234e+01
   8.9039680e+06   3.3447266e+01
   8.9047270e+06   3.2470703e+01
   8.9060330e+06   3.6010742e+01
   8.9248760e+06   3.3325195e+01
   8.9248980e+06   5.0842285e+01
   8.9249890e+06   5.0415039e+01
   8.9250370e+06   3.2409668e+01
   8.9250470e+06   4.3212891e+01
   8.9250890e+06   3.8696289e+01
   8.9251690e+06   3.8635254e+01
   8.9252770e+06   3.4912109e+01
   8.9253230e+06   3.6621094e+01
   8.9254100e+06   3.3569336e+01
   8.9255560e+06   3.2348633e+01
   8.9256590e+06   4.5654297e+01
   8.9258480e+06   3.4179688e+01
   8.9260910e+06   3.6621094e+01
   8.9264080e+06   4.3762207e+01
   8.9265450e+06   3.9245605e+01
   8.9266640e+06   3.4729004e+01
   8.9270840e+06   3.6254883e+01
   8.9276440e+06   3.2775879e+01
   8.9283090e+06   3.7536621e+01
   8.9285920e+06   4.3273926e+01
   8.9289770e+06   3.5644531e+01
   8.9300570e+06   3.4667969e+01
   9.3114010e+06   3.2104492e+01
   9.6941520e+06   3.5339355e+01
   9.6941830e+06   4.0893555e+01
   9.6942200e+06   5.0720215e+01
   9.6942490e+06   4.1259766e+01
   9.6942640e+06   4.0588379e+01
   9.6942910e+06   4.3945312e+01
   9.6944690e+06   4.1687012e+01
   9.6948860e+06   3.3813477e+01
   9.6958570e+06   4.1015625e+01
   9.6959960e+06   3.3508301e+01
   9.6964800e+06   3.2043457e+01
   9.6981450e+06   4.1015625e+01
   9.6984960e+06   3.6621094e+01
   9.6997730e+06   3.4973145e+01
   9.7005510e+06   3.2531738e+01
   1.0375173e+07   3.4912109e+01
   1.0375187e+07   3.3752441e+01
   1.0375208e+07   4.3701172e+01
   1.0375237e+07   3.3325195e+01
   1.0375261e+07   8.2031250e+01
   1.0375286e+07   3.5827637e+01
   1.0375310e+07   4.4982910e+01
   1.0375353e+07   3.8757324e+01
   1.0375381e+07   3.5949707e+01
   1.0375604e+07   3.2043457e+01
   1.0377362e+07   3.8696289e+01
   1.0377863e+07   4.6386719e+01
   1.0378312e+07   3.2348633e+01
   1.0379410e+07   3.2165527e+01
   1.0379834e+07   3.4118652e+01
   1.0380086e+07   3.2958984e+01
   1.0380816e+07   3.2104492e+01
   1.0382342e+07   3.2653809e+01
   1.0399682e+07   3.2897949e+01
   1.0399707e+07   5.7067871e+01
   1.0399755e+07   3.4606934e+01
   1.0399786e+07   4.8645020e+01
   1.0399832e+07   3.2653809e+01
   1.0399860e+07   3.7841797e+01
   1.0399949e+07   3.3630371e+01
   1.0399991e+07   3.8391113e+01
   1.0400060e+07   3.3935547e+01
   1.0400228e+07   3.3691406e+01
   1.0401039e+07   3.3447266e+01
   1.0401071e+07   4.0039062e+01
   1.0401585e+07   3.5461426e+01
   1.0402130e+07   3.4484863e+01
   1.0402693e+07   3.2714844e+01
   1.0402925e+07   4.0222168e+01
   1.0403428e+07   3.2104492e+01
   1.0403838e+07   3.4240723e+01
   1.0404629e+07   3.2531738e+01
   1.0404980e+07   3.6865234e+01
   1.0405593e+07   3.6376953e+01
   1.0406241e+07   3.4118652e+01
   1.0503863e+07   5.6640625e+01
   1.0503892e+07   3.9245605e+01
   1.0503924e+07   3.2531738e+01
   1.0503947e+07   5.9509277e+01
   1.0503980e+07   3.8085938e+01
   1.0504008e+07   3.2165527e+01
   1.0504073e+07   3.4729004e+01
   1.0504129e+07   3.6254883e+01
   1.0504154e+07   3.4118652e+01
   1.0504212e+07   3.9123535e+01
   1.0504341e+07   3.2348633e+01
   1.0504483e+07   3.3508301e+01
   1.0505894e+07   4.0283203e+01
   1.0506684e+07   3.5888672e+01
   1.0506715e+07   3.2775879e+01
   1.0507098e+07   3.9978027e+01
   1.0507410e+07   3.2043457e+01
   1.0507749e+07   3.4545898e+01
   1.0508333e+07   4.2785645e+01
   1.0508676e+07   3.8452148e+01
   1.0509513e+07   3.8757324e+01
   1.0510455e+07   3.2531738e+01
   1.0531427e+07   4.8095703e+01
   1.0531461e+07   4.3762207e+01
   1.0531473e+07   3.3630371e+01
   1.0531516e+07   5.8837891e+01
   1.0531548e+07   4.1381836e+01
   1.0531623e+07   3.6193848e+01
   1.0532073e+07   3.2836914e+01
   1.0532112e+07   3.6071777e+01
   1.0532155e+07   3.4973145e+01
   1.0532301e+07   3.4484863e+01
   1.0532635e+07   3.9184570e+01
   1.0533335e+07   3.8757324e+01
   1.0534182e+07   3.2104492e+01
   1.0534467e+07   3.6804199e+01
   1.0535001e+07   3.4301758e+01
   1.0535268e+07   3.3142090e+01
   1.0536713e+07   3.9001465e+01
   1.0536916e+07   3.8146973e+01
   1.0560511e+07   4.7302246e+01
   1.0560561e+07   6.7077637e+01
   1.0560614e+07   4.6325684e+01
   1.0560637e+07   4.7424316e+01
   1.0560708e+07   3.2165527e+01
   1.0560972e+07   4.9621582e+01
   1.0561061e+07   3.5583496e+01
   1.0561138e+07   3.2592773e+01
   1.0561298e+07   3.2531738e+01
   1.0561686e+07   3.6804199e+01
   1.0561942e+07   3.2287598e+01
   1.0562195e+07   4.2724609e+01
   1.0562705e+07   3.4057617e+01
   1.0563129e+07   3.4790039e+01
   1.0563677e+07   3.3447266e+01
   1.0563693e+07   3.2104492e+01
   1.0564044e+07   3.9794922e+01
   1.0564288e+07   3.3874512e+01
   1.0564319e+07   3.5583496e+01
   1.0565653e+07   3.4057617e+01
   1.0566375e+07   3.9733887e+01
   1.0590289e+07   3.3874512e+01
   1.0590344e+07   3.4484863e+01
   1.0590382e+07   3.4912109e+01
   1.0590398e+07   3.6437988e+01
   1.0590444e+07   3.2348633e+01
   1.0590455e+07   3.3935547e+01
   1.0590488e+07   3.6560059e+01
   1.0590508e+07   3.6682129e+01
   1.0590559e+07   3.5827637e+01
   1.0590691e+07   3.3508301e+01
   1.0590839e+07   3.2592773e+01
   1.0590899e+07   3.2653809e+01
   1.0590969e+07   3.2592773e+01
   1.0591001e+07   3.2531738e+01
   1.0591167e+07   3.4240723e+01
   1.0591306e+07   4.0771484e+01
   1.0591319e+07   3.2226562e+01
   1.0591359e+07   3.3142090e+01
   1.0591591e+07   3.3447266e+01
   1.0591810e+07   3.4973145e+01
   1.0591971e+07   3.2714844e+01
   1.0592020e+07   4.6020508e+01
   1.0592416e+07   3.6621094e+01
   1.0593442e+07   3.8391113e+01
   1.0593709e+07   3.7048340e+01
   1.0594844e+07   3.2592773e+01
   1.0595109e+07   3.4057617e+01
   1.0620980e+07   4.1137695e+01
   1.0620999e+07   5.3833008e+01
   1.0621055e+07   4.5776367e+01
   1.0621068e+07   4.1503906e+01
   1.0621084e+07   6.4453125e+01
   1.0621101e+07   3.3569336e+01
   1.0621351e+07   3.4545898e+01
   1.0621386e+07   3.3081055e+01
   1.0621667e+07   3.6010742e+01
   1.0621697e+07   3.3630371e+01
   1.0622345e+07   3.7231445e+01
   1.0623271e+07   3.4545898e+01
   1.0623495e+07   3.7353516e+01
   1.0623841e+07   3.5705566e+01
   1.0624484e+07   3.6071777e+01
   1.0626270e+07   3.4790039e+01
   1.0654366e+07   3.4484863e+01
   1.0654427e+07   3.2897949e+01
   1.0654492e+07   3.5766602e+01
   1.0654522e+07   3.6865234e+01
   1.0654553e+07   4.6020508e+01
   1.0654587e+07   3.4179688e+01
   1.0654636e+07   3.3752441e+01
   1.0654743e+07   3.3386230e+01
   1.0654798e+07   4.9255371e+01
   1.0655112e+07   3.6987305e+01
   1.0655447e+07   3.3996582e+01
   1.0656152e+07   3.9001465e+01
   1.0656394e+07   3.2958984e+01
   1.0657680e+07   4.2358398e+01
   1.0659219e+07   3.6926270e+01
   1.0715590e+07   3.6560059e+01
   1.0715616e+07   4.9682617e+01
   1.0715684e+07   3.8757324e+01
   1.0715718e+07   4.1381836e+01
   1.0715813e+07   3.6804199e+01
   1.0716092e+07   4.0222168e+01
   1.0716124e+07   3.3203125e+01
   1.0716386e+07   3.6987305e+01
   1.0716774e+07   3.5339355e+01
   1.0717076e+07   3.4179688e+01
   1.0717556e+07   3.6010742e+01
   1.0717987e+07   3.5766602e+01
   1.0718360e+07   3.4423828e+01
   1.0719253e+07   3.4240723e+01
   1.0719821e+07   3.3935547e+01
   1.0721043e+07   3.3813477e+01
   1.0774331e+07   4.3884277e+01
   1.0774491e+07   3.8208008e+01
   1.0774508e+07   4.1809082e+01
   1.0774578e+07   3.6193848e+01
   1.0774626e+07   3.2958984e+01
   1.0774653e+07   4.2297363e+01
   1.0774676e+07   4.6813965e+01
   1.0774704e+07   3.5583496e+01
   1.0774749e+07   3.3325195e+01
   1.0774787e+07   3.5339355e+01
   1.0774978e+07   3.4301758e+01
   1.0775033e+07   3.4790039e+01
   1.0775106e+07   3.2531738e+01
   1.0775328e+07   3.5095215e+01
   1.0775809e+07   3.2714844e+01
   1.0775908e+07   4.1503906e+01
   1.0776283e+07   3.5339355e+01
   1.0777542e+07   4.2480469e+01
   1.0777860e+07   3.3020020e+01
   1.0778568e+07   3.9672852e+01
   1.0778976e+07   3.4912109e+01
   1.0838945e+07   4.4006348e+01
   1.0839004e+07   4.2602539e+01
   1.0839056e+07   5.5236816e+01
   1.0839114e+07   3.2165527e+01
   1.0839147e+07   4.7729492e+01
   1.0839191e+07   3.8513184e+01
   1.0839289e+07   4.6630859e+01
   1.0839336e+07   3.2104492e+01
   1.0839353e+07   3.9733887e+01
   1.0839397e+07   3.2775879e+01
   1.0839426e+07   3.3203125e+01
   1.0839459e+07   3.4912109e+01
   1.0839571e+07   3.2775879e+01
   1.0839589e+07   3.6437988e+01
   1.0839621e+07   3.9672852e+01
   1.0839712e+07   3.3874512e+01
   1.0839756e+07   3.5095215e+01
   1.0839958e+07   3.2043457e+01
   1.0839994e+07   3.6499023e+01
   1.0840332e+07   3.8818359e+01
   1.0840510e+07   3.2531738e+01
   1.0840525e+07   3.2104492e+01
   1.0840835e+07   3.2104492e+01
   1.0841423e+07   3.5217285e+01
   1.0842553e+07   3.2470703e+01
   1.0843973e+07   4.1320801e+01
   1.0844514e+07   3.2470703e+01
   1.0845734e+07   4.2663574e+01
   1.0901981e+07   4.8461914e+01
   1.0902036e+07   3.2165527e+01
   1.0902049e+07   3.4301758e+01
   1.0902147e+07   3.4362793e+01
   1.0902247e+07   4.1503906e+01
   1.0902293e+07   5.0292969e+01
   1.0902367e+07   3.6926270e+01
   1.0902386e+07   4.8095703e+01
   1.0902415e+07   3.5705566e+01
   1.0902444e+07   3.6010742e+01
   1.0902527e+07   3.4179688e+01
   1.0902647e+07   3.2470703e+01
   1.0902700e+07   3.2104492e+01
   1.0902745e+07   3.7414551e+01
   1.0902883e+07   3.5339355e+01
   1.0903204e+07   3.3630371e+01
   1.0903453e+07   3.3569336e+01
   1.0903867e+07   3.7353516e+01
   1.0903918e+07   3.4057617e+01
   1.0904112e+07   3.5034180e+01
   1.0905641e+07   3.4240723e+01
   1.0906064e+07   3.2409668e+01
   1.0906569e+07   3.6437988e+01
   1.0907666e+07   3.7597656e+01
   1.1111592e+07   3.8879395e+01
   1.1111726e+07   4.3029785e+01
   1.1111773e+07   4.2541504e+01
   1.1111811e+07   3.2714844e+01
   1.1111828e+07   3.6254883e+01
   1.1111849e+07   3.2775879e+01
   1.1111903e+07   6.2072754e+01
   1.1111953e+07   3.3325195e+01
   1.1112008e+07   3.5827637e+01
   1.1112031e+07   3.9794922e+01
   1.1112209e+07   3.7170410e+01
   1.1112231e+07   3.3874512e+01
   1.1112347e+07   3.4667969e+01
   1.1112812e+07   3.8269043e+01
   1.1113622e+07   3.2165527e+01
   1.1113874e+07   3.3325195e+01
   1.1114325e+07   3.4423828e+01
   1.1115222e+07   3.5400391e+01
   1.1115507e+07   3.2653809e+01
   1.1117660e+07   3.6621094e+01
   1.1197371e+07   3.8513184e+01
   1.1197574e+07   3.8818359e+01
   1.1197704e+07   3.8940430e+01
   1.1197791e+07   3.4851074e+01
   1.1197806e+07   4.7790527e+01
   1.1197817e+07   4.2541504e+01
   1.1197848e+07   3.5095215e+01
   1.1197873e+07   3.8024902e+01
   1.1197991e+07   3.2226562e+01
   1.1198029e+07   3.4362793e+01
   1.1198040e+07   3.6926270e+01
   1.1198104e+07   3.6560059e+01
   1.1198554e+07   4.4311523e+01
   1.1198990e+07   3.2104492e+01
   1.1199059e+07   3.7048340e+01
   1.1199311e+07   3.6010742e+01
   1.1200206e+07   3.3142090e+01
   1.1200507e+07   3.9611816e+01
   1.1201221e+07   3.8391113e+01
   1.1201697e+07   4.0283203e+01
   1.1202549e+07   3.6926270e+01
   1.1203486e+07   3.8757324e+01
   1.1314340e+07   4.2907715e+01
   1.1314378e+07   3.6193848e+01
   1.1314443e+07   3.7475586e+01
   1.1314475e+07   4.1198730e+01
   1.1314494e+07   3.9855957e+01
   1.1314512e+07   6.1706543e+01
   1.1314545e+07   3.2104492e+01
   1.1314572e+07   3.6682129e+01
   1.1314593e+07   6.2133789e+01
   1.1314688e+07   4.7607422e+01
   1.1314773e+07   3.2775879e+01
   1.1314786e+07   3.7597656e+01
   1.1314866e+07   4.0588379e+01
   1.1315039e+07   3.7841797e+01
   1.1315913e+07   3.3630371e+01
   1.1317014e+07   3.2165527e+01
   1.1317331e+07   3.6376953e+01
   1.1317848e+07   4.0893555e+01
   1.1318543e+07   3.2165527e+01
   1.1319703e+07   3.7475586e+01
   1.1350915e+07   3.7902832e+01
   1.1351119e+07   3.9611816e+01
   1.1351216e+07   3.6193848e+01
   1.1351253e+07   5.0720215e+01
   1.1351289e+07   3.7902832e+01
   1.1351330e+07   3.3447266e+01
   1.1351386e+07   3.5644531e+01
   1.1351489e+07   3.5156250e+01
   1.1351556e+07   3.5400391e+01
   1.1351583e+07   3.2287598e+01
   1.1351710e+07   3.6132812e+01
   1.1351766e+07   3.2043457e+01
   1.1351886e+07   3.4179688e+01
   1.1352461e+07   3.7902832e+01
   1.1352818e+07   3.4484863e+01
   1.1353091e+07   3.2470703e+01
   1.1353625e+07   3.4851074e+01
   1.1353690e+07   3.5156250e+01
   1.1354480e+07   3.2531738e+01
   1.1355249e+07   3.2165527e+01
   1.1356287e+07   3.3691406e+01
   1.1411117e+07   4.3029785e+01
   1.1411144e+07   3.9001465e+01
   1.1411173e+07   3.2836914e+01
   1.1411195e+07   4.6203613e+01
   1.1411220e+07   3.3813477e+01
   1.1411257e+07   4.8034668e+01
   1.1411308e+07   3.6132812e+01
   1.1411342e+07   3.9978027e+01
   1.1411419e+07   5.8044434e+01
   1.1411466e+07   3.2958984e+01
   1.1411490e+07   3.6621094e+01
   1.1411628e+07   3.2958984e+01
   1.1411716e+07   3.2348633e+01
   1.1411745e+07   4.6630859e+01
   1.1411979e+07   3.9245605e+01
   1.1412448e+07   3.4606934e+01
   1.1412506e+07   3.6315918e+01
   1.1412772e+07   3.3630371e+01
   1.1413093e+07   3.4606934e+01
   1.1413326e+07   3.6682129e+01
   1.1413586e+07   3.8574219e+01
   1.1414677e+07   3.4240723e+01
   1.1415029e+07   3.1982422e+01
   1.1415406e+07   3.6071777e+01
