   1.1996000e+07   0.0000000e+00
   1.1747000e+05   3.3325195e+01
   1.1784000e+05   3.5888672e+01
   1.1801000e+05   3.6193848e+01
   1.1838800e+05   3.4790039e+01
   1.1841400e+05   3.4545898e+01
   1.1863400e+05   4.2236328e+01
   1.1880800e+05   3.4912109e+01
   1.1884700e+05   3.6499023e+01
   1.1896100e+05   3.7475586e+01
   1.1900800e+05   3.9123535e+01
   1.1905000e+05   3.8146973e+01
   1.1933400e+05   3.3996582e+01
   1.1988500e+05   3.6315918e+01
   1.2055200e+05   3.7292480e+01
   5.5984800e+05   3.5156250e+01
   5.5998700e+05   3.7780762e+01
   5.6012600e+05   3.7292480e+01
   5.6016600e+05   3.6682129e+01
   5.6029800e+05   3.7719727e+01
   5.6055500e+05   3.4423828e+01
   5.6077800e+05   5.0292969e+01
   5.6098200e+05   3.9062500e+01
   5.6108700e+05   4.2053223e+01
   5.6110900e+05   4.6203613e+01
   5.6117100e+05   3.3691406e+01
   5.6120200e+05   4.4189453e+01
   5.6122200e+05   3.3386230e+01
   5.6126700e+05   4.1503906e+01
   5.6132000e+05   3.3813477e+01
   5.6189800e+05   3.7841797e+01
   5.7369100e+05   3.5034180e+01
   7.1430600e+05   4.1503906e+01
   7.5801800e+05   3.3142090e+01
   9.0576500e+05   4.5959473e+01
   9.0584500e+05   3.9611816e+01
   9.0590300e+05   3.5278320e+01
   9.0594000e+05   3.6193848e+01
   9.0596600e+05   4.3640137e+01
   9.0600300e+05   3.3630371e+01
   9.0604600e+05   3.5339355e+01
   9.0647000e+05   3.8330078e+01
   9.0686900e+05   3.5766602e+01
   9.0697500e+05   3.6437988e+01
   9.0731300e+05   3.9306641e+01
   9.0756900e+05   3.7536621e+01
   9.0843300e+05   3.6865234e+01
   1.3475530e+06   3.3752441e+01
   1.4188940e+06   4.0832520e+01
   1.4191880e+06   3.6132812e+01
   1.4193720e+06   3.6071777e+01
   1.4196120e+06   4.9316406e+01
   1.4196740e+06   4.8522949e+01
   1.4197020e+06   3.5644531e+01
   1.4197470e+06   3.3630371e+01
   1.4198540e+06   3.3264160e+01
   1.4199650e+06   3.6437988e+01
   1.4199760e+06   3.6193848e+01
   1.4202080e+06   3.7597656e+01
   1.4203740e+06   3.7780762e+01
   1.4207620e+06   3.3447266e+01
   1.4222560e+06   3.4729004e+01
   1.6213610e+06   3.4301758e+01
   1.7092020e+06   3.5156250e+01
   1.7643950e+06   3.4790039e+01
   1.7646900e+06   3.6560059e+01
   1.7653510e+06   3.6682129e+01
   1.7654140e+06   3.4179688e+01
   1.7654550e+06   4.7729492e+01
   1.7655080e+06   3.7597656e+01
   1.7655730e+06   3.5766602e+01
   1.7656030e+06   4.2114258e+01
   1.7657490e+06   3.5339355e+01
   1.7663380e+06   3.3203125e+01
   1.7667640e+06   3.4667969e+01
   1.7670150e+06   3.9184570e+01
   2.1165130e+06   3.9550781e+01
   2.1169760e+06   3.7780762e+01
   2.1172730e+06   3.4851074e+01
   2.1173040e+06   4.0100098e+01
   2.1173210e+06   3.5217285e+01
   2.1176220e+06   3.5278320e+01
   2.1177360e+06   4.2602539e+01
   2.2352150e+06   4.2175293e+01
   2.3928750e+06   4.1748047e+01
   2.3936100e+06   3.5705566e+01
   2.3938440e+06   3.8146973e+01
   2.3940820e+06   3.5156250e+01
   2.3942890e+06   4.3823242e+01
   2.3944490e+06   3.3325195e+01
   2.3944960e+06   4.4555664e+01
   2.3946250e+06   3.5949707e+01
   2.3947020e+06   4.1198730e+01
   2.3948340e+06   3.3325195e+01
   2.3948870e+06   3.3386230e+01
   2.3958980e+06   3.6621094e+01
   2.4734050e+06   3.3264160e+01
   2.5717740e+06   3.3142090e+01
   2.5720590e+06   4.1503906e+01
   2.5724000e+06   3.8208008e+01
   2.5724130e+06   4.4799805e+01
   2.5724560e+06   3.5034180e+01
   2.5725780e+06   3.7780762e+01
   2.5725970e+06   3.4545898e+01
   2.5726990e+06   3.3691406e+01
   2.9329550e+06   3.3264160e+01
   2.9334280e+06   4.2358398e+01
   2.9336030e+06   3.3447266e+01
   2.9336970e+06   4.1198730e+01
   2.9337280e+06   3.7170410e+01
   2.9337620e+06   3.9306641e+01
   2.9337800e+06   4.2846680e+01
   2.9338490e+06   3.8330078e+01
   2.9461430e+06   4.0161133e+01
   2.9954100e+06   3.4423828e+01
   3.4374170e+06   3.3691406e+01
   3.4575770e+06   3.5705566e+01
   3.4577230e+06   3.8269043e+01
   3.4578480e+06   3.8879395e+01
   3.4578980e+06   3.9978027e+01
   3.4579850e+06   4.2419434e+01
   3.4580960e+06   3.3386230e+01
   3.4581830e+06   3.7780762e+01
   3.4583940e+06   3.3813477e+01
   3.9178770e+06   3.3691406e+01
   3.9181360e+06   3.9550781e+01
   3.9182170e+06   4.4860840e+01
   3.9182520e+06   4.6936035e+01
   3.9182930e+06   3.6254883e+01
   3.9183090e+06   3.8513184e+01
   3.9183570e+06   3.8085938e+01
   3.9184160e+06   3.5339355e+01
   3.9184560e+06   3.7475586e+01
   3.9185030e+06   3.8879395e+01
   3.9186370e+06   3.3447266e+01
   3.9199270e+06   3.5217285e+01
   4.0832490e+06   3.3264160e+01
   4.4773150e+06   3.7841797e+01
   4.4774050e+06   3.5339355e+01
   4.4774490e+06   3.3996582e+01
   4.4774710e+06   3.6437988e+01
   4.4774920e+06   5.3283691e+01
   4.4775920e+06   3.3630371e+01
   4.4776630e+06   3.6010742e+01
   4.9468220e+06   3.4057617e+01
   5.1744040e+06   3.3630371e+01
   5.2844610e+06   3.5522461e+01
   5.2845690e+06   3.5095215e+01
   5.2846060e+06   4.4921875e+01
   5.2846420e+06   4.3640137e+01
   5.2846750e+06   3.3386230e+01
   5.2847650e+06   3.3630371e+01
   5.2859320e+06   3.3142090e+01
   5.2967830e+06   3.9855957e+01
   5.4434390e+06   3.6132812e+01
   5.4437130e+06   3.4790039e+01
   5.4438300e+06   4.4006348e+01
   5.4438720e+06   3.7658691e+01
   5.4439130e+06   3.5095215e+01
   5.4439770e+06   4.2541504e+01
   5.4440660e+06   3.3142090e+01
   5.4446070e+06   3.6499023e+01
   5.4448600e+06   3.9001465e+01
   5.8003020e+06   3.4362793e+01
   5.8228100e+06   3.7109375e+01
   5.8230630e+06   4.1015625e+01
   5.8231190e+06   3.8208008e+01
   5.8231380e+06   3.9733887e+01
   5.8232030e+06   3.3691406e+01
   5.8232510e+06   3.4851074e+01
   5.8233020e+06   3.9794922e+01
   5.8241010e+06   3.8085938e+01
   5.8358940e+06   3.3447266e+01
   6.3077820e+06   3.7109375e+01
   6.3080590e+06   3.5400391e+01
   6.3080940e+06   3.6804199e+01
   6.3081370e+06   3.8635254e+01
   6.3081830e+06   3.4484863e+01
   6.3082270e+06   3.5461426e+01
   6.3083900e+06   3.3142090e+01
   6.3095380e+06   3.5034180e+01
   6.5912020e+06   3.3630371e+01
   6.7705790e+06   3.4362793e+01
   6.7711290e+06   4.2968750e+01
   6.7712700e+06   3.7353516e+01
   6.7713530e+06   3.5034180e+01
   6.7714110e+06   3.5827637e+01
   6.7714350e+06   3.5339355e+01
   6.7714480e+06   3.6987305e+01
   6.7715100e+06   3.5583496e+01
   6.7715850e+06   4.3029785e+01
   6.7715980e+06   3.5461426e+01
   7.3147320e+06   3.6254883e+01
   7.3814860e+06   4.2480469e+01
   7.3815940e+06   3.7109375e+01
   7.3816220e+06   3.7231445e+01
   7.3816340e+06   4.0954590e+01
   7.3816730e+06   4.1076660e+01
   7.3816850e+06   3.8574219e+01
   7.3817100e+06   3.8391113e+01
   7.3817480e+06   3.6743164e+01
   7.3819960e+06   3.9123535e+01
   7.3820680e+06   3.5522461e+01
   7.3821270e+06   3.3203125e+01
   7.3821830e+06   3.3203125e+01
   7.3894670e+06   3.9001465e+01
   7.6185520e+06   3.3813477e+01
   7.6189600e+06   4.2358398e+01
   7.6190780e+06   3.3996582e+01
   7.6191220e+06   3.9978027e+01
   7.6191760e+06   4.4311523e+01
   7.6192370e+06   4.3212891e+01
   7.6193100e+06   3.6682129e+01
   7.6199850e+06   3.3142090e+01
   7.7604810e+06   3.3386230e+01
   7.8445280e+06   3.4362793e+01
   8.2285250e+06   3.3020020e+01
   8.2286400e+06   3.7597656e+01
   8.2286770e+06   3.6071777e+01
   8.2287060e+06   4.2846680e+01
   8.2287610e+06   4.2846680e+01
   8.2288070e+06   3.5827637e+01
   8.2288210e+06   3.6987305e+01
   8.2288990e+06   3.3630371e+01
   8.2289400e+06   3.5156250e+01
   8.2297970e+06   3.3081055e+01
   8.2312050e+06   3.7414551e+01
   8.6998080e+06   3.5339355e+01
   8.7000100e+06   4.4494629e+01
   8.7000550e+06   3.8879395e+01
   8.7000930e+06   4.0222168e+01
   8.7001380e+06   3.3874512e+01
   8.7001740e+06   4.3945312e+01
   8.7002170e+06   3.8940430e+01
   8.7002950e+06   3.3752441e+01
   8.7004150e+06   4.0649414e+01
   8.7014010e+06   3.4667969e+01
   8.7113800e+06   3.3325195e+01
   8.9699510e+06   3.8513184e+01
   8.9701520e+06   3.9978027e+01
   8.9701960e+06   3.7841797e+01
   8.9702430e+06   5.1513672e+01
   8.9702810e+06   3.3752441e+01
   8.9703820e+06   4.2724609e+01
   8.9713970e+06   3.5217285e+01
   8.9718920e+06   3.3447266e+01
   9.2561850e+06   4.3701172e+01
   9.2563980e+06   3.4851074e+01
   9.2565320e+06   4.2358398e+01
   9.2565710e+06   4.7363281e+01
   9.2566190e+06   4.2419434e+01
   9.2566700e+06   3.5034180e+01
   9.2567150e+06   3.3569336e+01
   9.2568480e+06   3.3874512e+01
   9.2568940e+06   3.6499023e+01
   9.2570190e+06   3.5644531e+01
   9.5427730e+06   3.3508301e+01
   9.5429610e+06   3.3874512e+01
   9.5431020e+06   4.2968750e+01
   9.5431760e+06   5.0964355e+01
   9.5432120e+06   3.5034180e+01
   9.5432570e+06   3.4973145e+01
   9.5432940e+06   3.4057617e+01
   9.5433300e+06   3.3691406e+01
   9.5434030e+06   3.9184570e+01
   9.5434930e+06   3.7292480e+01
   9.5435440e+06   3.8024902e+01
   9.5446390e+06   3.3935547e+01
   9.5523930e+06   3.8024902e+01
   9.9528660e+06   3.4423828e+01
   9.9531080e+06   4.4189453e+01
   9.9532460e+06   4.6630859e+01
   9.9532790e+06   3.8818359e+01
   9.9533080e+06   3.9306641e+01
   9.9534170e+06   4.3823242e+01
   9.9535830e+06   3.3508301e+01
   9.9536040e+06   3.2836914e+01
   9.9548780e+06   3.3386230e+01
   1.0553917e+07   3.4545898e+01
   1.0554048e+07   4.5898438e+01
   1.0554229e+07   4.0161133e+01
   1.0554261e+07   4.1015625e+01
   1.0554345e+07   3.6865234e+01
   1.0554413e+07   3.8696289e+01
   1.0555309e+07   3.5888672e+01
   1.0832471e+07   4.0649414e+01
   1.0832541e+07   4.0771484e+01
   1.0832616e+07   3.6071777e+01
   1.0832653e+07   3.6010742e+01
   1.0832666e+07   3.3874512e+01
   1.0832729e+07   3.3020020e+01
   1.0832748e+07   3.6132812e+01
   1.0832907e+07   3.2958984e+01
   1.0832967e+07   3.3325195e+01
   1.0833188e+07   3.3020020e+01
   1.0905559e+07   3.3752441e+01
   1.1455412e+07   3.4362793e+01
   1.1455470e+07   4.3457031e+01
   1.1455503e+07   3.8940430e+01
   1.1455549e+07   4.2053223e+01
   1.1455588e+07   3.2775879e+01
   1.1455613e+07   4.2480469e+01
   1.1455669e+07   3.3081055e+01
   1.1455717e+07   3.3203125e+01
   1.1455823e+07   3.2836914e+01
   1.1456783e+07   3.8208008e+01
   1.1463909e+07   3.8208008e+01
   1.1695446e+07   4.2053223e+01
   1.1695553e+07   3.8818359e+01
   1.1695621e+07   4.6386719e+01
   1.1695819e+07   4.1137695e+01
   1.1696893e+07   3.2714844e+01
   1.1698052e+07   3.3325195e+01
   1.1698516e+07   3.3264160e+01
