   1.1996000e+07   0.0000000e+00
   1.1886400e+05   4.6325684e+01
   1.1889200e+05   3.8269043e+01
   1.1893600e+05   3.6499023e+01
   1.1896400e+05   4.2907715e+01
   1.1900600e+05   3.6071777e+01
   1.1907200e+05   3.6315918e+01
   1.1918600e+05   4.3762207e+01
   1.1942200e+05   4.1137695e+01
   1.1967400e+05   3.7353516e+01
   1.1977900e+05   3.6254883e+01
   1.1993600e+05   5.1757812e+01
   1.2018300e+05   3.6010742e+01
   2.8921800e+05   3.6010742e+01
   5.6111200e+05   6.2194824e+01
   5.6115700e+05   4.5227051e+01
   5.6123900e+05   3.6743164e+01
   5.6133800e+05   7.3059082e+01
   5.6136100e+05   3.6193848e+01
   5.6141700e+05   4.3518066e+01
   5.6157500e+05   3.8146973e+01
   5.6177600e+05   4.4677734e+01
   5.6200300e+05   3.9306641e+01
   5.6266000e+05   3.7658691e+01
   5.6282500e+05   3.8635254e+01
   9.0575800e+05   4.6569824e+01
   9.0578100e+05   3.6560059e+01
   9.0579600e+05   3.5278320e+01
   9.0585400e+05   3.7109375e+01
   9.0588600e+05   3.9550781e+01
   9.0591500e+05   3.8024902e+01
   9.0596700e+05   7.7514648e+01
   9.0607100e+05   7.3181152e+01
   1.4196930e+06   4.6264648e+01
   1.4197450e+06   3.8146973e+01
   1.4197580e+06   3.6376953e+01
   1.4197910e+06   3.8208008e+01
   1.4198150e+06   4.6142578e+01
   1.4198740e+06   7.9956055e+01
   1.4199850e+06   6.6528320e+01
   1.4214070e+06   3.5278320e+01
   1.7654390e+06   5.5175781e+01
   1.7654910e+06   3.8757324e+01
   1.7655490e+06   3.9428711e+01
   1.7656530e+06   7.9162598e+01
   1.7657380e+06   5.0842285e+01
   1.7692150e+06   3.6010742e+01
   2.1172570e+06   4.8461914e+01
   2.1174100e+06   3.7658691e+01
   2.1175300e+06   8.1237793e+01
   2.1175740e+06   3.7536621e+01
   2.1176350e+06   3.8391113e+01
   2.3946320e+06   5.1574707e+01
   2.3947700e+06   4.1870117e+01
   2.3948170e+06   7.9040527e+01
   2.3949190e+06   4.9987793e+01
   2.3951300e+06   3.6010742e+01
   2.5725020e+06   4.6203613e+01
   2.5725430e+06   3.7597656e+01
   2.5727000e+06   7.9345703e+01
   2.5728030e+06   4.3945312e+01
   2.5729240e+06   3.9794922e+01
   2.5730970e+06   3.7414551e+01
   2.9337340e+06   4.4982910e+01
   2.9337920e+06   3.8024902e+01
   2.9338510e+06   4.3945312e+01
   2.9339140e+06   6.8847656e+01
   2.9340130e+06   4.8522949e+01
   3.4580210e+06   3.8146973e+01
   3.4581360e+06   4.3823242e+01
   3.4581620e+06   3.4606934e+01
   3.4581760e+06   3.5888672e+01
   3.4582060e+06   9.1125488e+01
   3.4582940e+06   4.4738770e+01
   3.4583830e+06   3.5583496e+01
   3.6658260e+06   3.4667969e+01
   3.7100520e+06   3.4606934e+01
   3.9179240e+06   4.6691895e+01
   3.9179480e+06   3.5400391e+01
   3.9179770e+06   4.3212891e+01
   3.9180220e+06   3.4851074e+01
   3.9180750e+06   3.7536621e+01
   3.9181070e+06   6.6955566e+01
   3.9182090e+06   5.5114746e+01
   4.4771890e+06   5.3710938e+01
   4.4772980e+06   4.2724609e+01
   4.4773960e+06   3.7536621e+01
   4.4774100e+06   8.6425781e+01
   4.4775070e+06   4.2419434e+01
   5.2842680e+06   4.0344238e+01
   5.2844350e+06   4.1442871e+01
   5.2844480e+06   5.9143066e+01
   5.2844690e+06   4.6630859e+01
   5.2845040e+06   3.5522461e+01
   5.2845740e+06   8.3129883e+01
   5.2846720e+06   5.0415039e+01
   5.4439610e+06   5.3405762e+01
   5.4440880e+06   7.4462891e+01
   5.4441060e+06   3.8818359e+01
   5.4441830e+06   3.6804199e+01
   5.4442590e+06   3.7719727e+01
   5.4442740e+06   3.7658691e+01
   5.6330040e+06   3.5034180e+01
   5.8232640e+06   4.4921875e+01
   5.8232870e+06   3.7963867e+01
   5.8233220e+06   3.6071777e+01
   5.8234110e+06   8.0871582e+01
   5.8235040e+06   5.7739258e+01
   6.3081920e+06   4.7302246e+01
   6.3082230e+06   3.9062500e+01
   6.3082440e+06   4.3273926e+01
   6.3082810e+06   3.6132812e+01
   6.3083160e+06   4.2297363e+01
   6.3083380e+06   6.5185547e+01
   6.3084140e+06   3.5644531e+01
   6.3084360e+06   4.5410156e+01
   6.3085080e+06   3.5217285e+01
   6.7714820e+06   4.7546387e+01
   6.7715420e+06   4.7241211e+01
   6.7716350e+06   3.5949707e+01
   6.7716590e+06   7.5317383e+01
   6.7717510e+06   4.7485352e+01
   6.7725480e+06   3.6865234e+01
   7.0928440e+06   3.4790039e+01
   7.3813630e+06   5.4077148e+01
   7.3814600e+06   3.7597656e+01
   7.3815490e+06   4.1381836e+01
   7.3815840e+06   3.7475586e+01
   7.3816020e+06   8.8134766e+01
   7.3816990e+06   6.7687988e+01
   7.3818030e+06   4.2297363e+01
   7.6191510e+06   4.1015625e+01
   7.6192040e+06   4.8767090e+01
   7.6192900e+06   7.9101562e+01
   7.6193290e+06   3.5705566e+01
   7.6193890e+06   4.6997070e+01
   7.6194650e+06   3.6804199e+01
   7.6198120e+06   3.8269043e+01
   8.2287910e+06   4.6325684e+01
   8.2288230e+06   3.9611816e+01
   8.2288400e+06   3.5217285e+01
   8.2289110e+06   3.5705566e+01
   8.2289250e+06   8.0261230e+01
   8.2289810e+06   3.8024902e+01
   8.2290180e+06   5.2062988e+01
   8.6999600e+06   4.1931152e+01
   8.7000740e+06   4.7546387e+01
   8.7001940e+06   6.5002441e+01
   8.7002460e+06   3.9611816e+01
   8.7002770e+06   5.0537109e+01
   8.7005340e+06   3.5705566e+01
   8.9703370e+06   4.6569824e+01
   8.9703940e+06   4.8828125e+01
   8.9705020e+06   6.0729980e+01
   8.9705950e+06   6.2744141e+01
   8.9710160e+06   3.5644531e+01
   9.2566030e+06   4.8950195e+01
   9.2567070e+06   5.3833008e+01
   9.2567610e+06   7.5195312e+01
   9.2568040e+06   4.3457031e+01
   9.2568540e+06   3.7963867e+01
   9.5433190e+06   4.2846680e+01
   9.5434620e+06   8.7707520e+01
   9.5435520e+06   4.3395996e+01
   9.9531050e+06   4.3640137e+01
   9.9532070e+06   4.8339844e+01
   9.9532190e+06   3.9672852e+01
   9.9533000e+06   4.4677734e+01
   9.9533700e+06   6.8481445e+01
   9.9533890e+06   3.4729004e+01
   9.9534470e+06   4.7241211e+01
   1.0554244e+07   3.4545898e+01
   1.0554291e+07   3.7841797e+01
   1.0554342e+07   3.6499023e+01
   1.0554370e+07   3.4423828e+01
   1.0554402e+07   8.2885742e+01
   1.0554417e+07   3.9489746e+01
   1.0554498e+07   5.6457520e+01
   1.0554596e+07   3.6010742e+01
   1.0832789e+07   5.5053711e+01
   1.0832835e+07   3.8635254e+01
   1.0832889e+07   3.8452148e+01
   1.0832911e+07   6.8542480e+01
   1.0833017e+07   5.8410645e+01
   1.0833106e+07   3.8330078e+01
   1.1455190e+07   4.3518066e+01
   1.1455305e+07   3.9367676e+01
   1.1455389e+07   3.6743164e+01
   1.1455466e+07   7.1533203e+01
   1.1455502e+07   4.3518066e+01
   1.1455548e+07   4.6936035e+01
   1.1455920e+07   3.5400391e+01
   1.1457972e+07   3.5095215e+01
   1.1695646e+07   4.7180176e+01
   1.1695661e+07   4.5410156e+01
   1.1695679e+07   4.5349121e+01
   1.1695713e+07   3.8269043e+01
   1.1695764e+07   7.9772949e+01
   1.1695776e+07   3.5888672e+01
   1.1695804e+07   3.7231445e+01
   1.1695815e+07   3.6071777e+01
   1.1695845e+07   5.8898926e+01
   1.1695940e+07   3.7414551e+01
   1.1697847e+07   3.4423828e+01
   1.1698174e+07   3.5949707e+01
