   1.1996000e+07   0.0000000e+00
   2.0052500e+05   3.1250000e+01
   1.1509760e+06   3.1372070e+01
   1.2554910e+06   3.1250000e+01
   3.0028850e+06   3.2409668e+01
   3.1936280e+06   3.1860352e+01
   5.9760400e+06   3.2592773e+01
   6.4211290e+06   3.1738281e+01
   6.5591850e+06   3.1311035e+01
   8.3531910e+06   3.0944824e+01
   8.8021230e+06   3.1005859e+01
   9.2043630e+06   3.1921387e+01
   1.0018400e+07   3.2531738e+01
   1.0429334e+07   3.2104492e+01
   1.0507774e+07   3.3630371e+01
   1.0526918e+07   3.2165527e+01
