   1.1996000e+07   0.0000000e+00
   1.3857500e+05   4.0283203e+01
   1.3860300e+05   6.3537598e+01
   1.4420300e+05   4.0100098e+01
   1.4438200e+05   3.9489746e+01
   1.4450100e+05   3.5522461e+01
   2.0629300e+05   6.3049316e+01
   2.0633500e+05   4.2480469e+01
   2.0645400e+05   3.8146973e+01
   2.0650700e+05   3.5705566e+01
   2.0683200e+05   4.0588379e+01
   2.1093700e+05   4.1198730e+01
   2.1149900e+05   4.0161133e+01
   3.7078200e+05   4.0405273e+01
   3.7083400e+05   3.6193848e+01
   3.7100000e+05   3.5766602e+01
   3.7121500e+05   3.7719727e+01
   4.5319100e+05   3.9672852e+01
   4.5321000e+05   5.4626465e+01
   4.5332000e+05   3.7780762e+01
   4.5340000e+05   4.4921875e+01
   4.5388100e+05   3.5278320e+01
   4.9489500e+05   7.4340820e+01
   4.9504000e+05   4.0893555e+01
   4.9511700e+05   3.7048340e+01
   4.9549600e+05   3.4118652e+01
   5.7506500e+05   3.6804199e+01
   7.0933800e+05   3.9001465e+01
   7.0937500e+05   3.6437988e+01
   7.0939300e+05   3.6315918e+01
   7.0940900e+05   3.4301758e+01
   7.0957300e+05   4.1198730e+01
   7.0981500e+05   3.8024902e+01
   8.5168800e+05   3.4179688e+01
   9.5420900e+05   3.6010742e+01
   9.5421900e+05   5.7067871e+01
   9.5426400e+05   4.0222168e+01
   9.5449700e+05   3.6621094e+01
   9.5458700e+05   3.9001465e+01
   9.5472000e+05   3.4179688e+01
   9.5478900e+05   3.9184570e+01
   9.5489700e+05   3.7292480e+01
   1.0993260e+06   3.8818359e+01
   1.0997760e+06   3.5705566e+01
   1.2182170e+06   4.2846680e+01
   1.2526620e+06   3.4423828e+01
   1.2527030e+06   8.0261230e+01
   1.2527500e+06   4.9987793e+01
   1.2528800e+06   3.5522461e+01
   1.2529750e+06   4.0100098e+01
   1.2531000e+06   3.8452148e+01
   1.2533000e+06   3.4057617e+01
   1.2722880e+06   3.4240723e+01
   1.3024390e+06   5.4138184e+01
   1.3026400e+06   4.4128418e+01
   1.3027990e+06   3.7658691e+01
   1.3028660e+06   3.8269043e+01
   1.3034300e+06   3.9916992e+01
   1.3704920e+06   3.4118652e+01
   1.5817510e+06   3.4545898e+01
   1.5817730e+06   6.5185547e+01
   1.5818120e+06   3.5522461e+01
   1.5818480e+06   4.1015625e+01
   1.5818750e+06   5.4809570e+01
   1.5819830e+06   4.3090820e+01
   1.5820950e+06   3.8391113e+01
   1.5821910e+06   3.8879395e+01
   1.5823450e+06   3.6560059e+01
   1.5824790e+06   4.1198730e+01
   1.6012690e+06   3.7292480e+01
   1.7905450e+06   3.4057617e+01
   1.7905660e+06   4.4799805e+01
   1.7906900e+06   3.7231445e+01
   1.7907500e+06   3.5583496e+01
   1.7908070e+06   3.5339355e+01
   1.7908710e+06   3.4667969e+01
   1.7912140e+06   3.5888672e+01
   1.8203680e+06   3.4484863e+01
   1.8204580e+06   4.2785645e+01
   1.8205870e+06   8.7158203e+01
   1.8206330e+06   3.4423828e+01
   1.8206860e+06   3.5217285e+01
   1.8208150e+06   3.7719727e+01
   1.8208880e+06   3.7719727e+01
   1.8210440e+06   4.1625977e+01
   1.8211250e+06   3.9794922e+01
   1.8212250e+06   3.4240723e+01
   1.8213160e+06   3.6071777e+01
   1.8216480e+06   3.4179688e+01
   1.8222540e+06   3.6254883e+01
   1.8226170e+06   3.4301758e+01
   1.8226600e+06   4.4494629e+01
   1.8229030e+06   3.4179688e+01
   1.8236400e+06   3.4851074e+01
   1.8250400e+06   3.7963867e+01
   1.8323610e+06   5.1818848e+01
   1.8328440e+06   3.4729004e+01
   1.8341600e+06   3.4301758e+01
   1.8415150e+06   3.7231445e+01
   1.8416560e+06   5.1086426e+01
   1.8416850e+06   4.5837402e+01
   1.8417230e+06   4.4067383e+01
   1.8418080e+06   3.6987305e+01
   1.8420890e+06   3.7902832e+01
   1.8424260e+06   3.4240723e+01
   1.9089570e+06   3.6499023e+01
   1.9634580e+06   3.8452148e+01
   1.9635590e+06   3.6376953e+01
   1.9637070e+06   4.1625977e+01
   1.9637660e+06   4.4494629e+01
   1.9638240e+06   5.4565430e+01
   1.9638710e+06   3.5156250e+01
   1.9640320e+06   4.0771484e+01
   1.9643020e+06   4.1870117e+01
   2.0150360e+06   4.0039062e+01
   2.0154650e+06   4.2968750e+01
   2.0699510e+06   3.6315918e+01
   2.3231710e+06   4.0466309e+01
   2.3232000e+06   5.1635742e+01
   2.3232410e+06   3.5400391e+01
   2.3233190e+06   3.4118652e+01
   2.3233720e+06   3.4667969e+01
   2.3235590e+06   3.5156250e+01
   2.3613430e+06   5.0598145e+01
   2.3613600e+06   3.8513184e+01
   2.3614110e+06   3.4118652e+01
   2.3616840e+06   3.9550781e+01
   2.3617940e+06   3.5644531e+01
   2.3618970e+06   3.6376953e+01
   2.3634330e+06   3.4851074e+01
   2.3674230e+06   4.0222168e+01
   2.4088970e+06   3.9001465e+01
   2.4726660e+06   3.6682129e+01
   2.5080620e+06   7.7758789e+01
   2.5081010e+06   3.8757324e+01
   2.5082100e+06   3.5034180e+01
   2.5084600e+06   3.6376953e+01
   2.6499180e+06   4.1870117e+01
   2.6499350e+06   3.6804199e+01
   2.6499890e+06   3.4118652e+01
   2.6500670e+06   4.4067383e+01
   2.6501540e+06   4.1442871e+01
   2.6501660e+06   4.0466309e+01
   2.6502590e+06   4.4921875e+01
   2.6502710e+06   3.9001465e+01
   2.7690590e+06   3.5522461e+01
   2.7701840e+06   3.7475586e+01
   2.8023700e+06   3.6071777e+01
   2.8023910e+06   6.5856934e+01
   2.8024430e+06   4.4128418e+01
   2.8024890e+06   3.5461426e+01
   2.8025140e+06   3.4057617e+01
   2.8031430e+06   3.4729004e+01
   2.8490920e+06   3.4851074e+01
   2.8491220e+06   7.0434570e+01
   2.8492620e+06   3.7841797e+01
   2.8493500e+06   3.6804199e+01
   2.9393370e+06   3.7719727e+01
   2.9901610e+06   5.1696777e+01
   2.9902030e+06   4.5959473e+01
   2.9903450e+06   3.6254883e+01
   3.0274450e+06   4.8278809e+01
   3.0275330e+06   5.6396484e+01
   3.0276680e+06   3.3935547e+01
   3.0278010e+06   3.5583496e+01
   3.0280470e+06   3.8879395e+01
   3.0281020e+06   3.4484863e+01
   3.0292100e+06   3.4423828e+01
   3.1488240e+06   3.5400391e+01
   3.2529040e+06   5.2673340e+01
   3.2529470e+06   4.0466309e+01
   3.2529570e+06   4.1076660e+01
   3.2530280e+06   4.1564941e+01
   3.2530770e+06   4.5532227e+01
   3.2531620e+06   3.6315918e+01
   3.2532970e+06   3.5522461e+01
   3.3870520e+06   6.9763184e+01
   3.3870920e+06   3.9428711e+01
   3.3871750e+06   3.5339355e+01
   3.4903740e+06   3.5217285e+01
   3.4932300e+06   3.4851074e+01
   3.4932850e+06   4.3518066e+01
   3.4934890e+06   3.3874512e+01
   3.4936290e+06   3.8452148e+01
   3.6290800e+06   3.6621094e+01
   3.6291910e+06   4.2114258e+01
   3.6292430e+06   3.5522461e+01
   3.6292660e+06   4.4250488e+01
   3.6293510e+06   4.8461914e+01
   3.6294010e+06   4.6691895e+01
   3.6294710e+06   3.8024902e+01
   3.6296250e+06   3.5034180e+01
   3.6300880e+06   4.6813965e+01
   3.7457450e+06   3.3630371e+01
   3.7477650e+06   3.4057617e+01
   3.7859010e+06   5.2490234e+01
   3.7859410e+06   4.5593262e+01
   3.7859920e+06   3.6315918e+01
   3.7860860e+06   4.2541504e+01
   3.7861050e+06   3.3691406e+01
   3.7862040e+06   3.5461426e+01
   3.7865510e+06   3.3691406e+01
   3.7881330e+06   3.3691406e+01
   3.7883640e+06   4.6997070e+01
   3.8320040e+06   3.5644531e+01
   3.8321000e+06   3.9855957e+01
   3.8321370e+06   4.2419434e+01
   3.8323040e+06   3.7475586e+01
   3.8323390e+06   5.3771973e+01
   3.8326770e+06   3.3996582e+01
   3.8327210e+06   3.6743164e+01
   3.9793580e+06   3.3630371e+01
   3.9794030e+06   6.4819336e+01
   3.9794170e+06   3.7658691e+01
   3.9794430e+06   3.7292480e+01
   3.9794740e+06   3.5095215e+01
   3.9796500e+06   3.6804199e+01
   3.9798320e+06   4.1687012e+01
   4.0275630e+06   6.8603516e+01
   4.0275990e+06   3.4729004e+01
   4.0277590e+06   3.4667969e+01
   4.0278100e+06   3.3996582e+01
   4.0280900e+06   3.4545898e+01
   4.1803950e+06   3.7231445e+01
   4.1881530e+06   5.6762695e+01
   4.2484790e+06   3.3691406e+01
   4.2660000e+06   3.5095215e+01
   4.2660180e+06   3.9550781e+01
   4.2660280e+06   5.3161621e+01
   4.2660690e+06   3.6071777e+01
   4.2661480e+06   4.2541504e+01
   4.2663620e+06   3.9184570e+01
   4.2668390e+06   3.5095215e+01
   4.2816110e+06   3.4362793e+01
   4.4338930e+06   4.5227051e+01
   4.4339430e+06   3.6010742e+01
   4.4339990e+06   3.7414551e+01
   4.4340220e+06   3.7353516e+01
   4.4340970e+06   3.5644531e+01
   4.4343670e+06   4.0588379e+01
   4.5407640e+06   5.6945801e+01
   4.5408150e+06   3.3691406e+01
   4.5408520e+06   3.9978027e+01
   4.5409130e+06   3.6437988e+01
   4.5409540e+06   3.5461426e+01
   4.5410200e+06   3.9123535e+01
   4.6357870e+06   4.4372559e+01
   4.7005570e+06   4.8400879e+01
   4.7009980e+06   3.6499023e+01
   4.8026540e+06   3.7658691e+01
   4.8127210e+06   3.6865234e+01
   4.8127450e+06   3.4667969e+01
   4.8127550e+06   3.6560059e+01
   4.8128110e+06   3.6315918e+01
   4.8130610e+06   3.5095215e+01
   4.8131260e+06   3.9062500e+01
   4.8132650e+06   4.3518066e+01
   5.1058630e+06   4.9804688e+01
   5.1059170e+06   4.6447754e+01
   5.1060350e+06   3.8085938e+01
   5.1060510e+06   4.2053223e+01
   5.1060920e+06   3.4851074e+01
   5.1066030e+06   3.5217285e+01
   5.1067070e+06   3.4912109e+01
   5.1084430e+06   3.6437988e+01
   5.1147220e+06   3.4912109e+01
   5.1150190e+06   4.6447754e+01
   5.1150490e+06   3.7536621e+01
   5.1150820e+06   4.9560547e+01
   5.1151560e+06   4.1625977e+01
   5.1152140e+06   4.7912598e+01
   5.1153240e+06   3.8146973e+01
   5.1153820e+06   3.6743164e+01
   5.1158000e+06   4.7302246e+01
   5.1158310e+06   3.6193848e+01
   5.1160950e+06   3.4240723e+01
   5.1168930e+06   3.5888672e+01
   5.1182350e+06   3.6376953e+01
   5.1259210e+06   4.7668457e+01
   5.1259330e+06   5.5175781e+01
   5.1259830e+06   3.4851074e+01
   5.1261140e+06   3.4057617e+01
   5.1328910e+06   3.5095215e+01
   5.1330110e+06   3.7902832e+01
   5.1333250e+06   3.3935547e+01
   5.1343320e+06   3.6499023e+01
   5.1351490e+06   3.5522461e+01
   5.1363110e+06   3.4240723e+01
   5.1370890e+06   3.4240723e+01
   5.1395890e+06   3.7597656e+01
   5.2252460e+06   3.5644531e+01
   5.2252710e+06   3.5888672e+01
   5.2255630e+06   5.1757812e+01
   5.2256080e+06   4.5654297e+01
   5.2256470e+06   4.8767090e+01
   5.2257180e+06   3.7292480e+01
   5.2257290e+06   3.6987305e+01
   5.2257620e+06   4.0954590e+01
   5.2258180e+06   3.3813477e+01
   5.2258760e+06   3.5400391e+01
   5.2261330e+06   3.6193848e+01
   5.2262320e+06   4.0161133e+01
   5.3142380e+06   3.5766602e+01
   5.3142890e+06   3.9306641e+01
   5.3143190e+06   4.3090820e+01
   5.3143340e+06   3.4240723e+01
   5.3143940e+06   3.8818359e+01
   5.3146320e+06   3.6682129e+01
   5.4283150e+06   4.8217773e+01
   5.4283590e+06   4.9316406e+01
   5.4284340e+06   3.7841797e+01
   5.4284700e+06   3.8330078e+01
   5.4285400e+06   3.8757324e+01
   5.4286080e+06   4.2846680e+01
   5.4287920e+06   3.6621094e+01
   5.5781580e+06   3.4606934e+01
   5.6208280e+06   3.8879395e+01
   5.6208550e+06   5.9509277e+01
   5.6208680e+06   3.4240723e+01
   5.6209420e+06   3.8391113e+01
   5.6210410e+06   3.9001465e+01
   5.6211000e+06   4.4555664e+01
   5.6211720e+06   3.3935547e+01
   5.6756460e+06   3.6071777e+01
   5.6756770e+06   5.8959961e+01
   5.6757150e+06   4.1992188e+01
   5.6759370e+06   4.0649414e+01
   5.6759810e+06   3.3691406e+01
   5.8979370e+06   3.6987305e+01
   5.9222180e+06   6.2438965e+01
   5.9222450e+06   5.5297852e+01
   5.9222740e+06   3.6621094e+01
   5.9225710e+06   3.7536621e+01
   5.9232210e+06   3.4545898e+01
   5.9889010e+06   3.4606934e+01
   5.9941770e+06   3.3813477e+01
   6.0460780e+06   3.3752441e+01
   6.1051360e+06   3.6437988e+01
   6.1051790e+06   3.4851074e+01
   6.1052770e+06   4.6020508e+01
   6.1797060e+06   6.7810059e+01
   6.1797200e+06   3.6376953e+01
   6.1797550e+06   3.7963867e+01
   6.1797700e+06   3.3813477e+01
   6.1798180e+06   3.4606934e+01
   6.1798440e+06   3.7475586e+01
   6.1798740e+06   4.2419434e+01
   6.1799830e+06   3.8452148e+01
   6.1800260e+06   4.2358398e+01
   6.1801190e+06   3.6254883e+01
   6.1872830e+06   3.5766602e+01
   6.1873650e+06   4.0161133e+01
   6.1874140e+06   4.6203613e+01
   6.1876470e+06   3.7292480e+01
   6.1882000e+06   3.6071777e+01
   6.3821860e+06   5.7128906e+01
   6.3822260e+06   4.0832520e+01
   6.3823150e+06   3.4362793e+01
   6.3823440e+06   3.4729004e+01
   6.3824170e+06   3.5705566e+01
   6.3825520e+06   3.4362793e+01
   6.3826500e+06   3.9916992e+01
   6.3827250e+06   3.4240723e+01
   6.4958580e+06   3.4851074e+01
   6.5599210e+06   3.4240723e+01
   6.5599650e+06   3.8208008e+01
   6.5600220e+06   3.7292480e+01
   6.5601090e+06   3.6010742e+01
   6.5601910e+06   3.6315918e+01
   6.5602380e+06   3.8757324e+01
   6.5603540e+06   3.8330078e+01
   6.5606420e+06   3.4973145e+01
   6.5624250e+06   3.7719727e+01
   6.6346690e+06   3.3630371e+01
   6.6994860e+06   3.6560059e+01
   6.7739140e+06   3.6560059e+01
   6.7739430e+06   5.9570312e+01
   6.7739550e+06   4.0100098e+01
   6.7739820e+06   4.3457031e+01
   6.7740100e+06   3.8269043e+01
   6.7740480e+06   3.6682129e+01
   6.7741380e+06   4.1442871e+01
   6.7742500e+06   3.5400391e+01
   6.7743610e+06   3.4240723e+01
   6.7744320e+06   4.1870117e+01
   6.7745970e+06   3.4912109e+01
   6.7746880e+06   3.5217285e+01
   6.8260940e+06   3.5034180e+01
   7.0810500e+06   3.6376953e+01
   7.1664860e+06   3.8024902e+01
   7.2012300e+06   3.6071777e+01
   7.2090980e+06   3.4912109e+01
   7.2688850e+06   4.6508789e+01
   7.2689300e+06   3.8269043e+01
   7.2690250e+06   4.2846680e+01
   7.2690970e+06   3.6804199e+01
   7.2691760e+06   3.9428711e+01
   7.2692170e+06   4.6020508e+01
   7.2703400e+06   3.5278320e+01
   7.2769340e+06   4.8278809e+01
   7.2770100e+06   5.5175781e+01
   7.2771180e+06   5.0354004e+01
   7.2772070e+06   5.2490234e+01
   7.2774040e+06   3.4729004e+01
   7.2775230e+06   3.3874512e+01
   7.2776660e+06   3.6071777e+01
   7.2777980e+06   3.5095215e+01
   7.2780030e+06   3.9611816e+01
   7.2781570e+06   3.3935547e+01
   7.2781980e+06   4.0649414e+01
   7.2789060e+06   3.5827637e+01
   7.2795250e+06   3.3996582e+01
   7.2844910e+06   3.4851074e+01
   7.2857540e+06   3.6865234e+01
   7.3779440e+06   3.5522461e+01
   7.4399180e+06   3.9001465e+01
   7.4399530e+06   6.0852051e+01
   7.4399640e+06   4.6875000e+01
   7.4400140e+06   3.7719727e+01
   7.4400890e+06   3.9794922e+01
   7.4402030e+06   4.1687012e+01
   7.4402650e+06   3.3935547e+01
   7.4402960e+06   3.7231445e+01
   7.4406220e+06   3.7048340e+01
   7.4409450e+06   3.5583496e+01
   7.5762100e+06   3.3874512e+01
   7.5768900e+06   5.0354004e+01
   7.7880700e+06   3.7536621e+01
   7.7881540e+06   3.4851074e+01
   7.7882860e+06   5.6884766e+01
   7.7883030e+06   3.5095215e+01
   7.7883180e+06   3.7658691e+01
   7.7883710e+06   4.2358398e+01
   7.7886930e+06   4.2236328e+01
   7.8211380e+06   3.4851074e+01
   7.8590090e+06   5.9753418e+01
   7.8590450e+06   3.8940430e+01
   7.8590800e+06   3.6071777e+01
   7.8591160e+06   3.8818359e+01
   7.8591640e+06   3.6682129e+01
   7.8593180e+06   3.8146973e+01
   7.9969040e+06   3.3752441e+01
   8.0690230e+06   3.8635254e+01
   8.0690390e+06   7.0068359e+01
   8.0692120e+06   3.9611816e+01
   8.0692720e+06   3.6987305e+01
   8.0772160e+06   3.8146973e+01
   8.0772310e+06   4.8339844e+01
   8.0772570e+06   3.8940430e+01
   8.0772970e+06   4.4799805e+01
   8.0773210e+06   3.9489746e+01
   8.0773390e+06   3.6315918e+01
   8.0773610e+06   3.4790039e+01
   8.0776520e+06   4.3457031e+01
   8.0776950e+06   3.7353516e+01
   8.0783790e+06   4.1625977e+01
   8.0918810e+06   4.3518066e+01
   8.0921640e+06   3.9550781e+01
   8.0922400e+06   7.5134277e+01
   8.0922960e+06   4.6081543e+01
   8.0930520e+06   3.8330078e+01
   8.1780010e+06   4.2358398e+01
   8.2901080e+06   3.6193848e+01
   8.2901390e+06   5.0476074e+01
   8.2901570e+06   3.8330078e+01
   8.2901960e+06   3.4118652e+01
   8.2902900e+06   4.1564941e+01
   8.2903830e+06   3.5400391e+01
   8.2903990e+06   3.9001465e+01
   8.2906900e+06   3.6315918e+01
   8.3507020e+06   6.6589355e+01
   8.3507410e+06   4.4860840e+01
   8.3508040e+06   4.2053223e+01
   8.3508500e+06   3.6437988e+01
   8.3509150e+06   5.1147461e+01
   8.3513770e+06   3.5583496e+01
   8.3516200e+06   3.5339355e+01
   8.4594520e+06   3.8208008e+01
   8.6107790e+06   3.9794922e+01
   8.6108150e+06   3.9733887e+01
   8.6108610e+06   4.8461914e+01
   8.6109710e+06   4.2236328e+01
   8.6110450e+06   4.6936035e+01
   8.6111540e+06   3.6560059e+01
   8.6112030e+06   4.0954590e+01
   8.6114640e+06   3.5766602e+01
   8.8191520e+06   4.1687012e+01
   8.8192060e+06   5.3344727e+01
   8.8193850e+06   3.4667969e+01
   8.8194430e+06   3.6132812e+01
   8.8194740e+06   4.4067383e+01
   8.8195970e+06   4.1320801e+01
   8.8197050e+06   3.4118652e+01
   8.9076470e+06   3.5583496e+01
   8.9423570e+06   3.5400391e+01
   9.0480030e+06   3.6376953e+01
   9.0655440e+06   3.8024902e+01
   9.1523640e+06   3.4179688e+01
   9.1523850e+06   3.5339355e+01
   9.1524920e+06   4.5104980e+01
   9.1525460e+06   4.2785645e+01
   9.1525790e+06   3.7353516e+01
   9.1526920e+06   3.4484863e+01
   9.1527360e+06   3.8085938e+01
   9.1527900e+06   3.5095215e+01
   9.1528520e+06   3.4301758e+01
   9.1530050e+06   3.5034180e+01
   9.1605830e+06   3.6621094e+01
   9.1616670e+06   3.9489746e+01
   9.2079420e+06   4.0405273e+01
   9.2084580e+06   3.9794922e+01
   9.2084790e+06   5.3161621e+01
   9.2085190e+06   3.7048340e+01
   9.2086030e+06   3.6743164e+01
   9.2086560e+06   3.7109375e+01
   9.2087200e+06   3.8024902e+01
   9.2090210e+06   4.0466309e+01
   9.2163810e+06   3.4484863e+01
   9.2165360e+06   4.1503906e+01
   9.2166110e+06   3.5827637e+01
   9.2166580e+06   3.9367676e+01
   9.2167490e+06   5.1818848e+01
   9.2168060e+06   3.9245605e+01
   9.2168410e+06   4.0466309e+01
   9.2168540e+06   3.5461426e+01
   9.2174310e+06   3.4118652e+01
   9.2174900e+06   3.5888672e+01
   9.2179550e+06   3.5522461e+01
   9.2180060e+06   3.9672852e+01
   9.2184650e+06   3.3996582e+01
   9.2493180e+06   3.4362793e+01
   9.3157000e+06   3.7292480e+01
   9.3158340e+06   4.2724609e+01
   9.3159090e+06   3.7780762e+01
   9.3162870e+06   3.6437988e+01
   9.3582210e+06   3.9550781e+01
   9.4075060e+06   5.9692383e+01
   9.4075340e+06   4.6691895e+01
   9.4075720e+06   3.8452148e+01
   9.4076820e+06   3.6865234e+01
   9.4077900e+06   4.5837402e+01
   9.4078390e+06   3.4790039e+01
   9.4079450e+06   6.8847656e+01
   9.5098560e+06   4.5837402e+01
   9.5099030e+06   3.7963867e+01
   9.5099310e+06   3.6254883e+01
   9.5100610e+06   3.6010742e+01
   9.6553650e+06   3.4912109e+01
   9.7648370e+06   3.5705566e+01
   9.7648670e+06   4.4738770e+01
   9.7649110e+06   3.4729004e+01
   9.7649790e+06   4.7729492e+01
   9.7650000e+06   4.4738770e+01
   9.7650350e+06   3.9367676e+01
   9.7651620e+06   3.7292480e+01
   9.7652010e+06   4.4067383e+01
   9.7652700e+06   3.5461426e+01
   9.7658080e+06   3.3996582e+01
   9.7671840e+06   3.4057617e+01
   9.9188450e+06   3.7475586e+01
   9.9189780e+06   3.5339355e+01
   9.9190320e+06   4.1870117e+01
   9.9191640e+06   4.2602539e+01
   1.0036571e+07   3.4606934e+01
   1.0036611e+07   5.2124023e+01
   1.0036662e+07   4.2297363e+01
   1.0036753e+07   3.5339355e+01
   1.0036793e+07   3.7170410e+01
   1.0037138e+07   3.6254883e+01
   1.0037441e+07   3.7414551e+01
   1.0058482e+07   3.6743164e+01
   1.0312394e+07   5.1635742e+01
   1.0312435e+07   4.5959473e+01
   1.0312511e+07   3.4179688e+01
   1.0312562e+07   3.4973145e+01
   1.0312625e+07   3.4606934e+01
   1.0312664e+07   3.7902832e+01
   1.0313277e+07   3.6193848e+01
   1.0320110e+07   3.7231445e+01
   1.0320221e+07   3.3996582e+01
   1.0320393e+07   6.7504883e+01
   1.0320491e+07   4.1687012e+01
   1.0320653e+07   3.6682129e+01
   1.0320693e+07   4.3762207e+01
   1.0320747e+07   4.1076660e+01
   1.0320795e+07   3.4484863e+01
   1.0320814e+07   3.7414551e+01
   1.0320860e+07   3.8024902e+01
   1.0320981e+07   3.9489746e+01
   1.0321588e+07   3.4057617e+01
   1.0322110e+07   3.5156250e+01
   1.0377300e+07   4.4189453e+01
   1.0478156e+07   3.5400391e+01
   1.0607815e+07   5.9143066e+01
   1.0607869e+07   3.7963867e+01
   1.0608115e+07   4.3090820e+01
   1.0608224e+07   4.4860840e+01
   1.0621947e+07   3.4057617e+01
   1.0679634e+07   3.4545898e+01
   1.0706708e+07   3.4973145e+01
   1.0755082e+07   3.9062500e+01
   1.0901646e+07   3.9733887e+01
   1.0901670e+07   6.2561035e+01
   1.0901705e+07   3.9123535e+01
   1.0901803e+07   4.7546387e+01
   1.0901825e+07   3.4179688e+01
   1.0901852e+07   3.4362793e+01
   1.0901948e+07   4.0039063e+01
   1.0901988e+07   4.4189453e+01
   1.0902028e+07   4.9438477e+01
   1.0902078e+07   4.2053223e+01
   1.0902220e+07   3.6987305e+01
   1.0902301e+07   4.0588379e+01
   1.0902476e+07   3.4667969e+01
   1.0903848e+07   3.5583496e+01
   1.0912150e+07   3.5827637e+01
   1.0912272e+07   6.0241699e+01
   1.0912301e+07   3.4973145e+01
   1.0912391e+07   4.4677734e+01
   1.0912613e+07   4.1076660e+01
   1.0912897e+07   3.6010742e+01
   1.0913383e+07   3.4057617e+01
   1.0913591e+07   3.8757324e+01
   1.0914536e+07   3.7963867e+01
   1.1058863e+07   3.4912109e+01
   1.1066864e+07   3.5522461e+01
   1.1066912e+07   5.2917480e+01
   1.1066957e+07   3.7841797e+01
   1.1066971e+07   3.7658691e+01
   1.1067061e+07   3.4057617e+01
   1.1067148e+07   3.7292480e+01
   1.1067165e+07   3.8391113e+01
   1.1067248e+07   4.4311523e+01
   1.1067309e+07   4.1381836e+01
   1.1161246e+07   3.9001465e+01
   1.1169684e+07   3.6865234e+01
   1.1187776e+07   3.5095215e+01
   1.1218063e+07   3.9123535e+01
   1.1218100e+07   4.4311523e+01
   1.1218145e+07   4.5043945e+01
   1.1218385e+07   3.8879395e+01
   1.1218395e+07   3.5156250e+01
   1.1218442e+07   3.7780762e+01
   1.1218551e+07   3.7170410e+01
   1.1218854e+07   3.7902832e+01
   1.1349748e+07   3.4301758e+01
   1.1452584e+07   3.4667969e+01
   1.1475641e+07   3.3996582e+01
   1.1479903e+07   4.5837402e+01
   1.1479915e+07   5.4260254e+01
   1.1479944e+07   4.5532227e+01
   1.1480103e+07   4.6569824e+01
   1.1480165e+07   3.6071777e+01
   1.1480192e+07   4.2053223e+01
   1.1480315e+07   3.4973145e+01
   1.1480548e+07   3.5705566e+01
   1.1718706e+07   3.4362793e+01
   1.1739344e+07   3.5278320e+01
   1.1911057e+07   3.6071777e+01
   1.1927011e+07   3.4851074e+01
   1.1950165e+07   3.4484863e+01
   1.1950187e+07   4.3823242e+01
   1.1950360e+07   4.2968750e+01
   1.1950384e+07   3.6193848e+01
   1.1950488e+07   4.4189453e+01
   1.1950554e+07   3.4667969e+01
   1.1950765e+07   3.4118652e+01
   1.1957710e+07   3.4240723e+01
   1.1959705e+07   4.2663574e+01
   1.1959839e+07   3.5217285e+01
   1.1960177e+07   5.4687500e+01
   1.1960231e+07   3.8146973e+01
   1.1960268e+07   5.1391602e+01
   1.1960291e+07   3.8391113e+01
   1.1960345e+07   4.6875000e+01
   1.1960375e+07   3.4729004e+01
   1.1960404e+07   3.4301758e+01
   1.1960598e+07   3.6315918e+01
   1.1960698e+07   3.3996582e+01
   1.1962529e+07   3.6987305e+01
   1.1968008e+07   3.5827637e+01
   1.1968597e+07   3.4362793e+01
   1.1969698e+07   3.7902832e+01
   1.1969908e+07   3.7048340e+01
   1.1974383e+07   3.6621094e+01
   1.1974628e+07   3.7414551e+01
