   1.1996000e+07   0.0000000e+00
   7.5210000e+03   3.7048340e+01
   8.7480000e+03   8.8928223e+01
   9.0020000e+03   9.5275879e+01
   2.8402000e+04   9.6130371e+01
   5.7272000e+04   1.0491943e+02
   8.4624000e+04   1.0186768e+02
   1.0664300e+05   8.3923340e+01
   1.0747100e+05   9.2834473e+01
   1.0898100e+05   8.1054688e+01
   1.3137800e+05   1.0058594e+02
   1.3861600e+05   2.6531982e+02
   1.3865500e+05   3.4973145e+01
   1.3867700e+05   7.5134277e+01
   1.3870300e+05   4.1259766e+01
   1.3874100e+05   1.1914062e+02
   1.3878800e+05   3.6682129e+01
   1.3882000e+05   6.5002441e+01
   1.3890300e+05   7.1899414e+01
   1.3896900e+05   7.4340820e+01
   1.3907000e+05   3.7170410e+01
   1.4224300e+05   9.2712402e+01
   1.4240100e+05   7.6416016e+01
   1.4255900e+05   6.4331055e+01
   1.4273600e+05   5.1208496e+01
   1.4379300e+05   7.2204590e+01
   1.4421500e+05   7.4768066e+01
   1.4425100e+05   2.6617432e+02
   1.4427500e+05   4.0588379e+01
   1.4444600e+05   2.1228027e+02
   1.4467300e+05   6.9213867e+01
   1.4483200e+05   2.0117188e+02
   1.4506100e+05   5.4016113e+01
   1.4539300e+05   7.2082520e+01
   2.0629900e+05   2.7923584e+02
   2.0637000e+05   1.2213135e+02
   2.0643600e+05   9.5153809e+01
   2.0645100e+05   3.4118652e+01
   2.0652200e+05   7.5317383e+01
   2.0658900e+05   7.3120117e+01
   2.0666600e+05   5.9814453e+01
   2.1009800e+05   9.2041016e+01
   2.1030500e+05   9.0698242e+01
   2.1044900e+05   4.3762207e+01
   2.1092300e+05   2.9766846e+02
   2.1124400e+05   6.9213867e+01
   2.1164500e+05   5.8044434e+01
   2.1191200e+05   4.4982910e+01
   2.1231100e+05   6.0729980e+01
   2.4189500e+05   9.3627930e+01
   2.4261800e+05   8.9660645e+01
   2.4345800e+05   7.7453613e+01
   2.4384700e+05   8.0749512e+01
   2.4413100e+05   5.6579590e+01
   2.4415500e+05   3.6437988e+01
   2.4434800e+05   5.2307129e+01
   2.4472100e+05   5.8410645e+01
   2.4505100e+05   3.6254883e+01
   2.4546500e+05   5.6457520e+01
   3.0735700e+05   8.9050293e+01
   3.0759500e+05   7.8735352e+01
   3.0775000e+05   7.4462891e+01
   3.0816300e+05   7.3974609e+01
   3.0846600e+05   7.9711914e+01
   3.0857300e+05   4.2236328e+01
   3.0903600e+05   4.1320801e+01
   3.0906100e+05   7.2143555e+01
   3.6733800e+05   2.8741455e+02
   3.6839700e+05   8.4106445e+01
   3.6877800e+05   9.3261719e+01
   3.6897200e+05   6.3598633e+01
   3.6965900e+05   8.5754395e+01
   3.7017400e+05   8.6608887e+01
   3.7036300e+05   4.9255371e+01
   3.7049300e+05   3.9062500e+01
   3.7062200e+05   3.6132812e+01
   3.7097100e+05   4.9072266e+01
   4.2167200e+05   3.4606934e+01
   4.2266500e+05   8.5327148e+01
   4.2318700e+05   8.9599609e+01
   4.2384300e+05   8.4289551e+01
   4.2478600e+05   8.3740234e+01
   4.3863000e+05   8.8562012e+01
   4.5322300e+05   2.5952148e+02
   4.5325000e+05   3.9611816e+01
   4.5328400e+05   1.1486816e+02
   4.5331100e+05   3.5644531e+01
   4.5332100e+05   9.6252441e+01
   4.5340600e+05   7.0190430e+01
   4.5349600e+05   6.0607910e+01
   4.5358300e+05   6.9091797e+01
   4.5361200e+05   3.7414551e+01
   4.5366400e+05   5.2429199e+01
   4.5733500e+05   9.0209961e+01
   4.9490000e+05   2.5091553e+02
   4.9496500e+05   1.1730957e+02
   4.9499600e+05   5.1391602e+01
   4.9504600e+05   9.6923828e+01
   4.9513200e+05   7.9589844e+01
   4.9522200e+05   5.9875488e+01
   4.9530200e+05   6.4392090e+01
   4.9915300e+05   8.3496094e+01
   5.2919200e+05   9.9182129e+01
   5.3121200e+05   9.9487305e+01
   5.7693700e+05   9.4482422e+01
   5.9273800e+05   3.4289551e+02
   5.9886200e+05   9.2041016e+01
   6.1905300e+05   3.3935547e+01
   6.1917600e+05   9.5397949e+01
   6.4039200e+05   9.7534180e+01
   6.5288600e+05   9.4482422e+01
   6.8477100e+05   1.0003662e+02
   6.9701000e+05   1.0266113e+02
   7.0937800e+05   2.2534180e+02
   7.0944300e+05   1.0406494e+02
   7.0945800e+05   3.6254883e+01
   7.0951100e+05   1.0211182e+02
   7.0959400e+05   6.6894531e+01
   7.0967000e+05   6.7504883e+01
   7.0974000e+05   6.1401367e+01
   7.0982300e+05   7.1594238e+01
   7.0989400e+05   6.4636230e+01
   7.1313800e+05   9.2956543e+01
   7.1327300e+05   7.6293945e+01
   7.1346500e+05   7.8063965e+01
   7.1360600e+05   5.0842285e+01
   7.1380400e+05   5.8166504e+01
   7.3348000e+05   9.4726562e+01
   7.3419300e+05   9.0576172e+01
   7.5939600e+05   9.6679688e+01
   7.8481800e+05   9.8266602e+01
   8.0888500e+05   9.2346191e+01
   8.0951400e+05   1.0089111e+02
   8.2798400e+05   9.7290039e+01
   8.5171600e+05   9.3139648e+01
   8.5221600e+05   1.0192871e+02
   8.7400400e+05   1.1077881e+02
   8.9853200e+05   9.3200684e+01
   9.3328400e+05   9.9731445e+01
   9.3390400e+05   1.0437012e+02
   9.4026100e+05   3.4423828e+01
   9.5423000e+05   2.7264404e+02
   9.5427300e+05   3.4118652e+01
   9.5429900e+05   1.3269043e+02
   9.5436600e+05   8.3251953e+01
   9.5437700e+05   4.3029785e+01
   9.5444800e+05   7.3608398e+01
   9.5451900e+05   6.5124512e+01
   9.5459600e+05   6.7565918e+01
   9.5466600e+05   6.0668945e+01
   9.5474200e+05   6.1828613e+01
   9.5792000e+05   9.4970703e+01
   9.5808300e+05   6.6162109e+01
   9.5819900e+05   6.0791016e+01
   9.5833900e+05   5.1513672e+01
   9.5850700e+05   5.7495117e+01
   9.5868200e+05   3.9855957e+01
   9.8159700e+05   3.6010742e+01
   9.8343300e+05   9.1918945e+01
   9.8393500e+05   3.7963867e+01
   9.9219400e+05   3.5278320e+01
   9.9244400e+05   2.6501465e+02
   9.9286400e+05   9.9609375e+01
   1.0377530e+06   2.5921631e+02
   1.0377840e+06   9.5825195e+01
   1.0383980e+06   1.0113525e+02
   1.0696720e+06   9.1430664e+01
   1.0967420e+06   9.5153809e+01
   1.0973060e+06   8.0261230e+01
   1.0984150e+06   8.1604004e+01
   1.0985770e+06   6.6467285e+01
   1.0988420e+06   6.7871094e+01
   1.0989480e+06   3.9489746e+01
   1.0995300e+06   2.6226807e+02
   1.1628980e+06   1.1090088e+02
   1.1637170e+06   9.3811035e+01
   1.1637460e+06   2.7233887e+02
   1.1652770e+06   8.3435059e+01
   1.1655660e+06   7.7941895e+01
   1.1657350e+06   5.3222656e+01
   1.1660050e+06   4.4433594e+01
   1.1663170e+06   7.7392578e+01
   1.1668700e+06   5.8532715e+01
   1.2150470e+06   1.0168457e+02
   1.2170760e+06   7.7514648e+01
   1.2173480e+06   7.7636719e+01
   1.2174880e+06   5.2551270e+01
   1.2176210e+06   3.5400391e+01
   1.2178770e+06   7.2143555e+01
   1.2182250e+06   6.9274902e+01
   1.2526950e+06   3.6621094e+01
   1.2527250e+06   4.7119141e+01
   1.2527620e+06   9.9548340e+01
   1.2527860e+06   5.3588867e+01
   1.2528190e+06   1.0784912e+02
   1.2528990e+06   7.2509766e+01
   1.2529300e+06   3.6499023e+01
   1.2529770e+06   6.0485840e+01
   1.2530370e+06   5.7128906e+01
   1.2531090e+06   6.1523438e+01
   1.2531880e+06   5.8532715e+01
   1.2567110e+06   9.2651367e+01
   1.2568650e+06   7.5927734e+01
   1.2708380e+06   3.5583496e+01
   1.2718300e+06   9.5764160e+01
   1.2722920e+06   9.3505859e+01
   1.2727410e+06   8.2763672e+01
   1.2742320e+06   8.7158203e+01
   1.3024250e+06   3.9672852e+01
   1.3024510e+06   2.6757812e+02
   1.3024830e+06   4.9377441e+01
   1.3025070e+06   7.6660156e+01
   1.3025330e+06   4.7668457e+01
   1.3025430e+06   4.1259766e+01
   1.3025880e+06   1.0565186e+02
   1.3026010e+06   3.7841797e+01
   1.3026290e+06   3.5644531e+01
   1.3026670e+06   6.8176270e+01
   1.3026810e+06   3.5156250e+01
   1.3027440e+06   6.9763184e+01
   1.3028140e+06   6.9274902e+01
   1.3029490e+06   6.6955566e+01
   1.3038340e+06   3.5461426e+01
   1.3066930e+06   7.9956055e+01
   1.3070560e+06   7.3730469e+01
   1.3072640e+06   7.9162598e+01
   1.3074880e+06   6.6955566e+01
   1.3087320e+06   2.3272705e+02
   1.3089930e+06   2.2808838e+02
   1.3091950e+06   1.8847656e+02
   1.3093750e+06   8.0505371e+01
   1.3097310e+06   5.5236816e+01
   1.3102120e+06   6.2927246e+01
   1.3108720e+06   6.7565918e+01
   1.3112060e+06   5.9326172e+01
   1.3694890e+06   2.8039551e+02
   1.3705490e+06   9.1674805e+01
   1.3711380e+06   9.4848633e+01
   1.3715790e+06   7.7758789e+01
   1.3963020e+06   9.5214844e+01
   1.3971730e+06   9.8144531e+01
   1.3975850e+06   8.6486816e+01
   1.4181150e+06   2.4920654e+02
   1.4184790e+06   9.5947266e+01
   1.4189900e+06   8.7768555e+01
   1.4386750e+06   1.0882568e+02
   1.4392080e+06   9.6313477e+01
   1.4658680e+06   2.7630615e+02
   1.4665350e+06   8.9660645e+01
   1.4909550e+06   1.0742188e+02
   1.4911710e+06   9.3872070e+01
   1.5119320e+06   3.3630371e+01
   1.5122850e+06   9.8266602e+01
   1.5186670e+06   2.8088379e+02
   1.5190470e+06   3.4729004e+01
   1.5191290e+06   9.1674805e+01
   1.5510770e+06   1.0424805e+02
   1.5511520e+06   2.4346924e+02
   1.5516500e+06   9.6435547e+01
   1.5684600e+06   3.6254883e+01
   1.5686280e+06   9.4116211e+01
   1.5695630e+06   2.7148438e+02
   1.5817910e+06   2.6892090e+02
   1.5818190e+06   3.8818359e+01
   1.5818460e+06   7.9406738e+01
   1.5818760e+06   3.4973145e+01
   1.5819150e+06   1.0235596e+02
   1.5819850e+06   6.2438965e+01
   1.5819960e+06   5.6823730e+01
   1.5820710e+06   6.0363770e+01
   1.5821090e+06   3.4118652e+01
   1.5822090e+06   7.4645996e+01
   1.5822840e+06   5.0659180e+01
   1.5855390e+06   8.7097168e+01
   1.5857950e+06   7.5256348e+01
   1.5859110e+06   5.8471680e+01
   1.5860730e+06   6.3232422e+01
   1.6004190e+06   2.7014160e+02
   1.6006980e+06   9.8205566e+01
   1.6013230e+06   7.4707031e+01
   1.6016150e+06   3.4362793e+01
   1.6017220e+06   8.2580566e+01
   1.6022660e+06   3.5461426e+01
   1.6651020e+06   2.6422119e+02
   1.6651270e+06   1.0278320e+02
   1.6790470e+06   2.5384521e+02
   1.6790630e+06   1.0620117e+02
   1.6795930e+06   9.5458984e+01
   1.6804670e+06   9.8266602e+01
   1.6816090e+06   4.0283203e+01
   1.7184040e+06   1.0198975e+02
   1.7189300e+06   9.2895508e+01
   1.7189960e+06   2.4163818e+02
   1.7565190e+06   2.5433350e+02
   1.7567130e+06   1.0247803e+02
   1.7755880e+06   1.0723877e+02
   1.7905560e+06   3.9611816e+01
   1.7905800e+06   2.5244141e+02
   1.7906020e+06   3.6499023e+01
   1.7906420e+06   1.3800049e+02
   1.7906930e+06   1.1163330e+02
   1.7907280e+06   4.4677734e+01
   1.7907610e+06   6.1950684e+01
   1.7908480e+06   7.6599121e+01
   1.7909160e+06   7.4157715e+01
   1.7909870e+06   6.7749023e+01
   1.7945500e+06   8.7280273e+01
   1.7946870e+06   8.0017090e+01
   1.7949560e+06   8.1054688e+01
   1.8155400e+06   9.3750000e+01
   1.8155640e+06   2.6757812e+02
   1.8162940e+06   9.0270996e+01
   1.8169110e+06   8.8256836e+01
   1.8174080e+06   7.8918457e+01
   1.8178980e+06   8.2214355e+01
   1.8203600e+06   9.0148926e+01
   1.8204250e+06   2.4713135e+02
   1.8204420e+06   4.3701172e+01
   1.8205410e+06   2.0190430e+02
   1.8206000e+06   4.8034668e+01
   1.8206340e+06   1.1584473e+02
   1.8206730e+06   3.5705566e+01
   1.8207600e+06   5.6640625e+01
   1.8208830e+06   6.5612793e+01
   1.8222310e+06   2.2021484e+02
   1.8223990e+06   1.9256592e+02
   1.8225790e+06   1.6778564e+02
   1.8227280e+06   5.8410645e+01
   1.8228870e+06   1.2500000e+02
   1.8230520e+06   1.2719727e+02
   1.8231660e+06   3.3874512e+01
   1.8231790e+06   1.0620117e+02
   1.8233840e+06   1.0394287e+02
   1.8235540e+06   7.5073242e+01
   1.8236950e+06   7.9895020e+01
   1.8237550e+06   3.3935547e+01
   1.8238700e+06   8.5327148e+01
   1.8240430e+06   8.4045410e+01
   1.8242380e+06   8.4106445e+01
   1.8244350e+06   6.7810059e+01
   1.8246140e+06   9.0515137e+01
   1.8250540e+06   1.0443115e+02
   1.8254200e+06   1.0742188e+02
   1.8257510e+06   1.2591553e+02
   1.8262180e+06   1.2036133e+02
   1.8264540e+06   6.6101074e+01
   1.8265500e+06   1.3525391e+02
   1.8268260e+06   1.2371826e+02
   1.8269760e+06   7.2814941e+01
   1.8271100e+06   1.1407471e+02
   1.8272290e+06   5.0781250e+01
   1.8274120e+06   1.4233398e+02
   1.8275940e+06   5.7678223e+01
   1.8277540e+06   4.9621582e+01
   1.8279170e+06   4.5715332e+01
   1.8282550e+06   4.7607422e+01
   1.8286000e+06   5.6945801e+01
   1.8289690e+06   6.4453125e+01
   1.8315900e+06   7.6293945e+01
   1.8319540e+06   1.9201660e+02
   1.8321630e+06   1.6394043e+02
   1.8323020e+06   9.4360352e+01
   1.8323910e+06   3.6987305e+01
   1.8324270e+06   4.3395996e+01
   1.8324480e+06   4.3945313e+01
   1.8324600e+06   3.8696289e+01
   1.8325820e+06   3.5583496e+01
   1.8337790e+06   1.5423584e+02
   1.8338990e+06   3.5827637e+01
   1.8343740e+06   1.3604736e+02
   1.8352390e+06   1.3397217e+02
   1.8354830e+06   1.2646484e+02
   1.8357470e+06   8.5571289e+01
   1.8359560e+06   7.0861816e+01
   1.8361440e+06   4.6020508e+01
   1.8363690e+06   5.1025391e+01
   1.8366300e+06   5.3955078e+01
   1.8412990e+06   2.0574951e+02
   1.8415900e+06   1.8994141e+02
   1.8416000e+06   3.7841797e+01
   1.8416390e+06   3.5339355e+01
   1.8416790e+06   6.7138672e+01
   1.8417250e+06   1.1340332e+02
   1.8418130e+06   3.3874512e+01
   1.8418710e+06   6.0546875e+01
   1.8418810e+06   3.4484863e+01
   1.8419460e+06   3.4790039e+01
   1.8420070e+06   5.4016113e+01
   1.9089030e+06   2.7545166e+02
   1.9089610e+06   1.0650635e+02
   1.9093780e+06   2.4755859e+02
   1.9612200e+06   7.2021484e+01
   1.9612450e+06   2.4877930e+02
   1.9617860e+06   9.7167969e+01
   1.9624320e+06   2.1966553e+02
   1.9634300e+06   9.5947266e+01
   1.9635000e+06   4.7973633e+01
   1.9635520e+06   2.5067139e+02
   1.9636010e+06   3.8391113e+01
   1.9636930e+06   1.9885254e+02
   1.9637820e+06   3.5400391e+01
   1.9638020e+06   1.6137695e+02
   1.9638310e+06   3.3996582e+01
   1.9672910e+06   9.0576172e+01
   2.0129460e+06   3.2220459e+02
   2.0149950e+06   9.4726562e+01
   2.0150780e+06   4.7119141e+01
   2.0151660e+06   2.3962402e+02
   2.0152100e+06   5.7067871e+01
   2.0152740e+06   3.4606934e+01
   2.0153170e+06   2.0178223e+02
   2.0153460e+06   5.0598145e+01
   2.0156330e+06   6.6833496e+01
   2.0158950e+06   5.7067871e+01
   2.0161530e+06   6.1706543e+01
   2.0164500e+06   7.2692871e+01
   2.1267110e+06   9.9731445e+01
   2.1267650e+06   2.5897217e+02
   2.1280930e+06   9.3444824e+01
   2.1282420e+06   7.1350098e+01
   2.1285190e+06   7.0068359e+01
   2.1287870e+06   7.2143555e+01
   2.1289330e+06   3.9062500e+01
   2.1292190e+06   5.9387207e+01
   2.1294470e+06   5.8776855e+01
   2.3031340e+06   2.3254395e+02
   2.3035810e+06   3.5156250e+01
   2.3036540e+06   1.0284424e+02
   2.3231880e+06   3.9001465e+01
   2.3232170e+06   4.4189453e+01
   2.3232370e+06   3.3935547e+01
   2.3232700e+06   1.3702393e+02
   2.3233290e+06   5.4443359e+01
   2.3233410e+06   4.3518066e+01
   2.3233650e+06   4.0344238e+01
   2.3234050e+06   7.7392578e+01
   2.3234670e+06   7.4645996e+01
   2.3235330e+06   7.8979492e+01
   2.3236100e+06   6.7443848e+01
   2.3269160e+06   7.7087402e+01
   2.3270410e+06   7.9528809e+01
   2.3274150e+06   8.1848145e+01
   2.3613580e+06   2.7789307e+02
   2.3614190e+06   1.1651611e+02
   2.3614550e+06   3.8940430e+01
   2.3614650e+06   3.4667969e+01
   2.3614910e+06   1.1212158e+02
   2.3615790e+06   7.3303223e+01
   2.3616540e+06   6.6711426e+01
   2.3617260e+06   6.8664551e+01
   2.3618030e+06   7.3425293e+01
   2.3618920e+06   6.5246582e+01
   2.3648910e+06   9.1125488e+01
   2.3650810e+06   8.6608887e+01
   2.3652350e+06   5.7495117e+01
   2.3663220e+06   3.4667969e+01
   2.3669400e+06   2.2875977e+02
   2.3672590e+06   2.3211670e+02
   2.3675060e+06   1.9738770e+02
   2.3678270e+06   1.9116211e+02
   2.4445670e+06   3.5156250e+01
   2.4834910e+06   2.6507568e+02
   2.4850870e+06   9.7839355e+01
   2.4851510e+06   5.1940918e+01
   2.4852140e+06   3.6254883e+01
   2.4854400e+06   7.2753906e+01
   2.4856510e+06   7.3913574e+01
   2.4859750e+06   7.3120117e+01
   2.4862280e+06   7.2631836e+01
   2.4866700e+06   6.1279297e+01
   2.4870470e+06   7.1960449e+01
   2.5080580e+06   2.5604248e+02
   2.5080840e+06   3.5461426e+01
   2.5081220e+06   1.3317871e+02
   2.5081540e+06   4.6325684e+01
   2.5081700e+06   3.8574219e+01
   2.5081870e+06   9.2590332e+01
   2.5082120e+06   1.1938477e+02
   2.5082550e+06   6.4697266e+01
   2.5082800e+06   3.7597656e+01
   2.5083270e+06   6.1950684e+01
   2.5083950e+06   7.4218750e+01
   2.5117790e+06   8.4594727e+01
   2.5119000e+06   7.5012207e+01
   2.5121030e+06   7.7819824e+01
   2.5122680e+06   6.3781738e+01
   2.5124280e+06   4.9743652e+01
   2.5780970e+06   1.3763428e+02
   2.5781120e+06   1.0382080e+02
   2.5794590e+06   8.7890625e+01
   2.5800150e+06   8.2519531e+01
   2.5804420e+06   8.8562012e+01
   2.5805260e+06   3.5461426e+01
   2.5806750e+06   6.8115234e+01
   2.5817520e+06   7.5439453e+01
   2.6335900e+06   9.1186523e+01
   2.6342620e+06   8.9477539e+01
   2.6499560e+06   2.7770996e+02
   2.6500140e+06   9.2285156e+01
   2.6500420e+06   3.8757324e+01
   2.6500870e+06   1.1993408e+02
   2.6501660e+06   6.9519043e+01
   2.6501850e+06   3.4545898e+01
   2.6502440e+06   6.6162109e+01
   2.6503140e+06   6.1767578e+01
   2.6503820e+06   6.0485840e+01
   2.6504500e+06   6.7138672e+01
   2.6537260e+06   8.1359863e+01
   2.6538700e+06   8.0688477e+01
   2.6543440e+06   6.8176270e+01
   2.6731630e+06   3.5034180e+01
   2.6731880e+06   9.0087891e+01
   2.6843870e+06   2.5842285e+02
   2.6973300e+06   9.8083496e+01
   2.7674540e+06   1.0467529e+02
   2.7690200e+06   8.7280273e+01
   2.7690820e+06   4.5532227e+01
   2.7691410e+06   2.6696777e+02
   2.7691700e+06   3.6621094e+01
   2.7692920e+06   2.3541260e+02
   2.7694410e+06   6.7077637e+01
   2.7697530e+06   6.7016602e+01
   2.7701190e+06   7.2570801e+01
   2.7704300e+06   7.0678711e+01
   2.8023990e+06   3.9550781e+01
   2.8024230e+06   3.6804199e+01
   2.8024560e+06   4.5104980e+01
   2.8024730e+06   1.2194824e+02
   2.8025170e+06   1.1065674e+02
   2.8025920e+06   8.1665039e+01
   2.8026440e+06   3.6315918e+01
   2.8026630e+06   6.0791016e+01
   2.8027350e+06   6.4941406e+01
   2.8027980e+06   7.2875977e+01
   2.8029410e+06   6.6284180e+01
   2.8323040e+06   3.4729004e+01
   2.8471140e+06   3.6071777e+01
   2.8491240e+06   3.4667969e+01
   2.8491960e+06   1.2463379e+02
   2.8492240e+06   3.6193848e+01
   2.8492610e+06   1.0589600e+02
   2.8492790e+06   3.8452148e+01
   2.8493010e+06   4.8278809e+01
   2.8493280e+06   6.2500000e+01
   2.8493390e+06   3.7536621e+01
   2.8494120e+06   6.5429688e+01
   2.8494960e+06   8.0322266e+01
   2.8495710e+06   5.2001953e+01
   2.8496410e+06   5.9936523e+01
   2.8497370e+06   6.7504883e+01
   2.8501340e+06   3.4729004e+01
   2.8529770e+06   9.2651367e+01
   2.9141000e+06   2.6477051e+02
   2.9221000e+06   9.3994141e+01
   2.9521990e+06   1.0186768e+02
   2.9702640e+06   1.0540771e+02
   2.9713640e+06   9.5642090e+01
   2.9718110e+06   8.9416504e+01
   2.9721050e+06   7.4829102e+01
   2.9721810e+06   3.4118652e+01
   2.9724920e+06   8.7097168e+01
   2.9744910e+06   2.5421143e+02
   2.9901580e+06   2.5366211e+02
   2.9902030e+06   4.3701172e+01
   2.9902180e+06   1.3146973e+02
   2.9902650e+06   3.9672852e+01
   2.9902930e+06   1.0772705e+02
   2.9903030e+06   3.3874512e+01
   2.9903520e+06   7.1044922e+01
   2.9904090e+06   3.8391113e+01
   2.9904300e+06   5.7067871e+01
   2.9905020e+06   7.3364258e+01
   2.9905740e+06   5.9570312e+01
   2.9906450e+06   6.8420410e+01
   2.9907170e+06   5.4016113e+01
   2.9908060e+06   6.0607910e+01
   2.9943200e+06   8.1726074e+01
   3.0275300e+06   2.4072266e+02
   3.0275560e+06   4.9499512e+01
   3.0275940e+06   5.3405762e+01
   3.0276070e+06   4.6875000e+01
   3.0276630e+06   8.1848145e+01
   3.0276740e+06   3.4973145e+01
   3.0277330e+06   6.6223145e+01
   3.0278120e+06   8.0444336e+01
   3.0278960e+06   6.7565918e+01
   3.0279780e+06   6.9274902e+01
   3.0280530e+06   5.8532715e+01
   3.0282410e+06   3.5156250e+01
   3.0313700e+06   8.2580566e+01
   3.0837560e+06   2.6989746e+02
   3.0852900e+06   9.8327637e+01
   3.0858330e+06   8.3190918e+01
   3.1327170e+06   3.4973145e+01
   3.1328060e+06   1.0168457e+02
   3.1480930e+06   1.0339355e+02
   3.1481490e+06   2.5469971e+02
   3.1488430e+06   9.1979980e+01
   3.1652200e+06   1.0302734e+02
   3.1657500e+06   3.6254883e+01
   3.1657700e+06   8.3374023e+01
   3.1837480e+06   8.8623047e+01
   3.1844730e+06   9.8754883e+01
   3.1850810e+06   9.3139648e+01
   3.2081830e+06   8.9904785e+01
   3.2088490e+06   9.1735840e+01
   3.2090900e+06   2.6385498e+02
   3.2246610e+06   1.0076904e+02
   3.2246970e+06   2.7148438e+02
   3.2446300e+06   1.0327148e+02
   3.2451080e+06   9.1430664e+01
   3.2528740e+06   3.6621094e+01
   3.2529050e+06   2.7038574e+02
   3.2529510e+06   4.6813965e+01
   3.2529790e+06   3.8818359e+01
   3.2529990e+06   3.5888672e+01
   3.2530330e+06   9.3078613e+01
   3.2530520e+06   3.5156250e+01
   3.2531010e+06   7.4829102e+01
   3.2531130e+06   3.7536621e+01
   3.2531800e+06   6.5429688e+01
   3.2532490e+06   6.8054199e+01
   3.2533120e+06   5.8837891e+01
   3.2533800e+06   6.9335938e+01
   3.2567980e+06   7.7026367e+01
   3.2569220e+06   7.1594238e+01
   3.2572050e+06   7.2631836e+01
   3.3221170e+06   8.5815430e+01
   3.3232920e+06   1.1279297e+02
   3.3239350e+06   9.1979980e+01
   3.3246720e+06   7.9833984e+01
   3.3247410e+06   3.6499023e+01
   3.3248380e+06   3.5644531e+01
   3.3251710e+06   6.5063477e+01
   3.3255700e+06   6.6528320e+01
   3.3258690e+06   5.8349609e+01
   3.3261760e+06   6.8969727e+01
   3.3568910e+06   3.5034180e+01
   3.3569920e+06   3.6437988e+01
   3.3570570e+06   9.0698242e+01
   3.3570840e+06   3.4179688e+01
   3.3584870e+06   9.5825195e+01
   3.3589760e+06   8.2763672e+01
   3.3594160e+06   8.0017090e+01
   3.3870480e+06   2.7056885e+02
   3.3870920e+06   3.4606934e+01
   3.3871070e+06   1.1083984e+02
   3.3871390e+06   3.5217285e+01
   3.3871660e+06   1.0906982e+02
   3.3871770e+06   6.5368652e+01
   3.3872610e+06   6.6650391e+01
   3.3873340e+06   6.2011719e+01
   3.3874070e+06   5.4687500e+01
   3.3874760e+06   6.3903809e+01
   3.3875560e+06   5.9753418e+01
   3.3876850e+06   5.7006836e+01
   3.3913230e+06   9.0515137e+01
   3.4471650e+06   9.3383789e+01
   3.4484790e+06   9.2529297e+01
   3.4492630e+06   8.9782715e+01
   3.4495660e+06   7.7331543e+01
   3.4498510e+06   7.4157715e+01
   3.4500900e+06   7.1655273e+01
   3.4503140e+06   4.9072266e+01
   3.4506190e+06   6.7810059e+01
   3.4509010e+06   5.8227539e+01
   3.4932050e+06   4.0161133e+01
   3.4932520e+06   2.6739502e+02
   3.4932830e+06   4.2785645e+01
   3.4933130e+06   1.2725830e+02
   3.4933260e+06   3.3569336e+01
   3.4933610e+06   1.1254883e+02
   3.4934320e+06   6.9274902e+01
   3.4935080e+06   7.0983887e+01
   3.4935810e+06   7.4707031e+01
   3.4936680e+06   6.1523438e+01
   3.4937350e+06   5.9509277e+01
   3.4969660e+06   9.3505859e+01
   3.5376550e+06   3.4851074e+01
   3.5378980e+06   1.0589600e+02
   3.5379790e+06   2.6892090e+02
   3.5380200e+06   7.8247070e+01
   3.5661850e+06   9.8022461e+01
   3.5667170e+06   9.6435547e+01
   3.5867870e+06   3.5644531e+01
   3.5869310e+06   1.0675049e+02
   3.6033370e+06   9.6557617e+01
   3.6251750e+06   1.0845947e+02
   3.6252630e+06   2.5622559e+02
   3.6261660e+06   8.4655762e+01
   3.6266850e+06   8.3435059e+01
   3.6289860e+06   9.2346191e+01
   3.6290410e+06   4.1259766e+01
   3.6290560e+06   2.7587891e+02
   3.6291370e+06   5.1696777e+01
   3.6291780e+06   2.2009277e+02
   3.6291940e+06   3.5339355e+01
   3.6292580e+06   1.0821533e+02
   3.6292960e+06   3.6071777e+01
   3.6293160e+06   5.5725098e+01
   3.6293340e+06   3.7719727e+01
   3.6294150e+06   5.8471680e+01
   3.6295050e+06   6.2316895e+01
   3.6295830e+06   5.6457520e+01
   3.6297020e+06   5.6274414e+01
   3.6327040e+06   8.4655762e+01
   3.6330460e+06   7.5500488e+01
   3.6848120e+06   3.9794922e+01
   3.6849660e+06   2.5708008e+02
   3.6858140e+06   3.4362793e+01
   3.6858390e+06   9.1857910e+01
   3.6858730e+06   2.5891113e+02
   3.6861840e+06   8.6364746e+01
   3.7067310e+06   1.0626221e+02
   3.7068030e+06   2.5268555e+02
   3.7272820e+06   2.6800537e+02
   3.7285410e+06   8.5266113e+01
   3.7286700e+06   3.6682129e+01
   3.7459640e+06   1.0095215e+02
   3.7479920e+06   8.9477539e+01
   3.7858950e+06   2.5000000e+02
   3.7859180e+06   3.8696289e+01
   3.7859510e+06   1.0406494e+02
   3.7860240e+06   3.7658691e+01
   3.7861020e+06   6.7077637e+01
   3.7861690e+06   6.2072754e+01
   3.7862430e+06   7.2875977e+01
   3.7863190e+06   7.1289062e+01
   3.7863850e+06   6.8359375e+01
   3.7864550e+06   5.8044434e+01
   3.7865470e+06   6.6162109e+01
   3.7899230e+06   8.8500977e+01
   3.7901910e+06   9.0576172e+01
   3.8289620e+06   9.6008301e+01
   3.8301670e+06   9.3200684e+01
   3.8308230e+06   7.9650879e+01
   3.8319710e+06   8.5266113e+01
   3.8320430e+06   3.6743164e+01
   3.8320790e+06   3.3630371e+01
   3.8321620e+06   2.6013184e+02
   3.8322770e+06   3.9001465e+01
   3.8323010e+06   2.0275879e+02
   3.8324330e+06   4.5043945e+01
   3.8324810e+06   2.2711182e+02
   3.8324990e+06   3.9001465e+01
   3.8326640e+06   5.4321289e+01
   3.8328690e+06   5.1330566e+01
   3.8331000e+06   5.6396484e+01
   3.8333920e+06   6.1584473e+01
   3.8338170e+06   6.3720703e+01
   3.8871230e+06   9.3017578e+01
   3.8876530e+06   9.3078613e+01
   3.8884430e+06   8.5144043e+01
   3.8893630e+06   8.2946777e+01
   3.8896010e+06   5.6884766e+01
   3.8896900e+06   3.5278320e+01
   3.8900650e+06   6.3171387e+01
   3.8903620e+06   7.0007324e+01
   3.8905640e+06   5.8776855e+01
   3.8909420e+06   6.6406250e+01
   3.9305830e+06   9.3200684e+01
   3.9313050e+06   1.1248779e+02
   3.9406050e+06   9.6435547e+01
   3.9549630e+06   2.7703857e+02
   3.9554180e+06   9.1796875e+01
   3.9559420e+06   8.2580566e+01
   3.9793940e+06   3.4240723e+01
   3.9794090e+06   2.7764893e+02
   3.9794640e+06   1.0559082e+02
   3.9795280e+06   9.6557617e+01
   3.9795810e+06   3.5034180e+01
   3.9796000e+06   6.9946289e+01
   3.9796750e+06   7.5317383e+01
   3.9797460e+06   6.4636230e+01
   3.9798120e+06   6.2316895e+01
   3.9798760e+06   7.0373535e+01
   3.9833890e+06   8.5144043e+01
   3.9835180e+06   7.4462891e+01
   3.9837900e+06   7.9528809e+01
   4.0023870e+06   9.6313477e+01
   4.0026220e+06   9.2346191e+01
   4.0029570e+06   1.0028076e+02
   4.0035270e+06   8.0078125e+01
   4.0039020e+06   7.8186035e+01
   4.0275710e+06   2.7801514e+02
   4.0276180e+06   4.2541504e+01
   4.0276320e+06   1.3238525e+02
   4.0276910e+06   1.1798096e+02
   4.0277040e+06   5.9875488e+01
   4.0277550e+06   4.6752930e+01
   4.0277810e+06   6.3781738e+01
   4.0278590e+06   7.1044922e+01
   4.0279350e+06   6.8908691e+01
   4.0280170e+06   7.1411133e+01
   4.0280950e+06   5.5480957e+01
   4.0281760e+06   5.9020996e+01
   4.0281860e+06   4.3457031e+01
   4.0314090e+06   8.0322266e+01
   4.0318690e+06   7.2448730e+01
   4.0321760e+06   6.2377930e+01
   4.0323250e+06   4.9194336e+01
   4.0714110e+06   9.3200684e+01
   4.0714330e+06   2.6147461e+02
   4.0723480e+06   3.6682129e+01
   4.0730170e+06   9.1796875e+01
   4.0731760e+06   8.7036133e+01
   4.1029730e+06   2.3175049e+02
   4.1032250e+06   9.8083496e+01
   4.1193010e+06   2.5256348e+02
   4.1193700e+06   9.5458984e+01
   4.1194900e+06   8.6059570e+01
   4.1203390e+06   9.4238281e+01
   4.1203780e+06   2.5506592e+02
   4.1408480e+06   1.0467529e+02
   4.1413330e+06   2.5994873e+02
   4.1422380e+06   8.6608887e+01
   4.1424010e+06   3.4362793e+01
   4.1427730e+06   8.7036133e+01
   4.1431770e+06   8.8806152e+01
   4.1646310e+06   1.0083008e+02
   4.1646950e+06   2.5219727e+02
   4.1655140e+06   9.7656250e+01
   4.1662310e+06   7.9528809e+01
   4.1924440e+06   1.0400391e+02
   4.1924670e+06   4.0283203e+01
   4.1931850e+06   9.6496582e+01
   4.2171760e+06   8.8928223e+01
   4.2179740e+06   8.4777832e+01
   4.2186330e+06   9.8022461e+01
   4.2481920e+06   1.0479736e+02
   4.2482560e+06   2.6947021e+02
   4.2484970e+06   9.8693848e+01
   4.2489520e+06   7.7575684e+01
   4.2496790e+06   8.2946777e+01
   4.2496900e+06   2.4603271e+02
   4.2506040e+06   8.3679199e+01
   4.2509950e+06   7.4829102e+01
   4.2660200e+06   3.4484863e+01
   4.2660350e+06   2.6220703e+02
   4.2660850e+06   7.9711914e+01
   4.2661120e+06   3.5461426e+01
   4.2661540e+06   9.9182129e+01
   4.2661720e+06   3.3569336e+01
   4.2661920e+06   3.8391113e+01
   4.2662280e+06   6.4514160e+01
   4.2662970e+06   5.5603027e+01
   4.2663700e+06   6.6345215e+01
   4.2664470e+06   5.2368164e+01
   4.2665100e+06   4.9682617e+01
   4.2665770e+06   5.6945801e+01
   4.2699740e+06   7.6660156e+01
   4.2701250e+06   7.4340820e+01
   4.2705760e+06   7.1960449e+01
   4.3272630e+06   2.5610352e+02
   4.3273110e+06   9.1186523e+01
   4.3278750e+06   9.4726562e+01
   4.3284380e+06   8.3557129e+01
   4.3294040e+06   3.3752441e+01
   4.3710100e+06   2.6995850e+02
   4.3713580e+06   8.7890625e+01
   4.3909850e+06   9.6252441e+01
   4.4065410e+06   2.6550293e+02
   4.4066250e+06   9.4604492e+01
   4.4072170e+06   8.6059570e+01
   4.4077310e+06   8.9233398e+01
   4.4085090e+06   3.4057617e+01
   4.4196430e+06   2.4261475e+02
   4.4200390e+06   8.8867188e+01
   4.4207330e+06   8.8195801e+01
   4.4339030e+06   2.3669434e+02
   4.4339470e+06   3.3569336e+01
   4.4339590e+06   9.8327637e+01
   4.4339870e+06   4.1442871e+01
   4.4340200e+06   9.7595215e+01
   4.4340920e+06   6.6040039e+01
   4.4341720e+06   5.6884766e+01
   4.4342380e+06   7.0007324e+01
   4.4343190e+06   6.2805176e+01
   4.4343930e+06   6.3659668e+01
   4.4344630e+06   5.0659180e+01
   4.4345360e+06   7.1166992e+01
   4.4346900e+06   8.6547852e+01
   4.4379900e+06   8.6730957e+01
   4.5019740e+06   2.4865723e+02
   4.5023040e+06   2.5006104e+02
   4.5027780e+06   8.2885742e+01
   4.5044090e+06   8.0200195e+01
   4.5044930e+06   4.3090820e+01
   4.5045760e+06   2.3822021e+02
   4.5046540e+06   5.1330566e+01
   4.5048850e+06   6.4453125e+01
   4.5051050e+06   7.5683594e+01
   4.5053600e+06   7.0617676e+01
   4.5056390e+06   6.3049316e+01
   4.5059430e+06   3.7048340e+01
   4.5059710e+06   6.5063477e+01
   4.5066300e+06   7.2143555e+01
   4.5066790e+06   2.4487305e+02
   4.5070270e+06   8.4655762e+01
   4.5244990e+06   2.5860596e+02
   4.5246360e+06   8.9782715e+01
   4.5407380e+06   3.4973145e+01
   4.5407610e+06   2.5585938e+02
   4.5408190e+06   3.7536621e+01
   4.5408300e+06   1.0052490e+02
   4.5408720e+06   9.7045898e+01
   4.5408920e+06   4.1259766e+01
   4.5409100e+06   1.0900879e+02
   4.5409210e+06   3.7353516e+01
   4.5409440e+06   6.1950684e+01
   4.5409950e+06   3.5522461e+01
   4.5410170e+06   5.4138184e+01
   4.5411030e+06   6.9152832e+01
   4.5411140e+06   6.0485840e+01
   4.5412070e+06   7.3669434e+01
   4.5412850e+06   5.7800293e+01
   4.5447370e+06   9.1430664e+01
   4.5450880e+06   8.5510254e+01
   4.5938320e+06   1.1206055e+02
   4.5938570e+06   2.5262451e+02
   4.6094690e+06   8.0871582e+01
   4.6303520e+06   3.4484863e+01
   4.6315980e+06   2.4682617e+02
   4.6319490e+06   2.4511719e+02
   4.6332040e+06   3.4606934e+01
   4.6332620e+06   9.7351074e+01
   4.6340030e+06   9.3139648e+01
   4.6341840e+06   7.6904297e+01
   4.6342590e+06   2.2570801e+02
   4.6354970e+06   8.4533691e+01
   4.6355810e+06   5.1635742e+01
   4.6357630e+06   4.5898438e+01
   4.6357960e+06   2.2821045e+02
   4.6359230e+06   3.5766602e+01
   4.6359730e+06   1.8847656e+02
   4.6360490e+06   4.3457031e+01
   4.6363140e+06   5.6579590e+01
   4.6368580e+06   6.1523438e+01
   4.6970980e+06   2.4511719e+02
   4.6975840e+06   8.9904785e+01
   4.6988280e+06   7.6599121e+01
   4.6988800e+06   2.3254395e+02
   4.6989680e+06   4.8156738e+01
   4.6992920e+06   7.8308105e+01
   4.6996470e+06   7.5866699e+01
   4.7002200e+06   7.9162598e+01
   4.7005050e+06   5.1696777e+01
   4.7005370e+06   2.3425293e+02
   4.7006140e+06   3.6193848e+01
   4.7007110e+06   5.4992676e+01
   4.7007690e+06   1.8994141e+02
   4.7009270e+06   5.9509277e+01
   4.7174260e+06   3.3935547e+01
   4.7486070e+06   2.5433350e+02
   4.7493400e+06   9.9975586e+01
   4.7496190e+06   7.0678711e+01
   4.7745340e+06   2.6086426e+02
   4.7899590e+06   9.1308594e+01
   4.8021810e+06   2.4273682e+02
   4.8127560e+06   2.6452637e+02
   4.8127760e+06   3.4423828e+01
   4.8127940e+06   3.4790039e+01
   4.8128120e+06   1.0809326e+02
   4.8128380e+06   3.3691406e+01
   4.8128740e+06   1.1785889e+02
   4.8129180e+06   1.3903809e+02
   4.8129380e+06   4.7180176e+01
   4.8129650e+06   3.4606934e+01
   4.8129750e+06   3.5888672e+01
   4.8130130e+06   5.0231934e+01
   4.8130770e+06   6.7626953e+01
   4.8131140e+06   3.8269043e+01
   4.8131410e+06   6.3476562e+01
   4.8168350e+06   9.0270996e+01
   4.8169830e+06   6.6711426e+01
   4.8171180e+06   5.7495117e+01
   4.8172420e+06   4.7241211e+01
   4.8175120e+06   6.9091797e+01
   4.8838700e+06   2.4804688e+02
   4.8840540e+06   2.2198486e+02
   4.8846720e+06   9.0759277e+01
   4.8848400e+06   3.5156250e+01
   4.8850060e+06   8.9965820e+01
   4.9014110e+06   2.6464844e+02
   4.9020940e+06   9.9304199e+01
   4.9022240e+06   7.7941895e+01
   4.9185280e+06   2.6110840e+02
   4.9185420e+06   1.0675049e+02
   4.9378430e+06   1.0473633e+02
   4.9512410e+06   2.3919678e+02
   4.9521150e+06   1.0125732e+02
   4.9710050e+06   2.5305176e+02
   4.9710630e+06   9.3383789e+01
   4.9717880e+06   9.1552734e+01
   4.9906370e+06   9.2041016e+01
   5.0077070e+06   8.6547852e+01
   5.0079020e+06   7.3669434e+01
   5.0187080e+06   2.6275635e+02
   5.0187620e+06   9.5214844e+01
   5.0225110e+06   3.6560059e+01
   5.0225440e+06   3.4118652e+01
   5.0424550e+06   1.0144043e+02
   5.0424840e+06   2.5067139e+02
   5.0531400e+06   7.3059082e+01
   5.0537880e+06   9.6618652e+01
   5.0768610e+06   1.0546875e+02
   5.0951310e+06   1.0589600e+02
   5.1058310e+06   3.4851074e+01
   5.1058690e+06   2.6141357e+02
   5.1059190e+06   8.3190918e+01
   5.1059340e+06   4.2480469e+01
   5.1059880e+06   1.1999512e+02
   5.1060580e+06   8.8500977e+01
   5.1061280e+06   6.4575195e+01
   5.1061920e+06   6.4941406e+01
   5.1062610e+06   5.2795410e+01
   5.1063250e+06   6.6528320e+01
   5.1063960e+06   6.4270020e+01
   5.1064720e+06   6.4025879e+01
   5.1100240e+06   8.3679199e+01
   5.1101800e+06   8.4350586e+01
   5.1103180e+06   5.9509277e+01
   5.1104830e+06   3.8940430e+01
   5.1107000e+06   3.5278320e+01
   5.1110350e+06   4.9499512e+01
   5.1112970e+06   2.4102783e+02
   5.1113240e+06   6.1340332e+01
   5.1114250e+06   1.9799805e+02
   5.1115240e+06   9.0881348e+01
   5.1116240e+06   4.4616699e+01
   5.1117200e+06   4.6142578e+01
   5.1118570e+06   8.3312988e+01
   5.1119990e+06   9.1796875e+01
   5.1121350e+06   7.9956055e+01
   5.1123360e+06   1.4093018e+02
   5.1125860e+06   1.3940430e+02
   5.1148170e+06   7.2937012e+01
   5.1148650e+06   2.1478271e+02
   5.1149460e+06   5.5969238e+01
   5.1149940e+06   1.7169189e+02
   5.1150320e+06   3.8330078e+01
   5.1150910e+06   1.1083984e+02
   5.1151970e+06   3.3874512e+01
   5.1154460e+06   3.5522461e+01
   5.1163790e+06   7.2937012e+01
   5.1169580e+06   1.7626953e+02
   5.1170340e+06   3.3935547e+01
   5.1175010e+06   1.7169189e+02
   5.1176950e+06   1.6442871e+02
   5.1183470e+06   1.4154053e+02
   5.1184410e+06   3.4729004e+01
   5.1186190e+06   3.5095215e+01
   5.1189850e+06   7.1411133e+01
   5.1195010e+06   5.9387207e+01
   5.1207440e+06   7.2204590e+01
   5.1213260e+06   6.8542480e+01
   5.1215800e+06   5.9265137e+01
   5.1217290e+06   4.5837402e+01
   5.1219240e+06   3.5705566e+01
   5.1220860e+06   4.1503906e+01
   5.1222450e+06   3.3813477e+01
   5.1225650e+06   3.6193848e+01
   5.1226280e+06   3.4057617e+01
   5.1227440e+06   3.3935547e+01
   5.1232040e+06   5.4870605e+01
   5.1255310e+06   5.2246094e+01
   5.1257590e+06   2.0709229e+02
   5.1259170e+06   1.6351318e+02
   5.1259810e+06   6.8542480e+01
   5.1259930e+06   3.3874512e+01
   5.1260170e+06   7.4218750e+01
   5.1262860e+06   3.4912109e+01
   5.1331270e+06   2.1392822e+02
   5.1337420e+06   1.9079590e+02
   5.1338630e+06   7.1777344e+01
   5.2234570e+06   2.4114990e+02
   5.2239230e+06   1.0192871e+02
   5.2252270e+06   9.0698242e+01
   5.2253190e+06   2.5335693e+02
   5.2253290e+06   3.5583496e+01
   5.2253560e+06   7.8247070e+01
   5.2254630e+06   2.2045898e+02
   5.2254920e+06   4.7668457e+01
   5.2255610e+06   3.6010742e+01
   5.2255810e+06   1.7724609e+02
   5.2256960e+06   1.4947510e+02
   5.2257070e+06   4.8034668e+01
   5.2257580e+06   4.7241211e+01
   5.2261050e+06   3.6621094e+01
   5.2289030e+06   8.0139160e+01
   5.2292550e+06   8.0810547e+01
   5.2294730e+06   2.1966553e+02
   5.2296090e+06   8.3129883e+01
   5.2296760e+06   1.9433594e+02
   5.2298000e+06   9.1369629e+01
   5.2299290e+06   5.9265137e+01
   5.2299720e+06   6.9702148e+01
   5.2301010e+06   6.7810059e+01
   5.2302970e+06   9.3017578e+01
   5.3128660e+06   2.4267578e+02
   5.3129150e+06   9.6679688e+01
   5.3140920e+06   9.6008301e+01
   5.3141750e+06   5.6640625e+01
   5.3142540e+06   3.9672852e+01
   5.3143070e+06   2.4798584e+02
   5.3144150e+06   6.1218262e+01
   5.3144490e+06   2.0812988e+02
   5.3145520e+06   5.0170898e+01
   5.3147220e+06   6.6162109e+01
   5.3150370e+06   6.5612793e+01
   5.3152850e+06   7.0983887e+01
   5.4007200e+06   2.3864746e+02
   5.4283200e+06   2.4694824e+02
   5.4283770e+06   1.2084961e+02
   5.4283970e+06   4.0527344e+01
   5.4284360e+06   1.0717773e+02
   5.4284520e+06   4.2907715e+01
   5.4285020e+06   6.0485840e+01
   5.4285500e+06   3.4057617e+01
   5.4285890e+06   6.2683105e+01
   5.4286500e+06   7.1411133e+01
   5.4287170e+06   6.0302734e+01
   5.4287850e+06   6.1828613e+01
   5.4288560e+06   6.1584473e+01
   5.4289300e+06   4.9682617e+01
   5.4290460e+06   7.0129395e+01
   5.4323950e+06   9.3322754e+01
   5.4326780e+06   8.0444336e+01
   5.4328640e+06   6.9519043e+01
   5.4624260e+06   2.3382568e+02
   5.4624760e+06   9.5092773e+01
   5.4837780e+06   3.5705566e+01
   5.4838760e+06   9.3200684e+01
   5.4838980e+06   2.6208496e+02
   5.5366190e+06   3.7048340e+01
   5.5367480e+06   2.6922607e+02
   5.5632930e+06   3.3691406e+01
   5.6081880e+06   2.6574707e+02
   5.6082290e+06   9.6557617e+01
   5.6208700e+06   2.3284912e+02
   5.6209280e+06   3.3752441e+01
   5.6209380e+06   1.2640381e+02
   5.6209810e+06   4.0832520e+01
   5.6209930e+06   1.0852051e+02
   5.6210660e+06   8.6425781e+01
   5.6210760e+06   4.1015625e+01
   5.6211450e+06   7.2631836e+01
   5.6212180e+06   7.5561523e+01
   5.6212790e+06   6.3232422e+01
   5.6213480e+06   5.9570312e+01
   5.6214150e+06   6.0546875e+01
   5.6214970e+06   6.7626953e+01
   5.6248790e+06   8.9050293e+01
   5.6250370e+06   7.5378418e+01
   5.6252930e+06   7.5683594e+01
   5.6756870e+06   2.5531006e+02
   5.6757200e+06   3.4606934e+01
   5.6757450e+06   1.1016846e+02
   5.6757600e+06   5.3710938e+01
   5.6758150e+06   1.1364746e+02
   5.6758680e+06   3.4179688e+01
   5.6758930e+06   8.0993652e+01
   5.6759650e+06   6.4636230e+01
   5.6760340e+06   6.2255859e+01
   5.6761080e+06   5.6457520e+01
   5.6761770e+06   5.6213379e+01
   5.6795460e+06   7.6110840e+01
   5.6796810e+06   7.7026367e+01
   5.6798210e+06   5.6762695e+01
   5.6799690e+06   3.9306641e+01
   5.6800900e+06   3.8452148e+01
   5.6807700e+06   4.4372559e+01
   5.7662510e+06   2.6867676e+02
   5.7676660e+06   8.7280273e+01
   5.7677670e+06   6.7626953e+01
   5.7679860e+06   7.5744629e+01
   5.7682520e+06   7.8796387e+01
   5.7685900e+06   6.3842773e+01
   5.7689680e+06   6.9702148e+01
   5.7693590e+06   6.9824219e+01
   5.8499360e+06   2.5634766e+02
   5.8501330e+06   3.4729004e+01
   5.9222280e+06   2.6733398e+02
   5.9222920e+06   4.6875000e+01
   5.9223190e+06   3.4606934e+01
   5.9223460e+06   1.0345459e+02
   5.9224120e+06   7.0617676e+01
   5.9224800e+06   7.8735352e+01
   5.9225450e+06   7.2570801e+01
   5.9226080e+06   6.8908691e+01
   5.9226730e+06   6.4208984e+01
   5.9227030e+06   3.6560059e+01
   5.9227460e+06   6.4453125e+01
   5.9228170e+06   6.8420410e+01
   5.9264560e+06   8.2092285e+01
   5.9265900e+06   7.6293945e+01
   5.9270430e+06   7.5073242e+01
   5.9738090e+06   3.4179688e+01
   6.0120760e+06   2.5384521e+02
   6.0376620e+06   2.6141357e+02
   6.0376720e+06   1.0607910e+02
   6.0386300e+06   8.5815430e+01
   6.0391980e+06   8.9416504e+01
   6.0395780e+06   8.8745117e+01
   6.0399630e+06   8.6669922e+01
   6.0405360e+06   7.7697754e+01
   6.0457610e+06   2.4426270e+02
   6.1049960e+06   1.0314941e+02
   6.1050600e+06   5.4016113e+01
   6.1051130e+06   2.5335693e+02
   6.1051400e+06   4.5471191e+01
   6.1052670e+06   6.2683105e+01
   6.1796890e+06   2.7191162e+02
   6.1797560e+06   1.3653564e+02
   6.1797850e+06   3.4179688e+01
   6.1798240e+06   1.1053467e+02
   6.1798340e+06   1.2304688e+02
   6.1798920e+06   9.9670410e+01
   6.1799580e+06   6.4758301e+01
   6.1800210e+06   6.8908691e+01
   6.1800860e+06   4.5959473e+01
   6.1801530e+06   5.4748535e+01
   6.1838300e+06   8.2214355e+01
   6.1841040e+06   9.0393066e+01
   6.1845290e+06   8.3679199e+01
   6.1847170e+06   6.2133789e+01
   6.1872280e+06   9.4116211e+01
   6.1872910e+06   2.3797607e+02
   6.1874440e+06   7.0983887e+01
   6.1875860e+06   1.7620850e+02
   6.1876130e+06   6.3537598e+01
   6.1877570e+06   4.5898438e+01
   6.1877870e+06   1.8115234e+02
   6.1879030e+06   3.5705566e+01
   6.1879250e+06   5.4687500e+01
   6.1880230e+06   1.8231201e+02
   6.1881080e+06   5.1269531e+01
   6.1883560e+06   5.9875488e+01
   6.1884390e+06   1.7999268e+02
   6.1885990e+06   5.7861328e+01
   6.1888070e+06   1.9439697e+02
   6.1888190e+06   6.2622070e+01
   6.2339880e+06   2.3852539e+02
   6.2356060e+06   9.6557617e+01
   6.2357370e+06   6.8603516e+01
   6.2360230e+06   9.7961426e+01
   6.2362690e+06   6.8420410e+01
   6.2365960e+06   7.7392578e+01
   6.2369010e+06   8.4411621e+01
   6.3005190e+06   9.4055176e+01
   6.3006800e+06   2.6165771e+02
   6.3189630e+06   2.7490234e+02
   6.3369260e+06   2.6239014e+02
   6.3761930e+06   2.4029541e+02
   6.3821810e+06   3.9001465e+01
   6.3822510e+06   9.1857910e+01
   6.3822670e+06   5.9204102e+01
   6.3823040e+06   1.0913086e+02
   6.3823720e+06   7.4951172e+01
   6.3824290e+06   6.3354492e+01
   6.3824920e+06   6.3415527e+01
   6.3825520e+06   4.7424316e+01
   6.3826240e+06   5.8105469e+01
   6.3862730e+06   8.4716797e+01
   6.3865570e+06   7.9467773e+01
   6.3866960e+06   5.8959961e+01
   6.3869600e+06   6.0241699e+01
   6.3872640e+06   6.7443848e+01
   6.3989090e+06   2.5878906e+02
   6.3999440e+06   8.8806152e+01
   6.4012470e+06   1.0241699e+02
   6.4483650e+06   2.3095703e+02
   6.4484280e+06   1.0095215e+02
   6.4725620e+06   9.0332031e+01
   6.4725910e+06   3.6254883e+01
   6.4959440e+06   1.0260010e+02
   6.4959740e+06   2.7954102e+02
   6.4971430e+06   9.5397949e+01
   6.4973850e+06   1.0467529e+02
   6.4974150e+06   2.3400879e+02
   6.5272340e+06   1.1798096e+02
   6.5277810e+06   1.0711670e+02
   6.5279060e+06   8.2336426e+01
   6.5487720e+06   2.6721191e+02
   6.5488120e+06   8.8806152e+01
   6.5493450e+06   9.2834473e+01
   6.5494630e+06   2.5433350e+02
   6.5599370e+06   2.7441406e+02
   6.5599590e+06   3.9794922e+01
   6.5599950e+06   9.9304199e+01
   6.5600280e+06   4.7546387e+01
   6.5600540e+06   1.2060547e+02
   6.5601090e+06   7.9711914e+01
   6.5601840e+06   7.5561523e+01
   6.5602480e+06   6.3049316e+01
   6.5603180e+06   7.3608398e+01
   6.5604600e+06   6.3598633e+01
   6.5605290e+06   6.2011719e+01
   6.5606120e+06   6.6589355e+01
   6.5642330e+06   8.7219238e+01
   6.5646510e+06   7.9711914e+01
   6.5648770e+06   6.5917969e+01
   6.5652340e+06   7.1960449e+01
   6.5653610e+06   4.9255371e+01
   6.5655230e+06   4.1564941e+01
   6.5662970e+06   2.2747803e+02
   6.5664920e+06   2.0745850e+02
   6.5666100e+06   1.3403320e+02
   6.5667200e+06   6.3293457e+01
   6.5668470e+06   8.1909180e+01
   6.5670030e+06   1.0327148e+02
   6.5672120e+06   1.2371826e+02
   6.5830480e+06   4.4067383e+01
   6.5831340e+06   2.4755859e+02
   6.5831710e+06   8.8378906e+01
   6.5841400e+06   9.5947266e+01
   6.5848550e+06   8.8745117e+01
   6.5855280e+06   7.9345703e+01
   6.6079740e+06   3.5827637e+01
   6.6080670e+06   1.0394287e+02
   6.6097080e+06   2.4566650e+02
   6.6097310e+06   9.1552734e+01
   6.6340090e+06   9.7290039e+01
   6.6357090e+06   8.6608887e+01
   6.6357410e+06   2.4053955e+02
   6.6548410e+06   2.5067139e+02
   6.6548660e+06   9.7778320e+01
   6.6559330e+06   3.4362793e+01
   6.6560920e+06   8.7402344e+01
   6.6561310e+06   2.5347900e+02
   6.6569620e+06   8.7158203e+01
   6.6800510e+06   8.8867188e+01
   6.6800930e+06   2.3864746e+02
   6.6982210e+06   9.6191406e+01
   6.6989260e+06   9.2346191e+01
   6.6996130e+06   8.4350586e+01
   6.6999770e+06   7.4707031e+01
   6.7003080e+06   7.5866699e+01
   6.7328490e+06   9.5458984e+01
   6.7338250e+06   8.7219238e+01
   6.7341590e+06   9.1552734e+01
   6.7353220e+06   3.6743164e+01
   6.7356510e+06   8.5266113e+01
   6.7360130e+06   8.8256836e+01
   6.7363400e+06   7.0617676e+01
   6.7739240e+06   3.5156250e+01
   6.7739510e+06   2.6416016e+02
   6.7739810e+06   3.7292480e+01
   6.7740110e+06   1.2860107e+02
   6.7740400e+06   4.4738770e+01
   6.7740680e+06   1.1022949e+02
   6.7740970e+06   1.1779785e+02
   6.7741270e+06   3.8757324e+01
   6.7741430e+06   7.4890137e+01
   6.7742050e+06   6.4636230e+01
   6.7742690e+06   6.3903809e+01
   6.7743310e+06   6.6894531e+01
   6.7744060e+06   6.0913086e+01
   6.7744760e+06   6.0058594e+01
   6.8079000e+06   3.4118652e+01
   6.8380360e+06   2.6428223e+02
   6.8380540e+06   8.7341309e+01
   6.8384730e+06   7.4340820e+01
   6.8393170e+06   9.4421387e+01
   6.8402750e+06   8.3007812e+01
   6.8406580e+06   8.1420898e+01
   6.8410410e+06   7.4768066e+01
   6.8754110e+06   1.0052490e+02
   6.8755490e+06   7.4523926e+01
   6.8763450e+06   1.0241699e+02
   6.8768910e+06   8.6547852e+01
   6.9228880e+06   9.6801758e+01
   6.9238770e+06   8.9050293e+01
   6.9239680e+06   2.3339844e+02
   6.9247950e+06   8.8500977e+01
   6.9252100e+06   7.8125000e+01
   6.9444330e+06   2.5671387e+02
   6.9445090e+06   1.0778809e+02
   6.9451710e+06   3.4729004e+01
   6.9454840e+06   8.4899902e+01
   6.9464980e+06   8.3557129e+01
   6.9847210e+06   9.0942383e+01
   6.9848490e+06   7.9223633e+01
   6.9856760e+06   9.2590332e+01
   6.9864400e+06   9.1369629e+01
   7.0248640e+06   2.6141357e+02
   7.0249800e+06   9.1979980e+01
   7.0267200e+06   9.2163086e+01
   7.0270090e+06   8.8745117e+01
   7.0276430e+06   9.4604492e+01
   7.0849490e+06   9.7045898e+01
   7.0849780e+06   2.6776123e+02
   7.0856410e+06   1.0083008e+02
   7.0862890e+06   9.0515137e+01
   7.0867850e+06   8.4960938e+01
   7.1346170e+06   1.0009766e+02
   7.1346300e+06   2.4206543e+02
   7.1353650e+06   9.0026855e+01
   7.1366120e+06   7.9162598e+01
   7.1369520e+06   3.5705566e+01
   7.1373070e+06   7.6538086e+01
   7.1628860e+06   9.9487305e+01
   7.1628970e+06   2.7593994e+02
   7.1635580e+06   3.4179688e+01
   7.1636280e+06   9.0270996e+01
   7.1643530e+06   8.5998535e+01
   7.1656110e+06   8.4045410e+01
   7.1660770e+06   8.3679199e+01
   7.2013010e+06   3.5339355e+01
   7.2020980e+06   8.1054688e+01
   7.2032070e+06   8.7341309e+01
   7.2037140e+06   9.1064453e+01
   7.2530710e+06   9.1918945e+01
   7.2532110e+06   2.5689697e+02
   7.2537720e+06   9.6862793e+01
   7.2688810e+06   3.8574219e+01
   7.2689100e+06   5.0109863e+01
   7.2689440e+06   1.0174561e+02
   7.2689940e+06   9.4482422e+01
   7.2690270e+06   1.3299561e+02
   7.2690600e+06   6.2683105e+01
   7.2691290e+06   6.1157227e+01
   7.2691870e+06   5.4321289e+01
   7.2692500e+06   6.4270020e+01
   7.2693240e+06   6.5917969e+01
   7.2732700e+06   8.6242676e+01
   7.2735320e+06   8.3251953e+01
   7.2736590e+06   6.3110352e+01
   7.2737900e+06   4.5104980e+01
   7.2739330e+06   5.5297852e+01
   7.2765460e+06   2.5085449e+02
   7.2766010e+06   7.4096680e+01
   7.2767320e+06   2.1215820e+02
   7.2768450e+06   1.6894531e+02
   7.2768570e+06   3.9855957e+01
   7.2769680e+06   1.4373779e+02
   7.2769970e+06   4.6508789e+01
   7.2770810e+06   8.5266113e+01
   7.2771720e+06   7.6721191e+01
   7.2772090e+06   3.7719727e+01
   7.2772780e+06   7.7697754e+01
   7.2773630e+06   3.8452148e+01
   7.2774400e+06   1.1352539e+02
   7.2781560e+06   3.5339355e+01
   7.2787230e+06   1.7724609e+02
   7.2790610e+06   1.6522217e+02
   7.2792460e+06   1.3861084e+02
   7.2797020e+06   1.4697266e+02
   7.2798750e+06   1.2988281e+02
   7.2800620e+06   1.3305664e+02
   7.2802600e+06   1.1022949e+02
   7.2804400e+06   1.0906982e+02
   7.2806380e+06   9.4238281e+01
   7.2809320e+06   9.2102051e+01
   7.2812290e+06   1.0955811e+02
   7.2814930e+06   9.0270996e+01
   7.2816850e+06   8.4228516e+01
   7.2819130e+06   8.4289551e+01
   7.2820990e+06   4.4311523e+01
   7.2822920e+06   6.7932129e+01
   7.2823790e+06   8.6181641e+01
   7.2825500e+06   6.6711426e+01
   7.2828030e+06   9.1491699e+01
   7.2830190e+06   4.9743652e+01
   7.2831020e+06   6.5429688e+01
   7.2832860e+06   5.1147461e+01
   7.2834770e+06   5.9143066e+01
   7.2836030e+06   7.7697754e+01
   7.2839320e+06   8.7219238e+01
   7.2842550e+06   6.8237305e+01
   7.2845650e+06   5.9997559e+01
   7.2855520e+06   1.5930176e+02
   7.2866270e+06   6.5063477e+01
   7.2896030e+06   1.7089844e+02
   7.2900230e+06   7.6293945e+01
   7.4104830e+06   2.6348877e+02
   7.4105000e+06   9.4299316e+01
   7.4363270e+06   3.4240723e+01
   7.4399350e+06   4.3212891e+01
   7.4399530e+06   2.7252197e+02
   7.4400060e+06   1.1096191e+02
   7.4400350e+06   4.2846680e+01
   7.4400690e+06   1.5124512e+02
   7.4401100e+06   3.5949707e+01
   7.4401390e+06   6.5246582e+01
   7.4402140e+06   8.0200195e+01
   7.4402490e+06   3.4729004e+01
   7.4402760e+06   6.1218262e+01
   7.4403500e+06   6.3598633e+01
   7.4439770e+06   8.6791992e+01
   7.4441310e+06   8.9416504e+01
   7.4442710e+06   6.8847656e+01
   7.4444580e+06   6.5246582e+01
   7.4445480e+06   3.6071777e+01
   7.4447370e+06   4.0283203e+01
   7.5201520e+06   2.6617432e+02
   7.5736610e+06   2.4737549e+02
   7.5753220e+06   9.3688965e+01
   7.5755760e+06   8.0810547e+01
   7.5757150e+06   5.6945801e+01
   7.5759150e+06   8.2336426e+01
   7.5761450e+06   6.1645508e+01
   7.5763790e+06   6.8115234e+01
   7.5767020e+06   6.3598633e+01
   7.6488540e+06   2.3400879e+02
   7.6833990e+06   9.6313477e+01
   7.7850540e+06   3.7048340e+01
   7.7880330e+06   1.0552979e+02
   7.7881060e+06   2.7679443e+02
   7.7882260e+06   6.4758301e+01
   7.7883500e+06   2.4957275e+02
   7.7883770e+06   3.4545898e+01
   7.7884350e+06   7.8613281e+01
   7.7885100e+06   6.8054199e+01
   7.7885840e+06   6.2866211e+01
   7.7886610e+06   5.9509277e+01
   7.7887450e+06   5.5969238e+01
   7.7920200e+06   9.1857910e+01
   7.7921660e+06   7.6904297e+01
   7.7924770e+06   7.2143555e+01
   7.7927060e+06   6.4270020e+01
   7.8179750e+06   9.1674805e+01
   7.8180270e+06   2.5384521e+02
   7.8200310e+06   7.9528809e+01
   7.8201860e+06   6.7321777e+01
   7.8204070e+06   7.7697754e+01
   7.8206160e+06   6.2988281e+01
   7.8209690e+06   6.3842773e+01
   7.8213130e+06   7.6049805e+01
   7.8216170e+06   6.7260742e+01
   7.8219680e+06   6.4392090e+01
   7.8590070e+06   2.5842285e+02
   7.8590630e+06   1.1309814e+02
   7.8590860e+06   3.6193848e+01
   7.8591190e+06   1.0577393e+02
   7.8591650e+06   1.3720703e+02
   7.8591890e+06   7.6660156e+01
   7.8592080e+06   3.4790039e+01
   7.8592560e+06   6.6284180e+01
   7.8593260e+06   6.0974121e+01
   7.8593870e+06   5.3710938e+01
   7.8594560e+06   6.4025879e+01
   7.8631140e+06   8.1909180e+01
   7.8632820e+06   7.4340820e+01
   7.8634500e+06   8.0139160e+01
   7.8635910e+06   6.3415527e+01
   7.8637160e+06   4.0222168e+01
   7.8638450e+06   3.6132812e+01
   7.8641220e+06   3.8635254e+01
   7.8642680e+06   3.8208008e+01
   7.8644130e+06   3.7353516e+01
   7.8647310e+06   3.6682129e+01
   7.9400670e+06   3.7902832e+01
   7.9401380e+06   2.6190186e+02
   8.0546440e+06   2.4975586e+02
   8.0690360e+06   2.6892090e+02
   8.0690810e+06   3.4790039e+01
   8.0690910e+06   9.1064453e+01
   8.0691510e+06   9.7290039e+01
   8.0692220e+06   8.1298828e+01
   8.0692830e+06   6.6955566e+01
   8.0693430e+06   6.6162109e+01
   8.0694030e+06   6.2133789e+01
   8.0694630e+06   4.7668457e+01
   8.0695200e+06   5.7861328e+01
   8.0732530e+06   7.3547363e+01
   8.0734760e+06   7.7819824e+01
   8.0736000e+06   6.5429688e+01
   8.0737280e+06   3.8696289e+01
   8.0739740e+06   5.3649902e+01
   8.0741050e+06   4.0893555e+01
   8.0742440e+06   4.2053223e+01
   8.0769730e+06   2.2930908e+02
   8.0769920e+06   8.1604004e+01
   8.0771060e+06   1.9805908e+02
   8.0771480e+06   6.5917969e+01
   8.0771790e+06   4.1809082e+01
   8.0772230e+06   1.4801025e+02
   8.0772500e+06   3.5156250e+01
   8.0773040e+06   8.0078125e+01
   8.0773270e+06   3.7902832e+01
   8.0773370e+06   7.2875977e+01
   8.0773880e+06   4.9804688e+01
   8.0774170e+06   3.5888672e+01
   8.0774620e+06   3.6437988e+01
   8.0775190e+06   1.2115479e+02
   8.0776240e+06   5.4016113e+01
   8.0779930e+06   3.4851074e+01
   8.0783310e+06   1.6564941e+02
   8.0784990e+06   4.1809082e+01
   8.0787310e+06   1.5441895e+02
   8.0791930e+06   1.5814209e+02
   8.0794020e+06   1.4971924e+02
   8.0796050e+06   1.3592529e+02
   8.0797770e+06   1.2121582e+02
   8.0799480e+06   1.1322021e+02
   8.0801090e+06   9.4055176e+01
   8.0802740e+06   9.2407227e+01
   8.0804590e+06   8.5205078e+01
   8.0806420e+06   8.3129883e+01
   8.0808230e+06   7.1228027e+01
   8.0810170e+06   9.1674805e+01
   8.0812430e+06   1.1621094e+02
   8.0814850e+06   1.0632324e+02
   8.0827800e+06   7.4096680e+01
   8.0830860e+06   6.1828613e+01
   8.0832470e+06   4.9804688e+01
   8.0836060e+06   6.1584473e+01
   8.0839250e+06   6.0729980e+01
   8.0843460e+06   6.1645508e+01
   8.0845930e+06   5.4870605e+01
   8.0848280e+06   5.9326172e+01
   8.0852180e+06   5.7250977e+01
   8.0859900e+06   3.5888672e+01
   8.0920210e+06   7.2509766e+01
   8.0920320e+06   2.2393799e+02
   8.0922100e+06   1.7712402e+02
   8.0922330e+06   3.9062500e+01
   8.0922540e+06   3.4606934e+01
   8.0923010e+06   7.1289062e+01
   8.0923120e+06   5.8959961e+01
   8.0924110e+06   7.1228027e+01
   8.0924240e+06   4.4982910e+01
   8.0924860e+06   5.7128906e+01
   8.0926210e+06   5.2490234e+01
   8.2901440e+06   2.4011230e+02
   8.2901650e+06   3.5888672e+01
   8.2902010e+06   1.1297607e+02
   8.2902570e+06   1.0632324e+02
   8.2902860e+06   4.1931152e+01
   8.2903240e+06   8.4594727e+01
   8.2903680e+06   3.5400391e+01
   8.2903890e+06   7.5256348e+01
   8.2904570e+06   6.1645508e+01
   8.2905210e+06   5.9448242e+01
   8.2905840e+06   6.3720703e+01
   8.2906550e+06   5.8166504e+01
   8.2941630e+06   8.8073730e+01
   8.2943210e+06   8.7646484e+01
   8.2946320e+06   6.0180664e+01
   8.2947330e+06   5.0415039e+01
   8.2949970e+06   7.2998047e+01
   8.3506790e+06   2.4554443e+02
   8.3506970e+06   4.1687012e+01
   8.3507520e+06   1.3958740e+02
   8.3507820e+06   3.9245605e+01
   8.3508120e+06   1.0729980e+02
   8.3508230e+06   6.5551758e+01
   8.3508460e+06   3.5888672e+01
   8.3508810e+06   8.5693359e+01
   8.3509100e+06   3.5461426e+01
   8.3509540e+06   6.3232422e+01
   8.3510170e+06   4.9987793e+01
   8.3510790e+06   5.3222656e+01
   8.3511400e+06   5.3405762e+01
   8.3512130e+06   6.6162109e+01
   8.3512930e+06   6.4575195e+01
   8.3546270e+06   8.2641602e+01
   8.3547660e+06   6.3476563e+01
   8.3549250e+06   6.9091797e+01
   8.3550840e+06   5.1879883e+01
   8.3552090e+06   3.4973145e+01
   8.3561120e+06   4.4433594e+01
   8.5853930e+06   3.6804199e+01
   8.6107820e+06   3.4118652e+01
   8.6108170e+06   2.5524902e+02
   8.6108530e+06   4.0771484e+01
   8.6108730e+06   8.2641602e+01
   8.6109130e+06   4.2663574e+01
   8.6109340e+06   1.1529541e+02
   8.6110000e+06   6.8481445e+01
   8.6110100e+06   4.7546387e+01
   8.6110650e+06   6.2866211e+01
   8.6111300e+06   6.7871094e+01
   8.6111960e+06   6.2316895e+01
   8.6112560e+06   7.2021484e+01
   8.6113180e+06   5.6213379e+01
   8.6113890e+06   3.5156250e+01
   8.6114440e+06   6.2377930e+01
   8.6149090e+06   8.5998535e+01
   8.6150430e+06   7.7087402e+01
   8.6151970e+06   6.8786621e+01
   8.6154750e+06   6.9213867e+01
   8.6156730e+06   6.7138672e+01
   8.7026140e+06   2.5500488e+02
   8.7026550e+06   8.5449219e+01
   8.7029940e+06   7.7941895e+01
   8.7035790e+06   8.2946777e+01
   8.7039290e+06   8.4106445e+01
   8.7040570e+06   5.8959961e+01
   8.7042810e+06   6.7382812e+01
   8.7045600e+06   7.3791504e+01
   8.7049610e+06   7.6660156e+01
   8.7053090e+06   6.2744141e+01
   8.8191470e+06   2.5421143e+02
   8.8191660e+06   4.0832520e+01
   8.8192160e+06   1.5991211e+02
   8.8192410e+06   3.6437988e+01
   8.8192710e+06   9.8632812e+01
   8.8192980e+06   3.4973145e+01
   8.8193300e+06   6.6711426e+01
   8.8194020e+06   5.9020996e+01
   8.8194630e+06   6.5917969e+01
   8.8195290e+06   6.2561035e+01
   8.8195950e+06   6.2377930e+01
   8.8196620e+06   5.2856445e+01
   8.8230090e+06   8.6181641e+01
   8.8233500e+06   8.7219238e+01
   8.8235010e+06   7.3303223e+01
   8.8236380e+06   5.8044434e+01
   8.8237850e+06   5.4382324e+01
   8.8239220e+06   4.3640137e+01
   8.8242470e+06   3.8146973e+01
   8.8246140e+06   5.7006836e+01
   8.9335660e+06   3.5034180e+01
   8.9361990e+06   3.4423828e+01
   8.9391470e+06   2.5476074e+02
   8.9399800e+06   8.7707520e+01
   8.9407940e+06   9.3627930e+01
   8.9410630e+06   8.1604004e+01
   8.9412040e+06   6.1401367e+01
   8.9415390e+06   7.8308105e+01
   8.9417070e+06   5.2856445e+01
   9.0334060e+06   3.6499023e+01
   9.1524050e+06   2.6293945e+02
   9.1524620e+06   1.1480713e+02
   9.1524740e+06   4.3212891e+01
   9.1525030e+06   1.0748291e+02
   9.1525260e+06   4.0771484e+01
   9.1525710e+06   7.3913574e+01
   9.1526350e+06   7.8735352e+01
   9.1526910e+06   4.8400879e+01
   9.1527500e+06   6.5368652e+01
   9.1528070e+06   6.7749023e+01
   9.1528680e+06   5.9631348e+01
   9.1529610e+06   6.7749023e+01
   9.1530220e+06   3.5156250e+01
   9.1567340e+06   1.0296631e+02
   9.1568990e+06   7.8796387e+01
   9.1570410e+06   6.6406250e+01
   9.1571840e+06   5.8044434e+01
   9.1573240e+06   5.1818848e+01
   9.1574670e+06   5.0781250e+01
   9.1602710e+06   8.5571289e+01
   9.1603980e+06   2.5714111e+02
   9.1605080e+06   7.5866699e+01
   9.1605900e+06   2.0068359e+02
   9.1607190e+06   5.8227539e+01
   9.1607760e+06   1.9726562e+02
   9.1608970e+06   4.9682617e+01
   9.1610220e+06   2.0495605e+02
   9.1610890e+06   5.3039551e+01
   9.1611170e+06   3.6804199e+01
   9.1612660e+06   2.0556641e+02
   9.1613760e+06   4.9133301e+01
   9.1616130e+06   2.1319580e+02
   9.1618700e+06   4.8034668e+01
   9.1620200e+06   3.8391113e+01
   9.1622190e+06   4.0832520e+01
   9.1624440e+06   4.7607422e+01
   9.1630300e+06   5.7556152e+01
   9.1635610e+06   5.3344727e+01
   9.1799320e+06   3.4240723e+01
   9.2084610e+06   3.5766602e+01
   9.2084900e+06   2.5720215e+02
   9.2085480e+06   1.3037109e+02
   9.2086060e+06   8.7768555e+01
   9.2086250e+06   1.0620117e+02
   9.2086700e+06   7.1228027e+01
   9.2087390e+06   8.0383301e+01
   9.2087510e+06   3.6193848e+01
   9.2088090e+06   6.1706543e+01
   9.2088690e+06   5.8410645e+01
   9.2089340e+06   6.4208984e+01
   9.2090100e+06   6.1828613e+01
   9.2122400e+06   7.6965332e+01
   9.2125330e+06   8.8500977e+01
   9.2127000e+06   6.4147949e+01
   9.2128480e+06   4.7058105e+01
   9.2137810e+06   3.8208008e+01
   9.2139650e+06   3.9794922e+01
   9.2141990e+06   4.6447754e+01
   9.2145260e+06   6.3659668e+01
   9.2149350e+06   6.2500000e+01
   9.2161550e+06   2.2827148e+02
   9.2163690e+06   2.1807861e+02
   9.2165380e+06   1.9134521e+02
   9.2166570e+06   6.0424805e+01
   9.2167010e+06   1.6699219e+02
   9.2168250e+06   1.1328125e+02
   9.2168690e+06   3.4179688e+01
   9.2169050e+06   8.2824707e+01
   9.2169310e+06   3.9306641e+01
   9.2170390e+06   8.9172363e+01
   9.2170510e+06   3.9428711e+01
   9.2172830e+06   3.5583496e+01
   9.2175630e+06   1.5606689e+02
   9.2178520e+06   1.5899658e+02
   9.2180410e+06   3.6376953e+01
   9.2184010e+06   1.5429688e+02
   9.2186560e+06   1.5972900e+02
   9.2187740e+06   3.3996582e+01
   9.2189560e+06   1.3732910e+02
   9.2191670e+06   1.3256836e+02
   9.2191770e+06   3.4729004e+01
   9.2193580e+06   1.2255859e+02
   9.2195610e+06   1.1151123e+02
   9.2197760e+06   1.2811279e+02
   9.2199870e+06   1.0540771e+02
   9.2202000e+06   9.3078613e+01
   9.2204010e+06   8.6242676e+01
   9.2206070e+06   7.5012207e+01
   9.2208520e+06   6.9763184e+01
   9.2210970e+06   8.3312988e+01
   9.2214190e+06   7.9284668e+01
   9.2214980e+06   9.4177246e+01
   9.2222960e+06   6.9396973e+01
   9.3139850e+06   2.5122070e+02
   9.3140460e+06   9.9609375e+01
   9.3143770e+06   8.2092285e+01
   9.3145850e+06   8.2397461e+01
   9.3154170e+06   8.5632324e+01
   9.3155970e+06   6.3903809e+01
   9.3157020e+06   4.1503906e+01
   9.3157150e+06   2.2204590e+02
   9.3157910e+06   3.5278320e+01
   9.3158990e+06   2.1575928e+02
   9.3159610e+06   5.5114746e+01
   9.3166790e+06   6.1340332e+01
   9.3563650e+06   2.4792480e+02
   9.3565130e+06   9.6069336e+01
   9.3568140e+06   8.3862305e+01
   9.3572740e+06   6.8664551e+01
   9.3577040e+06   9.0759277e+01
   9.3579300e+06   7.2753906e+01
   9.3580450e+06   5.1818848e+01
   9.3580910e+06   2.3620605e+02
   9.3582180e+06   5.8898926e+01
   9.3582870e+06   2.2265625e+02
   9.3583830e+06   5.9387207e+01
   9.3587080e+06   4.9804688e+01
   9.3590570e+06   6.2622070e+01
   9.4074740e+06   3.7048340e+01
   9.4075000e+06   3.4179688e+01
   9.4075160e+06   2.4395752e+02
   9.4075590e+06   4.3212891e+01
   9.4075750e+06   1.1724854e+02
   9.4076040e+06   4.3762207e+01
   9.4076470e+06   1.0699463e+02
   9.4077170e+06   6.9519043e+01
   9.4077820e+06   6.5490723e+01
   9.4078500e+06   5.7739258e+01
   9.4079140e+06   5.2551270e+01
   9.4079800e+06   5.4260254e+01
   9.4080450e+06   5.6396484e+01
   9.4599240e+06   2.4658203e+02
   9.4599350e+06   1.0662842e+02
   9.4600740e+06   7.8002930e+01
   9.4946110e+06   2.5469971e+02
   9.4946360e+06   8.8745117e+01
   9.5098530e+06   2.4633789e+02
   9.5099020e+06   9.5581055e+01
   9.5099690e+06   8.8256836e+01
   9.5100270e+06   3.5400391e+01
   9.5100450e+06   5.9326172e+01
   9.5101140e+06   8.3007812e+01
   9.5101810e+06   5.5541992e+01
   9.5102450e+06   5.4199219e+01
   9.5103200e+06   5.9631348e+01
   9.5104010e+06   5.5236816e+01
   9.5141860e+06   8.2885742e+01
   9.5554730e+06   1.0040283e+02
   9.5555860e+06   2.4884033e+02
   9.5556040e+06   8.1054688e+01
   9.5558670e+06   8.3679199e+01
   9.6054350e+06   2.4487305e+02
   9.6054640e+06   9.1674805e+01
   9.6399660e+06   2.2998047e+02
   9.6553710e+06   2.3474121e+02
   9.6555480e+06   9.2651367e+01
   9.6557110e+06   8.6059570e+01
   9.6698020e+06   8.6975098e+01
   9.6698790e+06   2.5457764e+02
   9.6841230e+06   9.1125488e+01
   9.7001900e+06   2.3406982e+02
   9.7150990e+06   9.1491699e+01
   9.7469740e+06   3.5278320e+01
   9.7648460e+06   3.6926270e+01
   9.7648650e+06   2.4688721e+02
   9.7649140e+06   7.2998047e+01
   9.7649720e+06   6.7504883e+01
   9.7649860e+06   9.0515137e+01
   9.7650600e+06   8.9660645e+01
   9.7651250e+06   7.1960449e+01
   9.7651360e+06   3.6376953e+01
   9.7651670e+06   3.8635254e+01
   9.7651880e+06   6.5063477e+01
   9.7652570e+06   6.9213867e+01
   9.7653210e+06   7.1228027e+01
   9.7653840e+06   6.0424805e+01
   9.7654600e+06   6.0363770e+01
   9.7655310e+06   6.7504883e+01
   9.7692950e+06   9.6252441e+01
   9.7696720e+06   8.0444336e+01
   9.7698120e+06   7.7819824e+01
   9.7700790e+06   7.5317383e+01
   9.8234380e+06   2.3596191e+02
   9.8240150e+06   1.0192871e+02
   9.8240470e+06   2.5579834e+02
   9.8379310e+06   3.5278320e+01
   9.8654480e+06   9.2041016e+01
   9.8660620e+06   3.6132812e+01
   9.8665290e+06   9.5397949e+01
   9.8857930e+06   2.3974609e+02
   9.9188340e+06   3.7048340e+01
   9.9188630e+06   4.1015625e+01
   9.9188970e+06   1.2280273e+02
   9.9189360e+06   3.6193848e+01
   9.9189540e+06   4.0283203e+01
   9.9189770e+06   8.0871582e+01
   9.9190010e+06   3.7902832e+01
   9.9190430e+06   6.7016602e+01
   9.9191150e+06   6.0729980e+01
   9.9191780e+06   6.3720703e+01
   9.9192430e+06   6.7626953e+01
   9.9193040e+06   6.9885254e+01
   9.9193640e+06   6.3232422e+01
   9.9194340e+06   5.3710938e+01
   9.9232560e+06   9.3139648e+01
   9.9806320e+06   2.3559570e+02
   1.0000069e+07   3.5156250e+01
   1.0000208e+07   2.3815918e+02
   1.0000222e+07   1.0705566e+02
   1.0022227e+07   2.5909424e+02
   1.0022257e+07   8.5693359e+01
   1.0036617e+07   2.6635742e+02
   1.0036668e+07   4.3579102e+01
   1.0036678e+07   1.0333252e+02
   1.0036708e+07   3.7353516e+01
   1.0036749e+07   9.5520020e+01
   1.0036816e+07   6.3842773e+01
   1.0036839e+07   3.6254883e+01
   1.0036887e+07   5.6030273e+01
   1.0036948e+07   6.1462402e+01
   1.0037011e+07   6.5246582e+01
   1.0037073e+07   5.1086426e+01
   1.0037137e+07   7.5805664e+01
   1.0037207e+07   5.9326172e+01
   1.0040827e+07   8.7707520e+01
   1.0041108e+07   8.6181641e+01
   1.0087675e+07   3.7353516e+01
   1.0087717e+07   2.6763916e+02
   1.0087816e+07   8.8928223e+01
   1.0107635e+07   2.3693848e+02
   1.0128807e+07   1.0198975e+02
   1.0144310e+07   8.2031250e+01
   1.0144434e+07   2.3815918e+02
   1.0145166e+07   8.5998535e+01
   1.0168196e+07   9.1003418e+01
   1.0187822e+07   9.9548340e+01
   1.0188786e+07   9.8999023e+01
   1.0213834e+07   9.3505859e+01
   1.0235146e+07   2.5311279e+02
   1.0235245e+07   9.8693848e+01
   1.0263793e+07   2.5671387e+02
   1.0263882e+07   3.6804199e+01
   1.0263983e+07   9.4665527e+01
   1.0264428e+07   9.6130371e+01
   1.0265142e+07   3.3630371e+01
   1.0298396e+07   2.2747803e+02
   1.0298526e+07   9.5336914e+01
   1.0299536e+07   3.8330078e+01
   1.0300158e+07   9.1735840e+01
   1.0312391e+07   2.4291992e+02
   1.0312422e+07   3.5888672e+01
   1.0312440e+07   4.8706055e+01
   1.0312452e+07   3.7658691e+01
   1.0312506e+07   9.1064453e+01
   1.0312516e+07   1.1645508e+02
   1.0312570e+07   4.1076660e+01
   1.0312586e+07   5.9020996e+01
   1.0312650e+07   6.7321777e+01
   1.0312699e+07   3.9001465e+01
   1.0312710e+07   6.5063477e+01
   1.0312768e+07   5.5725098e+01
   1.0312833e+07   7.1472168e+01
   1.0312914e+07   6.0913086e+01
   1.0312997e+07   5.9997559e+01
   1.0316920e+07   9.0515137e+01
   1.0317161e+07   6.9946289e+01
   1.0317305e+07   6.4331055e+01
   1.0317592e+07   6.8420410e+01
   1.0317729e+07   4.8706055e+01
   1.0319956e+07   2.2473145e+02
   1.0320111e+07   2.1673584e+02
   1.0320218e+07   1.2921143e+02
   1.0320331e+07   8.1359863e+01
   1.0320431e+07   8.4350586e+01
   1.0320458e+07   3.6743164e+01
   1.0320525e+07   9.8876953e+01
   1.0320543e+07   3.3935547e+01
   1.0320577e+07   3.4790039e+01
   1.0320620e+07   3.5766602e+01
   1.0320639e+07   6.5246582e+01
   1.0320649e+07   3.5827637e+01
   1.0320698e+07   6.5673828e+01
   1.0320796e+07   1.1614990e+02
   1.0320808e+07   3.6437988e+01
   1.0320841e+07   6.3049316e+01
   1.0321188e+07   1.5399170e+02
   1.0321303e+07   3.6743164e+01
   1.0322206e+07   1.6748047e+02
   1.0325348e+07   6.9335938e+01
   1.0403222e+07   2.4188232e+02
   1.0404195e+07   1.1553955e+02
   1.0404311e+07   2.3413086e+02
   1.0442219e+07   3.9306641e+01
   1.0442278e+07   2.4426270e+02
   1.0442308e+07   8.5327148e+01
   1.0470237e+07   2.5115967e+02
   1.0502570e+07   2.5115967e+02
   1.0522585e+07   8.7036133e+01
   1.0522639e+07   2.5097656e+02
   1.0523475e+07   3.7170410e+01
   1.0538966e+07   2.4011230e+02
   1.0539087e+07   1.0565186e+02
   1.0564006e+07   3.3355713e+02
   1.0585444e+07   2.4615479e+02
   1.0586108e+07   9.4299316e+01
   1.0586168e+07   3.5034180e+01
   1.0607801e+07   3.9672852e+01
   1.0607815e+07   4.7851562e+01
   1.0607853e+07   3.4057617e+01
   1.0607867e+07   1.1090088e+02
   1.0607935e+07   1.0784912e+02
   1.0607947e+07   1.2438965e+02
   1.0608014e+07   6.7321777e+01
   1.0608047e+07   3.7231445e+01
   1.0608085e+07   5.8166504e+01
   1.0608095e+07   8.6791992e+01
   1.0608147e+07   6.5490723e+01
   1.0608212e+07   5.9387207e+01
   1.0608274e+07   6.3110352e+01
   1.0608347e+07   6.7260742e+01
   1.0610159e+07   7.6232910e+01
   1.0610257e+07   7.4768066e+01
   1.0610331e+07   3.4240723e+01
   1.0612154e+07   8.3068848e+01
   1.0612833e+07   7.0556641e+01
   1.0658656e+07   3.4118652e+01
   1.0703341e+07   2.4542236e+02
   1.0703412e+07   9.2041016e+01
   1.0705870e+07   9.2224121e+01
   1.0707077e+07   9.1857910e+01
   1.0755258e+07   2.3516846e+02
   1.0758057e+07   9.7961426e+01
   1.0809143e+07   2.6092529e+02
   1.0838821e+07   2.5250244e+02
   1.0859940e+07   1.0656738e+02
   1.0894098e+07   2.5097656e+02
   1.0901662e+07   2.5775146e+02
   1.0901684e+07   3.5827637e+01
   1.0901715e+07   9.2529297e+01
   1.0901755e+07   3.7719727e+01
   1.0901795e+07   1.0095215e+02
   1.0901830e+07   3.6560059e+01
   1.0901866e+07   8.0200195e+01
   1.0901925e+07   6.1645508e+01
   1.0901986e+07   6.5246582e+01
   1.0902021e+07   3.3447266e+01
   1.0902045e+07   6.5856934e+01
   1.0902114e+07   7.4340820e+01
   1.0902175e+07   6.9824219e+01
   1.0902353e+07   7.8247070e+01
   1.0905849e+07   8.6181641e+01
   1.0906003e+07   6.7016602e+01
   1.0906144e+07   6.1767578e+01
   1.0906238e+07   3.5888672e+01
   1.0906369e+07   3.6437988e+01
   1.0906746e+07   3.7170410e+01
   1.0907182e+07   3.8391113e+01
   1.0907483e+07   4.1015625e+01
   1.0911978e+07   8.0688477e+01
   1.0912001e+07   2.4102783e+02
   1.0912129e+07   2.0391846e+02
   1.0912154e+07   6.7932129e+01
   1.0912248e+07   1.4880371e+02
   1.0912268e+07   3.3752441e+01
   1.0912299e+07   3.3752441e+01
   1.0912324e+07   9.2224121e+01
   1.0912399e+07   5.1635742e+01
   1.0912409e+07   8.5083008e+01
   1.0912446e+07   3.9062500e+01
   1.0912478e+07   8.3984375e+01
   1.0912546e+07   6.8298340e+01
   1.0913922e+07   1.9531250e+02
   1.0914639e+07   1.9226074e+02
   1.0914835e+07   1.6790771e+02
   1.0915077e+07   1.6217041e+02
   1.0915269e+07   1.4697266e+02
   1.0915442e+07   1.2945557e+02
   1.0915621e+07   1.1840820e+02
   1.0915829e+07   9.8022461e+01
   1.0916006e+07   8.6120605e+01
   1.0916169e+07   7.4707031e+01
   1.0916347e+07   7.4890137e+01
   1.0916596e+07   5.9265137e+01
   1.0916886e+07   8.2824707e+01
   1.0917010e+07   6.4453125e+01
   1.0917093e+07   7.6599121e+01
   1.0917290e+07   6.3720703e+01
   1.0917484e+07   5.0598145e+01
   1.0917609e+07   7.3486328e+01
   1.0917746e+07   7.4768066e+01
   1.0917961e+07   1.2756348e+02
   1.0918184e+07   5.6579590e+01
   1.0918450e+07   7.4523926e+01
   1.0918605e+07   6.8603516e+01
   1.0918717e+07   8.6791992e+01
   1.1015025e+07   2.8051758e+02
   1.1037125e+07   3.4057617e+01
   1.1037244e+07   2.2924805e+02
   1.1037584e+07   8.5205078e+01
   1.1066905e+07   2.6019287e+02
   1.1066964e+07   1.1749268e+02
   1.1066992e+07   4.0893555e+01
   1.1067032e+07   1.7462158e+02
   1.1067101e+07   8.4472656e+01
   1.1067137e+07   3.5705566e+01
   1.1067177e+07   5.5297852e+01
   1.1067243e+07   6.9335938e+01
   1.1067309e+07   6.6772461e+01
   1.1067374e+07   6.1950684e+01
   1.1067438e+07   5.5664062e+01
   1.1067509e+07   6.5795898e+01
   1.1068984e+07   3.4057617e+01
   1.1070993e+07   9.0270996e+01
   1.1071259e+07   7.7331543e+01
   1.1071642e+07   8.0200195e+01
   1.1071943e+07   5.4382324e+01
   1.1124071e+07   3.5644531e+01
   1.1124216e+07   2.3107910e+02
   1.1165646e+07   2.3834229e+02
   1.1211830e+07   2.5042725e+02
   1.1218063e+07   4.6325684e+01
   1.1218092e+07   2.4200439e+02
   1.1218116e+07   4.2785645e+01
   1.1218145e+07   8.6303711e+01
   1.1218221e+07   1.0620117e+02
   1.1218274e+07   4.2236328e+01
   1.1218294e+07   6.5124512e+01
   1.1218323e+07   3.3508301e+01
   1.1218354e+07   3.9123535e+01
   1.1218364e+07   3.4423828e+01
   1.1218426e+07   7.2570801e+01
   1.1218493e+07   6.3293457e+01
   1.1218560e+07   6.2805176e+01
   1.1218628e+07   7.3669434e+01
   1.1218700e+07   5.8959961e+01
   1.1218776e+07   6.2622070e+01
   1.1218914e+07   6.5002441e+01
   1.1218990e+07   5.2551270e+01
   1.1222231e+07   8.5754395e+01
   1.1222497e+07   7.0678711e+01
   1.1222807e+07   7.6049805e+01
   1.1223134e+07   8.1848145e+01
   1.1298550e+07   2.5628662e+02
   1.1333159e+07   2.4224854e+02
   1.1333259e+07   9.1247559e+01
   1.1378394e+07   2.4102783e+02
   1.1407407e+07   2.3095703e+02
   1.1411116e+07   3.4729004e+01
   1.1435261e+07   9.2651367e+01
   1.1469167e+07   4.1320801e+01
   1.1469230e+07   2.6757812e+02
   1.1479891e+07   3.6865234e+01
   1.1479915e+07   2.4798584e+02
   1.1479954e+07   3.6682129e+01
   1.1479976e+07   9.9121094e+01
   1.1480030e+07   1.1682129e+02
   1.1480052e+07   1.0601807e+02
   1.1480080e+07   3.4179688e+01
   1.1480099e+07   8.1054687e+01
   1.1480164e+07   5.6152344e+01
   1.1480232e+07   6.7443848e+01
   1.1480294e+07   6.7077637e+01
   1.1480354e+07   6.9335938e+01
   1.1480419e+07   6.5246582e+01
   1.1480484e+07   5.6945801e+01
   1.1480646e+07   7.0495605e+01
   1.1480737e+07   5.5725098e+01
   1.1484009e+07   7.8491211e+01
   1.1484148e+07   7.3974609e+01
   1.1484268e+07   5.9387207e+01
   1.1484396e+07   5.6762695e+01
   1.1484533e+07   4.4616699e+01
   1.1484663e+07   4.5104980e+01
   1.1484806e+07   4.1381836e+01
   1.1484976e+07   3.5766602e+01
   1.1485246e+07   3.9062500e+01
   1.1485411e+07   3.3569336e+01
   1.1485866e+07   5.2917480e+01
   1.1486561e+07   2.1563721e+02
   1.1486731e+07   2.0037842e+02
   1.1486845e+07   1.1004639e+02
   1.1486946e+07   6.3964844e+01
   1.1487054e+07   6.3720703e+01
   1.1487170e+07   6.0607910e+01
   1.1487322e+07   1.0174561e+02
   1.1487505e+07   1.2194824e+02
   1.1487767e+07   1.5264893e+02
   1.1511739e+07   3.5278320e+01
   1.1511852e+07   8.7219238e+01
   1.1511881e+07   2.4267578e+02
   1.1526496e+07   2.4981689e+02
   1.1526588e+07   8.5449219e+01
   1.1527169e+07   3.6865234e+01
   1.1527552e+07   8.9599609e+01
   1.1585331e+07   9.6435547e+01
   1.1585386e+07   2.4877930e+02
   1.1585530e+07   9.5153809e+01
   1.1653433e+07   2.3236084e+02
   1.1654740e+07   9.5642090e+01
   1.1654933e+07   2.4658203e+02
   1.1693126e+07   2.2924805e+02
   1.1694620e+07   9.0454102e+01
   1.1716762e+07   4.0832520e+01
   1.1716893e+07   2.5219727e+02
   1.1718147e+07   1.0180664e+02
   1.1751730e+07   2.5201416e+02
   1.1819028e+07   3.5095215e+01
   1.1927147e+07   9.7351074e+01
   1.1950175e+07   3.8330078e+01
   1.1950192e+07   2.3150635e+02
   1.1950222e+07   3.7963867e+01
   1.1950249e+07   1.1181641e+02
   1.1950308e+07   8.5510254e+01
   1.1950371e+07   7.9895020e+01
   1.1950427e+07   5.5847168e+01
   1.1950485e+07   6.2072754e+01
   1.1950543e+07   5.8410645e+01
   1.1950567e+07   3.4606934e+01
   1.1950605e+07   5.6701660e+01
   1.1950667e+07   5.5786133e+01
   1.1950794e+07   6.5612793e+01
   1.1954628e+07   7.7880859e+01
   1.1954763e+07   8.4838867e+01
   1.1954890e+07   3.3752441e+01
   1.1955004e+07   4.3701172e+01
   1.1955118e+07   4.4372559e+01
   1.1955254e+07   3.8574219e+01
   1.1955492e+07   4.5837402e+01
   1.1955853e+07   4.6447754e+01
   1.1956159e+07   5.1879883e+01
   1.1956767e+07   4.9743652e+01
   1.1957204e+07   5.7434082e+01
   1.1959417e+07   2.2613525e+02
   1.1959620e+07   2.0465088e+02
   1.1959672e+07   3.3752441e+01
   1.1959805e+07   1.7218018e+02
   1.1959915e+07   1.1108398e+02
   1.1959978e+07   6.3781738e+01
   1.1960006e+07   3.7353516e+01
   1.1960056e+07   1.4105225e+02
   1.1960210e+07   1.4794922e+02
   1.1960228e+07   3.3569336e+01
   1.1960288e+07   3.5339355e+01
   1.1960319e+07   9.6435547e+01
   1.1960340e+07   3.6743164e+01
   1.1960454e+07   9.8388672e+01
   1.1960500e+07   3.6437988e+01
   1.1960674e+07   3.3691406e+01
   1.1960764e+07   3.6132812e+01
   1.1961485e+07   3.5339355e+01
   1.1961652e+07   3.4057617e+01
   1.1961809e+07   3.5217285e+01
   1.1965920e+07   7.0556641e+01
   1.1966201e+07   6.2072754e+01
   1.1966453e+07   6.1706543e+01
   1.1966607e+07   4.5837402e+01
   1.1966893e+07   4.9560547e+01
   1.1967192e+07   5.6945801e+01
   1.1967591e+07   5.8288574e+01
   1.1967782e+07   4.6020508e+01
   1.1968319e+07   5.7434082e+01
   1.1969509e+07   2.0397949e+02
   1.1969772e+07   1.9354248e+02
   1.1969966e+07   1.4819336e+02
   1.1970144e+07   1.5118408e+02
   1.1970368e+07   1.3745117e+02
   1.1970597e+07   1.3952637e+02
   1.1970869e+07   1.4501953e+02
