   1.1996000e+07   0.0000000e+00
   5.0186000e+04   3.9062500e+01
   1.0978300e+05   3.6132813e+01
   1.0985900e+05   3.7109375e+01
   1.1054700e+05   3.4790039e+01
   1.2140200e+05   3.3996582e+01
   1.2153400e+05   3.7536621e+01
   1.2175000e+05   3.9672852e+01
   1.2194900e+05   3.4545898e+01
   1.2216600e+05   3.7780762e+01
   1.2251500e+05   3.3935547e+01
   1.8361000e+05   3.9245605e+01
   1.8707500e+05   3.4179688e+01
   4.2158000e+05   3.5949707e+01
   4.2167600e+05   4.1687012e+01
   4.2213200e+05   3.7658691e+01
   4.3363400e+05   3.7841797e+01
   4.3544500e+05   3.3752441e+01
   4.3574500e+05   3.7475586e+01
   4.3591100e+05   3.5949707e+01
   4.3634200e+05   3.6804199e+01
   5.4353100e+05   3.4362793e+01
   5.4361500e+05   3.4545898e+01
   5.4433800e+05   3.6132813e+01
   6.7583100e+05   3.6010742e+01
   9.1957700e+05   3.6682129e+01
   9.1964500e+05   3.3752441e+01
   9.3068000e+05   3.6621094e+01
   9.3077700e+05   3.4179688e+01
   9.3391000e+05   3.7048340e+01
   1.4087170e+06   3.4057617e+01
   1.4206890e+06   4.0710449e+01
   1.4236480e+06   3.4545898e+01
   1.4330730e+06   3.4606934e+01
   1.4331560e+06   3.7963867e+01
   1.4363570e+06   3.3874512e+01
   1.4367310e+06   4.1381836e+01
   1.4495130e+06   3.7414551e+01
   1.5655900e+06   3.4057617e+01
   1.8349640e+06   3.3752441e+01
   2.0727800e+06   3.9062500e+01
   2.0734880e+06   3.7231445e+01
   2.0742420e+06   3.7414551e+01
   2.0759220e+06   3.6071777e+01
   2.0826910e+06   4.0161133e+01
   2.0829020e+06   3.5949707e+01
   2.0835810e+06   3.7109375e+01
   2.0915810e+06   3.8269043e+01
   2.0917770e+06   3.8879395e+01
   2.2695380e+06   3.4851074e+01
   2.2696170e+06   4.1320801e+01
   2.2700770e+06   3.6315918e+01
   2.2812830e+06   3.5034180e+01
   2.2820100e+06   3.3935547e+01
   2.2906130e+06   3.9001465e+01
   2.2906940e+06   4.6569824e+01
   2.3366820e+06   3.6071777e+01
   2.3644960e+06   4.5776367e+01
   2.5275690e+06   4.8645020e+01
   2.5351050e+06   3.8208008e+01
   2.5351900e+06   3.7963867e+01
   2.5352940e+06   3.9062500e+01
   2.5354240e+06   3.7048340e+01
   2.5359250e+06   3.8696289e+01
   2.7249560e+06   3.4484863e+01
   2.7254160e+06   3.9611816e+01
   2.7254820e+06   4.0649414e+01
   2.7260330e+06   3.3874512e+01
   2.7261120e+06   3.6743164e+01
   2.7262980e+06   3.4851074e+01
   2.7272430e+06   3.3874512e+01
   2.7368120e+06   3.3874512e+01
   2.7387940e+06   3.8085938e+01
   2.8386510e+06   3.5705566e+01
   2.8809770e+06   3.5278320e+01
   2.9263380e+06   3.3935547e+01
   3.1992370e+06   4.4738770e+01
   3.1992790e+06   3.5339355e+01
   3.1996700e+06   3.4606934e+01
   3.2007540e+06   3.4484863e+01
   3.2009430e+06   3.6437988e+01
   3.2115440e+06   3.6682129e+01
   3.2871860e+06   3.5400391e+01
   3.4811390e+06   3.4973145e+01
   3.5968750e+06   3.9672852e+01
   3.5971420e+06   3.5888672e+01
   3.5973740e+06   4.1870117e+01
   3.5974500e+06   4.1442871e+01
   3.5989590e+06   3.6865234e+01
   3.6106150e+06   4.3395996e+01
   3.6106840e+06   3.9123535e+01
   3.6143800e+06   3.8696289e+01
   3.7423420e+06   3.7414551e+01
   3.7480010e+06   3.9550781e+01
   3.7486570e+06   3.6865234e+01
   3.7653480e+06   3.6926270e+01
   3.8275340e+06   3.4851074e+01
   3.9540740e+06   3.5766602e+01
   4.0163860e+06   3.4729004e+01
   4.0251040e+06   4.5349121e+01
   4.0251700e+06   3.8146973e+01
   4.1487290e+06   3.4729004e+01
   4.2037300e+06   4.0405273e+01
   4.3807410e+06   3.5827637e+01
   4.3817760e+06   3.6376953e+01
   4.3829300e+06   3.4973145e+01
   4.3831250e+06   3.7170410e+01
   4.4798660e+06   3.4606934e+01
   4.4978950e+06   3.4790039e+01
   4.5993990e+06   4.0649414e+01
   4.5997010e+06   3.4606934e+01
   4.5998030e+06   3.5339355e+01
   4.6018370e+06   3.6010742e+01
   4.6023840e+06   3.6743164e+01
   4.6089990e+06   4.4433594e+01
   4.6803680e+06   3.6682129e+01
   4.6918500e+06   3.7109375e+01
   4.6924840e+06   3.5217285e+01
   4.6931450e+06   3.7719727e+01
   4.6959310e+06   3.9733887e+01
   4.7998440e+06   4.4006348e+01
   4.7999940e+06   4.0039062e+01
   4.8026860e+06   3.8208008e+01
   5.1699510e+06   4.6447754e+01
   5.1700240e+06   3.7963867e+01
   5.1704710e+06   3.5095215e+01
   5.1708870e+06   3.6254883e+01
   5.1730320e+06   3.5400391e+01
   5.2809870e+06   3.8757324e+01
   5.2837780e+06   3.8391113e+01
   5.2915510e+06   3.4606934e+01
   5.2916300e+06   3.6376953e+01
   5.4489300e+06   4.1259766e+01
   5.6334500e+06   4.4006348e+01
   5.6335230e+06   3.5522461e+01
   5.6339410e+06   3.4667969e+01
   5.6342950e+06   3.6254883e+01
   5.6957550e+06   4.1687012e+01
   5.6972590e+06   3.4973145e+01
   5.6977690e+06   3.6437988e+01
   5.8490320e+06   4.6203613e+01
   5.9300010e+06   4.1748047e+01
   5.9300930e+06   3.9611816e+01
   5.9304290e+06   3.7536621e+01
   5.9308510e+06   3.8085938e+01
   6.0068780e+06   3.6193848e+01
   6.4224580e+06   4.4067383e+01
   6.4225590e+06   3.8208008e+01
   6.4229050e+06   3.9123535e+01
   6.4233070e+06   3.7292480e+01
   6.4342850e+06   3.5766602e+01
   6.4376840e+06   4.2175293e+01
   6.5527560e+06   3.4362793e+01
   6.5533540e+06   3.8940430e+01
   6.5551980e+06   3.4606934e+01
   6.5734130e+06   3.9428711e+01
   6.5734910e+06   3.5278320e+01
   6.6210200e+06   3.5095215e+01
   6.6434640e+06   3.8879395e+01
   6.7031770e+06   4.0466309e+01
   6.7033130e+06   3.8085938e+01
   6.8697550e+06   3.6743164e+01
   6.9983180e+06   3.7353516e+01
   7.2192580e+06   4.0527344e+01
   7.2973890e+06   4.0649414e+01
   7.2978460e+06   3.6865234e+01
   7.2979290e+06   3.4851074e+01
   7.3003660e+06   3.7170410e+01
   7.3084860e+06   3.7170410e+01
   7.3846680e+06   3.6132812e+01
   7.3848710e+06   4.1503906e+01
   7.3849370e+06   4.0344238e+01
   7.3855760e+06   3.5766602e+01
   7.3866530e+06   3.7719727e+01
   7.4426550e+06   3.9550781e+01
   7.4440880e+06   3.4790039e+01
   7.4446070e+06   3.9184570e+01
   7.4451420e+06   3.6376953e+01
   7.4847600e+06   3.7963867e+01
   7.4853540e+06   3.6987305e+01
   7.5272920e+06   3.6987305e+01
   7.5839680e+06   3.7231445e+01
   7.5840390e+06   4.0161133e+01
   7.5841040e+06   4.0893555e+01
   7.5841510e+06   3.5156250e+01
   7.7415410e+06   3.4667969e+01
   7.8077550e+06   3.5827637e+01
   7.8078340e+06   3.9672852e+01
   7.8098550e+06   3.4973145e+01
   7.9879960e+06   4.4128418e+01
   8.0842820e+06   3.5705566e+01
   8.0843420e+06   3.5522461e+01
   8.0847920e+06   3.6804199e+01
   8.0852680e+06   4.2724609e+01
   8.1438800e+06   4.0588379e+01
   8.1451900e+06   3.6376953e+01
   8.1453050e+06   3.5278320e+01
   8.1455330e+06   3.4423828e+01
   8.1468710e+06   3.4423828e+01
   8.2064070e+06   3.4362793e+01
   8.3355350e+06   3.4362793e+01
   8.4359230e+06   3.8024902e+01
   8.4359960e+06   3.5400391e+01
   8.4360230e+06   3.9245605e+01
   8.4367430e+06   3.6804199e+01
   8.4462990e+06   3.8513184e+01
   8.4463680e+06   3.6865234e+01
   8.4490890e+06   3.5217285e+01
   8.4494000e+06   3.6621094e+01
   8.4562290e+06   3.6560059e+01
   8.4563110e+06   3.5034180e+01
   8.4579870e+06   3.4912109e+01
   8.6664320e+06   4.4860840e+01
   8.6677610e+06   3.4423828e+01
   8.6825540e+06   3.7170410e+01
   8.6826440e+06   3.8635254e+01
   8.6827660e+06   3.4362793e+01
   8.6933400e+06   3.5034180e+01
   8.6946450e+06   3.6254883e+01
   8.7718710e+06   3.5766602e+01
   8.8113500e+06   3.7963867e+01
   9.0115350e+06   3.9916992e+01
   9.0116120e+06   4.0100098e+01
   9.0116720e+06   3.5705566e+01
   9.0117900e+06   3.5583496e+01
   9.0118630e+06   3.7658691e+01
   9.0128000e+06   3.5156250e+01
   9.0229520e+06   3.4851074e+01
   9.0231530e+06   3.4606934e+01
   9.2237510e+06   4.7485352e+01
   9.2238290e+06   3.5217285e+01
   9.2238910e+06   3.7841797e+01
   9.2245040e+06   3.7231445e+01
   9.2253120e+06   3.4179688e+01
   9.2345690e+06   3.4179688e+01
   9.2346510e+06   3.5949707e+01
   9.2447210e+06   4.3579102e+01
   9.3235110e+06   3.6926270e+01
   9.3241440e+06   3.8940430e+01
   9.7060880e+06   3.7841797e+01
   9.7820580e+06   3.7780762e+01
   9.7821350e+06   3.5583496e+01
   9.7821940e+06   3.6010742e+01
   9.7823550e+06   3.4057617e+01
   9.7825130e+06   3.5583496e+01
   9.7828720e+06   3.4179688e+01
   9.7925120e+06   4.2724609e+01
   9.7927210e+06   3.4912109e+01
   9.7952500e+06   3.7902832e+01
   9.8726220e+06   3.7597656e+01
   9.8737260e+06   3.9916992e+01
   1.0122333e+07   3.5278320e+01
   1.0122416e+07   3.7963867e+01
   1.0136302e+07   3.4606934e+01
   1.0136504e+07   3.4484863e+01
   1.0236760e+07   4.0405273e+01
   1.0236843e+07   3.6621094e+01
   1.0475450e+07   3.5034180e+01
   1.0476008e+07   3.4667969e+01
   1.0476091e+07   4.2236328e+01
   1.0476184e+07   3.9306641e+01
   1.0477469e+07   3.7414551e+01
   1.0495898e+07   3.6926270e+01
   1.0604656e+07   4.3945312e+01
   1.0656311e+07   3.7780762e+01
   1.0656389e+07   3.5156250e+01
   1.0656450e+07   4.0405273e+01
   1.0656578e+07   3.4057617e+01
   1.0667216e+07   3.5095215e+01
   1.0976780e+07   3.5278320e+01
   1.0976916e+07   3.5217285e+01
   1.0977454e+07   3.4484863e+01
   1.0978052e+07   4.0222168e+01
   1.1085058e+07   3.4484863e+01
   1.1126265e+07   3.7719727e+01
   1.1126326e+07   3.4240723e+01
   1.1126380e+07   3.7170410e+01
   1.1126458e+07   3.6865234e+01
   1.1127107e+07   3.5522461e+01
   1.1201331e+07   3.9184570e+01
   1.1202827e+07   3.7292480e+01
   1.1202890e+07   3.8330078e+01
   1.1442673e+07   3.5400391e+01
   1.1442775e+07   3.4179688e+01
   1.1442979e+07   3.4790039e+01
   1.1443239e+07   3.4179688e+01
   1.1489713e+07   3.9733887e+01
   1.1604232e+07   4.2663574e+01
   1.1665954e+07   4.4738770e+01
   1.1793089e+07   3.4790039e+01
   1.1793190e+07   3.7292480e+01
   1.1793321e+07   3.6743164e+01
   1.1902277e+07   3.4423828e+01
