   1.1996000e+07   0.0000000e+00
   8.1374200e+05   1.0681152e+01
   1.0915880e+06   1.0681152e+01
   1.0935510e+06   1.1108398e+01
   1.4835420e+06   1.0803223e+01
   2.2007310e+06   1.0864258e+01
   2.4152390e+06   1.0620117e+01
   2.9720490e+06   1.1230469e+01
   3.0835790e+06   1.0803223e+01
   4.8204530e+06   1.1047363e+01
   4.9441880e+06   1.1047363e+01
   4.9990520e+06   1.0803223e+01
   5.3399240e+06   1.1169434e+01
   5.3858920e+06   1.0925293e+01
   5.4876080e+06   1.0925293e+01
   5.8328990e+06   1.1047363e+01
   6.1629240e+06   1.0864258e+01
   6.4908400e+06   1.1596680e+01
   6.8659780e+06   1.1291504e+01
   8.0195580e+06   1.0864258e+01
   8.6781110e+06   1.0803223e+01
   8.7215290e+06   1.0864258e+01
