   1.1990000e+07   0.0000000e+00
   2.0379000e+04   3.3081055e+01
   3.6668000e+04   4.3579102e+01
   4.4262000e+04   3.4667969e+01
   6.8734000e+04   3.3874512e+01
   8.7822000e+04   3.2958984e+01
   1.1272800e+05   4.1259766e+01
   1.4000400e+05   3.2470703e+01
   1.5474600e+05   3.5156250e+01
   1.7583200e+05   3.4729004e+01
   1.7955000e+05   3.8818359e+01
   1.8295900e+05   3.4912109e+01
   1.8722900e+05   3.3447266e+01
   1.8873100e+05   3.5522461e+01
   1.9863900e+05   3.8391113e+01
   2.2150700e+05   3.7170410e+01
   2.2305600e+05   3.2470703e+01
   2.2834300e+05   3.4118652e+01
   2.3137100e+05   3.3752441e+01
   2.4329500e+05   3.4179688e+01
   2.5178000e+05   3.6560059e+01
   2.6299700e+05   3.8146973e+01
   2.7008400e+05   3.4973145e+01
   2.7013800e+05   4.3579102e+01
   2.7021400e+05   6.9519043e+01
   2.7035600e+05   4.3090820e+01
   2.7038500e+05   4.6203613e+01
   2.7041800e+05   6.6650391e+01
   2.7050000e+05   4.6386719e+01
   2.7051000e+05   4.0100098e+01
   2.7055300e+05   4.7668457e+01
   2.7057400e+05   3.3935547e+01
   2.7071200e+05   4.9865723e+01
   2.7074800e+05   3.2775879e+01
   2.7085000e+05   4.1992188e+01
   2.7100400e+05   3.4484863e+01
   2.7110400e+05   3.6987305e+01
   2.7141100e+05   4.3029785e+01
   2.7183600e+05   3.2409668e+01
   2.7188900e+05   4.6142578e+01
   2.7215400e+05   5.6762695e+01
   2.7217200e+05   3.8757324e+01
   2.7243400e+05   5.3466797e+01
   2.7245400e+05   4.0466309e+01
   2.7273300e+05   4.7119141e+01
   2.7298900e+05   4.3090820e+01
   2.7302600e+05   3.3691406e+01
   2.7322000e+05   3.8757324e+01
   2.7345700e+05   3.6560059e+01
   2.7354500e+05   3.5522461e+01
   2.7364700e+05   3.3020020e+01
   2.7412000e+05   3.6743164e+01
   2.7440500e+05   3.6743164e+01
   2.7473100e+05   3.6376953e+01
   2.7502500e+05   3.5888672e+01
   2.7532000e+05   3.5217285e+01
   2.7565700e+05   3.3752441e+01
   2.7598700e+05   4.2907715e+01
   2.7637100e+05   3.3325195e+01
   2.7668200e+05   3.9978027e+01
   2.7698800e+05   4.5837402e+01
   2.9201800e+05   4.8339844e+01
   2.9242800e+05   3.8208008e+01
   2.9255200e+05   6.2438965e+01
   2.9276500e+05   4.1564941e+01
   2.9278400e+05   3.4667969e+01
   2.9284200e+05   3.3447266e+01
   2.9291900e+05   3.8635254e+01
   2.9295800e+05   4.1320801e+01
   2.9312700e+05   3.8757324e+01
   2.9328100e+05   3.6499023e+01
   2.9345300e+05   3.5156250e+01
   2.9355400e+05   4.4250488e+01
   2.9367200e+05   3.3264160e+01
   2.9381600e+05   3.9855957e+01
   2.9393000e+05   4.3579102e+01
   2.9426400e+05   4.6142578e+01
   2.9468200e+05   3.4118652e+01
   2.9506600e+05   4.9682617e+01
   2.9526300e+05   3.4240723e+01
   2.9721700e+05   3.2958984e+01
   2.9775500e+05   3.6499023e+01
   2.9807900e+05   3.5644531e+01
   3.0414800e+05   3.2714844e+01
   3.6337200e+05   3.6682129e+01
   3.8623600e+05   5.9997559e+01
   3.8632400e+05   3.8208008e+01
   3.8651300e+05   6.2561035e+01
   3.8665700e+05   3.3447266e+01
   3.8680500e+05   4.9621582e+01
   3.8697400e+05   3.8452148e+01
   3.8710800e+05   5.0354004e+01
   3.8712800e+05   3.3447266e+01
   3.8717500e+05   3.6071777e+01
   3.8720900e+05   3.2287598e+01
   3.8724800e+05   4.7607422e+01
   3.8726200e+05   4.2785645e+01
   3.8728500e+05   3.7170410e+01
   3.8739900e+05   3.4423828e+01
   3.8748600e+05   4.3273926e+01
   3.8755000e+05   3.4790039e+01
   3.8772400e+05   4.3823242e+01
   3.8775500e+05   4.9865723e+01
   3.8799600e+05   3.3569336e+01
   3.8803400e+05   3.3203125e+01
   3.8816400e+05   3.3691406e+01
   3.8819800e+05   5.3771973e+01
   3.8825300e+05   3.7902832e+01
   3.8830500e+05   5.5114746e+01
   3.8849600e+05   3.7841797e+01
   3.8866600e+05   4.0588379e+01
   3.8907900e+05   3.7536621e+01
   3.8933300e+05   3.8696289e+01
   3.8978700e+05   3.8513184e+01
   3.8984000e+05   4.1870117e+01
   3.9028100e+05   3.8024902e+01
   4.1120300e+05   3.3691406e+01
   4.3095900e+05   3.4057617e+01
   4.3462000e+05   6.1218262e+01
   4.3465600e+05   3.6010742e+01
   4.3505900e+05   4.5532227e+01
   4.3512400e+05   4.8278809e+01
   4.3524700e+05   3.4362793e+01
   4.3542000e+05   3.5827637e+01
   4.3575300e+05   6.5124512e+01
   4.3592000e+05   4.9316406e+01
   4.3594400e+05   3.3203125e+01
   4.3596300e+05   3.3874512e+01
   4.3602400e+05   5.1940918e+01
   4.3604100e+05   3.6010742e+01
   4.3623700e+05   3.4118652e+01
   4.3630600e+05   4.5959473e+01
   4.3637400e+05   3.8635254e+01
   4.3648900e+05   3.2409668e+01
   4.3665900e+05   4.3212891e+01
   4.3683300e+05   3.3386230e+01
   4.3695200e+05   3.2348633e+01
   4.3709500e+05   3.3996582e+01
   4.3713100e+05   3.9367676e+01
   4.3730200e+05   3.5583496e+01
   4.3753200e+05   3.7353516e+01
   4.6156200e+05   4.1748047e+01
   4.6274900e+05   3.3264160e+01
   4.6368400e+05   3.4729004e+01
   4.6767400e+05   3.2836914e+01
   4.9531900e+05   3.4240723e+01
   4.9571500e+05   3.8696289e+01
   4.9715000e+05   3.5522461e+01
   4.9894000e+05   3.9062500e+01
   4.9916300e+05   3.3935547e+01
   5.0006000e+05   5.9814453e+01
   5.4393400e+05   3.2531738e+01
   5.4532000e+05   4.8400879e+01
   5.6599100e+05   3.3752441e+01
   5.6735600e+05   3.2348633e+01
   6.1363000e+05   3.8330078e+01
   6.3146900e+05   3.4301758e+01
   6.5263200e+05   3.4667969e+01
   6.9089100e+05   4.8645020e+01
   7.3178500e+05   3.6926270e+01
   7.4996000e+05   3.6499023e+01
   7.8770100e+05   3.3203125e+01
   7.9559300e+05   3.5156250e+01
   8.1369700e+05   3.5278320e+01
   8.4982800e+05   3.5705566e+01
   8.8221200e+05   3.2775879e+01
   8.9102700e+05   3.4790039e+01
   8.9603100e+05   3.3569336e+01
   9.0294700e+05   3.3325195e+01
   9.1097900e+05   3.4606934e+01
   9.2473700e+05   3.4606934e+01
   9.6025200e+05   3.2409668e+01
   9.7720700e+05   3.7597656e+01
   9.9197700e+05   3.3081055e+01
   1.0144250e+06   3.4179688e+01
   1.0330590e+06   4.0039063e+01
   1.0630140e+06   3.3630371e+01
   1.1017580e+06   3.7719727e+01
   1.1189650e+06   3.4057617e+01
   1.1201880e+06   3.5339355e+01
   1.1286990e+06   3.3203125e+01
   1.1311280e+06   3.8208008e+01
   1.1455270e+06   3.2958984e+01
   1.1515770e+06   3.3264160e+01
   1.1569550e+06   3.5339355e+01
   1.1615470e+06   3.3264160e+01
   1.2218170e+06   3.5644531e+01
   1.2390310e+06   3.4301758e+01
   1.2409190e+06   3.7536621e+01
   1.2702590e+06   3.3081055e+01
   1.2882690e+06   3.8208008e+01
   1.3159170e+06   3.5705566e+01
   1.3432790e+06   3.2775879e+01
   1.3553680e+06   3.3508301e+01
   1.3674760e+06   3.5278320e+01
   1.3838250e+06   3.3996582e+01
   1.3915930e+06   3.2775879e+01
   1.4007600e+06   3.5888672e+01
   1.4075790e+06   3.6743164e+01
   1.4083840e+06   3.2714844e+01
   1.4134820e+06   5.7800293e+01
   1.4135000e+06   5.4870605e+01
   1.4135370e+06   5.3283691e+01
   1.4135720e+06   4.5166016e+01
   1.4136460e+06   3.7231445e+01
   1.4137100e+06   5.5725098e+01
   1.4138900e+06   5.2001953e+01
   1.4139900e+06   3.4118652e+01
   1.4140960e+06   4.6813965e+01
   1.4141340e+06   3.7658691e+01
   1.4141740e+06   3.5888672e+01
   1.4147050e+06   3.5888672e+01
   1.4150120e+06   3.3996582e+01
   1.4150430e+06   4.4799805e+01
   1.4151440e+06   4.4677734e+01
   1.4153340e+06   3.5217285e+01
   1.4154620e+06   3.5644531e+01
   1.4157450e+06   4.3762207e+01
   1.4158200e+06   5.2917480e+01
   1.4162730e+06   3.6010742e+01
   1.4165620e+06   3.3142090e+01
   1.4167050e+06   4.7607422e+01
   1.4170310e+06   3.9062500e+01
   1.4173970e+06   3.5888672e+01
   1.4176840e+06   4.0039062e+01
   1.4291310e+06   3.7597656e+01
   1.4294540e+06   3.4790039e+01
   1.4307310e+06   3.7292480e+01
   1.4318100e+06   3.4057617e+01
   1.4340690e+06   3.5156250e+01
   1.4341390e+06   5.0476074e+01
   1.4343910e+06   6.1401367e+01
   1.4344130e+06   5.6335449e+01
   1.4346070e+06   5.2612305e+01
   1.4347720e+06   4.3090820e+01
   1.4348720e+06   4.0039062e+01
   1.4349070e+06   5.1391602e+01
   1.4351380e+06   3.2653809e+01
   1.4352640e+06   3.3325195e+01
   1.4354220e+06   4.0527344e+01
   1.4354800e+06   4.6203613e+01
   1.4358840e+06   4.5288086e+01
   1.4359150e+06   3.8635254e+01
   1.4359520e+06   3.5217285e+01
   1.4374970e+06   3.3508301e+01
   1.4380490e+06   3.5400391e+01
   1.4392340e+06   3.2714844e+01
   1.4429050e+06   3.5400391e+01
   1.4441800e+06   3.9672852e+01
   1.4445260e+06   3.3325195e+01
   1.5149920e+06   3.5095215e+01
   1.5185770e+06   3.3508301e+01
   1.5238690e+06   3.3203125e+01
   1.5391060e+06   3.2653809e+01
   1.5428320e+06   3.3874512e+01
   1.5741350e+06   3.3386230e+01
   1.6043390e+06   3.4729004e+01
   1.6347130e+06   3.3569336e+01
   1.6421290e+06   3.5644531e+01
   1.6479610e+06   3.5827637e+01
   1.6650220e+06   4.2663574e+01
   1.7449150e+06   3.4667969e+01
   1.7753040e+06   3.4179688e+01
   1.8342550e+06   3.3569336e+01
   1.8519540e+06   3.4362793e+01
   1.8936320e+06   3.3569336e+01
   1.9087650e+06   4.3884277e+01
   1.9210530e+06   3.2775879e+01
   1.9550140e+06   3.2836914e+01
   1.9883110e+06   3.2714844e+01
   1.9944890e+06   3.3752441e+01
   2.0309340e+06   3.4606934e+01
   2.0509640e+06   4.1015625e+01
   2.0661130e+06   3.8146973e+01
   2.0928760e+06   3.3264160e+01
   2.0942580e+06   3.3569336e+01
   2.1117210e+06   3.4790039e+01
   2.1313080e+06   3.3020020e+01
   2.1824720e+06   3.3630371e+01
   2.2109240e+06   3.6254883e+01
   2.2111220e+06   4.6630859e+01
   2.2111500e+06   6.0668945e+01
   2.2114430e+06   8.8867188e+01
   2.2115430e+06   3.3996582e+01
   2.2116230e+06   3.8574219e+01
   2.2116360e+06   6.0729980e+01
   2.2116870e+06   6.7932129e+01
   2.2117010e+06   3.2958984e+01
   2.2117310e+06   3.3691406e+01
   2.2118510e+06   3.2714844e+01
   2.2118790e+06   4.9194336e+01
   2.2119110e+06   4.3029785e+01
   2.2120790e+06   3.5461426e+01
   2.2120980e+06   4.3762207e+01
   2.2132850e+06   3.5217285e+01
   2.2134480e+06   3.4179688e+01
   2.2137620e+06   4.4860840e+01
   2.2141170e+06   5.2124023e+01
   2.2141570e+06   4.2114258e+01
   2.2148440e+06   4.9499512e+01
   2.2150860e+06   4.1137695e+01
   2.2153070e+06   3.8024902e+01
   2.2155660e+06   3.6315918e+01
   2.2157800e+06   5.1513672e+01
   2.2159940e+06   3.4667969e+01
   2.2162290e+06   3.6926270e+01
   2.2164380e+06   3.4240723e+01
   2.2167310e+06   3.7170410e+01
   2.2169790e+06   4.1259766e+01
   2.2172140e+06   3.9489746e+01
   2.2177000e+06   3.3386230e+01
   2.2181910e+06   3.3081055e+01
   2.2184510e+06   3.5766602e+01
   2.2187300e+06   3.2714844e+01
   2.2191340e+06   3.5522461e+01
   2.2250060e+06   3.3813477e+01
   2.2285410e+06   6.0607910e+01
   2.2288650e+06   4.0893555e+01
   2.2289700e+06   6.7077637e+01
   2.2293900e+06   4.3212891e+01
   2.2297050e+06   3.8452148e+01
   2.2309880e+06   5.7983398e+01
   2.2310210e+06   4.0893555e+01
   2.2311870e+06   5.2307129e+01
   2.2312410e+06   4.5837402e+01
   2.2313610e+06   3.2714844e+01
   2.2314100e+06   5.8227539e+01
   2.2315240e+06   3.5339355e+01
   2.2316590e+06   3.3325195e+01
   2.2318010e+06   3.8757324e+01
   2.2318220e+06   3.3569336e+01
   2.2319510e+06   3.3752441e+01
   2.2320010e+06   3.6804199e+01
   2.2322100e+06   4.0832520e+01
   2.2322920e+06   3.5339355e+01
   2.2324000e+06   3.6010742e+01
   2.2324650e+06   5.8959961e+01
   2.2329990e+06   4.6142578e+01
   2.2338150e+06   3.2836914e+01
   2.2340660e+06   3.3874512e+01
   2.2352160e+06   4.2480469e+01
   2.2356010e+06   3.6437988e+01
   2.2358780e+06   3.2958984e+01
   2.2859800e+06   3.3325195e+01
   2.2961680e+06   4.1564941e+01
   2.2961860e+06   4.2358398e+01
   2.2962000e+06   4.2297363e+01
   2.2962810e+06   3.8574219e+01
   2.2963200e+06   5.1086426e+01
   2.2964330e+06   4.1564941e+01
   2.2964430e+06   4.7424316e+01
   2.2965320e+06   3.3874512e+01
   2.2965730e+06   3.2958984e+01
   2.2966950e+06   3.4118652e+01
   2.2967750e+06   3.9123535e+01
   2.2968180e+06   4.6264648e+01
   2.2969560e+06   3.4301758e+01
   2.2970250e+06   4.2663574e+01
   2.2970840e+06   4.6386719e+01
   2.2971090e+06   3.8208008e+01
   2.2973400e+06   4.2724609e+01
   2.2973520e+06   3.7170410e+01
   2.2975180e+06   3.3630371e+01
   2.2978560e+06   3.8024902e+01
   2.2978970e+06   3.6499023e+01
   2.2980020e+06   3.9184570e+01
   2.2985250e+06   3.6315918e+01
   2.2989170e+06   3.4301758e+01
   2.3271600e+06   3.7170410e+01
   2.3288750e+06   3.8024902e+01
   2.3324380e+06   3.4545898e+01
   2.3728920e+06   3.2714844e+01
   2.3887090e+06   4.1015625e+01
   2.3938720e+06   4.3579102e+01
   2.4208360e+06   3.3142090e+01
   2.4804170e+06   3.4240723e+01
   2.4877890e+06   3.2470703e+01
   2.4902260e+06   3.4484863e+01
   2.5035710e+06   3.4240723e+01
   2.5306040e+06   3.7292480e+01
   2.5430260e+06   3.6376953e+01
   2.5559000e+06   3.9611816e+01
   2.5703580e+06   3.2592773e+01
   2.5970900e+06   3.2348633e+01
   2.6440070e+06   4.0649414e+01
   2.6641780e+06   3.5217285e+01
   2.6728460e+06   3.3142090e+01
   2.6797600e+06   3.3630371e+01
   2.6896460e+06   3.2897949e+01
   2.7060620e+06   3.5217285e+01
   2.7072490e+06   3.7109375e+01
   2.7219650e+06   3.4973145e+01
   2.7369850e+06   3.5034180e+01
   2.7441270e+06   3.4240723e+01
   2.7491780e+06   3.6743164e+01
   2.7584560e+06   3.6071777e+01
   2.7910970e+06   3.6560059e+01
   2.8020800e+06   3.3691406e+01
   2.8250580e+06   3.7048340e+01
   2.8368890e+06   3.7475586e+01
   2.8439610e+06   3.3325195e+01
   2.8531620e+06   3.2409668e+01
   2.8583430e+06   3.9916992e+01
   2.8661480e+06   3.9428711e+01
   2.8696910e+06   3.7048340e+01
   2.8983550e+06   3.4362793e+01
   2.9026880e+06   3.4118652e+01
   2.9186610e+06   3.4484863e+01
   2.9328030e+06   3.2714844e+01
   2.9504390e+06   3.4912109e+01
   2.9600190e+06   3.3935547e+01
   2.9705560e+06   4.0893555e+01
   3.0043630e+06   3.6560059e+01
   3.0147580e+06   3.5949707e+01
   3.0251490e+06   3.3081055e+01
   3.0569720e+06   3.6376953e+01
   3.0586220e+06   3.4790039e+01
   3.1046180e+06   6.5490723e+01
   3.1047470e+06   3.5400391e+01
   3.1047710e+06   5.6701660e+01
   3.1048160e+06   3.5583496e+01
   3.1048590e+06   3.5461426e+01
   3.1048700e+06   5.5175781e+01
   3.1049350e+06   3.6499023e+01
   3.1050210e+06   3.9184570e+01
   3.1051790e+06   3.2958984e+01
   3.1052150e+06   4.7180176e+01
   3.1054600e+06   4.5471191e+01
   3.1058180e+06   3.6682129e+01
   3.1060070e+06   3.3813477e+01
   3.1063680e+06   3.2531738e+01
   3.1063810e+06   4.9987793e+01
   3.1066410e+06   4.0771484e+01
   3.1069030e+06   4.6447754e+01
   3.1071550e+06   4.7424316e+01
   3.1071750e+06   3.9306641e+01
   3.1073800e+06   4.6691895e+01
   3.1075860e+06   4.0344238e+01
   3.1078230e+06   3.3203125e+01
   3.1082410e+06   3.8757324e+01
   3.1084690e+06   4.1809082e+01
   3.1087170e+06   3.2897949e+01
   3.1089960e+06   3.6193848e+01
   3.1107900e+06   3.2592773e+01
   3.1111760e+06   3.4790039e+01
   3.1201960e+06   5.6518555e+01
   3.1213480e+06   4.1015625e+01
   3.1229140e+06   5.0292969e+01
   3.1231350e+06   5.0964355e+01
   3.1231810e+06   3.3630371e+01
   3.1233230e+06   4.8767090e+01
   3.1235440e+06   4.8095703e+01
   3.1236820e+06   3.7170410e+01
   3.1237660e+06   3.7658691e+01
   3.1240500e+06   4.1259766e+01
   3.1248420e+06   4.2419434e+01
   3.1355020e+06   4.8095703e+01
   3.1357890e+06   4.4494629e+01
   3.1359900e+06   3.5217285e+01
   3.1395220e+06   3.2897949e+01
   3.1410090e+06   3.4179688e+01
   3.1777260e+06   7.4218750e+01
   3.1777740e+06   3.6499023e+01
   3.1777950e+06   3.5705566e+01
   3.1778110e+06   3.7963867e+01
   3.1778650e+06   3.6376953e+01
   3.1778990e+06   5.7373047e+01
   3.1780340e+06   5.3771973e+01
   3.1780710e+06   4.8950195e+01
   3.1781050e+06   3.7597656e+01
   3.1781960e+06   4.6142578e+01
   3.1783230e+06   4.0039062e+01
   3.1784100e+06   4.3090820e+01
   3.1786430e+06   3.3996582e+01
   3.1786930e+06   4.6630859e+01
   3.1789590e+06   4.5288086e+01
   3.1790180e+06   3.3691406e+01
   3.1795600e+06   3.4118652e+01
   3.2016800e+06   3.3508301e+01
   3.2241400e+06   3.4057617e+01
   3.2264560e+06   6.0791016e+01
   3.2266960e+06   3.9367676e+01
   3.2267940e+06   6.5307617e+01
   3.2270680e+06   5.8044434e+01
   3.2270850e+06   3.6987305e+01
   3.2274480e+06   3.3935547e+01
   3.2276020e+06   3.5461426e+01
   3.2277470e+06   5.0048828e+01
   3.2279020e+06   4.6081543e+01
   3.2279570e+06   7.0068359e+01
   3.2280460e+06   4.1015625e+01
   3.2280800e+06   3.3203125e+01
   3.2282170e+06   3.8635254e+01
   3.2282480e+06   3.3813477e+01
   3.2282810e+06   4.1198730e+01
   3.2283930e+06   3.5156250e+01
   3.2284110e+06   3.2714844e+01
   3.2285270e+06   3.3813477e+01
   3.2285660e+06   3.7536621e+01
   3.2287150e+06   3.5583496e+01
   3.2289330e+06   4.3823242e+01
   3.2293440e+06   3.8757324e+01
   3.2294670e+06   4.2175293e+01
   3.2296440e+06   3.6437988e+01
   3.2467190e+06   4.3884277e+01
   3.2527450e+06   3.2409668e+01
   3.2666690e+06   3.2470703e+01
   3.2693610e+06   3.4240723e+01
   3.2716120e+06   3.5522461e+01
   3.2910970e+06   3.6926270e+01
   3.2920830e+06   3.2836914e+01
   3.2940380e+06   3.5705566e+01
   3.2943690e+06   5.7006836e+01
   3.2944160e+06   3.4423828e+01
   3.2948370e+06   3.5949707e+01
   3.2948710e+06   3.9978027e+01
   3.2950550e+06   5.1513672e+01
   3.2956670e+06   3.7231445e+01
   3.2957220e+06   3.6499023e+01
   3.2957650e+06   3.5278320e+01
   3.2958320e+06   5.3955078e+01
   3.2958440e+06   4.4189453e+01
   3.2958880e+06   3.5827637e+01
   3.2960100e+06   4.9987793e+01
   3.2960630e+06   4.4250488e+01
   3.2961090e+06   6.0852051e+01
   3.2961790e+06   4.7851562e+01
   3.2964350e+06   5.6091309e+01
   3.2964490e+06   4.5959473e+01
   3.2967610e+06   4.8767090e+01
   3.2969920e+06   3.4973145e+01
   3.3172480e+06   3.2592773e+01
   3.3346860e+06   4.0649414e+01
   3.3586330e+06   3.6071777e+01
   3.3733770e+06   3.3203125e+01
   3.3780660e+06   3.2531738e+01
   3.3795950e+06   3.3630371e+01
   3.4054140e+06   3.2592773e+01
   3.4170150e+06   3.6010742e+01
   3.4865580e+06   3.6376953e+01
   3.4950170e+06   3.7475586e+01
   3.5145930e+06   3.5705566e+01
   3.5242810e+06   3.3020020e+01
   3.5345480e+06   3.4790039e+01
   3.5445640e+06   3.2409668e+01
   3.5503290e+06   3.3325195e+01
   3.5655090e+06   3.3447266e+01
   3.5722650e+06   3.4606934e+01
   3.5785790e+06   3.3569336e+01
   3.5846850e+06   3.4606934e+01
   3.6081890e+06   3.6743164e+01
   3.6084990e+06   7.4768066e+01
   3.6085810e+06   4.1687012e+01
   3.6087220e+06   5.5725098e+01
   3.6087880e+06   3.5278320e+01
   3.6088220e+06   5.5175781e+01
   3.6088510e+06   4.7424316e+01
   3.6088700e+06   3.7353516e+01
   3.6089540e+06   3.3813477e+01
   3.6090210e+06   4.2419434e+01
   3.6090520e+06   3.6743164e+01
   3.6091070e+06   3.4667969e+01
   3.6092090e+06   4.0283203e+01
   3.6092880e+06   4.1992187e+01
   3.6095140e+06   6.1218262e+01
   3.6095540e+06   3.5217285e+01
   3.6097620e+06   3.3386230e+01
   3.6098060e+06   4.2053223e+01
   3.6101450e+06   3.3203125e+01
   3.6106520e+06   4.5104980e+01
   3.6109850e+06   3.6071777e+01
   3.6414930e+06   3.5644531e+01
   3.6444260e+06   3.7292480e+01
   3.6479000e+06   5.7861328e+01
   3.6480370e+06   3.3081055e+01
   3.6481660e+06   5.9631348e+01
   3.6481810e+06   3.9733887e+01
   3.6482660e+06   3.4362793e+01
   3.6483340e+06   4.5715332e+01
   3.6484030e+06   5.2978516e+01
   3.6484430e+06   3.3325195e+01
   3.6485630e+06   4.5715332e+01
   3.6485970e+06   4.7424316e+01
   3.6486870e+06   3.8757324e+01
   3.6486990e+06   3.9611816e+01
   3.6487570e+06   3.7109375e+01
   3.6488310e+06   4.5166016e+01
   3.6488410e+06   3.3203125e+01
   3.6488920e+06   3.3081055e+01
   3.6490960e+06   4.2541504e+01
   3.6491920e+06   3.3386230e+01
   3.6493180e+06   3.6437988e+01
   3.6496470e+06   3.8391113e+01
   3.6497760e+06   3.2958984e+01
   3.6497870e+06   4.7241211e+01
   3.6631920e+06   3.7719727e+01
   3.6778400e+06   4.0893555e+01
   3.6827470e+06   3.4973145e+01
   3.6868990e+06   3.4118652e+01
   3.6909220e+06   5.9143066e+01
   3.6909710e+06   3.7841797e+01
   3.6911970e+06   3.7048340e+01
   3.6914180e+06   4.8583984e+01
   3.6914530e+06   3.8208008e+01
   3.6915960e+06   4.8034668e+01
   3.6916520e+06   5.4199219e+01
   3.6918120e+06   3.8513184e+01
   3.6918710e+06   6.4697266e+01
   3.6919240e+06   3.7231445e+01
   3.6919840e+06   3.7780762e+01
   3.6920870e+06   3.3874512e+01
   3.6921460e+06   3.9367676e+01
   3.6921760e+06   3.4973145e+01
   3.6923280e+06   3.5583496e+01
   3.6924140e+06   4.6630859e+01
   3.6924870e+06   4.7424316e+01
   3.6925550e+06   3.5522461e+01
   3.6926940e+06   3.4545898e+01
   3.7135160e+06   3.7414551e+01
   3.7144140e+06   3.5339355e+01
   3.7157750e+06   3.3081055e+01
   3.7172960e+06   3.4179688e+01
   3.7177340e+06   3.4667969e+01
   3.7182800e+06   4.1992188e+01
   3.7368310e+06   3.3264160e+01
   3.7730580e+06   3.5095215e+01
   3.7903220e+06   3.8818359e+01
   3.8283420e+06   3.3264160e+01
   3.8434650e+06   3.6010742e+01
   3.8772840e+06   3.4362793e+01
   3.8952040e+06   3.3630371e+01
   3.9028960e+06   3.5461426e+01
   3.9156130e+06   3.9611816e+01
   3.9396910e+06   3.6682129e+01
   3.9450300e+06   3.8879395e+01
   3.9479730e+06   4.0344238e+01
   3.9971780e+06   3.3142090e+01
   4.0355880e+06   3.4790039e+01
   4.0462330e+06   3.5583496e+01
   4.0590200e+06   3.4118652e+01
   4.0877460e+06   3.4667969e+01
   4.1152690e+06   3.8146973e+01
   4.1329750e+06   3.3691406e+01
   4.1533030e+06   3.6926270e+01
   4.1967200e+06   4.0344238e+01
   4.2033740e+06   3.9672852e+01
   4.2132900e+06   3.4118652e+01
   4.2186560e+06   3.5461426e+01
   4.2258890e+06   3.9489746e+01
   4.2427360e+06   3.4606934e+01
   4.2429980e+06   3.6071777e+01
   4.2736140e+06   3.7292480e+01
   4.2879990e+06   6.5185547e+01
   4.2880380e+06   3.9978027e+01
   4.2882240e+06   3.5461426e+01
   4.2882500e+06   5.7983398e+01
   4.2883830e+06   3.7719727e+01
   4.2884190e+06   4.9743652e+01
   4.2884750e+06   4.3029785e+01
   4.2885120e+06   4.3273926e+01
   4.2885280e+06   9.0393066e+01
   4.2885870e+06   3.4179688e+01
   4.2886930e+06   5.7312012e+01
   4.2888630e+06   3.6437988e+01
   4.2890990e+06   4.2175293e+01
   4.2892960e+06   4.4921875e+01
   4.2895400e+06   3.3020020e+01
   4.2896890e+06   3.9611816e+01
   4.2898980e+06   5.1208496e+01
   4.2901130e+06   4.6203613e+01
   4.2902410e+06   3.6560059e+01
   4.2902940e+06   3.3569336e+01
   4.2904130e+06   3.8208008e+01
   4.2906370e+06   3.9855957e+01
   4.2909220e+06   4.1625977e+01
   4.2914050e+06   4.0954590e+01
   4.2922220e+06   4.2175293e+01
   4.2926140e+06   5.1025391e+01
   4.2928690e+06   4.1320801e+01
   4.2931500e+06   3.9184570e+01
   4.2934840e+06   4.1320801e+01
   4.2940980e+06   3.7963867e+01
   4.2945120e+06   3.6621094e+01
   4.2950680e+06   3.5522461e+01
   4.2953700e+06   3.4667969e+01
   4.2958920e+06   3.7719727e+01
   4.2964990e+06   3.3508301e+01
   4.2967650e+06   3.2897949e+01
   4.2978470e+06   3.7658691e+01
   4.2982670e+06   3.4301758e+01
   4.2990240e+06   3.5034180e+01
   4.2996770e+06   3.5217285e+01
   4.2999780e+06   3.2897949e+01
   4.3006810e+06   3.5217285e+01
   4.3010370e+06   3.6865234e+01
   4.3013710e+06   3.6010742e+01
   4.3022610e+06   3.5949707e+01
   4.3039430e+06   3.3325195e+01
   4.3054810e+06   5.4931641e+01
   4.3060130e+06   3.3996582e+01
   4.3060730e+06   5.8654785e+01
   4.3063020e+06   3.3996582e+01
   4.3064780e+06   5.0354004e+01
   4.3068380e+06   3.4301758e+01
   4.3068730e+06   4.5959473e+01
   4.3070470e+06   5.2185059e+01
   4.3070630e+06   3.6865234e+01
   4.3072070e+06   4.1809082e+01
   4.3073670e+06   3.8208008e+01
   4.3073770e+06   3.3142090e+01
   4.3075730e+06   3.9367676e+01
   4.3076800e+06   4.3945312e+01
   4.3078020e+06   3.4118652e+01
   4.3078940e+06   3.6254883e+01
   4.3081680e+06   4.0466309e+01
   4.3082070e+06   3.5705566e+01
   4.3086870e+06   3.4179688e+01
   4.3255440e+06   3.5461426e+01
   4.3507630e+06   3.6743164e+01
   4.3564130e+06   3.3691406e+01
   4.3589080e+06   5.1696777e+01
   4.3594440e+06   5.2917480e+01
   4.3596130e+06   3.6376953e+01
   4.3598630e+06   4.0100098e+01
   4.3599050e+06   4.5227051e+01
   4.3604500e+06   3.3508301e+01
   4.3606710e+06   5.1086426e+01
   4.3608100e+06   3.9001465e+01
   4.3609760e+06   6.2072754e+01
   4.3609910e+06   4.9194336e+01
   4.3610730e+06   3.7353516e+01
   4.3611340e+06   3.3081055e+01
   4.3612560e+06   3.5949707e+01
   4.3613430e+06   3.3691406e+01
   4.3615390e+06   3.3020020e+01
   4.3615630e+06   4.5227051e+01
   4.3616040e+06   3.4179688e+01
   4.3617190e+06   3.3752441e+01
   4.3617680e+06   4.4494629e+01
   4.3620280e+06   4.5959473e+01
   4.3624520e+06   4.3334961e+01
   4.3627440e+06   3.3142090e+01
   4.3628260e+06   4.3823242e+01
   4.3631160e+06   3.3935547e+01
   4.3849290e+06   3.6315918e+01
   4.3962780e+06   3.6499023e+01
   4.4126430e+06   3.3081055e+01
   4.4395480e+06   3.3020020e+01
   4.4497600e+06   3.6010742e+01
   4.4547500e+06   3.6254883e+01
   4.4677880e+06   3.8269043e+01
   4.5029020e+06   3.6437988e+01
   4.5628690e+06   3.3081055e+01
   4.5681390e+06   3.4423828e+01
   4.5758060e+06   3.3508301e+01
   4.5786450e+06   3.3203125e+01
   4.6132320e+06   3.5095215e+01
   4.6363120e+06   3.6071777e+01
   4.6454880e+06   3.8024902e+01
   4.6831000e+06   3.5644531e+01
   4.7020360e+06   3.7780762e+01
   4.7030020e+06   3.7353516e+01
   4.7147950e+06   3.3264160e+01
   4.7283240e+06   3.2958984e+01
   4.7399890e+06   3.6743164e+01
   4.7486910e+06   3.5888672e+01
   4.7537540e+06   3.3142090e+01
   4.7670540e+06   3.5217285e+01
   4.7740180e+06   3.6071777e+01
   4.7868460e+06   4.1381836e+01
   4.7943600e+06   3.4851074e+01
   4.8092000e+06   3.6010742e+01
   4.8180290e+06   3.3081055e+01
   4.8233510e+06   3.4240723e+01
   4.8315680e+06   3.5217285e+01
   4.8486210e+06   3.3813477e+01
   4.8772170e+06   3.3081055e+01
   4.8925830e+06   3.3752441e+01
   4.9075730e+06   3.7902832e+01
   4.9210960e+06   7.4645996e+01
   4.9211250e+06   3.3203125e+01
   4.9211430e+06   7.0434570e+01
   4.9211860e+06   4.8156738e+01
   4.9212610e+06   5.8532715e+01
   4.9212870e+06   3.6560059e+01
   4.9213030e+06   4.9987793e+01
   4.9213650e+06   3.6865234e+01
   4.9214460e+06   3.8940430e+01
   4.9214920e+06   3.4362793e+01
   4.9216270e+06   3.6071777e+01
   4.9218680e+06   3.5522461e+01
   4.9220980e+06   3.6804199e+01
   4.9221370e+06   3.9306641e+01
   4.9223220e+06   3.9428711e+01
   4.9225200e+06   4.1992188e+01
   4.9225690e+06   5.3100586e+01
   4.9227470e+06   4.8583984e+01
   4.9228680e+06   5.0476074e+01
   4.9229790e+06   4.6447754e+01
   4.9232100e+06   5.2124023e+01
   4.9234220e+06   3.3264160e+01
   4.9234320e+06   5.0354004e+01
   4.9234580e+06   3.3264160e+01
   4.9236790e+06   3.6987305e+01
   4.9239130e+06   3.4118652e+01
   4.9241300e+06   4.8278809e+01
   4.9243810e+06   3.3935547e+01
   4.9246300e+06   3.8208008e+01
   4.9249940e+06   3.4362793e+01
   4.9255240e+06   3.4973145e+01
   4.9260830e+06   3.6376953e+01
   4.9386060e+06   4.6752930e+01
   4.9389850e+06   6.3720703e+01
   4.9390100e+06   4.4982910e+01
   4.9391340e+06   3.4851074e+01
   4.9392090e+06   4.0710449e+01
   4.9392610e+06   4.7058105e+01
   4.9393070e+06   3.3874512e+01
   4.9394130e+06   4.3395996e+01
   4.9394300e+06   3.6071777e+01
   4.9396060e+06   3.6010742e+01
   4.9397020e+06   3.3508301e+01
   4.9397890e+06   4.4494629e+01
   4.9398870e+06   4.5471191e+01
   4.9399560e+06   5.6579590e+01
   4.9401920e+06   3.5461426e+01
   4.9403250e+06   4.7180176e+01
   4.9403590e+06   3.3691406e+01
   4.9405410e+06   3.3386230e+01
   4.9407310e+06   3.3996582e+01
   4.9417760e+06   3.4423828e+01
   4.9524960e+06   5.5053711e+01
   4.9529240e+06   4.3395996e+01
   4.9533100e+06   3.9550781e+01
   4.9535430e+06   4.2785645e+01
   4.9539090e+06   3.6804199e+01
   4.9559780e+06   3.3447266e+01
   4.9563180e+06   3.6132812e+01
   4.9567770e+06   3.3203125e+01
   4.9624100e+06   3.4729004e+01
   4.9779050e+06   3.3325195e+01
   4.9825850e+06   3.4423828e+01
   5.0262380e+06   3.5278320e+01
   5.0279180e+06   3.6437988e+01
   5.0410340e+06   3.4545898e+01
   5.0506440e+06   3.3996582e+01
   5.0810840e+06   4.0588379e+01
   5.0992150e+06   3.3569336e+01
   5.1230200e+06   3.3691406e+01
   5.1596340e+06   3.4118652e+01
   5.1715090e+06   3.5705566e+01
   5.1806650e+06   3.3752441e+01
   5.2534940e+06   3.4729004e+01
   5.2561830e+06   3.4545898e+01
   5.2700910e+06   3.6621094e+01
   5.2933150e+06   3.5156250e+01
   5.3058080e+06   3.3813477e+01
   5.3245140e+06   3.5400391e+01
   5.3291980e+06   3.7719727e+01
   5.3394240e+06   3.3020020e+01
   5.3546170e+06   3.4729004e+01
   5.3821730e+06   3.8696289e+01
   5.3918300e+06   3.9916992e+01
   5.3983760e+06   3.3203125e+01
   5.4134450e+06   3.5339355e+01
   5.4268420e+06   3.7414551e+01
   5.4949210e+06   3.5766602e+01
   5.5424140e+06   3.6621094e+01
   5.5432110e+06   3.3935547e+01
   5.5494590e+06   3.7902832e+01
   5.5553820e+06   3.6499023e+01
   5.5584070e+06   3.3203125e+01
   5.5887520e+06   3.7902832e+01
   5.5913070e+06   3.6499023e+01
   5.5921460e+06   3.4912109e+01
   5.6151210e+06   3.7231445e+01
   5.6196180e+06   3.5278320e+01
   5.6462560e+06   3.4973145e+01
   5.6869100e+06   3.4545898e+01
   5.7016260e+06   3.6560059e+01
   5.7303590e+06   3.4179688e+01
   5.7479180e+06   3.3264160e+01
   5.7532370e+06   3.6193848e+01
   5.7658000e+06   3.3569336e+01
   5.7894180e+06   3.5644531e+01
   5.7931380e+06   3.7414551e+01
   5.7969300e+06   3.5827637e+01
   5.8432590e+06   3.5156250e+01
   5.8496350e+06   3.7231445e+01
   5.8510100e+06   3.3203125e+01
   5.8624700e+06   3.5522461e+01
   5.8710760e+06   3.3569336e+01
   5.8780810e+06   3.3508301e+01
   5.8789110e+06   3.4729004e+01
   5.8790060e+06   4.9926758e+01
   5.8790690e+06   3.7353516e+01
   5.8791630e+06   5.1757812e+01
   5.8791780e+06   3.4362793e+01
   5.8791980e+06   5.4016113e+01
   5.8792340e+06   4.4616699e+01
   5.8792670e+06   4.2724609e+01
   5.8792890e+06   3.4423828e+01
   5.8793450e+06   5.4626465e+01
   5.8799250e+06   4.0100098e+01
   5.8801260e+06   3.6132812e+01
   5.8803070e+06   3.4118652e+01
   5.8803430e+06   4.2297363e+01
   5.8804910e+06   3.6682129e+01
   5.8805540e+06   6.4514160e+01
   5.8807560e+06   4.2297363e+01
   5.8809560e+06   5.4870605e+01
   5.8811780e+06   3.5644531e+01
   5.8812730e+06   4.0466309e+01
   5.8813770e+06   3.8330078e+01
   5.8814900e+06   3.3508301e+01
   5.8815820e+06   4.4311523e+01
   5.8819130e+06   3.3203125e+01
   5.8820250e+06   3.8635254e+01
   5.8822400e+06   3.4790039e+01
   5.8824720e+06   4.1137695e+01
   5.8830870e+06   3.5461426e+01
   5.8836340e+06   4.0527344e+01
   5.8934260e+06   5.0476074e+01
   5.8945660e+06   4.6020508e+01
   5.8958360e+06   3.4484863e+01
   5.8964670e+06   4.5227051e+01
   5.8979780e+06   4.0710449e+01
   5.8982220e+06   3.6865234e+01
   5.8982860e+06   4.1442871e+01
   5.8983330e+06   4.5288086e+01
   5.8984670e+06   4.0954590e+01
   5.8985260e+06   5.8349609e+01
   5.8985560e+06   4.8706055e+01
   5.8986480e+06   3.4118652e+01
   5.8987400e+06   4.5959473e+01
   5.8987540e+06   5.7373047e+01
   5.8987990e+06   3.5034180e+01
   5.8989500e+06   3.8635254e+01
   5.8989720e+06   4.8522949e+01
   5.8990500e+06   4.7546387e+01
   5.8990940e+06   3.4790039e+01
   5.8991100e+06   3.3813477e+01
   5.8992350e+06   3.6071777e+01
   5.8992660e+06   3.3325195e+01
   5.8995570e+06   4.2114258e+01
   5.8999300e+06   3.7109375e+01
   5.8999830e+06   3.7597656e+01
   5.9002060e+06   3.7536621e+01
   5.9004960e+06   4.0466309e+01
   5.9005890e+06   3.8391113e+01
   5.9201300e+06   5.1269531e+01
   5.9207230e+06   4.4006348e+01
   5.9210590e+06   3.4973145e+01
   5.9213220e+06   5.1025391e+01
   5.9215550e+06   3.3691406e+01
   5.9217770e+06   3.3081055e+01
   5.9220270e+06   3.4240723e+01
   5.9223280e+06   3.8391113e+01
   5.9229530e+06   3.5339355e+01
   5.9233470e+06   3.6315918e+01
   5.9239720e+06   3.6132812e+01
   5.9292980e+06   3.3813477e+01
   5.9295560e+06   5.0598145e+01
   5.9300090e+06   5.6152344e+01
   5.9300690e+06   3.8208008e+01
   5.9300940e+06   3.4423828e+01
   5.9301890e+06   3.7353516e+01
   5.9302140e+06   4.2053223e+01
   5.9302430e+06   3.7292480e+01
   5.9303710e+06   5.9814453e+01
   5.9303900e+06   4.0954590e+01
   5.9304880e+06   3.9916992e+01
   5.9305270e+06   3.9916992e+01
   5.9305580e+06   3.6071777e+01
   5.9306260e+06   3.3020020e+01
   5.9306980e+06   4.4006348e+01
   5.9308680e+06   3.9245605e+01
   5.9310680e+06   3.4057617e+01
   5.9312600e+06   3.5156250e+01
   5.9313710e+06   3.4057617e+01
   5.9320400e+06   3.6804199e+01
   5.9745360e+06   3.3203125e+01
   5.9764800e+06   3.3325195e+01
   5.9780390e+06   3.3935547e+01
   5.9780900e+06   6.0302734e+01
   5.9781410e+06   5.3100586e+01
   5.9782220e+06   3.6376953e+01
   5.9782480e+06   6.0241699e+01
   5.9782690e+06   3.6193848e+01
   5.9783030e+06   3.4606934e+01
   5.9783690e+06   4.6386719e+01
   5.9783960e+06   3.4301758e+01
   5.9786140e+06   5.3894043e+01
   5.9788300e+06   4.7424316e+01
   5.9790800e+06   4.8583984e+01
   5.9792280e+06   3.6193848e+01
   5.9793250e+06   3.3447266e+01
   5.9793870e+06   4.1870117e+01
   5.9794060e+06   3.3752441e+01
   5.9794370e+06   3.4362793e+01
   5.9795830e+06   3.5339355e+01
   5.9797340e+06   3.5583496e+01
   5.9964590e+06   4.2724609e+01
   6.0101400e+06   3.6376953e+01
   6.0216350e+06   6.9580078e+01
   6.0217290e+06   6.0607910e+01
   6.0217520e+06   3.6132812e+01
   6.0218120e+06   3.7231445e+01
   6.0218510e+06   4.9011230e+01
   6.0219300e+06   5.8776855e+01
   6.0219650e+06   3.3447266e+01
   6.0220860e+06   4.1748047e+01
   6.0221780e+06   3.4362793e+01
   6.0221880e+06   4.9316406e+01
   6.0223130e+06   3.3508301e+01
   6.0224110e+06   5.5053711e+01
   6.0224270e+06   3.2897949e+01
   6.0224890e+06   4.2602539e+01
   6.0227170e+06   3.9428711e+01
   6.0227740e+06   3.5705566e+01
   6.0231410e+06   3.4362793e+01
   6.0242560e+06   3.5461426e+01
   6.0246540e+06   3.2958984e+01
   6.0504950e+06   3.5522461e+01
   6.0505610e+06   6.0668945e+01
   6.0506340e+06   3.7902832e+01
   6.0506910e+06   4.9133301e+01
   6.0507270e+06   3.6682129e+01
   6.0508260e+06   4.3273926e+01
   6.0508540e+06   3.8208008e+01
   6.0508990e+06   5.4260254e+01
   6.0509140e+06   4.0710449e+01
   6.0509850e+06   4.0100098e+01
   6.0511500e+06   3.7292480e+01
   6.0512170e+06   4.3640137e+01
   6.0515610e+06   6.0913086e+01
   6.0516580e+06   3.8269043e+01
   6.0518320e+06   3.4545898e+01
   6.0519510e+06   3.4912109e+01
   6.0795380e+06   4.9560547e+01
   6.0795610e+06   6.3781738e+01
   6.0796590e+06   3.3874512e+01
   6.0797050e+06   6.3964844e+01
   6.0797570e+06   4.4433594e+01
   6.0798360e+06   3.6987305e+01
   6.0798810e+06   3.3874512e+01
   6.0799690e+06   5.3100586e+01
   6.0800590e+06   3.3447266e+01
   6.0800880e+06   5.5419922e+01
   6.0801030e+06   4.7729492e+01
   6.0801310e+06   3.3264160e+01
   6.0804100e+06   4.7973633e+01
   6.0804900e+06   5.8837891e+01
   6.0807610e+06   3.9916992e+01
   6.0814140e+06   3.3142090e+01
   6.0950380e+06   3.3935547e+01
   6.1095710e+06   3.3508301e+01
   6.1106030e+06   5.9387207e+01
   6.1106860e+06   6.5368652e+01
   6.1106980e+06   3.8696289e+01
   6.1108030e+06   3.3447266e+01
   6.1108360e+06   3.5583496e+01
   6.1109120e+06   4.8889160e+01
   6.1109720e+06   4.5593262e+01
   6.1111050e+06   3.7475586e+01
   6.1111920e+06   3.5705566e+01
   6.1112130e+06   4.4067383e+01
   6.1112590e+06   3.4545898e+01
   6.1113170e+06   3.8208008e+01
   6.1114390e+06   4.9194336e+01
   6.1115620e+06   4.5043945e+01
   6.1117550e+06   3.6193848e+01
   6.1118770e+06   4.3884277e+01
   6.1119100e+06   4.5349121e+01
   6.1408010e+06   3.8330078e+01
   6.1408160e+06   6.0058594e+01
   6.1409510e+06   4.0527344e+01
   6.1410130e+06   6.7749023e+01
   6.1410330e+06   4.7241211e+01
   6.1411790e+06   4.0588379e+01
   6.1411930e+06   4.1809082e+01
   6.1412980e+06   4.6447754e+01
   6.1413250e+06   4.3334961e+01
   6.1413740e+06   3.5888672e+01
   6.1414570e+06   3.3691406e+01
   6.1416170e+06   5.2307129e+01
   6.1417010e+06   4.2297363e+01
   6.1419900e+06   3.5522461e+01
   6.1421360e+06   3.6682129e+01
   6.1573830e+06   3.5034180e+01
   6.1706100e+06   3.5156250e+01
   6.1714550e+06   3.4851074e+01
   6.1719400e+06   3.4606934e+01
   6.1719690e+06   6.4331055e+01
   6.1721080e+06   5.3649902e+01
   6.1721280e+06   5.1391602e+01
   6.1721550e+06   5.7922363e+01
   6.1722280e+06   3.7353516e+01
   6.1722880e+06   5.1818848e+01
   6.1723770e+06   3.3691406e+01
   6.1724150e+06   4.3273926e+01
   6.1724440e+06   4.2236328e+01
   6.1725150e+06   3.4362793e+01
   6.1726100e+06   4.8095703e+01
   6.1726260e+06   3.3996582e+01
   6.1727740e+06   3.8269043e+01
   6.1728420e+06   5.5114746e+01
   6.1730190e+06   4.3762207e+01
   6.1730920e+06   4.6203613e+01
   6.2018990e+06   3.4790039e+01
   6.2027380e+06   3.3447266e+01
   6.2030560e+06   3.3630371e+01
   6.2032330e+06   5.0842285e+01
   6.2032890e+06   3.2958984e+01
   6.2033590e+06   5.0598145e+01
   6.2033760e+06   4.6691895e+01
   6.2033980e+06   3.5522461e+01
   6.2035280e+06   5.3344727e+01
   6.2036170e+06   4.9316406e+01
   6.2037200e+06   3.4240723e+01
   6.2039290e+06   4.2358398e+01
   6.2039940e+06   6.7993164e+01
   6.2184890e+06   3.4973145e+01
   6.2196610e+06   3.3386230e+01
   6.2363900e+06   4.6630859e+01
   6.2365120e+06   4.4860840e+01
   6.2365250e+06   6.6772461e+01
   6.2365480e+06   3.4362793e+01
   6.2366910e+06   4.1320801e+01
   6.2367600e+06   4.3029785e+01
   6.2368150e+06   4.3395996e+01
   6.2368660e+06   3.8635254e+01
   6.2370230e+06   4.1259766e+01
   6.2370480e+06   5.3894043e+01
   6.2371400e+06   3.3935547e+01
   6.2372350e+06   3.6987305e+01
   6.2372980e+06   4.6752930e+01
   6.2375960e+06   3.4484863e+01
   6.2376190e+06   5.2978516e+01
   6.2379090e+06   3.3996582e+01
   6.2544750e+06   3.4423828e+01
   6.2699890e+06   3.4118652e+01
   6.2707250e+06   3.4301758e+01
   6.3204210e+06   3.5888672e+01
   6.3975500e+06   3.2897949e+01
   6.4232890e+06   3.3691406e+01
   6.4321780e+06   3.3264160e+01
   6.4643850e+06   3.3691406e+01
   6.4759160e+06   3.3996582e+01
   6.5119320e+06   3.3508301e+01
   6.5919320e+06   3.4362793e+01
   6.6003570e+06   3.4423828e+01
   6.6612210e+06   3.4545898e+01
   6.6726780e+06   3.5461426e+01
   6.7104890e+06   3.3691406e+01
   6.7314900e+06   3.4484863e+01
   6.7318710e+06   3.3264160e+01
   6.7498690e+06   3.6682129e+01
   6.7531300e+06   3.4912109e+01
   6.7645460e+06   4.1809082e+01
   6.7684990e+06   3.2897949e+01
   6.7746440e+06   3.6926270e+01
   6.7834230e+06   3.3935547e+01
   6.7917280e+06   4.0588379e+01
   6.7968210e+06   3.5644531e+01
   6.8167620e+06   3.5278320e+01
   6.8262230e+06   3.5339355e+01
   6.8430640e+06   3.4851074e+01
   6.8461410e+06   3.4057617e+01
   6.8596990e+06   3.6682129e+01
   6.8898170e+06   3.4484863e+01
   6.9028870e+06   3.6376953e+01
   6.9104700e+06   3.7597656e+01
   6.9121250e+06   3.3508301e+01
   6.9532520e+06   3.9489746e+01
   6.9763230e+06   3.5888672e+01
   6.9794620e+06   3.5278320e+01
   6.9947390e+06   3.4179688e+01
   7.0149520e+06   3.5888672e+01
   7.0223630e+06   3.3752441e+01
   7.0290000e+06   3.7170410e+01
   7.0791380e+06   3.4606934e+01
   7.0999350e+06   3.3691406e+01
   7.1020400e+06   3.3325195e+01
   7.1428940e+06   3.3630371e+01
   7.1548330e+06   3.3630371e+01
   7.1633830e+06   3.3752441e+01
   7.1635470e+06   3.3203125e+01
   7.1687280e+06   3.3142090e+01
   7.1881750e+06   3.3447266e+01
   7.2044870e+06   3.2897949e+01
   7.2216260e+06   3.2958984e+01
   7.2319520e+06   3.2958984e+01
   7.2476070e+06   3.2958984e+01
   7.2586750e+06   4.1992188e+01
   7.2769030e+06   3.3752441e+01
   7.2907720e+06   3.7414551e+01
   7.3363210e+06   3.2653809e+01
   7.3438120e+06   3.4545898e+01
   7.3658010e+06   3.3996582e+01
   7.3882200e+06   3.2531738e+01
   7.4050520e+06   3.2348633e+01
   7.4269310e+06   3.2592773e+01
   7.4359900e+06   3.3447266e+01
   7.4393750e+06   3.4912109e+01
   7.4469300e+06   3.9001465e+01
   7.4717090e+06   3.8208008e+01
   7.4902970e+06   3.4606934e+01
   7.4989880e+06   3.4179688e+01
   7.5166980e+06   3.3081055e+01
   7.5297570e+06   3.4118652e+01
   7.5409200e+06   3.4912109e+01
   7.5799030e+06   3.4912109e+01
   7.6242790e+06   3.6193848e+01
   7.6302810e+06   4.0405273e+01
   7.6596250e+06   6.9030762e+01
   7.6596550e+06   3.8879395e+01
   7.6596770e+06   5.7739258e+01
   7.6597000e+06   5.4748535e+01
   7.6597230e+06   4.1320801e+01
   7.6598130e+06   4.5349121e+01
   7.6598250e+06   4.3518066e+01
   7.6599400e+06   3.8208008e+01
   7.6599620e+06   4.0527344e+01
   7.6601250e+06   4.3457031e+01
   7.6605510e+06   4.3212891e+01
   7.6607790e+06   7.5927734e+01
   7.6610310e+06   4.7180176e+01
   7.6610550e+06   3.4423828e+01
   7.6612690e+06   4.4860840e+01
   7.6612900e+06   5.3588867e+01
   7.6614160e+06   3.8269043e+01
   7.6615030e+06   3.5034180e+01
   7.6615210e+06   4.4433594e+01
   7.6616920e+06   3.5522461e+01
   7.6617520e+06   3.7231445e+01
   7.6619030e+06   3.2836914e+01
   7.6620560e+06   4.9316406e+01
   7.6623340e+06   3.8085938e+01
   7.6625140e+06   3.4179688e+01
   7.6627590e+06   4.6569824e+01
   7.6629270e+06   3.4118652e+01
   7.6629990e+06   3.5644531e+01
   7.6632590e+06   3.2531738e+01
   7.6751410e+06   3.6254883e+01
   7.6784170e+06   3.2348633e+01
   7.6806700e+06   3.5827637e+01
   7.6813090e+06   3.4301758e+01
   7.6815610e+06   4.7485352e+01
   7.6825110e+06   5.7678223e+01
   7.6840480e+06   6.2927246e+01
   7.6840670e+06   3.7841797e+01
   7.6840890e+06   5.1513672e+01
   7.6842060e+06   4.0283203e+01
   7.6843330e+06   3.6010742e+01
   7.6844110e+06   5.4138184e+01
   7.6844760e+06   3.8085938e+01
   7.6845980e+06   4.2358398e+01
   7.6847830e+06   5.4382324e+01
   7.6850910e+06   4.0954590e+01
   7.6852350e+06   3.7597656e+01
   7.6854960e+06   4.0832520e+01
   7.6859140e+06   3.3874512e+01
   7.7327650e+06   3.5583496e+01
   7.7350940e+06   3.6804199e+01
   7.7355370e+06   5.3100586e+01
   7.7358460e+06   4.0893555e+01
   7.7358660e+06   5.2246094e+01
   7.7361340e+06   4.1015625e+01
   7.7361770e+06   4.6875000e+01
   7.7362150e+06   5.9020996e+01
   7.7362780e+06   3.4912109e+01
   7.7363650e+06   3.3325195e+01
   7.7363790e+06   4.7241211e+01
   7.7364020e+06   3.5705566e+01
   7.7364520e+06   4.3518066e+01
   7.7364830e+06   3.4729004e+01
   7.7364970e+06   4.7912598e+01
   7.7366000e+06   3.3020020e+01
   7.7367080e+06   5.0354004e+01
   7.7367300e+06   3.3508301e+01
   7.7369270e+06   5.0964355e+01
   7.7370140e+06   3.7963867e+01
   7.7371350e+06   3.5888672e+01
   7.7371970e+06   3.7353516e+01
   7.7372300e+06   3.3264160e+01
   7.7372740e+06   3.3325195e+01
   7.7373560e+06   3.2836914e+01
   7.7373690e+06   3.4667969e+01
   7.7375380e+06   4.4128418e+01
   7.7375690e+06   3.4790039e+01
   7.7381870e+06   3.3020020e+01
   7.7611070e+06   5.8959961e+01
   7.7611790e+06   4.9499512e+01
   7.7612140e+06   3.7292480e+01
   7.7612770e+06   3.8757324e+01
   7.7613210e+06   4.0222168e+01
   7.7614330e+06   5.5969238e+01
   7.7615580e+06   3.3142090e+01
   7.7616000e+06   3.3691406e+01
   7.7616540e+06   4.5654297e+01
   7.7617270e+06   3.2470703e+01
   7.7619370e+06   7.2021484e+01
   7.7621410e+06   3.5400391e+01
   7.7622130e+06   4.1687012e+01
   7.7623830e+06   3.4667969e+01
   7.7624430e+06   3.2775879e+01
   7.7630690e+06   3.5034180e+01
   7.7633280e+06   3.8024902e+01
   7.7662490e+06   3.2470703e+01
   7.7815600e+06   3.8818359e+01
   7.7834430e+06   3.7353516e+01
   7.7834720e+06   5.0964355e+01
   7.7835250e+06   3.3813477e+01
   7.7836340e+06   5.0781250e+01
   7.7836590e+06   5.1513672e+01
   7.7836750e+06   3.8818359e+01
   7.7837890e+06   4.0710449e+01
   7.7838370e+06   3.7841797e+01
   7.7838960e+06   4.9743652e+01
   7.7839660e+06   4.0588379e+01
   7.7841320e+06   3.6071777e+01
   7.7841920e+06   4.1748047e+01
   7.7843730e+06   3.4423828e+01
   7.7845050e+06   4.4799805e+01
   7.7845850e+06   3.4423828e+01
   7.7847480e+06   5.2612305e+01
   7.7853210e+06   3.4729004e+01
   7.8061700e+06   3.4484863e+01
   7.8203330e+06   3.4851074e+01
   7.8203670e+06   6.3842773e+01
   7.8204100e+06   4.6997070e+01
   7.8204510e+06   4.0283203e+01
   7.8205120e+06   7.8979492e+01
   7.8205520e+06   3.8330078e+01
   7.8206270e+06   4.1564941e+01
   7.8206710e+06   3.6376953e+01
   7.8206980e+06   4.8583984e+01
   7.8207600e+06   4.1931152e+01
   7.8207810e+06   3.2653809e+01
   7.8209170e+06   3.3325195e+01
   7.8209540e+06   5.3161621e+01
   7.8210800e+06   4.2846680e+01
   7.8211440e+06   4.6752930e+01
   7.8214280e+06   3.3203125e+01
   7.8215710e+06   5.9875488e+01
   7.8217150e+06   3.3569336e+01
   7.8219170e+06   3.5461426e+01
   7.8219380e+06   3.4057617e+01
   7.8388740e+06   3.3996582e+01
   7.8395960e+06   3.3752441e+01
   7.8409490e+06   4.4433594e+01
   7.8414090e+06   3.8024902e+01
   7.8415640e+06   5.7800293e+01
   7.8416200e+06   4.5410156e+01
   7.8417670e+06   4.6508789e+01
   7.8419320e+06   4.7424316e+01
   7.8419790e+06   5.3100586e+01
   7.8422060e+06   5.9326172e+01
   7.8424460e+06   3.5400391e+01
   7.8425560e+06   3.4057617e+01
   7.8427610e+06   3.2409668e+01
   7.8428390e+06   3.5034180e+01
   7.8604520e+06   3.6010742e+01
   7.8610370e+06   3.6682129e+01
   7.8611400e+06   3.4851074e+01
   7.8616360e+06   3.4851074e+01
   7.8617830e+06   3.7231445e+01
   7.8617990e+06   6.1157227e+01
   7.8618640e+06   3.9978027e+01
   7.8619730e+06   6.0180664e+01
   7.8620020e+06   3.4057617e+01
   7.8621060e+06   3.2592773e+01
   7.8621310e+06   4.1870117e+01
   7.8621530e+06   3.8879395e+01
   7.8623130e+06   3.9123535e+01
   7.8623810e+06   3.3874512e+01
   7.8624800e+06   4.0405273e+01
   7.8625210e+06   4.7058105e+01
   7.8625570e+06   3.3691406e+01
   7.8626860e+06   3.9489746e+01
   7.8628550e+06   9.2834473e+01
   7.8630480e+06   3.5400391e+01
   7.8793700e+06   4.0344238e+01
   7.8824490e+06   3.3813477e+01
   7.8826520e+06   3.4301758e+01
   7.8827280e+06   5.5358887e+01
   7.8828150e+06   4.7729492e+01
   7.8829120e+06   4.5715332e+01
   7.8830880e+06   4.4067383e+01
   7.8832180e+06   3.9062500e+01
   7.8832600e+06   3.4179688e+01
   7.8832790e+06   3.5766602e+01
   7.8835230e+06   4.5654297e+01
   7.8836320e+06   5.3955078e+01
   7.9028530e+06   3.3691406e+01
   7.9031000e+06   4.7302246e+01
   7.9031300e+06   3.4057617e+01
   7.9031660e+06   6.1035156e+01
   7.9032010e+06   3.5949707e+01
   7.9033070e+06   3.8635254e+01
   7.9033300e+06   4.8034668e+01
   7.9034250e+06   3.2653809e+01
   7.9034890e+06   6.2316895e+01
   7.9036230e+06   3.4118652e+01
   7.9036450e+06   3.9916992e+01
   7.9038240e+06   3.6926270e+01
   7.9038920e+06   5.5053711e+01
   7.9041550e+06   4.7363281e+01
   7.9041740e+06   4.1442871e+01
   7.9044640e+06   3.3264160e+01
   7.9227170e+06   3.3142090e+01
   7.9229080e+06   3.4057617e+01
   7.9229990e+06   3.9245605e+01
   7.9231560e+06   4.6997070e+01
   7.9232290e+06   5.1269531e+01
   7.9232480e+06   3.3874512e+01
   7.9233510e+06   4.8278809e+01
   7.9235070e+06   4.0649414e+01
   7.9235290e+06   4.6203613e+01
   7.9236440e+06   4.4799805e+01
   7.9237730e+06   4.6325684e+01
   7.9239460e+06   4.1503906e+01
   7.9393410e+06   3.3813477e+01
   7.9416770e+06   3.3630371e+01
   7.9417560e+06   5.4687500e+01
   7.9417950e+06   4.5227051e+01
   7.9418450e+06   3.3508301e+01
   7.9419330e+06   4.2907715e+01
   7.9419820e+06   5.1818848e+01
   7.9420810e+06   3.4179688e+01
   7.9421360e+06   5.2185059e+01
   7.9421780e+06   4.6936035e+01
   7.9421880e+06   3.5644531e+01
   7.9423140e+06   3.2653809e+01
   7.9424240e+06   4.8156738e+01
   7.9425170e+06   3.7231445e+01
   7.9427660e+06   4.2968750e+01
   7.9431780e+06   3.2531738e+01
   7.9634940e+06   3.4790039e+01
   7.9640680e+06   3.7414551e+01
   7.9641770e+06   5.3222656e+01
   7.9643590e+06   3.4240723e+01
   7.9643810e+06   4.6691895e+01
   7.9644710e+06   7.3669434e+01
   7.9645770e+06   4.2663574e+01
   7.9646110e+06   3.7292480e+01
   7.9648180e+06   5.6823730e+01
   7.9648760e+06   3.6315918e+01
   7.9650030e+06   4.3395996e+01
   7.9651750e+06   4.2114258e+01
   7.9660320e+06   3.3386230e+01
   7.9833270e+06   3.3020020e+01
   7.9836340e+06   3.3264160e+01
   7.9837950e+06   5.2612305e+01
   7.9838350e+06   5.8837891e+01
   7.9838740e+06   3.8574219e+01
   7.9840410e+06   5.1513672e+01
   7.9841290e+06   5.2551270e+01
   7.9842380e+06   3.3142090e+01
   7.9842980e+06   5.5114746e+01
   7.9846620e+06   4.2419434e+01
   8.0056260e+06   3.5766602e+01
   8.0057420e+06   6.5917969e+01
   8.0057700e+06   4.1564941e+01
   8.0057940e+06   4.7058105e+01
   8.0058110e+06   3.4729004e+01
   8.0059450e+06   4.2968750e+01
   8.0061510e+06   4.8034668e+01
   8.0061860e+06   3.8330078e+01
   8.0062090e+06   3.9184570e+01
   8.0063660e+06   4.7668457e+01
   8.0065680e+06   4.8583984e+01
   8.0066380e+06   4.1625977e+01
   8.0071570e+06   4.2175293e+01
   8.0294990e+06   4.2785645e+01
   8.0296050e+06   5.8227539e+01
   8.0296170e+06   5.3894043e+01
   8.0296620e+06   5.4199219e+01
   8.0297300e+06   3.3508301e+01
   8.0298860e+06   3.6560059e+01
   8.0299070e+06   4.4250488e+01
   8.0299200e+06   4.2480469e+01
   8.0300480e+06   3.3935547e+01
   8.0301660e+06   4.6752930e+01
   8.0301810e+06   4.2907715e+01
   8.0303490e+06   3.5705566e+01
   8.0489210e+06   3.3386230e+01
   8.0506250e+06   4.1870117e+01
   8.0507610e+06   6.1523438e+01
   8.0507720e+06   4.8645020e+01
   8.0508690e+06   4.8034668e+01
   8.0509230e+06   3.8208008e+01
   8.0509370e+06   5.7922363e+01
   8.0511440e+06   4.7546387e+01
   8.0511800e+06   3.9794922e+01
   8.0512830e+06   3.7414551e+01
   8.0514270e+06   3.6315918e+01
   8.0514480e+06   3.2592773e+01
   8.0515430e+06   3.4973145e+01
   8.0516360e+06   3.2348633e+01
   8.0722410e+06   3.5400391e+01
   8.0730980e+06   3.2836914e+01
   8.0736760e+06   3.4606934e+01
   8.0737970e+06   5.4504395e+01
   8.0738510e+06   3.7231445e+01
   8.0739870e+06   5.1452637e+01
   8.0740400e+06   3.9794922e+01
   8.0741570e+06   4.5654297e+01
   8.0742400e+06   4.7485352e+01
   8.0745000e+06   4.4311523e+01
   8.0746360e+06   3.3935547e+01
   8.0747420e+06   3.4301758e+01
   8.0747590e+06   3.3935547e+01
   8.0749190e+06   3.2775879e+01
   8.0957520e+06   3.7841797e+01
   8.0958480e+06   5.6091309e+01
   8.0958710e+06   3.2897949e+01
   8.0958890e+06   4.1259766e+01
   8.0959530e+06   3.6621094e+01
   8.0960450e+06   6.0546875e+01
   8.0960830e+06   3.3569336e+01
   8.0961720e+06   4.4555664e+01
   8.0962880e+06   4.8767090e+01
   8.0963110e+06   3.7963867e+01
   8.0965440e+06   3.4912109e+01
   8.1224630e+06   3.3569336e+01
   8.1234170e+06   3.4423828e+01
   8.1234280e+06   4.1015625e+01
   8.1234430e+06   5.6579590e+01
   8.1235710e+06   5.5908203e+01
   8.1236180e+06   4.3945312e+01
   8.1236930e+06   4.5776367e+01
   8.1237570e+06   4.8156738e+01
   8.1239450e+06   4.7851562e+01
   8.1241440e+06   4.2541504e+01
   8.1251620e+06   3.3752441e+01
   8.1516380e+06   3.2775879e+01
   8.1532280e+06   3.5583496e+01
   8.1535220e+06   3.9916992e+01
   8.1537920e+06   3.5278320e+01
   8.1538500e+06   5.4016113e+01
   8.1538850e+06   5.7006836e+01
   8.1539510e+06   3.6254883e+01
   8.1540190e+06   5.3161621e+01
   8.1540860e+06   3.4545898e+01
   8.1541670e+06   4.5593262e+01
   8.1545050e+06   3.7902832e+01
   8.1545430e+06   3.9978027e+01
   8.1547130e+06   3.5583496e+01
   8.1856090e+06   3.2592773e+01
   8.1873070e+06   3.3142090e+01
   8.2189320e+06   3.3813477e+01
   8.2673350e+06   3.4545898e+01
   8.2878490e+06   3.5461426e+01
   8.3144600e+06   3.6437988e+01
   8.3873980e+06   3.6926270e+01
   8.4233240e+06   3.3508301e+01
   8.4973680e+06   3.4606934e+01
   8.5040210e+06   3.8574219e+01
   8.5123380e+06   3.2714844e+01
   8.5339760e+06   3.3752441e+01
   8.5760490e+06   3.6621094e+01
   8.6009610e+06   3.6804199e+01
   8.6428270e+06   3.5888672e+01
   8.6486860e+06   3.8146973e+01
   8.6530660e+06   3.4606934e+01
   8.6790650e+06   3.9916992e+01
   8.6859910e+06   5.0170898e+01
   8.6860080e+06   4.8522949e+01
   8.6860390e+06   5.3894043e+01
   8.6860780e+06   5.2124023e+01
   8.6861130e+06   3.8696289e+01
   8.6862330e+06   6.5979004e+01
   8.6863910e+06   3.3752441e+01
   8.6864810e+06   3.3691406e+01
   8.6865850e+06   5.7128906e+01
   8.6868120e+06   3.8635254e+01
   8.6870340e+06   3.9367676e+01
   8.6872580e+06   3.5095215e+01
   8.6872860e+06   3.6560059e+01
   8.6874850e+06   3.2775879e+01
   8.6875620e+06   4.3457031e+01
   8.6877760e+06   4.3334961e+01
   8.6878510e+06   4.6386719e+01
   8.6879120e+06   3.6682129e+01
   8.6882550e+06   5.0231934e+01
   8.6883410e+06   3.6376953e+01
   8.6884100e+06   3.6560059e+01
   8.6887870e+06   3.8879395e+01
   8.6895490e+06   4.0344238e+01
   8.6901270e+06   3.5522461e+01
   8.6918280e+06   3.2775879e+01
   8.6988740e+06   4.0222168e+01
   8.6991800e+06   3.3752441e+01
   8.6993890e+06   3.3935547e+01
   8.7024890e+06   3.8208008e+01
   8.7029780e+06   3.3203125e+01
   8.7035640e+06   3.5522461e+01
   8.7040630e+06   3.6010742e+01
   8.7055430e+06   3.5400391e+01
   8.7280460e+06   4.0283203e+01
   8.7587130e+06   3.9550781e+01
   8.7652210e+06   3.5888672e+01
   8.7816920e+06   3.6193848e+01
   8.7902180e+06   3.4729004e+01
   8.7935920e+06   3.2958984e+01
   8.8055310e+06   3.3691406e+01
   8.8383440e+06   3.2897949e+01
   8.8563080e+06   3.4484863e+01
   8.8709260e+06   3.8269043e+01
   8.8762480e+06   3.5339355e+01
   8.8859400e+06   3.3142090e+01
   8.9152500e+06   3.4729004e+01
   8.9299220e+06   3.3203125e+01
   8.9609070e+06   3.5827637e+01
   9.0034390e+06   3.4057617e+01
   9.0101020e+06   3.6499023e+01
   9.0699830e+06   3.3447266e+01
   9.1140410e+06   3.4729004e+01
   9.1223590e+06   3.6682129e+01
   9.1258660e+06   3.4667969e+01
   9.1381430e+06   3.4423828e+01
   9.1662430e+06   3.7963867e+01
   9.1686230e+06   3.6987305e+01
   9.1912780e+06   3.5095215e+01
   9.2183410e+06   3.3508301e+01
   9.2269870e+06   3.3630371e+01
   9.2284090e+06   3.6315918e+01
   9.2328850e+06   3.3264160e+01
   9.2579400e+06   3.6560059e+01
   9.2611940e+06   3.6071777e+01
   9.2748750e+06   3.7353516e+01
   9.2944390e+06   3.5827637e+01
   9.3048340e+06   3.2775879e+01
   9.3280580e+06   3.4179688e+01
   9.3490990e+06   3.3935547e+01
   9.3571480e+06   3.2653809e+01
   9.3631060e+06   3.3264160e+01
   9.4102450e+06   3.7658691e+01
   9.4130100e+06   3.3386230e+01
   9.4345030e+06   3.4423828e+01
   9.4584670e+06   3.3569336e+01
   9.4672230e+06   3.6010742e+01
   9.4699040e+06   3.3508301e+01
   9.4870100e+06   4.1137695e+01
   9.5088160e+06   3.5217285e+01
   9.5177180e+06   3.3203125e+01
   9.5231140e+06   3.4606934e+01
   9.5341810e+06   3.2592773e+01
   9.5567390e+06   3.5827637e+01
   9.5659760e+06   3.6499023e+01
   9.5878920e+06   6.6894531e+01
   9.5879090e+06   4.9316406e+01
   9.5879480e+06   5.0354004e+01
   9.5879760e+06   5.6457520e+01
   9.5880770e+06   4.4250488e+01
   9.5882020e+06   3.4057617e+01
   9.5882170e+06   3.5888672e+01
   9.5882900e+06   3.2836914e+01
   9.5883750e+06   3.9978027e+01
   9.5888180e+06   3.5766602e+01
   9.5888830e+06   4.4189453e+01
   9.5889940e+06   3.3081055e+01
   9.5891230e+06   5.1208496e+01
   9.5892490e+06   3.4301758e+01
   9.5893250e+06   3.4057617e+01
   9.5893430e+06   4.0649414e+01
   9.5895180e+06   3.2775879e+01
   9.5895810e+06   3.8452148e+01
   9.5895940e+06   4.8400879e+01
   9.5896600e+06   4.0344238e+01
   9.5897750e+06   4.1564941e+01
   9.5898640e+06   4.5288086e+01
   9.5900860e+06   3.6804199e+01
   9.5901780e+06   3.9001465e+01
   9.5903250e+06   3.2958984e+01
   9.5904440e+06   3.5827637e+01
   9.5910410e+06   3.3813477e+01
   9.5911500e+06   3.3447266e+01
   9.5912520e+06   3.4301758e+01
   9.5914970e+06   3.2958984e+01
   9.5917300e+06   3.4484863e+01
   9.5923290e+06   3.9794922e+01
   9.5926440e+06   3.6437988e+01
   9.6033990e+06   4.9011230e+01
   9.6037030e+06   3.3813477e+01
   9.6043310e+06   4.4128418e+01
   9.6052790e+06   4.4982910e+01
   9.6058420e+06   5.7739258e+01
   9.6058740e+06   3.5827637e+01
   9.6059460e+06   3.6560059e+01
   9.6060380e+06   4.2602539e+01
   9.6060490e+06   3.3630371e+01
   9.6061750e+06   4.3579102e+01
   9.6061930e+06   4.0832520e+01
   9.6063640e+06   4.1442871e+01
   9.6063930e+06   3.7658691e+01
   9.6065490e+06   3.6621094e+01
   9.6066080e+06   3.3203125e+01
   9.6067130e+06   4.2175293e+01
   9.6068730e+06   4.4006348e+01
   9.6072410e+06   4.1076660e+01
   9.6078100e+06   3.3020020e+01
   9.6080310e+06   3.6254883e+01
   9.6091580e+06   4.0405273e+01
   9.6094910e+06   3.8024902e+01
   9.6101960e+06   3.3691406e+01
   9.6105020e+06   3.2897949e+01
   9.6110870e+06   3.7292480e+01
   9.6115560e+06   3.2836914e+01
   9.6634210e+06   3.5278320e+01
   9.6830280e+06   3.9550781e+01
   9.6854090e+06   3.5827637e+01
   9.7004880e+06   3.8085938e+01
   9.7016990e+06   3.2714844e+01
   9.7320410e+06   4.3212891e+01
   9.7678220e+06   3.6926270e+01
   9.7875280e+06   3.2897949e+01
   9.7972940e+06   3.3630371e+01
   9.8238420e+06   3.6926270e+01
   9.8434960e+06   3.6743164e+01
   9.8761730e+06   3.3630371e+01
   9.8831610e+06   3.5095215e+01
   9.9546130e+06   3.4851074e+01
   9.9754610e+06   3.4606934e+01
   1.0006257e+07   4.1259766e+01
   1.0006837e+07   3.3203125e+01
   1.0007160e+07   3.3813477e+01
   1.0056060e+07   3.9367676e+01
   1.0061767e+07   3.3569336e+01
   1.0088396e+07   3.9916992e+01
   1.0095826e+07   3.6804199e+01
   1.0107206e+07   3.8208008e+01
   1.0147348e+07   3.3508301e+01
   1.0190598e+07   3.3386230e+01
   1.0191397e+07   3.9306641e+01
   1.0212338e+07   3.6560059e+01
   1.0291269e+07   3.7597656e+01
   1.0302310e+07   3.3630371e+01
   1.0366474e+07   3.3386230e+01
   1.0376684e+07   3.4729004e+01
   1.0387848e+07   3.7597656e+01
   1.0460608e+07   3.9550781e+01
   1.0463075e+07   3.6132812e+01
   1.0477229e+07   3.4179688e+01
   1.0477498e+07   3.7414551e+01
   1.0522903e+07   3.9367676e+01
   1.0536868e+07   3.4667969e+01
   1.0539448e+07   6.6162109e+01
   1.0539467e+07   5.0415039e+01
   1.0539496e+07   6.1401367e+01
   1.0539519e+07   4.8095703e+01
   1.0539532e+07   4.2175293e+01
   1.0539588e+07   3.3752441e+01
   1.0539627e+07   4.0588379e+01
   1.0539787e+07   3.7963867e+01
   1.0539945e+07   3.7536621e+01
   1.0540074e+07   3.4606934e+01
   1.0540104e+07   3.7719727e+01
   1.0540313e+07   4.7119141e+01
   1.0540524e+07   4.0100098e+01
   1.0540778e+07   4.4677734e+01
   1.0540932e+07   3.6010742e+01
   1.0540999e+07   4.2602539e+01
   1.0541094e+07   3.7780762e+01
   1.0541110e+07   3.9672852e+01
   1.0541252e+07   3.8208008e+01
   1.0541412e+07   4.2236328e+01
   1.0541577e+07   3.8024902e+01
   1.0541756e+07   4.1137695e+01
   1.0541793e+07   3.3081055e+01
   1.0541823e+07   5.0292969e+01
   1.0542020e+07   3.4423828e+01
   1.0542206e+07   4.5410156e+01
   1.0542263e+07   3.2836914e+01
   1.0542528e+07   5.0415039e+01
   1.0542998e+07   3.8574219e+01
   1.0543275e+07   3.5522461e+01
   1.0543568e+07   3.8635254e+01
   1.0543867e+07   4.5349121e+01
   1.0544163e+07   3.3386230e+01
   1.0549495e+07   3.4973145e+01
   1.0554062e+07   3.3203125e+01
   1.0554352e+07   4.9560547e+01
   1.0555334e+07   3.6315918e+01
   1.0556340e+07   3.4362793e+01
   1.0560074e+07   3.2653809e+01
   1.0561945e+07   4.0649414e+01
   1.0562245e+07   3.7536621e+01
   1.0562643e+07   4.0893555e+01
   1.0562707e+07   4.7241211e+01
   1.0562779e+07   6.3537598e+01
   1.0562867e+07   5.9265137e+01
   1.0562903e+07   4.1687012e+01
   1.0562961e+07   4.0588379e+01
   1.0563006e+07   4.8706055e+01
   1.0563050e+07   3.7719727e+01
   1.0563153e+07   3.4484863e+01
   1.0563169e+07   3.4484863e+01
   1.0563242e+07   3.9001465e+01
   1.0563381e+07   4.2663574e+01
   1.0563400e+07   3.3630371e+01
   1.0563546e+07   3.5217285e+01
   1.0563621e+07   3.9489746e+01
   1.0563695e+07   4.0100098e+01
   1.0563829e+07   3.2897949e+01
   1.0563896e+07   3.4362793e+01
   1.0563957e+07   3.5339355e+01
   1.0564101e+07   3.5217285e+01
   1.0564310e+07   4.3579102e+01
   1.0564595e+07   3.4362793e+01
   1.0564884e+07   3.3325195e+01
   1.0598854e+07   3.6743164e+01
   1.0598905e+07   5.4077148e+01
   1.0599107e+07   3.3630371e+01
   1.0599119e+07   3.7536621e+01
   1.0599225e+07   5.1269531e+01
   1.0599249e+07   4.4311523e+01
   1.0599270e+07   5.0659180e+01
   1.0599323e+07   3.4057617e+01
   1.0599405e+07   3.4790039e+01
   1.0599529e+07   3.3630371e+01
   1.0599550e+07   5.1025391e+01
   1.0599698e+07   3.6621094e+01
   1.0599708e+07   3.2592773e+01
   1.0599732e+07   3.5156250e+01
   1.0599802e+07   4.4860840e+01
   1.0599958e+07   3.8330078e+01
   1.0600140e+07   4.5043945e+01
   1.0600468e+07   3.8085938e+01
   1.0600730e+07   4.1748047e+01
   1.0601222e+07   3.3020020e+01
   1.0618068e+07   4.0954590e+01
   1.0633686e+07   5.5053711e+01
   1.0633733e+07   5.6457520e+01
   1.0633818e+07   4.0649414e+01
   1.0633841e+07   4.6813965e+01
   1.0633964e+07   3.8574219e+01
   1.0633997e+07   7.0007324e+01
   1.0634196e+07   4.0100098e+01
   1.0634265e+07   5.3344727e+01
   1.0634514e+07   4.7668457e+01
   1.0634530e+07   4.4067383e+01
   1.0634846e+07   4.1931152e+01
   1.0634928e+07   3.2958984e+01
   1.0635039e+07   3.8574219e+01
   1.0635248e+07   3.4912109e+01
   1.0635593e+07   3.6193848e+01
   1.0651346e+07   3.7414551e+01
   1.0652607e+07   3.7658691e+01
   1.0652669e+07   4.5654297e+01
   1.0652749e+07   4.1137695e+01
   1.0652884e+07   5.1147461e+01
   1.0652962e+07   3.9001465e+01
   1.0652976e+07   4.3945312e+01
   1.0653053e+07   7.4523926e+01
   1.0653164e+07   3.4423828e+01
   1.0653244e+07   4.3029785e+01
   1.0653284e+07   6.0180664e+01
   1.0653487e+07   4.6630859e+01
   1.0653568e+07   5.5236816e+01
   1.0653608e+07   3.4118652e+01
   1.0653725e+07   3.6926270e+01
   1.0653840e+07   3.4118652e+01
   1.0653878e+07   3.3752441e+01
   1.0654476e+07   5.5053711e+01
   1.0670076e+07   3.6254883e+01
   1.0671021e+07   3.3264160e+01
   1.0671194e+07   3.4667969e+01
   1.0671248e+07   4.2602539e+01
   1.0671301e+07   5.8898926e+01
   1.0671351e+07   4.4128418e+01
   1.0671405e+07   6.1340332e+01
   1.0671473e+07   4.6691895e+01
   1.0671489e+07   3.3752441e+01
   1.0671590e+07   3.3691406e+01
   1.0671654e+07   5.1330566e+01
   1.0671696e+07   4.1687012e+01
   1.0671864e+07   4.0222168e+01
   1.0671877e+07   5.4992676e+01
   1.0671987e+07   6.3415527e+01
   1.0672095e+07   3.3996582e+01
   1.0672114e+07   4.0649414e+01
   1.0672225e+07   3.9001465e+01
   1.0672371e+07   4.7973633e+01
   1.0672573e+07   3.7719727e+01
   1.0672616e+07   3.3569336e+01
   1.0672850e+07   3.2592773e+01
   1.0688080e+07   3.6193848e+01
   1.0688102e+07   5.3100586e+01
   1.0688242e+07   3.3142090e+01
   1.0688315e+07   4.8400879e+01
   1.0688337e+07   5.5908203e+01
   1.0688473e+07   3.3508301e+01
   1.0688515e+07   5.7495117e+01
   1.0688656e+07   5.2795410e+01
   1.0688720e+07   3.3386230e+01
   1.0688996e+07   4.5715332e+01
   1.0689162e+07   3.7902832e+01
   1.0689746e+07   3.7231445e+01
   1.0690179e+07   3.2775879e+01
   1.0704519e+07   6.6833496e+01
   1.0704568e+07   3.3203125e+01
   1.0704661e+07   4.6569824e+01
   1.0704672e+07   5.2062988e+01
   1.0704814e+07   3.7719727e+01
   1.0704917e+07   6.2194824e+01
   1.0704999e+07   4.4311523e+01
   1.0705171e+07   5.2917480e+01
   1.0705335e+07   4.6569824e+01
   1.0705386e+07   4.7729492e+01
   1.0705772e+07   3.9123535e+01
   1.0721655e+07   3.5095215e+01
   1.0721710e+07   3.4484863e+01
   1.0721803e+07   5.2062988e+01
   1.0721858e+07   3.5888672e+01
   1.0721883e+07   4.2663574e+01
   1.0721917e+07   4.4738770e+01
   1.0721960e+07   5.5786133e+01
   1.0722063e+07   3.8085938e+01
   1.0722125e+07   4.4921875e+01
   1.0722198e+07   6.7321777e+01
   1.0722291e+07   3.7902832e+01
   1.0722318e+07   3.3203125e+01
   1.0722575e+07   4.1809082e+01
   1.0722902e+07   3.4729004e+01
   1.0738121e+07   5.1757812e+01
   1.0738215e+07   5.0048828e+01
   1.0738288e+07   5.1879883e+01
   1.0738325e+07   5.3100586e+01
   1.0738510e+07   4.8767090e+01
   1.0738553e+07   5.8898926e+01
   1.0738633e+07   3.8818359e+01
   1.0738824e+07   4.4372559e+01
   1.0738944e+07   4.0710449e+01
   1.0739046e+07   3.4362793e+01
   1.0755361e+07   4.0405273e+01
   1.0755428e+07   5.5358887e+01
   1.0755458e+07   3.5644531e+01
   1.0755567e+07   5.2368164e+01
   1.0755577e+07   3.3447266e+01
   1.0755615e+07   5.8654785e+01
   1.0755854e+07   4.9377441e+01
   1.0755894e+07   4.9438477e+01
   1.0755978e+07   3.8330078e+01
   1.0756064e+07   3.8330078e+01
   1.0756151e+07   4.9987793e+01
   1.0756345e+07   5.3100586e+01
   1.0773209e+07   3.3630371e+01
   1.0773324e+07   5.4870605e+01
   1.0773393e+07   3.7597656e+01
   1.0773447e+07   5.4260254e+01
   1.0773503e+07   3.9489746e+01
   1.0773521e+07   3.3203125e+01
   1.0773642e+07   4.3945312e+01
   1.0773730e+07   5.5419922e+01
   1.0773845e+07   3.3081055e+01
   1.0773990e+07   4.1015625e+01
   1.0788585e+07   3.5827637e+01
   1.0789040e+07   3.3325195e+01
   1.0789075e+07   8.4167480e+01
   1.0789218e+07   4.2602539e+01
   1.0789242e+07   4.5898438e+01
   1.0789269e+07   4.9560547e+01
   1.0789532e+07   4.7302246e+01
   1.0789550e+07   5.4687500e+01
   1.0789564e+07   3.3630371e+01
   1.0789610e+07   3.2958984e+01
   1.0789783e+07   5.6945801e+01
   1.0790098e+07   3.4606934e+01
   1.0790209e+07   3.5095215e+01
   1.0790640e+07   3.3447266e+01
   1.0806680e+07   3.4423828e+01
   1.0806778e+07   6.1584473e+01
   1.0806894e+07   4.2480469e+01
   1.0806917e+07   3.5522461e+01
   1.0807012e+07   4.4799805e+01
   1.0807184e+07   4.6569824e+01
   1.0807238e+07   4.7973633e+01
   1.0807371e+07   3.8085938e+01
   1.0807504e+07   4.2846680e+01
   1.0807842e+07   3.5034180e+01
   1.0824244e+07   3.4118652e+01
   1.0824438e+07   5.4931641e+01
   1.0824485e+07   3.2836914e+01
   1.0824542e+07   4.2968750e+01
   1.0824621e+07   8.1665039e+01
   1.0824847e+07   5.2124023e+01
   1.0824901e+07   3.9306641e+01
   1.0825012e+07   5.0170898e+01
   1.0825217e+07   5.0781250e+01
   1.0825312e+07   3.5827637e+01
   1.0841121e+07   3.4057617e+01
   1.0841207e+07   3.3203125e+01
   1.0841307e+07   5.4809570e+01
   1.0841381e+07   4.0100098e+01
   1.0841449e+07   3.3935547e+01
   1.0841553e+07   6.6162109e+01
   1.0841653e+07   3.3386230e+01
   1.0841748e+07   3.4362793e+01
   1.0841764e+07   5.0781250e+01
   1.0841877e+07   3.4301758e+01
   1.0842007e+07   3.4606934e+01
   1.0842106e+07   3.3508301e+01
   1.0842137e+07   3.4667969e+01
   1.0857144e+07   3.3813477e+01
   1.0857213e+07   6.1157227e+01
   1.0857297e+07   4.7607422e+01
   1.0857349e+07   3.4179688e+01
   1.0857396e+07   3.3935547e+01
   1.0857445e+07   5.4992676e+01
   1.0857640e+07   3.6926270e+01
   1.0857801e+07   4.3579102e+01
   1.0857997e+07   3.6682129e+01
   1.0858193e+07   5.1635742e+01
   1.0875211e+07   3.6132812e+01
   1.0875617e+07   3.8391113e+01
   1.0875641e+07   3.9367676e+01
   1.0875681e+07   6.1096191e+01
   1.0875745e+07   3.6315918e+01
   1.0875765e+07   4.8828125e+01
   1.0875886e+07   5.4443359e+01
   1.0876086e+07   5.4138184e+01
   1.0876123e+07   5.1330566e+01
   1.0876243e+07   4.1076660e+01
   1.0876264e+07   3.8208008e+01
   1.0876481e+07   5.4077148e+01
   1.0877512e+07   3.5644531e+01
   1.0892875e+07   3.8757324e+01
   1.0893469e+07   7.5744629e+01
   1.0893493e+07   3.4057617e+01
   1.0893522e+07   3.6315918e+01
   1.0893687e+07   6.0607910e+01
   1.0893770e+07   3.4851074e+01
   1.0893886e+07   3.5278320e+01
   1.0893954e+07   6.0913086e+01
   1.0894090e+07   3.4301758e+01
   1.0894127e+07   4.2419434e+01
   1.0894588e+07   3.7048340e+01
   1.0911359e+07   5.4992676e+01
   1.0911444e+07   3.5766602e+01
   1.0911493e+07   5.3588867e+01
   1.0911567e+07   4.1809082e+01
   1.0911795e+07   4.6264648e+01
   1.0911842e+07   4.0893555e+01
   1.0912084e+07   3.7414551e+01
   1.0912259e+07   3.3935547e+01
   1.0930905e+07   3.3386230e+01
   1.0931158e+07   3.9306641e+01
   1.0931282e+07   5.3344727e+01
   1.0931364e+07   3.6010742e+01
   1.0931378e+07   4.2968750e+01
   1.0931476e+07   4.6691895e+01
   1.0931533e+07   3.7292480e+01
   1.0931658e+07   3.3874512e+01
   1.0931688e+07   3.5522461e+01
   1.0931717e+07   5.9875488e+01
   1.0931797e+07   4.0588379e+01
   1.0931991e+07   5.7861328e+01
   1.0947954e+07   3.4606934e+01
   1.0948419e+07   3.3630371e+01
   1.0948501e+07   3.3752441e+01
   1.0948555e+07   5.4199219e+01
   1.0948655e+07   4.5288086e+01
   1.0948739e+07   5.1940918e+01
   1.0948976e+07   4.7302246e+01
   1.0949018e+07   3.8146973e+01
   1.0949197e+07   3.4179688e+01
   1.0949301e+07   4.1809082e+01
   1.0949472e+07   3.4729004e+01
   1.0965478e+07   3.6193848e+01
   1.0965620e+07   5.9143066e+01
   1.0965635e+07   4.2907715e+01
   1.0965792e+07   4.5349121e+01
   1.0965817e+07   4.3457031e+01
   1.0965884e+07   3.7902832e+01
   1.0965944e+07   4.2541504e+01
   1.0966016e+07   5.3710938e+01
   1.0966063e+07   3.8208008e+01
   1.0966086e+07   3.6682129e+01
   1.0966343e+07   4.7302246e+01
   1.0966550e+07   3.5339355e+01
   1.0987200e+07   4.4921875e+01
   1.0987369e+07   3.3142090e+01
   1.0987388e+07   7.2509766e+01
   1.0987485e+07   4.6447754e+01
   1.0987526e+07   4.0527344e+01
   1.0987572e+07   3.8757324e+01
   1.0987587e+07   6.0180664e+01
   1.0987815e+07   4.9865723e+01
   1.0987898e+07   4.4250488e+01
   1.0988072e+07   3.3203125e+01
   1.0988130e+07   4.9621582e+01
   1.0988669e+07   3.4057617e+01
   1.1007183e+07   3.3752441e+01
   1.1007294e+07   3.7780762e+01
   1.1007378e+07   6.0668945e+01
   1.1007453e+07   4.7973633e+01
   1.1007588e+07   5.4199219e+01
   1.1007601e+07   3.7109375e+01
   1.1007722e+07   3.6682129e+01
   1.1007851e+07   4.2114258e+01
   1.1007917e+07   4.1931152e+01
   1.1007960e+07   3.3935547e+01
   1.1008044e+07   3.3752441e+01
   1.1008269e+07   3.4179688e+01
   1.1008363e+07   5.3955078e+01
   1.1025471e+07   4.3090820e+01
   1.1025496e+07   3.3569336e+01
   1.1025770e+07   3.6804199e+01
   1.1025820e+07   5.7800293e+01
   1.1026065e+07   5.2490234e+01
   1.1026090e+07   3.4484863e+01
   1.1026183e+07   4.6264648e+01
   1.1026246e+07   4.4311523e+01
   1.1026366e+07   3.8574219e+01
   1.1026433e+07   3.2897949e+01
   1.1026506e+07   4.6447754e+01
   1.1026691e+07   3.4729004e+01
   1.1045992e+07   3.4301758e+01
   1.1046910e+07   3.2714844e+01
   1.1047002e+07   3.8696289e+01
   1.1047067e+07   3.4667969e+01
   1.1047080e+07   5.5175781e+01
   1.1047192e+07   3.4667969e+01
   1.1047215e+07   4.0893555e+01
   1.1047276e+07   5.2490234e+01
   1.1047306e+07   4.8889160e+01
   1.1047347e+07   4.5593262e+01
   1.1047472e+07   4.3090820e+01
   1.1047515e+07   3.4667969e+01
   1.1047608e+07   4.8034668e+01
   1.1047829e+07   4.5898438e+01
   1.1047967e+07   3.8024902e+01
   1.1048338e+07   4.1381836e+01
   1.1071297e+07   3.9184570e+01
   1.1072251e+07   5.2185059e+01
   1.1072292e+07   3.4484863e+01
   1.1072350e+07   3.7231445e+01
   1.1072425e+07   3.5766602e+01
   1.1072452e+07   4.2175293e+01
   1.1072469e+07   3.9489746e+01
   1.1072591e+07   4.0832520e+01
   1.1072704e+07   4.4189453e+01
   1.1072779e+07   3.6682129e+01
   1.1072852e+07   3.3630371e+01
   1.1072953e+07   5.2124023e+01
   1.1072991e+07   3.6499023e+01
   1.1073174e+07   4.0100098e+01
   1.1095048e+07   3.6376953e+01
   1.1095496e+07   3.5461426e+01
   1.1095587e+07   3.5888672e+01
   1.1095660e+07   3.4545898e+01
   1.1095684e+07   4.2907715e+01
   1.1095732e+07   3.5888672e+01
   1.1095788e+07   5.2185059e+01
   1.1095960e+07   4.7729492e+01
   1.1096148e+07   3.9367676e+01
   1.1096186e+07   5.6640625e+01
   1.1096201e+07   3.2897949e+01
   1.1096433e+07   4.6569824e+01
   1.1096473e+07   5.1513672e+01
   1.1096510e+07   4.4372559e+01
   1.1096937e+07   3.8940430e+01
   1.1097501e+07   3.2775879e+01
   1.1127694e+07   3.7231445e+01
   1.1129975e+07   8.1787109e+01
   1.1130121e+07   4.7119141e+01
   1.1130213e+07   5.5114746e+01
   1.1130277e+07   3.8513184e+01
   1.1130389e+07   4.2785645e+01
   1.1130428e+07   4.7424316e+01
   1.1130458e+07   4.0222168e+01
   1.1130564e+07   5.4992676e+01
   1.1130619e+07   3.8757324e+01
   1.1130762e+07   3.7048340e+01
   1.1130806e+07   4.5715332e+01
   1.1131341e+07   3.3813477e+01
   1.1272061e+07   3.3142090e+01
   1.1613398e+07   3.9062500e+01
   1.1621685e+07   3.7414551e+01
   1.1684865e+07   3.2897949e+01
   1.1733906e+07   4.1809082e+01
   1.1746366e+07   4.0588379e+01
   1.1792567e+07   3.3386230e+01
   1.1834590e+07   3.5461426e+01
   1.1853790e+07   5.8532715e+01
   1.1853819e+07   4.9621582e+01
   1.1853830e+07   5.2062988e+01
   1.1853871e+07   4.5837402e+01
   1.1853884e+07   5.2612305e+01
   1.1853935e+07   3.5522461e+01
   1.1853975e+07   4.3579102e+01
   1.1853989e+07   3.5644531e+01
   1.1854038e+07   3.3447266e+01
   1.1854108e+07   4.5043945e+01
   1.1854118e+07   3.7292480e+01
   1.1854454e+07   3.6132812e+01
   1.1854738e+07   5.2673340e+01
   1.1854972e+07   4.0405273e+01
   1.1854982e+07   4.6875000e+01
   1.1855232e+07   4.4616699e+01
   1.1855244e+07   5.0903320e+01
   1.1855443e+07   4.5349121e+01
   1.1855471e+07   3.7231445e+01
   1.1855513e+07   3.3935547e+01
   1.1855724e+07   3.3325195e+01
   1.1855760e+07   3.6437988e+01
   1.1855773e+07   4.1015625e+01
   1.1855914e+07   3.8696289e+01
   1.1855947e+07   3.3630371e+01
   1.1856121e+07   3.9855957e+01
   1.1856178e+07   3.9978027e+01
   1.1856546e+07   3.4729004e+01
   1.1856561e+07   3.9978027e+01
   1.1856943e+07   4.1748047e+01
   1.1857320e+07   3.4423828e+01
   1.1857950e+07   3.3264160e+01
   1.1867260e+07   4.3701172e+01
   1.1867663e+07   4.1809082e+01
   1.1867875e+07   3.4423828e+01
   1.1868045e+07   3.5644531e+01
   1.1869957e+07   5.0415039e+01
   1.1870430e+07   3.4851074e+01
   1.1870785e+07   3.6865234e+01
   1.1871077e+07   3.8024902e+01
   1.1871384e+07   3.6437988e+01
   1.1871873e+07   3.4667969e+01
   1.1873297e+07   3.7536621e+01
   1.1873512e+07   4.9377441e+01
   1.1873924e+07   5.2490234e+01
   1.1874285e+07   3.7780762e+01
   1.1874364e+07   4.2236328e+01
   1.1874508e+07   3.8574219e+01
   1.1874575e+07   3.7963867e+01
   1.1874685e+07   3.6315918e+01
   1.1874783e+07   3.3630371e+01
   1.1874838e+07   3.4240723e+01
   1.1874986e+07   3.5705566e+01
   1.1875140e+07   4.4799805e+01
   1.1875378e+07   3.2775879e+01
   1.1875487e+07   3.2836914e+01
   1.1875676e+07   3.6682129e+01
   1.1876055e+07   3.8269043e+01
   1.1935506e+07   3.3203125e+01
   1.1947407e+07   3.8269043e+01
   1.1966809e+07   3.2836914e+01
   1.1987925e+07   3.6865234e+01
