   1.4995000e+07   0.0000000e+00
   1.8804000e+04   9.1674805e+01
   3.8933000e+04   8.7463379e+01
   4.1995000e+04   8.7158203e+01
   1.0852300e+05   9.1308594e+01
   2.1707000e+05   9.3872070e+01
   2.2750500e+05   8.8745117e+01
   2.5401000e+05   8.9355469e+01
   4.1688600e+05   9.3505859e+01
   4.9333200e+05   9.2407227e+01
   5.2273300e+05   8.5937500e+01
   5.4202600e+05   8.6242676e+01
   6.4128400e+05   9.4726562e+01
   6.4298500e+05   1.0107422e+02
   6.9333400e+05   8.9477539e+01
   7.1438500e+05   8.9050293e+01
   7.2388400e+05   9.5397949e+01
   7.2454500e+05   8.7646484e+01
   7.2527300e+05   1.0015869e+02
   7.5811000e+05   9.1430664e+01
   8.7363800e+05   9.0393066e+01
   9.6607500e+05   8.6914062e+01
   9.6757600e+05   8.8928223e+01
   1.1407070e+06   9.2407227e+01
   1.1587930e+06   9.0942383e+01
   1.1605340e+06   8.7768555e+01
   1.2111790e+06   8.6059570e+01
   1.3093940e+06   8.6486816e+01
   1.4553500e+06   9.1247559e+01
   1.5944540e+06   8.9965820e+01
   1.7160540e+06   8.7829590e+01
   1.8000170e+06   8.6181641e+01
   1.8715040e+06   8.7951660e+01
   2.1203490e+06   9.2956543e+01
   2.1445960e+06   9.3017578e+01
   2.1524030e+06   8.7646484e+01
   2.1640210e+06   8.6730957e+01
   2.2218880e+06   8.7341309e+01
   2.3326100e+06   8.9050293e+01
   2.3494840e+06   9.7045898e+01
   2.3904320e+06   8.6242676e+01
   2.4182640e+06   8.8256836e+01
   2.4815660e+06   8.7158203e+01
   2.4903880e+06   9.4421387e+01
   2.5396940e+06   8.6486816e+01
   2.6719180e+06   8.5998535e+01
   2.6725860e+06   8.9355469e+01
   2.6820970e+06   8.6059570e+01
   2.9355100e+06   8.7402344e+01
   3.0435350e+06   8.6486816e+01
   3.1791540e+06   8.5937500e+01
   3.5381590e+06   8.5754395e+01
   3.5869190e+06   8.5937500e+01
   3.6503360e+06   8.4472656e+01
   3.8555810e+06   9.0026855e+01
   3.9146710e+06   8.6425781e+01
   3.9487800e+06   8.4716797e+01
   3.9769320e+06   9.1552734e+01
   3.9944660e+06   8.4960938e+01
   4.0072210e+06   8.5083008e+01
   4.0073420e+06   9.5031738e+01
   4.0076590e+06   8.5205078e+01
   4.1062710e+06   8.4716797e+01
   4.1676780e+06   8.4594727e+01
   4.1928570e+06   8.6120605e+01
   4.2533610e+06   8.5632324e+01
   4.2792220e+06   1.0485840e+02
   4.2793170e+06   8.4838867e+01
   4.2825650e+06   9.0026855e+01
   4.3182210e+06   8.4472656e+01
   4.3672340e+06   8.9477539e+01
   4.4325270e+06   8.4594727e+01
   4.4893130e+06   8.4655762e+01
   4.5784300e+06   8.9416504e+01
   4.6628850e+06   8.4533691e+01
   4.7073860e+06   9.8144531e+01
   4.8723630e+06   8.8134766e+01
   4.9829930e+06   9.2773438e+01
   5.0790940e+06   8.8928223e+01
   5.1800810e+06   8.8745117e+01
   5.2155560e+06   9.3933105e+01
   5.2915140e+06   8.4472656e+01
   5.3215200e+06   8.8439941e+01
   5.4404140e+06   8.5998535e+01
   5.6874350e+06   8.6181641e+01
   6.1029410e+06   8.5021973e+01
   6.1047720e+06   8.2397461e+01
   6.2413460e+06   8.2885742e+01
   6.2728780e+06   8.5815430e+01
   6.5130960e+06   8.4960938e+01
   6.8058960e+06   8.6608887e+01
   7.5420650e+06   1.0986328e+02
   7.5422290e+06   9.8266602e+01
   7.8777400e+06   8.9416504e+01
   7.8778170e+06   9.1796875e+01
   7.8780540e+06   8.6425781e+01
   7.8796180e+06   8.6608887e+01
   8.0017200e+06   8.7158203e+01
   8.0019480e+06   9.1308594e+01
   8.2985720e+06   9.1918945e+01
   8.4124780e+06   8.3435059e+01
   9.4457510e+06   8.4777832e+01
   1.0070686e+07   8.6791992e+01
   1.0307163e+07   8.7036133e+01
   1.0436579e+07   9.0820312e+01
   1.0536092e+07   9.2346191e+01
   1.0546715e+07   8.4533691e+01
   1.0837899e+07   8.8073730e+01
   1.1090943e+07   8.8562012e+01
   1.1146428e+07   8.3129883e+01
   1.1157637e+07   8.4533691e+01
   1.1305762e+07   8.4411621e+01
   1.2383324e+07   1.0742188e+02
   1.3692655e+07   8.2763672e+01
   1.3767224e+07   8.3862305e+01
   1.3772146e+07   9.3566895e+01
   1.4871532e+07   8.2702637e+01
