   1.1996000e+07   0.0000000e+00
   9.9200000e+02   3.5766602e+01
   4.7800000e+03   3.6987305e+01
   1.9318000e+04   3.8391113e+01
   2.5443000e+04   3.5217285e+01
   3.4815000e+04   3.6499023e+01
   3.7191000e+04   3.4729004e+01
   3.8467000e+04   3.7719727e+01
   4.6761000e+04   3.6560059e+01
   5.1526000e+04   4.2297363e+01
   5.6353000e+04   3.6132813e+01
   6.0038000e+04   3.6010742e+01
   7.8440000e+04   3.4423828e+01
   8.3088000e+04   3.7048340e+01
   8.6815000e+04   3.5827637e+01
   1.1291400e+05   3.4912109e+01
   1.1876900e+05   3.6376953e+01
   1.3060600e+05   3.6499023e+01
   1.3564700e+05   3.5888672e+01
   1.3684400e+05   4.5471191e+01
   1.4789900e+05   3.6071777e+01
   1.5457600e+05   3.4729004e+01
   1.5686900e+05   3.9306641e+01
   1.6504600e+05   3.4362793e+01
   1.6961900e+05   3.7048340e+01
   1.8146300e+05   3.7048340e+01
   1.9093400e+05   3.4301758e+01
   2.1194000e+05   3.6071777e+01
   2.1631100e+05   3.5888672e+01
   2.1753300e+05   3.4423828e+01
   2.2435300e+05   3.9489746e+01
   2.2990500e+05   3.6071777e+01
   2.3115000e+05   3.5400391e+01
   2.4070400e+05   3.8208008e+01
   2.4189200e+05   3.5156250e+01
   2.4664400e+05   3.4729004e+01
   2.5246500e+05   3.5583496e+01
   2.5569200e+05   3.5339355e+01
   2.6855500e+05   4.0283203e+01
   2.7988600e+05   3.6621094e+01
   2.8705500e+05   3.6987305e+01
   2.9169500e+05   3.4729004e+01
   2.9298200e+05   3.9306641e+01
   2.9411000e+05   3.5217285e+01
   2.9751200e+05   3.6865234e+01
   3.1134300e+05   3.6193848e+01
   3.1718200e+05   3.7231445e+01
   3.3197100e+05   3.7902832e+01
   3.3303300e+05   3.5278320e+01
   3.3540600e+05   3.4423828e+01
   3.4097900e+05   3.8635254e+01
   3.4304800e+05   3.5461426e+01
   3.5432700e+05   3.5278320e+01
   3.5542200e+05   3.4973145e+01
   3.7022500e+05   3.4851074e+01
   3.7359200e+05   3.8879395e+01
   3.7571900e+05   3.6254883e+01
   4.1628200e+05   4.7668457e+01
   4.1632200e+05   5.2612305e+01
   4.1636700e+05   8.0017090e+01
   4.1638700e+05   3.6621094e+01
   4.1642000e+05   3.9428711e+01
   4.1645400e+05   5.3833008e+01
   4.1646500e+05   6.9885254e+01
   4.1651100e+05   3.5522461e+01
   4.1655300e+05   4.3701172e+01
   4.1656300e+05   4.1870117e+01
   4.1667200e+05   3.5217285e+01
   4.2086200e+05   3.4484863e+01
   4.3000100e+05   3.5827637e+01
   4.3871000e+05   3.4973145e+01
   4.3932500e+05   3.4484863e+01
   4.3935600e+05   6.4392090e+01
   4.3942600e+05   4.2419434e+01
   4.3945700e+05   7.3852539e+01
   4.3952300e+05   3.5339355e+01
   4.3955600e+05   3.5949707e+01
   4.3960100e+05   3.8513184e+01
   4.3964000e+05   3.8757324e+01
   4.3967300e+05   3.9123535e+01
   4.3978100e+05   3.5644531e+01
   4.4004900e+05   3.4606934e+01
   4.4084600e+05   3.9672852e+01
   4.4138900e+05   3.6010742e+01
   4.4254100e+05   3.5400391e+01
   4.5738500e+05   3.4790039e+01
   4.6399900e+05   3.4423828e+01
   4.6401500e+05   8.2275391e+01
   4.6406500e+05   5.4931641e+01
   4.6409900e+05   4.2541504e+01
   4.6418000e+05   5.1879883e+01
   4.6421800e+05   4.9987793e+01
   4.6425500e+05   5.8837891e+01
   4.6430400e+05   4.1809082e+01
   4.6435100e+05   3.6804199e+01
   4.6438600e+05   3.9428711e+01
   4.6463000e+05   3.7841797e+01
   4.6605800e+05   5.4687500e+01
   4.6665800e+05   4.2114258e+01
   4.7626300e+05   3.5095215e+01
   4.7931800e+05   5.2795410e+01
   4.7933000e+05   5.3405762e+01
   4.7949000e+05   3.7902832e+01
   4.7963900e+05   3.9184570e+01
   4.7966000e+05   3.5827637e+01
   4.7968000e+05   4.1198730e+01
   4.7978700e+05   5.0842285e+01
   4.7992100e+05   3.8391113e+01
   4.7995700e+05   3.9001465e+01
   4.8002900e+05   3.9489746e+01
   4.8010700e+05   3.6010742e+01
   4.8020300e+05   3.8085938e+01
   4.8041100e+05   4.6569824e+01
   4.8088900e+05   3.5827637e+01
   4.9417600e+05   3.8513184e+01
   4.9418600e+05   5.4687500e+01
   4.9433200e+05   3.8269043e+01
   4.9450400e+05   4.6142578e+01
   4.9463800e+05   3.7597656e+01
   4.9468400e+05   4.6142578e+01
   4.9483800e+05   3.6193848e+01
   5.0105500e+05   3.5156250e+01
   5.0187100e+05   5.3344727e+01
   5.0195900e+05   5.0354004e+01
   5.0198100e+05   3.6743164e+01
   5.0203900e+05   3.7841797e+01
   5.0211200e+05   3.7231445e+01
   5.0216700e+05   3.6682129e+01
   5.0228700e+05   4.2602539e+01
   5.0234300e+05   3.6193848e+01
   5.0249400e+05   3.8635254e+01
   5.0251800e+05   3.7170410e+01
   5.0268100e+05   4.5532227e+01
   5.0270900e+05   5.3649902e+01
   5.0273500e+05   3.6865234e+01
   5.0284100e+05   3.6376953e+01
   5.0286100e+05   4.0039062e+01
   5.0352500e+05   3.4667969e+01
   5.1401400e+05   4.3212891e+01
   5.1419300e+05   6.4208984e+01
   5.1421100e+05   4.2846680e+01
   5.1437100e+05   3.7414551e+01
   5.1441200e+05   4.3884277e+01
   5.1452800e+05   3.5278320e+01
   5.1471900e+05   3.6926270e+01
   5.1517500e+05   4.6691895e+01
   5.2055800e+05   3.5034180e+01
   5.2058600e+05   5.0109863e+01
   5.2061400e+05   4.7485352e+01
   5.2078500e+05   3.9978027e+01
   5.2099100e+05   4.9926758e+01
   5.2107900e+05   4.9133301e+01
   5.2133800e+05   3.6315918e+01
   5.2164100e+05   3.5827637e+01
   5.2194500e+05   3.4667969e+01
   5.2964700e+05   3.9062500e+01
   5.2969400e+05   4.5654297e+01
   5.2974200e+05   5.4809570e+01
   5.2976500e+05   4.1809082e+01
   5.2989100e+05   3.7841797e+01
   5.2990700e+05   3.4240723e+01
   5.3026600e+05   4.1992188e+01
   5.3045000e+05   3.5095215e+01
   5.3196700e+05   6.0241699e+01
   5.3574600e+05   3.6682129e+01
   5.3681100e+05   3.5156250e+01
   5.3690300e+05   4.5959473e+01
   5.3696800e+05   3.7658691e+01
   5.3697900e+05   4.6081543e+01
   5.3703900e+05   3.9001465e+01
   5.3709800e+05   4.0527344e+01
   5.3725500e+05   4.3640137e+01
   5.3726500e+05   4.6936035e+01
   5.3736500e+05   3.4545898e+01
   5.3747000e+05   4.2053223e+01
   5.3757900e+05   4.1137695e+01
   5.3781700e+05   3.6315918e+01
   5.3789900e+05   3.8513184e+01
   5.3793700e+05   4.0222168e+01
   5.3808000e+05   3.5461426e+01
   5.3818300e+05   3.4790039e+01
   5.3822700e+05   3.4790039e+01
   5.3855700e+05   3.7780762e+01
   5.4539200e+05   5.3955078e+01
   5.4546500e+05   3.4484863e+01
   5.4555500e+05   4.5837402e+01
   5.4564100e+05   4.6325684e+01
   5.4595500e+05   4.0832520e+01
   5.5248500e+05   4.1198730e+01
   5.5260500e+05   3.5217285e+01
   5.5264000e+05   3.7475586e+01
   5.5265300e+05   5.1025391e+01
   5.5272300e+05   3.8391113e+01
   5.5277700e+05   4.2175293e+01
   5.5294300e+05   3.5034180e+01
   5.5299600e+05   4.4738770e+01
   5.5321700e+05   3.4362793e+01
   5.5324900e+05   4.1503906e+01
   5.5335800e+05   3.7109375e+01
   5.5337300e+05   3.5705566e+01
   5.5345900e+05   3.5583496e+01
   5.5362000e+05   4.4311523e+01
   5.5420600e+05   3.7231445e+01
   5.6034600e+05   5.1574707e+01
   5.6049100e+05   4.7912598e+01
   5.6055100e+05   5.0415039e+01
   5.6079000e+05   3.7475586e+01
   5.6786300e+05   5.8959961e+01
   5.6788500e+05   3.7475586e+01
   5.6799400e+05   4.8339844e+01
   5.6819000e+05   3.7414551e+01
   5.6821500e+05   3.7963867e+01
   5.6824000e+05   4.6813965e+01
   5.6845300e+05   3.5034180e+01
   5.6851000e+05   4.0161133e+01
   5.6879600e+05   3.7841797e+01
   5.6887800e+05   4.1870117e+01
   5.6910900e+05   3.5705566e+01
   5.7612000e+05   4.0039062e+01
   5.7652500e+05   5.0720215e+01
   5.7667600e+05   4.6447754e+01
   5.7669000e+05   4.7790527e+01
   5.7677000e+05   3.5339355e+01
   5.7689300e+05   3.6743164e+01
   5.7706500e+05   3.6254883e+01
   5.7773300e+05   4.1992188e+01
   5.8447200e+05   3.5339355e+01
   5.8492300e+05   6.8969727e+01
   5.8503100e+05   5.4626465e+01
   5.8505400e+05   3.5888672e+01
   5.8529100e+05   4.3151855e+01
   5.8532400e+05   4.4494629e+01
   5.8555400e+05   3.6560059e+01
   5.8578500e+05   3.4667969e+01
   5.8579800e+05   4.0710449e+01
   5.8591400e+05   3.5400391e+01
   5.8611300e+05   3.4729004e+01
   5.9448100e+05   3.9489746e+01
   5.9483500e+05   5.7373047e+01
   5.9497000e+05   3.9489746e+01
   5.9505800e+05   3.5766602e+01
   5.9523600e+05   4.2236328e+01
   5.9574800e+05   3.8330078e+01
   5.9576900e+05   3.8513184e+01
   6.0212000e+05   3.9794922e+01
   6.0429700e+05   3.5583496e+01
   6.0441200e+05   3.8940430e+01
   6.0443700e+05   6.1767578e+01
   6.0466200e+05   4.9133301e+01
   6.0467500e+05   4.0649414e+01
   6.0475100e+05   3.4423828e+01
   6.0478500e+05   3.9550781e+01
   6.0493000e+05   4.2968750e+01
   6.0501500e+05   3.7963867e+01
   6.0527100e+05   3.5888672e+01
   6.1362700e+05   3.7902832e+01
   6.1394100e+05   4.1503906e+01
   6.1398300e+05   3.5949707e+01
   6.1408100e+05   4.9316406e+01
   6.1416300e+05   3.4606934e+01
   6.1438900e+05   3.7170410e+01
   6.1448700e+05   4.6752930e+01
   6.1487700e+05   3.6376953e+01
   6.2459200e+05   3.9672852e+01
   6.2467200e+05   4.9194336e+01
   6.2472400e+05   4.0771484e+01
   6.2491000e+05   5.7800293e+01
   6.2495900e+05   4.6508789e+01
   6.2511400e+05   4.0161133e+01
   6.2526700e+05   4.0100098e+01
   6.2532200e+05   3.4729004e+01
   6.3759900e+05   3.9489746e+01
   6.3762200e+05   3.5522461e+01
   6.3767600e+05   3.6010742e+01
   6.3773100e+05   3.9367676e+01
   6.3774200e+05   4.5043945e+01
   6.3791000e+05   4.0527344e+01
   6.4200700e+05   5.7678223e+01
   6.4726100e+05   5.6762695e+01
   6.4734600e+05   3.7658691e+01
   6.4737200e+05   3.5644531e+01
   6.4758800e+05   4.5715332e+01
   6.4789400e+05   4.6264648e+01
   6.4818800e+05   3.8818359e+01
   6.5304300e+05   3.4912109e+01
   6.5922500e+05   6.0974121e+01
   6.5925700e+05   3.5217285e+01
   6.5933400e+05   3.6804199e+01
   6.5938000e+05   5.1391602e+01
   6.5947800e+05   3.8757324e+01
   6.5962500e+05   4.0771484e+01
   6.5986500e+05   3.5949707e+01
   6.6007400e+05   4.0222168e+01
   6.6017000e+05   3.8146973e+01
   6.6034300e+05   3.4484863e+01
   6.6701500e+05   3.4606934e+01
   6.7363300e+05   3.7658691e+01
   6.7375800e+05   4.8706055e+01
   6.7384600e+05   3.4545898e+01
   6.7386200e+05   4.9804688e+01
   6.7388900e+05   3.6254883e+01
   6.7408000e+05   3.7536621e+01
   6.7423400e+05   3.6132812e+01
   6.7432800e+05   3.7231445e+01
   6.7465500e+05   3.4545898e+01
   6.7542400e+05   5.6518555e+01
   6.8440100e+05   3.5034180e+01
   6.8588300e+05   3.6926270e+01
   6.8597000e+05   3.4545898e+01
   6.8601400e+05   4.3884277e+01
   6.8602800e+05   5.9692383e+01
   6.8607100e+05   4.3395996e+01
   6.8616200e+05   3.8391113e+01
   6.8618000e+05   3.6071777e+01
   6.8628300e+05   4.7485352e+01
   6.8644000e+05   3.5766602e+01
   6.8647400e+05   3.7536621e+01
   6.8659100e+05   5.0964355e+01
   6.8684500e+05   3.5278320e+01
   6.8704100e+05   4.3823242e+01
   6.9301800e+05   3.8879395e+01
   6.9706100e+05   3.9184570e+01
   6.9710800e+05   3.5949707e+01
   6.9716900e+05   6.2988281e+01
   6.9720400e+05   4.4067383e+01
   6.9768000e+05   4.8400879e+01
   7.0712200e+05   4.3029785e+01
   7.0718800e+05   3.6132812e+01
   7.0733800e+05   4.2846680e+01
   7.0740400e+05   4.6752930e+01
   7.0756000e+05   3.9611816e+01
   7.0769900e+05   5.0292969e+01
   7.0789800e+05   3.6376953e+01
   7.0822300e+05   4.4006348e+01
   7.0844900e+05   4.9682617e+01
   7.1353200e+05   3.6621094e+01
   7.1606500e+05   3.9978027e+01
   7.1846200e+05   3.4851074e+01
   7.1847200e+05   5.5847168e+01
   7.1860900e+05   5.4870605e+01
   7.1864500e+05   5.5480957e+01
   7.1877300e+05   4.0405273e+01
   7.1884200e+05   3.7841797e+01
   7.1885900e+05   3.8574219e+01
   7.1909800e+05   3.5339355e+01
   7.1914000e+05   4.1625977e+01
   7.2402800e+05   3.5278320e+01
   7.2955700e+05   3.7292480e+01
   7.2958800e+05   5.0109863e+01
   7.2976200e+05   4.4067383e+01
   7.2979600e+05   4.9926758e+01
   7.2980700e+05   4.4677734e+01
   7.3005600e+05   5.4016113e+01
   7.3043000e+05   4.3518066e+01
   7.4109200e+05   6.8786621e+01
   7.4126600e+05   3.4729004e+01
   7.4134100e+05   5.5480957e+01
   7.4159200e+05   3.6865234e+01
   7.4173700e+05   4.0161133e+01
   7.4192300e+05   5.2124023e+01
   7.4943800e+05   3.4912109e+01
   7.5313800e+05   5.8227539e+01
   7.5327100e+05   4.1259766e+01
   7.5334900e+05   5.4748535e+01
   7.5346000e+05   3.5278320e+01
   7.5349300e+05   3.8208008e+01
   7.5362300e+05   4.4738770e+01
   7.6291200e+05   3.5949707e+01
   7.6518900e+05   5.7861328e+01
   7.6536200e+05   4.7241211e+01
   7.6537900e+05   5.2001953e+01
   7.6546100e+05   3.8818359e+01
   7.6560400e+05   4.3212891e+01
   7.6564400e+05   4.0100098e+01
   7.6587100e+05   3.9062500e+01
   7.6606900e+05   4.3823242e+01
   7.7666900e+05   5.3283691e+01
   7.7685700e+05   3.4423828e+01
   7.7694100e+05   4.4311523e+01
   7.7709500e+05   3.9184570e+01
   7.7737300e+05   4.4616699e+01
   7.8766400e+05   5.4870605e+01
   7.8782900e+05   4.3273926e+01
   7.8790300e+05   5.6457520e+01
   7.8804400e+05   3.7597656e+01
   7.8824100e+05   5.1818848e+01
   7.9846600e+05   4.0588379e+01
   8.0037100e+05   3.9794922e+01
   8.0052700e+05   3.5949707e+01
   8.0055300e+05   3.9001465e+01
   8.0079000e+05   4.1870117e+01
   8.0088500e+05   4.0649414e+01
   8.0788400e+05   3.6987305e+01
   8.1290700e+05   5.4992676e+01
   8.1306600e+05   3.7780762e+01
   8.1329700e+05   5.0537109e+01
   8.1331600e+05   4.1870117e+01
   8.1374300e+05   5.0598145e+01
   8.1379500e+05   5.0598145e+01
   8.2009800e+05   3.5095215e+01
   8.2427800e+05   5.7617188e+01
   8.2435400e+05   3.5888672e+01
   8.2455400e+05   5.4931641e+01
   8.2459500e+05   4.4555664e+01
   8.2515400e+05   3.8574219e+01
   8.4077900e+05   3.7170410e+01
   8.4095600e+05   5.7006836e+01
   8.4110600e+05   3.5766602e+01
   8.4112800e+05   3.9611816e+01
   8.4121400e+05   5.3955078e+01
   8.4136200e+05   4.0954590e+01
   8.4156700e+05   4.5227051e+01
   8.4497700e+05   3.6560059e+01
   8.4613900e+05   3.4301758e+01
   8.4831300e+05   3.4301758e+01
   8.5254600e+05   3.8330078e+01
   8.5413400e+05   6.4636230e+01
   8.5441300e+05   4.3701172e+01
   8.5467800e+05   4.4616699e+01
   8.6169400e+05   3.4729004e+01
   8.6489600e+05   3.7719727e+01
   8.6699300e+05   3.9001465e+01
   8.7015400e+05   3.8635254e+01
   8.7017200e+05   4.3945313e+01
   8.7031900e+05   3.5095215e+01
   8.7035500e+05   4.5959473e+01
   8.7050400e+05   6.4575195e+01
   8.7066800e+05   3.7658691e+01
   8.7337700e+05   3.6926270e+01
   8.7900900e+05   3.4606934e+01
   8.8663400e+05   3.5827637e+01
   8.8670500e+05   5.9936523e+01
   8.8697300e+05   5.1879883e+01
   8.8702900e+05   4.1259766e+01
   8.8707500e+05   3.4545898e+01
   8.8717700e+05   3.9184570e+01
   8.9219600e+05   3.4423828e+01
   8.9737000e+05   3.8574219e+01
   9.0614400e+05   4.3518066e+01
   9.0616800e+05   5.4748535e+01
   9.0651200e+05   5.7373047e+01
   9.1697400e+05   4.0588379e+01
   9.2684900e+05   3.8513184e+01
   9.2686000e+05   4.8767090e+01
   9.2893500e+05   3.9794922e+01
   9.3777800e+05   3.7719727e+01
   9.4315900e+05   3.7536621e+01
   9.4642900e+05   7.0983887e+01
   9.5983100e+05   3.5339355e+01
   9.6901500e+05   3.9611816e+01
   9.6953200e+05   6.1096191e+01
   9.8734800e+05   3.5217285e+01
   9.8945800e+05   3.7658691e+01
   9.9587900e+05   3.6499023e+01
   9.9800100e+05   4.0527344e+01
   1.0221910e+06   3.4912109e+01
   1.0242190e+06   3.5583496e+01
   1.0294600e+06   3.4240723e+01
   1.0306160e+06   3.6071777e+01
   1.0360980e+06   3.7353516e+01
   1.0461320e+06   3.7658691e+01
   1.0571140e+06   3.6376953e+01
   1.0712440e+06   3.4729004e+01
   1.0754050e+06   3.4606934e+01
   1.0806630e+06   3.6132812e+01
   1.0838030e+06   3.6193848e+01
   1.0870980e+06   3.6132813e+01
   1.0881960e+06   3.9916992e+01
   1.0945250e+06   3.4851074e+01
   1.0954540e+06   3.4606934e+01
   1.1082090e+06   3.4484863e+01
   1.1094010e+06   3.6743164e+01
   1.1116300e+06   3.4912109e+01
   1.1127290e+06   3.8818359e+01
   1.1202410e+06   3.6315918e+01
   1.1212360e+06   3.5644531e+01
   1.1255420e+06   3.4851074e+01
   1.1622680e+06   3.6010742e+01
   1.1664870e+06   3.5522461e+01
   1.1834590e+06   3.6743164e+01
   1.1845920e+06   3.4423828e+01
   1.1866910e+06   3.4912109e+01
   1.2081450e+06   4.0649414e+01
   1.2187770e+06   3.4729004e+01
   1.2237690e+06   3.4667969e+01
   1.2413600e+06   3.4301758e+01
   1.2423250e+06   3.4423828e+01
   1.2434000e+06   3.7963867e+01
   1.2444300e+06   3.6376953e+01
   1.2615470e+06   3.6926270e+01
   1.2634520e+06   3.6071777e+01
   1.2719060e+06   3.4851074e+01
   1.2857580e+06   3.5339355e+01
   1.2998920e+06   3.6010742e+01
   1.3170540e+06   3.4851074e+01
   1.3235610e+06   3.7902832e+01
   1.3299760e+06   4.0527344e+01
   1.3329120e+06   3.4606934e+01
   1.3330670e+06   3.4423828e+01
   1.3397720e+06   3.6132812e+01
   1.3462690e+06   3.4851074e+01
   1.3472600e+06   3.8330078e+01
   1.3512580e+06   3.7170410e+01
   1.3532220e+06   3.4606934e+01
   1.3543400e+06   3.6437988e+01
   1.3634180e+06   3.4301758e+01
   1.3770520e+06   3.6865234e+01
   1.3827560e+06   3.4973145e+01
   1.3860410e+06   3.6193848e+01
   1.3870190e+06   3.5278320e+01
   1.3903940e+06   3.6987305e+01
   1.4021340e+06   3.4362793e+01
   1.4043060e+06   3.4423828e+01
   1.4108420e+06   3.5278320e+01
   1.4205370e+06   3.9367676e+01
   1.4334180e+06   3.5827637e+01
   1.4420190e+06   3.4729004e+01
   1.4440880e+06   4.0832520e+01
   1.4485240e+06   3.7780762e+01
   1.4572210e+06   4.2236328e+01
   1.4625830e+06   4.2602539e+01
   1.4748210e+06   4.0039062e+01
   1.4768960e+06   3.4790039e+01
   1.4794420e+06   3.6926270e+01
   1.4871580e+06   3.9245605e+01
   1.4972390e+06   3.6621094e+01
   1.4983270e+06   3.5461426e+01
   1.5102680e+06   3.4851074e+01
   1.5167600e+06   3.6315918e+01
   1.5188850e+06   3.5278320e+01
   1.5362250e+06   3.4545898e+01
   1.5493430e+06   3.9733887e+01
   1.5566120e+06   3.5644531e+01
   1.5576650e+06   3.5766602e+01
   1.5783860e+06   3.6621094e+01
   1.5803950e+06   3.4851074e+01
   1.5825480e+06   3.6132812e+01
   1.5954360e+06   3.6743164e+01
   1.5966920e+06   3.7902832e+01
   1.5999070e+06   3.7170410e+01
   1.6031140e+06   4.4860840e+01
   1.6051340e+06   3.6560059e+01
   1.6340510e+06   4.0100098e+01
   1.6350760e+06   3.7170410e+01
   1.6518300e+06   3.4484863e+01
   1.6606640e+06   3.4362793e+01
   1.6629200e+06   4.5227051e+01
   1.6793650e+06   3.5034180e+01
   1.6804760e+06   3.5583496e+01
   1.6815760e+06   3.5583496e+01
   1.6978370e+06   3.6743164e+01
   1.7075300e+06   3.4545898e+01
   1.7151700e+06   3.5400391e+01
   1.7246980e+06   3.4545898e+01
   1.7290300e+06   3.6437988e+01
   1.7455620e+06   3.6987305e+01
   1.7561400e+06   3.6315918e+01
   1.7614480e+06   3.5461426e+01
   1.7798050e+06   3.5339355e+01
   1.8026470e+06   3.9001465e+01
   1.8100900e+06   3.5095215e+01
   1.8153320e+06   3.7414551e+01
   1.8262380e+06   3.5095215e+01
   1.8467040e+06   3.7658691e+01
   1.8564240e+06   3.9733887e+01
   1.8576170e+06   3.4729004e+01
   1.8661210e+06   3.8452148e+01
   1.8767100e+06   3.7475586e+01
   1.8799610e+06   3.5034180e+01
   1.8822690e+06   3.9733887e+01
   1.8907650e+06   3.7719727e+01
   1.8940840e+06   3.5278320e+01
   1.9034350e+06   3.4606934e+01
   1.9078180e+06   3.7963867e+01
   1.9348160e+06   3.4973145e+01
   1.9392010e+06   3.6010742e+01
   1.9402380e+06   3.7231445e+01
   1.9447290e+06   3.5827637e+01
   1.9580060e+06   3.4851074e+01
   1.9582890e+06   3.4912109e+01
   1.9611870e+06   3.5217285e+01
   1.9836440e+06   3.7292480e+01
   2.0135020e+06   3.6621094e+01
   2.0199550e+06   3.6621094e+01
   2.0211740e+06   3.8574219e+01
   2.0231620e+06   3.7475586e+01
   2.0296220e+06   3.5156250e+01
   2.0359060e+06   3.4362793e+01
   2.0402340e+06   3.4484863e+01
   2.0464900e+06   3.4484863e+01
   2.0570850e+06   4.2663574e+01
   2.0625420e+06   3.5217285e+01
   2.0698440e+06   3.5400391e+01
   2.0758200e+06   3.5705566e+01
   2.0801560e+06   3.5583496e+01
   2.0811190e+06   3.7841797e+01
   2.0821420e+06   3.4606934e+01
   2.0842450e+06   3.4301758e+01
   2.0896380e+06   3.6865234e+01
   2.0906410e+06   3.5461426e+01
   2.1042730e+06   3.8269043e+01
   2.1083840e+06   3.6437988e+01
   2.1137200e+06   3.6071777e+01
   2.1281450e+06   3.6987305e+01
   2.1322080e+06   3.7780762e+01
   2.1402970e+06   3.5339355e+01
   2.1413360e+06   3.4362793e+01
   2.1443830e+06   3.5278320e+01
   2.1464540e+06   3.5278320e+01
   2.1484520e+06   3.5705566e+01
   2.1536950e+06   4.1137695e+01
   2.1599650e+06   3.6865234e+01
   2.1630600e+06   3.4545898e+01
   2.1724170e+06   3.4667969e+01
   2.1745810e+06   3.7292480e+01
   2.1889530e+06   3.7536621e+01
   2.2153080e+06   3.4301758e+01
   2.2256050e+06   4.2785645e+01
   2.2406810e+06   3.8635254e+01
   2.2470410e+06   3.8269043e+01
   2.2573060e+06   3.9733887e+01
   2.2578530e+06   7.1594238e+01
   2.2580020e+06   3.6987305e+01
   2.2582000e+06   5.7861328e+01
   2.2583290e+06   4.4067383e+01
   2.2585270e+06   3.5278320e+01
   2.2586530e+06   3.6926270e+01
   2.2587070e+06   5.0537109e+01
   2.2587320e+06   3.7902832e+01
   2.2587910e+06   4.9194336e+01
   2.2588490e+06   3.5339355e+01
   2.2588840e+06   3.5766602e+01
   2.2590010e+06   3.9428711e+01
   2.2591110e+06   3.4423828e+01
   2.2720210e+06   3.5522461e+01
   2.2752900e+06   3.4545898e+01
   2.2760110e+06   5.6152344e+01
   2.2760730e+06   3.4484863e+01
   2.2760950e+06   6.3720703e+01
   2.2761260e+06   5.0048828e+01
   2.2761430e+06   3.7170410e+01
   2.2761820e+06   6.1950684e+01
   2.2762340e+06   6.7016602e+01
   2.2762570e+06   4.1992188e+01
   2.2762900e+06   4.3090820e+01
   2.2763150e+06   5.0659180e+01
   2.2763900e+06   3.8635254e+01
   2.2764050e+06   4.1259766e+01
   2.2764600e+06   3.5888672e+01
   2.2767940e+06   3.6499023e+01
   2.2779020e+06   3.6437988e+01
   2.2781000e+06   3.5827637e+01
   2.2784830e+06   3.6132812e+01
   2.2907010e+06   3.6315918e+01
   2.2953690e+06   3.6621094e+01
   2.3052840e+06   3.4484863e+01
   2.3127370e+06   3.5583496e+01
   2.3201620e+06   3.7048340e+01
   2.3304300e+06   3.6560059e+01
   2.3304450e+06   6.5429688e+01
   2.3306360e+06   4.8889160e+01
   2.3316590e+06   3.6926270e+01
   2.3330490e+06   4.1381836e+01
   2.3330720e+06   4.7668457e+01
   2.3331010e+06   4.5227051e+01
   2.3331160e+06   4.4860840e+01
   2.3331570e+06   4.9987793e+01
   2.3331730e+06   4.0832520e+01
   2.3332100e+06   4.3884277e+01
   2.3332500e+06   4.3701172e+01
   2.3332680e+06   4.1442871e+01
   2.3332950e+06   3.6987305e+01
   2.3333230e+06   4.2602539e+01
   2.3334520e+06   3.4912109e+01
   2.3342100e+06   3.7841797e+01
   2.3342450e+06   3.6254883e+01
   2.3345130e+06   3.6193848e+01
   2.3348380e+06   3.5644531e+01
   2.3349860e+06   3.5461426e+01
   2.3354080e+06   3.4423828e+01
   2.3356290e+06   3.6987305e+01
   2.3369920e+06   4.1931152e+01
   2.3525410e+06   6.3659668e+01
   2.3526340e+06   6.0729980e+01
   2.3526620e+06   5.4260254e+01
   2.3527480e+06   3.5400391e+01
   2.3527750e+06   3.9306641e+01
   2.3527940e+06   4.3212891e+01
   2.3528430e+06   3.4667969e+01
   2.3529240e+06   3.4362793e+01
   2.3529660e+06   3.5339355e+01
   2.3530130e+06   3.5766602e+01
   2.3530890e+06   3.5705566e+01
   2.3641060e+06   3.5034180e+01
   2.3672420e+06   5.8105469e+01
   2.3672970e+06   5.5236816e+01
   2.3674540e+06   4.7546387e+01
   2.3675050e+06   4.0588379e+01
   2.3675680e+06   4.1992188e+01
   2.3675790e+06   3.5949707e+01
   2.3676500e+06   3.8818359e+01
   2.3677180e+06   3.9001465e+01
   2.3677500e+06   4.3640137e+01
   2.3677930e+06   4.1198730e+01
   2.3678080e+06   3.8269043e+01
   2.3679010e+06   3.6437988e+01
   2.3679850e+06   3.7170410e+01
   2.3679980e+06   3.5705566e+01
   2.3682200e+06   3.4790039e+01
   2.3800050e+06   3.5278320e+01
   2.3833950e+06   3.6926270e+01
   2.3837540e+06   7.7697754e+01
   2.3837800e+06   5.2001953e+01
   2.3838080e+06   4.3945313e+01
   2.3839130e+06   4.1015625e+01
   2.3839710e+06   3.6132812e+01
   2.3839970e+06   3.5949707e+01
   2.3840180e+06   5.9936523e+01
   2.3841750e+06   7.1777344e+01
   2.3842250e+06   3.8696289e+01
   2.3847130e+06   4.3945312e+01
   2.3949820e+06   5.5908203e+01
   2.3950590e+06   4.9560547e+01
   2.3952260e+06   3.6010742e+01
   2.3952530e+06   3.6315918e+01
   2.3954120e+06   4.5166016e+01
   2.3955520e+06   5.3100586e+01
   2.3957120e+06   3.4240723e+01
   2.3959300e+06   4.7241211e+01
   2.4021870e+06   4.7302246e+01
   2.4022100e+06   5.2307129e+01
   2.4022850e+06   3.4667969e+01
   2.4024900e+06   3.9062500e+01
   2.4025080e+06   3.5644531e+01
   2.4025370e+06   4.4189453e+01
   2.4025800e+06   3.4667969e+01
   2.4026770e+06   3.4851074e+01
   2.4028920e+06   3.8024902e+01
   2.4029210e+06   3.5766602e+01
   2.4130390e+06   5.6701660e+01
   2.4132150e+06   5.2185059e+01
   2.4134170e+06   4.2053223e+01
   2.4195340e+06   4.0832520e+01
   2.4205140e+06   3.8696289e+01
   2.4205460e+06   4.2053223e+01
   2.4205910e+06   4.0588379e+01
   2.4207100e+06   4.0283203e+01
   2.4208020e+06   3.8513184e+01
   2.4208230e+06   3.6132812e+01
   2.4208390e+06   5.0537109e+01
   2.4209010e+06   4.4677734e+01
   2.4209220e+06   3.9428711e+01
   2.4210220e+06   3.9794922e+01
   2.4210400e+06   3.5339355e+01
   2.4211060e+06   3.9306641e+01
   2.4211250e+06   4.6386719e+01
   2.4212410e+06   3.8940430e+01
   2.4212560e+06   3.5705566e+01
   2.4213450e+06   4.0649414e+01
   2.4214580e+06   4.5898438e+01
   2.4219690e+06   3.6987305e+01
   2.4313580e+06   4.6508789e+01
   2.4314210e+06   3.6804199e+01
   2.4315080e+06   3.9733887e+01
   2.4315770e+06   4.6508789e+01
   2.4317240e+06   4.2785645e+01
   2.4318540e+06   3.6804199e+01
   2.4320430e+06   3.6743164e+01
   2.4320740e+06   3.5461426e+01
   2.4324280e+06   3.7414551e+01
   2.4325210e+06   3.5522461e+01
   2.4405140e+06   5.1635742e+01
   2.4405550e+06   3.5156250e+01
   2.4407100e+06   6.1584473e+01
   2.4408580e+06   3.8574219e+01
   2.4408870e+06   3.6621094e+01
   2.4409220e+06   3.8757324e+01
   2.4410140e+06   5.1818848e+01
   2.4410310e+06   4.2236328e+01
   2.4411230e+06   3.4545898e+01
   2.4412230e+06   3.7170410e+01
   2.4512600e+06   6.4697266e+01
   2.4512750e+06   5.2551270e+01
   2.4513730e+06   3.4362793e+01
   2.4514070e+06   3.5888672e+01
   2.4514990e+06   4.5227051e+01
   2.4515460e+06   5.8898926e+01
   2.4521620e+06   3.7048340e+01
   2.4592990e+06   5.8959961e+01
   2.4594010e+06   3.7902832e+01
   2.4594820e+06   4.5532227e+01
   2.4597040e+06   3.4729004e+01
   2.4599580e+06   3.8818359e+01
   2.4599720e+06   3.4484863e+01
   2.4599890e+06   3.6865234e+01
   2.4691480e+06   3.7902832e+01
   2.4692730e+06   6.3110352e+01
   2.4693900e+06   5.7434082e+01
   2.4694350e+06   3.9245605e+01
   2.4696440e+06   4.0527344e+01
   2.4696650e+06   3.5705566e+01
   2.4697490e+06   3.4667969e+01
   2.4700070e+06   3.4423828e+01
   2.4700290e+06   3.8757324e+01
   2.4701650e+06   3.5766602e+01
   2.4800320e+06   3.5156250e+01
   2.4800590e+06   4.2785645e+01
   2.4801240e+06   4.3518066e+01
   2.4801560e+06   3.7231445e+01
   2.4804340e+06   4.3457031e+01
   2.4901430e+06   5.2490234e+01
   2.4901930e+06   3.4423828e+01
   2.4902960e+06   4.7851562e+01
   2.4905200e+06   3.6193848e+01
   2.4905700e+06   3.9489746e+01
   2.4905890e+06   4.2602539e+01
   2.4906050e+06   4.0771484e+01
   2.4908540e+06   3.5461426e+01
   2.4909650e+06   4.9804688e+01
   2.5004220e+06   3.4729004e+01
   2.5016530e+06   4.1870117e+01
   2.5017430e+06   7.7026367e+01
   2.5017800e+06   4.8217773e+01
   2.5018040e+06   4.2236328e+01
   2.5018750e+06   3.5766602e+01
   2.5019110e+06   3.5583496e+01
   2.5019700e+06   3.4973145e+01
   2.5020050e+06   4.5654297e+01
   2.5021020e+06   5.0415039e+01
   2.5021120e+06   4.1809082e+01
   2.5021300e+06   4.5898438e+01
   2.5022010e+06   3.6437988e+01
   2.5025220e+06   3.4912109e+01
   2.5096670e+06   3.5583496e+01
   2.5153790e+06   3.5034180e+01
   2.5153940e+06   4.6936035e+01
   2.5154310e+06   3.9916992e+01
   2.5154840e+06   6.1401367e+01
   2.5156350e+06   4.1015625e+01
   2.5156610e+06   4.4616699e+01
   2.5157110e+06   3.9123535e+01
   2.5244100e+06   3.5644531e+01
   2.5256840e+06   3.4240723e+01
   2.5271770e+06   3.6315918e+01
   2.5272870e+06   4.0649414e+01
   2.5273310e+06   7.5134277e+01
   2.5273950e+06   3.4973145e+01
   2.5274510e+06   4.5410156e+01
   2.5275350e+06   3.7109375e+01
   2.5275680e+06   4.1137695e+01
   2.5276000e+06   3.4484863e+01
   2.5276880e+06   3.5278320e+01
   2.5278530e+06   4.1564941e+01
   2.5398990e+06   5.6152344e+01
   2.5399470e+06   3.6987305e+01
   2.5400120e+06   4.1870117e+01
   2.5400220e+06   3.8940430e+01
   2.5400410e+06   4.4128418e+01
   2.5401370e+06   3.4362793e+01
   2.5401650e+06   3.9001465e+01
   2.5402290e+06   4.5043945e+01
   2.5403730e+06   4.0039062e+01
   2.5555460e+06   4.4189453e+01
   2.5556440e+06   3.4545898e+01
   2.5556710e+06   5.4809570e+01
   2.5556830e+06   3.9550781e+01
   2.5557580e+06   3.7048340e+01
   2.5558890e+06   3.9489746e+01
   2.5559860e+06   3.7048340e+01
   2.5561840e+06   3.7048340e+01
   2.5630080e+06   3.6071777e+01
   2.5642170e+06   3.4667969e+01
   2.5707120e+06   3.5400391e+01
   2.5707920e+06   4.4860840e+01
   2.5708510e+06   4.8645020e+01
   2.5710370e+06   4.1320801e+01
   2.5712790e+06   3.7658691e+01
   2.5760490e+06   4.2114258e+01
   2.5772930e+06   3.4729004e+01
   2.5827290e+06   5.9692383e+01
   2.5828660e+06   5.0109863e+01
   2.5828930e+06   5.3894043e+01
   2.5830800e+06   3.7170410e+01
   2.5831050e+06   3.6071777e+01
   2.5835590e+06   3.7170410e+01
   2.5877150e+06   3.4240723e+01
   2.5921690e+06   3.5400391e+01
   2.5951230e+06   6.7016602e+01
   2.5952500e+06   3.9733887e+01
   2.5952770e+06   6.2438965e+01
   2.5955260e+06   4.0100098e+01
   2.5956140e+06   3.9306641e+01
   2.5956400e+06   4.4738770e+01
   2.5957950e+06   4.2358398e+01
   2.6041060e+06   3.6376953e+01
   2.6051670e+06   3.6682129e+01
   2.6112810e+06   3.4729004e+01
   2.6113890e+06   4.7241211e+01
   2.6114190e+06   3.6987305e+01
   2.6116090e+06   5.0354004e+01
   2.6118950e+06   4.7973633e+01
   2.6123860e+06   3.4729004e+01
   2.6159500e+06   3.8330078e+01
   2.6172690e+06   3.4545898e+01
   2.6236220e+06   5.6701660e+01
   2.6236390e+06   3.5522461e+01
   2.6237710e+06   5.1391602e+01
   2.6238150e+06   4.6813965e+01
   2.6240420e+06   5.1818848e+01
   2.6244830e+06   3.7170410e+01
   2.6377760e+06   3.9733887e+01
   2.6388410e+06   4.4006348e+01
   2.6390000e+06   6.2927246e+01
   2.6392080e+06   5.1208496e+01
   2.6392260e+06   4.9194336e+01
   2.6394540e+06   5.4809570e+01
   2.6394810e+06   3.6010742e+01
   2.6399960e+06   3.9001465e+01
   2.6506870e+06   6.2133789e+01
   2.6507290e+06   4.0283203e+01
   2.6509040e+06   4.5166016e+01
   2.6509250e+06   3.8146973e+01
   2.6511620e+06   4.8156738e+01
   2.6513120e+06   3.7658691e+01
   2.6618570e+06   5.6579590e+01
   2.6620420e+06   4.0344238e+01
   2.6621050e+06   6.6040039e+01
   2.6623150e+06   4.0222168e+01
   2.6625640e+06   4.5898438e+01
   2.6693730e+06   3.4912109e+01
   2.6723530e+06   3.5461426e+01
   2.6770430e+06   3.4301758e+01
   2.6771910e+06   5.5419922e+01
   2.6773930e+06   5.8166504e+01
   2.6774690e+06   6.0913086e+01
   2.6776640e+06   3.9672852e+01
   2.6893920e+06   3.8085938e+01
   2.6917020e+06   6.0241699e+01
   2.6920530e+06   3.6682129e+01
   2.6920790e+06   5.7678223e+01
   2.6921020e+06   3.9062500e+01
   2.7003530e+06   3.4484863e+01
   2.7075400e+06   5.8898926e+01
   2.7081100e+06   4.5593262e+01
   2.7082900e+06   3.5156250e+01
   2.7121870e+06   3.7597656e+01
   2.7142250e+06   3.6987305e+01
   2.7164740e+06   3.6254883e+01
   2.7235870e+06   3.5827637e+01
   2.7238710e+06   5.2673340e+01
   2.7322710e+06   3.4606934e+01
   2.7391520e+06   3.4851074e+01
   2.7485010e+06   3.6132813e+01
   2.7645830e+06   3.4362793e+01
   2.7676660e+06   3.4423828e+01
   2.7736790e+06   3.8391113e+01
   2.7893010e+06   3.7658691e+01
   2.8074250e+06   3.5461426e+01
   2.8305210e+06   3.4790039e+01
   2.8559840e+06   3.5888672e+01
   2.8590450e+06   3.9184570e+01
   2.8751990e+06   3.5705566e+01
   2.8885040e+06   3.7719727e+01
   2.9136470e+06   3.5339355e+01
   2.9166370e+06   3.5583496e+01
   2.9226080e+06   3.4301758e+01
   2.9334640e+06   3.5034180e+01
   2.9353760e+06   3.8024902e+01
   2.9467840e+06   3.5095215e+01
   2.9520870e+06   3.5827637e+01
   2.9549290e+06   3.6376953e+01
   2.9641300e+06   3.5217285e+01
   2.9714360e+06   3.6865234e+01
   2.9725210e+06   3.9611816e+01
   2.9734050e+06   4.0832520e+01
   2.9858610e+06   4.0893555e+01
   2.9910450e+06   3.8879395e+01
   2.9920420e+06   3.5278320e+01
   3.0780190e+06   3.6621094e+01
   3.1024210e+06   3.8513184e+01
   3.1034020e+06   3.5034180e+01
   3.1093110e+06   4.1748047e+01
   3.1093430e+06   3.8818359e+01
   3.1094160e+06   3.6254883e+01
   3.1094280e+06   7.6599121e+01
   3.1094870e+06   3.5766602e+01
   3.1095150e+06   6.0180664e+01
   3.1095460e+06   4.6875000e+01
   3.1095930e+06   3.5339355e+01
   3.1096190e+06   4.4738770e+01
   3.1096610e+06   4.0100098e+01
   3.1096760e+06   3.6193848e+01
   3.1097080e+06   3.6560059e+01
   3.1098690e+06   4.1198730e+01
   3.1265780e+06   3.7475586e+01
   3.1336030e+06   4.6020508e+01
   3.1347760e+06   3.6621094e+01
   3.1464170e+06   3.9001465e+01
   3.1610470e+06   3.5522461e+01
   3.1896880e+06   3.7292480e+01
   3.1972570e+06   4.1809082e+01
   3.2013960e+06   4.3151855e+01
   3.2183640e+06   3.6071777e+01
   3.2207560e+06   4.7180176e+01
   3.2208130e+06   6.4208984e+01
   3.2213060e+06   5.8349609e+01
   3.2251590e+06   4.0344238e+01
   3.2263260e+06   3.6010742e+01
   3.2294370e+06   3.5644531e+01
   3.2347150e+06   3.6560059e+01
   3.2390510e+06   3.6132812e+01
   3.2408360e+06   3.5644531e+01
   3.2441320e+06   4.1748047e+01
   3.2452820e+06   3.8818359e+01
   3.2588790e+06   3.5583496e+01
   3.2647570e+06   3.6010742e+01
   3.2657210e+06   3.8391113e+01
   3.2740020e+06   3.7353516e+01
   3.2780560e+06   3.8391113e+01
   3.3162110e+06   3.5583496e+01
   3.3195120e+06   3.9245605e+01
   3.3236110e+06   3.8024902e+01
   3.3355410e+06   3.9855957e+01
   3.3435650e+06   3.5522461e+01
   3.3633780e+06   6.0852051e+01
   3.3637670e+06   3.6193848e+01
   3.3859030e+06   3.5583496e+01
   3.3919260e+06   6.4086914e+01
   3.3921040e+06   3.6132812e+01
   3.3923090e+06   4.2053223e+01
   3.3924000e+06   4.9865723e+01
   3.3924170e+06   4.0588379e+01
   3.3924410e+06   7.8186035e+01
   3.3924970e+06   4.1320801e+01
   3.3925270e+06   3.9489746e+01
   3.3925600e+06   5.5908203e+01
   3.3925730e+06   4.1748047e+01
   3.3926530e+06   4.2297363e+01
   3.3927120e+06   3.5583496e+01
   3.3927530e+06   3.8879395e+01
   3.3927950e+06   3.5156250e+01
   3.3928560e+06   3.6376953e+01
   3.3930660e+06   3.6560059e+01
   3.3932880e+06   3.5400391e+01
   3.4077880e+06   3.5400391e+01
   3.4315240e+06   3.6132812e+01
   3.4345750e+06   3.6010742e+01
   3.4480550e+06   3.8574219e+01
   3.4534720e+06   3.8269043e+01
   3.4534980e+06   4.5959473e+01
   3.4535630e+06   5.4260254e+01
   3.4535800e+06   5.3161621e+01
   3.4536050e+06   3.7353516e+01
   3.4536380e+06   5.9814453e+01
   3.4536610e+06   6.5734863e+01
   3.4536860e+06   4.1442871e+01
   3.4536960e+06   4.2663574e+01
   3.4537530e+06   4.6691895e+01
   3.4537660e+06   4.0771484e+01
   3.4539190e+06   4.1809082e+01
   3.4546440e+06   3.8208008e+01
   3.4793330e+06   3.9306641e+01
   3.4815280e+06   5.5725098e+01
   3.4815750e+06   3.9184570e+01
   3.4816030e+06   7.8552246e+01
   3.4816430e+06   3.8818359e+01
   3.4816780e+06   6.0302734e+01
   3.4817320e+06   4.6447754e+01
   3.4817720e+06   3.8818359e+01
   3.4818310e+06   5.9082031e+01
   3.4818460e+06   3.8024902e+01
   3.4818720e+06   4.0588379e+01
   3.4819070e+06   3.6621094e+01
   3.4820660e+06   3.5400391e+01
   3.4983710e+06   5.3588867e+01
   3.4984760e+06   6.2438965e+01
   3.4984860e+06   4.5410156e+01
   3.4985380e+06   5.1818848e+01
   3.4985610e+06   4.5837402e+01
   3.4986310e+06   4.8156738e+01
   3.4986530e+06   4.1015625e+01
   3.4986720e+06   5.9326172e+01
   3.4987110e+06   4.0161133e+01
   3.4987390e+06   3.6621094e+01
   3.4987750e+06   4.5104980e+01
   3.4987950e+06   3.7658691e+01
   3.4988050e+06   4.1625977e+01
   3.4988340e+06   3.5705566e+01
   3.4990010e+06   4.4128418e+01
   3.4995820e+06   3.5766602e+01
   3.5081070e+06   3.7231445e+01
   3.5113210e+06   4.1748047e+01
   3.5117040e+06   6.4147949e+01
   3.5117160e+06   4.9255371e+01
   3.5117700e+06   3.7353516e+01
   3.5118730e+06   4.2358398e+01
   3.5119270e+06   4.6508789e+01
   3.5119470e+06   3.5095215e+01
   3.5120590e+06   4.6997070e+01
   3.5121010e+06   4.4860840e+01
   3.5122490e+06   3.5522461e+01
   3.5123190e+06   4.1137695e+01
   3.5123840e+06   4.2297363e+01
   3.5126190e+06   3.7292480e+01
   3.5202780e+06   3.8024902e+01
   3.5219070e+06   6.9091797e+01
   3.5219350e+06   4.3212891e+01
   3.5219700e+06   3.9001465e+01
   3.5219910e+06   5.4138184e+01
   3.5220590e+06   4.2663574e+01
   3.5221250e+06   3.6865234e+01
   3.5221770e+06   4.0283203e+01
   3.5222230e+06   4.0832520e+01
   3.5222370e+06   4.7668457e+01
   3.5223310e+06   4.5043945e+01
   3.5224080e+06   3.8330078e+01
   3.5226850e+06   3.5949707e+01
   3.5229140e+06   4.0161133e+01
   3.5313400e+06   3.7170410e+01
   3.5335680e+06   3.8391113e+01
   3.5336050e+06   3.7353516e+01
   3.5336460e+06   6.6894531e+01
   3.5337070e+06   3.9184570e+01
   3.5338310e+06   3.9123535e+01
   3.5339600e+06   4.0649414e+01
   3.5341270e+06   5.0720215e+01
   3.5341940e+06   3.9428711e+01
   3.5345150e+06   4.1442871e+01
   3.5445590e+06   3.6010742e+01
   3.5446100e+06   3.5034180e+01
   3.5446870e+06   3.5156250e+01
   3.5447090e+06   4.0100098e+01
   3.5447300e+06   4.5471191e+01
   3.5447450e+06   3.5888672e+01
   3.5448730e+06   4.2297363e+01
   3.5448980e+06   4.5043945e+01
   3.5449150e+06   6.1584473e+01
   3.5450980e+06   4.5776367e+01
   3.5451330e+06   3.5461426e+01
   3.5532610e+06   3.5034180e+01
   3.5570450e+06   4.9621582e+01
   3.5570550e+06   3.6682129e+01
   3.5572540e+06   5.0720215e+01
   3.5573200e+06   3.7048340e+01
   3.5573380e+06   4.2358398e+01
   3.5574920e+06   3.7963867e+01
   3.5575860e+06   4.3823242e+01
   3.5578430e+06   3.7597656e+01
   3.5662990e+06   5.6762695e+01
   3.5663700e+06   3.8818359e+01
   3.5664310e+06   4.9194336e+01
   3.5664910e+06   3.7719727e+01
   3.5665160e+06   4.0954590e+01
   3.5666580e+06   4.0527344e+01
   3.5666710e+06   4.4677734e+01
   3.5668380e+06   3.5461426e+01
   3.5668540e+06   3.6682129e+01
   3.5671700e+06   3.7597656e+01
   3.5758450e+06   3.9855957e+01
   3.5758960e+06   5.7922363e+01
   3.5759540e+06   3.6926270e+01
   3.5760040e+06   4.5654297e+01
   3.5760610e+06   4.2114258e+01
   3.5761380e+06   3.5705566e+01
   3.5761520e+06   3.9428711e+01
   3.5762870e+06   4.5959473e+01
   3.5765330e+06   3.7597656e+01
   3.5767980e+06   3.7231445e+01
   3.5768890e+06   3.8574219e+01
   3.5854690e+06   4.8522949e+01
   3.5856100e+06   4.4616699e+01
   3.5856660e+06   3.5217285e+01
   3.5856860e+06   3.5034180e+01
   3.5857170e+06   4.0710449e+01
   3.5859160e+06   5.0292969e+01
   3.5859660e+06   4.8767090e+01
   3.5861690e+06   4.2297363e+01
   3.5862190e+06   3.8391113e+01
   3.5955640e+06   3.9733887e+01
   3.5982830e+06   5.9020996e+01
   3.5983710e+06   3.6560059e+01
   3.5983870e+06   3.7170410e+01
   3.5984070e+06   5.0231934e+01
   3.5985010e+06   5.7006836e+01
   3.5985230e+06   3.5644531e+01
   3.5985880e+06   3.8879395e+01
   3.5985980e+06   5.0109863e+01
   3.5986550e+06   3.5888672e+01
   3.5987300e+06   3.8513184e+01
   3.5987760e+06   4.7790527e+01
   3.5989120e+06   3.7475586e+01
   3.5989690e+06   3.5644531e+01
   3.6097030e+06   3.7231445e+01
   3.6101180e+06   3.6254883e+01
   3.6102060e+06   3.7292480e+01
   3.6102400e+06   5.5297852e+01
   3.6104600e+06   4.3029785e+01
   3.6105720e+06   4.2724609e+01
   3.6106650e+06   4.9194336e+01
   3.6106790e+06   3.5644531e+01
   3.6212940e+06   3.5034180e+01
   3.6213540e+06   3.5949707e+01
   3.6213720e+06   3.8879395e+01
   3.6213880e+06   5.8776855e+01
   3.6214590e+06   3.9550781e+01
   3.6215070e+06   5.4199219e+01
   3.6216340e+06   3.6499023e+01
   3.6216720e+06   3.7292480e+01
   3.6217180e+06   3.7658691e+01
   3.6217640e+06   3.6743164e+01
   3.6218450e+06   4.6813965e+01
   3.6306680e+06   5.6030273e+01
   3.6307900e+06   3.5583496e+01
   3.6308000e+06   3.9123535e+01
   3.6308220e+06   3.6743164e+01
   3.6309380e+06   3.6499023e+01
   3.6309800e+06   3.9489746e+01
   3.6310590e+06   4.8522949e+01
   3.6312550e+06   3.7597656e+01
   3.6436570e+06   4.8767090e+01
   3.6437610e+06   4.7851562e+01
   3.6437950e+06   6.8542480e+01
   3.6439320e+06   3.8635254e+01
   3.6439860e+06   4.1625977e+01
   3.6441790e+06   4.3701172e+01
   3.6544480e+06   3.5034180e+01
   3.6586020e+06   3.8024902e+01
   3.6589970e+06   5.0964355e+01
   3.6591040e+06   4.3884277e+01
   3.6591540e+06   4.6386719e+01
   3.6592230e+06   4.1564941e+01
   3.6592340e+06   3.5278320e+01
   3.6592930e+06   3.6010742e+01
   3.6593050e+06   3.6865234e+01
   3.6593450e+06   4.5104980e+01
   3.6595590e+06   3.8330078e+01
   3.6713500e+06   5.2551270e+01
   3.6714810e+06   5.0903320e+01
   3.6715490e+06   3.5766602e+01
   3.6717000e+06   4.9987793e+01
   3.6717140e+06   3.7841797e+01
   3.6718170e+06   4.1320801e+01
   3.6722460e+06   3.9001465e+01
   3.6723420e+06   3.6010742e+01
   3.6790560e+06   3.8940430e+01
   3.6860180e+06   6.6467285e+01
   3.6861790e+06   4.8645020e+01
   3.6862020e+06   5.6518555e+01
   3.6864150e+06   4.7729492e+01
   3.6864550e+06   4.0710449e+01
   3.6866400e+06   4.1503906e+01
   3.6867270e+06   3.6071777e+01
   3.6869450e+06   3.9550781e+01
   3.6870180e+06   4.1015625e+01
   3.6958610e+06   3.5522461e+01
   3.6987770e+06   4.2419434e+01
   3.6989670e+06   7.3791504e+01
   3.6990740e+06   4.1931152e+01
   3.6991720e+06   6.2805176e+01
   3.6992640e+06   3.6376953e+01
   3.6994040e+06   4.0588379e+01
   3.7054220e+06   3.5278320e+01
   3.7121550e+06   6.4697266e+01
   3.7121710e+06   3.8208008e+01
   3.7122760e+06   3.6376953e+01
   3.7123200e+06   5.6579590e+01
   3.7124070e+06   3.6499023e+01
   3.7124490e+06   3.7475586e+01
   3.7125000e+06   5.2185059e+01
   3.7126930e+06   3.5644531e+01
   3.7253140e+06   6.7138672e+01
   3.7254370e+06   3.5339355e+01
   3.7254590e+06   4.5227051e+01
   3.7255700e+06   3.5400391e+01
   3.7256300e+06   3.5705566e+01
   3.7257150e+06   4.6875000e+01
   3.7257930e+06   3.5095215e+01
   3.7259980e+06   4.2846680e+01
   3.7396220e+06   4.6081543e+01
   3.7397590e+06   5.4748535e+01
   3.7397700e+06   5.3222656e+01
   3.7398310e+06   3.6560059e+01
   3.7399850e+06   5.4382324e+01
   3.7400130e+06   4.6081543e+01
   3.7402760e+06   3.7353516e+01
   3.7469390e+06   3.9001465e+01
   3.7519270e+06   3.6132812e+01
   3.7519960e+06   6.2500000e+01
   3.7521270e+06   4.1442871e+01
   3.7522090e+06   5.1574707e+01
   3.7523220e+06   3.8146973e+01
   3.7524800e+06   4.0954590e+01
   3.7528540e+06   5.0659180e+01
   3.7618620e+06   3.8024902e+01
   3.7650260e+06   3.5522461e+01
   3.7660520e+06   5.5053711e+01
   3.7662040e+06   4.3273926e+01
   3.7662850e+06   6.0791016e+01
   3.7664520e+06   4.7729492e+01
   3.7666200e+06   4.2419434e+01
   3.7744630e+06   3.7536621e+01
   3.7785950e+06   5.8776855e+01
   3.7787290e+06   4.2846680e+01
   3.7787990e+06   5.3222656e+01
   3.7788640e+06   4.2297363e+01
   3.7789010e+06   3.5095215e+01
   3.7791070e+06   5.2124023e+01
   3.7794430e+06   4.3945312e+01
   3.7924420e+06   6.2255859e+01
   3.7925960e+06   3.8818359e+01
   3.7926120e+06   3.9611816e+01
   3.7927070e+06   4.7668457e+01
   3.7928470e+06   4.4311523e+01
   3.7929850e+06   4.8400879e+01
   3.7931960e+06   3.7841797e+01
   3.7964860e+06   3.5034180e+01
   3.8067030e+06   5.9570312e+01
   3.8068200e+06   4.1809082e+01
   3.8068860e+06   4.8034668e+01
   3.8068960e+06   6.5307617e+01
   3.8071360e+06   3.9611816e+01
   3.8071950e+06   4.6508789e+01
   3.8074780e+06   4.1564941e+01
   3.8076420e+06   3.5827637e+01
   3.8138820e+06   3.5095215e+01
   3.8235200e+06   3.5095215e+01
   3.8239190e+06   6.0607910e+01
   3.8240540e+06   4.6081543e+01
   3.8242320e+06   3.8391113e+01
   3.8242820e+06   3.6437988e+01
   3.8246060e+06   4.7241211e+01
   3.8248290e+06   5.0781250e+01
   3.8392090e+06   6.5185547e+01
   3.8393980e+06   4.1992188e+01
   3.8394850e+06   4.8400879e+01
   3.8397730e+06   5.9082031e+01
   3.8399110e+06   4.3823242e+01
   3.8558380e+06   3.7475586e+01
   3.8576700e+06   3.9978027e+01
   3.8592260e+06   6.6711426e+01
   3.8593960e+06   6.1462402e+01
   3.8594780e+06   7.2509766e+01
   3.8597030e+06   6.4880371e+01
   3.8598760e+06   5.2917480e+01
   3.8665300e+06   3.8024902e+01
   3.8674780e+06   3.6071777e+01
   3.8727520e+06   5.3039551e+01
   3.8729780e+06   3.8757324e+01
   3.8730240e+06   6.2927246e+01
   3.8794870e+06   3.6987305e+01
   3.8842950e+06   3.6926270e+01
   3.8873500e+06   5.6640625e+01
   3.8873750e+06   3.5522461e+01
   3.8876590e+06   4.8645020e+01
   3.8941920e+06   3.6865234e+01
   3.9035970e+06   5.6030273e+01
   3.9062940e+06   3.5217285e+01
   3.9167670e+06   3.6376953e+01
   3.9184640e+06   3.8085938e+01
   3.9614590e+06   5.0537109e+01
   3.9852220e+06   3.6010742e+01
   3.9900760e+06   3.7963867e+01
   3.9930480e+06   3.5705566e+01
   3.9949250e+06   3.6254883e+01
   3.9959390e+06   3.6071777e+01
   4.0141730e+06   3.5278320e+01
   4.0154430e+06   4.2236328e+01
   4.0334410e+06   3.7780762e+01
   4.0437480e+06   3.5827637e+01
   4.0613470e+06   3.8146973e+01
   4.0622380e+06   3.6865234e+01
   4.0678310e+06   3.5217285e+01
   4.0698420e+06   3.6499023e+01
   4.0729390e+06   3.6926270e+01
   4.0837920e+06   3.6682129e+01
   4.0907220e+06   3.6193848e+01
   4.0996660e+06   3.8757324e+01
   4.1210420e+06   3.5888672e+01
   4.1329430e+06   4.3395996e+01
   4.1359570e+06   3.5888672e+01
   4.1398280e+06   3.6682129e+01
   4.1545600e+06   3.5217285e+01
   4.1941950e+06   3.8635254e+01
   4.1950680e+06   3.5034180e+01
   4.1961110e+06   3.6071777e+01
   4.1992640e+06   3.7536621e+01
   4.2252150e+06   3.8085938e+01
   4.2331870e+06   3.5095215e+01
   4.2435830e+06   3.6132812e+01
   4.2487060e+06   3.8452148e+01
   4.2496740e+06   3.5156250e+01
   4.2537580e+06   3.9428711e+01
   4.2753960e+06   3.9184570e+01
   4.2831690e+06   3.6804199e+01
   4.2850820e+06   3.7353516e+01
   4.2861460e+06   3.6865234e+01
   4.2862070e+06   3.6437988e+01
   4.2961750e+06   3.5766602e+01
   4.2971190e+06   3.7475586e+01
   4.3077500e+06   3.5583496e+01
   4.3127090e+06   3.6132812e+01
   4.3356540e+06   3.5766602e+01
   4.3407470e+06   3.5461426e+01
   4.3456550e+06   3.5705566e+01
   4.3607910e+06   3.5400391e+01
   4.4277780e+06   3.5522461e+01
   4.4327410e+06   3.8635254e+01
   4.4612870e+06   3.6376953e+01
   4.4641770e+06   3.5339355e+01
   4.4729100e+06   3.8635254e+01
   4.4775890e+06   3.6682129e+01
   4.4824980e+06   3.5034180e+01
   4.4904180e+06   3.5156250e+01
   4.5030020e+06   3.5400391e+01
   4.5237230e+06   3.6621094e+01
   4.5448560e+06   3.6254883e+01
   4.5591500e+06   3.6804199e+01
   4.5602230e+06   3.6682129e+01
   4.5639550e+06   3.6499023e+01
   4.5707880e+06   3.7414551e+01
   4.5827170e+06   3.6926270e+01
   4.5846440e+06   3.5400391e+01
   4.6101830e+06   3.6193848e+01
   4.6639740e+06   3.6865234e+01
   4.6747430e+06   3.5827637e+01
   4.6882400e+06   3.5034180e+01
   4.6911600e+06   3.8024902e+01
   4.6999520e+06   3.6865234e+01
   4.7049600e+06   3.9489746e+01
   4.7129530e+06   3.9001465e+01
   4.7159580e+06   3.6682129e+01
   4.7198330e+06   3.7841797e+01
   4.7342130e+06   3.5034180e+01
   4.7557160e+06   3.8146973e+01
   4.7607460e+06   3.8208008e+01
   4.7751580e+06   3.5278320e+01
   4.7920290e+06   3.6926270e+01
   4.8033310e+06   3.6132812e+01
   4.8254760e+06   3.7353516e+01
   4.8460840e+06   3.6743164e+01
   4.8480010e+06   3.5034180e+01
   4.8499170e+06   3.5888672e+01
   4.8567470e+06   3.8269043e+01
   4.8615430e+06   3.9123535e+01
   4.8880230e+06   4.0344238e+01
   4.8984470e+06   3.7658691e+01
   4.9098080e+06   3.6499023e+01
   4.9173180e+06   3.6193848e+01
   4.9241050e+06   3.6071777e+01
   4.9261110e+06   3.6560059e+01
   4.9414460e+06   3.6743164e+01
   4.9481820e+06   3.5217285e+01
   4.9547680e+06   4.3579102e+01
   4.9825100e+06   3.6437988e+01
   4.9997760e+06   3.9978027e+01
   5.0007510e+06   3.5461426e+01
   5.0086160e+06   3.5217285e+01
   5.0106880e+06   3.5339355e+01
   5.0294750e+06   3.5278320e+01
   5.0343540e+06   3.5644531e+01
   5.0454040e+06   3.5217285e+01
   5.0851580e+06   3.6804199e+01
   5.0861670e+06   3.7048340e+01
   5.0950140e+06   3.8024902e+01
   5.0996610e+06   3.6499023e+01
   5.1159300e+06   3.9550781e+01
   5.1599610e+06   3.5278320e+01
   5.1655670e+06   3.9978027e+01
   5.2031250e+06   3.8208008e+01
   5.2135540e+06   3.6560059e+01
   5.2446050e+06   3.5095215e+01
   5.2501390e+06   3.9550781e+01
   5.2678460e+06   3.9367676e+01
   5.2707800e+06   3.5461426e+01
   5.2736140e+06   3.6865234e+01
   5.2746020e+06   3.5705566e+01
   5.2874570e+06   3.6682129e+01
   5.2979780e+06   3.8024902e+01
   5.3302760e+06   3.6560059e+01
   5.3583940e+06   3.9428711e+01
   5.3723810e+06   3.6376953e+01
   5.3732930e+06   3.6987305e+01
   5.3821710e+06   3.6132812e+01
   5.3937650e+06   3.8146973e+01
   5.3994940e+06   3.5827637e+01
   5.4068330e+06   3.9611816e+01
   5.4107420e+06   3.6437988e+01
   5.4155160e+06   3.6804199e+01
   5.4212280e+06   3.5888672e+01
   5.4515540e+06   3.6499023e+01
   5.4630840e+06   3.5705566e+01
   5.4784070e+06   3.8757324e+01
   5.4842650e+06   3.5400391e+01
   5.4852620e+06   3.6193848e+01
   5.5164290e+06   3.7841797e+01
   5.5251900e+06   3.5583496e+01
   5.5397250e+06   3.9306641e+01
   5.5426090e+06   3.5400391e+01
   5.5882540e+06   3.7170410e+01
   5.5901620e+06   4.0893555e+01
   5.6034660e+06   3.6315918e+01
   5.6276330e+06   3.9184570e+01
   5.6437210e+06   3.5034180e+01
   5.6494250e+06   3.6560059e+01
   5.6741950e+06   3.9184570e+01
   5.6835890e+06   3.9489746e+01
   5.7057590e+06   3.7597656e+01
   5.7224980e+06   4.2663574e+01
   5.7401070e+06   3.7170410e+01
   5.7410740e+06   4.1015625e+01
   5.7559010e+06   3.6254883e+01
   5.7724010e+06   3.6437988e+01
   5.7818300e+06   3.5522461e+01
   5.7855890e+06   3.8085938e+01
   5.8117490e+06   3.9489746e+01
   5.8146840e+06   3.5217285e+01
   5.8237260e+06   3.5217285e+01
   5.8265040e+06   3.9550781e+01
   5.8282800e+06   3.7109375e+01
   5.8472410e+06   3.5827637e+01
   5.8491240e+06   3.5400391e+01
   5.8528300e+06   3.6621094e+01
   5.8577750e+06   3.6499023e+01
   5.8718870e+06   3.5949707e+01
   5.8784150e+06   3.7963867e+01
   5.8795900e+06   3.6437988e+01
   5.8918280e+06   3.5766602e+01
   5.8958610e+06   3.9306641e+01
   5.9089610e+06   3.5400391e+01
   5.9221730e+06   3.7475586e+01
   5.9371840e+06   3.5278320e+01
   5.9535370e+06   4.4250488e+01
   5.9718000e+06   3.6376953e+01
   5.9727090e+06   3.8146973e+01
   5.9945580e+06   3.5400391e+01
   6.0192940e+06   3.6010742e+01
   6.0230910e+06   3.5461426e+01
   6.0346460e+06   3.4362793e+01
   6.0601580e+06   3.6499023e+01
   6.0745410e+06   3.8696289e+01
   6.0755130e+06   3.6743164e+01
   6.0774130e+06   3.6376953e+01
   6.0869800e+06   3.5827637e+01
   6.0984640e+06   3.5339355e+01
   6.1154940e+06   3.9062500e+01
   6.1480390e+06   3.5766602e+01
   6.1516560e+06   3.4301758e+01
   6.1619070e+06   3.4973145e+01
   6.1693630e+06   3.5949707e+01
   6.1721700e+06   3.4851074e+01
   6.1761080e+06   3.7414551e+01
   6.1855810e+06   3.8452148e+01
   6.1883360e+06   3.4545898e+01
   6.1950700e+06   3.5888672e+01
   6.1990490e+06   3.5949707e+01
   6.2038630e+06   3.4790039e+01
   6.2132260e+06   3.7414551e+01
   6.2209410e+06   3.5156250e+01
   6.2296300e+06   3.5522461e+01
   6.2440930e+06   3.4301758e+01
   6.2683210e+06   3.6376953e+01
   6.2945200e+06   3.6193848e+01
   6.2996840e+06   3.7536621e+01
   6.3017800e+06   3.4606934e+01
   6.3037400e+06   3.7841797e+01
   6.3076350e+06   3.4301758e+01
   6.3115400e+06   3.6682129e+01
   6.3188760e+06   3.5644531e+01
   6.3228930e+06   3.4484863e+01
   6.3284580e+06   3.6193848e+01
   6.3387850e+06   3.7841797e+01
   6.3388310e+06   3.7597656e+01
   6.3388570e+06   5.8715820e+01
   6.3389190e+06   6.3598633e+01
   6.3389400e+06   4.8522949e+01
   6.3389750e+06   3.9184570e+01
   6.3390170e+06   4.4128418e+01
   6.3390280e+06   4.9621582e+01
   6.3391000e+06   3.7963867e+01
   6.3391630e+06   3.5278320e+01
   6.3391880e+06   3.9367676e+01
   6.3392380e+06   3.7963867e+01
   6.3528240e+06   4.1198730e+01
   6.3540370e+06   3.7658691e+01
   6.3562260e+06   3.7780762e+01
   6.3629680e+06   3.4912109e+01
   6.3683900e+06   3.4973145e+01
   6.3895380e+06   3.4362793e+01
   6.3957940e+06   4.2419434e+01
   6.3961170e+06   5.2246094e+01
   6.4019570e+06   3.4484863e+01
   6.4121190e+06   3.6743164e+01
   6.4266470e+06   3.4301758e+01
   6.4294850e+06   3.4484863e+01
   6.4402450e+06   3.5583496e+01
   6.4432460e+06   3.6865234e+01
   6.4513710e+06   3.9672852e+01
   6.4514170e+06   6.7016602e+01
   6.4514420e+06   7.5378418e+01
   6.4514550e+06   4.2114258e+01
   6.4514890e+06   3.5705566e+01
   6.4515340e+06   4.0527344e+01
   6.4515570e+06   3.5583496e+01
   6.4516120e+06   5.6274414e+01
   6.4516470e+06   3.6376953e+01
   6.4516900e+06   3.4545898e+01
   6.4547940e+06   3.4729004e+01
   6.4694050e+06   3.6560059e+01
   6.4775250e+06   3.8818359e+01
   6.4815140e+06   3.7536621e+01
   6.4869950e+06   5.4382324e+01
   6.4870430e+06   8.2458496e+01
   6.4870910e+06   4.8278809e+01
   6.4871030e+06   6.2744141e+01
   6.4871280e+06   3.6682129e+01
   6.4871460e+06   4.8461914e+01
   6.4871720e+06   5.7739258e+01
   6.4872110e+06   4.4921875e+01
   6.4872340e+06   5.7434082e+01
   6.4873000e+06   4.4494629e+01
   6.4873700e+06   3.7048340e+01
   6.4874240e+06   4.7485352e+01
   6.4889640e+06   3.6987305e+01
   6.4972710e+06   3.6376953e+01
   6.5029760e+06   3.4545898e+01
   6.5039890e+06   3.7841797e+01
   6.5085650e+06   4.1442871e+01
   6.5089750e+06   5.6762695e+01
   6.5089930e+06   3.4545898e+01
   6.5091000e+06   4.8828125e+01
   6.5091370e+06   5.8898926e+01
   6.5091530e+06   4.3884277e+01
   6.5091920e+06   3.9855957e+01
   6.5092120e+06   3.5766602e+01
   6.5092410e+06   5.7678223e+01
   6.5092730e+06   6.5490723e+01
   6.5093010e+06   4.4189453e+01
   6.5093320e+06   3.4362793e+01
   6.5093630e+06   4.3823242e+01
   6.5094280e+06   3.6743164e+01
   6.5245250e+06   5.3466797e+01
   6.5248090e+06   3.6804199e+01
   6.5249180e+06   3.8940430e+01
   6.5250300e+06   5.3283691e+01
   6.5251490e+06   3.7231445e+01
   6.5252490e+06   4.8461914e+01
   6.5252970e+06   3.9611816e+01
   6.5253190e+06   3.8574219e+01
   6.5254130e+06   3.5644531e+01
   6.5255410e+06   4.3640137e+01
   6.5255760e+06   4.9194336e+01
   6.5257260e+06   3.7353516e+01
   6.5257470e+06   5.3466797e+01
   6.5257610e+06   3.5278320e+01
   6.5258060e+06   5.1940918e+01
   6.5258500e+06   4.4982910e+01
   6.5259200e+06   3.4606934e+01
   6.5259570e+06   3.7109375e+01
   6.5259710e+06   4.1992188e+01
   6.5260710e+06   4.3395996e+01
   6.5261040e+06   3.7658691e+01
   6.5261660e+06   3.5278320e+01
   6.5452010e+06   6.1767578e+01
   6.5452450e+06   3.6437988e+01
   6.5452870e+06   3.5034180e+01
   6.5453200e+06   3.5217285e+01
   6.5454290e+06   4.4677734e+01
   6.5454680e+06   3.9611816e+01
   6.5454890e+06   3.8269043e+01
   6.5455130e+06   4.9377441e+01
   6.5455880e+06   3.5644531e+01
   6.5456650e+06   4.1931152e+01
   6.5460040e+06   3.5949707e+01
   6.5581210e+06   3.5583496e+01
   6.5593370e+06   4.9926758e+01
   6.5594760e+06   5.4199219e+01
   6.5595570e+06   6.0974121e+01
   6.5597140e+06   3.5095215e+01
   6.5597760e+06   4.5166016e+01
   6.5598490e+06   3.7353516e+01
   6.5600520e+06   3.8024902e+01
   6.5601740e+06   3.9367676e+01
   6.5603540e+06   3.9855957e+01
   6.5607470e+06   4.4006348e+01
   6.5607820e+06   3.4667969e+01
   6.5615490e+06   3.6499023e+01
   6.5716960e+06   5.8044434e+01
   6.5718020e+06   3.5400391e+01
   6.5718400e+06   3.6743164e+01
   6.5718510e+06   4.6264648e+01
   6.5718800e+06   4.6752930e+01
   6.5720150e+06   3.8330078e+01
   6.5720660e+06   4.0466309e+01
   6.5720950e+06   3.5827637e+01
   6.5721500e+06   3.6071777e+01
   6.5722080e+06   4.7851562e+01
   6.5722660e+06   5.3955078e+01
   6.5724350e+06   3.4973145e+01
   6.5724890e+06   3.5888672e+01
   6.5726900e+06   3.7353516e+01
   6.5727320e+06   3.8208008e+01
   6.5810040e+06   3.7963867e+01
   6.5873270e+06   3.5156250e+01
   6.5880640e+06   6.5246582e+01
   6.5880770e+06   4.1259766e+01
   6.5881090e+06   4.7912598e+01
   6.5882150e+06   5.2612305e+01
   6.5882740e+06   3.9855957e+01
   6.5883700e+06   4.9377441e+01
   6.5884120e+06   3.9550781e+01
   6.5885880e+06   6.7260742e+01
   6.5887130e+06   4.2724609e+01
   6.5887260e+06   3.5034180e+01
   6.5887760e+06   3.9428711e+01
   6.5888520e+06   3.7658691e+01
   6.5889380e+06   3.4912109e+01
   6.5890200e+06   3.4851074e+01
   6.5891470e+06   3.7109375e+01
   6.5893930e+06   3.6499023e+01
   6.6008340e+06   3.9855957e+01
   6.6009060e+06   5.8898926e+01
   6.6010000e+06   4.4921875e+01
   6.6011460e+06   3.7597656e+01
   6.6012090e+06   4.9316406e+01
   6.6014970e+06   3.6254883e+01
   6.6015430e+06   4.0100098e+01
   6.6017950e+06   3.8085938e+01
   6.6020020e+06   3.5522461e+01
   6.6095300e+06   3.4484863e+01
   6.6110810e+06   5.5236816e+01
   6.6111870e+06   3.5339355e+01
   6.6113070e+06   3.4790039e+01
   6.6113510e+06   3.8208008e+01
   6.6114160e+06   5.2368164e+01
   6.6114590e+06   5.4321289e+01
   6.6115340e+06   4.5166016e+01
   6.6116310e+06   5.0842285e+01
   6.6118300e+06   4.8339844e+01
   6.6118700e+06   3.9306641e+01
   6.6119430e+06   3.5949707e+01
   6.6120090e+06   3.6682129e+01
   6.6121210e+06   4.7180176e+01
   6.6123580e+06   4.2053223e+01
   6.6276920e+06   3.7292480e+01
   6.6280770e+06   7.0007324e+01
   6.6281910e+06   5.3100586e+01
   6.6282090e+06   5.0231934e+01
   6.6282300e+06   4.4433594e+01
   6.6282990e+06   3.5278320e+01
   6.6283840e+06   4.7973633e+01
   6.6284020e+06   3.7231445e+01
   6.6286360e+06   3.5278320e+01
   6.6287070e+06   4.2724609e+01
   6.6288130e+06   4.5166016e+01
   6.6289600e+06   3.6560059e+01
   6.6350720e+06   3.4973145e+01
   6.6409810e+06   5.6762695e+01
   6.6410900e+06   5.6091309e+01
   6.6411000e+06   4.5104980e+01
   6.6412100e+06   3.6804199e+01
   6.6412810e+06   4.3762207e+01
   6.6413160e+06   4.5043945e+01
   6.6415370e+06   3.7414551e+01
   6.6416180e+06   4.0283203e+01
   6.6418050e+06   3.4606934e+01
   6.6419330e+06   3.8085938e+01
   6.6499670e+06   3.5095215e+01
   6.6521990e+06   3.5461426e+01
   6.6581980e+06   3.4545898e+01
   6.6582130e+06   5.4748535e+01
   6.6583010e+06   3.9733887e+01
   6.6583180e+06   3.6499023e+01
   6.6583300e+06   3.6254883e+01
   6.6583790e+06   3.6743164e+01
   6.6584580e+06   3.4912109e+01
   6.6585840e+06   4.2724609e+01
   6.6586420e+06   4.1748047e+01
   6.6587930e+06   4.0893555e+01
   6.6588380e+06   3.9062500e+01
   6.6652520e+06   3.8391113e+01
   6.6788080e+06   3.7902832e+01
   6.6789050e+06   3.4423828e+01
   6.6789370e+06   5.7861328e+01
   6.6790460e+06   3.5095215e+01
   6.6790790e+06   3.5034180e+01
   6.6791450e+06   4.0283203e+01
   6.6794400e+06   3.4606934e+01
   6.6796160e+06   3.9550781e+01
   6.6796800e+06   3.7292480e+01
   6.6797100e+06   3.4912109e+01
   6.6799490e+06   3.6376953e+01
   6.6896700e+06   3.4606934e+01
   6.6942080e+06   3.4301758e+01
   6.6942500e+06   3.7231445e+01
   6.6943310e+06   3.9001465e+01
   6.6943510e+06   5.0231934e+01
   6.6944430e+06   4.5288086e+01
   6.6945360e+06   3.7170410e+01
   6.6945860e+06   6.3720703e+01
   6.6946380e+06   3.6132812e+01
   6.6948300e+06   4.3395996e+01
   6.6948860e+06   3.4973145e+01
   6.6953390e+06   4.2053223e+01
   6.7150360e+06   5.0720215e+01
   6.7150910e+06   3.7231445e+01
   6.7151420e+06   3.9001465e+01
   6.7151810e+06   5.4077148e+01
   6.7152630e+06   4.3701172e+01
   6.7152850e+06   4.1320801e+01
   6.7154070e+06   3.8635254e+01
   6.7154480e+06   3.7048340e+01
   6.7156750e+06   3.7597656e+01
   6.7157400e+06   3.6193848e+01
   6.7160960e+06   4.5593262e+01
   6.7161420e+06   3.8452148e+01
   6.7218920e+06   3.6315918e+01
   6.7351510e+06   6.5917969e+01
   6.7352460e+06   3.9245605e+01
   6.7352750e+06   4.5471191e+01
   6.7353540e+06   5.5114746e+01
   6.7354900e+06   3.7780762e+01
   6.7356340e+06   4.7058105e+01
   6.7357360e+06   4.9316406e+01
   6.7395140e+06   3.4790039e+01
   6.7502850e+06   5.4687500e+01
   6.7504020e+06   4.5471191e+01
   6.7506160e+06   4.1259766e+01
   6.7506360e+06   3.9062500e+01
   6.7506590e+06   3.6499023e+01
   6.7508320e+06   3.5339355e+01
   6.7509510e+06   4.8583984e+01
   6.7510770e+06   3.4484863e+01
   6.7649910e+06   3.9123535e+01
   6.7756630e+06   3.6987305e+01
   6.7757180e+06   3.8391113e+01
   6.7758540e+06   4.4067383e+01
   6.7758680e+06   3.9916992e+01
   6.7760810e+06   3.7109375e+01
   6.7761480e+06   4.8034668e+01
   6.7765520e+06   3.6071777e+01
   6.7767210e+06   3.4606934e+01
   6.7834600e+06   3.5644531e+01
   6.7871490e+06   3.5095215e+01
   6.7891930e+06   3.5095215e+01
   6.8009660e+06   3.4790039e+01
   6.8138690e+06   3.5766602e+01
   6.8165700e+06   3.7109375e+01
   6.8183900e+06   5.7983398e+01
   6.8185640e+06   4.5715332e+01
   6.8186740e+06   3.4301758e+01
   6.8188550e+06   5.4321289e+01
   6.8213040e+06   3.4362793e+01
   6.8234330e+06   3.5339355e+01
   6.8243520e+06   3.5400391e+01
   6.8264410e+06   3.5034180e+01
   6.8283570e+06   3.4606934e+01
   6.8302420e+06   3.4851074e+01
   6.8411830e+06   3.4973145e+01
   6.8480320e+06   3.6926270e+01
   6.8486660e+06   7.0739746e+01
   6.8490590e+06   6.7810059e+01
   6.8609410e+06   3.7170410e+01
   6.8628180e+06   3.5827637e+01
   6.8637310e+06   3.5339355e+01
   6.8693720e+06   3.4729004e+01
   6.8749040e+06   3.5156250e+01
   6.8804490e+06   3.4362793e+01
   6.8868750e+06   3.5827637e+01
   6.8885600e+06   3.7841797e+01
   6.8921990e+06   3.7292480e+01
   6.8968540e+06   3.7292480e+01
   6.9014960e+06   3.6071777e+01
   6.9346810e+06   3.6071777e+01
   6.9632410e+06   3.4973145e+01
   6.9670470e+06   3.5705566e+01
   6.9715680e+06   3.7048340e+01
   6.9732760e+06   3.5095215e+01
   6.9862100e+06   3.9184570e+01
   7.0017900e+06   3.5339355e+01
   7.0114640e+06   3.5888672e+01
   7.0123310e+06   3.4423828e+01
   7.0167490e+06   3.4729004e+01
   7.0229650e+06   3.6132813e+01
   7.0286430e+06   4.1809082e+01
   7.0397840e+06   3.4851074e+01
   7.0499320e+06   3.8574219e+01
   7.0618120e+06   3.5888672e+01
   7.0644860e+06   3.5278320e+01
   7.0681130e+06   3.8879395e+01
   7.0802000e+06   3.5156250e+01
   7.0904270e+06   3.5339355e+01
   7.1144910e+06   3.6315918e+01
   7.1281080e+06   3.6560059e+01
   7.1289600e+06   3.5461426e+01
   7.1316760e+06   3.5278320e+01
   7.1326430e+06   3.5278320e+01
   7.1335790e+06   3.8574219e+01
   7.1356550e+06   3.8024902e+01
   7.1495840e+06   3.8452148e+01
   7.1505190e+06   3.5400391e+01
   7.1559700e+06   3.6743164e+01
   7.1577560e+06   3.5766602e+01
   7.1641240e+06   3.9428711e+01
   7.1761590e+06   3.6315918e+01
   7.1815650e+06   3.6010742e+01
   7.1869470e+06   3.6499023e+01
   7.1903850e+06   3.8146973e+01
   7.1950220e+06   3.6560059e+01
   7.1959090e+06   3.5034180e+01
   7.2136670e+06   3.5034180e+01
   7.2334540e+06   3.4790039e+01
   7.2502470e+06   3.4729004e+01
   7.2564070e+06   3.8269043e+01
   7.2652930e+06   3.5278320e+01
   7.2714240e+06   3.9794922e+01
   7.2750090e+06   3.7353516e+01
   7.2766550e+06   4.0344238e+01
   7.2819230e+06   3.6682129e+01
   7.2891210e+06   3.4729004e+01
   7.2946600e+06   3.8208008e+01
   7.3202770e+06   3.6621094e+01
   7.3239820e+06   3.8757324e+01
   7.3572280e+06   3.6193848e+01
   7.3669100e+06   3.4301758e+01
   7.3750290e+06   3.4973145e+01
   7.3768000e+06   3.4606934e+01
   7.3848300e+06   3.4301758e+01
   7.3919730e+06   3.8146973e+01
   7.3937900e+06   3.5827637e+01
   7.3972330e+06   3.7780762e+01
   7.4071760e+06   3.5522461e+01
   7.4168140e+06   3.5400391e+01
   7.4294500e+06   3.4484863e+01
   7.4566170e+06   3.9550781e+01
   7.4583570e+06   3.7902832e+01
   7.5232130e+06   3.6010742e+01
   7.5277420e+06   3.6499023e+01
   7.5311410e+06   3.4973145e+01
   7.5537370e+06   3.5156250e+01
   7.5824210e+06   3.6804199e+01
   7.5941870e+06   3.5888672e+01
   7.6084000e+06   3.5522461e+01
   7.6120230e+06   3.6010742e+01
   7.6297090e+06   3.6865234e+01
   7.6547900e+06   3.4912109e+01
   7.6620250e+06   3.6132812e+01
   7.6847640e+06   3.4423828e+01
   7.6910840e+06   3.4912109e+01
   7.7070310e+06   3.6132812e+01
   7.7238530e+06   3.7841797e+01
   7.7343080e+06   3.4545898e+01
   7.7414290e+06   3.8208008e+01
   7.7642400e+06   3.5400391e+01
   7.7731690e+06   3.4423828e+01
   7.7792040e+06   3.5156250e+01
   7.7924880e+06   3.4729004e+01
   7.8271670e+06   3.8452148e+01
   7.8305590e+06   3.5949707e+01
   7.8340920e+06   3.4301758e+01
   7.8366180e+06   3.5339355e+01
   7.8418670e+06   3.6804199e+01
   7.8800140e+06   3.7536621e+01
   7.8863600e+06   3.6437988e+01
   7.9460330e+06   3.5278320e+01
   7.9755560e+06   3.8513184e+01
   7.9819310e+06   3.7231445e+01
   8.0138620e+06   3.7780762e+01
   8.0201940e+06   4.3273926e+01
   8.0352920e+06   3.5522461e+01
   8.0370280e+06   3.6865234e+01
   8.0507160e+06   3.5522461e+01
   8.0830630e+06   3.5766602e+01
   8.0918820e+06   3.9123535e+01
   8.1221310e+06   3.5034180e+01
   8.1282230e+06   3.4362793e+01
   8.1386660e+06   3.8757324e+01
   8.1448830e+06   3.6682129e+01
   8.1465800e+06   3.4790039e+01
   8.1474300e+06   3.5461426e+01
   8.1499520e+06   3.8330078e+01
   8.1597440e+06   3.7109375e+01
   8.1616230e+06   3.5522461e+01
   8.1686780e+06   3.4301758e+01
   8.1951030e+06   3.8635254e+01
   8.2021750e+06   3.5217285e+01
   8.2065900e+06   4.0161133e+01
   8.2288410e+06   3.4973145e+01
   8.2331940e+06   3.5156250e+01
   8.2439980e+06   3.9184570e+01
   8.2611330e+06   3.4362793e+01
   8.2665140e+06   3.5949707e+01
   8.2683360e+06   3.6132812e+01
   8.2908880e+06   3.4790039e+01
   8.2995870e+06   3.4423828e+01
   8.3071660e+06   3.4729004e+01
   8.3185270e+06   3.8085938e+01
   8.3255210e+06   3.5400391e+01
   8.3263600e+06   3.4301758e+01
   8.3361170e+06   3.6376953e+01
   8.3430080e+06   3.5644531e+01
   8.3449600e+06   3.6193848e+01
   8.3457960e+06   3.9489746e+01
   8.3625930e+06   3.5949707e+01
   8.3651630e+06   3.8330078e+01
   8.3713370e+06   3.6804199e+01
   8.3722630e+06   3.6132812e+01
   8.3845620e+06   3.4729004e+01
   8.3889660e+06   3.6926270e+01
   8.3943220e+06   3.5095215e+01
   8.4322970e+06   3.6560059e+01
   8.4474180e+06   3.5705566e+01
   8.4482880e+06   3.6376953e+01
   8.4500250e+06   3.5095215e+01
   8.4541380e+06   4.1442871e+01
   8.4549150e+06   3.5095215e+01
   8.4609900e+06   3.4362793e+01
   8.4671710e+06   3.5278320e+01
   8.4730730e+06   3.8696289e+01
   8.4734250e+06   3.4301758e+01
   8.4734760e+06   3.8024902e+01
   8.4735200e+06   6.4636230e+01
   8.4735300e+06   3.8208008e+01
   8.4735960e+06   8.0139160e+01
   8.4736100e+06   3.6071777e+01
   8.4736760e+06   3.8757324e+01
   8.4737110e+06   3.6560059e+01
   8.4737410e+06   3.5461426e+01
   8.4737700e+06   3.5339355e+01
   8.4738200e+06   3.6254883e+01
   8.4738780e+06   3.5217285e+01
   8.4969240e+06   3.6132812e+01
   8.4989980e+06   4.8645020e+01
   8.5008970e+06   3.4606934e+01
   8.5051900e+06   3.7536621e+01
   8.5108920e+06   3.6682129e+01
   8.5154120e+06   3.4667969e+01
   8.5318200e+06   3.4606934e+01
   8.5354750e+06   3.9916992e+01
   8.5456950e+06   3.4423828e+01
   8.5481940e+06   3.4973145e+01
   8.5526870e+06   3.4667969e+01
   8.5544720e+06   3.5583496e+01
   8.5580870e+06   3.4973145e+01
   8.5636730e+06   3.8391113e+01
   8.5691240e+06   3.8635254e+01
   8.5691510e+06   5.2062988e+01
   8.5693950e+06   4.9194336e+01
   8.5694150e+06   3.6193848e+01
   8.5694690e+06   3.9062500e+01
   8.5694960e+06   4.1687012e+01
   8.5695730e+06   6.3293457e+01
   8.5696270e+06   5.3894043e+01
   8.5696470e+06   4.5593262e+01
   8.5696880e+06   4.1992188e+01
   8.5697110e+06   4.8583984e+01
   8.5697570e+06   4.3640137e+01
   8.5699290e+06   3.7048340e+01
   8.5700790e+06   3.9978027e+01
   8.5701380e+06   3.6682129e+01
   8.5715310e+06   3.9916992e+01
   8.5855920e+06   3.6010742e+01
   8.5937570e+06   3.8330078e+01
   8.5956120e+06   3.6682129e+01
   8.5961780e+06   3.4729004e+01
   8.5965290e+06   6.3964844e+01
   8.5965480e+06   6.8603516e+01
   8.5966540e+06   3.6315918e+01
   8.5966830e+06   3.9062500e+01
   8.5967150e+06   3.8696289e+01
   8.5967410e+06   4.6508789e+01
   8.5967630e+06   4.0771484e+01
   8.5967820e+06   3.4790039e+01
   8.5968030e+06   3.9001465e+01
   8.5968440e+06   4.8156738e+01
   8.5969180e+06   4.8339844e+01
   8.5973720e+06   3.9489746e+01
   8.6070760e+06   3.4362793e+01
   8.6096510e+06   3.5156250e+01
   8.6164090e+06   3.4790039e+01
   8.6210120e+06   6.4147949e+01
   8.6211520e+06   5.3405762e+01
   8.6211640e+06   5.8593750e+01
   8.6211940e+06   3.6987305e+01
   8.6212230e+06   4.6142578e+01
   8.6212990e+06   3.9916992e+01
   8.6213190e+06   3.7658691e+01
   8.6213590e+06   4.0893555e+01
   8.6213910e+06   4.5959473e+01
   8.6214130e+06   3.4729004e+01
   8.6214410e+06   3.8940430e+01
   8.6214810e+06   5.5603027e+01
   8.6215320e+06   3.5461426e+01
   8.6218580e+06   3.9489746e+01
   8.6375670e+06   3.4667969e+01
   8.6423410e+06   3.9001465e+01
   8.6423960e+06   5.4565430e+01
   8.6424920e+06   3.9001465e+01
   8.6425790e+06   4.5715332e+01
   8.6426030e+06   4.0466309e+01
   8.6426240e+06   4.1442871e+01
   8.6427230e+06   6.8969727e+01
   8.6427570e+06   3.8818359e+01
   8.6428190e+06   4.1992188e+01
   8.6428730e+06   4.8217773e+01
   8.6428960e+06   3.5827637e+01
   8.6429170e+06   3.8879395e+01
   8.6431370e+06   4.0527344e+01
   8.6437580e+06   3.7292480e+01
   8.6554470e+06   3.7719727e+01
   8.6576940e+06   3.7170410e+01
   8.6578250e+06   5.0598145e+01
   8.6580680e+06   5.0170898e+01
   8.6580860e+06   3.4423828e+01
   8.6582780e+06   3.6071777e+01
   8.6583690e+06   3.5888672e+01
   8.6586080e+06   4.9987793e+01
   8.6589000e+06   4.0527344e+01
   8.6668260e+06   3.4423828e+01
   8.6668600e+06   6.4819336e+01
   8.6669050e+06   6.0363770e+01
   8.6669910e+06   5.8471680e+01
   8.6670800e+06   5.0842285e+01
   8.6671310e+06   3.9245605e+01
   8.6671670e+06   3.7963867e+01
   8.6671990e+06   3.4851074e+01
   8.6672360e+06   3.4851074e+01
   8.6673040e+06   4.0893555e+01
   8.6674520e+06   3.8269043e+01
   8.6675210e+06   3.9794922e+01
   8.6680800e+06   4.0344238e+01
   8.6768620e+06   3.8879395e+01
   8.6824450e+06   5.4748535e+01
   8.6824680e+06   3.7292480e+01
   8.6825090e+06   3.7719727e+01
   8.6825900e+06   3.7170410e+01
   8.6826650e+06   4.9804688e+01
   8.6826890e+06   4.6264648e+01
   8.6827370e+06   5.6518555e+01
   8.6827620e+06   3.6132812e+01
   8.6828500e+06   3.7109375e+01
   8.6829320e+06   4.9194336e+01
   8.6829420e+06   4.1625977e+01
   8.6830120e+06   3.5278320e+01
   8.6831160e+06   3.7292480e+01
   8.6831410e+06   4.8034668e+01
   8.6833760e+06   4.1931152e+01
   8.6838460e+06   3.4301758e+01
   8.6925840e+06   3.6499023e+01
   8.6956660e+06   6.6528320e+01
   8.6958140e+06   3.5644531e+01
   8.6958280e+06   3.8757324e+01
   8.6958560e+06   4.0954590e+01
   8.6960310e+06   3.8330078e+01
   8.6961220e+06   4.0649414e+01
   8.6964180e+06   4.4372559e+01
   8.6970670e+06   3.9550781e+01
   8.6970890e+06   3.5278320e+01
   8.6971910e+06   3.6376953e+01
   8.7063530e+06   5.3466797e+01
   8.7064250e+06   3.6437988e+01
   8.7064610e+06   6.0058594e+01
   8.7064820e+06   4.1015625e+01
   8.7065700e+06   3.5583496e+01
   8.7066380e+06   4.0161133e+01
   8.7066930e+06   4.0710449e+01
   8.7067040e+06   3.7231445e+01
   8.7067250e+06   3.5156250e+01
   8.7067830e+06   3.7048340e+01
   8.7068950e+06   3.9001465e+01
   8.7070770e+06   3.4729004e+01
   8.7070930e+06   4.4616699e+01
   8.7071410e+06   3.7414551e+01
   8.7169310e+06   4.8217773e+01
   8.7170240e+06   5.3833008e+01
   8.7170880e+06   4.1748047e+01
   8.7172530e+06   4.3090820e+01
   8.7173120e+06   4.9194336e+01
   8.7175260e+06   3.9245605e+01
   8.7175480e+06   3.6315918e+01
   8.7176130e+06   4.0771484e+01
   8.7177260e+06   3.8879395e+01
   8.7179010e+06   3.8208008e+01
   8.7249000e+06   3.4667969e+01
   8.7264020e+06   4.3029785e+01
   8.7265590e+06   4.1442871e+01
   8.7266010e+06   3.8818359e+01
   8.7267700e+06   3.7475586e+01
   8.7267930e+06   3.6376953e+01
   8.7269560e+06   3.4973145e+01
   8.7270550e+06   4.0344238e+01
   8.7272140e+06   3.7597656e+01
   8.7273550e+06   4.4372559e+01
   8.7373440e+06   3.5827637e+01
   8.7375810e+06   5.9204102e+01
   8.7376410e+06   4.2175293e+01
   8.7376780e+06   3.7719727e+01
   8.7377390e+06   4.4433594e+01
   8.7378850e+06   3.5949707e+01
   8.7378960e+06   4.3457031e+01
   8.7379800e+06   3.8146973e+01
   8.7380980e+06   3.5461426e+01
   8.7384890e+06   4.1748047e+01
   8.7474290e+06   3.5034180e+01
   8.7474580e+06   3.5461426e+01
   8.7475920e+06   4.2053223e+01
   8.7478690e+06   5.0842285e+01
   8.7479500e+06   4.2358398e+01
   8.7481130e+06   4.0161133e+01
   8.7485420e+06   3.4851074e+01
   8.7537570e+06   3.4667969e+01
   8.7574190e+06   3.8452148e+01
   8.7575120e+06   3.8879395e+01
   8.7575670e+06   3.9916992e+01
   8.7575860e+06   3.7170410e+01
   8.7577310e+06   3.4729004e+01
   8.7578780e+06   4.5715332e+01
   8.7579520e+06   3.6743164e+01
   8.7581430e+06   5.0964355e+01
   8.7585760e+06   4.2297363e+01
   8.7675220e+06   4.7607422e+01
   8.7676520e+06   4.4372559e+01
   8.7677420e+06   6.2377930e+01
   8.7677680e+06   3.7658691e+01
   8.7678020e+06   3.9794922e+01
   8.7681080e+06   3.7048340e+01
   8.7683340e+06   3.6682129e+01
   8.7797680e+06   4.3029785e+01
   8.7797780e+06   5.5358887e+01
   8.7799190e+06   3.6376953e+01
   8.7799320e+06   3.5339355e+01
   8.7799560e+06   4.9499512e+01
   8.7801300e+06   3.9733887e+01
   8.7801810e+06   4.7851562e+01
   8.7803610e+06   4.5776367e+01
   8.7804590e+06   4.1625977e+01
   8.7842520e+06   3.8085937e+01
   8.7903240e+06   3.7597656e+01
   8.7917520e+06   6.3659668e+01
   8.7918920e+06   4.2358398e+01
   8.7919790e+06   3.5400391e+01
   8.7919930e+06   3.6865234e+01
   8.7920620e+06   4.3579102e+01
   8.7922390e+06   4.4738770e+01
   8.7923020e+06   3.5461426e+01
   8.7923270e+06   3.4606934e+01
   8.7925510e+06   3.7170410e+01
   8.7927340e+06   3.5400391e+01
   8.8063140e+06   3.5888672e+01
   8.8081750e+06   3.5278320e+01
   8.8082360e+06   7.8613281e+01
   8.8083990e+06   4.8461914e+01
   8.8084150e+06   4.5776367e+01
   8.8085080e+06   4.1931152e+01
   8.8086550e+06   4.8950195e+01
   8.8087080e+06   3.9367676e+01
   8.8089090e+06   3.7536621e+01
   8.8094110e+06   3.8391113e+01
   8.8158050e+06   3.8024902e+01
   8.8257130e+06   6.6040039e+01
   8.8258380e+06   4.2663574e+01
   8.8259490e+06   3.9794922e+01
   8.8260210e+06   3.6926270e+01
   8.8262150e+06   3.6376953e+01
   8.8265040e+06   4.9316406e+01
   8.8387470e+06   3.4851074e+01
   8.8448940e+06   3.7353516e+01
   8.8465440e+06   3.5949707e+01
   8.8473080e+06   3.4545898e+01
   8.8474340e+06   5.7983398e+01
   8.8475650e+06   3.7475586e+01
   8.8476170e+06   5.9265137e+01
   8.8477100e+06   3.7658691e+01
   8.8478830e+06   4.0832520e+01
   8.8479170e+06   3.4973145e+01
   8.8482750e+06   4.2541504e+01
   8.8483030e+06   5.0354004e+01
   8.8515840e+06   3.5217285e+01
   8.8526230e+06   3.5034180e+01
   8.8572970e+06   3.7292480e+01
   8.8658760e+06   3.5217285e+01
   8.8659410e+06   5.0842285e+01
   8.8660850e+06   5.1391602e+01
   8.8662260e+06   4.4494629e+01
   8.8662710e+06   3.5583496e+01
   8.8665280e+06   4.8767090e+01
   8.8665820e+06   3.8879395e+01
   8.8734790e+06   4.1381836e+01
   8.8761850e+06   3.5888672e+01
   8.8813110e+06   3.8085938e+01
   8.8910660e+06   3.8024902e+01
   8.8922840e+06   3.6743164e+01
   8.8923990e+06   5.3039551e+01
   8.8925450e+06   3.6071777e+01
   8.8925970e+06   4.6386719e+01
   8.8927790e+06   3.5644531e+01
   8.8928840e+06   4.0832520e+01
   8.8930920e+06   3.5949707e+01
   8.9130280e+06   5.6579590e+01
   8.9130390e+06   4.3823242e+01
   8.9131820e+06   4.2663574e+01
   8.9134400e+06   4.4738770e+01
   8.9134750e+06   4.6752930e+01
   8.9199050e+06   3.7231445e+01
   8.9275460e+06   3.6071777e+01
   8.9371430e+06   3.6743164e+01
   8.9416120e+06   3.5522461e+01
   8.9418010e+06   6.1096191e+01
   8.9420000e+06   3.6804199e+01
   8.9485390e+06   3.5217285e+01
   8.9529700e+06   3.5461426e+01
   8.9548340e+06   3.4484863e+01
   8.9564900e+06   3.4423828e+01
   8.9581380e+06   3.5278320e+01
   8.9606760e+06   3.4973145e+01
   8.9694990e+06   5.2734375e+01
   8.9698160e+06   5.2429199e+01
   8.9725260e+06   3.4423828e+01
   8.9734550e+06   3.4423828e+01
   8.9751420e+06   3.4912109e+01
   8.9978590e+06   3.6071777e+01
   9.0031830e+06   3.4851074e+01
   9.0177970e+06   3.4423828e+01
   9.0195460e+06   3.5217285e+01
   9.0203290e+06   3.7780762e+01
   9.0341530e+06   3.5644531e+01
   9.0440700e+06   3.6376953e+01
   9.0592560e+06   3.4912109e+01
   9.0693990e+06   3.6254883e+01
   9.0719400e+06   3.4545898e+01
   9.0752940e+06   3.4851074e+01
   9.0858190e+06   3.4912109e+01
   9.0874050e+06   3.4851074e+01
   9.0905730e+06   3.5583496e+01
   9.0914180e+06   4.1625977e+01
   9.0962730e+06   3.6560059e+01
   9.1147130e+06   3.5461426e+01
   9.1469060e+06   3.4423828e+01
   9.1527890e+06   3.4545898e+01
   9.1544030e+06   3.5461426e+01
   9.1691070e+06   3.4729004e+01
   9.1737400e+06   3.6499023e+01
   9.1804490e+06   3.6560059e+01
   9.2015280e+06   3.5278320e+01
   9.2047400e+06   3.4484863e+01
   9.2260290e+06   3.4973145e+01
   9.2368520e+06   3.4667969e+01
   9.2394410e+06   3.7353516e+01
   9.2616810e+06   4.4372559e+01
   9.2691660e+06   3.4545898e+01
   9.2792510e+06   3.4606934e+01
   9.2880020e+06   3.5339355e+01
   9.2971530e+06   3.8024902e+01
   9.2987400e+06   3.7170410e+01
   9.3060440e+06   3.5278320e+01
   9.3100290e+06   3.4362793e+01
   9.3175950e+06   3.4973145e+01
   9.3317890e+06   3.6437988e+01
   9.3475160e+06   3.8269043e+01
   9.3641880e+06   3.5949707e+01
   9.3683700e+06   3.4912109e+01
   9.3805890e+06   3.5156250e+01
   9.4093930e+06   3.4484863e+01
   9.4218830e+06   3.4973145e+01
   9.4421060e+06   3.4362793e+01
   9.4478780e+06   3.5888672e+01
   9.4583970e+06   3.4973145e+01
   9.4701770e+06   3.5339355e+01
   9.4833560e+06   3.7231445e+01
   9.4939860e+06   3.4423828e+01
   9.5266560e+06   3.7170410e+01
   9.5479470e+06   3.5400391e+01
   9.5497700e+06   3.4545898e+01
   9.5563240e+06   3.4362793e+01
   9.5693380e+06   3.7902832e+01
   9.5702200e+06   3.5034180e+01
   9.5709570e+06   3.4667969e+01
   9.5822330e+06   3.5095215e+01
   9.6072750e+06   3.5217285e+01
   9.6138660e+06   3.5705566e+01
   9.6173040e+06   3.5339355e+01
   9.6248170e+06   3.4912109e+01
   9.6363540e+06   3.5156250e+01
   9.6395610e+06   3.6315918e+01
   9.6430250e+06   3.6376953e+01
   9.6525760e+06   3.5705566e+01
   9.6582810e+06   3.7353516e+01
   9.6598650e+06   3.6010742e+01
   9.6682980e+06   3.7353516e+01
   9.6783180e+06   3.4912109e+01
   9.7083230e+06   3.5766602e+01
   9.7107050e+06   3.7902832e+01
   9.7139040e+06   4.0222168e+01
   9.7417140e+06   3.8879395e+01
   9.7425470e+06   3.9123535e+01
   9.7442020e+06   3.5400391e+01
   9.7492030e+06   3.6315918e+01
   9.7688700e+06   3.6499023e+01
   9.7793520e+06   3.5461426e+01
   9.7820340e+06   3.8635254e+01
   9.7944870e+06   3.5156250e+01
   9.8315260e+06   3.4851074e+01
   9.8364150e+06   3.5827637e+01
   9.8431550e+06   3.5583496e+01
   9.8440250e+06   3.5949707e+01
   9.8489700e+06   3.4667969e+01
   9.8989940e+06   3.5217285e+01
   9.9119450e+06   3.7597656e+01
   9.9218590e+06   3.5583496e+01
   9.9226380e+06   3.5156250e+01
   9.9388710e+06   3.5522461e+01
   9.9540560e+06   3.5522461e+01
   9.9718730e+06   3.6926270e+01
   9.9924220e+06   3.5095215e+01
   1.0008736e+07   3.6010742e+01
   1.0020120e+07   3.5522461e+01
   1.0026675e+07   3.8757324e+01
   1.0027508e+07   3.4729004e+01
   1.0035606e+07   3.6987305e+01
   1.0043864e+07   3.4729004e+01
   1.0061472e+07   3.7170410e+01
   1.0075674e+07   3.5095215e+01
   1.0079740e+07   3.5888672e+01
   1.0109137e+07   3.4606934e+01
   1.0139756e+07   3.5766602e+01
   1.0142080e+07   3.5217285e+01
   1.0148753e+07   3.7048340e+01
   1.0155252e+07   3.4423828e+01
   1.0172318e+07   3.6682129e+01
   1.0172359e+07   3.8330078e+01
   1.0172402e+07   5.4138184e+01
   1.0172425e+07   4.5959473e+01
   1.0172448e+07   3.5766602e+01
   1.0172474e+07   6.0913086e+01
   1.0172491e+07   6.1462402e+01
   1.0172517e+07   4.6264648e+01
   1.0172531e+07   4.3029785e+01
   1.0172611e+07   3.6132812e+01
   1.0172694e+07   3.4484863e+01
   1.0172759e+07   3.8024902e+01
   1.0172829e+07   3.9855957e+01
   1.0192620e+07   3.4729004e+01
   1.0193533e+07   3.8757324e+01
   1.0204039e+07   3.5766602e+01
   1.0207740e+07   3.4484863e+01
   1.0223490e+07   3.5156250e+01
   1.0226279e+07   3.4851074e+01
   1.0235323e+07   3.9611816e+01
   1.0259709e+07   3.6682129e+01
   1.0261508e+07   3.4484863e+01
   1.0265898e+07   3.4423828e+01
   1.0267663e+07   4.0710449e+01
   1.0268862e+07   6.8359375e+01
   1.0268891e+07   4.4128418e+01
   1.0268951e+07   4.5227051e+01
   1.0268973e+07   4.2541504e+01
   1.0268988e+07   5.1147461e+01
   1.0269031e+07   4.0649414e+01
   1.0269164e+07   3.8757324e+01
   1.0269731e+07   3.4362793e+01
   1.0282574e+07   3.6621094e+01
   1.0287102e+07   3.6804199e+01
   1.0294759e+07   3.6682129e+01
   1.0303909e+07   4.2297363e+01
   1.0307186e+07   3.6560059e+01
   1.0307233e+07   3.7597656e+01
   1.0307265e+07   6.3049316e+01
   1.0307333e+07   4.8889160e+01
   1.0307358e+07   4.3212891e+01
   1.0307385e+07   4.8889160e+01
   1.0307395e+07   3.5400391e+01
   1.0307431e+07   4.6752930e+01
   1.0307450e+07   4.5349121e+01
   1.0307473e+07   3.4851074e+01
   1.0307604e+07   4.2297363e+01
   1.0332929e+07   3.6193848e+01
   1.0333886e+07   4.9316406e+01
   1.0334030e+07   4.3640137e+01
   1.0334043e+07   6.4636230e+01
   1.0334109e+07   3.4790039e+01
   1.0334165e+07   3.5095215e+01
   1.0334219e+07   4.2480469e+01
   1.0334282e+07   3.8757324e+01
   1.0334292e+07   3.7414551e+01
   1.0334369e+07   4.4738770e+01
   1.0334406e+07   4.0649414e+01
   1.0334421e+07   4.4128418e+01
   1.0334450e+07   4.0527344e+01
   1.0334568e+07   3.6315918e+01
   1.0334633e+07   3.4790039e+01
   1.0334671e+07   3.6499023e+01
   1.0334717e+07   4.1503906e+01
   1.0334831e+07   3.7170410e+01
   1.0351010e+07   3.6560059e+01
   1.0354105e+07   3.4301758e+01
   1.0359700e+07   3.8085938e+01
   1.0359852e+07   5.5175781e+01
   1.0359925e+07   4.0405273e+01
   1.0359979e+07   3.8940430e+01
   1.0360089e+07   3.5827637e+01
   1.0360159e+07   4.8339844e+01
   1.0360183e+07   4.4372559e+01
   1.0360193e+07   3.5827637e+01
   1.0360254e+07   3.4484863e+01
   1.0360304e+07   3.9733887e+01
   1.0360350e+07   3.6865234e+01
   1.0361353e+07   3.6987305e+01
   1.0378864e+07   3.4973145e+01
   1.0379885e+07   6.8054199e+01
   1.0380016e+07   3.5034180e+01
   1.0380062e+07   5.6823730e+01
   1.0380148e+07   3.5644531e+01
   1.0380196e+07   3.5583496e+01
   1.0380251e+07   3.8940430e+01
   1.0380282e+07   5.7800293e+01
   1.0380413e+07   3.6865234e+01
   1.0380455e+07   3.6865234e+01
   1.0380587e+07   4.1381836e+01
   1.0380621e+07   4.1198730e+01
   1.0380651e+07   3.8269043e+01
   1.0381823e+07   3.6682129e+01
   1.0397279e+07   3.5217285e+01
   1.0403902e+07   3.4667969e+01
   1.0403943e+07   6.0241699e+01
   1.0403963e+07   5.1940918e+01
   1.0404010e+07   3.4423828e+01
   1.0404031e+07   5.7312012e+01
   1.0404123e+07   6.4147949e+01
   1.0404141e+07   4.3029785e+01
   1.0404189e+07   4.2724609e+01
   1.0404220e+07   4.1503906e+01
   1.0404244e+07   3.4606934e+01
   1.0404259e+07   4.9377441e+01
   1.0404931e+07   3.5156250e+01
   1.0405097e+07   3.4606934e+01
   1.0413593e+07   3.7109375e+01
   1.0417053e+07   3.8818359e+01
   1.0422976e+07   6.3110352e+01
   1.0423006e+07   5.7373047e+01
   1.0423151e+07   4.5043945e+01
   1.0423196e+07   3.7658691e+01
   1.0423276e+07   4.4860840e+01
   1.0423546e+07   4.3273926e+01
   1.0423630e+07   3.7353516e+01
   1.0423865e+07   4.5715332e+01
   1.0429511e+07   3.4606934e+01
   1.0433359e+07   3.7353516e+01
   1.0433397e+07   4.0832520e+01
   1.0433531e+07   4.6630859e+01
   1.0433657e+07   4.7546387e+01
   1.0433884e+07   3.9733887e+01
   1.0433905e+07   3.9611816e+01
   1.0434143e+07   4.3518066e+01
   1.0434346e+07   3.5644531e+01
   1.0434591e+07   3.6621094e+01
   1.0434833e+07   3.4729004e+01
   1.0441768e+07   3.4484863e+01
   1.0444799e+07   4.1931152e+01
   1.0444873e+07   5.9326172e+01
   1.0444965e+07   4.0527344e+01
   1.0445030e+07   3.9489746e+01
   1.0445066e+07   3.4729004e+01
   1.0445267e+07   4.8583984e+01
   1.0445288e+07   3.6132812e+01
   1.0445468e+07   3.9367676e+01
   1.0445523e+07   3.5888672e+01
   1.0445556e+07   4.0161133e+01
   1.0445809e+07   5.4748535e+01
   1.0445849e+07   3.5400391e+01
   1.0445893e+07   3.5644531e+01
   1.0446073e+07   4.2480469e+01
   1.0446083e+07   3.5034180e+01
   1.0446134e+07   3.6560059e+01
   1.0446251e+07   4.0344238e+01
   1.0455141e+07   3.7414551e+01
   1.0457022e+07   6.4941406e+01
   1.0457112e+07   3.7170410e+01
   1.0457168e+07   3.4790039e+01
   1.0457183e+07   4.2236328e+01
   1.0457400e+07   5.6396484e+01
   1.0457594e+07   3.6804199e+01
   1.0457641e+07   4.3395996e+01
   1.0457711e+07   3.9672852e+01
   1.0458185e+07   3.6132812e+01
   1.0469797e+07   6.1950684e+01
   1.0469832e+07   3.7048340e+01
   1.0469923e+07   4.6997070e+01
   1.0469942e+07   3.6865234e+01
   1.0469969e+07   5.0354004e+01
   1.0470084e+07   3.6071777e+01
   1.0470147e+07   3.5278320e+01
   1.0470221e+07   5.1147461e+01
   1.0470251e+07   3.5461426e+01
   1.0470795e+07   4.2175293e+01
   1.0470870e+07   4.3273926e+01
   1.0471106e+07   3.6315918e+01
   1.0471439e+07   4.1198730e+01
   1.0483687e+07   3.6804199e+01
   1.0486149e+07   5.5419922e+01
   1.0486228e+07   5.5480957e+01
   1.0486238e+07   4.3334961e+01
   1.0486389e+07   3.8513184e+01
   1.0486481e+07   4.9499512e+01
   1.0486519e+07   4.4433594e+01
   1.0486736e+07   3.4423828e+01
   1.0500780e+07   3.4484863e+01
   1.0508389e+07   6.0607910e+01
   1.0508485e+07   3.9306641e+01
   1.0508532e+07   3.5217285e+01
   1.0508552e+07   8.2580566e+01
   1.0508617e+07   4.8889160e+01
   1.0508736e+07   3.4606934e+01
   1.0508822e+07   3.6865234e+01
   1.0509041e+07   3.5949707e+01
   1.0509072e+07   5.5603027e+01
   1.0509388e+07   4.4372559e+01
   1.0509441e+07   3.9550781e+01
   1.0518083e+07   3.4851074e+01
   1.0526870e+07   5.8654785e+01
   1.0527014e+07   4.9072266e+01
   1.0527102e+07   3.5705566e+01
   1.0527148e+07   3.5644531e+01
   1.0527221e+07   5.8227539e+01
   1.0527394e+07   3.5461426e+01
   1.0527454e+07   3.4790039e+01
   1.0527798e+07   5.8593750e+01
   1.0527843e+07   4.2785645e+01
   1.0545042e+07   3.4667969e+01
   1.0547564e+07   5.8166504e+01
   1.0547696e+07   4.7302246e+01
   1.0547731e+07   5.4260254e+01
   1.0547867e+07   4.4006348e+01
   1.0548045e+07   3.7719727e+01
   1.0548189e+07   4.3701172e+01
   1.0548497e+07   4.3579102e+01
   1.0560445e+07   4.3701172e+01
   1.0572793e+07   4.8645020e+01
   1.0572989e+07   4.3945312e+01
   1.0573096e+07   4.9743652e+01
   1.0573139e+07   3.4729004e+01
   1.0573186e+07   5.0659180e+01
   1.0573513e+07   4.2724609e+01
   1.0582619e+07   3.7658691e+01
   1.0585029e+07   3.9978027e+01
   1.0587486e+07   3.5339355e+01
   1.0589032e+07   3.6804199e+01
   1.0592997e+07   3.4973145e+01
   1.0593397e+07   4.1503906e+01
   1.0593424e+07   5.1879883e+01
   1.0593621e+07   5.4077148e+01
   1.0593808e+07   4.9804688e+01
   1.0593845e+07   5.0964355e+01
   1.0629064e+07   3.7048340e+01
   1.0632199e+07   3.4423828e+01
   1.0637886e+07   3.9916992e+01
   1.0652950e+07   3.9489746e+01
   1.0655518e+07   3.6682129e+01
   1.0673341e+07   3.5949707e+01
   1.0674132e+07   3.6132812e+01
   1.0685586e+07   3.4790039e+01
   1.0728484e+07   3.6865234e+01
   1.0779505e+07   3.5034180e+01
   1.0796000e+07   3.5888672e+01
   1.0804106e+07   3.6193848e+01
   1.0819372e+07   3.7963867e+01
   1.0844000e+07   3.4851074e+01
   1.0857656e+07   3.5156250e+01
   1.0861733e+07   3.5766602e+01
   1.0912137e+07   3.4851074e+01
   1.0925262e+07   3.4423828e+01
   1.0934482e+07   4.0588379e+01
   1.0951117e+07   3.4790039e+01
   1.0967877e+07   3.5949707e+01
   1.0978660e+07   3.4973145e+01
   1.0990892e+07   3.5827637e+01
   1.1004287e+07   3.4484863e+01
   1.1024426e+07   3.5888672e+01
   1.1029827e+07   3.5095215e+01
   1.1041148e+07   3.8391113e+01
   1.1085782e+07   3.6743164e+01
   1.1089786e+07   3.4423828e+01
   1.1097788e+07   3.5949707e+01
   1.1106857e+07   3.4423828e+01
   1.1107674e+07   3.8635254e+01
   1.1112470e+07   3.7414551e+01
   1.1125033e+07   3.5766602e+01
   1.1125821e+07   3.6132812e+01
   1.1131622e+07   3.4362793e+01
   1.1134798e+07   3.5705566e+01
   1.1152611e+07   3.5217285e+01
   1.1163277e+07   4.0832520e+01
   1.1166703e+07   3.5644531e+01
   1.1169888e+07   3.5644531e+01
   1.1170793e+07   3.5156250e+01
   1.1174135e+07   4.1687012e+01
   1.1180585e+07   3.6865234e+01
   1.1182204e+07   3.6926270e+01
   1.1186285e+07   3.6926270e+01
   1.1194598e+07   3.5827637e+01
   1.1211852e+07   3.5278320e+01
   1.1220694e+07   3.7170410e+01
   1.1225698e+07   3.5888672e+01
   1.1234766e+07   3.8879395e+01
   1.1242872e+07   3.6682129e+01
   1.1252580e+07   3.4362793e+01
   1.1263213e+07   3.6621094e+01
   1.1265618e+07   3.8391113e+01
   1.1275017e+07   3.6376953e+01
   1.1286588e+07   3.5827637e+01
   1.1315611e+07   3.4606934e+01
   1.1316439e+07   3.6071777e+01
   1.1317249e+07   3.4973145e+01
   1.1318033e+07   3.4790039e+01
   1.1324325e+07   3.8391113e+01
   1.1343642e+07   3.5278320e+01
   1.1346045e+07   3.6254883e+01
   1.1358330e+07   3.6621094e+01
   1.1389703e+07   3.4545898e+01
   1.1417088e+07   3.4545898e+01
   1.1422759e+07   3.6682129e+01
   1.1423572e+07   3.6987305e+01
   1.1425151e+07   3.6804199e+01
   1.1430072e+07   3.5583496e+01
   1.1438918e+07   3.7719727e+01
   1.1450386e+07   3.5827637e+01
   1.1458404e+07   3.5217285e+01
   1.1464224e+07   3.5400391e+01
   1.1490881e+07   3.9550781e+01
   1.1495802e+07   3.5644531e+01
   1.1511046e+07   3.6132812e+01
   1.1533814e+07   3.6499023e+01
   1.1534665e+07   3.5400391e+01
   1.1540464e+07   3.5217285e+01
   1.1543624e+07   3.7109375e+01
   1.1544472e+07   3.8208008e+01
   1.1560323e+07   3.5522461e+01
   1.1579696e+07   3.6010742e+01
   1.1637935e+07   3.5644531e+01
   1.1639606e+07   3.5522461e+01
   1.1643002e+07   3.6254883e+01
   1.1645554e+07   3.5766602e+01
   1.1649745e+07   3.4484863e+01
   1.1659005e+07   3.5095215e+01
   1.1665048e+07   3.7353516e+01
   1.1675080e+07   3.5522461e+01
   1.1694029e+07   4.2541504e+01
   1.1696609e+07   3.5949707e+01
   1.1716941e+07   3.6987305e+01
   1.1741092e+07   3.4423828e+01
   1.1743636e+07   3.4484863e+01
   1.1765012e+07   3.6132812e+01
   1.1794899e+07   3.4667969e+01
   1.1796569e+07   3.6987305e+01
   1.1802297e+07   3.6315918e+01
   1.1809604e+07   3.4545898e+01
   1.1822914e+07   3.5034180e+01
   1.1837074e+07   3.4362793e+01
   1.1841106e+07   3.9001465e+01
   1.1845214e+07   3.4484863e+01
   1.1847474e+07   3.9611816e+01
   1.1849130e+07   3.6437988e+01
   1.1850713e+07   3.7414551e+01
   1.1886612e+07   3.4667969e+01
   1.1892368e+07   3.6254883e+01
   1.1898666e+07   3.4606934e+01
   1.1915575e+07   3.7292480e+01
   1.1932004e+07   3.5278320e+01
   1.1936139e+07   3.9489746e+01
   1.1936949e+07   3.4667969e+01
   1.1946139e+07   3.5583496e+01
   1.1951743e+07   3.5583496e+01
   1.1953319e+07   3.6132812e+01
   1.1958164e+07   3.7292480e+01
   1.1964549e+07   3.5705566e+01
   1.1966187e+07   3.5095215e+01
   1.1967821e+07   3.4423828e+01
   1.1971913e+07   3.5217285e+01
   1.1984930e+07   3.5522461e+01
   1.1994719e+07   3.7719727e+01
