   1.1996000e+07   0.0000000e+00
   4.1631000e+05   3.6193848e+01
   4.1634000e+05   3.7963867e+01
   4.1642600e+05   3.8269043e+01
   4.1646400e+05   3.6499023e+01
   4.1652100e+05   3.6499023e+01
   4.3937200e+05   4.0893555e+01
   4.3941400e+05   3.2165527e+01
   4.3948900e+05   4.5776367e+01
   4.3955200e+05   3.3691406e+01
   4.3965400e+05   3.4729004e+01
   4.3995900e+05   3.4179688e+01
   4.4046000e+05   3.8391113e+01
   4.4186700e+05   3.2775879e+01
   4.6425700e+05   3.3020020e+01
   4.6433300e+05   4.3090820e+01
   4.6463700e+05   3.2714844e+01
   4.7997400e+05   3.4851074e+01
   5.0253400e+05   3.3935547e+01
   5.0319900e+05   3.2775879e+01
   5.2147000e+05   3.1982422e+01
   5.2235200e+05   3.7841797e+01
   5.2986600e+05   3.7048340e+01
   5.4585000e+05   3.3020020e+01
   5.5256700e+05   3.7719727e+01
   5.5335400e+05   3.2592773e+01
   5.6795900e+05   3.3935547e+01
   5.8511300e+05   3.6743164e+01
   6.0544200e+05   3.3020020e+01
   7.5307400e+05   3.3386230e+01
   8.2442200e+05   3.4301758e+01
   2.2585070e+06   3.2958984e+01
   2.2587570e+06   3.2226562e+01
   2.2587910e+06   3.5949707e+01
   2.2588210e+06   3.8574219e+01
   2.2588380e+06   4.0893555e+01
   2.2592340e+06   3.3203125e+01
   2.2608420e+06   3.3386230e+01
   2.2614200e+06   3.4301758e+01
   2.2632490e+06   3.4545898e+01
   2.2760420e+06   3.4118652e+01
   2.2761490e+06   3.3264160e+01
   2.2762230e+06   3.2836914e+01
   2.2763020e+06   3.2531738e+01
   2.2763480e+06   3.2226562e+01
   2.2763920e+06   3.3264160e+01
   2.2766120e+06   3.3935547e+01
   2.3330700e+06   3.8330078e+01
   2.3331340e+06   3.8818359e+01
   2.3331580e+06   3.7414551e+01
   2.3332280e+06   3.3935547e+01
   2.3332500e+06   3.3813477e+01
   2.3332770e+06   3.5278320e+01
   2.3333560e+06   3.5583496e+01
   2.3334030e+06   3.2775879e+01
   2.3334750e+06   3.2348633e+01
   2.3336130e+06   3.4118652e+01
   2.3345260e+06   3.8757324e+01
   2.3526820e+06   3.2836914e+01
   2.3527670e+06   3.2836914e+01
   2.3528690e+06   3.3020020e+01
   2.3528990e+06   3.3935547e+01
   2.3537400e+06   3.2897949e+01
   2.3672590e+06   3.6926270e+01
   2.3674720e+06   3.3203125e+01
   2.3675720e+06   3.3142090e+01
   2.3676550e+06   3.4851074e+01
   2.3679000e+06   3.4667969e+01
   2.3683090e+06   3.2287598e+01
   2.3839970e+06   3.3630371e+01
   2.3843520e+06   3.4973145e+01
   2.3948850e+06   3.3325195e+01
   2.4022950e+06   3.3813477e+01
   2.4025140e+06   4.2602539e+01
   2.4026520e+06   3.3874512e+01
   2.4026950e+06   3.2775879e+01
   2.4027780e+06   3.6743164e+01
   2.4132980e+06   3.2287598e+01
   2.4205620e+06   3.3447266e+01
   2.4209770e+06   3.5400391e+01
   2.4212730e+06   3.4057617e+01
   2.4215290e+06   3.2531738e+01
   2.4408130e+06   3.2775879e+01
   2.4409940e+06   3.4851074e+01
   2.4515570e+06   3.2043457e+01
   2.4803770e+06   3.7963867e+01
   2.4903960e+06   3.6071777e+01
   2.5152880e+06   3.3081055e+01
   2.5708850e+06   3.4729004e+01
   2.5825540e+06   3.4423828e+01
   2.5827420e+06   3.5217285e+01
   3.1093790e+06   4.0649414e+01
   3.1094930e+06   3.2836914e+01
   3.1095640e+06   3.1494141e+01
   3.1096860e+06   3.9062500e+01
   3.1097220e+06   3.1433105e+01
   3.1098640e+06   3.2287598e+01
   3.1103360e+06   3.3081055e+01
   3.3918820e+06   3.2165527e+01
   3.3924400e+06   4.1748047e+01
   3.3924600e+06   3.2409668e+01
   3.3924920e+06   3.9306641e+01
   3.3925100e+06   3.5766602e+01
   3.3925430e+06   3.3142090e+01
   3.3925720e+06   3.2714844e+01
   3.3926020e+06   3.2897949e+01
   3.3926700e+06   3.4118652e+01
   3.3927240e+06   3.4912109e+01
   3.3928450e+06   3.7841797e+01
   3.3930840e+06   3.1616211e+01
   3.3940200e+06   3.1921387e+01
   3.4534910e+06   3.1799316e+01
   3.4535290e+06   4.1625977e+01
   3.4536170e+06   3.1494141e+01
   3.4536460e+06   3.6010742e+01
   3.4536750e+06   3.2714844e+01
   3.4536890e+06   3.7170410e+01
   3.4537420e+06   3.1494141e+01
   3.4538170e+06   3.1555176e+01
   3.4538380e+06   3.7536621e+01
   3.4553200e+06   3.2592773e+01
   3.4815580e+06   3.2226563e+01
   3.4816190e+06   3.3508301e+01
   3.4816320e+06   3.3569336e+01
   3.4816650e+06   4.4067383e+01
   3.4817740e+06   3.3630371e+01
   3.4818370e+06   4.2907715e+01
   3.4819070e+06   3.5827637e+01
   3.4820080e+06   3.6437988e+01
   3.4985340e+06   3.3813477e+01
   3.4987930e+06   3.4362793e+01
   3.4989390e+06   3.3325195e+01
   3.5005510e+06   3.2165527e+01
   3.5119790e+06   3.4484863e+01
   3.5122130e+06   3.8269043e+01
   3.5221020e+06   3.8330078e+01
   3.5221900e+06   3.2897949e+01
   3.5223840e+06   3.3508301e+01
   3.5246170e+06   3.3508301e+01
   3.5445180e+06   3.2470703e+01
   3.5447160e+06   3.5034180e+01
   3.5447400e+06   3.2043457e+01
   3.5448660e+06   3.2714844e+01
   3.5449120e+06   3.4484863e+01
   3.5450610e+06   3.2836914e+01
   3.5571480e+06   4.1625977e+01
   3.5579220e+06   3.4667969e+01
   3.5670450e+06   3.1799316e+01
   3.5759480e+06   3.2531738e+01
   3.5759980e+06   3.1616211e+01
   3.5856410e+06   4.1320801e+01
   3.5858200e+06   3.2653809e+01
   3.5983210e+06   3.3142090e+01
   3.5987450e+06   3.3752441e+01
   3.6102510e+06   4.0161133e+01
   3.6218380e+06   3.6804199e+01
   3.6439910e+06   3.1799316e+01
   3.7665150e+06   3.3142090e+01
   3.7926310e+06   3.1616211e+01
   3.7929280e+06   3.1860352e+01
   3.8593170e+06   3.2470703e+01
   5.0880000e+06   3.1738281e+01
   6.3388460e+06   3.8757324e+01
   6.3388770e+06   3.4973145e+01
   6.3388930e+06   3.4729004e+01
   6.3389210e+06   3.4362793e+01
   6.3389440e+06   3.2897949e+01
   6.3389570e+06   3.6499023e+01
   6.3390470e+06   3.2043457e+01
   6.3399200e+06   3.4423828e+01
   6.3403480e+06   3.3325195e+01
   6.3408460e+06   3.2165527e+01
   6.3416180e+06   3.2348633e+01
   6.4514180e+06   5.0598145e+01
   6.4515640e+06   3.1677246e+01
   6.4515940e+06   3.1616211e+01
   6.4516190e+06   3.2165527e+01
   6.4520300e+06   3.6682129e+01
   6.4535130e+06   3.2592773e+01
   6.4871200e+06   3.1555176e+01
   6.4871440e+06   3.3325195e+01
   6.4871580e+06   3.9978027e+01
   6.4874190e+06   3.1921387e+01
   6.4877180e+06   3.4240723e+01
   6.4893030e+06   3.4912109e+01
   6.5091450e+06   3.1860352e+01
   6.5091640e+06   3.1677246e+01
   6.5092660e+06   3.7231445e+01
   6.5093120e+06   3.6804199e+01
   6.5093720e+06   3.7841797e+01
   6.5097480e+06   3.1982422e+01
   6.5101770e+06   3.4240723e+01
   6.5108990e+06   3.3386230e+01
   6.5250330e+06   3.2165527e+01
   6.5256480e+06   3.2775879e+01
   6.5259940e+06   3.8635254e+01
   6.5452970e+06   3.6193848e+01
   6.5456960e+06   3.1677246e+01
   6.5457260e+06   3.5034180e+01
   6.5457450e+06   3.2470703e+01
   6.5457870e+06   3.3203125e+01
   6.5595980e+06   3.5217285e+01
   6.5717800e+06   3.4729004e+01
   6.5720160e+06   3.6804199e+01
   6.5722880e+06   3.3020020e+01
   6.5725720e+06   3.8391113e+01
   6.5881220e+06   3.6193848e+01
   6.5885880e+06   3.6132812e+01
   6.5893790e+06   3.1982422e+01
   6.6010930e+06   3.3630371e+01
   6.6113340e+06   3.5217285e+01
   6.6118500e+06   3.3752441e+01
   6.6283920e+06   3.7780762e+01
   6.6413780e+06   3.1677246e+01
   6.6583160e+06   3.1982422e+01
   6.6792930e+06   3.1677246e+01
   6.7150630e+06   3.2226562e+01
   6.7504580e+06   3.2165527e+01
   6.8184820e+06   3.6743164e+01
   8.4734690e+06   3.6437988e+01
   8.4734890e+06   4.5898438e+01
   8.4735220e+06   3.9001465e+01
   8.4735930e+06   3.3325195e+01
   8.4736380e+06   4.4128418e+01
   8.4739660e+06   3.4912109e+01
   8.4743300e+06   3.3264160e+01
   8.4756960e+06   3.1555176e+01
   8.4812390e+06   3.3996582e+01
   8.5695820e+06   4.7912598e+01
   8.5696390e+06   3.3325195e+01
   8.5696630e+06   3.5156250e+01
   8.5697450e+06   4.4250488e+01
   8.5698060e+06   3.2165527e+01
   8.5707900e+06   3.2653809e+01
   8.5715820e+06   3.2531738e+01
   8.5733890e+06   3.2226562e+01
   8.5966610e+06   3.9184570e+01
   8.5967500e+06   3.4667969e+01
   8.5968850e+06   3.5461426e+01
   8.6212610e+06   3.1982422e+01
   8.6212870e+06   3.4362793e+01
   8.6213880e+06   3.6682129e+01
   8.6214190e+06   3.5339355e+01
   8.6215910e+06   3.6804199e+01
   8.6426800e+06   3.2897949e+01
   8.6429350e+06   3.3020020e+01
   8.6523920e+06   3.3874512e+01
   8.6578730e+06   3.2104492e+01
   8.6581950e+06   3.3569336e+01
   8.6669340e+06   3.3691406e+01
   8.6671000e+06   3.7475586e+01
   8.6671710e+06   3.6743164e+01
   8.6673530e+06   3.2348633e+01
   8.6674760e+06   3.4973145e+01
   8.6675310e+06   3.7658691e+01
   8.6826000e+06   3.1982422e+01
   8.6829160e+06   3.2165527e+01
   8.6829680e+06   3.4057617e+01
   8.6958580e+06   3.3081055e+01
   8.7064840e+06   4.1137695e+01
   8.7170630e+06   3.2531738e+01
   8.7175580e+06   3.3264160e+01
   8.7266460e+06   3.4973145e+01
   8.7378530e+06   3.7231445e+01
   8.7380760e+06   3.4118652e+01
   8.7481650e+06   3.5461426e+01
   8.7577330e+06   3.2409668e+01
   8.7789710e+06   3.2226562e+01
   8.8923560e+06   3.3447266e+01
   8.9131050e+06   3.2165527e+01
   9.6457160e+06   3.2348633e+01
   1.0172370e+07   3.4912109e+01
   1.0172450e+07   3.4057617e+01
   1.0172510e+07   3.4484863e+01
   1.0172575e+07   3.5339355e+01
   1.0172636e+07   3.3874512e+01
   1.0172890e+07   3.3569336e+01
   1.0174074e+07   3.2226562e+01
   1.0174939e+07   3.1677246e+01
   1.0175184e+07   3.2836914e+01
   1.0268821e+07   3.3935547e+01
   1.0268974e+07   3.8574219e+01
   1.0307208e+07   3.1555176e+01
   1.0307227e+07   4.7912598e+01
   1.0307288e+07   3.1616211e+01
   1.0307334e+07   3.6743164e+01
   1.0307455e+07   3.5522461e+01
   1.0307607e+07   3.2348633e+01
   1.0307635e+07   3.7536621e+01
   1.0308210e+07   3.2043457e+01
   1.0333986e+07   4.0344238e+01
   1.0334386e+07   3.5705566e+01
   1.0334623e+07   3.6743164e+01
   1.0334680e+07   3.1616211e+01
   1.0335474e+07   3.3020020e+01
   1.0359896e+07   3.4912109e+01
   1.0360115e+07   3.6621094e+01
   1.0360249e+07   3.1982422e+01
   1.0360356e+07   3.8085938e+01
   1.0360446e+07   3.2897949e+01
   1.0360480e+07   3.5705566e+01
   1.0379948e+07   3.3203125e+01
   1.0380352e+07   3.8024902e+01
   1.0380435e+07   3.3020020e+01
   1.0403976e+07   3.2470703e+01
   1.0404190e+07   3.2958984e+01
   1.0433521e+07   3.7536621e+01
   1.0444973e+07   3.4118652e+01
   1.0445864e+07   3.2348633e+01
   1.0457018e+07   3.2470703e+01
   1.0486384e+07   3.5766602e+01
   1.0486635e+07   3.2043457e+01
