   1.1996000e+07   0.0000000e+00
   3.1962000e+04   3.2043457e+01
   1.2322000e+05   3.2226562e+01
   1.2327400e+05   3.7475586e+01
   1.2330100e+05   5.0781250e+01
   1.2337400e+05   5.0109863e+01
   1.2338500e+05   5.4260254e+01
   1.2340300e+05   3.6804199e+01
   1.2341900e+05   5.0537109e+01
   1.2347100e+05   3.5339355e+01
   1.2351600e+05   3.3386230e+01
   1.2353500e+05   3.9123535e+01
   1.2357100e+05   3.5827637e+01
   1.2360900e+05   3.2775879e+01
   1.2378300e+05   3.2470703e+01
   2.1226600e+05   4.7607422e+01
   2.1238900e+05   3.7719727e+01
   2.1240600e+05   3.3752441e+01
   2.1243500e+05   3.4545898e+01
   2.1247300e+05   4.6142578e+01
   2.1248700e+05   4.2785645e+01
   2.1254800e+05   4.7180176e+01
   2.1256200e+05   4.2602539e+01
   2.1257800e+05   4.3457031e+01
   2.1259100e+05   4.5349121e+01
   2.1261800e+05   5.9204102e+01
   2.1263700e+05   4.3945313e+01
   2.1265400e+05   3.6560059e+01
   2.1269000e+05   4.0466309e+01
   2.1271300e+05   3.2531738e+01
   2.1273000e+05   4.5227051e+01
   2.1274900e+05   3.8391113e+01
   2.1276900e+05   3.3203125e+01
   2.1280100e+05   3.5705566e+01
   2.1284800e+05   4.1992188e+01
   2.1286500e+05   3.3203125e+01
   2.1404700e+05   3.9245605e+01
   2.1440700e+05   3.3630371e+01
   2.1450300e+05   3.3935547e+01
   2.1453300e+05   3.6926270e+01
   2.1629900e+05   3.5339355e+01
   2.4830600e+05   3.1982422e+01
   2.4861200e+05   4.8583984e+01
   2.7592000e+05   3.9306641e+01
   2.7608400e+05   4.6630859e+01
   2.7615400e+05   3.2348633e+01
   2.7629000e+05   4.1931152e+01
   2.7653400e+05   3.4362793e+01
   2.7659600e+05   3.4729004e+01
   2.7684300e+05   3.5400391e+01
   2.7686800e+05   3.6621094e+01
   2.7696100e+05   3.2409668e+01
   2.7704900e+05   3.3569336e+01
   2.7706100e+05   5.6335449e+01
   2.7712600e+05   3.8146973e+01
   2.7720400e+05   3.7597656e+01
   2.7723400e+05   3.4301758e+01
   2.7734800e+05   3.1921387e+01
   2.7745000e+05   3.5583496e+01
   2.7748400e+05   3.5949707e+01
   2.7751000e+05   3.5644531e+01
   2.7755100e+05   3.7048340e+01
   2.7767800e+05   3.8696289e+01
   2.7798400e+05   3.5278320e+01
   2.7815100e+05   3.3264160e+01
   2.7850300e+05   3.3081055e+01
   3.2083300e+05   4.0039062e+01
   3.2092700e+05   3.4301758e+01
   3.2095300e+05   4.6752930e+01
   3.2110100e+05   3.9123535e+01
   3.2118800e+05   3.8391113e+01
   3.2125300e+05   3.6621094e+01
   3.2138700e+05   3.4301758e+01
   3.2169500e+05   3.5400391e+01
   3.2188800e+05   3.3081055e+01
   3.2912200e+05   3.8635254e+01
   3.2984000e+05   3.4484863e+01
   3.3645700e+05   4.4555664e+01
   3.3656300e+05   3.2348633e+01
   3.3663200e+05   3.7231445e+01
   3.3677500e+05   4.0771484e+01
   3.3723900e+05   3.7902832e+01
   3.4413300e+05   3.5217285e+01
   3.4431600e+05   3.2531738e+01
   3.4446300e+05   3.8635254e+01
   3.4510100e+05   3.5278320e+01
   3.5137900e+05   3.3020020e+01
   3.5163800e+05   3.7292480e+01
   3.5869200e+05   3.9550781e+01
   3.5890900e+05   3.6560059e+01
   3.5901200e+05   3.2775879e+01
   3.5926600e+05   3.4301758e+01
   3.6508900e+05   3.5949707e+01
   3.6555800e+05   4.0527344e+01
   3.7206100e+05   3.8330078e+01
   3.7216900e+05   3.3874512e+01
   3.7226300e+05   3.2958984e+01
   3.7267100e+05   3.2592773e+01
   3.8008100e+05   5.2124023e+01
   3.8028000e+05   3.5522461e+01
   3.8688900e+05   4.2907715e+01
   3.8727800e+05   4.3334961e+01
   3.9442700e+05   3.5705566e+01
   3.9463000e+05   4.3701172e+01
   3.9473300e+05   3.2531738e+01
   3.9479800e+05   3.5705566e+01
   3.9484300e+05   3.2165527e+01
   4.0362800e+05   4.1809082e+01
   4.0370300e+05   3.2104492e+01
   4.0383600e+05   3.2043457e+01
   4.1248800e+05   3.5888672e+01
   4.1253200e+05   4.8400879e+01
   4.1285300e+05   3.4118652e+01
   4.1957200e+05   3.3081055e+01
   4.2006700e+05   3.6804199e+01
   4.2028900e+05   3.8085938e+01
   4.2727700e+05   3.3996582e+01
   4.2744200e+05   3.2897949e+01
   4.3564000e+05   3.2714844e+01
   4.3581300e+05   3.3020020e+01
   4.3593600e+05   4.1259766e+01
   4.3641500e+05   3.4240723e+01
   4.4588500e+05   5.2551270e+01
   4.4609500e+05   3.5522461e+01
   4.4634100e+05   3.6437988e+01
   4.5461500e+05   4.1076660e+01
   4.6276400e+05   3.8085938e+01
   4.6298700e+05   4.0466309e+01
   4.7229400e+05   4.6203613e+01
   4.7246200e+05   3.4790039e+01
   4.7266300e+05   4.0954590e+01
   4.8167800e+05   3.7780762e+01
   4.8186700e+05   3.5583496e+01
   4.9061500e+05   3.9245605e+01
   4.9864500e+05   4.1076660e+01
   5.0742600e+05   3.5644531e+01
   5.0768200e+05   3.2043457e+01
   5.1666700e+05   3.3691406e+01
   5.2647600e+05   4.3945312e+01
   5.2666400e+05   3.3935547e+01
   5.3595100e+05   4.8461914e+01
   5.5485900e+05   3.3752441e+01
   5.5495400e+05   3.9245605e+01
   5.5506400e+05   3.4545898e+01
   5.6518600e+05   3.5766602e+01
   5.6542800e+05   3.7231445e+01
   5.7562800e+05   4.2236328e+01
   5.8564400e+05   3.7109375e+01
   5.8586100e+05   4.5227051e+01
   5.9547300e+05   3.4240723e+01
   5.9551100e+05   4.5043945e+01
   5.9558300e+05   3.3386230e+01
   6.0778700e+05   3.6987305e+01
   6.0816300e+05   3.1921387e+01
   6.1884700e+05   3.2897949e+01
   6.1908100e+05   3.1921387e+01
   6.3019300e+05   3.2531738e+01
   6.4380400e+05   3.2226562e+01
   6.4383800e+05   4.4982910e+01
   6.4401100e+05   3.9916992e+01
   6.5633900e+05   3.4057617e+01
   6.5647800e+05   4.3273926e+01
   6.6644900e+05   3.2958984e+01
   6.6719500e+05   4.2297363e+01
   6.8134400e+05   4.1137695e+01
   6.8154500e+05   3.4667969e+01
   6.8183700e+05   3.4118652e+01
   6.9354200e+05   4.4311523e+01
   6.9377200e+05   3.2531738e+01
   7.0475100e+05   3.9062500e+01
   7.1596100e+05   3.3325195e+01
   7.1599300e+05   4.3457031e+01
   7.2927600e+05   4.5532227e+01
   7.2978400e+05   3.8818359e+01
   7.4516900e+05   3.4301758e+01
   7.4525700e+05   3.7170410e+01
   7.4534600e+05   4.3518066e+01
   7.4562800e+05   3.8879395e+01
   7.5976100e+05   3.3386230e+01
   7.5987900e+05   4.4494629e+01
   7.7401600e+05   4.1564941e+01
   7.7450000e+05   4.7790527e+01
   7.9189600e+05   3.3508301e+01
   7.9230900e+05   3.8085938e+01
   7.9265300e+05   3.7170410e+01
   7.9274500e+05   3.6499023e+01
   8.0767400e+05   4.9804688e+01
   8.0786500e+05   3.5888672e+01
   8.2443700e+05   3.3508301e+01
   8.2484300e+05   3.7719727e+01
   8.2513700e+05   3.5705566e+01
   8.4282400e+05   4.4738770e+01
   8.4325700e+05   3.1921387e+01
   8.6138800e+05   3.8513184e+01
   8.8602800e+05   4.3823242e+01
   8.8603800e+05   3.2714844e+01
   8.8613700e+05   3.5644531e+01
   8.8626300e+05   3.9550781e+01
   9.1365400e+05   3.8635254e+01
   9.1393900e+05   3.3325195e+01
   9.7215900e+05   4.5776367e+01
   9.7241700e+05   5.0781250e+01
   9.7284100e+05   4.0405273e+01
   9.7295000e+05   3.4179688e+01
   2.7062680e+06   3.2897949e+01
   2.9590680e+06   3.3508301e+01
   2.9591180e+06   3.2714844e+01
   2.9591600e+06   3.2409668e+01
   2.9592000e+06   3.9489746e+01
   2.9592220e+06   4.6630859e+01
   2.9592540e+06   5.5786133e+01
   2.9592660e+06   5.9570313e+01
   2.9592890e+06   6.5368652e+01
   2.9593140e+06   4.2968750e+01
   2.9593470e+06   4.1076660e+01
   2.9593620e+06   3.5766602e+01
   2.9593990e+06   3.6926270e+01
   2.9594120e+06   4.0466309e+01
   2.9595070e+06   3.4667969e+01
   2.9604810e+06   3.4667969e+01
   2.9606840e+06   3.3447266e+01
   2.9923130e+06   3.2470703e+01
   3.1330020e+06   3.5522461e+01
   3.1330300e+06   3.3935547e+01
   3.1330850e+06   5.0109863e+01
   3.1331190e+06   3.8513184e+01
   3.1331460e+06   3.1860352e+01
   3.1331950e+06   4.2175293e+01
   3.1332140e+06   3.2592773e+01
   3.1332290e+06   3.5827637e+01
   3.1332750e+06   4.5288086e+01
   3.1333050e+06   4.3395996e+01
   3.1333430e+06   3.4912109e+01
   3.1333590e+06   3.6376953e+01
   3.1334100e+06   3.9001465e+01
   3.1334320e+06   3.6132813e+01
   3.1336320e+06   3.1982422e+01
   3.1347120e+06   3.4118652e+01
   3.1347960e+06   3.5644531e+01
   3.1350150e+06   3.2104492e+01
   3.1357530e+06   3.3386230e+01
   3.1405340e+06   3.2958984e+01
   3.1784460e+06   4.0466309e+01
   3.1785730e+06   3.5278320e+01
   3.1785980e+06   3.2409668e+01
   3.1786780e+06   3.6560059e+01
   3.1787100e+06   4.1992188e+01
   3.1787320e+06   4.2114258e+01
   3.1788360e+06   3.6560059e+01
   3.1788620e+06   4.4860840e+01
   3.1788750e+06   3.9794922e+01
   3.1788940e+06   3.4118652e+01
   3.1789300e+06   3.3935547e+01
   3.1789740e+06   4.1809082e+01
   3.1789990e+06   3.5461426e+01
   3.1790830e+06   3.6560059e+01
   3.1791090e+06   4.3457031e+01
   3.1791250e+06   3.9916992e+01
   3.1791480e+06   3.8269043e+01
   3.1792710e+06   3.2104492e+01
   3.1792860e+06   4.3395996e+01
   3.1793840e+06   3.7780762e+01
   3.1794340e+06   3.5217285e+01
   3.1794500e+06   3.4118652e+01
   3.1795010e+06   3.4057617e+01
   3.1795280e+06   3.2226562e+01
   3.1800000e+06   3.8208008e+01
   3.1800480e+06   3.6071777e+01
   3.1810670e+06   3.1982422e+01
   3.1983980e+06   3.2470703e+01
   3.2152930e+06   4.2541504e+01
   3.2154310e+06   4.5471191e+01
   3.2156130e+06   3.4973145e+01
   3.2156690e+06   3.2043457e+01
   3.2158030e+06   3.9733887e+01
   3.2159370e+06   3.2409668e+01
   3.2161810e+06   3.4545898e+01
   3.2162020e+06   3.2043457e+01
   3.2164240e+06   3.8940430e+01
   3.2165180e+06   4.0832520e+01
   3.2166330e+06   4.7546387e+01
   3.2166480e+06   3.3752441e+01
   3.2167140e+06   3.5827637e+01
   3.2167400e+06   4.0832520e+01
   3.2167600e+06   4.1870117e+01
   3.2168500e+06   4.8400879e+01
   3.2168740e+06   3.4240723e+01
   3.2169460e+06   4.3457031e+01
   3.2169910e+06   3.8085938e+01
   3.2170400e+06   3.3081055e+01
   3.2170750e+06   3.6560059e+01
   3.2172050e+06   3.2165527e+01
   3.2178090e+06   3.3691406e+01
   3.2179910e+06   3.2653809e+01
   3.2501010e+06   3.1982422e+01
   3.2523720e+06   4.1381836e+01
   3.2611760e+06   3.6865234e+01
   3.2618560e+06   3.6132812e+01
   3.2689210e+06   4.2724609e+01
   3.2695970e+06   3.5034180e+01
   3.2768730e+06   4.3151855e+01
   3.2771780e+06   3.5278320e+01
   3.2773100e+06   3.2653809e+01
   3.2773730e+06   3.2714844e+01
   3.2777120e+06   3.1921387e+01
   3.2848110e+06   3.4667969e+01
   3.2848320e+06   4.1076660e+01
   3.2849240e+06   4.0649414e+01
   3.2850940e+06   3.2958984e+01
   3.2855760e+06   3.8452148e+01
   3.2857480e+06   3.2287598e+01
   3.2936180e+06   3.3325195e+01
   3.2988660e+06   3.2592773e+01
   3.2991340e+06   4.0771484e+01
   3.2993700e+06   3.3203125e+01
   3.3055660e+06   3.3142090e+01
   3.3056140e+06   3.5400391e+01
   3.3057730e+06   3.9978027e+01
   3.3059150e+06   3.3386230e+01
   3.3060930e+06   3.1982422e+01
   3.3064110e+06   3.5156250e+01
   3.3138600e+06   3.9550781e+01
   3.3139720e+06   3.8940430e+01
   3.3140530e+06   3.1982422e+01
   3.3141440e+06   4.0893555e+01
   3.3147070e+06   3.2409668e+01
   3.3213610e+06   4.3212891e+01
   3.3218050e+06   3.7658691e+01
   3.3272370e+06   3.3386230e+01
   3.3344700e+06   3.2836914e+01
   3.3399280e+06   3.3691406e+01
   3.3401500e+06   4.0283203e+01
   3.3403260e+06   5.0109863e+01
   3.3404750e+06   3.3569336e+01
   3.3408810e+06   3.4851074e+01
   3.3469440e+06   3.6560059e+01
   3.3472300e+06   3.6132812e+01
   3.3540120e+06   5.1086426e+01
   3.3541460e+06   3.3874512e+01
   3.3544150e+06   3.8757324e+01
   3.3623690e+06   3.1799316e+01
   3.3626540e+06   4.2541504e+01
   3.3627280e+06   3.3691406e+01
   3.3706620e+06   4.0893555e+01
   3.3709140e+06   3.2653809e+01
   3.3795360e+06   4.3640137e+01
   3.3797050e+06   3.6254883e+01
   3.3799730e+06   3.3691406e+01
   3.3887950e+06   3.7048340e+01
   3.3889770e+06   3.4179688e+01
   3.3976330e+06   3.4179688e+01
   3.3978350e+06   3.2287598e+01
   3.3979350e+06   3.9367676e+01
   3.3982380e+06   3.5156250e+01
   3.3983780e+06   3.2104492e+01
   3.4065150e+06   3.3935547e+01
   3.4067900e+06   3.9794922e+01
   3.4145390e+06   3.3630371e+01
   3.4148120e+06   3.7780762e+01
   3.4245910e+06   3.3142090e+01
   3.4247690e+06   3.2104492e+01
   3.4248580e+06   4.5593262e+01
   3.4250320e+06   4.7058105e+01
   3.4362680e+06   3.2348633e+01
   3.4364710e+06   3.5034180e+01
   3.4367010e+06   3.2409668e+01
   3.4370760e+06   3.3508301e+01
   3.4462440e+06   4.0039062e+01
   3.4465430e+06   3.5278320e+01
   3.4541620e+06   3.6254883e+01
   3.4612570e+06   3.2287598e+01
   3.4635870e+06   4.5654297e+01
   3.4722860e+06   3.1799316e+01
   3.4723770e+06   3.2165527e+01
   3.4726960e+06   3.7170410e+01
   3.4729350e+06   4.3212891e+01
   3.4825070e+06   3.2531738e+01
   3.4828480e+06   3.1799316e+01
   3.4829870e+06   3.2287598e+01
   3.4925240e+06   3.2714844e+01
   3.4927220e+06   4.4616699e+01
   3.5028710e+06   3.1982422e+01
   3.5031710e+06   3.3508301e+01
   3.5035180e+06   4.1320801e+01
   3.5127910e+06   3.9184570e+01
   3.5236820e+06   4.4738770e+01
   3.5238790e+06   4.4189453e+01
   3.5240610e+06   3.6010742e+01
   3.5370960e+06   4.3457031e+01
   3.5372520e+06   4.6997070e+01
   3.5483230e+06   4.1931152e+01
   3.5485930e+06   3.8085938e+01
   3.5488250e+06   3.3569336e+01
   3.5581810e+06   3.3020020e+01
   3.5584520e+06   5.2551270e+01
   3.5716260e+06   3.5156250e+01
   3.5718120e+06   4.6264648e+01
   3.5719860e+06   3.6987305e+01
   3.5877280e+06   3.5705566e+01
   3.5879760e+06   3.6621094e+01
   3.5997500e+06   3.3142090e+01
   3.6002430e+06   4.1381836e+01
   3.6005730e+06   3.6132812e+01
   3.6129890e+06   3.7170410e+01
   3.6130950e+06   4.2297363e+01
   3.6133510e+06   3.8452148e+01
   3.6274400e+06   3.3508301e+01
   3.6276190e+06   3.8269043e+01
   3.6395650e+06   3.5095215e+01
   3.6554070e+06   3.8269043e+01
   3.6556680e+06   3.9184570e+01
   3.6556920e+06   3.2226562e+01
   3.6722960e+06   4.2968750e+01
   3.6723640e+06   3.7292480e+01
   3.6724920e+06   4.0466309e+01
   3.6726540e+06   4.2480469e+01
   3.6729070e+06   3.6804199e+01
   3.6730080e+06   3.2104492e+01
   3.6862920e+06   4.8583984e+01
   3.6865250e+06   3.2165527e+01
   3.7075040e+06   3.2958984e+01
   3.7076370e+06   3.4729004e+01
   3.7077610e+06   3.4973145e+01
   3.7078380e+06   3.4973145e+01
   3.7078710e+06   4.2602539e+01
   3.7080860e+06   4.3579102e+01
   3.7081310e+06   4.2358398e+01
   3.7082670e+06   3.2958984e+01
   3.7303790e+06   3.2348633e+01
   3.7304190e+06   3.7353516e+01
   3.7306640e+06   3.6804199e+01
   3.7310810e+06   3.2226562e+01
   4.0095750e+06   3.3569336e+01
   4.6842330e+06   3.2714844e+01
   5.0964530e+06   4.7363281e+01
   5.0964630e+06   3.3813477e+01
   5.0965130e+06   3.7170410e+01
   5.0965260e+06   3.5949707e+01
   5.0965390e+06   3.4729004e+01
   5.0965690e+06   4.1503906e+01
   5.0966120e+06   6.6040039e+01
   5.0966260e+06   3.1799316e+01
   5.0966920e+06   3.6743164e+01
   5.0967280e+06   3.3630371e+01
   5.0968020e+06   3.5156250e+01
   5.0991220e+06   3.2836914e+01
   5.2699950e+06   3.3569336e+01
   5.2700170e+06   4.3945312e+01
   5.2700400e+06   3.5156250e+01
   5.2700850e+06   3.2714844e+01
   5.2701200e+06   4.1137695e+01
   5.2701480e+06   3.4423828e+01
   5.2701620e+06   4.5104980e+01
   5.2701910e+06   3.5278320e+01
   5.2702130e+06   5.5480957e+01
   5.2702350e+06   5.7495117e+01
   5.2702800e+06   4.3457031e+01
   5.2703800e+06   3.4667969e+01
   5.2718560e+06   3.6132812e+01
   5.2722100e+06   3.3508301e+01
   5.2728660e+06   3.4973145e+01
   5.3167760e+06   4.1503906e+01
   5.3168500e+06   4.0344238e+01
   5.3169060e+06   6.0546875e+01
   5.3169650e+06   3.6010742e+01
   5.3170570e+06   3.3142090e+01
   5.3170850e+06   3.7475586e+01
   5.3171200e+06   3.9611816e+01
   5.3171670e+06   3.8085938e+01
   5.3171990e+06   3.5400391e+01
   5.3172370e+06   4.1809082e+01
   5.3172480e+06   3.9611816e+01
   5.3173060e+06   4.3640137e+01
   5.3173420e+06   4.1931152e+01
   5.3173790e+06   3.6743164e+01
   5.3174020e+06   3.7597656e+01
   5.3174310e+06   4.6447754e+01
   5.3174570e+06   3.6376953e+01
   5.3175160e+06   4.4250488e+01
   5.3175370e+06   3.6315918e+01
   5.3177720e+06   3.2775879e+01
   5.3179790e+06   3.3813477e+01
   5.3182130e+06   3.1860352e+01
   5.3182950e+06   3.3630371e+01
   5.3183260e+06   3.3325195e+01
   5.3189440e+06   3.5827637e+01
   5.3194500e+06   3.5400391e+01
   5.3542620e+06   3.5949707e+01
   5.3544350e+06   3.9001465e+01
   5.3544920e+06   3.2958984e+01
   5.3546790e+06   3.2226562e+01
   5.3547510e+06   5.7922363e+01
   5.3548160e+06   3.3630371e+01
   5.3548960e+06   4.7058105e+01
   5.3549720e+06   3.2348633e+01
   5.3550400e+06   3.4851074e+01
   5.3551230e+06   3.7963867e+01
   5.3551980e+06   4.1503906e+01
   5.3552290e+06   3.3874512e+01
   5.3552580e+06   3.2287598e+01
   5.3553620e+06   3.3630371e+01
   5.3553940e+06   3.5522461e+01
   5.3554130e+06   4.6447754e+01
   5.3554640e+06   3.5461426e+01
   5.3555390e+06   3.3447266e+01
   5.3555670e+06   3.2714844e+01
   5.3555910e+06   3.4118652e+01
   5.3556510e+06   3.3813477e+01
   5.3556960e+06   3.9245605e+01
   5.3557980e+06   4.3884277e+01
   5.3558310e+06   3.4118652e+01
   5.3562930e+06   3.3630371e+01
   5.3581970e+06   3.3203125e+01
   5.3594610e+06   3.1982422e+01
   5.3939100e+06   3.7170410e+01
   5.3940190e+06   3.2043457e+01
   5.3941970e+06   4.9987793e+01
   5.3943690e+06   3.2836914e+01
   5.3944380e+06   3.5461426e+01
   5.3944720e+06   3.5583496e+01
   5.3945260e+06   3.8208008e+01
   5.3946010e+06   3.4729004e+01
   5.3946210e+06   3.2775879e+01
   5.3946720e+06   4.4250488e+01
   5.3948050e+06   3.9550781e+01
   5.3948370e+06   3.2470703e+01
   5.3948810e+06   3.4545898e+01
   5.3949560e+06   5.6274414e+01
   5.3950150e+06   4.0283203e+01
   5.3950830e+06   3.2653809e+01
   5.3951120e+06   3.1921387e+01
   5.3953520e+06   3.4790039e+01
   5.4305690e+06   3.5278320e+01
   5.4306570e+06   3.1860352e+01
   5.4306850e+06   4.0466309e+01
   5.4308130e+06   3.7780762e+01
   5.4308510e+06   3.3325195e+01
   5.4309830e+06   3.4240723e+01
   5.4311920e+06   3.5095215e+01
   5.4312260e+06   3.5217285e+01
   5.4314230e+06   4.0893555e+01
   5.4316460e+06   3.2592773e+01
   5.4323320e+06   3.2714844e+01
   5.4495910e+06   3.7902832e+01
   5.4497240e+06   4.0100098e+01
   5.4497640e+06   3.2287598e+01
   5.4498380e+06   3.1982422e+01
   5.4500130e+06   4.0588379e+01
   5.4502220e+06   3.3630371e+01
   5.4505130e+06   3.4240723e+01
   5.4505450e+06   3.7902832e+01
   5.4616120e+06   3.3020020e+01
   5.4617280e+06   3.2409668e+01
   5.4617930e+06   3.2043457e+01
   5.4618030e+06   3.2348633e+01
   5.4619410e+06   3.7902832e+01
   5.4624460e+06   3.7353516e+01
   5.4716690e+06   4.4067383e+01
   5.4718480e+06   3.9123535e+01
   5.4719890e+06   3.4545898e+01
   5.4720450e+06   3.5644531e+01
   5.4723220e+06   3.4057617e+01
   5.4804520e+06   3.5217285e+01
   5.4805940e+06   3.3996582e+01
   5.4899370e+06   3.3935547e+01
   5.4901030e+06   3.3203125e+01
   5.4902580e+06   3.4606934e+01
   5.4906090e+06   3.4240723e+01
   5.4989550e+06   4.1931152e+01
   5.4992530e+06   3.2348633e+01
   5.5086020e+06   3.8330078e+01
   5.5088210e+06   3.5888672e+01
   5.5089730e+06   3.6682129e+01
   5.5092460e+06   4.0771484e+01
   5.5177000e+06   3.9978027e+01
   5.5178700e+06   4.2602539e+01
   5.5260300e+06   3.2104492e+01
   5.5261360e+06   3.3569336e+01
   5.5265260e+06   3.5522461e+01
   5.5355240e+06   3.3996582e+01
   5.5357320e+06   4.8706055e+01
   5.5359490e+06   3.8879395e+01
   5.5442710e+06   3.7292480e+01
   5.5443510e+06   3.3325195e+01
   5.5444610e+06   4.8950195e+01
   5.5447640e+06   3.3874512e+01
   5.5530810e+06   4.0466309e+01
   5.5532480e+06   3.2958984e+01
   5.5625770e+06   3.5522461e+01
   5.5627770e+06   3.2653809e+01
   5.5718830e+06   4.4006348e+01
   5.5813030e+06   5.1635742e+01
   5.5814970e+06   3.6071777e+01
   5.5914590e+06   3.3508301e+01
   5.5916850e+06   3.6560059e+01
   5.5920210e+06   3.7841797e+01
   5.6017660e+06   3.5949707e+01
   5.6023270e+06   4.1931152e+01
   5.6138350e+06   4.2724609e+01
   5.6140090e+06   4.1748047e+01
   5.6142680e+06   3.7414551e+01
   5.6243360e+06   3.5888672e+01
   5.6244910e+06   3.5644531e+01
   5.6355470e+06   3.3630371e+01
   5.6359900e+06   3.5705566e+01
   5.6363020e+06   3.6376953e+01
   5.6472390e+06   4.8889160e+01
   5.6474080e+06   3.4545898e+01
   5.6588580e+06   4.6508789e+01
   5.6590480e+06   4.0771484e+01
   5.6698240e+06   3.1982422e+01
   5.6701510e+06   4.0771484e+01
   5.6817210e+06   3.5766602e+01
   5.6820060e+06   4.6142578e+01
   5.6930830e+06   4.3151855e+01
   5.7029910e+06   3.3203125e+01
   5.7030800e+06   4.1076660e+01
   5.7142500e+06   3.7475586e+01
   5.7294220e+06   4.1076660e+01
   5.7295990e+06   3.8146973e+01
   5.7296380e+06   3.4545898e+01
   5.7297730e+06   4.0161133e+01
   5.7461560e+06   3.4057617e+01
   5.7463790e+06   3.7231445e+01
   5.7465230e+06   4.2358398e+01
   5.7468440e+06   3.6193848e+01
   5.7595970e+06   4.4433594e+01
   5.7719570e+06   3.2409668e+01
   5.7721380e+06   3.9428711e+01
   5.7855700e+06   3.3142090e+01
   5.7857690e+06   4.7607422e+01
   5.7860780e+06   3.9733887e+01
   5.8000550e+06   3.6743164e+01
   5.8001800e+06   3.7414551e+01
   5.8142430e+06   3.4423828e+01
   5.8144200e+06   4.1870117e+01
   5.8145600e+06   4.3823242e+01
   5.8286580e+06   3.2348633e+01
   5.8286810e+06   3.4057617e+01
   5.8291440e+06   4.6142578e+01
   5.8295570e+06   3.5705566e+01
   5.8528420e+06   4.4067383e+01
   5.8812000e+06   3.2775879e+01
   5.8814730e+06   3.6621094e+01
   5.8816070e+06   4.8156738e+01
   5.9538340e+06   3.2653809e+01
   5.9547720e+06   3.7170410e+01
   5.9547990e+06   3.9367676e+01
   5.9550480e+06   4.1809082e+01
   5.9550590e+06   3.2348633e+01
   5.9553410e+06   3.7963867e+01
   6.6696750e+06   3.5888672e+01
   6.6775310e+06   3.9428711e+01
   6.6775580e+06   4.7668457e+01
   6.6776010e+06   3.8635254e+01
   6.6776120e+06   3.8513184e+01
   6.6776370e+06   4.6997070e+01
   6.6776510e+06   5.9143066e+01
   6.6776840e+06   4.5410156e+01
   6.6777170e+06   4.7973633e+01
   6.6777720e+06   4.4799805e+01
   6.6780590e+06   3.6743164e+01
   9.2085920e+06   5.5053711e+01
   9.2086810e+06   3.9245605e+01
   9.2088710e+06   3.9367676e+01
   9.2089280e+06   3.6926270e+01
   9.2089500e+06   3.8879395e+01
   9.2090040e+06   4.2968750e+01
   9.2090690e+06   4.9438477e+01
   9.2091080e+06   4.7485352e+01
   9.2092070e+06   3.9916992e+01
   9.2100940e+06   3.9794922e+01
