   1.1996000e+07   0.0000000e+00
   2.3574000e+04   4.3273926e+01
   5.8902000e+04   4.1809082e+01
   6.0174000e+04   4.1687012e+01
   6.3501000e+04   4.1687012e+01
   7.6001000e+04   4.2480469e+01
   9.2576000e+04   4.2846680e+01
   9.9384000e+04   4.3518066e+01
   1.0137400e+05   4.4921875e+01
   1.0822300e+05   4.3395996e+01
   1.0940800e+05   4.1992188e+01
   1.1009600e+05   4.3151855e+01
   1.1330200e+05   4.2602539e+01
   1.2332200e+05   5.0415039e+01
   1.2335800e+05   1.7730713e+02
   1.2337100e+05   7.7575684e+01
   1.2339200e+05   8.5388184e+01
   1.2342100e+05   5.8776855e+01
   1.2344900e+05   4.5471191e+01
   1.2346200e+05   6.9946289e+01
   1.2347200e+05   7.2998047e+01
   1.2349200e+05   5.1940918e+01
   1.2350700e+05   4.3395996e+01
   1.2351900e+05   5.6579590e+01
   1.2355800e+05   5.1757813e+01
   1.2558700e+05   4.5776367e+01
   1.2607800e+05   4.3151855e+01
   1.2810700e+05   4.1503906e+01
   1.3030300e+05   4.5227051e+01
   1.3770800e+05   4.3334961e+01
   1.4176200e+05   4.4677734e+01
   1.4374500e+05   4.4311523e+01
   1.4514000e+05   4.2053223e+01
   1.4668300e+05   4.3212891e+01
   1.5613300e+05   4.2602539e+01
   1.7583500e+05   4.2846680e+01
   2.1183000e+05   4.5715332e+01
   2.1201100e+05   5.2246094e+01
   2.1212200e+05   8.2824707e+01
   2.1216000e+05   4.3090820e+01
   2.1221500e+05   5.6274414e+01
   2.1224300e+05   6.6467285e+01
   2.1228300e+05   7.6354980e+01
   2.1230100e+05   6.6040039e+01
   2.1232800e+05   4.9255371e+01
   2.1237100e+05   5.9631348e+01
   2.1238900e+05   5.6701660e+01
   2.1240600e+05   9.4848633e+01
   2.1243700e+05   4.7668457e+01
   2.1245900e+05   5.7312012e+01
   2.1250000e+05   5.8715820e+01
   2.1252100e+05   7.2631836e+01
   2.1253100e+05   4.2236328e+01
   2.1254800e+05   4.9743652e+01
   2.1286700e+05   4.3090820e+01
   2.1386400e+05   4.2114258e+01
   2.1399900e+05   5.9570312e+01
   2.1412800e+05   4.4616699e+01
   2.1414700e+05   4.5959473e+01
   2.1431800e+05   4.1442871e+01
   2.1446200e+05   4.7912598e+01
   2.1463900e+05   5.0170898e+01
   2.1467100e+05   4.5837402e+01
   2.1495700e+05   4.6813965e+01
   2.1504700e+05   4.2114258e+01
   2.1529800e+05   4.1931152e+01
   2.1552600e+05   4.8217773e+01
   2.1567500e+05   4.3212891e+01
   2.1624000e+05   4.4555664e+01
   2.2275000e+05   4.1809082e+01
   2.2552200e+05   4.1381836e+01
   2.3003200e+05   4.3212891e+01
   2.4738400e+05   5.9692383e+01
   2.4757800e+05   6.3415527e+01
   2.4759500e+05   4.2968750e+01
   2.4766600e+05   4.3273926e+01
   2.4777800e+05   5.1086426e+01
   2.4783900e+05   7.6171875e+01
   2.4790000e+05   4.9560547e+01
   2.4792900e+05   4.3579102e+01
   2.4795100e+05   4.1381836e+01
   2.4800900e+05   6.9824219e+01
   2.4803200e+05   4.3457031e+01
   2.4806300e+05   5.1269531e+01
   2.4809900e+05   6.3720703e+01
   2.4811800e+05   4.3273926e+01
   2.4812800e+05   4.7912598e+01
   2.4815400e+05   6.1950684e+01
   2.4817600e+05   4.3579102e+01
   2.4819400e+05   7.7392578e+01
   2.4821700e+05   5.6030273e+01
   2.4826900e+05   5.3649902e+01
   2.4829900e+05   7.4523926e+01
   2.4832600e+05   4.6752930e+01
   2.4840700e+05   5.7983398e+01
   2.4844400e+05   4.5898438e+01
   2.4847700e+05   5.9265137e+01
   2.4917000e+05   5.9448242e+01
   2.4955300e+05   4.1381836e+01
   2.5006200e+05   4.2663574e+01
   2.5854000e+05   4.6325684e+01
   2.5973900e+05   4.1748047e+01
   2.7529900e+05   4.6020508e+01
   2.7567300e+05   5.2917480e+01
   2.7593100e+05   7.2204590e+01
   2.7617200e+05   5.7678223e+01
   2.7632900e+05   4.2297363e+01
   2.7638100e+05   6.2561035e+01
   2.7651800e+05   5.0720215e+01
   2.7659500e+05   4.3029785e+01
   2.7679200e+05   6.5063477e+01
   2.7692500e+05   5.2124023e+01
   2.7703000e+05   6.0852051e+01
   2.7717300e+05   4.9743652e+01
   2.7731900e+05   5.9814453e+01
   2.7734900e+05   4.2846680e+01
   2.7747200e+05   4.6203613e+01
   2.7772000e+05   4.2358398e+01
   2.8960500e+05   4.5837402e+01
   2.8982600e+05   4.8034668e+01
   2.8985000e+05   8.5266113e+01
   2.8994600e+05   4.5837402e+01
   2.9005300e+05   4.7790527e+01
   2.9012100e+05   6.9885254e+01
   2.9027400e+05   4.7119141e+01
   2.9037700e+05   6.1157227e+01
   2.9048200e+05   5.8715820e+01
   2.9067100e+05   5.7434082e+01
   2.9085500e+05   4.5654297e+01
   2.9936800e+05   4.9133301e+01
   2.9946500e+05   8.0322266e+01
   2.9948800e+05   4.4250488e+01
   2.9956000e+05   5.2246094e+01
   2.9972400e+05   6.6650391e+01
   2.9977800e+05   4.2419434e+01
   2.9997600e+05   9.7106934e+01
   3.0003600e+05   4.2053223e+01
   3.0020900e+05   5.0598145e+01
   3.0022700e+05   4.5104980e+01
   3.0052900e+05   6.0852051e+01
   3.0128500e+05   4.2053223e+01
   3.0871600e+05   5.6701660e+01
   3.0878200e+05   7.5073242e+01
   3.0880400e+05   5.3100586e+01
   3.0891200e+05   4.3579102e+01
   3.0907300e+05   4.2236328e+01
   3.0915300e+05   8.3374023e+01
   3.0920900e+05   4.3273926e+01
   3.0929500e+05   4.4555664e+01
   3.0940500e+05   4.6875000e+01
   3.0954500e+05   6.5429688e+01
   3.1392700e+05   4.2968750e+01
   3.2071100e+05   4.2419434e+01
   3.2075200e+05   9.1430664e+01
   3.2082500e+05   4.1687012e+01
   3.2095100e+05   7.4584961e+01
   3.2104700e+05   4.3457031e+01
   3.2111300e+05   5.1879883e+01
   3.2115500e+05   7.0190430e+01
   3.2120900e+05   5.4809570e+01
   3.2135500e+05   5.4199219e+01
   3.2142100e+05   4.2358398e+01
   3.2154500e+05   4.9438477e+01
   3.2196900e+05   5.8959961e+01
   3.2265600e+05   4.1564941e+01
   3.2870300e+05   4.8583984e+01
   3.2875200e+05   4.1320801e+01
   3.2881400e+05   4.7729492e+01
   3.2883800e+05   5.8410645e+01
   3.2899800e+05   4.5288086e+01
   3.2908300e+05   4.1992188e+01
   3.2909900e+05   7.0373535e+01
   3.2943000e+05   4.4921875e+01
   3.2956600e+05   6.2683105e+01
   3.3015800e+05   4.1625977e+01
   3.3616500e+05   4.1992188e+01
   3.3627900e+05   4.1381836e+01
   3.3629800e+05   4.5288086e+01
   3.3636700e+05   5.2978516e+01
   3.3661900e+05   4.6142578e+01
   3.3664400e+05   7.1166992e+01
   3.3687700e+05   4.1931152e+01
   3.3695000e+05   6.5185547e+01
   3.3800400e+05   4.4433594e+01
   3.4376500e+05   5.2551270e+01
   3.4386500e+05   7.3669434e+01
   3.4396900e+05   4.2907715e+01
   3.4413600e+05   4.4189453e+01
   3.4424000e+05   6.4514160e+01
   3.4438700e+05   4.3151855e+01
   3.4456700e+05   7.2143555e+01
   3.5130500e+05   5.4321289e+01
   3.5148200e+05   8.2824707e+01
   3.5150000e+05   5.0109863e+01
   3.5152700e+05   4.1992188e+01
   3.5176600e+05   8.0017090e+01
   3.5191700e+05   4.5959473e+01
   3.5218000e+05   4.7485352e+01
   3.5219200e+05   7.6049805e+01
   3.5286800e+05   4.3395996e+01
   3.5816200e+05   4.6386719e+01
   3.5827800e+05   7.6293945e+01
   3.5834700e+05   5.2673340e+01
   3.5868000e+05   4.4311523e+01
   3.5869000e+05   9.5520020e+01
   3.6404500e+05   4.2785645e+01
   3.6446700e+05   4.3701172e+01
   3.6450200e+05   4.3273926e+01
   3.6458200e+05   7.5927734e+01
   3.6466300e+05   5.3222656e+01
   3.6493100e+05   4.6508789e+01
   3.6508600e+05   6.5063477e+01
   3.6519700e+05   4.8950195e+01
   3.7181700e+05   4.7546387e+01
   3.7192100e+05   6.7199707e+01
   3.7205100e+05   4.2907715e+01
   3.7220500e+05   8.5754395e+01
   3.7965600e+05   4.8522949e+01
   3.7976100e+05   8.4472656e+01
   3.7995600e+05   4.2785645e+01
   3.8003400e+05   5.9692383e+01
   3.8020300e+05   4.9987793e+01
   3.8032700e+05   5.2917480e+01
   3.8035400e+05   4.5471191e+01
   3.8659900e+05   4.3945312e+01
   3.8672200e+05   7.0922852e+01
   3.8674900e+05   6.3293457e+01
   3.8684800e+05   4.1625977e+01
   3.8703700e+05   4.4494629e+01
   3.9417600e+05   4.7485352e+01
   3.9419200e+05   5.3100586e+01
   3.9424700e+05   8.5266113e+01
   3.9448300e+05   8.6364746e+01
   3.9471800e+05   4.7607422e+01
   3.9480400e+05   5.3405762e+01
   3.9516600e+05   4.2297363e+01
   4.0314600e+05   4.1931152e+01
   4.0324800e+05   4.2358398e+01
   4.0332600e+05   7.9284668e+01
   4.0340100e+05   5.0476074e+01
   4.0357300e+05   4.2297363e+01
   4.0366000e+05   6.1645508e+01
   4.1223100e+05   5.9204102e+01
   4.1233900e+05   7.7209473e+01
   4.1235400e+05   4.4067383e+01
   4.1244300e+05   4.2968750e+01
   4.1264100e+05   7.6171875e+01
   4.1283200e+05   4.6936035e+01
   4.1298400e+05   5.5969238e+01
   4.1950100e+05   4.2358398e+01
   4.1953500e+05   5.9387207e+01
   4.1965400e+05   9.2041016e+01
   4.1969100e+05   6.5124512e+01
   4.2021400e+05   4.5166016e+01
   4.2676200e+05   4.7729492e+01
   4.2677500e+05   5.1330566e+01
   4.2691000e+05   8.6425781e+01
   4.2712300e+05   4.6325684e+01
   4.2725300e+05   7.7087402e+01
   4.2741900e+05   5.9875488e+01
   4.3549400e+05   4.2541504e+01
   4.3562000e+05   7.2265625e+01
   4.3596000e+05   6.7565918e+01
   4.3612400e+05   4.1687012e+01
   4.3857000e+05   4.3029785e+01
   4.4555200e+05   4.5654297e+01
   4.4568700e+05   4.4067383e+01
   4.4571400e+05   7.2082520e+01
   4.4589200e+05   4.6569824e+01
   4.4603200e+05   7.3303223e+01
   4.4768700e+05   4.1809082e+01
   4.5402300e+05   4.4433594e+01
   4.5414100e+05   7.3120117e+01
   4.5415300e+05   4.7363281e+01
   4.5440700e+05   4.5043945e+01
   4.6236900e+05   4.4799805e+01
   4.6247500e+05   8.0322266e+01
   4.6268300e+05   6.1767578e+01
   4.6299400e+05   4.6569824e+01
   4.7198300e+05   5.6335449e+01
   4.7208200e+05   8.0566406e+01
   4.7213100e+05   5.9143066e+01
   4.7248000e+05   4.4189453e+01
   4.7256900e+05   8.1909180e+01
   4.8122300e+05   4.4799805e+01
   4.8126700e+05   5.1940918e+01
   4.8130900e+05   4.3212891e+01
   4.8135200e+05   4.2114258e+01
   4.8140600e+05   1.1480713e+02
   4.8165300e+05   4.7668457e+01
   4.8321000e+05   5.4077148e+01
   4.9007500e+05   4.3518066e+01
   4.9016700e+05   7.5073242e+01
   4.9023000e+05   4.2907715e+01
   4.9034400e+05   4.5227051e+01
   4.9043500e+05   4.9682617e+01
   4.9078500e+05   4.2846680e+01
   4.9811100e+05   5.0415039e+01
   4.9822500e+05   6.7565918e+01
   4.9824000e+05   6.8176270e+01
   4.9827300e+05   4.3457031e+01
   4.9841800e+05   4.5104980e+01
   4.9884900e+05   7.9406738e+01
   5.0697300e+05   7.7514648e+01
   5.0698500e+05   4.2602539e+01
   5.0702200e+05   4.5715332e+01
   5.0714700e+05   8.2580566e+01
   5.0735500e+05   4.4982910e+01
   5.1618400e+05   4.6630859e+01
   5.1634800e+05   4.8095703e+01
   5.1647200e+05   6.8359375e+01
   5.1654500e+05   4.2480469e+01
   5.2609600e+05   5.9020996e+01
   5.2621200e+05   9.4177246e+01
   5.2624300e+05   4.7302246e+01
   5.2643000e+05   4.1320801e+01
   5.2672900e+05   6.6650391e+01
   5.3509600e+05   4.8461914e+01
   5.3524200e+05   4.4311523e+01
   5.3528000e+05   8.1909180e+01
   5.3572900e+05   4.4067383e+01
   5.4455300e+05   5.7189941e+01
   5.4464100e+05   7.7636719e+01
   5.4468100e+05   4.4982910e+01
   5.4513700e+05   4.2968750e+01
   5.4519000e+05   4.4860840e+01
   5.4535900e+05   7.1105957e+01
   5.5433800e+05   4.5043945e+01
   5.5443000e+05   4.2358398e+01
   5.5461800e+05   7.9406738e+01
   5.5473800e+05   4.3762207e+01
   5.5502000e+05   5.4077148e+01
   5.5550100e+05   5.4199219e+01
   5.6465300e+05   5.9875488e+01
   5.6469800e+05   5.4504395e+01
   5.6487000e+05   8.5693359e+01
   5.6531100e+05   5.8959961e+01
   5.7510000e+05   4.6630859e+01
   5.7525500e+05   4.9194336e+01
   5.7526600e+05   9.0576172e+01
   5.8490900e+05   4.6508789e+01
   5.8506100e+05   4.1992188e+01
   5.8508500e+05   7.3974609e+01
   5.8524300e+05   5.9509277e+01
   5.8555100e+05   4.3395996e+01
   5.9490300e+05   5.0476074e+01
   5.9506400e+05   8.8623047e+01
   5.9525300e+05   4.1381836e+01
   5.9561700e+05   4.4738770e+01
   6.0728800e+05   4.4860840e+01
   6.0742700e+05   8.6975098e+01
   6.0778700e+05   7.5622559e+01
   6.0788300e+05   4.2541504e+01
   6.1829200e+05   5.7678223e+01
   6.1831000e+05   4.9987793e+01
   6.1838600e+05   8.0261230e+01
   6.1842300e+05   5.3100586e+01
   6.1893300e+05   5.7861328e+01
   6.2088100e+05   4.6875000e+01
   6.2938500e+05   4.9011230e+01
   6.2950400e+05   8.2092285e+01
   6.2969100e+05   4.3884277e+01
   6.2999800e+05   4.4494629e+01
   6.4343700e+05   4.7302246e+01
   6.4357600e+05   4.3090820e+01
   6.4360200e+05   5.7922363e+01
   6.4362400e+05   4.7912598e+01
   6.4373600e+05   4.2602539e+01
   6.4393500e+05   6.6589355e+01
   6.5578800e+05   5.8410645e+01
   6.5583200e+05   4.2480469e+01
   6.5608800e+05   6.7932129e+01
   6.5624500e+05   4.3518066e+01
   6.5653700e+05   4.3579102e+01
   6.6638000e+05   4.8645020e+01
   6.6669000e+05   8.0932617e+01
   6.8081700e+05   4.6203613e+01
   6.8093200e+05   4.4677734e+01
   6.8095900e+05   6.0546875e+01
   6.8097900e+05   5.3588867e+01
   6.8113500e+05   5.6945801e+01
   6.8134700e+05   4.2297363e+01
   6.8185100e+05   4.3151855e+01
   6.9300500e+05   4.2663574e+01
   6.9312600e+05   4.1870117e+01
   6.9338900e+05   4.5837402e+01
   6.9439800e+05   4.2358398e+01
   7.0400600e+05   4.6813965e+01
   7.0430300e+05   8.4228516e+01
   7.0443800e+05   4.4494629e+01
   7.0500100e+05   4.2358398e+01
   7.1513100e+05   4.5227051e+01
   7.1519900e+05   5.1757813e+01
   7.1530700e+05   4.5715332e+01
   7.1534300e+05   4.5715332e+01
   7.1541200e+05   8.0017090e+01
   7.1560500e+05   4.2846680e+01
   7.1610000e+05   4.2968750e+01
   7.2864800e+05   5.0231934e+01
   7.2874800e+05   4.9560547e+01
   7.2886000e+05   4.4372559e+01
   7.2914500e+05   7.0861816e+01
   7.2973100e+05   4.2358398e+01
   7.4481800e+05   4.6264648e+01
   7.4490700e+05   9.7534180e+01
   7.4495200e+05   5.6030273e+01
   7.4514800e+05   4.2175293e+01
   7.4519400e+05   7.9895020e+01
   7.5913900e+05   4.3151855e+01
   7.5923400e+05   4.4189453e+01
   7.5937800e+05   4.1503906e+01
   7.5940100e+05   7.8613281e+01
   7.5945700e+05   4.5410156e+01
   7.5980600e+05   7.2631836e+01
   7.5991000e+05   4.6875000e+01
   7.7331300e+05   4.1748047e+01
   7.7334800e+05   4.7241211e+01
   7.7346200e+05   4.6936035e+01
   7.7348600e+05   4.8339844e+01
   7.7372900e+05   8.7829590e+01
   7.7376600e+05   5.1574707e+01
   7.7418700e+05   4.6997070e+01
   7.9171700e+05   6.0058594e+01
   7.9180800e+05   4.5288086e+01
   7.9183500e+05   8.2641602e+01
   7.9205100e+05   7.1960449e+01
   8.0725400e+05   5.3039551e+01
   8.0737600e+05   4.6386719e+01
   8.0738600e+05   1.0650635e+02
   8.0775600e+05   7.1289062e+01
   8.2435500e+05   5.6884766e+01
   8.2445600e+05   4.4555664e+01
   8.2448400e+05   5.6701660e+01
   8.2452900e+05   8.6120605e+01
   8.2465700e+05   4.5166016e+01
   8.2468000e+05   4.3945313e+01
   8.2482800e+05   7.6293945e+01
   8.4214200e+05   6.9702148e+01
   8.4227300e+05   4.4433594e+01
   8.4231400e+05   6.6040039e+01
   8.4260200e+05   8.8073730e+01
   8.4297800e+05   4.4250488e+01
   8.6085000e+05   4.6630859e+01
   8.6089700e+05   4.6386719e+01
   8.6097200e+05   1.1541748e+02
   8.6101100e+05   4.6752930e+01
   8.6107000e+05   4.2114258e+01
   8.6123300e+05   4.5471191e+01
   8.6139400e+05   7.0007324e+01
   8.6149000e+05   5.6030273e+01
   8.8562000e+05   6.2133789e+01
   8.8565300e+05   4.4006348e+01
   8.8573300e+05   4.1381836e+01
   8.8574900e+05   1.1157227e+02
   8.8591900e+05   5.3588867e+01
   8.8609200e+05   8.3679199e+01
   9.1339100e+05   4.1320801e+01
   9.1352300e+05   8.3679199e+01
   9.1367000e+05   5.0964355e+01
   9.1379700e+05   7.5744629e+01
   9.1410800e+05   7.3181152e+01
   9.1488500e+05   4.6752930e+01
   9.7149600e+05   5.8776855e+01
   9.7161400e+05   8.7768555e+01
   9.7180500e+05   7.2814941e+01
   9.7205500e+05   8.4533691e+01
   9.7208000e+05   4.4250488e+01
   9.7226000e+05   5.7556152e+01
   9.7257800e+05   7.8125000e+01
   1.0502840e+06   4.1564941e+01
   1.1558350e+06   4.3334961e+01
   1.1620900e+06   4.2419434e+01
   1.2724230e+06   4.1625977e+01
   1.2859830e+06   4.2053223e+01
   1.3205880e+06   4.1442871e+01
   1.3468420e+06   4.1931152e+01
   1.3520370e+06   5.0537109e+01
   1.4041920e+06   4.2053223e+01
   1.4055740e+06   4.2419434e+01
   1.4661380e+06   4.3640137e+01
   1.5267870e+06   4.2175293e+01
   1.6090840e+06   4.1381836e+01
   1.6300520e+06   4.3151855e+01
   1.6533120e+06   4.5043945e+01
   1.6856560e+06   4.6936035e+01
   1.7584170e+06   4.5593262e+01
   1.7628900e+06   4.1442871e+01
   1.7654940e+06   4.1809082e+01
   1.7757690e+06   4.5715332e+01
   1.7930750e+06   4.7729492e+01
   1.7991970e+06   4.1870117e+01
   1.8236670e+06   4.4128418e+01
   1.8291150e+06   4.4494629e+01
   1.8669210e+06   4.5715332e+01
   1.8680810e+06   4.3762207e+01
   1.8734220e+06   4.1442871e+01
   1.8944370e+06   4.3029785e+01
   1.9334460e+06   4.1564941e+01
   1.9480520e+06   4.2419434e+01
   1.9570830e+06   4.4189453e+01
   1.9646570e+06   4.7241211e+01
   1.9767650e+06   1.1315918e+02
   1.9767810e+06   5.2551270e+01
   1.9775150e+06   8.6242676e+01
   1.9901250e+06   4.1992188e+01
   1.9943190e+06   4.1320801e+01
   2.0149600e+06   4.7546387e+01
   2.0345770e+06   4.3457031e+01
   2.0359430e+06   4.1503906e+01
   2.0395230e+06   4.2541504e+01
   2.0877960e+06   4.2541504e+01
   2.1078140e+06   4.4433594e+01
   2.1711990e+06   4.6264648e+01
   2.1814640e+06   4.3579102e+01
   2.2182700e+06   4.1931152e+01
   2.2219770e+06   4.4006348e+01
   2.2260010e+06   4.1320801e+01
   2.2392440e+06   4.1870117e+01
   2.2453100e+06   4.4738770e+01
   2.3106470e+06   4.7668457e+01
   2.3294210e+06   4.2114258e+01
   2.3827010e+06   4.3273926e+01
   2.3838240e+06   4.1809082e+01
   2.4101780e+06   4.3395996e+01
   2.4139770e+06   4.3579102e+01
   2.4401020e+06   4.1564941e+01
   2.4424480e+06   4.4128418e+01
   2.4624330e+06   4.1442871e+01
   2.4999630e+06   4.1503906e+01
   2.5131600e+06   4.2724609e+01
   2.5469890e+06   4.2419434e+01
   2.5546040e+06   8.4655762e+01
   2.5546330e+06   5.4199219e+01
   2.5547920e+06   4.5043945e+01
   2.5826070e+06   4.4921875e+01
   2.6125950e+06   4.1931152e+01
   2.6353980e+06   4.3090820e+01
   2.6413190e+06   4.2236328e+01
   2.6666070e+06   4.6630859e+01
   2.6747150e+06   4.4067383e+01
   2.7052600e+06   4.3457031e+01
   2.7708450e+06   4.2419434e+01
   2.7733420e+06   4.1442871e+01
   2.8008830e+06   4.2236328e+01
   2.8644510e+06   4.4799805e+01
   2.8694340e+06   4.1992188e+01
   2.8798610e+06   4.1564941e+01
   2.9199840e+06   4.1809082e+01
   2.9475870e+06   4.2114258e+01
   2.9574580e+06   4.3029785e+01
   2.9577940e+06   4.5959473e+01
   2.9578450e+06   7.3242188e+01
   2.9584030e+06   4.2358398e+01
   2.9584250e+06   7.0861816e+01
   2.9584760e+06   4.1564941e+01
   2.9585090e+06   4.2175293e+01
   2.9587360e+06   5.4138184e+01
   2.9587770e+06   5.7861328e+01
   2.9588430e+06   4.1381836e+01
   2.9588770e+06   7.4401855e+01
   2.9589140e+06   4.2907715e+01
   2.9589590e+06   6.0119629e+01
   2.9589940e+06   6.8603516e+01
   2.9590310e+06   7.0190430e+01
   2.9590460e+06   8.3312988e+01
   2.9590570e+06   4.4250488e+01
   2.9590840e+06   4.2968750e+01
   2.9591000e+06   5.4199219e+01
   2.9591180e+06   7.3608398e+01
   2.9591510e+06   4.7668457e+01
   2.9591740e+06   8.3923340e+01
   2.9591900e+06   8.7402344e+01
   2.9592160e+06   6.9213867e+01
   2.9592590e+06   5.1818848e+01
   2.9593090e+06   4.2053223e+01
   2.9593330e+06   4.8400879e+01
   2.9593480e+06   4.3640137e+01
   2.9608860e+06   4.9682617e+01
   2.9620380e+06   4.2114258e+01
   2.9655040e+06   4.3151855e+01
   2.9694420e+06   4.3334961e+01
   2.9736390e+06   4.1992188e+01
   2.9737400e+06   4.5959473e+01
   2.9757660e+06   4.5654297e+01
   2.9766990e+06   4.2480469e+01
   2.9801950e+06   4.5410156e+01
   2.9821070e+06   4.3212891e+01
   2.9878310e+06   4.2663574e+01
   2.9934560e+06   4.1381836e+01
   3.1331780e+06   5.9448242e+01
   3.1332230e+06   9.1918945e+01
   3.1332560e+06   5.1025391e+01
   3.1332720e+06   6.4086914e+01
   3.1332820e+06   5.9265137e+01
   3.1333060e+06   9.1735840e+01
   3.1333250e+06   1.0571289e+02
   3.1333600e+06   6.7138672e+01
   3.1333870e+06   8.1848145e+01
   3.1333980e+06   4.9072266e+01
   3.1334170e+06   5.8776855e+01
   3.1334540e+06   4.9499512e+01
   3.1334880e+06   5.3344727e+01
   3.1349540e+06   5.1269531e+01
   3.1350740e+06   5.7861328e+01
   3.1353630e+06   5.5847168e+01
   3.1781980e+06   6.1035156e+01
   3.1782900e+06   8.0322266e+01
   3.1783830e+06   5.2917480e+01
   3.1784000e+06   5.0415039e+01
   3.1784380e+06   4.9499512e+01
   3.1784860e+06   6.0485840e+01
   3.1785670e+06   4.9804688e+01
   3.1786010e+06   5.6091309e+01
   3.1786450e+06   1.0107422e+02
   3.1786690e+06   5.5603027e+01
   3.1786940e+06   6.7382812e+01
   3.1787530e+06   6.4941406e+01
   3.1787910e+06   9.5153809e+01
   3.1788310e+06   4.9743652e+01
   3.1788980e+06   7.5805664e+01
   3.1789260e+06   4.9682617e+01
   3.1789510e+06   5.0048828e+01
   3.1790530e+06   5.2001953e+01
   3.1850550e+06   5.7739258e+01
   3.2150450e+06   4.8828125e+01
   3.2151690e+06   7.7575684e+01
   3.2152940e+06   6.9091797e+01
   3.2154800e+06   7.0617676e+01
   3.2156990e+06   1.3500977e+02
   3.2157160e+06   5.0048828e+01
   3.2158840e+06   8.5754395e+01
   3.2159840e+06   5.3344727e+01
   3.2160140e+06   5.1513672e+01
   3.2160270e+06   7.8674316e+01
   3.2160780e+06   5.1940918e+01
   3.2160880e+06   5.7312012e+01
   3.2161340e+06   5.9265137e+01
   3.2161440e+06   8.8012695e+01
   3.2161810e+06   6.1279297e+01
   3.2162250e+06   5.1696777e+01
   3.2162530e+06   5.7006836e+01
   3.2162890e+06   5.2062988e+01
   3.2163550e+06   4.8522949e+01
   3.2165640e+06   5.1025391e+01
   3.2171120e+06   5.0292969e+01
   3.2497350e+06   5.3039551e+01
   3.2498840e+06   5.0231934e+01
   3.2516400e+06   8.1665039e+01
   3.2609770e+06   4.9682617e+01
   3.2610830e+06   9.7595215e+01
   3.2613780e+06   7.7392578e+01
   3.2613970e+06   4.9804688e+01
   3.2614800e+06   4.9011230e+01
   3.2617990e+06   6.4941406e+01
   3.2618280e+06   5.4626465e+01
   3.2627750e+06   5.3222656e+01
   3.2687030e+06   4.9072266e+01
   3.2767310e+06   5.1147461e+01
   3.2768060e+06   8.5205078e+01
   3.2771510e+06   8.9904785e+01
   3.2772350e+06   5.0659180e+01
   3.2848310e+06   8.5144043e+01
   3.2848660e+06   5.0842285e+01
   3.2931010e+06   5.5114746e+01
   3.2933300e+06   5.3710938e+01
   3.2988150e+06   6.2927246e+01
   3.3054460e+06   5.1208496e+01
   3.3054830e+06   6.1401367e+01
   3.3056340e+06   7.3181152e+01
   3.3058110e+06   6.3354492e+01
   3.3136660e+06   5.0292969e+01
   3.3137960e+06   4.9072266e+01
   3.3138090e+06   8.3679199e+01
   3.3208900e+06   5.1086426e+01
   3.3210510e+06   7.7941895e+01
   3.3210810e+06   5.0476074e+01
   3.3269470e+06   4.8889160e+01
   3.3271210e+06   5.4992676e+01
   3.3272390e+06   9.2468262e+01
   3.3342580e+06   5.3466797e+01
   3.3398630e+06   4.9377441e+01
   3.3398900e+06   4.8767090e+01
   3.3402470e+06   7.1044922e+01
   3.3465890e+06   6.4453125e+01
   3.3467490e+06   4.9438477e+01
   3.3467790e+06   7.0190430e+01
   3.3536530e+06   5.3100586e+01
   3.3538670e+06   8.3496094e+01
   3.3622070e+06   5.1757812e+01
   3.3624360e+06   9.7839355e+01
   3.3705230e+06   8.9233398e+01
   3.3792290e+06   5.7800293e+01
   3.3794670e+06   7.1228027e+01
   3.3797890e+06   5.3100586e+01
   3.3887980e+06   5.0476074e+01
   3.3890010e+06   4.9865723e+01
   3.3975410e+06   4.8767090e+01
   3.3977730e+06   7.4584961e+01
   3.3981830e+06   4.8950195e+01
   3.4059330e+06   4.8767090e+01
   3.4066530e+06   4.9133301e+01
   3.4139350e+06   5.4260254e+01
   3.4144680e+06   5.4687500e+01
   3.4245180e+06   7.9833984e+01
   3.4247150e+06   5.2734375e+01
   3.4247940e+06   5.8959961e+01
   3.4249310e+06   5.1025391e+01
   3.4360240e+06   5.1330566e+01
   3.4362030e+06   7.7331543e+01
   3.4364210e+06   4.9072266e+01
   3.4456130e+06   5.4077148e+01
   3.4461350e+06   5.2307129e+01
   3.4540150e+06   5.3527832e+01
   3.4542600e+06   4.9682617e+01
   3.4546040e+06   5.3039551e+01
   3.4624970e+06   5.5053711e+01
   3.4630850e+06   5.6701660e+01
   3.4722400e+06   5.4077148e+01
   3.4723780e+06   1.0009766e+02
   3.4824530e+06   5.4931641e+01
   3.4826140e+06   5.2734375e+01
   3.4828410e+06   8.4289551e+01
   3.4833650e+06   5.1940918e+01
   3.4918500e+06   5.5847168e+01
   3.4918750e+06   5.4443359e+01
   3.4922550e+06   5.0415039e+01
   3.5017910e+06   5.4443359e+01
   3.5120980e+06   4.8828125e+01
   3.5123410e+06   7.3791504e+01
   3.5124850e+06   4.9316406e+01
   3.5230400e+06   5.4992676e+01
   3.5232650e+06   7.2937012e+01
   3.5365840e+06   5.2368164e+01
   3.5368200e+06   6.9702148e+01
   3.5369490e+06   4.8522949e+01
   3.5372410e+06   5.1269531e+01
   3.5393600e+06   5.2978516e+01
   3.5474840e+06   5.0537109e+01
   3.5476900e+06   5.6396484e+01
   3.5574220e+06   5.1391602e+01
   3.5577330e+06   7.6965332e+01
   3.5577810e+06   5.5603027e+01
   3.5581220e+06   4.9987793e+01
   3.5709270e+06   5.3771973e+01
   3.5712710e+06   8.0993652e+01
   3.5872060e+06   5.5297852e+01
   3.5873760e+06   7.9772949e+01
   3.5876850e+06   5.1330566e+01
   3.5878740e+06   7.6293945e+01
   3.5996470e+06   5.5480957e+01
   3.5999540e+06   9.1857910e+01
   3.5999910e+06   5.8532715e+01
   3.6123150e+06   6.4392090e+01
   3.6125390e+06   9.5092773e+01
   3.6126920e+06   4.9621582e+01
   3.6269470e+06   6.2744141e+01
   3.6272030e+06   4.8706055e+01
   3.6272220e+06   1.0687256e+02
   3.6392090e+06   5.6335449e+01
   3.6393710e+06   6.8603516e+01
   3.6550330e+06   5.2490234e+01
   3.6551650e+06   4.9194336e+01
   3.6553130e+06   9.1918945e+01
   3.6556970e+06   5.4077148e+01
   3.6719810e+06   9.3627930e+01
   3.6721780e+06   5.0415039e+01
   3.6723630e+06   7.9895020e+01
   3.6724150e+06   5.2307129e+01
   3.7073270e+06   8.0688477e+01
   3.7074620e+06   1.0473633e+02
   3.7076760e+06   5.8105469e+01
   3.7079480e+06   5.3222656e+01
   3.7299350e+06   5.9143066e+01
   3.7300460e+06   9.1979980e+01
   3.7303180e+06   4.9804688e+01
   3.7303880e+06   9.5153809e+01
   3.7305310e+06   5.2673340e+01
   5.0205330e+06   4.9743652e+01
   5.0964480e+06   4.9560547e+01
   5.0964700e+06   1.1407471e+02
   5.0965250e+06   7.0983887e+01
   5.0965370e+06   5.9936523e+01
   5.0965500e+06   5.5603027e+01
   5.0965750e+06   9.0209961e+01
   5.0966010e+06   6.3476562e+01
   5.0966230e+06   1.0388184e+02
   5.0966500e+06   5.1513672e+01
   5.0966750e+06   6.8237305e+01
   5.0967060e+06   7.1472168e+01
   5.0967290e+06   6.3415527e+01
   5.0983060e+06   5.0048828e+01
   5.0990630e+06   5.0842285e+01
   5.1004240e+06   5.6396484e+01
   5.1052770e+06   4.9743652e+01
   5.2697360e+06   5.3649902e+01
   5.2698360e+06   1.2487793e+02
   5.2698880e+06   4.9255371e+01
   5.2699080e+06   7.2021484e+01
   5.2699370e+06   1.2145996e+02
   5.2699640e+06   5.7128906e+01
   5.2699810e+06   5.7739258e+01
   5.2700040e+06   6.5307617e+01
   5.2700230e+06   7.1166992e+01
   5.2700490e+06   7.4462891e+01
   5.2700600e+06   4.8767090e+01
   5.2701060e+06   4.9316406e+01
   5.2701300e+06   6.9213867e+01
   5.2701630e+06   5.6274414e+01
   5.2701750e+06   6.1401367e+01
   5.2719380e+06   4.9072266e+01
   5.2739850e+06   4.8645020e+01
   5.2917660e+06   4.9377441e+01
   5.3160570e+06   5.8288574e+01
   5.3161350e+06   7.6904297e+01
   5.3162480e+06   5.8227539e+01
   5.3163490e+06   1.0015869e+02
   5.3164300e+06   5.0109863e+01
   5.3164800e+06   5.1391602e+01
   5.3165170e+06   9.8266602e+01
   5.3165900e+06   6.5490723e+01
   5.3166130e+06   6.1889648e+01
   5.3166400e+06   5.3222656e+01
   5.3166640e+06   7.1289062e+01
   5.3167030e+06   5.3588867e+01
   5.3167160e+06   1.0986328e+02
   5.3167720e+06   5.5480957e+01
   5.3167870e+06   4.9255371e+01
   5.3168420e+06   6.3232422e+01
   5.3169050e+06   5.5053711e+01
   5.3183720e+06   5.5664062e+01
   5.3187080e+06   5.5297852e+01
   5.3537260e+06   5.0598145e+01
   5.3538980e+06   8.4594727e+01
   5.3539590e+06   4.9499512e+01
   5.3541570e+06   7.4340820e+01
   5.3542150e+06   5.6701660e+01
   5.3544130e+06   5.4382324e+01
   5.3544470e+06   7.3486328e+01
   5.3545370e+06   6.3354492e+01
   5.3545780e+06   8.1298828e+01
   5.3546030e+06   5.1513672e+01
   5.3546510e+06   7.4035645e+01
   5.3548540e+06   5.2673340e+01
   5.3549440e+06   5.1635742e+01
   5.3550730e+06   4.8522949e+01
   5.3551400e+06   5.2062988e+01
   5.3560930e+06   5.0903320e+01
   5.3562880e+06   5.1879883e+01
   5.3936480e+06   4.9316406e+01
   5.3936820e+06   7.5805664e+01
   5.3938730e+06   5.3955078e+01
   5.3939400e+06   6.5490723e+01
   5.3940330e+06   5.1330566e+01
   5.3941390e+06   6.5307617e+01
   5.3942990e+06   5.8532715e+01
   5.3943540e+06   5.6579590e+01
   5.3943870e+06   5.0964355e+01
   5.3944250e+06   5.6884766e+01
   5.3944440e+06   5.6396484e+01
   5.3944740e+06   6.3354492e+01
   5.3944850e+06   6.4147949e+01
   5.3945270e+06   5.9387207e+01
   5.3945490e+06   5.1330566e+01
   5.3945810e+06   6.2194824e+01
   5.3946550e+06   5.4748535e+01
   5.4304330e+06   4.8522949e+01
   5.4306030e+06   9.9304199e+01
   5.4306270e+06   4.9804688e+01
   5.4307050e+06   5.1635742e+01
   5.4308100e+06   5.4016113e+01
   5.4308250e+06   8.2763672e+01
   5.4309940e+06   5.7067871e+01
   5.4310140e+06   5.9020996e+01
   5.4311810e+06   7.6599121e+01
   5.4312120e+06   6.2438965e+01
   5.4313480e+06   5.3527832e+01
   5.4313650e+06   5.2917480e+01
   5.4314820e+06   5.8898926e+01
   5.4315230e+06   8.0627441e+01
   5.4315390e+06   4.8461914e+01
   5.4317190e+06   6.5368652e+01
   5.4321480e+06   5.6030273e+01
   5.4493550e+06   5.2246094e+01
   5.4495410e+06   7.0800781e+01
   5.4496100e+06   5.9204102e+01
   5.4497290e+06   4.9316406e+01
   5.4497810e+06   7.0068359e+01
   5.4498620e+06   5.2917480e+01
   5.4500740e+06   6.3232422e+01
   5.4501680e+06   5.1391602e+01
   5.4615140e+06   7.3364258e+01
   5.4617390e+06   8.4716797e+01
   5.4618290e+06   5.4199219e+01
   5.4619860e+06   5.5847168e+01
   5.4621050e+06   5.8837891e+01
   5.4623580e+06   5.7861328e+01
   5.4714930e+06   5.8166504e+01
   5.4716080e+06   7.9589844e+01
   5.4716820e+06   5.8227539e+01
   5.4718750e+06   7.2753906e+01
   5.4720560e+06   5.2307129e+01
   5.4802900e+06   6.2866211e+01
   5.4805530e+06   5.4382324e+01
   5.4807240e+06   6.1645508e+01
   5.4896200e+06   5.5419922e+01
   5.4897990e+06   7.5317383e+01
   5.4898260e+06   5.3100586e+01
   5.4901300e+06   5.2856445e+01
   5.4986130e+06   5.0292969e+01
   5.4987780e+06   7.4401855e+01
   5.4990790e+06   8.8256836e+01
   5.5083480e+06   6.0363770e+01
   5.5084920e+06   5.3161621e+01
   5.5085030e+06   9.2895508e+01
   5.5087740e+06   5.0720215e+01
   5.5088290e+06   7.7514648e+01
   5.5173530e+06   5.1452637e+01
   5.5174780e+06   8.0139160e+01
   5.5175080e+06   6.0791016e+01
   5.5258920e+06   8.3312988e+01
   5.5351410e+06   5.1879883e+01
   5.5353710e+06   8.2397461e+01
   5.5438180e+06   5.2917480e+01
   5.5440360e+06   5.1757812e+01
   5.5526230e+06   4.9194336e+01
   5.5529030e+06   7.3852539e+01
   5.5532530e+06   4.8522949e+01
   5.5620600e+06   5.1269531e+01
   5.5622900e+06   5.0109863e+01
   5.5714680e+06   9.2163086e+01
   5.5717310e+06   5.3466797e+01
   5.5721880e+06   5.4016113e+01
   5.5808000e+06   5.0354004e+01
   5.5808310e+06   5.1513672e+01
   5.5810280e+06   1.1193848e+02
   5.5910620e+06   5.1086426e+01
   5.5911250e+06   4.9438477e+01
   5.5913470e+06   7.2082520e+01
   5.5914930e+06   5.0109863e+01
   5.6009150e+06   5.6701660e+01
   5.6015370e+06   5.9509277e+01
   5.6019380e+06   5.1330566e+01
   5.6134300e+06   6.9702148e+01
   5.6137070e+06   6.4208984e+01
   5.6138570e+06   4.9255371e+01
   5.6235710e+06   4.9194336e+01
   5.6241230e+06   4.9255371e+01
   5.6354710e+06   5.3161621e+01
   5.6356480e+06   5.6030273e+01
   5.6356670e+06   9.4482422e+01
   5.6466720e+06   4.9987793e+01
   5.6470220e+06   8.3740234e+01
   5.6580850e+06   4.8522949e+01
   5.6582640e+06   5.5419922e+01
   5.6584480e+06   7.6721191e+01
   5.6693600e+06   4.9865723e+01
   5.6695420e+06   4.8522949e+01
   5.6695540e+06   1.1975098e+02
   5.6697490e+06   5.0415039e+01
   5.6811580e+06   6.5124512e+01
   5.6812240e+06   5.1452637e+01
   5.6812870e+06   5.1818848e+01
   5.6814190e+06   8.0078125e+01
   5.6815160e+06   4.9926758e+01
   5.6919270e+06   6.2255859e+01
   5.6920590e+06   5.7495117e+01
   5.6923400e+06   4.8950195e+01
   5.7028500e+06   5.1452637e+01
   5.7136000e+06   6.9580078e+01
   5.7145010e+06   4.9011230e+01
   5.7290350e+06   4.9377441e+01
   5.7291720e+06   7.7880859e+01
   5.7291930e+06   5.3771973e+01
   5.7294220e+06   5.2246094e+01
   5.7459320e+06   6.5734863e+01
   5.7460840e+06   7.6049805e+01
   5.7462520e+06   5.4809570e+01
   5.7466380e+06   4.8767090e+01
   5.7470760e+06   4.8461914e+01
   5.7587900e+06   4.9560547e+01
   5.7589650e+06   5.1635742e+01
   5.7590520e+06   6.8237305e+01
   5.7591560e+06   6.2316895e+01
   5.7714210e+06   5.2185059e+01
   5.7715290e+06   7.6660156e+01
   5.7721970e+06   5.2795410e+01
   5.7849850e+06   4.9255371e+01
   5.7855140e+06   7.1899414e+01
   5.7994010e+06   5.0170898e+01
   5.7995710e+06   7.0007324e+01
   5.8000730e+06   5.3894043e+01
   5.8136160e+06   6.2988281e+01
   5.8138570e+06   7.7636719e+01
   5.8286390e+06   4.9743652e+01
   5.8287320e+06   9.0270996e+01
   5.8291010e+06   6.0852051e+01
   5.8523060e+06   5.1391602e+01
   5.8525460e+06   7.9345703e+01
   5.8810020e+06   5.3771973e+01
   5.8810520e+06   4.8461914e+01
   5.8811180e+06   7.5439453e+01
   5.8815430e+06   5.0415039e+01
   5.9544350e+06   4.9316406e+01
   5.9546020e+06   9.6069336e+01
   5.9546990e+06   5.9020996e+01
   5.9548610e+06   6.3232422e+01
   5.9550290e+06   5.4870605e+01
   5.9550760e+06   6.4758301e+01
   5.9551150e+06   6.0607910e+01
   5.9551860e+06   4.8706055e+01
   5.9552680e+06   6.4453125e+01
   5.9554300e+06   5.3100586e+01
   5.9556170e+06   6.4331055e+01
   6.0134110e+06   3.4851074e+01
   6.0142890e+06   3.5034180e+01
   6.0257480e+06   3.4118652e+01
   6.0298260e+06   3.3142090e+01
   6.0543160e+06   3.6071777e+01
   6.0627140e+06   3.4362793e+01
   6.0639480e+06   3.3264160e+01
   6.0658160e+06   4.1992188e+01
   6.0670780e+06   3.4057617e+01
   6.0736630e+06   4.1137695e+01
   6.0783020e+06   3.3264160e+01
   6.0845960e+06   3.3569336e+01
   6.0894440e+06   3.3508301e+01
   6.0945520e+06   3.4057617e+01
   6.0952300e+06   3.9733887e+01
   6.1041110e+06   3.4667969e+01
   6.1079850e+06   3.4667969e+01
   6.1176310e+06   3.5217285e+01
   6.1197340e+06   3.8635254e+01
   6.1217900e+06   3.7231445e+01
   6.1250620e+06   4.0710449e+01
   6.1263180e+06   4.0893555e+01
   6.1281430e+06   3.4484863e+01
   6.1284100e+06   3.5949707e+01
   6.1296360e+06   3.3386230e+01
   6.1336620e+06   3.3386230e+01
   6.1405150e+06   3.5217285e+01
   6.1415920e+06   3.3630371e+01
   6.1521110e+06   3.3081055e+01
   6.1531470e+06   3.6804199e+01
   6.1609450e+06   3.8330078e+01
   6.1619800e+06   3.5522461e+01
   6.1656320e+06   3.3081055e+01
   6.1679550e+06   3.8635254e+01
   6.1690530e+06   3.4545898e+01
   6.1700280e+06   3.3203125e+01
   6.1708870e+06   3.5949707e+01
   6.1729360e+06   3.6499023e+01
   6.1762170e+06   3.3142090e+01
   6.1858120e+06   3.3264160e+01
   6.1913170e+06   3.9306641e+01
   6.1940910e+06   3.5766602e+01
   6.1976630e+06   3.7170410e+01
   6.2005300e+06   3.5400391e+01
   6.2051300e+06   3.3325195e+01
   6.2212000e+06   3.3142090e+01
   6.2243990e+06   3.4484863e+01
   6.2257790e+06   3.3264160e+01
   6.2326830e+06   3.5522461e+01
   6.2403080e+06   3.5095215e+01
   6.2430960e+06   3.5644531e+01
   6.2440840e+06   3.6804199e+01
   6.2550070e+06   3.3142090e+01
   6.2609020e+06   3.3325195e+01
   6.2642360e+06   3.7963867e+01
   6.2681680e+06   3.3447266e+01
   6.2747140e+06   3.3020020e+01
   6.2779160e+06   3.3996582e+01
   6.2870900e+06   3.5522461e+01
   6.2882040e+06   3.3935547e+01
   6.2888840e+06   3.3569336e+01
   6.2897080e+06   3.6193848e+01
   6.2970360e+06   3.6437988e+01
   6.3011680e+06   3.3386230e+01
   6.3137280e+06   3.3325195e+01
   6.3146390e+06   3.6254883e+01
   6.3255520e+06   3.7658691e+01
   6.3261360e+06   3.3752441e+01
   6.3287490e+06   3.3996582e+01
   6.3299670e+06   3.3508301e+01
   6.3306310e+06   3.4667969e+01
   6.3368400e+06   3.4912109e+01
   6.3375860e+06   3.4179688e+01
   6.3505200e+06   3.6926270e+01
   6.3534860e+06   3.3935547e+01
   6.3555020e+06   3.7841797e+01
   6.3655850e+06   3.5827637e+01
   6.3676830e+06   3.5400391e+01
   6.3713850e+06   3.3020020e+01
   6.3751820e+06   3.4179688e+01
   6.3763070e+06   3.3203125e+01
   6.3833450e+06   3.3630371e+01
   6.3847120e+06   3.4118652e+01
   6.3884010e+06   3.3386230e+01
   6.3921570e+06   3.8574219e+01
   6.3929710e+06   3.3874512e+01
   6.3945360e+06   3.5827637e+01
   6.3977930e+06   3.3813477e+01
   6.4002420e+06   3.8146973e+01
   6.4025500e+06   3.7963867e+01
   6.4034320e+06   3.8879395e+01
   6.4071030e+06   3.7353516e+01
   6.4134470e+06   3.3691406e+01
   6.4152530e+06   3.4729004e+01
   6.4206870e+06   3.3691406e+01
   6.4229360e+06   3.3935547e+01
   6.4252120e+06   3.5217285e+01
   6.4278130e+06   3.4729004e+01
   6.4322830e+06   3.3264160e+01
   6.4341770e+06   3.3325195e+01
   6.4391470e+06   3.6987305e+01
   6.4403750e+06   3.5156250e+01
   6.4468260e+06   3.4484863e+01
   6.4479150e+06   3.5827637e+01
   6.4488080e+06   3.5156250e+01
   6.4515520e+06   3.3081055e+01
   6.4543210e+06   3.4362793e+01
   6.4592000e+06   3.5949707e+01
   6.4608430e+06   3.3264160e+01
   6.4633600e+06   3.4240723e+01
   6.4689200e+06   3.4729004e+01
   6.4697200e+06   3.6437988e+01
   6.4711900e+06   3.3874512e+01
   6.4753790e+06   3.6071777e+01
   6.4808480e+06   3.3813477e+01
   6.4892090e+06   3.3325195e+01
   6.4911370e+06   3.4851074e+01
   6.5001860e+06   3.3752441e+01
   6.5066450e+06   3.3508301e+01
   6.5076990e+06   3.3264160e+01
   6.5110140e+06   3.5034180e+01
   6.5127450e+06   3.7353516e+01
   6.5136050e+06   3.5888672e+01
   6.5148080e+06   4.1992188e+01
   6.5196930e+06   3.6743164e+01
   6.5256730e+06   3.9001465e+01
   6.5282310e+06   3.3325195e+01
   6.5327850e+06   3.8452148e+01
   6.5345470e+06   3.6804199e+01
   6.5412630e+06   4.1076660e+01
   6.5420830e+06   3.5949707e+01
   6.5473010e+06   3.5766602e+01
   6.5506310e+06   3.3264160e+01
   6.5555670e+06   3.4179688e+01
   6.5639000e+06   3.4851074e+01
   6.5653880e+06   3.7170410e+01
   6.5680730e+06   3.3447266e+01
   6.5685600e+06   3.8513184e+01
   6.5711790e+06   3.4484863e+01
   6.5739150e+06   3.4851074e+01
   6.5760370e+06   3.5705566e+01
   6.5769320e+06   3.9611816e+01
   6.5778720e+06   3.4057617e+01
   6.5831170e+06   3.5095215e+01
   6.5880380e+06   3.3569336e+01
   6.5889980e+06   3.9916992e+01
   6.5909530e+06   3.8452148e+01
   6.5932970e+06   3.6132812e+01
   6.5959490e+06   3.5278320e+01
   6.6053110e+06   3.3081055e+01
   6.6099600e+06   3.5766602e+01
   6.6125970e+06   3.9367676e+01
   6.6145840e+06   3.5217285e+01
   6.6156090e+06   3.7414551e+01
   6.6165760e+06   3.3935547e+01
   6.6187340e+06   3.3752441e+01
   6.6195100e+06   3.6193848e+01
   6.6246920e+06   3.5644531e+01
   6.6308820e+06   3.4790039e+01
   6.6368580e+06   3.3813477e+01
   6.6380700e+06   3.6987305e+01
   6.6421510e+06   3.3081055e+01
   6.6433530e+06   3.3935547e+01
   6.6454200e+06   3.4240723e+01
   6.6509780e+06   3.3813477e+01
   6.6533730e+06   3.3691406e+01
   6.6547440e+06   3.3569336e+01
   6.6626020e+06   3.8452148e+01
   6.6663460e+06   3.5827637e+01
   6.6679510e+06   3.5766602e+01
   6.6758630e+06   3.4912109e+01
   6.6764560e+06   3.6499023e+01
   6.6769850e+06   3.3691406e+01
   6.6770660e+06   3.5339355e+01
   6.6771420e+06   3.9184570e+01
   6.6771880e+06   3.4118652e+01
   6.6772110e+06   4.6325684e+01
   6.6772230e+06   3.5644531e+01
   6.6772470e+06   6.8237305e+01
   6.6772620e+06   4.3273926e+01
   6.6772970e+06   3.6987305e+01
   6.6773380e+06   3.3081055e+01
   6.6773560e+06   6.7626953e+01
   6.6773670e+06   5.4199219e+01
   6.6774070e+06   4.2053223e+01
   6.6774200e+06   3.6437988e+01
   6.6774400e+06   3.4912109e+01
   6.6774510e+06   4.6752930e+01
   6.6774720e+06   4.5410156e+01
   6.6774870e+06   4.5532227e+01
   6.6775050e+06   4.1503906e+01
   6.6775310e+06   4.4982910e+01
   6.6775650e+06   7.7026367e+01
   6.6775780e+06   6.5917969e+01
   6.6775960e+06   6.1035156e+01
   6.6776220e+06   3.9733887e+01
   6.6776610e+06   6.3598633e+01
   6.6777170e+06   3.7719727e+01
   6.6778320e+06   3.6376953e+01
   6.6778900e+06   3.4240723e+01
   6.6785010e+06   4.5837402e+01
   6.6794010e+06   3.6621094e+01
   6.6800030e+06   3.7719727e+01
   6.6801970e+06   3.3142090e+01
   6.6804640e+06   3.4179688e+01
   6.6811660e+06   3.9245605e+01
   6.6840790e+06   3.9001465e+01
   6.6844010e+06   4.1809082e+01
   6.6852250e+06   3.4423828e+01
   6.6858500e+06   3.4118652e+01
   6.6860900e+06   3.8208008e+01
   6.6871700e+06   3.3447266e+01
   6.6891340e+06   3.4301758e+01
   6.6892160e+06   3.4606934e+01
   6.6904970e+06   4.0588379e+01
   6.6907880e+06   3.5400391e+01
   6.6912640e+06   3.3935547e+01
   6.6923000e+06   3.3569336e+01
   6.6954200e+06   3.3142090e+01
   6.6959170e+06   3.8757324e+01
   6.6966100e+06   3.3996582e+01
   6.6969190e+06   3.4240723e+01
   6.6983200e+06   3.6743164e+01
   6.6992610e+06   3.6682129e+01
   6.7001560e+06   3.4301758e+01
   6.7005420e+06   3.9611816e+01
   6.7006940e+06   3.4484863e+01
   6.7020480e+06   3.7841797e+01
   6.7024710e+06   3.3203125e+01
   6.7027030e+06   3.4912109e+01
   6.7031270e+06   3.7597656e+01
   6.7032960e+06   3.3020020e+01
   6.7034540e+06   3.3447266e+01
   6.7048770e+06   3.6193848e+01
   6.7057520e+06   3.8269043e+01
   6.7066490e+06   3.4362793e+01
   6.7077680e+06   3.3508301e+01
   6.7088260e+06   3.4240723e+01
   6.7093860e+06   3.4606934e+01
   6.7118350e+06   3.4545898e+01
   6.7121010e+06   3.3935547e+01
   6.7154660e+06   3.6499023e+01
   6.7158050e+06   3.3203125e+01
   6.7167880e+06   3.3935547e+01
   6.7182950e+06   3.4301758e+01
   6.7203730e+06   3.4118652e+01
   6.7228550e+06   3.5827637e+01
   6.7242990e+06   3.4118652e+01
   6.7264980e+06   3.4179688e+01
   6.7332110e+06   3.3142090e+01
   6.7350130e+06   3.4790039e+01
   6.7373390e+06   3.4912109e+01
   6.7378000e+06   3.4973145e+01
   6.7390970e+06   3.4545898e+01
   6.7400330e+06   3.5766602e+01
   6.7418340e+06   3.3020020e+01
   6.7425940e+06   3.3081055e+01
   6.7447570e+06   3.5583496e+01
   6.7453850e+06   3.4240723e+01
   6.7541500e+06   3.3874512e+01
   6.7587520e+06   3.4240723e+01
   6.7611610e+06   3.5522461e+01
   6.7617330e+06   3.6376953e+01
   6.7624720e+06   3.5034180e+01
   6.7649570e+06   3.3264160e+01
   6.7675680e+06   3.6926270e+01
   6.7690000e+06   3.8879395e+01
   6.7765640e+06   3.5705566e+01
   6.7791350e+06   3.3081055e+01
   6.7798680e+06   3.3569336e+01
   6.7871720e+06   3.5400391e+01
   6.7895730e+06   3.3752441e+01
   6.7904980e+06   3.3630371e+01
   6.7953310e+06   3.6743164e+01
   6.7990830e+06   3.3447266e+01
   6.8020780e+06   3.4606934e+01
   6.8045710e+06   3.4423828e+01
   6.8054760e+06   3.5461426e+01
   6.8091360e+06   3.9245605e+01
   6.8096220e+06   3.3874512e+01
   6.8106800e+06   3.4606934e+01
   6.8164300e+06   3.6804199e+01
   6.8172910e+06   3.5217285e+01
   6.8186110e+06   3.3020020e+01
   6.8244740e+06   3.8574219e+01
   6.8300690e+06   3.3813477e+01
   6.8547020e+06   3.5095215e+01
   6.8611530e+06   3.4729004e+01
   6.8636550e+06   3.6682129e+01
   6.8702380e+06   3.3081055e+01
   6.8716740e+06   3.4851074e+01
   6.8722320e+06   3.3142090e+01
   6.8771380e+06   3.7475586e+01
   6.8779190e+06   3.6865234e+01
   6.8847130e+06   3.4484863e+01
   6.8880720e+06   3.6682129e+01
   6.8937180e+06   3.5034180e+01
   6.8946820e+06   3.4667969e+01
   6.8991700e+06   3.7109375e+01
   6.9034680e+06   3.6315918e+01
   6.9105260e+06   3.3630371e+01
   6.9128310e+06   3.5461426e+01
   6.9360780e+06   3.3508301e+01
   6.9376940e+06   3.4973145e+01
   6.9403280e+06   3.3935547e+01
   6.9564860e+06   3.7841797e+01
   6.9586270e+06   3.4545898e+01
   6.9603400e+06   3.4606934e+01
   6.9632780e+06   3.9550781e+01
   6.9635520e+06   3.4851074e+01
   6.9662550e+06   3.6132812e+01
   6.9682740e+06   3.4667969e+01
   6.9697550e+06   3.3508301e+01
   6.9737170e+06   3.6010742e+01
   6.9805670e+06   3.7231445e+01
   6.9878510e+06   3.4118652e+01
   6.9965930e+06   3.8269043e+01
   6.9992130e+06   3.4362793e+01
   7.0051650e+06   3.4057617e+01
   7.0066040e+06   3.3691406e+01
   7.0087140e+06   3.6315918e+01
   7.0145040e+06   3.3874512e+01
   7.0181420e+06   3.4912109e+01
   7.0194820e+06   3.6682129e+01
   7.0244320e+06   3.3142090e+01
   7.0277290e+06   3.4301758e+01
   7.0365400e+06   3.3874512e+01
   7.0372640e+06   3.5461426e+01
   7.0420910e+06   3.4118652e+01
   7.0490010e+06   3.4545898e+01
   7.0538240e+06   3.4118652e+01
   7.0557050e+06   3.7292480e+01
   7.0568290e+06   3.7963867e+01
   7.0618790e+06   3.3020020e+01
   7.0625080e+06   3.4545898e+01
   7.0642180e+06   3.3142090e+01
   7.0675440e+06   3.9123535e+01
   7.0714270e+06   3.3752441e+01
   7.0746370e+06   3.3264160e+01
   7.0794480e+06   3.8208008e+01
   7.0812630e+06   3.6804199e+01
   7.0857680e+06   3.3630371e+01
   7.0886900e+06   3.5583496e+01
   7.0947480e+06   3.3752441e+01
   7.0974600e+06   3.6926270e+01
   7.1020100e+06   3.4057617e+01
   7.1041680e+06   3.6865234e+01
   7.1121860e+06   3.4851074e+01
   7.1167450e+06   3.4606934e+01
   7.1189690e+06   4.1259766e+01
   7.1207980e+06   3.3691406e+01
   7.1225860e+06   3.3142090e+01
   7.1235660e+06   3.3691406e+01
   7.1292620e+06   3.5766602e+01
   7.1353210e+06   3.9550781e+01
   7.1394050e+06   3.5583496e+01
   7.1458740e+06   3.4545898e+01
   7.1475690e+06   3.7170410e+01
   7.1541880e+06   4.0222168e+01
   7.1555790e+06   3.4484863e+01
   7.1573530e+06   3.4667969e+01
   7.1621800e+06   3.5400391e+01
   7.1731920e+06   3.3630371e+01
   7.1841720e+06   3.6010742e+01
   7.1891120e+06   3.3081055e+01
   7.1980350e+06   3.8513184e+01
   7.2001740e+06   3.7841797e+01
   7.2010940e+06   3.7658691e+01
   7.2074900e+06   3.3020020e+01
   7.2156500e+06   3.3569336e+01
   7.2188640e+06   3.7597656e+01
   7.2194640e+06   3.3081055e+01
   7.2212180e+06   3.4545898e+01
   7.2239010e+06   3.3081055e+01
   7.2245340e+06   3.6071777e+01
   7.2322020e+06   3.6193848e+01
   7.2404790e+06   3.4118652e+01
   7.2415680e+06   3.8085938e+01
   7.2444980e+06   3.5766602e+01
   7.2483370e+06   3.6499023e+01
   7.2494230e+06   3.8208008e+01
   7.2518260e+06   3.3264160e+01
   7.2532120e+06   3.3325195e+01
   7.2605870e+06   3.6865234e+01
   7.2718000e+06   3.4423828e+01
   7.2726110e+06   3.8635254e+01
   7.2735660e+06   3.4973145e+01
   7.2744220e+06   3.3447266e+01
   7.2779540e+06   3.6621094e+01
   7.2794900e+06   3.3935547e+01
   7.2803720e+06   3.3325195e+01
   7.2831740e+06   3.3813477e+01
   7.2848000e+06   3.3996582e+01
   7.2884820e+06   3.8146973e+01
   7.2895320e+06   3.4667969e+01
   7.2897850e+06   3.6010742e+01
   7.2907870e+06   3.3569336e+01
   7.2916570e+06   3.7536621e+01
   7.3089640e+06   3.4240723e+01
   7.3095620e+06   3.4362793e+01
   7.3151750e+06   3.4667969e+01
   7.3182870e+06   3.4484863e+01
   7.3198460e+06   3.7475586e+01
   7.3228740e+06   3.5522461e+01
   7.3253140e+06   3.8574219e+01
   7.3266010e+06   3.3325195e+01
   7.3319940e+06   3.8024902e+01
   7.3364290e+06   3.3142090e+01
   7.3392460e+06   3.3691406e+01
   7.3444210e+06   3.5034180e+01
   7.3466610e+06   3.4118652e+01
   7.3473110e+06   3.4545898e+01
   7.3483440e+06   3.3813477e+01
   7.3534070e+06   3.5766602e+01
   7.3551720e+06   3.8696289e+01
   7.3579180e+06   3.3691406e+01
   7.3603890e+06   3.4301758e+01
   7.3649190e+06   4.0588379e+01
   7.3662960e+06   3.5095215e+01
   7.3699180e+06   3.5888672e+01
   7.3745700e+06   3.8818359e+01
   7.3754140e+06   3.6865234e+01
   7.3784040e+06   3.4545898e+01
   7.3787790e+06   3.4057617e+01
   7.3856240e+06   3.3447266e+01
   7.3903900e+06   3.9001465e+01
   7.3917720e+06   3.4851074e+01
   7.3938580e+06   3.5522461e+01
   7.3955160e+06   3.5827637e+01
   7.3967660e+06   3.4240723e+01
   7.3975200e+06   3.3996582e+01
   7.4018240e+06   3.4240723e+01
   7.4069830e+06   3.5034180e+01
   7.4121970e+06   3.5522461e+01
   7.4142780e+06   3.6499023e+01
   7.4154490e+06   3.6743164e+01
   7.4246450e+06   3.6254883e+01
   7.4267890e+06   3.4912109e+01
   7.4303120e+06   3.8452148e+01
   7.4348950e+06   3.4423828e+01
   7.4373160e+06   3.3020020e+01
   7.4405190e+06   3.3081055e+01
   7.4424320e+06   3.5095215e+01
   7.4439580e+06   3.6926270e+01
   7.4465830e+06   3.3325195e+01
   7.4473390e+06   3.8208008e+01
   7.4533440e+06   3.4545898e+01
   7.4537660e+06   3.5705566e+01
   7.4542260e+06   3.4118652e+01
   7.4578850e+06   3.4179688e+01
   7.4584780e+06   3.7048340e+01
   7.4607820e+06   3.3630371e+01
   7.4663520e+06   3.4790039e+01
   7.4672200e+06   4.0405273e+01
   7.4680460e+06   3.6010742e+01
   7.4721350e+06   3.4545898e+01
   7.4731300e+06   3.5461426e+01
   7.4756570e+06   3.5644531e+01
   7.4806100e+06   3.3264160e+01
   7.4819220e+06   3.4912109e+01
   7.4831740e+06   3.6376953e+01
   7.4837520e+06   3.6193848e+01
   7.4863640e+06   3.4912109e+01
   7.4918570e+06   3.3752441e+01
   7.4929760e+06   3.3142090e+01
   7.4959710e+06   3.3081055e+01
   7.4973400e+06   3.9916992e+01
   7.5051340e+06   3.8940430e+01
   7.5058240e+06   4.2541504e+01
   7.5097880e+06   3.5644531e+01
   7.5125970e+06   3.4912109e+01
   7.5162920e+06   3.3081055e+01
   7.5175650e+06   3.4606934e+01
   7.5231270e+06   3.3020020e+01
   7.5277990e+06   3.5400391e+01
   7.5345120e+06   3.6010742e+01
   7.5351830e+06   3.4851074e+01
   7.5384440e+06   3.5827637e+01
   7.5388200e+06   3.5339355e+01
   7.5389550e+06   3.8818359e+01
   7.5414710e+06   3.3630371e+01
   7.5429570e+06   3.6376953e+01
   7.5443130e+06   3.5583496e+01
   7.5465940e+06   3.7597656e+01
   7.5499160e+06   3.4729004e+01
   7.5521490e+06   3.6071777e+01
   7.5526900e+06   3.5705566e+01
   7.5584730e+06   3.6132812e+01
   7.5607290e+06   3.4118652e+01
   7.5629080e+06   3.4484863e+01
   7.5636760e+06   3.4362793e+01
   7.5704910e+06   3.3508301e+01
   7.5706540e+06   3.4484863e+01
   7.5709150e+06   3.5339355e+01
   7.5711540e+06   3.4790039e+01
   7.5721610e+06   3.9062500e+01
   7.5722510e+06   3.4301758e+01
   7.5733220e+06   3.5888672e+01
   7.5742150e+06   3.5888672e+01
   7.5844890e+06   3.5827637e+01
   7.5899670e+06   3.4240723e+01
   7.5923250e+06   3.6926270e+01
   7.5964200e+06   3.3508301e+01
   7.6003520e+06   3.4973145e+01
   7.6010880e+06   3.4851074e+01
   7.6019010e+06   3.4362793e+01
   7.6023420e+06   3.3264160e+01
   7.6048180e+06   3.4729004e+01
   7.6115850e+06   3.4790039e+01
   7.6124350e+06   3.3203125e+01
   7.6205070e+06   3.4423828e+01
   7.6211870e+06   3.5766602e+01
   7.6233140e+06   3.3630371e+01
   7.6239600e+06   3.6132812e+01
   7.6256470e+06   3.9611816e+01
   7.6282630e+06   3.8146973e+01
   7.6288360e+06   3.3325195e+01
   7.6309160e+06   3.3996582e+01
   7.6368960e+06   3.4790039e+01
   7.6378420e+06   3.5644531e+01
   7.6447580e+06   3.5705566e+01
   7.6449880e+06   3.3203125e+01
   7.6570230e+06   3.5583496e+01
   7.6573040e+06   3.3630371e+01
   7.6584150e+06   3.4973145e+01
   7.6633780e+06   3.4851074e+01
   7.6684590e+06   3.5278320e+01
   7.6695220e+06   3.7109375e+01
   7.6696830e+06   3.9184570e+01
   7.6720630e+06   3.3752441e+01
   7.6756950e+06   3.4301758e+01
   7.6801750e+06   3.5827637e+01
   7.6806610e+06   3.6987305e+01
   7.6811990e+06   3.3935547e+01
   7.6817480e+06   3.3447266e+01
   7.6861770e+06   3.4790039e+01
   7.6880660e+06   3.4118652e+01
   7.6893080e+06   3.3630371e+01
   7.6967330e+06   3.3203125e+01
   7.7007970e+06   3.4484863e+01
   7.7036120e+06   3.6621094e+01
   7.7073420e+06   3.6560059e+01
   7.7117150e+06   3.4179688e+01
   7.7140540e+06   3.6865234e+01
   7.7177070e+06   3.3996582e+01
   7.7189540e+06   3.4729004e+01
   7.7198820e+06   3.5766602e+01
   7.7228110e+06   3.4301758e+01
   7.7247160e+06   3.3386230e+01
   7.7259650e+06   3.3264160e+01
   7.7288120e+06   3.4912109e+01
   7.7297210e+06   3.3020020e+01
   7.7308170e+06   3.6987305e+01
   7.7320750e+06   3.4423828e+01
   7.7344850e+06   3.5888672e+01
   7.7355320e+06   3.6254883e+01
   7.7366620e+06   3.5766602e+01
   7.7391070e+06   3.3020020e+01
   7.7394030e+06   3.3020020e+01
   7.7492860e+06   3.3874512e+01
   7.7498170e+06   3.8391113e+01
   7.7507810e+06   4.2114258e+01
   7.7588680e+06   3.5156250e+01
   7.7652590e+06   3.4240723e+01
   7.7741650e+06   3.4973145e+01
   7.7751980e+06   3.8269043e+01
   7.7811430e+06   3.5156250e+01
   7.7849560e+06   3.4606934e+01
   7.7876010e+06   3.7170410e+01
   7.7902320e+06   3.3508301e+01
   7.7932130e+06   3.3630371e+01
   7.7993890e+06   3.4057617e+01
   7.8001880e+06   3.4118652e+01
   7.8014860e+06   3.7048340e+01
   7.8023490e+06   3.3386230e+01
   7.8066120e+06   3.5888672e+01
   7.8143430e+06   3.4057617e+01
   7.8197820e+06   3.5583496e+01
   7.8214430e+06   3.5034180e+01
   7.8348210e+06   3.4790039e+01
   7.8354380e+06   3.5583496e+01
   7.8429880e+06   3.5095215e+01
   7.8436910e+06   3.3447266e+01
   7.8447520e+06   3.4851074e+01
   7.8525750e+06   3.4667969e+01
   7.8583330e+06   3.6621094e+01
   7.8599290e+06   3.4179688e+01
   7.8632930e+06   3.3752441e+01
   7.8647270e+06   4.0161133e+01
   7.8664780e+06   3.7048340e+01
   7.8747510e+06   3.3874512e+01
   7.8764550e+06   3.6193848e+01
   7.8775520e+06   3.4912109e+01
   7.8808780e+06   3.6010742e+01
   7.8832700e+06   3.6743164e+01
   7.8855680e+06   3.3447266e+01
   7.8889970e+06   3.5522461e+01
   7.8905360e+06   4.0100098e+01
   7.8970610e+06   3.9306641e+01
   7.9002950e+06   3.6315918e+01
   7.9083060e+06   3.6132812e+01
   7.9135880e+06   3.3996582e+01
   7.9141270e+06   3.3447266e+01
   7.9181830e+06   3.4790039e+01
   7.9241890e+06   3.4606934e+01
   7.9279180e+06   3.3142090e+01
   7.9375080e+06   3.4667969e+01
   7.9383700e+06   3.3569336e+01
   7.9419620e+06   3.5461426e+01
   7.9436400e+06   3.3203125e+01
   7.9451930e+06   3.4301758e+01
   7.9463790e+06   3.5339355e+01
   7.9476430e+06   3.7841797e+01
   7.9500700e+06   3.3508301e+01
   7.9550660e+06   3.7658691e+01
   7.9555820e+06   3.6987305e+01
   7.9598280e+06   3.4729004e+01
   7.9620710e+06   3.3325195e+01
   7.9634420e+06   3.7536621e+01
   7.9643650e+06   3.3813477e+01
   7.9652320e+06   3.6437988e+01
   7.9673190e+06   3.3081055e+01
   7.9842560e+06   3.3691406e+01
   7.9875680e+06   3.3935547e+01
   7.9902710e+06   3.3447266e+01
   7.9928000e+06   3.3386230e+01
   7.9934290e+06   3.5095215e+01
   7.9940420e+06   4.0710449e+01
   7.9968850e+06   3.3630371e+01
   8.0008830e+06   3.3081055e+01
   8.0057670e+06   3.4851074e+01
   8.0063680e+06   3.6865234e+01
   8.0144010e+06   3.4240723e+01
   8.0165790e+06   3.5461426e+01
   8.0198050e+06   3.4057617e+01
   8.0211420e+06   3.4423828e+01
   8.0218840e+06   3.9001465e+01
   8.0229330e+06   3.3264160e+01
   8.0257380e+06   3.7475586e+01
   8.0263860e+06   3.3264160e+01
   8.0285900e+06   3.4545898e+01
   8.0304890e+06   3.5400391e+01
   8.0369750e+06   4.3640137e+01
   8.0416460e+06   3.6682129e+01
   8.0474860e+06   3.4667969e+01
   8.0508120e+06   3.3447266e+01
   8.0516760e+06   4.0405273e+01
   8.0533070e+06   3.3752441e+01
   8.0541270e+06   3.3691406e+01
   8.0587510e+06   3.8085938e+01
   8.0594490e+06   3.5705566e+01
   8.0604770e+06   3.4973145e+01
   8.0637790e+06   4.3334961e+01
   8.0669830e+06   3.7048340e+01
   8.0679590e+06   3.3935547e+01
   8.0691000e+06   3.3325195e+01
   8.0700900e+06   3.3142090e+01
   8.0710850e+06   3.9794922e+01
   8.0769310e+06   3.6376953e+01
   8.0822680e+06   4.0527344e+01
   8.0829840e+06   3.8208008e+01
   8.0857780e+06   3.3569336e+01
   8.0871970e+06   3.4240723e+01
   8.0910060e+06   3.5705566e+01
   8.0931480e+06   3.4912109e+01
   8.0980740e+06   3.3325195e+01
   8.1027600e+06   3.3935547e+01
   8.1097120e+06   3.4179688e+01
   8.1115660e+06   3.6499023e+01
   8.1164250e+06   3.4240723e+01
   8.1189820e+06   3.4484863e+01
   8.1202750e+06   3.3752441e+01
   8.1204110e+06   4.1442871e+01
   8.1253930e+06   3.3630371e+01
   8.1258270e+06   3.6987305e+01
   8.1299780e+06   3.3142090e+01
   8.1307750e+06   3.6865234e+01
   8.1395110e+06   3.3203125e+01
   8.1420470e+06   4.1870117e+01
   8.1445130e+06   3.3935547e+01
   8.1469580e+06   3.7475586e+01
   8.1486870e+06   3.3325195e+01
   8.1495860e+06   3.3508301e+01
   8.1529000e+06   3.3142090e+01
   8.1547500e+06   3.6193848e+01
   8.1628550e+06   3.3996582e+01
   8.1656870e+06   3.4179688e+01
   8.1687120e+06   3.4423828e+01
   8.1716040e+06   3.4423828e+01
   8.1731520e+06   3.8330078e+01
   8.1744350e+06   3.4057617e+01
   8.1786030e+06   3.4667969e+01
   8.1837410e+06   3.3874512e+01
   8.1885520e+06   3.5034180e+01
   8.1965480e+06   4.2907715e+01
   8.2070020e+06   3.4606934e+01
   8.2076070e+06   3.4362793e+01
   8.2106000e+06   3.4729004e+01
   8.2222350e+06   4.0588379e+01
   8.2227770e+06   3.4240723e+01
   8.2270150e+06   3.3630371e+01
   8.2279690e+06   3.6071777e+01
   8.2301260e+06   3.3874512e+01
   8.2373340e+06   3.6560059e+01
   8.2404280e+06   3.3020020e+01
   8.2441790e+06   3.5400391e+01
   8.2470080e+06   3.4179688e+01
   8.2490230e+06   3.3386230e+01
   8.2519370e+06   3.5888672e+01
   8.2541290e+06   3.5644531e+01
   8.2584060e+06   3.8635254e+01
   8.2593440e+06   3.3935547e+01
   8.2613500e+06   3.3142090e+01
   8.2635110e+06   3.4118652e+01
   8.2660780e+06   3.4851074e+01
   8.2683780e+06   3.3081055e+01
   8.2700160e+06   3.5766602e+01
   8.2705490e+06   3.4973145e+01
   8.2711250e+06   3.6621094e+01
   8.2758370e+06   3.3508301e+01
   8.2773350e+06   3.5827637e+01
   8.2809270e+06   3.7292480e+01
   8.2828590e+06   3.3996582e+01
   8.2850010e+06   3.6560059e+01
   8.2911060e+06   3.4240723e+01
   8.2919120e+06   3.8146973e+01
   8.2936150e+06   3.5278320e+01
   8.2984130e+06   3.3142090e+01
   8.3021430e+06   3.5461426e+01
   8.3078560e+06   4.0100098e+01
   8.3094530e+06   3.6804199e+01
   8.3134060e+06   3.3874512e+01
   8.3261920e+06   3.8574219e+01
   8.3329440e+06   3.3142090e+01
   8.3342300e+06   3.6132812e+01
   8.3382810e+06   3.3569336e+01
   8.3418150e+06   3.7109375e+01
   8.3465540e+06   3.3203125e+01
   8.3502080e+06   3.6621094e+01
   8.3548130e+06   3.3142090e+01
   8.3582130e+06   3.6560059e+01
   8.3599790e+06   3.9062500e+01
   8.3618090e+06   3.3813477e+01
   8.3691260e+06   3.3752441e+01
   8.3717280e+06   3.3935547e+01
   8.3766460e+06   3.4362793e+01
   8.3779230e+06   3.6437988e+01
   8.3781770e+06   4.1442871e+01
   8.3828650e+06   3.3569336e+01
   8.3843850e+06   3.3142090e+01
   8.3849720e+06   3.6254883e+01
   8.3856690e+06   3.5827637e+01
   8.3876480e+06   3.8208008e+01
   8.3895200e+06   3.6437988e+01
   8.3913600e+06   4.1198730e+01
   8.3945570e+06   3.3752441e+01
   8.3952170e+06   3.6743164e+01
   8.3987580e+06   3.7719727e+01
   8.4065850e+06   3.3386230e+01
   8.4112710e+06   3.4057617e+01
   8.4131590e+06   3.4484863e+01
   8.4150390e+06   3.6499023e+01
   8.4190380e+06   3.3142090e+01
   8.4234040e+06   3.3813477e+01
   8.4247210e+06   3.4362793e+01
   8.4264570e+06   4.6020508e+01
   8.4279820e+06   3.5522461e+01
   8.4311180e+06   3.4851074e+01
   8.4448430e+06   3.3081055e+01
   8.4455010e+06   3.3935547e+01
   8.4483830e+06   3.3813477e+01
   8.4487900e+06   3.3630371e+01
   8.4503210e+06   3.3813477e+01
   8.4550810e+06   3.3203125e+01
   8.4666310e+06   3.3935547e+01
   8.4685240e+06   3.3020020e+01
   8.4727280e+06   3.3630371e+01
   8.4735390e+06   3.3691406e+01
   8.4766030e+06   3.3935547e+01
   8.4776980e+06   3.8513184e+01
   8.4804070e+06   3.8269043e+01
   8.4827200e+06   3.4423828e+01
   8.4891140e+06   3.5278320e+01
   8.4941160e+06   3.7292480e+01
   8.5001600e+06   3.7231445e+01
   8.5020270e+06   3.7536621e+01
   8.5078520e+06   3.3691406e+01
   8.5085520e+06   3.3081055e+01
   8.5128690e+06   3.3752441e+01
   8.5189100e+06   3.3386230e+01
   8.5203920e+06   4.0893555e+01
   8.5225900e+06   4.0527344e+01
   8.5288400e+06   3.3020020e+01
   8.5329950e+06   3.5827637e+01
   8.5336420e+06   3.7170410e+01
   8.5347480e+06   3.4484863e+01
   8.5365080e+06   3.4973145e+01
   8.5376070e+06   3.4362793e+01
   8.5393040e+06   3.6010742e+01
   8.5404480e+06   3.9367676e+01
   8.5420450e+06   3.4973145e+01
   8.5430990e+06   3.4484863e+01
   8.5466410e+06   3.8940430e+01
   8.5491840e+06   3.3813477e+01
   8.5534860e+06   3.5827637e+01
   8.5569640e+06   3.5278320e+01
   8.5583590e+06   3.3935547e+01
   8.5645090e+06   3.3020020e+01
   8.5651930e+06   3.9062500e+01
   8.5666720e+06   3.4790039e+01
   8.5685920e+06   3.4851074e+01
   8.5698980e+06   3.3935547e+01
   8.5713710e+06   3.7048340e+01
   8.5721160e+06   3.4851074e+01
   8.5729160e+06   3.3325195e+01
   8.5749790e+06   3.5766602e+01
   8.5795650e+06   3.6743164e+01
   8.5801070e+06   4.1442871e+01
   8.5811190e+06   3.6071777e+01
   8.5842150e+06   3.4851074e+01
   8.5859420e+06   3.3081055e+01
   8.5896870e+06   3.5522461e+01
   8.5955210e+06   3.4912109e+01
   8.5994220e+06   3.5339355e+01
   8.6000150e+06   3.3569336e+01
   8.6009610e+06   3.6560059e+01
   8.6052610e+06   3.4667969e+01
   8.6059600e+06   3.4790039e+01
   8.6084890e+06   3.4912109e+01
   8.6097820e+06   3.5949707e+01
   8.6169490e+06   3.3447266e+01
   8.6218870e+06   3.7231445e+01
   8.6237770e+06   3.4667969e+01
   8.6251580e+06   3.6315918e+01
   8.6260120e+06   3.8696289e+01
   8.6291120e+06   3.9672852e+01
   8.6331480e+06   3.4118652e+01
   8.6372350e+06   3.4057617e+01
   8.6394710e+06   3.5461426e+01
   8.6411080e+06   3.3630371e+01
   8.6472670e+06   3.3386230e+01
   8.6490790e+06   3.3935547e+01
   8.6510390e+06   3.4301758e+01
   8.6520670e+06   3.5583496e+01
   8.6639450e+06   3.3142090e+01
   8.6666730e+06   3.3447266e+01
   8.6687520e+06   3.8452148e+01
   8.6724170e+06   3.5278320e+01
   8.6741770e+06   3.8269043e+01
   8.6747810e+06   3.3752441e+01
   8.6766300e+06   3.3203125e+01
   8.6819740e+06   3.3691406e+01
   8.6840320e+06   3.3203125e+01
   8.6846730e+06   3.4301758e+01
   8.6870640e+06   3.3996582e+01
   8.6888240e+06   3.9245605e+01
   8.6913240e+06   3.6132812e+01
   8.6927130e+06   3.5217285e+01
   8.6933740e+06   3.8024902e+01
   8.6969600e+06   3.3081055e+01
   8.7008170e+06   3.5278320e+01
   8.7026260e+06   3.6743164e+01
   8.7049380e+06   3.4057617e+01
   8.7072230e+06   3.4057617e+01
   8.7126140e+06   3.5034180e+01
   8.7133720e+06   3.4667969e+01
   8.7139210e+06   3.6743164e+01
   8.7214230e+06   3.7292480e+01
   8.7249080e+06   3.3386230e+01
   8.7257890e+06   3.4973145e+01
   8.7278150e+06   3.3081055e+01
   8.7338420e+06   3.6132812e+01
   8.7344090e+06   3.4057617e+01
   8.7449430e+06   3.8330078e+01
   8.7464430e+06   3.8696289e+01
   8.7472410e+06   3.6560059e+01
   8.7486760e+06   3.4301758e+01
   8.7519540e+06   3.6743164e+01
   8.7572770e+06   3.3874512e+01
   8.7587510e+06   3.9733887e+01
   8.7594350e+06   4.4433594e+01
   8.7641750e+06   3.5583496e+01
   8.7685740e+06   3.8818359e+01
   8.7690590e+06   3.7292480e+01
   8.7706450e+06   3.3508301e+01
   8.7719830e+06   3.3630371e+01
   8.7748180e+06   3.3508301e+01
   8.7764310e+06   3.3203125e+01
   8.7781030e+06   3.3325195e+01
   8.7816320e+06   3.6254883e+01
   8.7825750e+06   3.6804199e+01
   8.7853120e+06   3.3813477e+01
   8.7961430e+06   3.3996582e+01
   8.8008770e+06   3.3020020e+01
   8.8025180e+06   3.6804199e+01
   8.8042220e+06   3.4973145e+01
   8.8052310e+06   3.3081055e+01
   8.8080070e+06   3.5705566e+01
   8.8189540e+06   3.3142090e+01
   8.8198270e+06   3.3996582e+01
   8.8212000e+06   3.3813477e+01
   8.8222310e+06   3.3874512e+01
   8.8228970e+06   3.5278320e+01
   8.8254860e+06   3.3874512e+01
   8.8294230e+06   3.7841797e+01
   8.8353760e+06   3.4240723e+01
   8.8467080e+06   3.8146973e+01
   8.8532580e+06   3.4606934e+01
   8.8539790e+06   3.4790039e+01
   8.8562330e+06   3.5949707e+01
   8.8571530e+06   3.6437988e+01
   8.8604990e+06   3.7475586e+01
   8.8639060e+06   3.6987305e+01
   8.8663390e+06   3.4118652e+01
   8.8672570e+06   3.3203125e+01
   8.8694480e+06   3.5217285e+01
   8.8703980e+06   3.6193848e+01
   8.8709860e+06   3.3508301e+01
   8.8716760e+06   3.6315918e+01
   8.8753140e+06   3.4790039e+01
   8.8790580e+06   3.4606934e+01
   8.8797220e+06   3.5278320e+01
   8.8837670e+06   3.3325195e+01
   8.8967400e+06   3.3508301e+01
   8.8983480e+06   3.7475586e+01
   8.8989130e+06   3.6315918e+01
   8.9014980e+06   3.4301758e+01
   8.9089720e+06   3.3386230e+01
   8.9100010e+06   3.3081055e+01
   8.9119070e+06   3.8024902e+01
   8.9152100e+06   3.3203125e+01
   8.9157870e+06   3.3264160e+01
   8.9174990e+06   3.3386230e+01
   8.9186640e+06   3.4362793e+01
   8.9195550e+06   3.7658691e+01
   8.9209750e+06   3.4729004e+01
   8.9223410e+06   3.5522461e+01
   8.9237620e+06   3.4545898e+01
   8.9269920e+06   3.5461426e+01
   8.9367490e+06   3.6621094e+01
   8.9402610e+06   3.5827637e+01
   8.9462790e+06   4.0222168e+01
   8.9490760e+06   3.4973145e+01
   8.9500300e+06   3.4057617e+01
   8.9535680e+06   3.7109375e+01
   8.9556360e+06   3.4912109e+01
   8.9561060e+06   3.3142090e+01
   8.9575220e+06   3.5400391e+01
   8.9643880e+06   3.6621094e+01
   8.9678830e+06   3.5217285e+01
   8.9745660e+06   3.5888672e+01
   8.9754540e+06   3.3386230e+01
   8.9827230e+06   3.4118652e+01
   8.9841940e+06   3.8513184e+01
   8.9905650e+06   3.4667969e+01
   8.9918170e+06   4.3762207e+01
   8.9939640e+06   3.6743164e+01
   8.9953130e+06   3.5400391e+01
   8.9978560e+06   3.8085938e+01
   8.9989380e+06   3.6865234e+01
   9.0084830e+06   3.5827637e+01
   9.0168450e+06   3.7170410e+01
   9.0176120e+06   3.3569336e+01
   9.0177300e+06   4.5043945e+01
   9.0186200e+06   3.6865234e+01
   9.0199310e+06   4.1076660e+01
   9.0210970e+06   3.6071777e+01
   9.0254810e+06   3.3569336e+01
   9.0256780e+06   3.8940430e+01
   9.0282020e+06   3.3569336e+01
   9.0328910e+06   3.6560059e+01
   9.0337700e+06   3.3386230e+01
   9.0386450e+06   3.4423828e+01
   9.0408630e+06   3.8085938e+01
   9.0439400e+06   3.4057617e+01
   9.0471470e+06   3.7597656e+01
   9.0482330e+06   3.8940430e+01
   9.0540840e+06   3.8452148e+01
   9.0700380e+06   3.7536621e+01
   9.0724770e+06   3.3325195e+01
   9.0741850e+06   3.3386230e+01
   9.0754790e+06   3.4973145e+01
   9.0827980e+06   3.7109375e+01
   9.0878930e+06   3.8146973e+01
   9.0917970e+06   3.4545898e+01
   9.0926670e+06   3.5278320e+01
   9.0988820e+06   3.7170410e+01
   9.1104720e+06   3.5156250e+01
   9.1122610e+06   3.5705566e+01
   9.1150610e+06   3.3325195e+01
   9.1215160e+06   3.3508301e+01
   9.1241780e+06   3.8269043e+01
   9.1301280e+06   3.7048340e+01
   9.1359560e+06   3.6254883e+01
   9.1370830e+06   3.5705566e+01
   9.1373210e+06   3.5644531e+01
   9.1416910e+06   3.6621094e+01
   9.1480860e+06   3.6804199e+01
   9.1514610e+06   3.3813477e+01
   9.1522550e+06   3.3386230e+01
   9.1612560e+06   3.4790039e+01
   9.1638620e+06   3.6071777e+01
   9.1657660e+06   3.9306641e+01
   9.1669430e+06   3.4240723e+01
   9.1677860e+06   3.5156250e+01
   9.1771420e+06   3.3325195e+01
   9.1803780e+06   3.5400391e+01
   9.1817720e+06   3.4729004e+01
   9.1850480e+06   3.6010742e+01
   9.1859560e+06   3.5156250e+01
   9.1902260e+06   3.6254883e+01
   9.1975130e+06   3.4362793e+01
   9.1988980e+06   3.4057617e+01
   9.2035700e+06   3.5766602e+01
   9.2085540e+06   5.1330566e+01
   9.2085800e+06   4.5837402e+01
   9.2086140e+06   8.0505371e+01
   9.2086470e+06   5.3161621e+01
   9.2086870e+06   4.2968750e+01
   9.2087160e+06   5.4138184e+01
   9.2087420e+06   6.5246582e+01
   9.2087690e+06   5.2795410e+01
   9.2087820e+06   4.8767090e+01
   9.2088130e+06   6.2500000e+01
   9.2088360e+06   4.6020508e+01
   9.2088490e+06   3.4912109e+01
   9.2088880e+06   4.0405273e+01
   9.2089020e+06   9.0270996e+01
   9.2089200e+06   5.0048828e+01
   9.2089460e+06   3.4240723e+01
   9.2089660e+06   6.4819336e+01
   9.2089870e+06   3.6743164e+01
   9.2090160e+06   3.8391113e+01
   9.2090440e+06   8.3190918e+01
   9.2090620e+06   4.2846680e+01
   9.2091010e+06   3.3996582e+01
   9.2091330e+06   4.3823242e+01
   9.2091690e+06   3.5217285e+01
   9.2092460e+06   3.4484863e+01
   9.2093150e+06   3.4912109e+01
   9.2107440e+06   3.5217285e+01
   9.2109530e+06   3.4301758e+01
   9.2110140e+06   3.3874512e+01
   9.2110660e+06   3.7048340e+01
   9.2117800e+06   3.6010742e+01
   9.2121140e+06   3.4423828e+01
   9.2122560e+06   3.5400391e+01
   9.2133720e+06   3.7109375e+01
   9.2137860e+06   4.0649414e+01
   9.2145230e+06   3.3874512e+01
   9.2155620e+06   3.5156250e+01
   9.2178070e+06   3.7414551e+01
   9.2178870e+06   3.3569336e+01
   9.2199710e+06   3.7231445e+01
   9.2203470e+06   3.3508301e+01
   9.2217710e+06   3.7414551e+01
   9.2229960e+06   3.8208008e+01
   9.2240140e+06   3.6071777e+01
   9.2273780e+06   3.5278320e+01
   9.2277390e+06   4.0954590e+01
   9.2283280e+06   3.7353516e+01
   9.2290300e+06   3.6315918e+01
   9.2307920e+06   3.6071777e+01
   9.2315200e+06   3.4240723e+01
   9.2330810e+06   3.5583496e+01
   9.2358160e+06   3.4362793e+01
   9.2371180e+06   3.4606934e+01
   9.2372230e+06   3.3874512e+01
   9.2379530e+06   3.3508301e+01
   9.2383020e+06   3.4851074e+01
   9.2387860e+06   3.4790039e+01
   9.2401430e+06   3.4179688e+01
   9.2421620e+06   3.3935547e+01
   9.2428490e+06   3.3569336e+01
   9.2439060e+06   3.7170410e+01
   9.2504600e+06   3.6621094e+01
   9.2531120e+06   3.6499023e+01
   9.2610010e+06   3.3508301e+01
   9.2649490e+06   4.0588379e+01
   9.2671370e+06   3.3447266e+01
   9.2676510e+06   3.5766602e+01
   9.2691370e+06   3.8696289e+01
   9.2706280e+06   3.6193848e+01
   9.2847490e+06   3.4912109e+01
   9.2893600e+06   3.5644531e+01
   9.2914580e+06   3.3508301e+01
   9.2918080e+06   3.9367676e+01
   9.2951200e+06   3.4973145e+01
   9.2979730e+06   3.5583496e+01
   9.2999450e+06   3.4301758e+01
   9.3006840e+06   3.5095215e+01
   9.3033980e+06   3.3752441e+01
   9.3042850e+06   3.4301758e+01
   9.3106230e+06   3.7597656e+01
   9.3197450e+06   3.7109375e+01
   9.3247200e+06   3.6010742e+01
   9.3259100e+06   3.3447266e+01
   9.3332050e+06   3.3325195e+01
   9.3396720e+06   3.3264160e+01
   9.3483350e+06   3.3264160e+01
   9.3664840e+06   3.4729004e+01
   9.3704350e+06   3.6682129e+01
   9.3875470e+06   3.7353516e+01
   9.3925570e+06   3.6987305e+01
   9.3974640e+06   4.3029785e+01
   9.4038670e+06   3.4729004e+01
   9.4063900e+06   3.8696289e+01
   9.4104630e+06   3.4484863e+01
   9.4165500e+06   3.6071777e+01
   9.4194340e+06   3.5766602e+01
   9.4203310e+06   3.3630371e+01
   9.4246320e+06   3.9245605e+01
   9.4381980e+06   3.3386230e+01
   9.4425840e+06   3.6560059e+01
   9.4438270e+06   3.4851074e+01
   9.4499910e+06   3.5400391e+01
   9.4594250e+06   3.7170410e+01
   9.4772420e+06   3.8696289e+01
   9.4785560e+06   3.3874512e+01
   9.4835450e+06   3.5644531e+01
   9.4874320e+06   3.3996582e+01
   9.4956100e+06   3.5827637e+01
   9.5012180e+06   3.3691406e+01
   9.5019040e+06   3.5522461e+01
   9.5054380e+06   3.5400391e+01
   9.5146150e+06   3.4667969e+01
   9.5185370e+06   3.4606934e+01
   9.5345530e+06   3.3813477e+01
   9.5456160e+06   3.3935547e+01
   9.5811040e+06   3.3996582e+01
   9.5843490e+06   3.5339355e+01
   9.5876860e+06   3.5095215e+01
   9.5932730e+06   3.3325195e+01
   9.6003740e+06   3.3935547e+01
   9.6019000e+06   3.3386230e+01
   9.6046880e+06   3.3813477e+01
   9.6072500e+06   3.4240723e+01
   9.6134870e+06   3.4423828e+01
   9.6161560e+06   3.6499023e+01
   9.6193520e+06   3.3569336e+01
   9.6325190e+06   3.7231445e+01
   9.6366680e+06   3.5583496e+01
   9.6384030e+06   3.4790039e+01
   9.6419650e+06   3.4240723e+01
   9.6477070e+06   3.5583496e+01
   9.6571800e+06   3.4301758e+01
   9.6684940e+06   3.4362793e+01
   9.6707380e+06   3.3691406e+01
   9.6719590e+06   3.3996582e+01
   9.6781750e+06   3.3264160e+01
   9.6843380e+06   3.5034180e+01
   9.6878920e+06   3.5034180e+01
   9.6918460e+06   4.4555664e+01
   9.6970070e+06   3.7414551e+01
   9.7008720e+06   3.4362793e+01
   9.7021260e+06   3.6132812e+01
   9.7042760e+06   3.4606934e+01
   9.7121720e+06   3.5034180e+01
   9.7124170e+06   3.5278320e+01
   9.7219790e+06   3.5034180e+01
   9.7310500e+06   3.3508301e+01
   9.7333120e+06   3.3264160e+01
   9.7354620e+06   3.4423828e+01
   9.7366530e+06   3.6499023e+01
   9.7478260e+06   3.3508301e+01
   9.7557200e+06   3.9978027e+01
   9.7561760e+06   3.8330078e+01
   9.7747190e+06   4.0527344e+01
   9.7757500e+06   4.4189453e+01
   9.7793050e+06   3.9611816e+01
   9.7828790e+06   3.9916992e+01
   9.7879990e+06   3.5095215e+01
   9.7953800e+06   3.3874512e+01
   9.8160170e+06   3.7353516e+01
   9.8252530e+06   3.5949707e+01
   9.8261530e+06   3.8574219e+01
   9.8427020e+06   3.5888672e+01
   9.8460620e+06   3.7475586e+01
   9.8469840e+06   3.3325195e+01
   9.8513450e+06   3.7597656e+01
   9.8546820e+06   3.4423828e+01
   9.8553390e+06   3.6193848e+01
   9.8673980e+06   3.4423828e+01
   9.8679140e+06   3.5461426e+01
   9.8717960e+06   3.7780762e+01
   9.8729370e+06   3.6315918e+01
   9.8760020e+06   3.3935547e+01
   9.8806830e+06   3.4362793e+01
   9.8857750e+06   3.3874512e+01
   9.8894200e+06   3.6926270e+01
   9.9085040e+06   3.7902832e+01
   9.9136990e+06   3.4790039e+01
   9.9146890e+06   3.5217285e+01
   9.9171990e+06   3.4729004e+01
   9.9218000e+06   3.5339355e+01
   9.9238190e+06   3.3447266e+01
   9.9248260e+06   3.5705566e+01
   9.9298100e+06   3.6315918e+01
   9.9350280e+06   3.7048340e+01
   9.9355810e+06   3.3447266e+01
   9.9381490e+06   3.4423828e+01
   9.9446780e+06   3.5400391e+01
   9.9488190e+06   3.6193848e+01
   9.9558720e+06   3.4362793e+01
   9.9564730e+06   4.1015625e+01
   9.9674300e+06   3.7109375e+01
   9.9699030e+06   3.5522461e+01
   9.9710670e+06   3.3691406e+01
   9.9768630e+06   3.4301758e+01
   9.9864680e+06   3.5888672e+01
   9.9902600e+06   3.5766602e+01
   9.9918380e+06   4.1259766e+01
   9.9927660e+06   3.4545898e+01
   9.9945730e+06   3.8940430e+01
   1.0002942e+07   4.0161133e+01
   1.0003642e+07   3.5095215e+01
   1.0005027e+07   3.3569336e+01
   1.0007262e+07   3.4057617e+01
   1.0008902e+07   3.5278320e+01
   1.0011195e+07   3.4667969e+01
   1.0014829e+07   3.4973145e+01
   1.0025032e+07   3.5522461e+01
   1.0028391e+07   3.5766602e+01
   1.0034721e+07   3.3996582e+01
   1.0038349e+07   3.3508301e+01
   1.0039498e+07   7.3364258e+01
   1.0045851e+07   3.5827637e+01
   1.0047293e+07   3.4057617e+01
   1.0053946e+07   3.4179688e+01
   1.0055993e+07   3.6315918e+01
   1.0084053e+07   3.3630371e+01
   1.0085429e+07   3.6010742e+01
   1.0087803e+07   3.3630371e+01
   1.0101199e+07   3.4362793e+01
   1.0108726e+07   3.5095215e+01
   1.0109422e+07   3.4301758e+01
   1.0111306e+07   3.3935547e+01
   1.0116743e+07   3.4606934e+01
   1.0117736e+07   3.5095215e+01
   1.0119143e+07   3.5827637e+01
   1.0127688e+07   3.3874512e+01
   1.0138091e+07   3.3447266e+01
   1.0142734e+07   3.6376953e+01
   1.0149438e+07   3.4057617e+01
   1.0153530e+07   3.4179688e+01
   1.0158657e+07   3.4545898e+01
   1.0160301e+07   3.7048340e+01
   1.0162714e+07   3.5522461e+01
   1.0163046e+07   3.8879395e+01
   1.0165676e+07   3.7231445e+01
   1.0166361e+07   3.3874512e+01
   1.0169301e+07   3.5339355e+01
   1.0177408e+07   3.3691406e+01
   1.0178279e+07   3.3325195e+01
   1.0180348e+07   3.7658691e+01
   1.0182781e+07   4.0527344e+01
   1.0186698e+07   3.3813477e+01
   1.0189582e+07   3.3630371e+01
   1.0192170e+07   3.3813477e+01
   1.0196745e+07   3.6193848e+01
   1.0201998e+07   3.3325195e+01
   1.0203920e+07   3.3264160e+01
   1.0212343e+07   3.7536621e+01
   1.0213750e+07   3.3569336e+01
   1.0214306e+07   3.6682129e+01
   1.0214993e+07   3.4790039e+01
   1.0221444e+07   3.7780762e+01
   1.0224995e+07   3.6010742e+01
   1.0226735e+07   3.9733887e+01
   1.0231345e+07   3.3508301e+01
   1.0235002e+07   3.6132812e+01
   1.0237011e+07   3.7353516e+01
   1.0239475e+07   3.3569336e+01
   1.0242377e+07   3.5095215e+01
   1.0242977e+07   3.4667969e+01
   1.0243337e+07   3.3935547e+01
   1.0244243e+07   3.6437988e+01
   1.0245802e+07   3.5583496e+01
   1.0247501e+07   3.8452148e+01
   1.0248806e+07   3.3691406e+01
   1.0251527e+07   3.5766602e+01
   1.0254539e+07   3.5583496e+01
   1.0255082e+07   3.3630371e+01
   1.0256931e+07   3.5278320e+01
   1.0261730e+07   3.5949707e+01
   1.0266353e+07   3.4362793e+01
   1.0267229e+07   3.3935547e+01
   1.0268587e+07   3.4118652e+01
   1.0270091e+07   3.3447266e+01
   1.0272362e+07   3.7719727e+01
   1.0274134e+07   3.4484863e+01
   1.0278931e+07   3.3325195e+01
   1.0281020e+07   3.4729004e+01
   1.0283302e+07   3.5095215e+01
   1.0284898e+07   3.7780762e+01
   1.0287304e+07   3.4729004e+01
   1.0289659e+07   3.5339355e+01
   1.0293967e+07   3.7414551e+01
   1.0302528e+07   3.3325195e+01
   1.0304403e+07   3.5217285e+01
   1.0305358e+07   3.5095215e+01
   1.0310759e+07   3.5583496e+01
   1.0314336e+07   3.6621094e+01
   1.0314976e+07   3.3935547e+01
   1.0316473e+07   3.3630371e+01
   1.0317870e+07   3.3630371e+01
   1.0320378e+07   3.4545898e+01
   1.0322501e+07   3.6926270e+01
   1.0328619e+07   3.3508301e+01
   1.0334321e+07   3.6926270e+01
   1.0341417e+07   3.5949707e+01
   1.0342409e+07   3.4973145e+01
   1.0347022e+07   4.1809082e+01
   1.0348969e+07   3.7780762e+01
   1.0354024e+07   3.4179688e+01
   1.0355135e+07   3.4606934e+01
   1.0356917e+07   3.4118652e+01
   1.0357927e+07   3.4973145e+01
   1.0361587e+07   3.3386230e+01
   1.0368615e+07   3.7719727e+01
   1.0371859e+07   4.1625977e+01
   1.0373246e+07   3.6010742e+01
   1.0379784e+07   3.3752441e+01
   1.0384513e+07   3.5949707e+01
   1.0388327e+07   3.8757324e+01
   1.0399114e+07   3.4729004e+01
   1.0402014e+07   3.6193848e+01
   1.0402926e+07   3.6376953e+01
   1.0404730e+07   3.5156250e+01
   1.0405593e+07   3.9672852e+01
   1.0406123e+07   3.3508301e+01
   1.0410375e+07   3.5766602e+01
   1.0419226e+07   3.4606934e+01
   1.0420837e+07   3.5949707e+01
   1.0425275e+07   3.4729004e+01
   1.0427984e+07   3.3386230e+01
   1.0433052e+07   3.4790039e+01
   1.0439936e+07   4.0527344e+01
   1.0440306e+07   3.9611816e+01
   1.0440988e+07   3.4851074e+01
   1.0443578e+07   3.4729004e+01
   1.0446727e+07   3.5644531e+01
   1.0448423e+07   3.7170410e+01
   1.0450487e+07   3.6254883e+01
   1.0453795e+07   3.3569336e+01
   1.0456049e+07   3.7475586e+01
   1.0457287e+07   3.8574219e+01
   1.0459875e+07   3.3752441e+01
   1.0474010e+07   3.3325195e+01
   1.0475485e+07   4.0039062e+01
   1.0478933e+07   3.9001465e+01
   1.0480961e+07   3.7658691e+01
   1.0488001e+07   3.3508301e+01
   1.0490057e+07   3.9611816e+01
   1.0497325e+07   3.6193848e+01
   1.0501291e+07   3.5644531e+01
   1.0507915e+07   3.3996582e+01
   1.0511250e+07   3.8085938e+01
   1.0517758e+07   3.3508301e+01
   1.0518793e+07   3.4973145e+01
   1.0521065e+07   3.4118652e+01
   1.0524932e+07   3.5095215e+01
   1.0527062e+07   3.6865234e+01
   1.0538043e+07   3.4240723e+01
   1.0540567e+07   3.5034180e+01
   1.0542046e+07   3.3508301e+01
   1.0546322e+07   3.4240723e+01
   1.0546568e+07   3.6560059e+01
   1.0548426e+07   3.4606934e+01
   1.0555010e+07   3.3874512e+01
   1.0561798e+07   3.4118652e+01
   1.0570256e+07   3.3264160e+01
   1.0571718e+07   3.8818359e+01
   1.0574313e+07   3.5095215e+01
   1.0576829e+07   3.7109375e+01
   1.0578859e+07   3.9428711e+01
   1.0583756e+07   3.4423828e+01
   1.0587597e+07   4.1259766e+01
   1.0590433e+07   3.4729004e+01
   1.0597835e+07   3.3996582e+01
   1.0610994e+07   3.7414551e+01
   1.0613685e+07   3.3447266e+01
   1.0614722e+07   3.4667969e+01
   1.0618360e+07   3.9489746e+01
   1.0620857e+07   3.3874512e+01
   1.0629759e+07   3.8146973e+01
   1.0636644e+07   3.5766602e+01
   1.0641120e+07   3.6315918e+01
   1.0647599e+07   3.3813477e+01
   1.0653608e+07   3.6926270e+01
   1.0654938e+07   3.5766602e+01
   1.0657112e+07   4.2724609e+01
   1.0659066e+07   3.7841797e+01
   1.0663320e+07   3.5949707e+01
   1.0664059e+07   3.6010742e+01
   1.0668353e+07   3.4790039e+01
   1.0675022e+07   3.5034180e+01
   1.0676818e+07   3.6071777e+01
   1.0682546e+07   3.4545898e+01
   1.0683670e+07   3.3447266e+01
   1.0686648e+07   3.8024902e+01
   1.0692664e+07   3.6315918e+01
   1.0693411e+07   3.8146973e+01
   1.0699979e+07   3.4973145e+01
   1.0706774e+07   3.6499023e+01
   1.0707196e+07   3.4667969e+01
   1.0713067e+07   3.4301758e+01
   1.0715348e+07   3.5278320e+01
   1.0716440e+07   3.3874512e+01
   1.0721368e+07   3.3630371e+01
   1.0721794e+07   3.5461426e+01
   1.0726266e+07   3.5400391e+01
   1.0729010e+07   3.6376953e+01
   1.0730771e+07   3.3569336e+01
   1.0736133e+07   3.3325195e+01
   1.0739572e+07   3.4790039e+01
   1.0745285e+07   3.7902832e+01
   1.0746152e+07   3.4179688e+01
   1.0749676e+07   3.3752441e+01
   1.0754917e+07   3.4606934e+01
   1.0758758e+07   3.3447266e+01
   1.0762268e+07   4.0527344e+01
   1.0767648e+07   3.5461426e+01
   1.0774332e+07   3.7109375e+01
   1.0777880e+07   4.1442871e+01
   1.0783120e+07   3.5949707e+01
   1.0788103e+07   3.4790039e+01
   1.0788528e+07   3.4118652e+01
   1.0792674e+07   3.6865234e+01
   1.0795752e+07   3.3386230e+01
   1.0796690e+07   3.5217285e+01
   1.0800107e+07   3.5461426e+01
   1.0801325e+07   3.3935547e+01
   1.0809758e+07   3.3935547e+01
   1.0817794e+07   3.8757324e+01
   1.0820633e+07   3.8269043e+01
   1.0827966e+07   3.6499023e+01
   1.0837543e+07   3.7597656e+01
   1.0841992e+07   3.4729004e+01
   1.0843587e+07   3.3691406e+01
   1.0846399e+07   3.3996582e+01
   1.0851151e+07   3.5156250e+01
   1.0855678e+07   3.3996582e+01
   1.0857892e+07   3.4606934e+01
   1.0860278e+07   3.6804199e+01
   1.0874588e+07   3.4790039e+01
   1.0876609e+07   3.4057617e+01
   1.0880777e+07   3.5339355e+01
   1.0885339e+07   3.8574219e+01
   1.0887159e+07   3.4851074e+01
   1.0888397e+07   4.4494629e+01
   1.0889353e+07   3.3508301e+01
   1.0890795e+07   3.4362793e+01
   1.0897971e+07   3.3813477e+01
   1.0901474e+07   3.6376953e+01
   1.0901734e+07   3.3691406e+01
   1.0902554e+07   3.4057617e+01
   1.0904069e+07   3.5644531e+01
   1.0909175e+07   3.5095215e+01
   1.0910277e+07   3.3508301e+01
   1.0919635e+07   3.3386230e+01
   1.0922470e+07   4.0710449e+01
   1.0928195e+07   3.5034180e+01
   1.0929380e+07   3.3630371e+01
   1.0930036e+07   3.3508301e+01
   1.0933390e+07   3.3386230e+01
   1.0934854e+07   3.3325195e+01
   1.0935288e+07   3.3996582e+01
   1.0937935e+07   3.3935547e+01
   1.0942260e+07   3.4240723e+01
   1.0944730e+07   3.4118652e+01
   1.0945649e+07   3.7719727e+01
   1.0949835e+07   3.3630371e+01
   1.0955919e+07   3.4362793e+01
   1.0959371e+07   3.4973145e+01
   1.0963428e+07   3.4301758e+01
   1.0964163e+07   3.4790039e+01
   1.0968030e+07   3.3935547e+01
   1.0971313e+07   3.9550781e+01
   1.0971702e+07   3.7597656e+01
   1.0972946e+07   3.5461426e+01
   1.0979487e+07   3.6987305e+01
   1.0987273e+07   6.8176270e+01
   1.0991993e+07   3.4729004e+01
   1.0995177e+07   3.3874512e+01
   1.0997324e+07   3.4362793e+01
   1.1003803e+07   3.4851074e+01
   1.1004192e+07   3.4729004e+01
   1.1014769e+07   3.4179688e+01
   1.1019257e+07   4.1198730e+01
   1.1027546e+07   3.6560059e+01
   1.1029917e+07   3.5278320e+01
   1.1032228e+07   3.7170410e+01
   1.1035743e+07   3.6315918e+01
   1.1036437e+07   3.6437988e+01
   1.1037886e+07   3.5156250e+01
   1.1040532e+07   3.4179688e+01
   1.1046244e+07   3.3691406e+01
   1.1046700e+07   3.4301758e+01
   1.1051047e+07   3.4362793e+01
   1.1051841e+07   3.7231445e+01
   1.1055948e+07   3.8208008e+01
   1.1070789e+07   3.5583496e+01
   1.1076430e+07   3.3325195e+01
   1.1082109e+07   3.4545898e+01
   1.1083512e+07   3.7902832e+01
   1.1083954e+07   3.3752441e+01
   1.1085907e+07   3.4790039e+01
   1.1088873e+07   3.3996582e+01
   1.1093926e+07   3.6499023e+01
   1.1101960e+07   3.4729004e+01
   1.1117249e+07   3.4667969e+01
   1.1118313e+07   3.4240723e+01
   1.1126089e+07   3.4484863e+01
   1.1126918e+07   3.4667969e+01
   1.1127793e+07   3.8146973e+01
   1.1131537e+07   3.8391113e+01
   1.1134630e+07   3.5522461e+01
   1.1135735e+07   3.4912109e+01
   1.1140306e+07   3.6437988e+01
   1.1141330e+07   3.7475586e+01
   1.1142400e+07   3.4667969e+01
   1.1145344e+07   3.4973145e+01
   1.1149128e+07   4.0893555e+01
   1.1150746e+07   3.8208008e+01
   1.1154717e+07   3.3691406e+01
   1.1165364e+07   3.9733887e+01
   1.1168355e+07   3.3447266e+01
   1.1170854e+07   3.4362793e+01
   1.1171928e+07   3.6193848e+01
   1.1172975e+07   3.4057617e+01
   1.1177255e+07   3.9672852e+01
   1.1179308e+07   3.5705566e+01
   1.1181426e+07   3.5522461e+01
   1.1183322e+07   3.3813477e+01
   1.1185165e+07   3.7536621e+01
   1.1188255e+07   3.5095215e+01
   1.1189273e+07   3.5156250e+01
   1.1190683e+07   3.4851074e+01
   1.1195097e+07   3.8940430e+01
   1.1197356e+07   3.3630371e+01
   1.1198941e+07   3.5095215e+01
   1.1202208e+07   3.4301758e+01
   1.1207100e+07   3.3874512e+01
   1.1207970e+07   3.5583496e+01
   1.1215879e+07   3.4667969e+01
   1.1221907e+07   3.4790039e+01
   1.1241058e+07   3.7414551e+01
   1.1244446e+07   3.6254883e+01
   1.1251021e+07   3.5888672e+01
   1.1252790e+07   3.4545898e+01
   1.1258209e+07   3.4545898e+01
   1.1259526e+07   3.5339355e+01
   1.1268719e+07   3.8818359e+01
   1.1269523e+07   3.3508301e+01
   1.1271035e+07   3.5095215e+01
   1.1273814e+07   4.2236328e+01
   1.1275889e+07   3.4545898e+01
   1.1290131e+07   3.4851074e+01
   1.1291484e+07   3.6010742e+01
   1.1292512e+07   3.3691406e+01
   1.1296297e+07   3.6865234e+01
   1.1297009e+07   3.4484863e+01
   1.1298086e+07   3.5461426e+01
   1.1299191e+07   3.3386230e+01
   1.1299892e+07   3.8879395e+01
   1.1300748e+07   3.4362793e+01
   1.1305939e+07   3.4301758e+01
   1.1308949e+07   3.4362793e+01
   1.1311073e+07   3.4240723e+01
   1.1313940e+07   3.4118652e+01
   1.1321614e+07   3.6071777e+01
   1.1323312e+07   4.4921875e+01
   1.1324104e+07   3.4179688e+01
   1.1327203e+07   3.4057617e+01
   1.1329044e+07   3.4790039e+01
   1.1329714e+07   3.3630371e+01
   1.1335395e+07   3.5461426e+01
   1.1338444e+07   3.7048340e+01
   1.1343453e+07   3.6132812e+01
   1.1348581e+07   3.6376953e+01
   1.1349374e+07   3.4667969e+01
   1.1351182e+07   3.6193848e+01
   1.1358905e+07   3.4545898e+01
   1.1362363e+07   3.4179688e+01
   1.1372093e+07   3.3813477e+01
   1.1373609e+07   3.6987305e+01
   1.1377582e+07   3.5766602e+01
   1.1382261e+07   3.4301758e+01
   1.1384609e+07   3.3752441e+01
   1.1387963e+07   3.3874512e+01
   1.1390675e+07   3.4851074e+01
   1.1394203e+07   3.7902832e+01
   1.1395264e+07   3.3813477e+01
   1.1399967e+07   3.4973145e+01
   1.1403936e+07   3.4729004e+01
   1.1412542e+07   3.4179688e+01
   1.1415045e+07   3.4545898e+01
   1.1418340e+07   3.8452148e+01
   1.1418739e+07   3.3996582e+01
   1.1425455e+07   3.7597656e+01
   1.1426089e+07   3.4912109e+01
   1.1428386e+07   3.8940430e+01
   1.1434191e+07   3.6376953e+01
   1.1436069e+07   3.5034180e+01
   1.1441720e+07   3.5522461e+01
   1.1444057e+07   3.6315918e+01
   1.1445980e+07   3.3691406e+01
   1.1449268e+07   3.3874512e+01
   1.1453980e+07   3.3630371e+01
   1.1466055e+07   3.7536621e+01
   1.1468295e+07   3.7048340e+01
   1.1477165e+07   3.6071777e+01
   1.1483660e+07   3.7353516e+01
   1.1489433e+07   3.6376953e+01
   1.1494313e+07   3.3874512e+01
   1.1506261e+07   3.4179688e+01
   1.1509971e+07   3.3447266e+01
   1.1516865e+07   3.4667969e+01
   1.1519713e+07   3.5339355e+01
   1.1527450e+07   3.7414551e+01
   1.1531813e+07   3.4851074e+01
   1.1532575e+07   3.4301758e+01
   1.1534637e+07   4.3457031e+01
   1.1535322e+07   3.5095215e+01
   1.1542363e+07   3.6010742e+01
   1.1543640e+07   3.3874512e+01
   1.1545518e+07   3.5705566e+01
   1.1549677e+07   3.3630371e+01
   1.1550465e+07   3.3508301e+01
   1.1553511e+07   3.5644531e+01
   1.1556460e+07   3.5644531e+01
   1.1560478e+07   3.5095215e+01
   1.1565558e+07   3.3569336e+01
   1.1570458e+07   3.4423828e+01
   1.1572824e+07   3.5888672e+01
   1.1576225e+07   3.4057617e+01
   1.1580233e+07   3.5644531e+01
   1.1580592e+07   3.6865234e+01
   1.1581263e+07   3.5522461e+01
   1.1581912e+07   3.9489746e+01
   1.1589071e+07   3.5644531e+01
   1.1589865e+07   3.5461426e+01
   1.1596358e+07   3.5400391e+01
   1.1599712e+07   3.8635254e+01
   1.1600522e+07   3.4606934e+01
   1.1602102e+07   3.7597656e+01
   1.1615307e+07   3.5461426e+01
   1.1616541e+07   3.3630371e+01
   1.1623514e+07   3.4301758e+01
   1.1628139e+07   3.7170410e+01
   1.1630601e+07   3.3508301e+01
   1.1634277e+07   3.5705566e+01
   1.1637317e+07   3.4912109e+01
   1.1637761e+07   3.4118652e+01
   1.1645950e+07   3.3569336e+01
   1.1647673e+07   3.3508301e+01
   1.1648711e+07   3.4729004e+01
   1.1649433e+07   3.3508301e+01
   1.1650522e+07   3.6193848e+01
   1.1652550e+07   3.6010742e+01
   1.1661807e+07   3.3386230e+01
   1.1663172e+07   3.5461426e+01
   1.1666356e+07   3.5827637e+01
   1.1667361e+07   3.7658691e+01
   1.1670044e+07   3.5339355e+01
   1.1673622e+07   3.4484863e+01
   1.1675675e+07   3.6987305e+01
   1.1677033e+07   3.6804199e+01
   1.1677527e+07   3.7170410e+01
   1.1680691e+07   3.4423828e+01
   1.1683592e+07   3.6254883e+01
   1.1684435e+07   3.3935547e+01
   1.1689395e+07   4.0649414e+01
   1.1696597e+07   3.4790039e+01
   1.1699643e+07   3.3508301e+01
   1.1707593e+07   3.4851074e+01
   1.1713147e+07   3.7841797e+01
   1.1716080e+07   3.4606934e+01
   1.1721148e+07   3.3264160e+01
   1.1722530e+07   3.6437988e+01
   1.1723201e+07   3.7414551e+01
   1.1724507e+07   3.3935547e+01
   1.1728117e+07   3.3691406e+01
   1.1731416e+07   3.5888672e+01
   1.1732553e+07   3.5644531e+01
   1.1737534e+07   4.1442871e+01
   1.1739702e+07   3.3325195e+01
   1.1741773e+07   3.6071777e+01
   1.1746139e+07   3.6804199e+01
   1.1747359e+07   3.4912109e+01
   1.1749887e+07   3.5278320e+01
   1.1752835e+07   3.5400391e+01
   1.1755993e+07   3.3569336e+01
   1.1756183e+07   3.6071777e+01
   1.1759969e+07   3.6010742e+01
   1.1761722e+07   3.3386230e+01
   1.1762313e+07   3.4545898e+01
   1.1762872e+07   3.3813477e+01
   1.1775044e+07   3.4423828e+01
   1.1775987e+07   3.4362793e+01
   1.1779800e+07   3.3386230e+01
   1.1782127e+07   3.5400391e+01
   1.1782861e+07   3.3752441e+01
   1.1785681e+07   3.4362793e+01
   1.1788506e+07   3.4301758e+01
   1.1790256e+07   3.3325195e+01
   1.1791011e+07   3.5339355e+01
   1.1803349e+07   3.4790039e+01
   1.1804113e+07   3.3386230e+01
   1.1804645e+07   3.4851074e+01
   1.1805615e+07   3.7170410e+01
   1.1807120e+07   3.5095215e+01
   1.1812890e+07   3.8024902e+01
   1.1815467e+07   3.3386230e+01
   1.1820015e+07   3.8940430e+01
   1.1828956e+07   3.4118652e+01
   1.1831034e+07   3.3996582e+01
   1.1833682e+07   3.3752441e+01
   1.1836337e+07   3.6987305e+01
   1.1838076e+07   3.4667969e+01
   1.1843261e+07   3.5827637e+01
   1.1850878e+07   4.2724609e+01
   1.1860597e+07   3.8696289e+01
   1.1867727e+07   3.7109375e+01
   1.1869608e+07   3.3752441e+01
   1.1871510e+07   3.7109375e+01
   1.1878497e+07   3.6560059e+01
   1.1880576e+07   3.4301758e+01
   1.1895515e+07   3.8940430e+01
   1.1900440e+07   3.5217285e+01
   1.1901910e+07   3.5156250e+01
   1.1912320e+07   3.3691406e+01
   1.1915756e+07   3.4484863e+01
   1.1918650e+07   3.3264160e+01
   1.1924477e+07   3.3813477e+01
   1.1926999e+07   3.4423828e+01
   1.1934118e+07   3.9306641e+01
   1.1935338e+07   3.4790039e+01
   1.1936230e+07   3.3569336e+01
   1.1936912e+07   3.4362793e+01
   1.1939755e+07   3.3630371e+01
   1.1943647e+07   3.4301758e+01
   1.1953796e+07   3.3508301e+01
   1.1955966e+07   3.3935547e+01
   1.1964221e+07   3.3874512e+01
   1.1965783e+07   3.3691406e+01
   1.1968674e+07   3.4118652e+01
   1.1975627e+07   3.8635254e+01
   1.1976528e+07   3.6499023e+01
   1.1977556e+07   3.3874512e+01
   1.1980267e+07   3.3630371e+01
   1.1981194e+07   3.3569336e+01
   1.1982236e+07   3.7658691e+01
   1.1984020e+07   3.3691406e+01
   1.1984780e+07   3.4301758e+01
   1.1986326e+07   3.3508301e+01
   1.1994971e+07   3.4240723e+01
