   1.1996000e+07   0.0000000e+00
   6.9829000e+04   3.6437988e+01
   6.9869000e+04   3.7780762e+01
   6.9996000e+04   3.8879395e+01
   7.0051000e+04   4.6508789e+01
   7.0062000e+04   4.4921875e+01
   7.0091000e+04   4.7546387e+01
   7.0144000e+04   4.7485352e+01
   7.0208000e+04   3.7597656e+01
   7.0361000e+04   5.5175781e+01
   7.0388000e+04   3.8940430e+01
   7.0695000e+04   3.6804199e+01
   7.0976000e+04   4.9133301e+01
   1.2933600e+05   3.7414551e+01
   1.2951100e+05   4.3334961e+01
   1.2966500e+05   4.0405273e+01
   1.2973000e+05   3.6437988e+01
   1.2983200e+05   4.4433594e+01
   1.2998000e+05   4.1320801e+01
   1.3023700e+05   3.8269043e+01
   1.3074400e+05   3.7048340e+01
   1.3100200e+05   4.8583984e+01
   1.6268500e+05   3.6865234e+01
   1.8391700e+05   3.8269043e+01
   1.8398500e+05   3.6865234e+01
   3.0709400e+05   3.6804199e+01
   3.2760600e+05   4.1687012e+01
   3.2762100e+05   4.0405273e+01
   3.2766500e+05   5.3222656e+01
   3.2774800e+05   4.1198730e+01
   3.2779300e+05   3.9001465e+01
   3.2783600e+05   3.6682129e+01
   3.2785000e+05   5.0048828e+01
   3.2791900e+05   4.2419434e+01
   3.2800900e+05   4.9194336e+01
   3.2808300e+05   5.8837891e+01
   3.2810200e+05   3.9001465e+01
   3.2819800e+05   4.2053223e+01
   3.2821500e+05   5.1757812e+01
   3.2825500e+05   3.8879395e+01
   4.3269900e+05   4.2297363e+01
   4.3284500e+05   5.0964355e+01
   4.3290900e+05   4.1320801e+01
   4.3292200e+05   9.2895508e+01
   4.3293400e+05   4.3090820e+01
   4.3298400e+05   4.3395996e+01
   4.3299600e+05   6.0485840e+01
   4.3302600e+05   7.0312500e+01
   4.3306100e+05   4.8278809e+01
   4.3307800e+05   6.2622070e+01
   4.3309000e+05   4.5227051e+01
   4.3312200e+05   3.8208008e+01
   4.3313800e+05   5.3466797e+01
   4.3315600e+05   4.2053223e+01
   4.3317200e+05   5.1940918e+01
   4.3319000e+05   5.6396484e+01
   4.3322300e+05   4.0527344e+01
   4.3323500e+05   4.4738770e+01
   4.3325900e+05   3.6376953e+01
   4.3329300e+05   3.8452148e+01
   4.3331800e+05   4.3945312e+01
   4.3336600e+05   4.6447754e+01
   4.3338300e+05   4.4250488e+01
   4.3342500e+05   4.4433594e+01
   4.4241600e+05   4.1748047e+01
   4.4244200e+05   1.1773682e+02
   4.4247100e+05   5.7006836e+01
   4.4248600e+05   6.8603516e+01
   4.4251200e+05   5.6335449e+01
   4.4252600e+05   6.0607910e+01
   4.4257100e+05   7.8552246e+01
   4.4258400e+05   5.2062988e+01
   4.4259400e+05   5.5114746e+01
   4.4262600e+05   7.4829102e+01
   4.4263600e+05   6.0302734e+01
   4.4266500e+05   4.8645020e+01
   4.4269000e+05   5.3649902e+01
   4.4271900e+05   5.1940918e+01
   4.4278400e+05   3.8085938e+01
   4.4280800e+05   4.4006348e+01
   4.4283000e+05   5.1269531e+01
   4.4287900e+05   5.5297852e+01
   4.4295600e+05   4.1564941e+01
   4.4302300e+05   3.8085938e+01
   4.4308700e+05   3.7170410e+01
   4.4313100e+05   5.1940918e+01
   4.4314500e+05   3.9245605e+01
   4.4326700e+05   4.0832520e+01
   4.4329200e+05   4.0832520e+01
   4.4333700e+05   4.2236328e+01
   4.4361800e+05   4.1320801e+01
   4.4373000e+05   3.6376953e+01
   4.4396400e+05   3.7902832e+01
   4.4400400e+05   5.1025391e+01
   4.4404400e+05   4.3151855e+01
   4.4437800e+05   6.1889648e+01
   4.4464500e+05   3.9184570e+01
   4.4588700e+05   3.7658691e+01
   4.5831300e+05   3.7902832e+01
   4.5882800e+05   3.7475586e+01
   4.5889500e+05   4.3945312e+01
   4.5890800e+05   4.0100098e+01
   4.5897200e+05   4.1137695e+01
   4.5901000e+05   3.7353516e+01
   4.5905200e+05   3.8940430e+01
   4.5908200e+05   7.7392578e+01
   4.5911400e+05   5.0842285e+01
   4.5915500e+05   7.1655273e+01
   4.5917500e+05   4.2175293e+01
   4.5920600e+05   6.0119629e+01
   4.5924100e+05   5.8837891e+01
   4.5925400e+05   4.6997070e+01
   4.5928300e+05   4.8461914e+01
   4.5930100e+05   4.0039062e+01
   4.5933500e+05   5.5725098e+01
   4.5936200e+05   4.8522949e+01
   4.5938600e+05   5.5969238e+01
   4.5942000e+05   4.9987793e+01
   4.5943900e+05   4.3395996e+01
   4.5944900e+05   4.4372559e+01
   4.5946200e+05   4.4555664e+01
   4.5948200e+05   3.8940430e+01
   4.5951200e+05   4.5715332e+01
   4.5952900e+05   4.7607422e+01
   4.5954000e+05   5.3161621e+01
   4.5957500e+05   3.9245605e+01
   4.5958700e+05   3.8452148e+01
   4.5960000e+05   3.6926270e+01
   4.5967600e+05   4.7973633e+01
   4.5989100e+05   4.7363281e+01
   4.6017900e+05   4.0710449e+01
   4.6019200e+05   3.8330078e+01
   4.6021400e+05   4.0588379e+01
   4.6027200e+05   3.7414551e+01
   4.6029900e+05   4.5959473e+01
   4.6032800e+05   3.7658691e+01
   4.6044000e+05   3.7780762e+01
   4.6045000e+05   4.4311523e+01
   4.6054200e+05   4.0466309e+01
   4.6098100e+05   4.2419434e+01
   4.6118300e+05   4.9621582e+01
   5.8049100e+05   4.1625977e+01
   5.8050300e+05   7.5378418e+01
   5.8052300e+05   8.4716797e+01
   5.8054500e+05   7.0312500e+01
   5.8056500e+05   4.7851562e+01
   5.8058400e+05   6.9519043e+01
   5.8060100e+05   4.3273926e+01
   5.8062700e+05   4.5166016e+01
   5.8063700e+05   5.9326172e+01
   5.8065600e+05   4.1809082e+01
   5.8067000e+05   4.0039062e+01
   5.8069100e+05   4.4921875e+01
   5.8070800e+05   3.8085938e+01
   5.8073600e+05   4.9255371e+01
   5.8076600e+05   4.8034668e+01
   5.8077700e+05   5.2978516e+01
   5.8080000e+05   3.8757324e+01
   5.8082000e+05   3.7719727e+01
   5.8084600e+05   4.2053223e+01
   5.8089700e+05   6.7016602e+01
   5.8091900e+05   4.9377441e+01
   5.8095000e+05   3.6621094e+01
   5.8097600e+05   6.7687988e+01
   5.8107400e+05   4.2541504e+01
   5.8110500e+05   4.8950195e+01
   5.8122300e+05   3.8208008e+01
   5.8139600e+05   4.0039062e+01
   5.8141400e+05   6.5551758e+01
   5.8174400e+05   3.7292480e+01
   5.8192500e+05   3.7597656e+01
   5.8250900e+05   3.7048340e+01
   5.8273600e+05   3.9184570e+01
   5.9990200e+05   3.8024902e+01
   6.0044800e+05   4.1320801e+01
   6.0051300e+05   4.6386719e+01
   6.0054800e+05   4.6508789e+01
   6.0056700e+05   4.4555664e+01
   6.0058400e+05   9.2407227e+01
   6.0061600e+05   7.6721191e+01
   6.0062800e+05   1.2530518e+02
   6.0066500e+05   7.2875977e+01
   6.0068700e+05   5.9448242e+01
   6.0070000e+05   4.7058105e+01
   6.0072200e+05   4.3212891e+01
   6.0074100e+05   5.7128906e+01
   6.0075400e+05   4.5837402e+01
   6.0076400e+05   5.8288574e+01
   6.0078600e+05   5.2246094e+01
   6.0081100e+05   3.7658691e+01
   6.0083800e+05   4.5288086e+01
   6.0084800e+05   5.1574707e+01
   6.0086300e+05   3.7597656e+01
   6.0092200e+05   4.2236328e+01
   6.0096300e+05   4.2907715e+01
   6.0097300e+05   3.8940430e+01
   6.0100500e+05   6.8054199e+01
   6.0101700e+05   4.1137695e+01
   6.0102800e+05   3.6865234e+01
   6.0106800e+05   3.9489746e+01
   6.0116500e+05   3.8024902e+01
   6.0119800e+05   4.6875000e+01
   6.0122500e+05   4.0588379e+01
   6.0124700e+05   4.0222168e+01
   6.0131300e+05   4.0771484e+01
   6.0138400e+05   3.7597656e+01
   6.0147900e+05   3.8940430e+01
   6.0159800e+05   3.6682129e+01
   6.0165800e+05   4.1015625e+01
   6.0169400e+05   3.9123535e+01
   6.0191700e+05   3.8330078e+01
   6.0203500e+05   4.0832520e+01
   6.0215900e+05   5.9143066e+01
   6.6793000e+05   3.9428711e+01
   6.7156500e+05   4.2724609e+01
   6.7187600e+05   5.0598145e+01
   6.7198500e+05   3.7536621e+01
   6.7206200e+05   6.9946289e+01
   6.7207400e+05   3.6926270e+01
   6.7208900e+05   4.9377441e+01
   6.7209900e+05   4.0405273e+01
   6.7211900e+05   7.1716309e+01
   6.7213600e+05   4.7607422e+01
   6.7215400e+05   4.0832520e+01
   6.7217700e+05   5.6457520e+01
   6.7219000e+05   4.7851562e+01
   6.7222300e+05   5.4626465e+01
   6.7225300e+05   5.9082031e+01
   6.7226300e+05   6.3720703e+01
   6.7229200e+05   5.4321289e+01
   6.7233900e+05   3.9550781e+01
   6.7235300e+05   3.8696289e+01
   6.7237700e+05   4.1687012e+01
   6.7239700e+05   3.9978027e+01
   6.7241200e+05   4.8461914e+01
   6.7244500e+05   4.0466309e+01
   6.7262800e+05   5.0537109e+01
   6.7269900e+05   4.1564941e+01
   6.7273900e+05   4.0344238e+01
   6.7280700e+05   3.9611816e+01
   6.7283700e+05   3.7231445e+01
   6.7286000e+05   3.8391113e+01
   6.7287000e+05   4.0588379e+01
   6.7294200e+05   3.7353516e+01
   6.7305100e+05   4.6997070e+01
   6.7323500e+05   4.1442871e+01
   6.7327700e+05   3.9306641e+01
   6.7330300e+05   3.9489746e+01
   6.7361900e+05   4.1564941e+01
   6.7437700e+05   3.8574219e+01
   8.0341600e+05   5.1940918e+01
   8.0357000e+05   4.1076660e+01
   8.0365700e+05   3.8574219e+01
   8.0382400e+05   4.2602539e+01
   8.0399100e+05   3.6499023e+01
   9.6039400e+05   5.9570312e+01
   9.6050700e+05   8.4960938e+01
   9.6055300e+05   4.2907715e+01
   9.6058200e+05   1.0675049e+02
   9.6060500e+05   5.3222656e+01
   9.6063200e+05   5.3771973e+01
   9.6064300e+05   5.5114746e+01
   9.6066500e+05   5.7800293e+01
   9.6068300e+05   5.8776855e+01
   9.6069800e+05   5.3222656e+01
   9.6072600e+05   3.9367676e+01
   9.6074500e+05   4.4250488e+01
   9.6077200e+05   6.6040039e+01
   9.6078300e+05   3.6560059e+01
   9.6085600e+05   3.8635254e+01
   9.6091300e+05   3.7475586e+01
   9.6096100e+05   6.0180664e+01
   9.6102300e+05   4.5288086e+01
   9.6915900e+05   3.6621094e+01
   9.8017300e+05   3.9001465e+01
   1.0326210e+06   3.6499023e+01
   1.0326580e+06   5.5297852e+01
   1.0328150e+06   4.1320801e+01
   1.0331380e+06   3.6560059e+01
   1.1185800e+06   3.7841797e+01
   1.1186500e+06   5.5664062e+01
   1.1187550e+06   3.6437988e+01
   1.1188480e+06   4.3334961e+01
   1.1192350e+06   3.8818359e+01
   1.1193980e+06   4.7668457e+01
   1.1722450e+06   3.8879395e+01
   1.1728310e+06   3.7841797e+01
   1.1783200e+06   4.1564941e+01
   1.1783580e+06   5.2001953e+01
   1.1784460e+06   3.8696289e+01
   1.1785380e+06   3.8330078e+01
   1.1786960e+06   4.6386719e+01
   1.1787080e+06   4.9987793e+01
   1.1787770e+06   5.7678223e+01
   1.1790070e+06   3.6499023e+01
   1.2525320e+06   9.5520020e+01
   1.2525460e+06   5.6030273e+01
   1.2525650e+06   8.9477539e+01
   1.2525820e+06   4.8156738e+01
   1.2526130e+06   5.0476074e+01
   1.2526350e+06   5.3222656e+01
   1.2526570e+06   4.5104980e+01
   1.2526730e+06   4.3823242e+01
   1.2526850e+06   4.8583984e+01
   1.2527220e+06   4.3273926e+01
   1.2527470e+06   5.0720215e+01
   1.2527650e+06   4.3518066e+01
   1.2527890e+06   4.1320801e+01
   1.2528170e+06   4.1442871e+01
   1.2528610e+06   3.7475586e+01
   1.2528900e+06   7.0068359e+01
   1.2529200e+06   4.6813965e+01
   1.2529930e+06   3.9001465e+01
   1.2530400e+06   4.2785645e+01
   1.2530670e+06   3.9672852e+01
   1.2531130e+06   3.9001465e+01
   1.2533120e+06   4.2053223e+01
   1.2623610e+06   3.9855957e+01
   1.2634500e+06   5.0720215e+01
   1.2634800e+06   4.7241211e+01
   1.2635300e+06   3.8818359e+01
   1.2635730e+06   6.1157227e+01
   1.2635900e+06   4.7180176e+01
   1.2636110e+06   3.7780762e+01
   1.2636420e+06   8.6608887e+01
   1.2636770e+06   4.7546387e+01
   1.2636950e+06   1.1492920e+02
   1.2637080e+06   5.1208496e+01
   1.2637460e+06   4.5471191e+01
   1.2637620e+06   5.6274414e+01
   1.2637900e+06   6.7260742e+01
   1.2638010e+06   5.0903320e+01
   1.2638290e+06   4.1503906e+01
   1.2638540e+06   4.7668457e+01
   1.2638960e+06   4.2175293e+01
   1.2639270e+06   4.9072266e+01
   1.2639550e+06   5.1574707e+01
   1.2640070e+06   3.7902832e+01
   1.2640420e+06   3.7780762e+01
   1.2640630e+06   3.8269043e+01
   1.2640790e+06   3.6437988e+01
   1.2641200e+06   3.8940430e+01
   1.2641450e+06   6.2805176e+01
   1.2642030e+06   4.0344238e+01
   1.2642320e+06   4.5715332e+01
   1.2642570e+06   3.8818359e+01
   1.2643130e+06   4.2480469e+01
   1.2643670e+06   4.2175293e+01
   1.2643960e+06   4.1870117e+01
   1.2644420e+06   3.9794922e+01
   1.2644680e+06   5.5969238e+01
   1.2644840e+06   3.8513184e+01
   1.2645130e+06   5.0720215e+01
   1.2646100e+06   3.8391113e+01
   1.2646330e+06   3.6743164e+01
   1.2647440e+06   4.0222168e+01
   1.2648840e+06   3.8635254e+01
   1.2649390e+06   3.9733887e+01
   1.2650770e+06   3.8330078e+01
   1.2663030e+06   5.0109863e+01
   1.3897840e+06   4.9499512e+01
   1.3899860e+06   4.8583984e+01
   1.3901000e+06   3.9184570e+01
   1.3907140e+06   3.9611816e+01
   1.4373430e+06   4.1198730e+01
   1.4374600e+06   3.8391113e+01
   1.4375590e+06   4.6875000e+01
   1.4384090e+06   4.0588379e+01
   1.4385070e+06   3.9123535e+01
   1.4773560e+06   5.7495117e+01
   1.4776340e+06   4.6630859e+01
   1.5208580e+06   3.6926270e+01
   1.5208850e+06   3.7048340e+01
   1.5209400e+06   3.9001465e+01
   1.5210310e+06   3.7963867e+01
   1.5210590e+06   4.8950195e+01
   1.5211820e+06   3.8879395e+01
   1.5212400e+06   4.3457031e+01
   1.5213170e+06   5.3222656e+01
   1.5214190e+06   4.3395996e+01
   1.5214850e+06   4.1015625e+01
   1.5215940e+06   3.6743164e+01
   1.5404790e+06   4.6752930e+01
   1.5408620e+06   3.6621094e+01
   1.5865450e+06   5.0964355e+01
   1.5866070e+06   4.5104980e+01
   1.5873480e+06   3.8208008e+01
   1.5940560e+06   4.5227051e+01
   1.5941930e+06   6.1706543e+01
   1.5942840e+06   5.3283691e+01
   1.5943710e+06   3.7475586e+01
   1.5944130e+06   4.0527344e+01
   1.5944450e+06   3.8818359e+01
   1.5949060e+06   3.8085938e+01
   1.5954690e+06   3.6499023e+01
   1.6472510e+06   3.7048340e+01
   1.6539170e+06   3.6987305e+01
   1.6975380e+06   3.8085938e+01
   1.6979890e+06   3.8391113e+01
   1.7286200e+06   4.0954590e+01
   1.7290350e+06   4.3579102e+01
   1.7711200e+06   3.8024902e+01
   1.7717970e+06   4.8645020e+01
   1.7724730e+06   4.0161133e+01
   1.7820790e+06   3.6499023e+01
   1.7822710e+06   3.8574219e+01
   1.7823870e+06   8.8256836e+01
   1.7824610e+06   3.7414551e+01
   1.7825250e+06   4.5288086e+01
   1.7825500e+06   3.7414551e+01
   1.7826460e+06   3.7719727e+01
   1.8208770e+06   3.6865234e+01
   1.8211410e+06   3.6743164e+01
   1.8212150e+06   3.7231445e+01
   1.8613170e+06   4.5166016e+01
   1.8613540e+06   3.8818359e+01
   1.8614030e+06   3.7231445e+01
   1.8615190e+06   4.2785645e+01
   1.8870100e+06   3.9123535e+01
   1.8883250e+06   3.6987305e+01
   1.8888150e+06   3.7658691e+01
   1.8888500e+06   3.6376953e+01
   1.8892120e+06   3.9001465e+01
   1.8893040e+06   3.7658691e+01
   1.9507000e+06   3.9916992e+01
   1.9512810e+06   4.4433594e+01
   1.9513860e+06   4.9804688e+01
   1.9793460e+06   3.8879395e+01
   1.9877710e+06   3.8635254e+01
   1.9880710e+06   3.8574219e+01
   1.9970870e+06   4.7668457e+01
   1.9971830e+06   5.6274414e+01
   1.9976460e+06   4.2236328e+01
   2.0083700e+06   3.8330078e+01
   2.0344930e+06   3.8024902e+01
   2.0347710e+06   4.4555664e+01
   2.0347950e+06   4.5837402e+01
   2.0897610e+06   3.7597656e+01
   2.0902360e+06   4.3090820e+01
   2.0902500e+06   4.2419434e+01
   2.1323560e+06   3.6376953e+01
   2.1324720e+06   3.9794922e+01
   2.1332670e+06   3.9306641e+01
   2.1744870e+06   3.6743164e+01
   2.2032400e+06   3.6865234e+01
   2.2038950e+06   5.4626465e+01
   2.2039240e+06   3.9489746e+01
   2.2135300e+06   3.8452148e+01
   2.2136610e+06   4.7302246e+01
   2.2136970e+06   4.4494629e+01
   2.2137750e+06   3.6621094e+01
   2.2138400e+06   5.2429199e+01
   2.2138570e+06   3.9123535e+01
   2.2139530e+06   4.1748047e+01
   2.2139700e+06   3.7597656e+01
   2.2140360e+06   3.7475586e+01
   2.2141640e+06   4.3334961e+01
   2.2144730e+06   3.7170410e+01
   2.2590780e+06   4.6264648e+01
   2.2595740e+06   3.6682129e+01
   2.2864890e+06   3.7414551e+01
   2.2865020e+06   4.0344238e+01
   2.3069540e+06   3.8024902e+01
   2.3073480e+06   3.9794922e+01
   2.3075290e+06   5.0903320e+01
   2.3289350e+06   4.0161133e+01
   2.3289880e+06   3.7780762e+01
   2.3291750e+06   4.1198730e+01
   2.3291970e+06   4.4067383e+01
   2.3704000e+06   3.8574219e+01
   2.3706080e+06   4.5288086e+01
   2.3791250e+06   3.8757324e+01
   2.3791860e+06   4.0222168e+01
   2.4140420e+06   4.3090820e+01
   2.4149750e+06   3.8635254e+01
   2.4152450e+06   3.6743164e+01
   2.4152560e+06   4.0771484e+01
   2.4155060e+06   5.2856445e+01
   2.4155280e+06   4.8339844e+01
   2.4157090e+06   4.2053223e+01
   2.4158070e+06   3.7353516e+01
   2.4159410e+06   3.8085938e+01
   2.5254990e+06   5.0292969e+01
   2.5255520e+06   3.8391113e+01
   2.5255770e+06   8.7890625e+01
   2.5256170e+06   4.1442871e+01
   2.5256450e+06   4.2602539e+01
   2.5256590e+06   7.8369141e+01
   2.5256770e+06   7.5927734e+01
   2.5257090e+06   7.9345703e+01
   2.5257190e+06   5.1818848e+01
   2.5257460e+06   4.9743652e+01
   2.5257730e+06   4.1320801e+01
   2.5257880e+06   6.9030762e+01
   2.5258130e+06   5.7495117e+01
   2.5258300e+06   4.9682617e+01
   2.5258640e+06   6.7016602e+01
   2.5258910e+06   5.6823730e+01
   2.5259120e+06   4.9316406e+01
   2.5259350e+06   4.6325684e+01
   2.5259590e+06   4.5776367e+01
   2.5259820e+06   4.5837402e+01
   2.5260270e+06   4.2846680e+01
   2.5260560e+06   4.1687012e+01
   2.5260880e+06   3.8513184e+01
   2.5261520e+06   3.7963867e+01
   2.5261620e+06   4.2053223e+01
   2.5262080e+06   3.7170410e+01
   2.5262790e+06   3.8696289e+01
   2.5263600e+06   3.9855957e+01
   2.5365460e+06   3.7292480e+01
   2.5366010e+06   3.6987305e+01
   2.5366330e+06   3.9672852e+01
   2.5366590e+06   6.7565918e+01
   2.5366690e+06   7.1777344e+01
   2.5366990e+06   6.4880371e+01
   2.5367210e+06   5.6457520e+01
   2.5367410e+06   7.9528809e+01
   2.5367540e+06   5.9753418e+01
   2.5367650e+06   6.1950684e+01
   2.5367790e+06   3.8574219e+01
   2.5367950e+06   3.8208008e+01
   2.5368140e+06   3.9001465e+01
   2.5368390e+06   4.6325684e+01
   2.5368630e+06   4.3823242e+01
   2.5368890e+06   4.8339844e+01
   2.5369100e+06   4.4616699e+01
   2.5369280e+06   4.7302246e+01
   2.5369680e+06   4.6264648e+01
   2.5369780e+06   4.0771484e+01
   2.5370030e+06   4.3273926e+01
   2.5370140e+06   3.7109375e+01
   2.5370530e+06   3.7658691e+01
   2.5370640e+06   4.3701172e+01
   2.5371210e+06   3.8269043e+01
   2.5373270e+06   4.6508789e+01
   2.5373590e+06   4.0527344e+01
   2.5374250e+06   3.9184570e+01
   2.5375560e+06   3.8391113e+01
   2.5375910e+06   4.9316406e+01
   2.5376230e+06   5.3100586e+01
   2.5376940e+06   3.6743164e+01
   2.5377400e+06   4.6936035e+01
   2.5378100e+06   4.2480469e+01
   2.5379580e+06   3.9672852e+01
   2.5380430e+06   3.7902832e+01
   2.5380630e+06   3.6437988e+01
   2.5382470e+06   4.6691895e+01
   2.5384500e+06   3.8757324e+01
   2.5390210e+06   5.3955078e+01
   2.5396200e+06   3.8146973e+01
   2.5397460e+06   3.8208008e+01
   2.5403710e+06   3.7170410e+01
   2.5407990e+06   3.7231445e+01
   2.5427350e+06   4.0100098e+01
   2.5437160e+06   4.8950195e+01
   2.5437500e+06   4.8645020e+01
   2.5438090e+06   3.7109375e+01
   2.5440760e+06   5.0048828e+01
   2.5441770e+06   4.3518066e+01
   2.5442470e+06   4.5104980e+01
   2.5443390e+06   4.2297363e+01
   2.5444380e+06   4.0588379e+01
   2.5446240e+06   3.7414551e+01
   2.5449910e+06   4.4250488e+01
   2.5452340e+06   3.9123535e+01
   2.5457790e+06   3.7292480e+01
   2.5462670e+06   3.8391113e+01
   2.5466990e+06   3.7841797e+01
   2.5545870e+06   7.0678711e+01
   2.5546030e+06   3.8757324e+01
   2.5546270e+06   3.8879395e+01
   2.5546420e+06   4.9682617e+01
   2.5546740e+06   4.6813965e+01
   2.5547020e+06   4.3151855e+01
   2.5547320e+06   8.4838867e+01
   2.5547480e+06   5.2307129e+01
   2.5547810e+06   5.0109863e+01
   2.5548060e+06   6.0058594e+01
   2.5548370e+06   6.9580078e+01
   2.5548640e+06   6.7443848e+01
   2.5548740e+06   5.1147461e+01
   2.5549070e+06   6.2683105e+01
   2.5549240e+06   4.8583984e+01
   2.5549450e+06   5.0903320e+01
   2.5549590e+06   5.6457520e+01
   2.5549840e+06   5.0476074e+01
   2.5550190e+06   5.1818848e+01
   2.5550320e+06   5.6823730e+01
   2.5550620e+06   3.8085938e+01
   2.5550820e+06   5.1025391e+01
   2.5550930e+06   4.3029785e+01
   2.5551170e+06   4.7485352e+01
   2.5551610e+06   4.0832520e+01
   2.5552050e+06   3.7048340e+01
   2.5552930e+06   4.2663574e+01
   2.5553300e+06   5.3955078e+01
   2.5553430e+06   4.0405273e+01
   2.5553930e+06   3.9184570e+01
   2.5554810e+06   4.4250488e+01
   2.5555370e+06   3.9367676e+01
   2.5556860e+06   4.1870117e+01
   2.5557820e+06   3.8696289e+01
   2.5557940e+06   4.2114258e+01
   2.5562210e+06   3.8452148e+01
   2.5562820e+06   3.6376953e+01
   2.5563100e+06   3.6621094e+01
   2.5564280e+06   4.2236328e+01
   2.5565540e+06   4.0710449e+01
   2.5576680e+06   3.7170410e+01
   2.5655590e+06   4.4433594e+01
   2.5656410e+06   5.5419922e+01
   2.5656720e+06   3.7719727e+01
   2.5657490e+06   5.3405762e+01
   2.5657680e+06   3.6987305e+01
   2.5657990e+06   4.8034668e+01
   2.5658370e+06   4.8828125e+01
   2.5658560e+06   5.0048828e+01
   2.5658830e+06   5.0231934e+01
   2.5659080e+06   6.9641113e+01
   2.5659390e+06   4.4799805e+01
   2.5659560e+06   4.0466309e+01
   2.5659740e+06   3.7353516e+01
   2.5660140e+06   4.7973633e+01
   2.5660390e+06   4.4860840e+01
   2.5660630e+06   3.8024902e+01
   2.5660780e+06   4.2541504e+01
   2.5660970e+06   5.5908203e+01
   2.5661380e+06   4.4128418e+01
   2.5661490e+06   4.7790527e+01
   2.5661590e+06   3.6560059e+01
   2.5661920e+06   5.0170898e+01
   2.5662230e+06   5.5236816e+01
   2.5662470e+06   4.4799805e+01
   2.5662850e+06   4.4006348e+01
   2.5663010e+06   3.8757324e+01
   2.5663360e+06   4.0588379e+01
   2.5663540e+06   4.5593262e+01
   2.5663690e+06   5.0048828e+01
   2.5664060e+06   3.6926270e+01
   2.5664160e+06   4.0222168e+01
   2.5664730e+06   3.9184570e+01
   2.5665110e+06   4.0405273e+01
   2.5666060e+06   3.7597656e+01
   2.5666860e+06   4.2724609e+01
   2.5668110e+06   3.8330078e+01
   2.5674910e+06   4.6508789e+01
   2.5677370e+06   3.8330078e+01
   2.5679820e+06   3.9611816e+01
   2.5698090e+06   4.4006348e+01
   2.5768640e+06   3.7841797e+01
   2.5769530e+06   3.7597656e+01
   2.5770320e+06   4.4738770e+01
   2.5770950e+06   4.3090820e+01
   2.5771200e+06   4.2663574e+01
   2.5771840e+06   4.1320801e+01
   2.5771960e+06   9.4543457e+01
   2.5772230e+06   5.1025391e+01
   2.5772700e+06   8.8073730e+01
   2.5772820e+06   4.4189453e+01
   2.5773070e+06   3.7841797e+01
   2.5773320e+06   3.9123535e+01
   2.5773690e+06   4.0100098e+01
   2.5773860e+06   4.7729492e+01
   2.5774010e+06   5.0048828e+01
   2.5774470e+06   3.8330078e+01
   2.5774680e+06   5.8715820e+01
   2.5775150e+06   3.9916992e+01
   2.5775310e+06   3.9367676e+01
   2.5775570e+06   4.0466309e+01
   2.5775780e+06   4.8095703e+01
   2.5776290e+06   3.7475586e+01
   2.5776410e+06   5.7434082e+01
   2.5776640e+06   4.2846680e+01
   2.5776900e+06   3.6743164e+01
   2.5777080e+06   4.9926758e+01
   2.5777270e+06   3.8940430e+01
   2.5777440e+06   3.7414551e+01
   2.5777730e+06   3.9672852e+01
   2.5778240e+06   3.7902832e+01
   2.5779160e+06   3.6621094e+01
   2.5779900e+06   4.1503906e+01
   2.5780840e+06   3.9978027e+01
   2.5781140e+06   4.0527344e+01
   2.5786450e+06   4.1198730e+01
   2.5817180e+06   3.6437988e+01
   2.5867720e+06   3.9428711e+01
   2.5869300e+06   4.1503906e+01
   2.5871930e+06   4.7485352e+01
   2.5876930e+06   3.7597656e+01
   2.5931100e+06   4.9560547e+01
   2.5931280e+06   3.7170410e+01
   2.5933670e+06   4.1931152e+01
   2.5934000e+06   3.6682129e+01
   2.5934460e+06   3.9428711e+01
   2.5935590e+06   4.6325684e+01
   2.5935820e+06   3.6926270e+01
   2.5936210e+06   4.2541504e+01
   2.5938110e+06   4.1076660e+01
   2.5938260e+06   3.7231445e+01
   2.5939470e+06   3.9123535e+01
   2.5982870e+06   4.6630859e+01
   2.5983470e+06   4.1259766e+01
   2.5984590e+06   4.2114258e+01
   2.5984780e+06   3.9611816e+01
   2.5985090e+06   4.7668457e+01
   2.5986280e+06   3.9550781e+01
   2.5986620e+06   4.2846680e+01
   2.5987740e+06   4.0771484e+01
   2.5988770e+06   4.2114258e+01
   2.5991760e+06   4.2419434e+01
   2.5993120e+06   4.2602539e+01
   2.5993520e+06   8.3129883e+01
   2.5993620e+06   3.6865234e+01
   2.5993880e+06   5.1757812e+01
   2.5994060e+06   6.3781738e+01
   2.5994260e+06   4.2907715e+01
   2.5994490e+06   5.7373047e+01
   2.5995010e+06   4.6752930e+01
   2.5995190e+06   5.3161621e+01
   2.5995340e+06   5.1879883e+01
   2.5995520e+06   5.8776855e+01
   2.5996120e+06   4.4006348e+01
   2.5996380e+06   3.8208008e+01
   2.5996600e+06   3.8818359e+01
   2.5996850e+06   4.8828125e+01
   2.5997070e+06   4.3457031e+01
   2.5997930e+06   3.8757324e+01
   2.5998920e+06   4.4555664e+01
   2.6000170e+06   5.0109863e+01
   2.6001950e+06   4.0771484e+01
   2.6002100e+06   4.7424316e+01
   2.6002990e+06   4.6447754e+01
   2.6104000e+06   3.6682129e+01
   2.6107600e+06   4.1564941e+01
   2.6157670e+06   4.4067383e+01
   2.6158450e+06   3.7170410e+01
   2.6160030e+06   4.5532227e+01
   2.6160890e+06   3.6865234e+01
   2.6161260e+06   3.7597656e+01
   2.6161770e+06   4.5837402e+01
   2.6166590e+06   4.5959473e+01
   2.6199050e+06   3.6926270e+01
   2.6202160e+06   4.3579102e+01
   2.6204830e+06   3.8574219e+01
   2.6205010e+06   4.6752930e+01
   2.6265920e+06   5.1452637e+01
   2.6266640e+06   4.1564941e+01
   2.6268860e+06   4.6508789e+01
   2.6269090e+06   4.7546387e+01
   2.6269750e+06   3.7841797e+01
   2.6272020e+06   4.7241211e+01
   2.6272120e+06   3.6743164e+01
   2.6272310e+06   8.7768555e+01
   2.6272580e+06   5.2734375e+01
   2.6272780e+06   6.5185547e+01
   2.6273010e+06   5.7739258e+01
   2.6273290e+06   5.3710938e+01
   2.6273490e+06   4.0588379e+01
   2.6273630e+06   6.8542480e+01
   2.6273880e+06   4.6325684e+01
   2.6274080e+06   4.4982910e+01
   2.6274460e+06   4.0161133e+01
   2.6274770e+06   4.2297363e+01
   2.6275120e+06   3.9672852e+01
   2.6275650e+06   3.8024902e+01
   2.6276230e+06   4.2175293e+01
   2.6276520e+06   4.2785645e+01
   2.6276960e+06   3.7109375e+01
   2.6277830e+06   5.3283691e+01
   2.6278610e+06   3.7780762e+01
   2.6281040e+06   4.1442871e+01
   2.6375330e+06   5.1818848e+01
   2.6380420e+06   3.7536621e+01
   2.6381240e+06   3.7292480e+01
   2.6436760e+06   4.2236328e+01
   2.6437350e+06   3.6926270e+01
   2.6437760e+06   4.4250488e+01
   2.6438390e+06   4.5166016e+01
   2.6438920e+06   5.4626465e+01
   2.6439390e+06   3.7475586e+01
   2.6439700e+06   3.6926270e+01
   2.6439940e+06   3.8818359e+01
   2.6440770e+06   3.7963867e+01
   2.6442940e+06   3.6926270e+01
   2.6497610e+06   5.0598145e+01
   2.6497820e+06   3.7170410e+01
   2.6498030e+06   3.6499023e+01
   2.6499210e+06   5.0537109e+01
   2.6500330e+06   4.3212891e+01
   2.6501080e+06   3.7231445e+01
   2.6501230e+06   4.6875000e+01
   2.6501430e+06   3.8574219e+01
   2.6502110e+06   4.2968750e+01
   2.6502300e+06   5.5297852e+01
   2.6502430e+06   3.9672852e+01
   2.6502570e+06   4.9743652e+01
   2.6502760e+06   6.7260742e+01
   2.6502960e+06   3.6437988e+01
   2.6503280e+06   4.9865723e+01
   2.6503490e+06   4.9560547e+01
   2.6503610e+06   4.2907715e+01
   2.6503950e+06   6.2377930e+01
   2.6504110e+06   4.5349121e+01
   2.6504510e+06   3.6804199e+01
   2.6504640e+06   5.4565430e+01
   2.6504960e+06   4.8583984e+01
   2.6505820e+06   3.8574219e+01
   2.6508030e+06   3.7414551e+01
   2.6603170e+06   4.0100098e+01
   2.6603500e+06   5.1086426e+01
   2.6604840e+06   3.9916992e+01
   2.6605230e+06   4.6203613e+01
   2.6607100e+06   3.9672852e+01
   2.6672700e+06   3.7536621e+01
   2.6673620e+06   5.2062988e+01
   2.6673920e+06   4.9865723e+01
   2.6674610e+06   4.1442871e+01
   2.6676110e+06   3.9733887e+01
   2.6676850e+06   4.3579102e+01
   2.6677780e+06   4.3945312e+01
   2.6680680e+06   5.0903320e+01
   2.6680830e+06   4.0222168e+01
   2.6681470e+06   1.0699463e+02
   2.6681680e+06   4.0344238e+01
   2.6682200e+06   3.6437988e+01
   2.6682530e+06   3.7170410e+01
   2.6682660e+06   3.6621094e+01
   2.6682840e+06   3.8696289e+01
   2.6682980e+06   4.1870117e+01
   2.6683720e+06   4.5104980e+01
   2.6684260e+06   5.0476074e+01
   2.6770770e+06   3.8513184e+01
   2.6771140e+06   6.5307617e+01
   2.6771740e+06   3.9855957e+01
   2.6772220e+06   3.8635254e+01
   2.6772760e+06   3.6743164e+01
   2.6777420e+06   4.0527344e+01
   2.6944120e+06   4.4799805e+01
   2.6944590e+06   4.1931152e+01
   2.6944900e+06   5.3100586e+01
   2.6945160e+06   3.7170410e+01
   2.6945420e+06   4.3151855e+01
   2.6945660e+06   5.0292969e+01
   2.6945950e+06   4.2968750e+01
   2.6946700e+06   4.5166016e+01
   2.6946940e+06   4.6386719e+01
   2.6947660e+06   5.0598145e+01
   2.6947920e+06   3.7780762e+01
   2.6948750e+06   4.0161133e+01
   2.6949330e+06   6.1950684e+01
   2.6949480e+06   4.1503906e+01
   2.6949920e+06   3.9428711e+01
   2.6950040e+06   9.0820312e+01
   2.6950370e+06   4.1137695e+01
   2.6950840e+06   5.0109863e+01
   2.6951360e+06   3.9245605e+01
   2.6952050e+06   4.7729492e+01
   2.7845000e+06   3.6621094e+01
   2.8155720e+06   3.6926270e+01
   3.0114010e+06   3.7414551e+01
   3.0114730e+06   4.6386719e+01
   3.0114930e+06   4.9011230e+01
   3.0115730e+06   5.3833008e+01
   3.0117370e+06   4.6691895e+01
   3.0666960e+06   4.1137695e+01
   3.0668300e+06   5.2673340e+01
   3.0669740e+06   3.6865234e+01
   3.0677410e+06   3.7231445e+01
   3.0678790e+06   3.6804199e+01
   3.0683970e+06   4.2236328e+01
   3.1558400e+06   3.9428711e+01
   3.1559720e+06   5.3527832e+01
   3.1560990e+06   4.8706055e+01
   3.1569400e+06   3.6560059e+01
   3.1570670e+06   3.7841797e+01
   3.1737750e+06   3.9489746e+01
   3.1981600e+06   3.8024902e+01
   3.2023270e+06   3.6926270e+01
   3.2466490e+06   4.6813965e+01
   3.2469360e+06   4.8645020e+01
   3.2471580e+06   3.6743164e+01
   3.2487130e+06   1.1840820e+02
   3.2487230e+06   4.6203613e+01
   3.2487480e+06   8.4960938e+01
   3.2487820e+06   6.5551758e+01
   3.2487980e+06   7.9406738e+01
   3.2488210e+06   6.4086914e+01
   3.2488460e+06   5.0720215e+01
   3.2488670e+06   4.4677734e+01
   3.2488960e+06   4.4067383e+01
   3.2489400e+06   5.2734375e+01
   3.2489960e+06   4.4799805e+01
   3.2490210e+06   3.9550781e+01
   3.2490650e+06   4.4006348e+01
   3.2490750e+06   3.6865234e+01
   3.2491300e+06   4.1564941e+01
   3.2491880e+06   3.8208008e+01
   3.2492660e+06   3.7536621e+01
   3.4428710e+06   3.9428711e+01
   3.4429250e+06   4.1931152e+01
   3.4430310e+06   7.4829102e+01
   3.4430440e+06   4.4128418e+01
   3.4430700e+06   4.9438477e+01
   3.4430850e+06   4.9743652e+01
   3.4431120e+06   9.6008301e+01
   3.4431450e+06   5.8776855e+01
   3.4431640e+06   5.8959961e+01
   3.4431840e+06   4.9194336e+01
   3.4432110e+06   5.0964355e+01
   3.4432300e+06   4.7668457e+01
   3.4432560e+06   3.9428711e+01
   3.4432690e+06   4.0344238e+01
   3.4433150e+06   3.6865234e+01
   3.4434080e+06   4.6020508e+01
   3.4435060e+06   4.0832520e+01
   3.4435560e+06   3.6987305e+01
   3.4435890e+06   4.3457031e+01
   3.5179720e+06   6.3293457e+01
   3.5180090e+06   4.6325684e+01
   3.5182850e+06   3.9184570e+01
   3.5186310e+06   3.9794922e+01
   3.5186640e+06   4.1198730e+01
   3.5187260e+06   3.9489746e+01
   3.5188590e+06   3.7109375e+01
   3.5295900e+06   4.9743652e+01
   3.5574400e+06   9.5886230e+01
   3.5574510e+06   7.7026367e+01
   3.5574700e+06   5.8959961e+01
   3.5574820e+06   5.4260254e+01
   3.5575040e+06   5.5236816e+01
   3.5575300e+06   5.6213379e+01
   3.5575580e+06   5.3588867e+01
   3.5575710e+06   4.7729492e+01
   3.5576000e+06   4.7912598e+01
   3.5576100e+06   5.5969238e+01
   3.5576410e+06   4.5227051e+01
   3.5576630e+06   5.4565430e+01
   3.5576910e+06   5.2062988e+01
   3.5577080e+06   6.6528320e+01
   3.5577650e+06   5.1513672e+01
   3.5577900e+06   3.9611816e+01
   3.5578060e+06   5.0048828e+01
   3.5578300e+06   6.1767578e+01
   3.5578850e+06   3.6560059e+01
   3.5579420e+06   3.7658691e+01
   3.5579980e+06   3.7719727e+01
   3.5581470e+06   3.8574219e+01
   3.5739640e+06   3.6987305e+01
   3.9585230e+06   3.9001465e+01
   3.9586000e+06   3.6865234e+01
   3.9586600e+06   4.0466309e+01
   3.9586970e+06   4.3090820e+01
   3.9587250e+06   8.1176758e+01
   3.9587370e+06   5.5297852e+01
   3.9587480e+06   5.0231934e+01
   3.9587750e+06   4.5959473e+01
   3.9587850e+06   9.2529297e+01
   3.9588150e+06   5.4443359e+01
   3.9588290e+06   4.2236328e+01
   3.9588530e+06   3.8208008e+01
   3.9588730e+06   5.2978516e+01
   3.9588880e+06   8.6181641e+01
   3.9588990e+06   5.0781250e+01
   3.9589360e+06   5.6640625e+01
   3.9589510e+06   6.2011719e+01
   3.9589920e+06   4.3884277e+01
   3.9590060e+06   4.7363281e+01
   3.9590300e+06   4.0588379e+01
   3.9590600e+06   5.6945801e+01
   3.9591220e+06   3.9428711e+01
   3.9591450e+06   4.2419434e+01
   3.9592190e+06   4.4616699e+01
   3.9593000e+06   3.6804199e+01
   3.9594430e+06   4.4067383e+01
   3.9778310e+06   4.2602539e+01
   4.0066180e+06   3.9062500e+01
   4.0438760e+06   3.8208008e+01
   4.0449910e+06   6.6345215e+01
   4.0450360e+06   3.9062500e+01
   4.0450470e+06   3.9001465e+01
   4.0451110e+06   3.7841797e+01
   4.0451360e+06   4.0893555e+01
   4.0451670e+06   8.5510254e+01
   4.0451850e+06   4.3884277e+01
   4.0452300e+06   8.0993652e+01
   4.0452720e+06   4.0893555e+01
   4.0452990e+06   6.1157227e+01
   4.0454140e+06   5.0354004e+01
   4.0455020e+06   4.1442871e+01
   4.0455170e+06   3.8757324e+01
   4.0457050e+06   3.8879395e+01
   4.0457450e+06   3.8269043e+01
   4.0458220e+06   4.5471191e+01
   4.0458660e+06   3.6499023e+01
   4.0459000e+06   3.6682129e+01
   4.1194160e+06   3.6560059e+01
   4.1608090e+06   3.9672852e+01
   4.2105130e+06   5.4870605e+01
   4.2105750e+06   9.0393066e+01
   4.2106000e+06   6.0668945e+01
   4.2106150e+06   4.1320801e+01
   4.2106410e+06   8.4838867e+01
   4.2106740e+06   9.6740723e+01
   4.2106960e+06   4.9621582e+01
   4.2107160e+06   4.5288086e+01
   4.2107400e+06   3.8208008e+01
   4.2107690e+06   6.1950684e+01
   4.2108170e+06   3.9489746e+01
   4.2108310e+06   3.6865234e+01
   4.2108640e+06   4.9926758e+01
   4.2108810e+06   4.0527344e+01
   4.2109100e+06   5.2490234e+01
   4.2109970e+06   4.1076660e+01
   4.2110170e+06   4.1870117e+01
   4.2111260e+06   6.2744141e+01
   4.2111650e+06   3.7597656e+01
   4.2111990e+06   4.2419434e+01
   4.2112380e+06   3.9062500e+01
   4.2112580e+06   3.7353516e+01
   4.2113140e+06   3.9123535e+01
   4.2120270e+06   4.0283203e+01
   4.2124090e+06   3.6987305e+01
   4.2219620e+06   3.7109375e+01
   4.2223500e+06   3.8146973e+01
   4.2223780e+06   4.4433594e+01
   4.2223910e+06   5.5480957e+01
   4.2224370e+06   4.0161133e+01
   4.2224830e+06   3.8940430e+01
   4.2224930e+06   3.9123535e+01
   4.2225160e+06   5.3588867e+01
   4.2225440e+06   3.6926270e+01
   4.2225580e+06   4.3884277e+01
   4.2226010e+06   1.0717773e+02
   4.2226210e+06   5.9204102e+01
   4.2226450e+06   4.6203613e+01
   4.2226570e+06   4.9621582e+01
   4.2226880e+06   5.4565430e+01
   4.2227190e+06   4.7485352e+01
   4.2227320e+06   4.4982910e+01
   4.2227440e+06   6.2561035e+01
   4.2227620e+06   8.0932617e+01
   4.2227850e+06   5.5419922e+01
   4.2228160e+06   6.3537598e+01
   4.2228270e+06   5.0537109e+01
   4.2228670e+06   5.0231934e+01
   4.2229110e+06   4.6081543e+01
   4.2229210e+06   3.6743164e+01
   4.2229500e+06   4.2236328e+01
   4.2229840e+06   4.6020508e+01
   4.2230330e+06   4.9133301e+01
   4.2230620e+06   4.8889160e+01
   4.2230780e+06   5.1513672e+01
   4.2231890e+06   3.7719727e+01
   4.2232310e+06   4.0344238e+01
   4.2232470e+06   3.8391113e+01
   4.2232920e+06   4.3029785e+01
   4.2233670e+06   3.9062500e+01
   4.2234470e+06   3.6682129e+01
   4.2235110e+06   3.6621094e+01
   4.2235710e+06   3.9733887e+01
   4.2235890e+06   4.1809082e+01
   4.2237090e+06   3.9245605e+01
   4.2237470e+06   4.5166016e+01
   4.2237960e+06   3.7414551e+01
   4.2239760e+06   4.5166016e+01
   4.2240840e+06   3.8696289e+01
   4.2242410e+06   4.6630859e+01
   4.2244400e+06   5.5358887e+01
   4.2252870e+06   3.8452148e+01
   4.2272430e+06   3.7048340e+01
   4.2280720e+06   3.7719727e+01
   4.3104150e+06   3.7231445e+01
   4.3741120e+06   4.5410156e+01
   4.3741880e+06   4.3640137e+01
   4.3742290e+06   4.0283203e+01
   4.3743030e+06   4.1015625e+01
   4.3743830e+06   3.7902832e+01
   4.3744620e+06   5.8227539e+01
   4.3747260e+06   3.8879395e+01
   4.3747730e+06   3.8452148e+01
   4.3747900e+06   4.4860840e+01
   4.3748850e+06   3.8818359e+01
   4.3750000e+06   4.5593262e+01
   4.4390850e+06   3.9123535e+01
   4.4392240e+06   3.8696289e+01
   4.4392940e+06   6.5246582e+01
   4.4396160e+06   3.7170410e+01
   4.4396770e+06   4.0466309e+01
   4.4505810e+06   5.4687500e+01
   4.4507070e+06   4.1015625e+01
   4.4507730e+06   3.7170410e+01
   4.4510280e+06   4.4799805e+01
   4.4510770e+06   4.3395996e+01
   4.4511820e+06   4.2846680e+01
   4.4736080e+06   3.8513184e+01
   4.4736210e+06   4.3457031e+01
   4.4736460e+06   5.8715820e+01
   4.4738080e+06   4.1992188e+01
   4.4738440e+06   4.1870117e+01
   4.5050860e+06   4.6813965e+01
   4.5051620e+06   1.0015869e+02
   4.5051780e+06   7.5378418e+01
   4.5052110e+06   9.0820312e+01
   4.5052300e+06   5.3039551e+01
   4.5052410e+06   4.1564941e+01
   4.5052550e+06   7.5317383e+01
   4.5052850e+06   5.2795410e+01
   4.5052950e+06   3.9733887e+01
   4.5053280e+06   4.7729492e+01
   4.5053420e+06   3.8879395e+01
   4.5053530e+06   5.3588867e+01
   4.5053850e+06   6.2927246e+01
   4.5054100e+06   4.3762207e+01
   4.5054270e+06   4.0649414e+01
   4.5054430e+06   3.8452148e+01
   4.5054720e+06   6.3903809e+01
   4.5055310e+06   4.5349121e+01
   4.5055540e+06   5.4199219e+01
   4.5055640e+06   4.2236328e+01
   4.5056790e+06   3.7841797e+01
   4.5057110e+06   3.8330078e+01
   4.5058370e+06   4.1198730e+01
   4.5058620e+06   3.9916992e+01
   4.5058910e+06   3.8269043e+01
   4.5060470e+06   3.6682129e+01
   4.5060780e+06   4.2358398e+01
   4.5223810e+06   3.9062500e+01
   4.5224830e+06   6.9580078e+01
   4.5225370e+06   4.2053223e+01
   4.5226860e+06   3.6682129e+01
   4.5227010e+06   4.4738770e+01
   4.5227290e+06   8.1665039e+01
   4.5228000e+06   4.1687012e+01
   4.5228290e+06   4.7302246e+01
   4.5228800e+06   3.9001465e+01
   4.5229120e+06   4.6569824e+01
   4.5229500e+06   3.8085938e+01
   4.5229710e+06   7.4462891e+01
   4.5230340e+06   5.4016113e+01
   4.5231170e+06   4.3212891e+01
   4.5231450e+06   4.9621582e+01
   4.5232060e+06   4.2480469e+01
   4.5232390e+06   3.8391113e+01
   4.5232850e+06   3.7231445e+01
   4.5233380e+06   4.2358398e+01
   4.5233720e+06   7.7209473e+01
   4.5234090e+06   4.4982910e+01
   4.5234530e+06   5.1025391e+01
   4.5235070e+06   3.8208008e+01
   4.5235260e+06   7.0434570e+01
   4.5235380e+06   4.7607422e+01
   4.5236080e+06   1.0015869e+02
   4.5237230e+06   7.6965332e+01
   4.5237440e+06   4.3457031e+01
   4.5239320e+06   4.0527344e+01
   4.6634850e+06   4.3029785e+01
   4.6635010e+06   4.0527344e+01
   4.6635420e+06   6.6467285e+01
   4.6636530e+06   4.2175293e+01
   4.6639300e+06   7.2265625e+01
   4.7215950e+06   4.0100098e+01
   4.7217030e+06   5.9936523e+01
   4.7217840e+06   4.3212891e+01
   4.7880930e+06   4.0466309e+01
   4.7881390e+06   4.4921875e+01
   4.7976760e+06   9.7900391e+01
   4.7976870e+06   4.6325684e+01
   4.7977110e+06   6.6589355e+01
   4.7977270e+06   6.2255859e+01
   4.7977520e+06   6.4208984e+01
   4.7977720e+06   5.4992676e+01
   4.7978040e+06   4.1442871e+01
   4.7978160e+06   6.1889648e+01
   4.7978330e+06   3.7780762e+01
   4.7978570e+06   3.9794922e+01
   4.7979080e+06   5.6030273e+01
   4.7979310e+06   5.2856445e+01
   4.7979490e+06   5.0476074e+01
   4.7979750e+06   4.5349121e+01
   4.7979920e+06   4.1564941e+01
   4.7980210e+06   4.3151855e+01
   4.7980840e+06   3.7719727e+01
   4.7981050e+06   4.4555664e+01
   4.7981330e+06   6.7565918e+01
   4.7981510e+06   3.7841797e+01
   4.7982020e+06   3.9123535e+01
   4.7982190e+06   5.4809570e+01
   4.7982900e+06   3.6682129e+01
   4.7983540e+06   3.9855957e+01
   4.8148320e+06   3.9550781e+01
   4.8148500e+06   5.3527832e+01
   4.8148880e+06   3.7841797e+01
   4.8149680e+06   6.0607910e+01
   4.8150040e+06   4.1259766e+01
   4.8152030e+06   4.4067383e+01
   4.8153070e+06   4.3579102e+01
   4.8153400e+06   4.3090820e+01
   4.8153920e+06   4.7180176e+01
   4.8154090e+06   3.9306641e+01
   4.8155540e+06   3.8879395e+01
   4.8158990e+06   3.6499023e+01
   4.8397070e+06   3.8940430e+01
   4.8397370e+06   3.7597656e+01
   4.8397490e+06   6.3842773e+01
   4.8398220e+06   4.0222168e+01
   4.8398320e+06   3.8513184e+01
   4.8398730e+06   4.4677734e+01
   4.8399040e+06   6.6711426e+01
   4.8399190e+06   1.0015869e+02
   4.8399420e+06   4.3395996e+01
   4.8399870e+06   4.4799805e+01
   4.8402150e+06   5.6335449e+01
   4.8404040e+06   4.0527344e+01
   4.8404720e+06   3.7414551e+01
   4.9577980e+06   3.7048340e+01
   4.9578370e+06   3.7719727e+01
   4.9578970e+06   4.5654297e+01
   4.9899050e+06   4.1442871e+01
   4.9899610e+06   3.8024902e+01
   4.9902050e+06   4.8828125e+01
   4.9910240e+06   3.9428711e+01
   5.0283700e+06   5.8410645e+01
   5.0291490e+06   4.4738770e+01
   5.0491330e+06   3.7780762e+01
   5.0492110e+06   4.9194336e+01
   5.0492450e+06   8.0078125e+01
   5.0493110e+06   7.0617676e+01
   5.0493350e+06   6.5307617e+01
   5.0493460e+06   8.0627441e+01
   5.0493810e+06   4.5837402e+01
   5.0493910e+06   5.1757812e+01
   5.0494270e+06   4.0527344e+01
   5.0494500e+06   5.0903320e+01
   5.0494640e+06   5.2246094e+01
   5.0494820e+06   4.5104980e+01
   5.0495030e+06   4.5532227e+01
   5.0495320e+06   4.7119141e+01
   5.0495510e+06   4.3884277e+01
   5.0496090e+06   4.3212891e+01
   5.0496270e+06   3.9916992e+01
   5.0496620e+06   4.6997070e+01
   5.0496770e+06   5.7189941e+01
   5.0497250e+06   3.7536621e+01
   5.0497560e+06   4.6630859e+01
   5.0497960e+06   4.1992188e+01
   5.0501070e+06   4.0893555e+01
   5.0506280e+06   4.1870117e+01
   5.0655170e+06   3.6499023e+01
   5.0657260e+06   4.8034668e+01
   5.0657920e+06   3.7048340e+01
   5.0658970e+06   4.4799805e+01
   5.0659280e+06   4.4555664e+01
   5.0663100e+06   3.9611816e+01
   5.1599550e+06   4.0344238e+01
   5.1601870e+06   4.4860840e+01
   5.1991270e+06   4.0832520e+01
   5.1992060e+06   4.1748047e+01
   5.1994150e+06   3.8635254e+01
   5.1996280e+06   4.6142578e+01
   5.1996650e+06   5.2307129e+01
   5.2356190e+06   3.7109375e+01
   5.2359350e+06   4.0283203e+01
   5.2361520e+06   4.7790527e+01
   5.2387840e+06   6.6650391e+01
   5.2388030e+06   9.8754883e+01
   5.2388190e+06   7.1289062e+01
   5.2388360e+06   6.5979004e+01
   5.2388560e+06   7.0373535e+01
   5.2388850e+06   5.5419922e+01
   5.2388960e+06   5.8654785e+01
   5.2389140e+06   3.9611816e+01
   5.2389250e+06   5.3466797e+01
   5.2389580e+06   4.4982910e+01
   5.2389830e+06   6.1035156e+01
   5.2390060e+06   5.4565430e+01
   5.2390180e+06   4.6264648e+01
   5.2390580e+06   5.1818848e+01
   5.2390890e+06   4.0954590e+01
   5.2391120e+06   4.9072266e+01
   5.2391710e+06   3.9855957e+01
   5.2392090e+06   5.9265137e+01
   5.2392840e+06   4.2236328e+01
   5.2393150e+06   6.4025879e+01
   5.2394140e+06   9.1674805e+01
   5.2394590e+06   4.0832520e+01
   5.2396220e+06   9.4116211e+01
   5.2397570e+06   6.1096191e+01
   5.2399910e+06   3.8635254e+01
   5.2400530e+06   3.6865234e+01
   5.2534570e+06   4.1503906e+01
   5.2565480e+06   4.4799805e+01
   5.2565990e+06   4.6020508e+01
   5.2566180e+06   4.0283203e+01
   5.2566360e+06   4.0954590e+01
   5.2566760e+06   3.7414551e+01
   5.2567000e+06   4.2663574e+01
   5.2567310e+06   6.0974121e+01
   5.2568020e+06   8.6120605e+01
   5.2568170e+06   4.4189453e+01
   5.2568640e+06   5.0415039e+01
   5.2568760e+06   4.7058105e+01
   5.2569320e+06   4.0466309e+01
   5.2569590e+06   5.5358887e+01
   5.2569770e+06   5.3161621e+01
   5.2570710e+06   4.0100098e+01
   5.2570930e+06   4.0893555e+01
   5.2571110e+06   3.9855957e+01
   5.2571610e+06   4.3701172e+01
   5.2571970e+06   4.7485352e+01
   5.2572090e+06   3.6926270e+01
   5.2572450e+06   3.7780762e+01
   5.2572610e+06   3.9733887e+01
   5.2572930e+06   3.7536621e+01
   5.2573430e+06   4.3762207e+01
   5.2573580e+06   5.0476074e+01
   5.2573810e+06   3.9428711e+01
   5.2574490e+06   9.8510742e+01
   5.2574920e+06   5.1086426e+01
   5.2575430e+06   8.2092285e+01
   5.2575780e+06   3.8940430e+01
   5.2576110e+06   7.0312500e+01
   5.2576270e+06   4.0283203e+01
   5.2576640e+06   5.6091309e+01
   5.2576970e+06   4.3701172e+01
   5.2577270e+06   4.9377441e+01
   5.2577430e+06   4.9377441e+01
   5.2577640e+06   7.4768066e+01
   5.2577970e+06   4.7851562e+01
   5.2578220e+06   4.1442871e+01
   5.2578410e+06   5.1513672e+01
   5.2578600e+06   4.2175293e+01
   5.2579360e+06   3.7414551e+01
   5.2579540e+06   3.9733887e+01
   5.2579880e+06   4.3457031e+01
   5.2579980e+06   5.2978516e+01
   5.2580520e+06   3.7231445e+01
   5.2580650e+06   3.6987305e+01
   5.2581340e+06   3.9794922e+01
   5.2582080e+06   3.7475586e+01
   5.2582480e+06   3.8024902e+01
   5.2582780e+06   3.9916992e+01
   5.2582960e+06   5.5908203e+01
   5.2583370e+06   4.2480469e+01
   5.2585600e+06   3.9245605e+01
   5.2586600e+06   3.8024902e+01
   5.2587400e+06   4.3395996e+01
   5.2589440e+06   4.4067383e+01
   5.2592020e+06   4.2175293e+01
   5.2607650e+06   4.1687012e+01
   5.2611450e+06   3.7902832e+01
   5.4532880e+06   4.0588379e+01
   5.4533140e+06   4.9926758e+01
   5.4534850e+06   3.7170410e+01
   5.4535380e+06   4.2663574e+01
   5.4536650e+06   3.7475586e+01
   5.4539200e+06   4.4311523e+01
   5.4539840e+06   3.6560059e+01
   5.5138680e+06   3.7109375e+01
   5.5141270e+06   3.7292480e+01
   5.5141620e+06   4.9133301e+01
   5.5142960e+06   4.5898438e+01
   5.5144980e+06   4.3762207e+01
   5.5146880e+06   4.0588379e+01
   5.5147080e+06   4.4616699e+01
   5.5846400e+06   4.1992188e+01
   5.5846950e+06   4.6752930e+01
   5.5850180e+06   3.7414551e+01
   5.6307050e+06   3.8757324e+01
   5.6307460e+06   3.8757324e+01
   5.6307780e+06   8.6242676e+01
   5.6307960e+06   4.1625977e+01
   5.6308180e+06   4.8706055e+01
   5.6308470e+06   7.3730469e+01
   5.6308850e+06   7.8002930e+01
   5.6309070e+06   4.6081543e+01
   5.6309290e+06   6.7626953e+01
   5.6309460e+06   7.0068359e+01
   5.6309650e+06   5.8837891e+01
   5.6309920e+06   4.7668457e+01
   5.6310020e+06   6.0119629e+01
   5.6310420e+06   5.5419922e+01
   5.6310610e+06   6.2194824e+01
   5.6310960e+06   4.2785645e+01
   5.6311140e+06   3.8574219e+01
   5.6311380e+06   3.8513184e+01
   5.6311760e+06   4.3884277e+01
   5.6312080e+06   3.6743164e+01
   5.6312320e+06   4.0466309e+01
   5.6312590e+06   3.9672852e+01
   5.6313250e+06   5.0903320e+01
   5.6313890e+06   5.3466797e+01
   5.6314450e+06   3.9428711e+01
   5.6315130e+06   4.3151855e+01
   5.6315320e+06   4.0161133e+01
   5.6473740e+06   3.7109375e+01
   5.6474500e+06   5.2978516e+01
   5.6474790e+06   4.1748047e+01
   5.6476250e+06   4.3395996e+01
   5.6477140e+06   3.7780762e+01
   5.6477980e+06   5.0842285e+01
   5.6478370e+06   4.0222168e+01
   5.6478480e+06   4.3579102e+01
   5.6479660e+06   3.8146973e+01
   5.6479880e+06   3.8330078e+01
   5.6481010e+06   4.2785645e+01
   5.6481180e+06   3.6499023e+01
   5.6481510e+06   3.8696289e+01
   5.6485230e+06   4.6264648e+01
   5.6487420e+06   3.9672852e+01
   5.6654180e+06   3.7597656e+01
   5.6654580e+06   5.1208496e+01
   5.6654770e+06   4.1748047e+01
   5.6655120e+06   4.2907715e+01
   5.6655660e+06   3.9428711e+01
   5.6656070e+06   3.8757324e+01
   5.6656180e+06   3.9184570e+01
   5.6656770e+06   5.6457520e+01
   5.6657090e+06   5.1330566e+01
   5.6657410e+06   4.3151855e+01
   5.6659860e+06   3.9489746e+01
   5.6660890e+06   3.8208008e+01
   5.6661700e+06   4.6264648e+01
   5.6662120e+06   5.8593750e+01
   5.7844260e+06   3.8208008e+01
   5.7844460e+06   4.1687012e+01
   5.7844690e+06   7.6110840e+01
   5.7844950e+06   8.5327148e+01
   5.7845270e+06   6.8603516e+01
   5.7845380e+06   3.8269043e+01
   5.7845660e+06   4.4433594e+01
   5.7845800e+06   4.6264648e+01
   5.7845940e+06   5.3894043e+01
   5.7846090e+06   4.5349121e+01
   5.7846300e+06   3.6743164e+01
   5.7846590e+06   4.5593262e+01
   5.7846710e+06   6.2011719e+01
   5.7847510e+06   3.9123535e+01
   5.7847850e+06   3.9184570e+01
   5.7848020e+06   3.7780762e+01
   5.7848230e+06   3.8391113e+01
   5.7848440e+06   5.5541992e+01
   5.7849030e+06   3.7719727e+01
   5.7849500e+06   5.4748535e+01
   5.7849650e+06   4.3029785e+01
   5.7850290e+06   4.5837402e+01
   5.7850870e+06   6.7687988e+01
   5.7851690e+06   4.2053223e+01
   5.7856230e+06   4.6691895e+01
   5.7914230e+06   4.1015625e+01
   5.7916660e+06   3.9733887e+01
   5.7917620e+06   5.8471680e+01
   5.7917730e+06   4.7180176e+01
   5.7918890e+06   4.0649414e+01
   5.7919010e+06   4.1870117e+01
   5.7919390e+06   3.8635254e+01
   5.7920230e+06   5.2124023e+01
   5.7920790e+06   4.2175293e+01
   5.7920970e+06   4.1503906e+01
   5.7921770e+06   4.4555664e+01
   5.7922190e+06   3.7841797e+01
   5.7923590e+06   4.0710449e+01
   5.7924350e+06   3.9367676e+01
   5.7925400e+06   4.6752930e+01
   5.7926240e+06   3.9916992e+01
   5.7927250e+06   3.6743164e+01
   5.7928180e+06   3.9916992e+01
   5.7930320e+06   7.6293945e+01
   5.7935280e+06   4.1992188e+01
   5.8413700e+06   3.7658691e+01
   5.8414370e+06   4.6691895e+01
   5.8414880e+06   3.9123535e+01
   5.8415140e+06   4.9621582e+01
   5.8415250e+06   4.9499512e+01
   5.8415450e+06   4.7729492e+01
   5.8415670e+06   8.8867188e+01
   5.8415860e+06   4.0771484e+01
   5.8416350e+06   4.1137695e+01
   5.8416670e+06   4.9133301e+01
   5.8417240e+06   4.4738770e+01
   5.8417520e+06   3.7536621e+01
   5.8418250e+06   4.3212891e+01
   5.8418720e+06   5.4199219e+01
   5.8418920e+06   4.0405273e+01
   5.8419670e+06   3.6743164e+01
   5.8420360e+06   5.3955078e+01
   5.8420630e+06   6.2622070e+01
   5.8421030e+06   3.8635254e+01
   5.8421300e+06   3.7902832e+01
   5.8421510e+06   8.1542969e+01
   5.8421720e+06   6.1645508e+01
   5.8421930e+06   5.7922363e+01
   5.8422230e+06   5.9997559e+01
   5.8422410e+06   4.2724609e+01
   5.8422820e+06   3.9672852e+01
   5.8423100e+06   4.5104980e+01
   5.8423410e+06   6.6101074e+01
   5.8424880e+06   4.4311523e+01
   5.8425240e+06   4.2602539e+01
   5.8425990e+06   4.1442871e+01
   5.8426510e+06   3.8879395e+01
   5.8426770e+06   3.7963867e+01
   5.8673550e+06   3.8146973e+01
   5.9114410e+06   3.7963867e+01
   5.9114570e+06   3.9367676e+01
   5.9115200e+06   6.4819336e+01
   5.9115410e+06   3.6926270e+01
   5.9116920e+06   5.2307129e+01
   5.9118760e+06   4.6691895e+01
   5.9119520e+06   3.6621094e+01
   5.9121290e+06   3.6865234e+01
   5.9122640e+06   4.2236328e+01
   5.9122920e+06   4.0039062e+01
   5.9123030e+06   6.6772461e+01
   5.9123220e+06   9.2773438e+01
   5.9123530e+06   3.9428711e+01
   5.9123720e+06   8.4594727e+01
   5.9123950e+06   7.1166992e+01
   5.9124150e+06   8.6975098e+01
   5.9124390e+06   5.5541992e+01
   5.9124570e+06   4.4433594e+01
   5.9124770e+06   5.1025391e+01
   5.9124900e+06   4.3579102e+01
   5.9125170e+06   3.9062500e+01
   5.9125550e+06   5.5053711e+01
   5.9125730e+06   5.8532715e+01
   5.9126200e+06   4.5654297e+01
   5.9127260e+06   4.0527344e+01
   5.9127920e+06   4.4982910e+01
   5.9129740e+06   4.4982910e+01
   5.9130580e+06   4.1442871e+01
   5.9131360e+06   3.7353516e+01
   5.9131860e+06   3.7780762e+01
   5.9132770e+06   3.7475586e+01
   6.2009950e+06   3.8574219e+01
   6.2010970e+06   5.3344727e+01
   6.2012010e+06   4.6752930e+01
   6.2012350e+06   4.1809082e+01
   6.2012570e+06   5.0903320e+01
   6.2013220e+06   3.9184570e+01
   6.2013350e+06   3.9245605e+01
   6.2013650e+06   3.8146973e+01
   6.2013960e+06   5.0231934e+01
   6.2014910e+06   4.6630859e+01
   6.2015140e+06   5.0048828e+01
   6.2015590e+06   3.7170410e+01
   6.2017040e+06   4.1809082e+01
   6.2705670e+06   4.0039062e+01
   6.2709670e+06   3.9550781e+01
   6.2710170e+06   3.6682129e+01
   6.3283160e+06   8.2092285e+01
   6.3283730e+06   3.8513184e+01
   6.3283920e+06   3.6987305e+01
   6.3284650e+06   8.2641602e+01
   6.3285630e+06   4.0405273e+01
   6.3287740e+06   4.1015625e+01
   6.3288320e+06   4.1809082e+01
   6.3290080e+06   3.6743164e+01
   6.3290970e+06   3.8208008e+01
   6.3292770e+06   3.7048340e+01
   6.4166690e+06   3.8818359e+01
   6.4167820e+06   4.3579102e+01
   6.4168590e+06   1.0980225e+02
   6.4169260e+06   4.1870117e+01
   6.4169370e+06   8.7036133e+01
   6.4169800e+06   4.8767090e+01
   6.4169910e+06   6.4880371e+01
   6.4170120e+06   5.4077148e+01
   6.4170350e+06   6.0607910e+01
   6.4170690e+06   4.1748047e+01
   6.4170800e+06   4.3457031e+01
   6.4170940e+06   5.3955078e+01
   6.4171140e+06   4.9499512e+01
   6.4171280e+06   5.6701660e+01
   6.4171510e+06   6.3842773e+01
   6.4171710e+06   3.8269043e+01
   6.4172010e+06   4.1259766e+01
   6.4172240e+06   4.1687012e+01
   6.4172710e+06   4.2663574e+01
   6.4173000e+06   4.2236328e+01
   6.4173250e+06   4.0283203e+01
   6.4173500e+06   3.9916992e+01
   6.4173700e+06   4.5104980e+01
   6.4174360e+06   4.6691895e+01
   6.4174720e+06   4.2846680e+01
   6.4176350e+06   3.7109375e+01
   6.4177040e+06   3.9611816e+01
   6.4180760e+06   3.6926270e+01
   6.4337440e+06   3.6987305e+01
   6.4343010e+06   4.0588379e+01
   6.4350290e+06   3.6682129e+01
   6.4357230e+06   4.2602539e+01
   6.5044100e+06   3.7048340e+01
   6.5522250e+06   3.6560059e+01
   6.5814930e+06   3.6804199e+01
   6.5820430e+06   3.8452148e+01
   6.5820570e+06   3.7902832e+01
   6.7466510e+06   3.7719727e+01
   6.7467040e+06   3.7780762e+01
   6.7467170e+06   6.8969727e+01
   6.7467650e+06   9.4787598e+01
   6.7468010e+06   4.5104980e+01
   6.7468150e+06   7.8857422e+01
   6.7468420e+06   5.2429199e+01
   6.7468580e+06   4.6569824e+01
   6.7468760e+06   4.9377441e+01
   6.7468860e+06   4.9133301e+01
   6.7469190e+06   3.9306641e+01
   6.7469530e+06   5.9082031e+01
   6.7469650e+06   4.7729492e+01
   6.7470020e+06   4.5715332e+01
   6.7470200e+06   4.0893555e+01
   6.7470500e+06   5.2490234e+01
   6.7470790e+06   4.6813965e+01
   6.7470900e+06   4.0527344e+01
   6.7471270e+06   6.0241699e+01
   6.7471530e+06   4.3579102e+01
   6.7471820e+06   3.6804199e+01
   6.7472090e+06   4.0344238e+01
   6.7472370e+06   3.6865234e+01
   6.7472570e+06   3.7902832e+01
   6.7473060e+06   3.7475586e+01
   6.7473590e+06   5.0292969e+01
   6.7473920e+06   3.8269043e+01
   6.7474480e+06   3.6621094e+01
   6.7482840e+06   3.6682129e+01
   6.7675590e+06   3.9489746e+01
   6.7675780e+06   4.3762207e+01
   6.7676440e+06   5.7861328e+01
   6.7676680e+06   4.0222168e+01
   6.7682180e+06   3.7231445e+01
   6.7687000e+06   3.8818359e+01
   6.9219380e+06   4.0588379e+01
   6.9221360e+06   4.0222168e+01
   6.9221690e+06   4.6752930e+01
   6.9221960e+06   3.8330078e+01
   6.9222260e+06   8.4045410e+01
   6.9222400e+06   4.9194336e+01
   6.9222660e+06   5.1330566e+01
   6.9222880e+06   4.8095703e+01
   6.9222980e+06   4.9011230e+01
   6.9223220e+06   7.7697754e+01
   6.9223350e+06   4.4860840e+01
   6.9223460e+06   3.8940430e+01
   6.9224010e+06   4.3945312e+01
   6.9224290e+06   4.6508789e+01
   6.9224600e+06   4.3151855e+01
   6.9224960e+06   4.7058105e+01
   6.9225120e+06   3.8818359e+01
   6.9225370e+06   4.0100098e+01
   6.9225560e+06   3.7536621e+01
   6.9225780e+06   5.4809570e+01
   6.9226120e+06   5.2551270e+01
   6.9226340e+06   3.9123535e+01
   6.9226580e+06   5.0537109e+01
   6.9227110e+06   6.1889648e+01
   6.9227830e+06   3.7475586e+01
   6.9228590e+06   3.9733887e+01
   7.0115670e+06   4.8461914e+01
   7.0115870e+06   4.0527344e+01
   7.0116150e+06   5.1757812e+01
   7.0116510e+06   4.9926758e+01
   7.0116620e+06   5.4138184e+01
   7.0117040e+06   4.9926758e+01
   7.0117280e+06   3.7597656e+01
   7.0117410e+06   4.9499512e+01
   7.0117540e+06   4.2724609e+01
   7.0117890e+06   4.4860840e+01
   7.0118150e+06   3.8024902e+01
   7.0118390e+06   5.0476074e+01
   7.0118780e+06   4.0466309e+01
   7.0119000e+06   7.1838379e+01
   7.0119140e+06   4.3762207e+01
   7.0119260e+06   4.6875000e+01
   7.0119560e+06   7.8002930e+01
   7.0119710e+06   4.0710449e+01
   7.0120160e+06   4.5593262e+01
   7.0120330e+06   4.1198730e+01
   7.0120500e+06   5.1513672e+01
   7.0120800e+06   3.6743164e+01
   7.0121390e+06   4.9316406e+01
   7.0121940e+06   6.9030762e+01
   7.0122120e+06   4.5776367e+01
   7.0122310e+06   3.7048340e+01
   7.0122740e+06   4.4128418e+01
   7.0123270e+06   5.9814453e+01
   7.0123440e+06   4.5837402e+01
   7.0123660e+06   3.8635254e+01
   7.0123860e+06   3.8208008e+01
   7.0124890e+06   3.9306641e+01
   7.0125510e+06   5.9082031e+01
   7.0126520e+06   3.7536621e+01
   7.0129830e+06   3.7841797e+01
   7.0193340e+06   3.8391113e+01
   7.0193950e+06   3.6621094e+01
   7.0194880e+06   4.2419434e+01
   7.0195280e+06   4.5898438e+01
   7.0195740e+06   3.9184570e+01
   7.0196200e+06   4.0527344e+01
   7.0196310e+06   4.2846680e+01
   7.0197470e+06   3.7231445e+01
   7.0198060e+06   6.4147949e+01
   7.0198300e+06   4.7668457e+01
   7.0198920e+06   4.4372559e+01
   7.0199360e+06   4.7729492e+01
   7.0199660e+06   3.8269043e+01
   7.0200170e+06   3.8879395e+01
   7.0200500e+06   4.5593262e+01
   7.0200840e+06   4.4311523e+01
   7.0201200e+06   3.7048340e+01
   7.0201800e+06   3.7780762e+01
   7.0202270e+06   3.6560059e+01
   7.0203930e+06   3.9306641e+01
   7.0204070e+06   4.3945312e+01
   7.0205630e+06   3.9733887e+01
   7.0206080e+06   3.7963867e+01
   7.0207250e+06   3.9367676e+01
   7.0231180e+06   3.7780762e+01
   7.0236170e+06   3.8452148e+01
   7.0239810e+06   4.3273926e+01
   7.0369400e+06   4.4311523e+01
   7.0369630e+06   6.3598633e+01
   7.0369890e+06   3.9184570e+01
   7.0370130e+06   3.9794922e+01
   7.0370450e+06   4.9926758e+01
   7.0371040e+06   8.1359863e+01
   7.0371690e+06   6.0058594e+01
   7.0372190e+06   3.8513184e+01
   7.0372420e+06   3.7292480e+01
   7.0372700e+06   4.3884277e+01
   7.0373590e+06   4.9133301e+01
   7.0374500e+06   3.7048340e+01
   7.0374800e+06   3.9062500e+01
   7.0374900e+06   3.9123535e+01
   7.0375730e+06   3.7719727e+01
   7.0376090e+06   4.6630859e+01
   7.0377020e+06   4.6264648e+01
   7.0378480e+06   3.9733887e+01
   7.0401870e+06   3.8208008e+01
   7.0442160e+06   4.0283203e+01
   7.0442930e+06   3.9489746e+01
   7.0454850e+06   4.1198730e+01
   7.0489880e+06   4.1381836e+01
   7.0490340e+06   5.3649902e+01
   7.0491410e+06   3.9184570e+01
   7.0491680e+06   4.6325684e+01
   7.0495120e+06   4.9926758e+01
   7.0519080e+06   4.1992188e+01
   7.0519530e+06   5.2185059e+01
   7.0520620e+06   3.6865234e+01
   7.0521270e+06   3.7353516e+01
   7.0521480e+06   5.6335449e+01
   7.0521800e+06   3.9001465e+01
   7.0522250e+06   3.7353516e+01
   7.0526480e+06   3.7536621e+01
   7.0529110e+06   3.7536621e+01
   7.0561400e+06   4.5043945e+01
   7.0561810e+06   4.0527344e+01
   7.0561910e+06   4.5837402e+01
   7.0562640e+06   3.9916992e+01
   7.0562940e+06   4.4616699e+01
   7.0604570e+06   3.8757324e+01
   7.0604920e+06   6.6467285e+01
   7.0605770e+06   5.9570312e+01
   7.0608730e+06   4.1503906e+01
   7.0610480e+06   3.9550781e+01
   7.0648640e+06   6.6162109e+01
   7.0648920e+06   4.2236328e+01
   7.0649450e+06   4.4982910e+01
   7.0649940e+06   4.3334961e+01
   7.0650560e+06   3.9978027e+01
   7.0651350e+06   4.3212891e+01
   7.0652620e+06   3.8574219e+01
   7.0706560e+06   3.7048340e+01
   7.0706730e+06   4.4799805e+01
   7.0706900e+06   3.7048340e+01
   7.0707170e+06   3.8452148e+01
   7.0707840e+06   5.4992676e+01
   7.0708640e+06   4.5532227e+01
   7.0708990e+06   4.4006348e+01
   7.0710650e+06   3.9062500e+01
   7.0752570e+06   4.8461914e+01
   7.0753280e+06   3.9428711e+01
   7.0753540e+06   4.5715332e+01
   7.0764910e+06   3.8635254e+01
   7.0827700e+06   4.5654297e+01
   7.0828860e+06   3.8818359e+01
   7.0835150e+06   3.6804199e+01
   7.0865180e+06   3.9611816e+01
   7.0865520e+06   7.0312500e+01
   7.0901420e+06   3.6865234e+01
   7.0901670e+06   4.0344238e+01
   7.0901910e+06   4.4860840e+01
   7.0902640e+06   4.8095703e+01
   7.0907100e+06   4.3457031e+01
   7.0947940e+06   3.7719727e+01
   7.0948400e+06   6.1950684e+01
   7.0949670e+06   6.0424805e+01
   7.0952440e+06   3.9916992e+01
   7.0982460e+06   3.9611816e+01
   7.0983930e+06   3.9489746e+01
   7.0989360e+06   3.7231445e+01
   7.1028600e+06   3.6743164e+01
   7.1029610e+06   4.1381836e+01
   7.1029880e+06   5.1635742e+01
   7.1033730e+06   3.9306641e+01
   7.1070030e+06   3.6987305e+01
   7.1115230e+06   3.9916992e+01
   7.1116700e+06   5.1452637e+01
   7.1165210e+06   5.0354004e+01
   7.1165390e+06   4.0588379e+01
   7.1165650e+06   4.0039062e+01
   7.1166530e+06   3.7109375e+01
   7.1170760e+06   3.9611816e+01
   7.1172420e+06   3.7414551e+01
   7.1212480e+06   4.5715332e+01
   7.1213900e+06   3.7780762e+01
   7.1259990e+06   3.8024902e+01
   7.1261160e+06   4.2053223e+01
   7.1276760e+06   3.7353516e+01
   7.1277390e+06   4.2358398e+01
   7.1279180e+06   3.8391113e+01
   7.1281210e+06   3.8452148e+01
   7.1322650e+06   4.2175293e+01
   7.1323950e+06   5.0109863e+01
   7.1373700e+06   3.8757324e+01
   7.1375710e+06   4.5288086e+01
   7.1424590e+06   3.6560059e+01
   7.1424940e+06   4.2724609e+01
   7.1425390e+06   5.3527832e+01
   7.1426030e+06   6.6711426e+01
   7.1475580e+06   4.6020508e+01
   7.1476030e+06   4.1381836e+01
   7.1476390e+06   3.6682129e+01
   7.1525290e+06   4.8950195e+01
   7.1527770e+06   4.5227051e+01
   7.1581830e+06   4.0649414e+01
   7.1585190e+06   3.7353516e+01
   7.1648870e+06   5.3588867e+01
   7.1649230e+06   4.6264648e+01
   7.1649700e+06   4.2053223e+01
   7.1650110e+06   4.2785645e+01
   7.1726230e+06   4.5166016e+01
   7.1726690e+06   3.6987305e+01
   7.1727610e+06   3.9489746e+01
   7.1728260e+06   3.9855957e+01
   7.1729060e+06   3.9550781e+01
   7.1737790e+06   4.0954590e+01
   7.1794990e+06   3.7597656e+01
   7.1795790e+06   4.1931152e+01
   7.1868100e+06   3.8269043e+01
   7.1869930e+06   4.9682617e+01
   7.1945400e+06   4.0588379e+01
   7.1945680e+06   3.7780762e+01
   7.2039970e+06   3.9428711e+01
   7.2041280e+06   4.1931152e+01
   7.2041710e+06   3.6621094e+01
   7.2042810e+06   4.2297363e+01
   7.2067950e+06   3.7963867e+01
   7.2177210e+06   4.4311523e+01
   7.2178070e+06   4.6997070e+01
   7.2178690e+06   4.3457031e+01
   7.2182060e+06   4.0893555e+01
   7.2298420e+06   3.8391113e+01
   7.2299120e+06   4.3579102e+01
   7.2490850e+06   4.2846680e+01
   7.2491170e+06   5.0170898e+01
   7.2492990e+06   3.8024902e+01
   7.2494060e+06   4.8583984e+01
   7.2574880e+06   3.8269043e+01
   7.2576100e+06   4.5043945e+01
   7.2576220e+06   3.8635254e+01
   7.2642650e+06   3.9428711e+01
   7.2643560e+06   3.7231445e+01
   7.2644960e+06   3.9306641e+01
   7.2645090e+06   5.1208496e+01
   7.2771070e+06   3.7597656e+01
   7.2771530e+06   4.4494629e+01
   7.2843510e+06   3.6865234e+01
   7.2921460e+06   3.7719727e+01
   7.2922590e+06   4.1259766e+01
   7.3032760e+06   4.0222168e+01
   7.3033110e+06   3.7048340e+01
   7.3034290e+06   3.9001465e+01
   7.3142560e+06   3.6682129e+01
   7.3261650e+06   3.8574219e+01
   7.3262050e+06   4.2053223e+01
   7.3262490e+06   4.8400879e+01
   7.3265630e+06   3.7902832e+01
   7.3272310e+06   4.0161133e+01
   7.3373620e+06   3.7231445e+01
   7.3373760e+06   3.8269043e+01
   7.4268020e+06   4.1259766e+01
   7.4268320e+06   3.8635254e+01
   7.4268810e+06   6.1340332e+01
   7.4269080e+06   3.6926270e+01
   7.4270430e+06   3.8635254e+01
   7.4270830e+06   4.3334961e+01
   7.4272710e+06   4.1625977e+01
   7.8563420e+06   5.5480957e+01
   7.8564060e+06   9.8388672e+01
   7.8564240e+06   5.4016113e+01
   7.8564530e+06   6.2988281e+01
   7.8564670e+06   8.5937500e+01
   7.8564990e+06   7.1289062e+01
   7.8565190e+06   4.8156738e+01
   7.8565480e+06   4.8828125e+01
   7.8565770e+06   6.7321777e+01
   7.8566060e+06   3.9428711e+01
   7.8566390e+06   6.2438965e+01
   7.8566640e+06   4.1198730e+01
   7.8566860e+06   4.5227051e+01
   7.8567180e+06   4.6081543e+01
   7.8567340e+06   4.6142578e+01
   7.8567640e+06   3.8085938e+01
   7.8567990e+06   3.7780762e+01
   7.8568320e+06   4.4921875e+01
   7.8568550e+06   4.3151855e+01
   7.8568990e+06   5.7739258e+01
   7.8569460e+06   3.9367676e+01
   7.8569720e+06   3.7170410e+01
   7.8570000e+06   4.5837402e+01
   7.8570920e+06   5.4748535e+01
   7.8573610e+06   6.6162109e+01
   7.8574910e+06   6.9213867e+01
   7.8575760e+06   3.8330078e+01
   7.8577470e+06   3.9855957e+01
   7.8578010e+06   6.9396973e+01
   7.8798160e+06   4.0405273e+01
   7.9002510e+06   3.6560059e+01
   8.2370520e+06   4.2175293e+01
   8.2371180e+06   3.9550781e+01
   8.2371650e+06   5.2551270e+01
   8.2371810e+06   4.0405273e+01
   8.2372020e+06   9.1613770e+01
   8.2372310e+06   5.6823730e+01
   8.2372420e+06   5.6030273e+01
   8.2372640e+06   6.0180664e+01
   8.2372850e+06   5.2551270e+01
   8.2373000e+06   7.7697754e+01
   8.2373170e+06   4.2785645e+01
   8.2373270e+06   4.3090820e+01
   8.2373590e+06   6.9824219e+01
   8.2373940e+06   3.8757324e+01
   8.2374070e+06   4.6325684e+01
   8.2374210e+06   3.7414551e+01
   8.2374520e+06   3.7719727e+01
   8.2374790e+06   3.7841797e+01
   8.2375020e+06   3.7475586e+01
   8.2375170e+06   3.6621094e+01
   8.2375390e+06   3.8574219e+01
   8.2375520e+06   4.4128418e+01
   8.2375770e+06   5.2551270e+01
   8.2375960e+06   5.8776855e+01
   8.2376160e+06   4.1259766e+01
   8.2376390e+06   6.5063477e+01
   8.2376670e+06   4.8767090e+01
   8.2377050e+06   8.2519531e+01
   8.2377690e+06   3.7414551e+01
   8.2377820e+06   4.2114258e+01
   8.2378330e+06   4.1564941e+01
   8.2378430e+06   4.9621582e+01
   8.2378910e+06   5.9753418e+01
   8.2379410e+06   3.6743164e+01
   8.2379510e+06   4.4311523e+01
   8.2379780e+06   6.9213867e+01
   8.2380510e+06   3.7048340e+01
   8.2386090e+06   6.1950684e+01
   8.2398050e+06   3.8879395e+01
   8.2422230e+06   4.0405273e+01
   8.2634140e+06   4.2602539e+01
   8.2638030e+06   4.1870117e+01
   8.2642120e+06   4.7058105e+01
   8.2644060e+06   4.0466309e+01
   8.2967350e+06   3.7292480e+01
   8.3426080e+06   4.7729492e+01
   8.4996470e+06   3.8330078e+01
   8.4997170e+06   3.9245605e+01
   8.4997330e+06   6.1950684e+01
   8.4997770e+06   4.3457031e+01
   8.4997980e+06   3.9428711e+01
   8.4998130e+06   6.7932129e+01
   8.4998310e+06   6.7504883e+01
   8.4998510e+06   5.2551270e+01
   8.4998710e+06   4.5043945e+01
   8.4998970e+06   6.2500000e+01
   8.4999380e+06   5.5603027e+01
   8.4999680e+06   5.4748535e+01
   8.4999820e+06   4.8889160e+01
   8.5000040e+06   5.3710938e+01
   8.5000340e+06   5.0659180e+01
   8.5000560e+06   5.5969238e+01
   8.5001130e+06   4.2663574e+01
   8.5001420e+06   3.9184570e+01
   8.5002100e+06   4.8950195e+01
   8.5002470e+06   4.0405273e+01
   8.5003270e+06   3.7231445e+01
   8.5003570e+06   4.4982910e+01
   8.5004080e+06   4.2114258e+01
   8.5004330e+06   4.8217773e+01
   8.5004580e+06   3.8513184e+01
   8.5004990e+06   4.7607422e+01
   8.5005560e+06   4.6081543e+01
   8.5006230e+06   4.0893555e+01
   8.5007350e+06   6.1401367e+01
   8.5009260e+06   5.8410645e+01
   8.5016810e+06   3.8574219e+01
   8.8192310e+06   3.6804199e+01
   8.8930810e+06   4.4189453e+01
   8.8930930e+06   3.7719727e+01
   8.8931200e+06   4.4372559e+01
   8.8931400e+06   7.9650879e+01
   8.8931660e+06   7.8613281e+01
   8.8931760e+06   7.3120117e+01
   8.8932020e+06   4.3090820e+01
   8.8932230e+06   7.2753906e+01
   8.8932390e+06   4.1381836e+01
   8.8932540e+06   3.7841797e+01
   8.8932740e+06   5.9692383e+01
   8.8932860e+06   4.6142578e+01
   8.8933100e+06   5.2795410e+01
   8.8933220e+06   6.0119629e+01
   8.8933320e+06   4.2480469e+01
   8.8933550e+06   5.1208496e+01
   8.8933840e+06   3.9184570e+01
   8.8934000e+06   4.5471191e+01
   8.8934240e+06   6.4025879e+01
   8.8934410e+06   3.7658691e+01
   8.8934510e+06   4.0344238e+01
   8.8934900e+06   3.7292480e+01
   8.8935290e+06   6.6772461e+01
   8.8935430e+06   4.7607422e+01
   8.8935580e+06   4.0100098e+01
   8.8935720e+06   5.4992676e+01
   8.8936340e+06   7.8796387e+01
   8.8936450e+06   6.6223145e+01
   8.8936900e+06   4.2846680e+01
   8.8937400e+06   7.4768066e+01
   8.8937670e+06   3.6987305e+01
   8.8938050e+06   3.6682129e+01
   8.8938240e+06   6.7626953e+01
   8.8938970e+06   3.8024902e+01
   8.8939240e+06   3.9916992e+01
   8.8941810e+06   6.7321777e+01
   8.8942930e+06   3.9672852e+01
   8.9504450e+06   3.8452148e+01
   8.9570300e+06   4.2480469e+01
   9.2555160e+06   5.0354004e+01
   9.2555620e+06   4.0832520e+01
   9.2555810e+06   9.8999023e+01
   9.2556140e+06   5.3283691e+01
   9.2556240e+06   7.9284668e+01
   9.2556480e+06   6.0791016e+01
   9.2556800e+06   7.8002930e+01
   9.2556970e+06   3.9855957e+01
   9.2557260e+06   4.2053223e+01
   9.2557400e+06   4.3395996e+01
   9.2557700e+06   4.5104980e+01
   9.2557860e+06   3.7292480e+01
   9.2558050e+06   5.3405762e+01
   9.2558220e+06   5.1757812e+01
   9.2558530e+06   5.1818848e+01
   9.2558820e+06   4.3884277e+01
   9.2558980e+06   4.0893555e+01
   9.2559290e+06   5.2673340e+01
   9.2559520e+06   6.6284180e+01
   9.2559630e+06   5.2917480e+01
   9.2559760e+06   4.5288086e+01
   9.2560140e+06   5.3100586e+01
   9.2560720e+06   5.8593750e+01
   9.2561380e+06   4.5898438e+01
   9.2561770e+06   3.8879395e+01
   9.2562790e+06   3.7170410e+01
   9.2563550e+06   5.8410645e+01
   9.2564060e+06   3.6621094e+01
   9.2565070e+06   4.0283203e+01
   9.2565660e+06   6.3659668e+01
   9.2566170e+06   4.1442871e+01
   9.2568810e+06   6.7199707e+01
   9.2569550e+06   4.3334961e+01
   9.2689780e+06   3.8574219e+01
   9.3915870e+06   9.7961426e+01
   9.5047050e+06   1.0308838e+02
   9.6304440e+06   3.8757324e+01
   9.7020710e+06   3.9672852e+01
   9.7021900e+06   3.9978027e+01
   9.7022260e+06   3.7658691e+01
   9.7022440e+06   9.2102051e+01
   9.7022820e+06   7.2692871e+01
   9.7023060e+06   6.5551758e+01
   9.7023180e+06   4.0954590e+01
   9.7023500e+06   3.7597656e+01
   9.7023690e+06   7.3120117e+01
   9.7023870e+06   5.2795410e+01
   9.7024000e+06   6.1706543e+01
   9.7024390e+06   5.1086426e+01
   9.7024640e+06   4.0588379e+01
   9.7024950e+06   5.8166504e+01
   9.7025130e+06   4.0832520e+01
   9.7025540e+06   5.3955078e+01
   9.7026130e+06   7.0434570e+01
   9.7026420e+06   4.6264648e+01
   9.7026670e+06   3.8513184e+01
   9.7027240e+06   4.0527344e+01
   9.7027360e+06   7.9956055e+01
   9.7027830e+06   4.3518066e+01
   9.7027940e+06   3.8513184e+01
   9.7028390e+06   3.7780762e+01
   9.7028580e+06   3.9794922e+01
   9.7028820e+06   5.3894043e+01
   9.7029370e+06   5.3161621e+01
   9.7030050e+06   4.3029785e+01
   9.7030740e+06   4.4982910e+01
   9.7032420e+06   3.8391113e+01
   9.7034710e+06   4.8950195e+01
   9.8546230e+06   4.7729492e+01
   9.8546380e+06   4.7607422e+01
   9.8547160e+06   4.3823242e+01
   9.8547500e+06   9.7839355e+01
   9.8547670e+06   4.1442871e+01
   9.8547820e+06   4.2419434e+01
   9.8547920e+06   7.9711914e+01
   9.8548240e+06   4.1381836e+01
   9.8548470e+06   4.5349121e+01
   9.8548580e+06   4.7119141e+01
   9.8548820e+06   3.9550781e+01
   9.8548980e+06   5.7373047e+01
   9.8549180e+06   6.7443848e+01
   9.8549360e+06   5.4199219e+01
   9.8549510e+06   5.3222656e+01
   9.8549650e+06   3.8269043e+01
   9.8549780e+06   5.4748535e+01
   9.8550090e+06   4.5410156e+01
   9.8550740e+06   3.8085938e+01
   9.8551050e+06   3.9184570e+01
   9.8551150e+06   5.0598145e+01
   9.8551520e+06   4.7851562e+01
   9.8551650e+06   5.5786133e+01
   9.8551780e+06   6.0485840e+01
   9.8552190e+06   5.8349609e+01
   9.8552470e+06   4.3334961e+01
   9.8552600e+06   4.3273926e+01
   9.8553090e+06   4.6325684e+01
   9.8553410e+06   5.5114746e+01
   9.8553540e+06   3.6743164e+01
   9.8553810e+06   4.0954590e+01
   9.8554080e+06   4.0222168e+01
   9.8554750e+06   4.1381836e+01
   9.8555290e+06   5.0903320e+01
   9.8555530e+06   4.8583984e+01
   9.8556810e+06   5.2124023e+01
   9.8559290e+06   4.7180176e+01
   9.8560530e+06   3.9062500e+01
   9.8560980e+06   5.7189941e+01
   9.8561920e+06   3.7719727e+01
   9.8562530e+06   3.9672852e+01
   9.8563210e+06   3.8391113e+01
   9.8563750e+06   3.7597656e+01
   9.8563910e+06   3.9245605e+01
   9.8565440e+06   4.9316406e+01
   9.8570970e+06   3.6865234e+01
   9.8581370e+06   3.7902832e+01
   9.8661330e+06   3.9733887e+01
   9.8662570e+06   4.7058105e+01
   9.8664380e+06   4.8828125e+01
   9.8665130e+06   4.4128418e+01
   9.8666720e+06   4.1137695e+01
   9.8723290e+06   3.7109375e+01
   9.8725530e+06   4.3823242e+01
   9.8726000e+06   5.0231934e+01
   9.8726740e+06   5.3161621e+01
   9.8727770e+06   4.1625977e+01
   9.8727970e+06   4.5532227e+01
   9.8728660e+06   3.7902832e+01
   9.8728820e+06   8.0078125e+01
   9.8729110e+06   4.2602539e+01
   9.8729280e+06   3.9489746e+01
   9.8729500e+06   5.2551270e+01
   9.8729820e+06   7.5805664e+01
   9.8730130e+06   4.2724609e+01
   9.8730230e+06   6.3842773e+01
   9.8730570e+06   6.4025879e+01
   9.8730800e+06   6.1279297e+01
   9.8730960e+06   3.7109375e+01
   9.8731210e+06   7.5866699e+01
   9.8731340e+06   5.8227539e+01
   9.8731500e+06   3.9611816e+01
   9.8731790e+06   3.9306641e+01
   9.8732060e+06   5.5175781e+01
   9.8732310e+06   4.0283203e+01
   9.8732620e+06   6.8969727e+01
   9.8732730e+06   4.3823242e+01
   9.8733180e+06   4.0222168e+01
   9.8733350e+06   5.0903320e+01
   9.8733490e+06   4.2419434e+01
   9.8733840e+06   4.4677734e+01
   9.8734000e+06   4.2297363e+01
   9.8734300e+06   4.7485352e+01
   9.8734540e+06   4.2480469e+01
   9.8735120e+06   4.4738770e+01
   9.8735410e+06   4.2480469e+01
   9.8735570e+06   4.1442871e+01
   9.8735940e+06   3.8146973e+01
   9.8736780e+06   3.6499023e+01
   9.8737180e+06   4.8889160e+01
   9.8738300e+06   4.2480469e+01
   9.8738650e+06   4.4006348e+01
   9.8739550e+06   4.1076660e+01
   9.8740250e+06   5.6823730e+01
   9.8741940e+06   4.4860840e+01
   9.8742470e+06   3.7841797e+01
   9.8743050e+06   4.2358398e+01
   9.8745210e+06   4.1442871e+01
   9.8747780e+06   3.7109375e+01
   9.8748630e+06   3.7658691e+01
   9.8749850e+06   4.8828125e+01
   9.8751810e+06   4.0100098e+01
   9.8753720e+06   4.6508789e+01
   9.8916560e+06   3.7780762e+01
   9.8951550e+06   3.9672852e+01
   9.9044930e+06   3.8024902e+01
   9.9098900e+06   4.5532227e+01
   9.9104020e+06   3.7109375e+01
   9.9168170e+06   8.9660645e+01
   9.9197720e+06   3.7719727e+01
   9.9205170e+06   3.6804199e+01
   9.9205730e+06   3.7658691e+01
   9.9206160e+06   3.6437988e+01
   9.9208390e+06   4.1687012e+01
   9.9210280e+06   3.9367676e+01
   9.9210670e+06   7.7392578e+01
   9.9210920e+06   4.5532227e+01
   9.9211080e+06   6.7810059e+01
   9.9211290e+06   4.2053223e+01
   9.9211610e+06   4.6936035e+01
   9.9211870e+06   5.2124023e+01
   9.9212110e+06   7.5256348e+01
   9.9212460e+06   4.6203613e+01
   9.9212680e+06   3.9245605e+01
   9.9212820e+06   5.7800293e+01
   9.9212950e+06   4.1992188e+01
   9.9213290e+06   4.3334961e+01
   9.9213400e+06   5.1391602e+01
   9.9213640e+06   4.7668457e+01
   9.9214010e+06   3.9062500e+01
   9.9214160e+06   5.7556152e+01
   9.9214380e+06   5.5175781e+01
   9.9214660e+06   5.2551270e+01
   9.9214840e+06   3.9672852e+01
   9.9215000e+06   3.7414551e+01
   9.9215230e+06   3.9550781e+01
   9.9215540e+06   3.7841797e+01
   9.9215780e+06   4.1503906e+01
   9.9216170e+06   3.8146973e+01
   9.9216450e+06   4.4921875e+01
   9.9217690e+06   3.9978027e+01
   9.9217990e+06   3.9062500e+01
   9.9219910e+06   3.8208008e+01
   9.9220450e+06   3.9001465e+01
   9.9222230e+06   4.0771484e+01
   9.9223190e+06   3.8085938e+01
   9.9224290e+06   5.2917480e+01
   9.9226290e+06   3.7292480e+01
   9.9227650e+06   5.2307129e+01
   9.9229400e+06   3.7292480e+01
   9.9231710e+06   3.8330078e+01
   9.9233120e+06   3.7536621e+01
   9.9233490e+06   3.6560059e+01
   9.9233750e+06   5.3283691e+01
   9.9675120e+06   3.7170410e+01
   9.9724100e+06   3.9733887e+01
   9.9724370e+06   3.7231445e+01
   9.9729440e+06   3.7658691e+01
   9.9875690e+06   3.9062500e+01
   9.9920530e+06   4.0710449e+01
   9.9925140e+06   4.0832520e+01
   9.9974950e+06   4.2724609e+01
   1.0002278e+07   3.6437988e+01
   1.0002300e+07   4.0405273e+01
   1.0002456e+07   3.8879395e+01
   1.0008636e+07   3.9428711e+01
   1.0008678e+07   3.8452148e+01
   1.0008699e+07   3.7902832e+01
   1.0009022e+07   3.9428711e+01
   1.0015461e+07   3.6560059e+01
   1.0015530e+07   3.6682129e+01
   1.0015541e+07   3.7597656e+01
   1.0023722e+07   3.6987305e+01
   1.0023743e+07   4.2297363e+01
   1.0023760e+07   4.1137695e+01
   1.0023928e+07   4.2175293e+01
   1.0024025e+07   5.8166504e+01
   1.0041093e+07   3.6499023e+01
   1.0041545e+07   3.7048340e+01
   1.0051147e+07   3.8940430e+01
   1.0051218e+07   3.9184570e+01
   1.0051474e+07   4.8217773e+01
   1.0062471e+07   3.9489746e+01
   1.0062541e+07   3.9306641e+01
   1.0062557e+07   4.2419434e+01
   1.0062686e+07   4.6569824e+01
   1.0062924e+07   3.9489746e+01
   1.0063376e+07   3.7109375e+01
   1.0075032e+07   3.6682129e+01
   1.0075105e+07   3.8513184e+01
   1.0075392e+07   3.8879395e+01
   1.0075465e+07   3.6621094e+01
   1.0076462e+07   3.6926270e+01
   1.0096239e+07   4.1015625e+01
   1.0096288e+07   4.0283203e+01
   1.0098670e+07   3.6865234e+01
   1.0098705e+07   4.3090820e+01
   1.0099036e+07   4.4067383e+01
   1.0099130e+07   4.6264648e+01
   1.0099906e+07   3.8391113e+01
   1.0100520e+07   4.5593262e+01
   1.0100997e+07   3.7475586e+01
   1.0568522e+07   3.7963867e+01
   1.1276750e+07   4.4738770e+01
   1.1276771e+07   3.8146973e+01
   1.1276792e+07   8.5266113e+01
   1.1276813e+07   4.7912598e+01
   1.1276831e+07   8.0810547e+01
   1.1276855e+07   5.1269531e+01
   1.1276865e+07   6.3598633e+01
   1.1276890e+07   5.3771973e+01
   1.1276916e+07   4.8217773e+01
   1.1276944e+07   7.2387695e+01
   1.1276972e+07   7.3425293e+01
   1.1276982e+07   5.1269531e+01
   1.1277004e+07   3.9733887e+01
   1.1277029e+07   5.5236816e+01
   1.1277044e+07   3.9672852e+01
   1.1277069e+07   3.7780762e+01
   1.1277079e+07   4.5227051e+01
   1.1277123e+07   4.4250488e+01
   1.1277155e+07   8.3312988e+01
   1.1277207e+07   5.4870605e+01
   1.1277249e+07   5.1513672e+01
   1.1277268e+07   5.2246094e+01
   1.1277288e+07   4.6020508e+01
   1.1277318e+07   4.6081543e+01
   1.1277340e+07   3.9794922e+01
   1.1277370e+07   4.0710449e+01
   1.1277381e+07   3.7292480e+01
   1.1277408e+07   4.7058105e+01
   1.1277423e+07   4.5349121e+01
   1.1277473e+07   3.6499023e+01
   1.1277492e+07   4.0466309e+01
   1.1277518e+07   3.6987305e+01
   1.1277544e+07   5.0292969e+01
   1.1277561e+07   5.4687500e+01
   1.1277660e+07   4.4677734e+01
   1.1277770e+07   3.9916992e+01
   1.1277789e+07   4.0954590e+01
   1.1277818e+07   5.8837891e+01
   1.1277900e+07   3.7719727e+01
   1.1277966e+07   3.6437988e+01
   1.1278031e+07   3.9489746e+01
   1.1278185e+07   6.8176270e+01
   1.1278581e+07   3.8879395e+01
   1.1278815e+07   5.4138184e+01
   1.1278931e+07   3.6560059e+01
   1.1279324e+07   3.8330078e+01
   1.1280022e+07   3.9550781e+01
   1.1294096e+07   3.8269043e+01
   1.1299665e+07   3.6376953e+01
   1.1342639e+07   3.6682129e+01
   1.1447630e+07   3.7170410e+01
   1.1626276e+07   4.3090820e+01
   1.1626314e+07   5.0659180e+01
   1.1626349e+07   1.0467529e+02
   1.1626377e+07   3.9367676e+01
   1.1626389e+07   6.2377930e+01
   1.1626418e+07   5.5908203e+01
   1.1626431e+07   9.3933105e+01
   1.1626445e+07   5.5786133e+01
   1.1626468e+07   5.3955078e+01
   1.1626504e+07   3.9978027e+01
   1.1626524e+07   5.7189941e+01
   1.1626551e+07   5.2856445e+01
   1.1626585e+07   5.4809570e+01
   1.1626605e+07   3.6804199e+01
   1.1626638e+07   7.0678711e+01
   1.1626672e+07   3.9062500e+01
   1.1626707e+07   6.5795898e+01
   1.1626737e+07   3.7536621e+01
   1.1626750e+07   3.9245605e+01
   1.1626803e+07   5.6335449e+01
   1.1626815e+07   7.1166992e+01
   1.1626932e+07   6.7749023e+01
   1.1626990e+07   4.0893555e+01
   1.1627041e+07   3.6865234e+01
   1.1627058e+07   5.3222656e+01
   1.1627130e+07   4.6569824e+01
   1.1627194e+07   4.0344238e+01
   1.1627273e+07   5.4321289e+01
   1.1627332e+07   4.5410156e+01
   1.1627357e+07   4.3884277e+01
   1.1627401e+07   3.8513184e+01
   1.1627606e+07   6.2011719e+01
   1.1627753e+07   5.4626465e+01
   1.1648404e+07   3.7597656e+01
   1.1659961e+07   3.9733887e+01
   1.1702202e+07   3.7841797e+01
   1.1815486e+07   5.5847168e+01
   1.1815561e+07   4.1015625e+01
   1.1815582e+07   6.9335938e+01
   1.1815598e+07   5.8959961e+01
   1.1815616e+07   4.5349121e+01
   1.1815642e+07   5.5297852e+01
   1.1815656e+07   6.2683105e+01
   1.1815686e+07   5.0415039e+01
   1.1815715e+07   5.5847168e+01
   1.1815737e+07   6.4392090e+01
   1.1815755e+07   4.6020508e+01
   1.1815767e+07   4.6508789e+01
   1.1815782e+07   4.6020508e+01
   1.1815804e+07   6.2377930e+01
   1.1815836e+07   3.7963867e+01
   1.1815852e+07   3.8696289e+01
   1.1815876e+07   4.3945312e+01
   1.1815888e+07   4.4372559e+01
   1.1815926e+07   5.0048828e+01
   1.1815951e+07   5.4321289e+01
   1.1815981e+07   3.8391113e+01
   1.1816012e+07   5.6884766e+01
   1.1816057e+07   4.8156738e+01
   1.1816095e+07   4.2907715e+01
   1.1816122e+07   4.2968750e+01
   1.1816139e+07   4.2175293e+01
   1.1816159e+07   4.2968750e+01
   1.1816213e+07   4.9316406e+01
   1.1816235e+07   5.9448242e+01
   1.1816276e+07   4.9072266e+01
   1.1816294e+07   3.8330078e+01
   1.1816337e+07   5.7006836e+01
   1.1816439e+07   4.0405273e+01
   1.1816462e+07   5.2062988e+01
   1.1816636e+07   5.3344727e+01
   1.1816684e+07   3.9367676e+01
   1.1816857e+07   5.2368164e+01
   1.1817048e+07   3.6926270e+01
   1.1817090e+07   4.4189453e+01
   1.1817112e+07   6.0974121e+01
   1.1818212e+07   3.6499023e+01
   1.1840186e+07   3.6926270e+01
   1.1878055e+07   3.7170410e+01
   1.1952981e+07   3.7414551e+01
