   9.5960000e+06   0.0000000e+00
   2.0782700e+05   1.8981934e+01
   2.0785800e+05   1.3916016e+01
   2.0787700e+05   1.2756348e+01
   1.2927460e+06   1.0314941e+01
   1.3232010e+06   1.1535645e+01
   1.3579570e+06   1.0437012e+01
   2.4048680e+06   1.0375977e+01
   2.8207510e+06   1.0314941e+01
   3.0218190e+06   1.0253906e+01
   3.7110780e+06   1.0620117e+01
   5.0058650e+06   1.1108398e+01
   5.6152440e+06   1.0559082e+01
   6.0152260e+06   1.0620117e+01
   6.2038100e+06   1.0803223e+01
   7.3007780e+06   1.0620117e+01
   7.6781220e+06   1.0437012e+01
   7.9627540e+06   1.0620117e+01
   8.2225660e+06   1.0314941e+01
