   1.1996000e+07   0.0000000e+00
   4.2232000e+05   1.1474609e+01
   1.8807360e+06   1.1962891e+01
   1.9975660e+06   1.1657715e+01
   3.7906440e+06   1.1779785e+01
   4.7808110e+06   1.1718750e+01
   5.2418080e+06   1.1596680e+01
   6.6377060e+06   1.1596680e+01
   7.2201890e+06   1.1535645e+01
   7.2702540e+06   1.1718750e+01
   7.3528900e+06   1.1474609e+01
   8.1675930e+06   1.1352539e+01
   9.3566320e+06   1.1718750e+01
   9.5502900e+06   1.1657715e+01
   1.1064408e+07   1.1413574e+01
   1.1637672e+07   1.1657715e+01
