   1.1996000e+07   0.0000000e+00
   1.1726190e+06   1.1596680e+01
   1.3943960e+06   1.1352539e+01
   2.2181320e+06   1.2145996e+01
   2.2183540e+06   1.1901855e+01
   3.6707040e+06   1.1230469e+01
   3.7529070e+06   1.1108398e+01
   4.2887250e+06   1.1840820e+01
   4.3074550e+06   1.1047363e+01
   4.5062070e+06   1.1047363e+01
   4.9363440e+06   1.1230469e+01
   5.2969750e+06   1.1169434e+01
   5.5480810e+06   1.1596680e+01
   5.7683130e+06   1.1413574e+01
   7.4680230e+06   1.1352539e+01
   7.9547900e+06   1.1596680e+01
   8.3543060e+06   1.1962891e+01
   9.7859830e+06   1.1352539e+01
   1.0301151e+07   1.1718750e+01
