   8.9970000e+06   0.0000000e+00
   7.9815800e+05   5.9814453e+01
   7.9842000e+05   6.3293457e+01
   7.9851900e+05   5.0598145e+01
   7.9865200e+05   3.6804199e+01
   7.9868800e+05   4.9072266e+01
   7.9881800e+05   4.6936035e+01
   7.9890700e+05   4.2724609e+01
   7.9899400e+05   4.2114258e+01
   7.9901200e+05   3.8757324e+01
   7.9904200e+05   4.2114258e+01
   7.9907900e+05   4.3579102e+01
   7.9914500e+05   5.1086426e+01
   7.9922400e+05   4.9011230e+01
   8.0093700e+05   3.7780762e+01
   8.0125600e+05   3.7963867e+01
   8.0242200e+05   3.6804199e+01
   8.0360800e+05   4.0466309e+01
   8.0423200e+05   4.3823242e+01
   1.5012270e+06   5.8898926e+01
   1.5170510e+06   5.7067871e+01
   1.5174460e+06   6.2622070e+01
   1.5175420e+06   5.5725098e+01
   1.5177200e+06   5.7983398e+01
   1.5177940e+06   3.7963867e+01
   1.5179310e+06   4.3823242e+01
   1.5180550e+06   3.7292480e+01
   1.5181210e+06   3.8146973e+01
   1.5182510e+06   4.2846680e+01
   1.5184240e+06   3.8940430e+01
   1.5184630e+06   3.8757324e+01
   1.5184760e+06   3.8330078e+01
   1.5184870e+06   3.6071777e+01
   1.5185470e+06   6.4819336e+01
   1.5186430e+06   4.0466309e+01
   1.5187490e+06   4.0222168e+01
   1.5201590e+06   4.8278809e+01
   1.5205730e+06   4.7973633e+01
   1.5228880e+06   4.5715332e+01
   1.7034040e+06   5.7128906e+01
   1.7036700e+06   3.5888672e+01
   1.7036960e+06   5.7678223e+01
   1.7039090e+06   6.7321777e+01
   1.7040730e+06   5.8410645e+01
   1.7042220e+06   4.8706055e+01
   1.7042930e+06   3.5949707e+01
   1.7047590e+06   3.6193848e+01
   1.7050040e+06   4.1381836e+01
   1.7051670e+06   4.5532227e+01
   1.7052600e+06   4.2358398e+01
   1.7064270e+06   4.4921875e+01
   1.7065850e+06   3.7658691e+01
   1.7066170e+06   4.3640137e+01
   1.7066400e+06   3.7658691e+01
   1.7066780e+06   4.4982910e+01
   1.7067660e+06   4.0893555e+01
   1.7068020e+06   4.5776367e+01
   1.7091410e+06   4.0954590e+01
   2.6452040e+06   7.5805664e+01
   2.6454370e+06   6.2927246e+01
   2.6456200e+06   6.4453125e+01
   2.6458260e+06   7.0434570e+01
   2.6459250e+06   4.6081543e+01
   2.6460880e+06   4.8217773e+01
   2.6461690e+06   3.8146973e+01
   2.6465570e+06   4.6875000e+01
   2.6465890e+06   4.3029785e+01
   2.6466560e+06   4.9438477e+01
   2.6467640e+06   4.3395996e+01
   2.6467780e+06   4.0527344e+01
   2.6484730e+06   4.8583984e+01
   2.6489980e+06   4.4494629e+01
   2.6499730e+06   4.0100098e+01
   2.6504960e+06   3.6254883e+01
   3.2344020e+06   6.2438965e+01
   3.2350600e+06   6.0424805e+01
   3.2352020e+06   5.3771973e+01
   4.0263160e+06   7.0251465e+01
   4.0268490e+06   6.1340332e+01
   4.0270240e+06   6.8298340e+01
   4.0272240e+06   6.7260742e+01
   5.0664850e+06   3.6437988e+01
   5.6231450e+06   4.9621582e+01
   5.6234820e+06   6.1218262e+01
   6.2044260e+06   4.5227051e+01
   7.9245810e+06   7.4218750e+01
   8.1804130e+06   3.6193848e+01
