   8.9970000e+06   0.0000000e+00
   2.4951300e+05   3.4912109e+01
   2.4962700e+05   3.6193848e+01
   2.9958400e+05   3.3325195e+01
   3.6732700e+05   3.5583496e+01
   3.6756200e+05   3.5949707e+01
   3.6761600e+05   3.2653809e+01
   5.9266300e+05   4.6875000e+01
   5.9273400e+05   3.4118652e+01
   5.9282900e+05   3.3142090e+01
   9.7706000e+05   3.4362793e+01
   9.7708500e+05   3.5949707e+01
   9.7714700e+05   3.8818359e+01
   1.8293420e+06   3.5766602e+01
   1.8293520e+06   3.5827637e+01
   1.8293760e+06   3.7841797e+01
   1.8294000e+06   3.2958984e+01
   1.8542710e+06   3.2287598e+01
   1.8543040e+06   3.4240723e+01
   1.8550810e+06   3.4973145e+01
   2.3436990e+06   3.2226562e+01
   2.3437110e+06   5.1696777e+01
   2.8954350e+06   3.7292480e+01
   2.8954480e+06   4.3334961e+01
   2.8955320e+06   3.2287598e+01
   3.0264790e+06   3.5400391e+01
   3.0976090e+06   3.6865234e+01
   3.3889660e+06   3.5949707e+01
   3.6392100e+06   3.3203125e+01
   3.6392280e+06   3.2470703e+01
   3.6392670e+06   3.8024902e+01
   3.6392950e+06   4.2419434e+01
   3.6393190e+06   3.9550781e+01
   3.6394620e+06   3.2714844e+01
   3.6402610e+06   3.2226562e+01
   3.7133960e+06   3.8024902e+01
   3.7134440e+06   3.2470703e+01
   3.7134750e+06   3.5827637e+01
   3.7136340e+06   3.2104492e+01
   4.0694250e+06   3.6926270e+01
   4.0694760e+06   4.0649414e+01
   4.0695110e+06   3.6010742e+01
   4.0695620e+06   3.3142090e+01
   4.3835220e+06   6.0913086e+01
   4.7603510e+06   3.4667969e+01
   4.7604040e+06   3.9733887e+01
   4.7604580e+06   3.4973145e+01
   5.2952980e+06   3.4973145e+01
   5.2953330e+06   4.2785645e+01
   5.2954030e+06   3.2287598e+01
   5.2954700e+06   3.4484863e+01
   5.6421440e+06   3.1982422e+01
   5.6422390e+06   3.3935547e+01
   5.6422690e+06   3.2897949e+01
   5.6423280e+06   3.3203125e+01
   5.6425520e+06   3.3569336e+01
   5.6808040e+06   3.3935547e+01
   6.3511500e+06   3.5766602e+01
   6.7628790e+06   3.3325195e+01
   6.7629660e+06   3.3935547e+01
   6.7630310e+06   3.9001465e+01
   6.7908100e+06   3.4973145e+01
   6.7908770e+06   3.5217285e+01
   6.7909190e+06   3.4362793e+01
   6.7909310e+06   3.5339355e+01
   6.7911590e+06   3.2958984e+01
   7.3603900e+06   3.4851074e+01
   7.4998380e+06   3.4667969e+01
   7.4998880e+06   4.1503906e+01
   7.4999010e+06   3.3691406e+01
   7.4999690e+06   3.9489746e+01
   8.3456200e+06   3.9978027e+01
   8.3457170e+06   4.0893555e+01
   8.3458150e+06   3.2409668e+01
   8.3459500e+06   3.3813477e+01
   8.3929030e+06   3.4912109e+01
   8.3929310e+06   3.3447266e+01
   8.3930000e+06   3.2104492e+01
   8.3930320e+06   3.2897949e+01
   8.3930640e+06   3.3813477e+01
